,Afzet,BedrijfstakkenBranchesSBI2008,ID,OntwikkelingTOV1JaarEerder_2,OntwikkelingTOV1MaandEerder_3,Perioden,ProducentenprijsindexPPI_1
64454,A5,305700,64454,6.17692307692,2.8,1981MM01,51.3
64455,A5,305700,64455,6.05384615385,1.8,1981MM02,52.2
64456,A5,305700,64456,5.93076923077,0.6,1981MM03,52.5
64457,A5,305700,64457,5.80769230769,0.8,1981MM04,52.9
64458,A5,305700,64458,5.68461538462,0.7,1981MM05,53.3
64459,A5,305700,64459,5.56153846154,1.6,1981MM06,54.2
64460,A5,305700,64460,5.43846153846,0.6,1981MM07,54.5
64461,A5,305700,64461,5.31538461538,-0.3,1981MM08,54.3
64462,A5,305700,64462,5.19230769231,-2.1,1981MM09,53.2
64463,A5,305700,64463,5.06923076923,-0.5,1981MM10,53.0
64464,A5,305700,64464,4.94615384615,-0.6,1981MM11,52.6
64465,A5,305700,64465,4.82307692308,-0.3,1981MM12,52.5
64467,A5,305700,64467,4.7,2.2,1982MM01,53.7
64468,A5,305700,64468,3.3,0.4,1982MM02,53.9
64469,A5,305700,64469,4.0,1.4,1982MM03,54.6
64470,A5,305700,64470,4.2,1.0,1982MM04,55.1
64471,A5,305700,64471,3.9,0.4,1982MM05,55.4
64472,A5,305700,64472,1.7,-0.5,1982MM06,55.1
64473,A5,305700,64473,0.9,-0.2,1982MM07,55.0
64474,A5,305700,64474,0.5,-0.7,1982MM08,54.6
64475,A5,305700,64475,0.6,-2.0,1982MM09,53.6
64476,A5,305700,64476,0.6,-0.5,1982MM10,53.3
64477,A5,305700,64477,1.3,0.1,1982MM11,53.3
64478,A5,305700,64478,1.8,0.3,1982MM12,53.4
64480,A5,305700,64480,1.2,1.6,1983MM01,54.3
64481,A5,305700,64481,0.4,-0.3,1983MM02,54.1
64482,A5,305700,64482,-0.9,0.0,1983MM03,54.1
64483,A5,305700,64483,-1.5,0.4,1983MM04,54.3
64484,A5,305700,64484,-1.7,0.2,1983MM05,54.5
64485,A5,305700,64485,0.4,1.6,1983MM06,55.3
64486,A5,305700,64486,0.1,-0.4,1983MM07,55.1
64487,A5,305700,64487,3.4,2.6,1983MM08,56.5
64488,A5,305700,64488,10.6,4.8,1983MM09,59.2
64489,A5,305700,64489,11.6,0.4,1983MM10,59.5
64490,A5,305700,64490,12.5,0.8,1983MM11,59.9
64491,A5,305700,64491,13.9,1.5,1983MM12,60.9
64493,A5,305700,64493,14.5,2.2,1984MM01,62.2
64494,A5,305700,64494,17.3,2.1,1984MM02,63.5
64495,A5,305700,64495,18.0,0.6,1984MM03,63.9
64496,A5,305700,64496,18.9,1.1,1984MM04,64.6
64497,A5,305700,64497,18.3,-0.2,1984MM05,64.4
64498,A5,305700,64498,17.6,1.0,1984MM06,65.0
64499,A5,305700,64499,17.7,-0.3,1984MM07,64.8
64500,A5,305700,64500,9.3,-4.7,1984MM08,61.8
64501,A5,305700,64501,1.9,-2.4,1984MM09,60.3
64502,A5,305700,64502,1.6,0.2,1984MM10,60.4
64503,A5,305700,64503,-0.3,-1.1,1984MM11,59.8
64504,A5,305700,64504,-2.2,-0.4,1984MM12,59.5
64506,A5,305700,64506,-3.1,1.2,1985MM01,60.3
64507,A5,305700,64507,-9.6,-4.8,1985MM02,57.4
64508,A5,305700,64508,-9.1,1.1,1985MM03,58.0
64509,A5,305700,64509,-9.6,0.6,1985MM04,58.4
64510,A5,305700,64510,-4.0,6.0,1985MM05,61.9
64511,A5,305700,64511,-3.3,1.7,1985MM06,62.9
64512,A5,305700,64512,-6.0,-3.1,1985MM07,60.9
64513,A5,305700,64513,2.5,3.9,1985MM08,63.3
64514,A5,305700,64514,1.5,-3.3,1985MM09,61.2
64515,A5,305700,64515,3.1,1.8,1985MM10,62.3
64516,A5,305700,64516,-0.9,-4.9,1985MM11,59.2
64517,A5,305700,64517,-6.2,-5.7,1985MM12,55.9
64519,A5,305700,64519,-10.4,-3.4,1986MM01,54.0
64520,A5,305700,64520,-24.9,-20.1,1986MM02,43.1
64521,A5,305700,64521,-8.2,23.6,1986MM03,53.3
64522,A5,305700,64522,-10.8,-2.4,1986MM04,52.0
64523,A5,305700,64523,-17.2,-1.6,1986MM05,51.2
64524,A5,305700,64524,-21.7,-3.9,1986MM06,49.3
64525,A5,305700,64525,-15.8,4.1,1986MM07,51.3
64526,A5,305700,64526,-23.1,-5.1,1986MM08,48.7
64527,A5,305700,64527,-28.2,-9.7,1986MM09,43.9
64528,A5,305700,64528,-29.1,0.5,1986MM10,44.2
64529,A5,305700,64529,-39.9,-19.4,1986MM11,35.6
64530,A5,305700,64530,-43.0,-10.5,1986MM12,31.9
64532,A5,305700,64532,-46.5,-9.4,1987MM01,28.9
64533,A5,305700,64533,-35.7,-4.0,1987MM02,27.7
64534,A5,305700,64534,-48.4,-0.8,1987MM03,27.5
64535,A5,305700,64535,-52.4,-9.9,1987MM04,24.8
64536,A5,305700,64536,-52.5,-1.9,1987MM05,24.3
64537,A5,305700,64537,-50.5,0.3,1987MM06,24.4
64538,A5,305700,64538,-49.6,6.0,1987MM07,25.9
64539,A5,305700,64539,-45.6,2.4,1987MM08,26.5
64540,A5,305700,64540,-31.5,13.6,1987MM09,30.1
64541,A5,305700,64541,-29.7,3.2,1987MM10,31.1
64542,A5,305700,64542,-10.1,3.0,1987MM11,32.0
64543,A5,305700,64543,-4.8,-5.3,1987MM12,30.3
64545,A5,305700,64545,-2.4,-7.0,1988MM01,28.2
64546,A5,305700,64546,-2.1,-3.7,1988MM02,27.1
64547,A5,305700,64547,-2.7,-1.5,1988MM03,26.7
64548,A5,305700,64548,3.5,-4.1,1988MM04,25.6
64549,A5,305700,64549,5.4,0.0,1988MM05,25.6
64550,A5,305700,64550,3.9,-1.1,1988MM06,25.4
64551,A5,305700,64551,-1.2,0.7,1988MM07,25.5
64552,A5,305700,64552,-1.7,1.8,1988MM08,26.0
64553,A5,305700,64553,-9.1,5.1,1988MM09,27.3
64554,A5,305700,64554,-17.8,-6.6,1988MM10,25.5
64555,A5,305700,64555,-12.4,9.7,1988MM11,28.0
64556,A5,305700,64556,-6.0,1.7,1988MM12,28.5
64558,A5,305700,64558,-18.2,-19.1,1989MM01,23.1
64559,A5,305700,64559,-14.5,0.6,1989MM02,23.2
64560,A5,305700,64560,-17.6,-5.0,1989MM03,22.0
64561,A5,305700,64561,-15.5,-1.6,1989MM04,21.7
64562,A5,305700,64562,0.9,19.3,1989MM05,25.9
64563,A5,305700,64563,-10.6,-12.3,1989MM06,22.7
64564,A5,305700,64564,-8.8,2.8,1989MM07,23.3
64565,A5,305700,64565,-8.1,2.6,1989MM08,23.9
64566,A5,305700,64566,-9.0,4.0,1989MM09,24.9
64567,A5,305700,64567,6.7,9.6,1989MM10,27.3
64568,A5,305700,64568,12.9,16.0,1989MM11,31.6
64569,A5,305700,64569,11.5,0.6,1989MM12,31.8
64571,A5,305700,64571,38.0,0.1,1990MM01,31.8
64572,A5,305700,64572,34.4,-2.1,1990MM02,31.2
64573,A5,305700,64573,48.0,4.6,1990MM03,32.6
64574,A5,305700,64574,53.4,2.0,1990MM04,33.3
64575,A5,305700,64575,34.6,4.7,1990MM05,34.8
64576,A5,305700,64576,57.7,2.7,1990MM06,35.8
64577,A5,305700,64577,61.5,5.3,1990MM07,37.6
64578,A5,305700,64578,53.3,-2.7,1990MM08,36.6
64579,A5,305700,64579,47.9,0.4,1990MM09,36.8
64580,A5,305700,64580,20.6,-10.6,1990MM10,32.9
64581,A5,305700,64581,2.4,-1.5,1990MM11,32.4
64582,A5,305700,64582,2.4,0.5,1990MM12,32.6
64584,A5,305700,64584,4.2,1.8,1991MM01,33.2
64585,A5,305700,64585,23.4,16.0,1991MM02,38.5
64586,A5,305700,64586,8.8,-7.8,1991MM03,35.5
64587,A5,305700,64587,12.2,5.1,1991MM04,37.3
64588,A5,305700,64588,10.8,3.5,1991MM05,38.6
64589,A5,305700,64589,13.5,5.1,1991MM06,40.6
64590,A5,305700,64590,10.2,2.3,1991MM07,41.5
64591,A5,305700,64591,14.3,1.0,1991MM08,41.9
64592,A5,305700,64592,6.8,-6.2,1991MM09,39.3
64593,A5,305700,64593,21.8,1.9,1991MM10,40.0
64594,A5,305700,64594,24.9,1.1,1991MM11,40.5
64595,A5,305700,64595,8.8,-12.4,1991MM12,35.4
64597,A5,305700,64597,-1.0,-7.4,1992MM01,32.8
64598,A5,305700,64598,-16.5,-2.2,1992MM02,32.1
64599,A5,305700,64599,-5.8,4.1,1992MM03,33.4
64600,A5,305700,64600,-12.2,-2.0,1992MM04,32.8
64601,A5,305700,64601,-14.8,0.4,1992MM05,32.9
64602,A5,305700,64602,-19.5,-0.7,1992MM06,32.7
64603,A5,305700,64603,-20.7,0.7,1992MM07,32.9
64604,A5,305700,64604,-20.1,1.8,1992MM08,33.5
64605,A5,305700,64605,-8.7,7.2,1992MM09,35.9
64606,A5,305700,64606,-8.4,2.1,1992MM10,36.7
64607,A5,305700,64607,-7.8,1.8,1992MM11,37.3
64608,A5,305700,64608,-2.6,-7.5,1992MM12,34.5
64610,A5,305700,64610,-6.5,-11.1,1993MM01,30.7
64611,A5,305700,64611,-5.9,-1.5,1993MM02,30.2
64612,A5,305700,64612,-8.4,1.3,1993MM03,30.6
64613,A5,305700,64613,-1.0,5.9,1993MM04,32.4
64614,A5,305700,64614,-8.2,-6.9,1993MM05,30.2
64615,A5,305700,64615,-7.8,-0.2,1993MM06,30.1
64616,A5,305700,64616,-4.0,4.8,1993MM07,31.6
64617,A5,305700,64617,-5.4,0.3,1993MM08,31.7
64618,A5,305700,64618,-5.6,6.9,1993MM09,33.9
64619,A5,305700,64619,-1.8,6.3,1993MM10,36.0
64620,A5,305700,64620,1.6,5.3,1993MM11,37.9
64621,A5,305700,64621,9.1,-0.6,1993MM12,37.7
64623,A5,305700,64623,8.3,-11.8,1994MM01,33.2
64624,A5,305700,64624,5.6,-4.0,1994MM02,31.9
64625,A5,305700,64625,0.6,-3.5,1994MM03,30.8
64626,A5,305700,64626,-6.1,-1.1,1994MM04,30.4
64627,A5,305700,64627,6.6,5.7,1994MM05,32.2
64628,A5,305700,64628,-0.7,-7.0,1994MM06,29.9
64629,A5,305700,64629,-5.3,0.0,1994MM07,29.9
64630,A5,305700,64630,-3.9,1.8,1994MM08,30.5
64631,A5,305700,64631,-10.3,-0.2,1994MM09,30.4
64632,A5,305700,64632,-10.0,6.6,1994MM10,32.4
64633,A5,305700,64633,-11.1,4.1,1994MM11,33.7
64634,A5,305700,64634,-9.7,0.9,1994MM12,34.0
64636,A5,305700,64636,-1.2,-3.5,1995MM01,32.8
64637,A5,305700,64637,3.2,0.3,1995MM02,32.9
64638,A5,305700,64638,3.4,-3.4,1995MM03,31.8
64639,A5,305700,64639,5.6,0.9,1995MM04,32.1
64640,A5,305700,64640,-5.1,-5.0,1995MM05,30.5
64641,A5,305700,64641,1.0,-1.1,1995MM06,30.2
64642,A5,305700,64642,16.9,15.8,1995MM07,35.0
64643,A5,305700,64643,8.0,-6.0,1995MM08,32.9
64644,A5,305700,64644,0.1,-7.5,1995MM09,30.4
64645,A5,305700,64645,-11.5,-5.8,1995MM10,28.7
64646,A5,305700,64646,-14.8,0.2,1995MM11,28.7
64647,A5,305700,64647,-16.9,-1.6,1995MM12,28.3
64649,A5,305700,64649,-10.9,3.5,1996MM01,29.3
64650,A5,305700,64650,-10.5,0.8,1996MM02,29.5
64651,A5,305700,64651,-5.0,2.5,1996MM03,30.2
64652,A5,305700,64652,-2.3,3.9,1996MM04,31.4
64653,A5,305700,64653,4.7,1.8,1996MM05,32.0
64654,A5,305700,64654,10.3,4.3,1996MM06,33.3
64655,A5,305700,64655,-2.5,2.3,1996MM07,34.1
64656,A5,305700,64656,8.9,5.0,1996MM08,35.8
64657,A5,305700,64657,16.5,-1.0,1996MM09,35.5
64658,A5,305700,64658,19.4,-3.5,1996MM10,34.2
64659,A5,305700,64659,21.7,2.2,1996MM11,35.0
64660,A5,305700,64660,25.7,1.6,1996MM12,35.5
64662,A5,305700,64662,23.8,2.0,1997MM01,36.2
64663,A5,305700,64663,25.2,1.9,1997MM02,36.9
64664,A5,305700,64664,22.9,0.6,1997MM03,37.2
64665,A5,305700,64665,20.6,2.0,1997MM04,37.9
64666,A5,305700,64666,18.5,-0.1,1997MM05,37.9
64667,A5,305700,64667,12.6,-0.9,1997MM06,37.5
64668,A5,305700,64668,8.7,-1.2,1997MM07,37.1
64669,A5,305700,64669,1.8,-1.6,1997MM08,36.5
64670,A5,305700,64670,1.0,-1.8,1997MM09,35.8
64671,A5,305700,64671,3.7,-0.9,1997MM10,35.5
64672,A5,305700,64672,-0.1,-1.7,1997MM11,34.9
64673,A5,305700,64673,-1.4,0.3,1997MM12,35.0
64675,A5,305700,64675,-3.4,-0.1,1998MM01,35.0
64676,A5,305700,64676,-4.8,0.5,1998MM02,35.2
64677,A5,305700,64677,-5.9,-0.5,1998MM03,35.0
64678,A5,305700,64678,-9.4,-1.8,1998MM04,34.3
64679,A5,305700,64679,-9.3,0.0,1998MM05,34.3
64680,A5,305700,64680,-12.0,-3.8,1998MM06,33.0
64681,A5,305700,64681,-13.3,-2.7,1998MM07,32.2
64682,A5,305700,64682,-15.0,-3.6,1998MM08,31.0
64683,A5,305700,64683,-17.5,-4.7,1998MM09,29.5
64684,A5,305700,64684,-20.3,-4.2,1998MM10,28.3
64685,A5,305700,64685,-21.2,-2.7,1998MM11,27.5
64686,A5,305700,64686,-23.3,-2.5,1998MM12,26.8
64688,A5,305700,64688,-24.4,-1.5,1999MM01,26.4
64689,A5,305700,64689,-25.1,-0.3,1999MM02,26.3
64690,A5,305700,64690,-26.5,-2.5,1999MM03,25.7
64691,A5,305700,64691,-24.2,1.2,1999MM04,26.0
64692,A5,305700,64692,-24.1,0.2,1999MM05,26.1
64693,A5,305700,64693,-19.5,2.0,1999MM06,26.6
64694,A5,305700,64694,-15.3,2.4,1999MM07,27.2
64695,A5,305700,64695,-9.2,3.4,1999MM08,28.1
64696,A5,305700,64696,-1.1,3.8,1999MM09,29.2
64697,A5,305700,64697,11.0,7.5,1999MM10,31.4
64698,A5,305700,64698,19.9,5.1,1999MM11,33.0
64699,A5,305700,64699,30.3,6.0,1999MM12,35.0
64701,A5,305700,64701,38.9,5.0,2000MM01,36.7
64702,A5,305700,64702,46.0,4.8,2000MM02,38.4
64703,A5,305700,64703,55.9,4.2,2000MM03,40.1
64704,A5,305700,64704,72.0,11.7,2000MM04,44.7
64705,A5,305700,64705,83.7,7.0,2000MM05,47.9
64706,A5,305700,64706,90.1,5.5,2000MM06,50.5
64707,A5,305700,64707,99.7,7.6,2000MM07,54.4
64708,A5,305700,64708,96.7,1.8,2000MM08,55.4
64709,A5,305700,64709,90.0,0.3,2000MM09,55.5
64710,A5,305700,64710,86.5,5.5,2000MM10,58.6
64711,A5,305700,64711,79.4,1.1,2000MM11,59.2
64712,A5,305700,64712,73.1,2.2,2000MM12,60.5
64714,A5,305700,64714,65.1,0.1,2001MM01,60.6
64715,A5,305700,64715,60.2,1.6,2001MM02,61.6
64716,A5,305700,64716,51.5,-1.5,2001MM03,60.7
64717,A5,305700,64717,34.5,-0.8,2001MM04,60.2
64718,A5,305700,64718,27.7,1.6,2001MM05,61.2
64719,A5,305700,64719,24.2,2.6,2001MM06,62.8
64720,A5,305700,64720,12.2,-2.8,2001MM07,61.0
64721,A5,305700,64721,3.8,-5.8,2001MM08,57.5
64722,A5,305700,64722,-1.1,-4.5,2001MM09,54.9
64723,A5,305700,64723,-6.4,-0.1,2001MM10,54.8
64724,A5,305700,64724,-10.4,-3.2,2001MM11,53.1
64725,A5,305700,64725,-14.4,-2.4,2001MM12,51.8
64727,A5,305700,64727,-17.3,-3.2,2002MM01,50.1
64728,A5,305700,64728,-19.0,-0.4,2002MM02,49.9
64729,A5,305700,64729,-18.4,-0.8,2002MM03,49.5
64730,A5,305700,64730,-18.1,-0.4,2002MM04,49.3
64731,A5,305700,64731,-19.6,-0.1,2002MM05,49.2
64732,A5,305700,64732,-20.7,1.1,2002MM06,49.8
64733,A5,305700,64733,-21.1,-3.2,2002MM07,48.2
64734,A5,305700,64734,-13.9,2.8,2002MM08,49.5
64735,A5,305700,64735,-10.4,-0.7,2002MM09,49.1
64736,A5,305700,64736,-8.4,2.1,2002MM10,50.2
64737,A5,305700,64737,-2.9,2.7,2002MM11,51.5
64738,A5,305700,64738,0.0,0.6,2002MM12,51.8
64740,A5,305700,64740,2.7,-0.7,2003MM01,51.5
64741,A5,305700,64741,3.8,0.7,2003MM02,51.8
64742,A5,305700,64742,6.4,1.6,2003MM03,52.7
64743,A5,305700,64743,9.1,2.1,2003MM04,53.8
64744,A5,305700,64744,14.0,4.3,2003MM05,56.1
64745,A5,305700,64745,13.9,1.1,2003MM06,56.7
64746,A5,305700,64746,11.3,-5.4,2003MM07,53.6
64747,A5,305700,64747,7.1,-1.2,2003MM08,53.0
64748,A5,305700,64748,4.9,-2.7,2003MM09,51.6
64749,A5,305700,64749,0.1,-2.6,2003MM10,50.2
64750,A5,305700,64750,-6.3,-3.9,2003MM11,48.3
64751,A5,305700,64751,-5.5,1.4,2003MM12,49.0
64753,A5,305700,64753,-8.6,-3.9,2004MM01,47.1
64754,A5,305700,64754,-7.9,1.5,2004MM02,47.7
64755,A5,305700,64755,-8.5,0.9,2004MM03,48.2
64756,A5,305700,64756,-8.6,2.0,2004MM04,49.1
64757,A5,305700,64757,-12.2,0.2,2004MM05,49.2
64758,A5,305700,64758,-11.1,2.4,2004MM06,50.4
64759,A5,305700,64759,-2.4,3.8,2004MM07,52.3
64760,A5,305700,64760,-4.0,-2.7,2004MM08,50.9
64761,A5,305700,64761,-0.2,1.2,2004MM09,51.5
64762,A5,305700,64762,10.1,7.4,2004MM10,55.3
64763,A5,305700,64763,18.0,3.0,2004MM11,57.0
64764,A5,305700,64764,20.5,3.6,2004MM12,59.0
64766,A5,305700,64766,22.5692307692,2.05,2005MM01,60.6
64767,A5,305700,64767,24.6384615385,0.5,2005MM02,60.8
64768,A5,305700,64768,26.7076923077,0.5,2005MM03,61.2
64769,A5,305700,64769,28.7769230769,4.9,2005MM04,64.2
64770,A5,305700,64770,30.8461538462,2.1,2005MM05,65.5
64771,A5,305700,64771,32.9153846154,1.6,2005MM06,66.5
64772,A5,305700,64772,34.9846153846,4.0,2005MM07,69.2
64773,A5,305700,64773,37.0538461538,4.7,2005MM08,72.5
64774,A5,305700,64774,39.1230769231,0.9,2005MM09,73.2
64775,A5,305700,64775,41.1923076923,8.9,2005MM10,79.6
64776,A5,305700,64776,43.2615384615,1.0,2005MM11,80.4
64777,A5,305700,64777,45.3307692308,6.1,2005MM12,85.3
64779,A5,305700,64779,47.4,4.6,2006MM01,89.3
64780,A5,305700,64780,47.6,0.6,2006MM02,89.8
64781,A5,305700,64781,47.5,0.5,2006MM03,90.2
64782,A5,305700,64782,48.7,5.8,2006MM04,95.4
64783,A5,305700,64783,53.7,5.5,2006MM05,100.7
64784,A5,305700,64784,49.1,-1.5,2006MM06,99.2
64785,A5,305700,64785,40.2,-2.1,2006MM07,97.1
64786,A5,305700,64786,34.7,0.6,2006MM08,97.7
64787,A5,305700,64787,34.2,0.5,2006MM09,98.2
64788,A5,305700,64788,23.9,0.5,2006MM10,98.7
64789,A5,305700,64789,18.8,-3.2,2006MM11,95.6
64790,A5,305700,64790,12.0,0.1,2006MM12,95.6
64792,A5,305700,64792,3.7,-3.1,2007MM01,92.6
64793,A5,305700,64793,1.0,-2.0,2007MM02,90.8
64794,A5,305700,64794,0.4,-0.2,2007MM03,90.6
64795,A5,305700,64795,-7.4,-2.5,2007MM04,88.3
64796,A5,305700,64796,-14.6,-2.7,2007MM05,85.9
64797,A5,305700,64797,-11.9,1.8,2007MM06,87.4
64798,A5,305700,64798,-7.5,2.7,2007MM07,89.8
64799,A5,305700,64799,-6.5,1.7,2007MM08,91.3
64800,A5,305700,64800,-9.2,-2.4,2007MM09,89.1
64801,A5,305700,64801,-9.1,0.6,2007MM10,89.7
64802,A5,305700,64802,-5.1,1.1,2007MM11,90.7
64803,A5,305700,64803,-2.5,2.8,2007MM12,93.2
64805,A5,305700,64805,7.0,6.4,2008MM01,99.2
64806,A5,305700,64806,13.2,3.6,2008MM02,102.7
64807,A5,305700,64807,18.1,4.1,2008MM03,107.0
64808,A5,305700,64808,25.3,3.5,2008MM04,110.7
64809,A5,305700,64809,41.8,10.0,2008MM05,121.8
64810,A5,305700,64810,43.1,2.7,2008MM06,125.1
64811,A5,305700,64811,53.4,10.2,2008MM07,137.8
64812,A5,305700,64812,57.8,4.6,2008MM08,144.1
64813,A5,305700,64813,59.0,-1.6,2008MM09,141.8
64814,A5,305700,64814,60.4,1.4,2008MM10,143.8
64815,A5,305700,64815,52.0,-4.2,2008MM11,137.8
64816,A5,305700,64816,41.3,-4.4,2008MM12,131.8
64818,A5,305700,64818,24.6,-6.2,2009MM01,123.6
64819,A5,305700,64819,13.8,-5.4,2009MM02,116.9
64820,A5,305700,64820,4.7,-4.2,2009MM03,112.0
64821,A5,305700,64821,-10.6,-11.6,2009MM04,99.0
64822,A5,305700,64822,-25.6,-8.5,2009MM05,90.6
64823,A5,305700,64823,-30.5,-4.0,2009MM06,86.9
64824,A5,305700,64824,-40.8,-6.2,2009MM07,81.5
64825,A5,305700,64825,-44.6,-2.2,2009MM08,79.8
64826,A5,305700,64826,-44.2,-0.8,2009MM09,79.1
64827,A5,305700,64827,-43.6,2.5,2009MM10,81.1
64828,A5,305700,64828,-40.2,1.6,2009MM11,82.4
64829,A5,305700,64829,-37.3,0.3,2009MM12,82.7
64831,A5,305700,64831,-31.1,3.0,2010MM01,85.1
64832,A5,305700,64832,-25.2,2.8,2010MM02,87.5
64833,A5,305700,64833,-19.7,2.8,2010MM03,89.9
64834,A5,305700,64834,-5.6,3.9,2010MM04,93.4
64835,A5,305700,64835,5.6,2.4,2010MM05,95.6
64836,A5,305700,64836,17.7,7.0,2010MM06,102.3
64837,A5,305700,64837,36.0,8.4,2010MM07,110.9
64838,A5,305700,64838,38.7,-0.3,2010MM08,110.6
64839,A5,305700,64839,35.2,-3.3,2010MM09,107.0
64840,A5,305700,64840,27.6,-3.3,2010MM10,103.5
64841,A5,305700,64841,29.3,3.0,2010MM11,106.6
64842,A5,305700,64842,30.1,0.9,2010MM12,107.6
64844,A5,305700,64844,28.7,1.8,2011MM01,109.6
64845,A5,305700,64845,26.3,0.8,2011MM02,110.5
64846,A5,305700,64846,25.3,2.0,2011MM03,112.6
64847,A5,305700,64847,28.5,6.6,2011MM04,120.1
64848,A5,305700,64848,25.3,-0.2,2011MM05,119.8
64849,A5,305700,64849,19.8,2.2,2011MM06,122.5
64850,A5,305700,64850,11.3,0.7,2011MM07,123.5
64851,A5,305700,64851,10.6,-0.9,2011MM08,122.4
64852,A5,305700,64852,20.4,5.2,2011MM09,128.8
64853,A5,305700,64853,34.8,8.3,2011MM10,139.5
64854,A5,305700,64854,31.0,0.1,2011MM11,139.6
64855,A5,305700,64855,29.8,0.0,2011MM12,139.7
64857,A5,305700,64857,18.7,-6.9,2012MM01,130.0
64858,A5,305700,64858,18.1,0.4,2012MM02,130.5
64859,A5,305700,64859,16.0,0.1,2012MM03,130.6
64860,A5,305700,64860,13.8,4.6,2012MM04,136.7
64861,A5,305700,64861,17.8,3.3,2012MM05,141.2
64862,A5,305700,64862,10.3,-4.3,2012MM06,135.1
64863,A5,305700,64863,9.4,-0.1,2012MM07,135.0
64864,A5,305700,64864,13.5,2.8,2012MM08,138.8
64865,A5,305700,64865,5.6,-2.0,2012MM09,136.0
64866,A5,305700,64866,-0.5,2.1,2012MM10,138.8
64867,A5,305700,64867,4.0,4.7,2012MM11,145.3
64868,A5,305700,64868,-3.5,-7.2,2012MM12,134.8
64870,A5,305700,64870,5.1,1.4,2013MM01,136.7
64871,A5,305700,64871,2.1,-2.5,2013MM02,133.2
64872,A5,305700,64872,0.6,-1.4,2013MM03,131.4
64873,A5,305700,64873,-3.8,0.0,2013MM04,131.5
64874,A5,305700,64874,-7.0,-0.1,2013MM05,131.3
64875,A5,305700,64875,-3.0,-0.1,2013MM06,131.1
64876,A5,305700,64876,-2.2,0.7,2013MM07,132.1
64877,A5,305700,64877,-5.4,-0.6,2013MM08,131.3
64878,A5,305700,64878,-5.8,-2.4,2013MM09,128.1
64879,A5,305700,64879,-6.6,1.2,2013MM10,129.7
64880,A5,305700,64880,-9.6,1.3,2013MM11,131.4
64881,A5,305700,64881,-2.5,0.0,2013MM12,131.4
64883,A5,305700,64883,-3.3,0.6,2014MM01,132.2
64884,A5,305700,64884,-3.6,-2.8,2014MM02,128.5
64885,A5,305700,64885,-7.9,-5.8,2014MM03,121.0
64886,A5,305700,64886,-11.3,-3.6,2014MM04,116.7
64887,A5,305700,64887,-16.7,-6.2,2014MM05,109.4
64888,A5,305700,64888,-18.6,-2.5,2014MM06,106.7
64889,A5,305700,64889,-24.9,-7.0,2014MM07,99.2
64890,A5,305700,64890,-24.7,-0.3,2014MM08,98.9
64891,A5,305700,64891,-19.2,4.7,2014MM09,103.5
64892,A5,305700,64892,-13.1,8.9,2014MM10,112.7
64893,A5,305700,64893,-11.8,2.8,2014MM11,115.9
64894,A5,305700,64894,-11.1,0.8,2014MM12,116.9
64896,A5,305700,64896,-15.4,-4.3,2015MM01,111.8
64897,A5,305700,64897,-18.7,-6.6,2015MM02,104.5
64898,A5,305700,64898,-8.8,5.7,2015MM03,110.4
64899,A5,305700,64899,-7.7,-2.5,2015MM04,107.7
64900,A5,305700,64900,-2.8,-1.3,2015MM05,106.3
64901,A5,305700,64901,-3.3,-3.0,2015MM06,103.2
64902,A5,305700,64902,3.5,-0.5,2015MM07,102.7
64903,A5,305700,64903,5.7,1.8,2015MM08,104.5
64904,A5,305700,64904,-0.2,-1.2,2015MM09,103.3
64905,A5,305700,64905,-16.4,-8.7,2015MM10,94.3
64906,A5,305700,64906,-20.7,-2.4,2015MM11,92.0
64907,A5,305700,64907,-23.1,-2.2,2015MM12,89.9
64909,A5,305700,64909,-23.1,-2.2,2016MM01,89.9
64910,A5,305700,64910,-23.1,-2.2,2016MM02,89.9
64911,A5,305700,64911,-23.1,-2.2,2016MM03,89.9
64912,A5,305700,64912,-23.1,-2.2,2016MM04,89.9
64913,A5,305700,64913,-23.1,-2.2,2016MM05,89.9
64914,A5,305700,64914,-23.1,-2.2,2016MM06,89.9
64915,A5,305700,64915,-23.1,-2.2,2016MM07,89.9
64916,A5,305700,64916,-23.1,-2.2,2016MM08,89.9
64917,A5,305700,64917,-23.1,-2.2,2016MM09,89.9
64918,A5,305700,64918,-23.1,-2.2,2016MM10,89.9
64919,A5,305700,64919,-23.1,-2.2,2016MM11,89.9
64920,A5,305700,64920,-23.1,-2.2,2016MM12,89.9
64922,A5,305700,64922,-23.1,-2.2,2017MM01,89.9
64923,A5,305700,64923,-23.1,-2.2,2017MM02,89.9
64924,A5,305700,64924,-23.1,-2.2,2017MM03,89.9
64925,A5,305700,64925,-23.1,-2.2,2017MM04,89.9
64926,A5,305700,64926,-23.1,-2.2,2017MM05,89.9
64927,A5,305700,64927,-23.1,-2.2,2017MM06,89.9
64928,A5,305700,64928,-23.1,-2.2,2017MM07,89.9
64929,A5,305700,64929,-23.1,-2.2,2017MM08,89.9
64930,A5,305700,64930,-23.1,-2.2,2017MM09,89.9
64931,A5,305700,64931,-23.1,-2.2,2017MM10,89.9
64932,A5,305700,64932,-23.1,-2.2,2017MM11,89.9
64933,A5,305700,64933,-23.1,-2.2,2017MM12,89.9
