,Afzet,BedrijfstakkenBranchesSBI2008,ID,OntwikkelingTOV1JaarEerder_2,OntwikkelingTOV1MaandEerder_3,Perioden,ProducentenprijsindexPPI_1
0,A6,305700,0,,,1981MM01,53.8
1,A6,305700,1,,0.6,1981MM02,54.1
2,A6,305700,2,,0.4,1981MM03,54.3
3,A6,305700,3,,0.0,1981MM04,54.3
4,A6,305700,4,,0.4,1981MM05,54.5
5,A6,305700,5,,1.0,1981MM06,55.0
6,A6,305700,6,,1.0,1981MM07,55.6
7,A6,305700,7,,-0.1,1981MM08,55.5
8,A6,305700,8,,-0.2,1981MM09,55.4
9,A6,305700,9,,-0.1,1981MM10,55.4
10,A6,305700,10,,0.0,1981MM11,55.4
11,A6,305700,11,,0.0,1981MM12,55.4
13,A6,305700,13,7.6,4.5,1982MM01,57.9
14,A6,305700,14,7.8,0.8,1982MM02,58.3
15,A6,305700,15,8.1,0.7,1982MM03,58.7
16,A6,305700,16,9.4,1.2,1982MM04,59.4
17,A6,305700,17,9.4,0.3,1982MM05,59.6
18,A6,305700,18,8.0,-0.3,1982MM06,59.4
19,A6,305700,19,6.5,-0.3,1982MM07,59.2
20,A6,305700,20,6.2,-0.4,1982MM08,58.9
21,A6,305700,21,5.7,-0.6,1982MM09,58.6
22,A6,305700,22,5.7,0.0,1982MM10,58.5
23,A6,305700,23,6.6,0.8,1982MM11,59.0
24,A6,305700,24,6.7,0.2,1982MM12,59.1
26,A6,305700,26,2.5,0.3,1983MM01,59.3
27,A6,305700,27,1.7,-0.1,1983MM02,59.3
28,A6,305700,28,0.9,0.0,1983MM03,59.2
29,A6,305700,29,-0.3,0.0,1983MM04,59.2
30,A6,305700,30,-0.4,0.2,1983MM05,59.3
31,A6,305700,31,0.5,0.5,1983MM06,59.7
32,A6,305700,32,1.1,0.3,1983MM07,59.8
33,A6,305700,33,2.9,1.4,1983MM08,60.7
34,A6,305700,34,5.5,1.8,1983MM09,61.8
35,A6,305700,35,5.6,0.1,1983MM10,61.8
36,A6,305700,36,5.5,0.7,1983MM11,62.3
37,A6,305700,37,6.1,0.7,1983MM12,62.7
39,A6,305700,39,8.6,2.7,1984MM01,64.4
40,A6,305700,40,12.1,3.2,1984MM02,66.5
41,A6,305700,41,12.9,0.6,1984MM03,66.9
42,A6,305700,42,13.4,0.4,1984MM04,67.2
43,A6,305700,43,12.7,-0.5,1984MM05,66.9
44,A6,305700,44,12.4,0.3,1984MM06,67.1
45,A6,305700,45,12.4,0.2,1984MM07,67.2
46,A6,305700,46,8.9,-1.7,1984MM08,66.1
47,A6,305700,47,6.1,-0.8,1984MM09,65.5
48,A6,305700,48,5.7,-0.2,1984MM10,65.4
49,A6,305700,49,4.6,-0.4,1984MM11,65.1
50,A6,305700,50,3.4,-0.5,1984MM12,64.8
52,A6,305700,52,1.2,0.6,1985MM01,65.2
53,A6,305700,53,-1.3,0.7,1985MM02,65.6
54,A6,305700,54,-1.5,0.4,1985MM03,65.9
55,A6,305700,55,1.7,3.6,1985MM04,68.3
56,A6,305700,56,2.9,0.7,1985MM05,68.8
57,A6,305700,57,0.7,-1.8,1985MM06,67.5
58,A6,305700,58,1.0,0.6,1985MM07,67.9
59,A6,305700,59,0.8,-1.9,1985MM08,66.6
60,A6,305700,60,2.4,0.7,1985MM09,67.1
61,A6,305700,61,-4.0,-6.5,1985MM10,62.7
62,A6,305700,62,-6.6,-3.0,1985MM11,60.9
63,A6,305700,63,-7.9,-2.0,1985MM12,59.7
65,A6,305700,65,-12.0,-3.8,1986MM01,57.4
66,A6,305700,66,-14.4,-2.1,1986MM02,56.2
67,A6,305700,67,-15.9,-1.4,1986MM03,55.4
68,A6,305700,68,-23.6,-5.8,1986MM04,52.2
69,A6,305700,69,-22.6,2.0,1986MM05,53.2
70,A6,305700,70,-23.2,-2.6,1986MM06,51.8
71,A6,305700,71,-32.7,-11.9,1986MM07,45.7
72,A6,305700,72,-31.0,0.6,1986MM08,46.0
73,A6,305700,73,-37.6,-8.9,1986MM09,41.9
74,A6,305700,74,-39.2,-9.0,1986MM10,38.1
75,A6,305700,75,-39.7,-3.7,1986MM11,36.7
76,A6,305700,76,-39.4,-1.5,1986MM12,36.2
78,A6,305700,78,-45.5,-13.5,1987MM01,31.3
79,A6,305700,79,-44.9,-1.0,1987MM02,31.0
80,A6,305700,80,-44.0,0.1,1987MM03,31.0
81,A6,305700,81,-36.8,6.3,1987MM04,33.0
82,A6,305700,82,-37.5,0.9,1987MM05,33.3
83,A6,305700,83,-32.4,5.3,1987MM06,35.0
84,A6,305700,84,-21.4,2.5,1987MM07,35.9
85,A6,305700,85,-20.9,1.2,1987MM08,36.4
86,A6,305700,86,-15.3,-2.5,1987MM09,35.5
87,A6,305700,87,-9.8,-3.1,1987MM10,34.4
88,A6,305700,88,-8.2,-1.9,1987MM11,33.7
89,A6,305700,89,-7.6,-0.8,1987MM12,33.4
91,A6,305700,91,2.4,-4.1,1988MM01,32.0
92,A6,305700,92,2.8,-0.6,1988MM02,31.9
93,A6,305700,93,3.0,0.3,1988MM03,32.0
94,A6,305700,94,-4.5,-1.4,1988MM04,31.5
95,A6,305700,95,-3.0,2.4,1988MM05,32.3
96,A6,305700,96,-10.1,-2.3,1988MM06,31.5
97,A6,305700,97,-9.7,2.9,1988MM07,32.4
98,A6,305700,98,-9.8,1.2,1988MM08,32.8
99,A6,305700,99,-15.0,-8.1,1988MM09,30.2
100,A6,305700,100,-12.1,0.1,1988MM10,30.2
101,A6,305700,101,-12.0,-1.8,1988MM11,29.6
102,A6,305700,102,-11.4,-0.1,1988MM12,29.6
104,A6,305700,104,-6.8,0.9,1989MM01,29.9
105,A6,305700,105,-5.3,1.0,1989MM02,30.2
106,A6,305700,106,-4.5,1.1,1989MM03,30.5
107,A6,305700,107,0.0,3.3,1989MM04,31.5
108,A6,305700,108,0.7,3.1,1989MM05,32.5
109,A6,305700,109,8.4,5.1,1989MM06,34.2
110,A6,305700,110,7.0,1.6,1989MM07,34.7
111,A6,305700,111,4.5,-1.2,1989MM08,34.3
112,A6,305700,112,11.1,-2.3,1989MM09,33.5
113,A6,305700,113,9.8,-1.1,1989MM10,33.2
114,A6,305700,114,11.2,-0.6,1989MM11,33.0
115,A6,305700,115,9.8,-1.4,1989MM12,32.5
117,A6,305700,117,16.6,7.1,1990MM01,34.8
118,A6,305700,118,16.1,0.6,1990MM02,35.0
119,A6,305700,119,14.6,-0.3,1990MM03,35.0
120,A6,305700,120,12.3,1.3,1990MM04,35.4
121,A6,305700,121,9.5,0.5,1990MM05,35.6
122,A6,305700,122,5.7,1.5,1990MM06,36.1
123,A6,305700,123,-0.1,-4.0,1990MM07,34.7
124,A6,305700,124,2.4,1.4,1990MM08,35.1
125,A6,305700,125,1.0,-3.7,1990MM09,33.8
126,A6,305700,126,2.1,0.0,1990MM10,33.9
127,A6,305700,127,2.4,-0.3,1990MM11,33.8
128,A6,305700,128,4.4,0.5,1990MM12,33.9
130,A6,305700,130,7.7,10.6,1991MM01,37.5
131,A6,305700,131,8.3,1.2,1991MM02,38.0
132,A6,305700,132,9.9,1.1,1991MM03,38.4
133,A6,305700,133,10.4,1.8,1991MM04,39.1
134,A6,305700,134,11.0,1.1,1991MM05,39.5
135,A6,305700,135,9.8,0.4,1991MM06,39.7
136,A6,305700,136,8.5,-5.1,1991MM07,37.6
137,A6,305700,137,8.0,0.9,1991MM08,37.9
138,A6,305700,138,12.8,0.6,1991MM09,38.2
139,A6,305700,139,5.9,-6.1,1991MM10,35.8
140,A6,305700,140,2.7,-3.2,1991MM11,34.7
141,A6,305700,141,0.8,-1.4,1991MM12,34.2
143,A6,305700,143,-8.0,0.9,1992MM01,34.5
144,A6,305700,144,-8.9,0.2,1992MM02,34.6
145,A6,305700,145,-10.2,-0.3,1992MM03,34.5
146,A6,305700,146,-11.8,-0.1,1992MM04,34.4
147,A6,305700,147,-12.1,0.8,1992MM05,34.7
148,A6,305700,148,-9.8,3.0,1992MM06,35.8
149,A6,305700,149,-5.1,-0.2,1992MM07,35.7
150,A6,305700,150,-5.2,0.7,1992MM08,36.0
151,A6,305700,151,-8.7,-3.1,1992MM09,34.8
152,A6,305700,152,-6.4,-3.8,1992MM10,33.5
153,A6,305700,153,-3.8,-0.5,1992MM11,33.4
154,A6,305700,154,-2.2,0.2,1992MM12,33.4
156,A6,305700,156,-7.5,-4.5,1993MM01,31.9
157,A6,305700,157,-7.4,0.3,1993MM02,32.0
158,A6,305700,158,-5.3,1.9,1993MM03,32.6
159,A6,305700,159,-4.9,0.4,1993MM04,32.8
160,A6,305700,160,-3.2,2.6,1993MM05,33.6
161,A6,305700,161,-3.9,2.3,1993MM06,34.4
162,A6,305700,162,-1.6,2.2,1993MM07,35.1
163,A6,305700,163,-2.9,-0.6,1993MM08,34.9
164,A6,305700,164,-5.5,-5.8,1993MM09,32.9
165,A6,305700,165,-4.1,-2.3,1993MM10,32.2
166,A6,305700,166,-5.4,-1.9,1993MM11,31.6
167,A6,305700,167,-6.3,-0.7,1993MM12,31.3
169,A6,305700,169,-2.1,-0.2,1994MM01,31.3
170,A6,305700,170,-2.2,0.1,1994MM02,31.3
171,A6,305700,171,-3.1,1.0,1994MM03,31.6
172,A6,305700,172,-3.1,0.5,1994MM04,31.8
173,A6,305700,173,-2.2,3.5,1994MM05,32.9
174,A6,305700,174,-1.9,2.7,1994MM06,33.7
175,A6,305700,175,-1.9,2.2,1994MM07,34.5
176,A6,305700,176,-1.6,-0.4,1994MM08,34.3
177,A6,305700,177,-0.6,-4.7,1994MM09,32.7
178,A6,305700,178,-1.4,-3.1,1994MM10,31.7
179,A6,305700,179,2.0,1.5,1994MM11,32.2
180,A6,305700,180,1.4,-1.3,1994MM12,31.8
182,A6,305700,182,5.5,3.8,1995MM01,33.0
183,A6,305700,183,6.9,1.4,1995MM02,33.5
184,A6,305700,184,5.4,-0.4,1995MM03,33.3
185,A6,305700,185,8.4,3.3,1995MM04,34.4
186,A6,305700,186,3.9,-0.8,1995MM05,34.1
187,A6,305700,187,1.1,0.0,1995MM06,34.1
188,A6,305700,188,3.6,4.7,1995MM07,35.7
189,A6,305700,189,2.0,-2.0,1995MM08,35.0
190,A6,305700,190,4.5,-2.4,1995MM09,34.2
191,A6,305700,191,1.8,-5.6,1995MM10,32.3
192,A6,305700,192,0.4,0.2,1995MM11,32.3
193,A6,305700,193,1.5,-0.3,1995MM12,32.2
195,A6,305700,195,-0.2,2.2,1996MM01,32.9
196,A6,305700,196,-1.6,0.0,1996MM02,32.9
197,A6,305700,197,0.3,1.5,1996MM03,33.4
198,A6,305700,198,1.9,5.0,1996MM04,35.1
199,A6,305700,199,2.8,0.0,1996MM05,35.1
200,A6,305700,200,3.8,1.0,1996MM06,35.4
201,A6,305700,201,2.7,3.6,1996MM07,36.7
202,A6,305700,202,6.9,1.9,1996MM08,37.4
203,A6,305700,203,9.9,0.4,1996MM09,37.6
204,A6,305700,204,15.2,-1.0,1996MM10,37.2
205,A6,305700,205,15.3,0.3,1996MM11,37.3
206,A6,305700,206,17.1,1.2,1996MM12,37.7
208,A6,305700,208,19.1,3.9,1997MM01,39.2
209,A6,305700,209,19.5,0.3,1997MM02,39.4
210,A6,305700,210,17.4,-0.3,1997MM03,39.2
211,A6,305700,211,13.6,1.6,1997MM04,39.9
212,A6,305700,212,14.3,0.6,1997MM05,40.1
213,A6,305700,213,12.3,-0.7,1997MM06,39.8
214,A6,305700,214,6.0,-2.2,1997MM07,38.9
215,A6,305700,215,3.6,-0.4,1997MM08,38.8
216,A6,305700,216,2.4,-0.9,1997MM09,38.4
217,A6,305700,217,3.3,-0.1,1997MM10,38.4
218,A6,305700,218,2.5,-0.5,1997MM11,38.2
219,A6,305700,219,0.4,-0.8,1997MM12,37.9
221,A6,305700,221,-1.7,1.7,1998MM01,38.6
222,A6,305700,222,-2.5,-0.4,1998MM02,38.4
223,A6,305700,223,-2.7,-0.5,1998MM03,38.2
224,A6,305700,224,-6.9,-2.8,1998MM04,37.1
225,A6,305700,225,-7.5,-0.1,1998MM05,37.1
226,A6,305700,226,-8.8,-2.1,1998MM06,36.3
227,A6,305700,227,-11.5,-5.2,1998MM07,34.4
228,A6,305700,228,-12.4,-1.4,1998MM08,34.0
229,A6,305700,229,-12.9,-1.4,1998MM09,33.5
230,A6,305700,230,-16.2,-3.9,1998MM10,32.2
231,A6,305700,231,-16.9,-1.3,1998MM11,31.8
232,A6,305700,232,-17.2,-1.3,1998MM12,31.4
234,A6,305700,234,-21.2,-3.1,1999MM01,30.4
235,A6,305700,235,-20.5,0.4,1999MM02,30.5
236,A6,305700,236,-20.3,-0.2,1999MM03,30.5
237,A6,305700,237,-17.3,0.8,1999MM04,30.7
238,A6,305700,238,-17.0,0.3,1999MM05,30.8
239,A6,305700,239,-14.7,0.6,1999MM06,31.0
240,A6,305700,240,-5.3,5.2,1999MM07,32.6
241,A6,305700,241,-2.5,1.6,1999MM08,33.1
242,A6,305700,242,1.0,2.1,1999MM09,33.8
243,A6,305700,243,15.7,10.1,1999MM10,37.2
244,A6,305700,244,20.4,2.8,1999MM11,38.3
245,A6,305700,245,24.9,2.4,1999MM12,39.2
247,A6,305700,247,41.1,9.4,2000MM01,42.9
248,A6,305700,248,43.3,2.0,2000MM02,43.7
249,A6,305700,249,46.1,1.8,2000MM03,44.5
250,A6,305700,250,61.7,11.6,2000MM04,49.7
251,A6,305700,251,68.0,4.2,2000MM05,51.7
252,A6,305700,252,68.7,1.0,2000MM06,52.3
253,A6,305700,253,72.4,7.5,2000MM07,56.2
254,A6,305700,254,72.1,1.4,2000MM08,57.0
255,A6,305700,255,70.5,1.2,2000MM09,57.7
256,A6,305700,256,61.1,4.0,2000MM10,60.0
257,A6,305700,257,57.5,0.5,2000MM11,60.3
258,A6,305700,258,56.0,1.4,2000MM12,61.1
260,A6,305700,260,49.2,4.7,2001MM01,64.0
261,A6,305700,261,50.7,3.0,2001MM02,65.9
262,A6,305700,262,48.3,0.1,2001MM03,66.0
263,A6,305700,263,27.0,-4.4,2001MM04,63.1
264,A6,305700,264,22.9,0.9,2001MM05,63.6
265,A6,305700,265,22.8,1.0,2001MM06,64.2
266,A6,305700,266,12.1,-1.9,2001MM07,63.0
267,A6,305700,267,6.5,-3.7,2001MM08,60.7
268,A6,305700,268,2.8,-2.3,2001MM09,59.3
269,A6,305700,269,-4.0,-2.9,2001MM10,57.6
270,A6,305700,270,-6.3,-1.9,2001MM11,56.5
271,A6,305700,271,-8.7,-1.2,2001MM12,55.8
273,A6,305700,273,-15.3,-2.9,2002MM01,54.2
274,A6,305700,274,-16.7,1.3,2002MM02,54.9
275,A6,305700,275,-17.6,-1.0,2002MM03,54.4
276,A6,305700,276,-13.3,0.6,2002MM04,54.7
277,A6,305700,277,-14.5,-0.6,2002MM05,54.4
278,A6,305700,278,-17.3,-2.3,2002MM06,53.1
279,A6,305700,279,-12.1,4.2,2002MM07,55.4
280,A6,305700,280,-9.0,-0.3,2002MM08,55.2
281,A6,305700,281,-7.4,-0.6,2002MM09,54.9
282,A6,305700,282,-0.5,4.3,2002MM10,57.3
283,A6,305700,283,2.7,1.3,2002MM11,58.0
284,A6,305700,284,6.9,2.8,2002MM12,59.7
286,A6,305700,286,13.8,3.4,2003MM01,61.7
287,A6,305700,287,12.8,0.4,2003MM02,61.9
288,A6,305700,288,13.2,-0.6,2003MM03,61.5
289,A6,305700,289,14.1,1.4,2003MM04,62.4
290,A6,305700,290,16.3,1.4,2003MM05,63.2
291,A6,305700,291,19.4,0.4,2003MM06,63.4
292,A6,305700,292,3.2,-9.9,2003MM07,57.1
293,A6,305700,293,2.5,-0.9,2003MM08,56.6
294,A6,305700,294,1.4,-1.6,2003MM09,55.7
295,A6,305700,295,-2.4,0.4,2003MM10,55.9
296,A6,305700,296,-2.9,0.8,2003MM11,56.4
297,A6,305700,297,-2.3,3.4,2003MM12,58.3
299,A6,305700,299,-7.3,-2.0,2004MM01,57.1
300,A6,305700,300,-7.1,0.7,2004MM02,57.5
301,A6,305700,301,-7.0,-0.5,2004MM03,57.2
302,A6,305700,302,-9.7,-1.6,2004MM04,56.3
303,A6,305700,303,-11.8,-1.0,2004MM05,55.8
304,A6,305700,304,-11.5,0.7,2004MM06,56.1
305,A6,305700,305,0.0,1.8,2004MM07,57.1
306,A6,305700,306,0.4,-0.5,2004MM08,56.8
307,A6,305700,307,3.7,1.6,2004MM09,57.7
308,A6,305700,308,11.3,7.7,2004MM10,62.2
309,A6,305700,309,12.2,1.7,2004MM11,63.3
310,A6,305700,310,9.0,0.5,2004MM12,63.6
312,A6,305700,312,11.4692307692,0.45,2005MM01,68.0
313,A6,305700,313,13.9384615385,0.4,2005MM02,68.3
314,A6,305700,314,16.4076923077,0.7,2005MM03,68.8
315,A6,305700,315,18.8769230769,4.6,2005MM04,71.9
316,A6,305700,316,21.3461538462,-0.4,2005MM05,71.7
317,A6,305700,317,23.8153846154,2.4,2005MM06,73.4
318,A6,305700,318,26.2846153846,4.4,2005MM07,76.6
319,A6,305700,319,28.7538461538,3.0,2005MM08,78.9
320,A6,305700,320,31.2230769231,2.1,2005MM09,80.5
321,A6,305700,321,33.6923076923,7.6,2005MM10,86.7
322,A6,305700,322,36.1615384615,0.4,2005MM11,87.0
323,A6,305700,323,38.6307692308,6.0,2005MM12,92.2
325,A6,305700,325,41.1,4.1,2006MM01,96.0
326,A6,305700,326,40.8,0.2,2006MM02,96.2
327,A6,305700,327,41.4,1.1,2006MM03,97.3
328,A6,305700,328,39.4,3.1,2006MM04,100.3
329,A6,305700,329,45.9,4.2,2006MM05,104.5
330,A6,305700,330,42.1,-0.3,2006MM06,104.2
331,A6,305700,331,35.1,-0.7,2006MM07,103.5
332,A6,305700,332,31.2,0.0,2006MM08,103.5
333,A6,305700,333,29.7,0.9,2006MM09,104.5
334,A6,305700,334,19.8,-0.6,2006MM10,103.9
335,A6,305700,335,18.2,-0.9,2006MM11,102.9
336,A6,305700,336,11.8,0.2,2006MM12,103.2
338,A6,305700,338,8.6,1.1,2007MM01,104.3
339,A6,305700,339,6.6,-1.7,2007MM02,102.5
340,A6,305700,340,5.9,0.5,2007MM03,103.0
341,A6,305700,341,2.1,-0.6,2007MM04,102.4
342,A6,305700,342,-3.4,-1.4,2007MM05,101.0
343,A6,305700,343,-4.9,-1.8,2007MM06,99.1
344,A6,305700,344,0.3,4.8,2007MM07,103.9
345,A6,305700,345,-0.5,-0.8,2007MM08,103.0
346,A6,305700,346,-3.2,-1.8,2007MM09,101.1
347,A6,305700,347,-0.9,1.8,2007MM10,103.0
348,A6,305700,348,0.3,0.2,2007MM11,103.2
349,A6,305700,349,1.2,1.1,2007MM12,104.3
351,A6,305700,351,4.6,4.5,2008MM01,109.1
352,A6,305700,352,9.4,2.8,2008MM02,112.2
353,A6,305700,353,11.5,2.5,2008MM03,114.9
354,A6,305700,354,17.3,4.6,2008MM04,120.2
355,A6,305700,355,26.9,6.6,2008MM05,128.1
356,A6,305700,356,36.2,5.3,2008MM06,135.0
357,A6,305700,357,41.8,9.1,2008MM07,147.3
358,A6,305700,358,45.7,1.9,2008MM08,150.1
359,A6,305700,359,44.3,-2.8,2008MM09,145.9
360,A6,305700,360,44.7,2.2,2008MM10,149.1
361,A6,305700,361,39.2,-3.6,2008MM11,143.7
362,A6,305700,362,37.2,-0.4,2008MM12,143.1
364,A6,305700,364,18.0,-10.1,2009MM01,128.7
365,A6,305700,365,11.5,-2.9,2009MM02,125.0
366,A6,305700,366,4.1,-4.3,2009MM03,119.7
367,A6,305700,367,-15.6,-15.2,2009MM04,101.5
368,A6,305700,368,-25.2,-5.5,2009MM05,95.9
369,A6,305700,369,-31.4,-3.4,2009MM06,92.6
370,A6,305700,370,-41.8,-7.4,2009MM07,85.8
371,A6,305700,371,-44.5,-2.8,2009MM08,83.4
372,A6,305700,372,-42.8,0.2,2009MM09,83.5
373,A6,305700,373,-41.1,5.0,2009MM10,87.7
374,A6,305700,374,-36.9,3.3,2009MM11,90.6
375,A6,305700,375,-37.0,-0.5,2009MM12,90.2
377,A6,305700,377,-31.5,-2.1,2010MM01,88.3
378,A6,305700,378,-27.7,2.5,2010MM02,90.4
379,A6,305700,379,-23.1,1.8,2010MM03,92.0
380,A6,305700,380,-7.3,2.2,2010MM04,94.1
381,A6,305700,381,-1.3,0.6,2010MM05,94.6
382,A6,305700,382,7.8,5.6,2010MM06,99.9
383,A6,305700,383,26.0,8.2,2010MM07,108.1
384,A6,305700,384,30.1,0.3,2010MM08,108.5
385,A6,305700,385,26.9,-2.3,2010MM09,106.0
386,A6,305700,386,20.1,-0.5,2010MM10,105.4
387,A6,305700,387,19.0,2.3,2010MM11,107.8
388,A6,305700,388,16.4,-2.7,2010MM12,104.9
390,A6,305700,390,25.9,5.9,2011MM01,111.1
391,A6,305700,391,23.3,0.4,2011MM02,111.5
392,A6,305700,392,21.9,0.6,2011MM03,112.2
393,A6,305700,393,26.7,6.3,2011MM04,119.2
394,A6,305700,394,25.1,-0.7,2011MM05,118.4
395,A6,305700,395,20.1,1.3,2011MM06,119.9
396,A6,305700,396,12.1,1.0,2011MM07,121.1
397,A6,305700,397,10.4,-1.2,2011MM08,119.7
398,A6,305700,398,17.3,3.9,2011MM09,124.4
399,A6,305700,399,25.7,6.6,2011MM10,132.5
400,A6,305700,400,23.7,0.7,2011MM11,133.4
401,A6,305700,401,26.8,-0.3,2011MM12,133.1
403,A6,305700,403,15.5,-3.6,2012MM01,128.3
404,A6,305700,404,15.3,0.2,2012MM02,128.6
405,A6,305700,405,15.4,0.6,2012MM03,129.4
406,A6,305700,406,12.0,3.2,2012MM04,133.5
407,A6,305700,407,14.5,1.5,2012MM05,135.6
408,A6,305700,408,10.0,-2.7,2012MM06,131.9
409,A6,305700,409,8.1,-0.7,2012MM07,131.0
410,A6,305700,410,11.3,1.7,2012MM08,133.2
411,A6,305700,411,7.0,-0.1,2012MM09,133.1
412,A6,305700,412,2.8,2.4,2012MM10,136.3
413,A6,305700,413,6.1,3.9,2012MM11,141.6
414,A6,305700,414,2.4,-3.8,2012MM12,136.2
416,A6,305700,416,3.9,-2.1,2013MM01,133.4
417,A6,305700,417,1.7,-1.9,2013MM02,130.8
418,A6,305700,418,1.3,0.2,2013MM03,131.1
419,A6,305700,419,-2.4,-0.6,2013MM04,130.3
420,A6,305700,420,-5.0,-1.1,2013MM05,128.8
421,A6,305700,421,-2.8,-0.5,2013MM06,128.2
422,A6,305700,422,-2.2,0.0,2013MM07,128.2
423,A6,305700,423,-4.3,-0.5,2013MM08,127.5
424,A6,305700,424,-5.1,-1.0,2013MM09,126.3
425,A6,305700,425,-6.2,1.2,2013MM10,127.8
426,A6,305700,426,-8.5,1.3,2013MM11,129.5
427,A6,305700,427,-4.3,0.6,2013MM12,130.3
429,A6,305700,429,-2.3,0.0,2014MM01,130.3
430,A6,305700,430,-3.8,-3.3,2014MM02,125.9
431,A6,305700,431,-7.9,-4.1,2014MM03,120.7
432,A6,305700,432,-12.9,-6.0,2014MM04,113.4
433,A6,305700,433,-16.2,-4.9,2014MM05,107.9
434,A6,305700,434,-17.4,-1.9,2014MM06,105.9
435,A6,305700,435,-21.1,-4.5,2014MM07,101.2
436,A6,305700,436,-20.5,0.2,2014MM08,101.4
437,A6,305700,437,-16.3,4.3,2014MM09,105.7
438,A6,305700,438,-11.6,6.8,2014MM10,113.0
439,A6,305700,439,-11.4,1.5,2014MM11,114.7
440,A6,305700,440,-11.5,0.6,2014MM12,115.3
442,A6,305700,442,-17.2,-6.5,2015MM01,107.8
443,A6,305700,443,-17.2,-3.3,2015MM02,104.3
444,A6,305700,444,-9.5,4.8,2015MM03,109.3
445,A6,305700,445,-6.2,-2.6,2015MM04,106.4
446,A6,305700,446,-4.5,-3.1,2015MM05,103.1
447,A6,305700,447,-4.3,-1.7,2015MM06,101.4
448,A6,305700,448,0.0,-0.2,2015MM07,101.2
449,A6,305700,449,-0.8,-0.6,2015MM08,100.6
450,A6,305700,450,-4.0,0.9,2015MM09,101.5
451,A6,305700,451,-16.4,-6.9,2015MM10,94.4
452,A6,305700,452,-21.0,-4.1,2015MM11,90.6
453,A6,305700,453,-23.5,-2.7,2015MM12,88.2
455,A6,305700,455,-22.6351351351,-2.58846153846,2016MM01,86.932
456,A6,305700,456,-21.7702702703,-2.47692307692,2016MM02,85.664
457,A6,305700,457,-20.9054054054,-2.36538461538,2016MM03,84.396
458,A6,305700,458,-20.0405405405,-2.25384615385,2016MM04,83.128
459,A6,305700,459,-19.1756756757,-2.14230769231,2016MM05,81.86
460,A6,305700,460,-18.3108108108,-2.03076923077,2016MM06,80.592
461,A6,305700,461,-17.4459459459,-1.91923076923,2016MM07,79.324
462,A6,305700,462,-16.5810810811,-1.80769230769,2016MM08,78.056
463,A6,305700,463,-15.7162162162,-1.69615384615,2016MM09,76.788
464,A6,305700,464,-14.8513513514,-1.58461538462,2016MM10,75.52
465,A6,305700,465,-13.9864864865,-1.47307692308,2016MM11,74.252
466,A6,305700,466,-13.1216216216,-1.36153846154,2016MM12,72.984
468,A6,305700,468,-12.2567567568,-1.25,2017MM01,71.716
469,A6,305700,469,-11.3918918919,-1.13846153846,2017MM02,70.448
470,A6,305700,470,-10.527027027,-1.02692307692,2017MM03,69.18
471,A6,305700,471,-9.66216216216,-0.915384615385,2017MM04,67.912
472,A6,305700,472,-8.7972972973,-0.803846153846,2017MM05,66.644
473,A6,305700,473,-7.93243243243,-0.692307692308,2017MM06,65.376
474,A6,305700,474,-7.06756756757,-0.580769230769,2017MM07,64.108
475,A6,305700,475,-6.2027027027,-0.469230769231,2017MM08,62.84
476,A6,305700,476,-5.33783783784,-0.357692307692,2017MM09,61.572
477,A6,305700,477,-4.47297297297,-0.246153846154,2017MM10,60.304
478,A6,305700,478,-3.60810810811,-0.134615384615,2017MM11,59.036
479,A6,305700,479,-2.74324324324,-0.0230769230769,2017MM12,57.768
