,Afzet,BedrijfstakkenBranchesSBI2008,ID,OntwikkelingTOV1JaarEerder_2,OntwikkelingTOV1MaandEerder_3,Perioden,ProducentenprijsindexPPI_1
32708,A4,305800,32708,9.55405405405,0.273076923077,1981MM01,52.8
32709,A4,305800,32709,10.9162162162,0.4,1981MM02,53.0
32710,A4,305800,32710,12.2783783784,0.3,1981MM03,53.2
32711,A4,305800,32711,13.6405405405,6.0,1981MM04,56.4
32712,A4,305800,32712,15.0027027027,0.4,1981MM05,56.6
32713,A4,305800,32713,16.3648648649,0.4,1981MM06,56.8
32714,A4,305800,32714,17.727027027,6.6,1981MM07,60.6
32715,A4,305800,32715,19.0891891892,0.3,1981MM08,60.8
32716,A4,305800,32716,20.4513513514,-0.1,1981MM09,60.7
32717,A4,305800,32717,21.8135135135,1.9,1981MM10,61.8
32718,A4,305800,32718,23.1756756757,-0.4,1981MM11,61.6
32719,A4,305800,32719,24.5378378378,-0.1,1981MM12,61.6
32721,A4,305800,32721,25.9,8.0,1982MM01,66.5
32722,A4,305800,32722,25.8,0.3,1982MM02,66.7
32723,A4,305800,32723,25.6,0.1,1982MM03,66.8
32724,A4,305800,32724,16.6,-1.6,1982MM04,65.8
32725,A4,305800,32725,15.8,-0.3,1982MM05,65.6
32726,A4,305800,32726,15.6,0.1,1982MM06,65.7
32727,A4,305800,32727,7.9,-0.4,1982MM07,65.4
32728,A4,305800,32728,7.5,-0.1,1982MM08,65.3
32729,A4,305800,32729,7.8,0.1,1982MM09,65.4
32730,A4,305800,32730,5.7,-0.1,1982MM10,65.4
32731,A4,305800,32731,6.1,0.0,1982MM11,65.4
32732,A4,305800,32732,6.0,-0.2,1982MM12,65.3
32734,A4,305800,32734,-0.6,1.3,1983MM01,66.1
32735,A4,305800,32735,-1.2,-0.3,1983MM02,65.9
32736,A4,305800,32736,-1.5,-0.2,1983MM03,65.8
32737,A4,305800,32737,-1.4,-1.4,1983MM04,64.8
32738,A4,305800,32738,-1.1,0.1,1983MM05,64.9
32739,A4,305800,32739,-1.0,0.2,1983MM06,65.0
32740,A4,305800,32740,-1.8,-1.2,1983MM07,64.2
32741,A4,305800,32741,-1.4,0.3,1983MM08,64.4
32742,A4,305800,32742,-1.5,0.1,1983MM09,64.5
32743,A4,305800,32743,1.8,3.3,1983MM10,66.6
32744,A4,305800,32744,1.9,0.1,1983MM11,66.7
32745,A4,305800,32745,2.3,0.2,1983MM12,66.8
32747,A4,305800,32747,7.2,6.1,1984MM01,70.9
32748,A4,305800,32748,7.7,0.2,1984MM02,71.0
32749,A4,305800,32749,7.5,-0.4,1984MM03,70.7
32750,A4,305800,32750,10.7,1.5,1984MM04,71.8
32751,A4,305800,32751,10.9,0.2,1984MM05,72.0
32752,A4,305800,32752,10.6,-0.1,1984MM06,71.9
32753,A4,305800,32753,13.4,1.3,1984MM07,72.8
32754,A4,305800,32754,13.3,0.1,1984MM08,72.9
32755,A4,305800,32755,13.0,-0.2,1984MM09,72.8
32756,A4,305800,32756,10.1,0.6,1984MM10,73.3
32757,A4,305800,32757,9.5,-0.4,1984MM11,73.0
32758,A4,305800,32758,9.3,0.0,1984MM12,73.0
32760,A4,305800,32760,7.4,4.3,1985MM01,76.1
32761,A4,305800,32761,8.4,1.2,1985MM02,77.0
32762,A4,305800,32762,9.0,0.1,1985MM03,77.1
32763,A4,305800,32763,7.4,0.1,1985MM04,77.2
32764,A4,305800,32764,9.6,2.3,1985MM05,78.9
32765,A4,305800,32765,9.7,-0.1,1985MM06,78.9
32766,A4,305800,32766,7.4,-0.8,1985MM07,78.3
32767,A4,305800,32767,5.1,-2.0,1985MM08,76.7
32768,A4,305800,32768,4.7,-0.5,1985MM09,76.3
32769,A4,305800,32769,4.3,0.2,1985MM10,76.5
32770,A4,305800,32770,-4.3,-8.7,1985MM11,69.8
32771,A4,305800,32771,-4.7,-0.4,1985MM12,69.6
32773,A4,305800,32773,-8.9,-0.4,1986MM01,69.3
32774,A4,305800,32774,-30.1,-22.4,1986MM02,53.8
32775,A4,305800,32775,-15.9,20.6,1986MM03,64.8
32776,A4,305800,32776,-17.5,-1.8,1986MM04,63.7
32777,A4,305800,32777,-20.2,-1.1,1986MM05,63.0
32778,A4,305800,32778,-26.8,-8.3,1986MM06,57.8
32779,A4,305800,32779,-25.9,0.4,1986MM07,58.0
32780,A4,305800,32780,-24.7,-0.5,1986MM08,57.7
32781,A4,305800,32781,-36.2,-15.7,1986MM09,48.7
32782,A4,305800,32782,-35.8,0.8,1986MM10,49.1
32783,A4,305800,32783,-29.5,0.3,1986MM11,49.2
32784,A4,305800,32784,-35.8,-9.3,1986MM12,44.6
32786,A4,305800,32786,-35.5,0.2,1987MM01,44.7
32787,A4,305800,32787,-16.6,0.2,1987MM02,44.8
32788,A4,305800,32788,-39.5,-12.6,1987MM03,39.2
32789,A4,305800,32789,-42.3,-6.3,1987MM04,36.7
32790,A4,305800,32790,-41.9,-0.3,1987MM05,36.6
32791,A4,305800,32791,-36.7,0.0,1987MM06,36.6
32792,A4,305800,32792,-31.9,8.0,1987MM07,39.5
32793,A4,305800,32793,-31.5,0.1,1987MM08,39.5
32794,A4,305800,32794,-18.6,0.2,1987MM09,39.6
32795,A4,305800,32795,-17.3,2.4,1987MM10,40.6
32796,A4,305800,32796,-17.5,0.1,1987MM11,40.6
32797,A4,305800,32797,-9.4,-0.4,1987MM12,40.4
32799,A4,305800,32799,-9.8,-0.2,1988MM01,40.3
32800,A4,305800,32800,-10.6,-0.6,1988MM02,40.1
32801,A4,305800,32801,1.8,-0.5,1988MM03,39.9
32802,A4,305800,32802,-3.3,-11.0,1988MM04,35.5
32803,A4,305800,32803,3.1,6.2,1988MM05,37.7
32804,A4,305800,32804,2.8,-0.3,1988MM06,37.6
32805,A4,305800,32805,-5.2,-0.4,1988MM07,37.5
32806,A4,305800,32806,-9.9,-4.9,1988MM08,35.6
32807,A4,305800,32807,-10.0,0.0,1988MM09,35.7
32808,A4,305800,32808,-12.2,0.0,1988MM10,35.6
32809,A4,305800,32809,-15.0,-3.2,1988MM11,34.5
32810,A4,305800,32810,-14.6,0.1,1988MM12,34.5
32812,A4,305800,32812,-15.0,-0.7,1989MM01,34.3
32813,A4,305800,32813,-15.4,-1.1,1989MM02,33.9
32814,A4,305800,32814,-15.1,-0.1,1989MM03,33.9
32815,A4,305800,32815,-3.7,0.8,1989MM04,34.2
32816,A4,305800,32816,-5.2,4.7,1989MM05,35.8
32817,A4,305800,32817,-10.6,-6.1,1989MM06,33.6
32818,A4,305800,32818,-10.3,0.0,1989MM07,33.6
32819,A4,305800,32819,-4.9,0.8,1989MM08,33.9
32820,A4,305800,32820,-0.4,4.8,1989MM09,35.5
32821,A4,305800,32821,-0.1,0.2,1989MM10,35.6
32822,A4,305800,32822,2.7,-0.4,1989MM11,35.4
32823,A4,305800,32823,8.4,5.6,1989MM12,37.4
32825,A4,305800,32825,8.8,-0.2,1990MM01,37.3
32826,A4,305800,32826,13.1,2.8,1990MM02,38.4
32827,A4,305800,32827,12.7,-0.4,1990MM03,38.2
32828,A4,305800,32828,11.3,-0.5,1990MM04,38.0
32829,A4,305800,32829,6.6,0.3,1990MM05,38.1
32830,A4,305800,32830,13.5,0.0,1990MM06,38.1
32831,A4,305800,32831,13.0,-0.3,1990MM07,38.0
32832,A4,305800,32832,6.2,-5.3,1990MM08,36.0
32833,A4,305800,32833,4.2,2.8,1990MM09,37.0
32834,A4,305800,32834,5.7,1.7,1990MM10,37.6
32835,A4,305800,32835,7.3,1.0,1990MM11,38.0
32836,A4,305800,32836,0.4,-1.2,1990MM12,37.5
32838,A4,305800,32838,-0.4,-1.0,1991MM01,37.2
32839,A4,305800,32839,3.1,6.3,1991MM02,39.5
32840,A4,305800,32840,9.9,6.2,1991MM03,42.0
32841,A4,305800,32841,8.3,-1.9,1991MM04,41.2
32842,A4,305800,32842,7.1,-0.9,1991MM05,40.8
32843,A4,305800,32843,6.0,-1.0,1991MM06,40.4
32844,A4,305800,32844,6.3,0.0,1991MM07,40.4
32845,A4,305800,32845,12.1,-0.2,1991MM08,40.3
32846,A4,305800,32846,3.4,-5.1,1991MM09,38.3
32847,A4,305800,32847,1.8,0.0,1991MM10,38.3
32848,A4,305800,32848,1.0,0.3,1991MM11,38.4
32849,A4,305800,32849,1.0,-1.2,1991MM12,37.9
32851,A4,305800,32851,1.8,-0.3,1992MM01,37.8
32852,A4,305800,32852,-5.2,-0.9,1992MM02,37.5
32853,A4,305800,32853,-11.6,-0.9,1992MM03,37.1
32854,A4,305800,32854,-8.9,1.1,1992MM04,37.5
32855,A4,305800,32855,-7.9,0.2,1992MM05,37.6
32856,A4,305800,32856,-7.0,0.0,1992MM06,37.6
32857,A4,305800,32857,-7.6,-0.7,1992MM07,37.3
32858,A4,305800,32858,-7.2,0.3,1992MM08,37.4
32859,A4,305800,32859,-2.0,0.2,1992MM09,37.5
32860,A4,305800,32860,-4.2,-2.3,1992MM10,36.7
32861,A4,305800,32861,-4.7,-0.2,1992MM11,36.6
32862,A4,305800,32862,-3.5,0.0,1992MM12,36.6
32864,A4,305800,32864,-1.9,1.4,1993MM01,37.1
32865,A4,305800,32865,-0.9,0.0,1993MM02,37.1
32866,A4,305800,32866,-0.5,-0.5,1993MM03,36.9
32867,A4,305800,32867,-8.9,-7.4,1993MM04,34.2
32868,A4,305800,32868,-9.6,-0.6,1993MM05,34.0
32869,A4,305800,32869,-9.1,0.5,1993MM06,34.2
32870,A4,305800,32870,-8.4,0.1,1993MM07,34.2
32871,A4,305800,32871,-8.0,0.7,1993MM08,34.5
32872,A4,305800,32872,-8.3,-0.1,1993MM09,34.4
32873,A4,305800,32873,-6.4,-0.3,1993MM10,34.3
32874,A4,305800,32874,-6.1,0.2,1993MM11,34.4
32875,A4,305800,32875,-6.3,-0.2,1993MM12,34.3
32877,A4,305800,32877,-8.4,-0.8,1994MM01,34.0
32878,A4,305800,32878,-9.2,-0.9,1994MM02,33.7
32879,A4,305800,32879,-9.3,-0.6,1994MM03,33.5
32880,A4,305800,32880,-2.3,-0.3,1994MM04,33.4
32881,A4,305800,32881,-0.1,1.6,1994MM05,33.9
32882,A4,305800,32882,-1.6,-1.0,1994MM06,33.6
32883,A4,305800,32883,-1.7,0.1,1994MM07,33.6
32884,A4,305800,32884,-2.3,0.1,1994MM08,33.7
32885,A4,305800,32885,-1.7,0.4,1994MM09,33.8
32886,A4,305800,32886,-0.8,0.7,1994MM10,34.0
32887,A4,305800,32887,-0.3,0.6,1994MM11,34.3
32888,A4,305800,32888,1.8,1.9,1994MM12,34.9
32890,A4,305800,32890,2.8,0.2,1995MM01,35.0
32891,A4,305800,32891,4.2,0.5,1995MM02,35.1
32892,A4,305800,32892,4.6,-0.3,1995MM03,35.0
32893,A4,305800,32893,8.7,3.6,1995MM04,36.3
32894,A4,305800,32894,7.7,0.6,1995MM05,36.5
32895,A4,305800,32895,8.3,-0.4,1995MM06,36.4
32896,A4,305800,32896,5.5,-2.5,1995MM07,35.5
32897,A4,305800,32897,5.6,0.2,1995MM08,35.6
32898,A4,305800,32898,5.9,0.7,1995MM09,35.8
32899,A4,305800,32899,-1.0,-5.9,1995MM10,33.7
32900,A4,305800,32900,-1.4,0.3,1995MM11,33.8
32901,A4,305800,32901,-2.4,0.8,1995MM12,34.1
32903,A4,305800,32903,-0.9,1.7,1996MM01,34.6
32904,A4,305800,32904,-1.5,-0.1,1996MM02,34.6
32905,A4,305800,32905,0.1,1.3,1996MM03,35.1
32906,A4,305800,32906,2.7,6.4,1996MM04,37.3
32907,A4,305800,32907,1.3,-0.7,1996MM05,37.0
32908,A4,305800,32908,1.0,-0.7,1996MM06,36.8
32909,A4,305800,32909,8.6,4.8,1996MM07,38.5
32910,A4,305800,32910,8.7,0.3,1996MM08,38.6
32911,A4,305800,32911,9.4,1.3,1996MM09,39.2
32912,A4,305800,32912,16.9,0.5,1996MM10,39.4
32913,A4,305800,32913,15.5,-0.8,1996MM11,39.0
32914,A4,305800,32914,15.7,0.9,1996MM12,39.4
32916,A4,305800,32916,19.5,5.1,1997MM01,41.4
32917,A4,305800,32917,18.7,-0.8,1997MM02,41.1
32918,A4,305800,32918,15.9,-1.1,1997MM03,40.6
32919,A4,305800,32919,10.4,1.3,1997MM04,41.2
32920,A4,305800,32920,12.4,1.0,1997MM05,41.6
32921,A4,305800,32921,12.4,-0.7,1997MM06,41.3
32922,A4,305800,32922,3.9,-3.1,1997MM07,40.1
32923,A4,305800,32923,4.1,0.4,1997MM08,40.2
32924,A4,305800,32924,2.4,-0.3,1997MM09,40.1
32925,A4,305800,32925,2.3,0.5,1997MM10,40.3
32926,A4,305800,32926,3.5,0.3,1997MM11,40.4
32927,A4,305800,32927,1.0,-1.5,1997MM12,39.8
32929,A4,305800,32929,-1.0,3.0,1998MM01,41.0
32930,A4,305800,32930,-1.2,-1.0,1998MM02,40.6
32931,A4,305800,32931,-0.5,-0.4,1998MM03,40.4
32932,A4,305800,32932,-5.4,-3.6,1998MM04,39.0
32933,A4,305800,32933,-6.5,-0.2,1998MM05,38.9
32934,A4,305800,32934,-7.0,-1.3,1998MM06,38.4
32935,A4,305800,32935,-10.9,-7.1,1998MM07,35.7
32936,A4,305800,32936,-11.4,-0.2,1998MM08,35.6
32937,A4,305800,32937,-10.8,0.4,1998MM09,35.8
32938,A4,305800,32938,-14.9,-4.2,1998MM10,34.3
32939,A4,305800,32939,-15.7,-0.7,1998MM11,34.1
32940,A4,305800,32940,-15.3,-0.9,1998MM12,33.7
32942,A4,305800,32942,-21.5,-4.6,1999MM01,32.2
32943,A4,305800,32943,-20.3,0.6,1999MM02,32.4
32944,A4,305800,32944,-19.1,1.1,1999MM03,32.7
32945,A4,305800,32945,-15.5,0.7,1999MM04,32.9
32946,A4,305800,32946,-15.0,0.4,1999MM05,33.1
32947,A4,305800,32947,-13.7,0.2,1999MM06,33.1
32948,A4,305800,32948,0.0,7.7,1999MM07,35.7
32949,A4,305800,32949,1.4,1.2,1999MM08,36.1
32950,A4,305800,32950,3.0,2.0,1999MM09,36.9
32951,A4,305800,32951,21.6,13.1,1999MM10,41.7
32952,A4,305800,32952,25.6,2.6,1999MM11,42.8
32953,A4,305800,32953,28.8,1.6,1999MM12,43.5
32955,A4,305800,32955,53.9,13.9,2000MM01,49.5
32956,A4,305800,32956,51.5,-0.9,2000MM02,49.0
32957,A4,305800,32957,48.7,-0.8,2000MM03,48.6
32958,A4,305800,32958,66.2,12.5,2000MM04,54.7
32959,A4,305800,32959,67.7,1.4,2000MM05,55.5
32960,A4,305800,32960,60.6,-4.1,2000MM06,53.2
32961,A4,305800,32961,61.4,8.2,2000MM07,57.6
32962,A4,305800,32962,61.0,1.0,2000MM08,58.1
32963,A4,305800,32963,61.8,2.6,2000MM09,59.6
32964,A4,305800,32964,46.2,2.2,2000MM10,60.9
32965,A4,305800,32965,42.4,0.0,2000MM11,60.9
32966,A4,305800,32966,40.6,0.3,2000MM12,61.1
32968,A4,305800,32968,36.6,10.7,2001MM01,67.6
32969,A4,305800,32969,44.8,5.0,2001MM02,71.0
32970,A4,305800,32970,48.5,1.8,2001MM03,72.3
32971,A4,305800,32971,20.6,-8.7,2001MM04,66.0
32972,A4,305800,32972,18.6,-0.3,2001MM05,65.8
32973,A4,305800,32973,22.7,-0.7,2001MM06,65.3
32974,A4,305800,32974,12.4,-0.8,2001MM07,64.7
32975,A4,305800,32975,10.3,-1.0,2001MM08,64.1
32976,A4,305800,32976,7.4,-0.1,2001MM09,64.1
32977,A4,305800,32977,-1.5,-6.3,2001MM10,60.0
32978,A4,305800,32978,-1.8,-0.4,2001MM11,59.8
32979,A4,305800,32979,-2.2,-0.1,2001MM12,59.8
32981,A4,305800,32981,-14.0,-2.7,2002MM01,58.2
32982,A4,305800,32982,-15.4,3.2,2002MM02,60.0
32983,A4,305800,32983,-18.0,-1.3,2002MM03,59.3
32984,A4,305800,32984,-8.7,1.6,2002MM04,60.2
32985,A4,305800,32985,-9.4,-1.1,2002MM05,59.6
32986,A4,305800,32986,-14.2,-6.0,2002MM06,56.0
32987,A4,305800,32987,-1.9,13.5,2002MM07,63.5
32988,A4,305800,32988,-4.1,-3.3,2002MM08,61.5
32989,A4,305800,32989,-4.6,-0.5,2002MM09,61.1
32990,A4,305800,32990,8.9,7.0,2002MM10,65.4
32991,A4,305800,32991,9.6,0.2,2002MM11,65.5
32992,A4,305800,32992,15.5,5.3,2002MM12,69.0
32994,A4,305800,32994,27.7,7.6,2003MM01,74.3
32995,A4,305800,32995,23.8,0.1,2003MM02,74.3
32996,A4,305800,32996,21.7,-2.9,2003MM03,72.1
32997,A4,305800,32997,20.5,0.6,2003MM04,72.6
32998,A4,305800,32998,20.3,-1.3,2003MM05,71.7
32999,A4,305800,32999,27.5,-0.4,2003MM06,71.4
33000,A4,305800,33000,-5.0,-15.5,2003MM07,60.3
33001,A4,305800,33001,-2.6,-0.8,2003MM08,59.9
33002,A4,305800,33002,-2.6,-0.6,2003MM09,59.5
33003,A4,305800,33003,-5.5,3.8,2003MM10,61.8
33004,A4,305800,33004,-0.2,5.9,2003MM11,65.4
33005,A4,305800,33005,0.4,5.9,2003MM12,69.3
33007,A4,305800,33007,-7.2,-0.5,2004MM01,68.9
33008,A4,305800,33008,-7.3,-0.1,2004MM02,68.9
33009,A4,305800,33009,-6.2,-1.8,2004MM03,67.6
33010,A4,305800,33010,-11.7,-5.3,2004MM04,64.1
33011,A4,305800,33011,-12.4,-2.0,2004MM05,62.8
33012,A4,305800,33012,-12.9,-1.0,2004MM06,62.1
33013,A4,305800,33013,2.8,-0.1,2004MM07,62.1
33014,A4,305800,33014,5.6,1.9,2004MM08,63.2
33015,A4,305800,33015,8.6,2.3,2004MM09,64.7
33016,A4,305800,33016,13.9,8.8,2004MM10,70.4
33017,A4,305800,33017,8.1,0.5,2004MM11,70.7
33018,A4,305800,33018,-0.8,-2.8,2004MM12,68.8
33020,A4,305800,33020,2.05384615385,-1.25,2005MM01,77.3
33021,A4,305800,33021,4.90769230769,0.3,2005MM02,77.5
33022,A4,305800,33022,7.76153846154,0.9,2005MM03,78.2
33023,A4,305800,33023,10.6153846154,4.5,2005MM04,81.7
33024,A4,305800,33024,13.4692307692,-2.9,2005MM05,79.4
33025,A4,305800,33025,16.3230769231,3.3,2005MM06,82.0
33026,A4,305800,33026,19.1769230769,5.0,2005MM07,86.1
33027,A4,305800,33027,22.0307692308,1.3,2005MM08,87.2
33028,A4,305800,33028,24.8846153846,3.4,2005MM09,90.1
33029,A4,305800,33029,27.7384615385,6.6,2005MM10,96.1
33030,A4,305800,33030,30.5923076923,-0.2,2005MM11,95.9
33031,A4,305800,33031,33.4461538462,6.0,2005MM12,101.6
33033,A4,305800,33033,36.3,3.7,2006MM01,105.3
33034,A4,305800,33034,35.5,-0.4,2006MM02,105.0
33035,A4,305800,33035,36.7,1.8,2006MM03,106.9
33036,A4,305800,33036,31.3,0.4,2006MM04,107.3
33037,A4,305800,33037,39.0,2.9,2006MM05,110.3
33038,A4,305800,33038,36.0,1.1,2006MM06,111.5
33039,A4,305800,33039,30.7,1.0,2006MM07,112.6
33040,A4,305800,33040,28.2,-0.7,2006MM08,111.8
33041,A4,305800,33041,25.8,1.4,2006MM09,113.4
33042,A4,305800,33042,15.8,-1.8,2006MM10,111.3
33043,A4,305800,33043,18.0,1.6,2006MM11,113.1
33044,A4,305800,33044,11.7,0.4,2006MM12,113.5
33046,A4,305800,33046,13.9,5.7,2007MM01,120.0
33047,A4,305800,33047,12.7,-1.4,2007MM02,118.3
33048,A4,305800,33048,12.1,1.2,2007MM03,119.8
33049,A4,305800,33049,13.0,1.2,2007MM04,121.2
33050,A4,305800,33050,9.6,-0.2,2007MM05,120.9
33051,A4,305800,33051,2.8,-5.2,2007MM06,114.7
33052,A4,305800,33052,9.0,7.0,2007MM07,122.7
33053,A4,305800,33053,6.2,-3.2,2007MM08,118.7
33054,A4,305800,33054,3.4,-1.3,2007MM09,117.2
33055,A4,305800,33055,8.5,3.0,2007MM10,120.8
33056,A4,305800,33056,6.0,-0.8,2007MM11,119.8
33057,A4,305800,33057,4.9,-0.6,2007MM12,119.1
33059,A4,305800,33059,2.0,2.7,2008MM01,122.4
33060,A4,305800,33060,5.5,2.0,2008MM02,124.8
33061,A4,305800,33061,4.9,0.7,2008MM03,125.6
33062,A4,305800,33062,9.7,5.8,2008MM04,133.0
33063,A4,305800,33063,13.4,3.1,2008MM05,137.1
33064,A4,305800,33064,29.8,8.6,2008MM06,148.9
33065,A4,305800,33065,31.2,8.1,2008MM07,161.0
33066,A4,305800,33066,34.2,-1.0,2008MM08,159.3
33067,A4,305800,33067,30.1,-4.3,2008MM09,152.5
33068,A4,305800,33068,30.1,3.1,2008MM10,157.2
33069,A4,305800,33069,26.9,-3.2,2008MM11,152.1
33070,A4,305800,33070,33.4,4.5,2008MM12,158.9
33072,A4,305800,33072,11.1,-14.5,2009MM01,135.9
33073,A4,305800,33073,8.9,0.0,2009MM02,135.9
33074,A4,305800,33074,3.3,-4.5,2009MM03,129.8
33075,A4,305800,33075,-21.6,-19.7,2009MM04,104.3
33076,A4,305800,33076,-25.4,-2.0,2009MM05,102.2
33077,A4,305800,33077,-32.7,-2.0,2009MM06,100.1
33078,A4,305800,33078,-43.4,-9.0,2009MM07,91.1
33079,A4,305800,33079,-45.0,-3.8,2009MM08,87.7
33080,A4,305800,33080,-41.7,1.4,2009MM09,89.0
33081,A4,305800,33081,-38.8,8.1,2009MM10,96.2
33082,A4,305800,33082,-33.5,5.2,2009MM11,101.2
33083,A4,305800,33083,-37.2,-1.3,2009MM12,99.8
33085,A4,305800,33085,-32.2,-7.7,2010MM01,92.1
33086,A4,305800,33086,-30.8,2.1,2010MM02,94.0
33087,A4,305800,33087,-27.2,0.5,2010MM03,94.5
33088,A4,305800,33088,-9.2,0.2,2010MM04,94.7
33089,A4,305800,33089,-8.9,-1.6,2010MM05,93.1
33090,A4,305800,33090,-3.3,4.0,2010MM06,96.8
33091,A4,305800,33091,15.1,8.3,2010MM07,104.9
33092,A4,305800,33092,21.0,1.2,2010MM08,106.1
33093,A4,305800,33093,18.0,-1.1,2010MM09,104.9
33094,A4,305800,33094,12.2,2.8,2010MM10,107.9
33095,A4,305800,33095,8.3,1.5,2010MM11,109.6
33096,A4,305800,33096,1.5,-7.5,2010MM12,101.4
33098,A4,305800,33098,22.9,11.6,2011MM01,113.2
33099,A4,305800,33099,20.0,-0.3,2011MM02,112.8
33100,A4,305800,33100,18.1,-1.1,2011MM03,111.6
33101,A4,305800,33101,25.2,6.2,2011MM04,118.5
33102,A4,305800,33102,25.4,-1.4,2011MM05,116.8
33103,A4,305800,33103,20.7,0.1,2011MM06,116.9
33104,A4,305800,33104,12.9,1.3,2011MM07,118.4
33105,A4,305800,33105,9.8,-1.6,2011MM08,116.5
33106,A4,305800,33106,13.5,2.2,2011MM09,119.1
33107,A4,305800,33107,15.1,4.3,2011MM10,124.2
33108,A4,305800,33108,15.0,1.5,2011MM11,126.0
33109,A4,305800,33109,23.4,-0.7,2011MM12,125.1
33111,A4,305800,33111,11.7,1.0,2012MM01,126.4
33112,A4,305800,33112,12.1,0.1,2012MM02,126.5
33113,A4,305800,33113,15.0,1.4,2012MM03,128.3
33114,A4,305800,33114,9.8,1.4,2012MM04,130.1
33115,A4,305800,33115,10.5,-0.8,2012MM05,129.1
33116,A4,305800,33116,9.8,-0.5,2012MM06,128.4
33117,A4,305800,33117,6.6,-1.6,2012MM07,126.3
33118,A4,305800,33118,8.6,0.3,2012MM08,126.6
33119,A4,305800,33119,9.0,2.5,2012MM09,129.8
33120,A4,305800,33120,7.6,3.0,2012MM10,133.7
33121,A4,305800,33121,9.3,3.0,2012MM11,137.7
33122,A4,305800,33122,11.0,0.9,2012MM12,138.9
33124,A4,305800,33124,2.6,-6.6,2013MM01,129.7
33125,A4,305800,33125,1.4,-1.1,2013MM02,128.2
33126,A4,305800,33126,2.3,2.4,2013MM03,131.3
33127,A4,305800,33127,-0.6,-1.5,2013MM04,129.3
33128,A4,305800,33128,-2.2,-2.4,2013MM05,126.2
33129,A4,305800,33129,-2.6,-1.0,2013MM06,125.0
33130,A4,305800,33130,-2.1,-1.1,2013MM07,123.6
33131,A4,305800,33131,-2.7,-0.3,2013MM08,123.2
33132,A4,305800,33132,-4.1,1.0,2013MM09,124.5
33133,A4,305800,33133,-5.7,1.3,2013MM10,126.1
33134,A4,305800,33134,-7.2,1.3,2013MM11,127.8
33135,A4,305800,33135,-6.6,1.5,2013MM12,129.7
33137,A4,305800,33137,-1.0,-1.0,2014MM01,128.4
33138,A4,305800,33138,-4.1,-4.2,2014MM02,123.0
33139,A4,305800,33139,-8.2,-2.1,2014MM03,120.5
33140,A4,305800,33140,-15.6,-9.4,2014MM04,109.2
33141,A4,305800,33141,-16.2,-3.2,2014MM05,105.7
33142,A4,305800,33142,-16.4,-1.1,2014MM06,104.5
33143,A4,305800,33143,-16.5,-1.2,2014MM07,103.2
33144,A4,305800,33144,-15.6,0.8,2014MM08,104.0
33145,A4,305800,33145,-13.0,4.1,2014MM09,108.3
33146,A4,305800,33146,-10.2,4.6,2014MM10,113.2
33147,A4,305800,33147,-11.5,-0.2,2014MM11,113.1
33148,A4,305800,33148,-12.6,0.3,2014MM12,113.4
33150,A4,305800,33150,-20.3,-9.7,2015MM01,102.4
33151,A4,305800,33151,-15.7,1.3,2015MM02,103.7
33152,A4,305800,33152,-10.7,3.8,2015MM03,107.6
33153,A4,305800,33153,-4.3,-2.9,2015MM04,104.5
33154,A4,305800,33154,-6.8,-5.8,2015MM05,98.5
33155,A4,305800,33155,-5.7,0.1,2015MM06,98.6
33156,A4,305800,33156,-4.2,0.3,2015MM07,98.9
33157,A4,305800,33157,-8.8,-4.1,2015MM08,94.9
33158,A4,305800,33158,-8.9,4.0,2015MM09,98.7
33159,A4,305800,33159,-17.1,-4.9,2015MM10,93.8
33160,A4,305800,33160,-22.2,-6.2,2015MM11,88.0
33161,A4,305800,33161,-25.1,-3.5,2015MM12,84.9
33163,A4,305800,33163,-23.5,-7.8,2016MM01,78.3
33164,A4,305800,33164,-29.3,-6.4,2016MM02,73.3
33165,A4,305800,33165,-31.9,0.0,2016MM03,73.3
33166,A4,305800,33166,-41.9,-17.2,2016MM04,60.7
33167,A4,305800,33167,-31.1,11.9,2016MM05,67.9
33168,A4,305800,33168,-23.2,11.5,2016MM06,75.7
33169,A4,305800,33169,-31.9,-11.1,2016MM07,67.3
33170,A4,305800,33170,-35.8,-9.6,2016MM08,60.9
33171,A4,305800,33171,-37.7,0.8,2016MM09,61.4
33172,A4,305800,33172,-23.6,16.7,2016MM10,71.7
33173,A4,305800,33173,-11.6,8.5,2016MM11,77.8
33174,A4,305800,33174,-4.3,4.5,2016MM12,81.3
33176,A4,305800,33176,2.0,-1.8,2017MM01,79.9
33177,A4,305800,33177,12.3,3.1,2017MM02,82.4
33178,A4,305800,33178,6.1,-5.6,2017MM03,77.8
33179,A4,305800,33179,26.9,-1.0,2017MM04,77.0
33180,A4,305800,33180,12.7,-0.6,2017MM05,76.5
33181,A4,305800,33181,0.3,-0.8,2017MM06,75.9
33182,A4,305800,33182,10.2,-2.2,2017MM07,74.2
33183,A4,305800,33183,20.6,-1.0,2017MM08,73.5
33184,A4,305800,33184,22.9,2.7,2017MM09,75.5
33185,A4,305800,33185,11.2,5.5,2017MM10,79.7
33186,A4,305800,33186,7.1,4.6,2017MM11,83.3
33187,A4,305800,33187,6.6,4.0,2017MM12,86.7
