,Afzet,BedrijfstakkenBranchesSBI2008,ID,OntwikkelingTOV1JaarEerder_2,OntwikkelingTOV1MaandEerder_3,Perioden,ProducentenprijsindexPPI_1
481,A6,305800,481,,,1981MM01,46.1
482,A6,305800,482,,1.4,1981MM02,46.7
483,A6,305800,483,,2.2,1981MM03,47.7
484,A6,305800,484,,9.0,1981MM04,52.1
485,A6,305800,485,,1.9,1981MM05,53.0
486,A6,305800,486,,6.5,1981MM06,56.5
487,A6,305800,487,,15.4,1981MM07,65.2
488,A6,305800,488,,-0.8,1981MM08,64.7
489,A6,305800,489,,-4.3,1981MM09,61.9
490,A6,305800,490,,1.8,1981MM10,63.0
491,A6,305800,491,,-0.3,1981MM11,62.8
492,A6,305800,492,,0.2,1981MM12,62.9
494,A6,305800,494,40.3,2.8,1982MM01,64.7
495,A6,305800,495,37.5,-0.7,1982MM02,64.2
496,A6,305800,496,34.4,-0.1,1982MM03,64.2
497,A6,305800,497,22.2,-0.9,1982MM04,63.6
498,A6,305800,498,19.9,-0.1,1982MM05,63.6
499,A6,305800,499,12.9,0.3,1982MM06,63.7
500,A6,305800,500,-2.8,-0.6,1982MM07,63.3
501,A6,305800,501,-2.5,-0.4,1982MM08,63.1
502,A6,305800,502,0.7,-1.2,1982MM09,62.3
503,A6,305800,503,-1.6,-0.5,1982MM10,62.0
504,A6,305800,504,-1.6,-0.4,1982MM11,61.8
505,A6,305800,505,-2.7,-0.9,1982MM12,61.2
507,A6,305800,507,-4.6,0.8,1983MM01,61.7
508,A6,305800,508,-4.1,-0.2,1983MM02,61.6
509,A6,305800,509,-4.2,-0.2,1983MM03,61.5
510,A6,305800,510,-4.4,-1.0,1983MM04,60.8
511,A6,305800,511,-4.4,-0.1,1983MM05,60.8
512,A6,305800,512,-5.7,-1.1,1983MM06,60.1
513,A6,305800,513,-4.6,0.6,1983MM07,60.4
514,A6,305800,514,-4.3,-0.2,1983MM08,60.3
515,A6,305800,515,-3.9,-0.7,1983MM09,59.9
516,A6,305800,516,-0.1,3.4,1983MM10,62.0
517,A6,305800,517,0.8,0.5,1983MM11,62.3
518,A6,305800,518,3.4,1.8,1983MM12,63.4
520,A6,305800,520,4.6,1.8,1984MM01,64.5
521,A6,305800,521,5.6,0.8,1984MM02,65.0
522,A6,305800,522,8.6,2.6,1984MM03,66.7
523,A6,305800,523,11.5,1.6,1984MM04,67.8
524,A6,305800,524,15.9,3.9,1984MM05,70.4
525,A6,305800,525,18.0,0.7,1984MM06,70.9
526,A6,305800,526,18.0,0.6,1984MM07,71.3
527,A6,305800,527,20.1,1.6,1984MM08,72.4
528,A6,305800,528,22.3,1.1,1984MM09,73.3
529,A6,305800,529,15.9,-2.0,1984MM10,71.8
530,A6,305800,530,12.3,-2.7,1984MM11,69.9
531,A6,305800,531,10.6,0.3,1984MM12,70.1
533,A6,305800,533,10.4,1.6,1985MM01,71.2
534,A6,305800,534,10.6,1.0,1985MM02,71.9
535,A6,305800,535,8.3,0.5,1985MM03,72.3
536,A6,305800,536,11.6,4.6,1985MM04,75.6
537,A6,305800,537,8.4,1.0,1985MM05,76.4
538,A6,305800,538,5.8,-1.8,1985MM06,75.0
539,A6,305800,539,6.4,1.2,1985MM07,75.9
540,A6,305800,540,2.8,-1.9,1985MM08,74.5
541,A6,305800,541,2.8,1.1,1985MM09,75.3
542,A6,305800,542,-2.7,-7.3,1985MM10,69.9
543,A6,305800,543,-3.2,-3.2,1985MM11,67.6
544,A6,305800,544,-5.3,-1.9,1985MM12,66.3
546,A6,305800,546,-10.9,-4.4,1986MM01,63.4
547,A6,305800,547,-13.8,-2.2,1986MM02,62.0
548,A6,305800,548,-15.4,-1.4,1986MM03,61.1
549,A6,305800,549,-24.6,-6.7,1986MM04,57.1
550,A6,305800,550,-23.5,2.4,1986MM05,58.4
551,A6,305800,551,-24.5,-3.0,1986MM06,56.7
552,A6,305800,552,-35.4,-13.5,1986MM07,49.0
553,A6,305800,553,-33.7,0.8,1986MM08,49.4
554,A6,305800,554,-41.3,-10.5,1986MM09,44.2
555,A6,305800,555,-43.5,-10.7,1986MM10,39.5
556,A6,305800,556,-44.2,-4.4,1986MM11,37.7
557,A6,305800,557,-44.1,-1.6,1986MM12,37.1
559,A6,305800,559,-51.1,-16.5,1987MM01,31.0
560,A6,305800,560,-50.6,-1.1,1987MM02,30.7
561,A6,305800,561,-49.8,0.2,1987MM03,30.7
562,A6,305800,562,-41.9,8.0,1987MM04,33.2
563,A6,305800,563,-42.5,1.2,1987MM05,33.6
564,A6,305800,564,-36.8,6.7,1987MM06,35.8
565,A6,305800,565,-24.6,3.1,1987MM07,36.9
566,A6,305800,566,-24.1,1.5,1987MM08,37.5
567,A6,305800,567,-18.0,-3.2,1987MM09,36.3
568,A6,305800,568,-11.7,-3.9,1987MM10,34.9
569,A6,305800,569,-9.8,-2.4,1987MM11,34.0
570,A6,305800,570,-9.3,-1.1,1987MM12,33.7
572,A6,305800,572,2.6,-5.5,1988MM01,31.8
573,A6,305800,573,3.0,-0.7,1988MM02,31.6
574,A6,305800,574,2.9,0.1,1988MM03,31.6
575,A6,305800,575,-6.9,-2.3,1988MM04,30.9
576,A6,305800,576,-5.4,2.8,1988MM05,31.8
577,A6,305800,577,-14.7,-3.8,1988MM06,30.6
578,A6,305800,578,-14.7,3.1,1988MM07,31.5
579,A6,305800,579,-15.0,1.2,1988MM08,31.9
580,A6,305800,580,-22.0,-11.2,1988MM09,28.3
581,A6,305800,581,-19.2,-0.5,1988MM10,28.2
582,A6,305800,582,-19.3,-2.6,1988MM11,27.5
583,A6,305800,583,-18.8,-0.4,1988MM12,27.3
585,A6,305800,585,-13.7,0.4,1989MM01,27.4
586,A6,305800,586,-12.7,0.5,1989MM02,27.6
587,A6,305800,587,-11.9,1.0,1989MM03,27.9
588,A6,305800,588,-5.7,4.6,1989MM04,29.1
589,A6,305800,589,-4.4,4.2,1989MM05,30.4
590,A6,305800,590,6.7,7.4,1989MM06,32.6
591,A6,305800,591,5.9,2.2,1989MM07,33.3
592,A6,305800,592,2.9,-1.6,1989MM08,32.8
593,A6,305800,593,12.5,-2.9,1989MM09,31.8
594,A6,305800,594,11.9,-1.0,1989MM10,31.5
595,A6,305800,595,15.0,0.1,1989MM11,31.6
596,A6,305800,596,14.1,-1.2,1989MM12,31.2
598,A6,305800,598,25.4,10.3,1990MM01,34.4
599,A6,305800,599,25.6,0.7,1990MM02,34.7
600,A6,305800,600,23.9,-0.4,1990MM03,34.5
601,A6,305800,601,20.2,1.5,1990MM04,35.0
602,A6,305800,602,16.0,0.6,1990MM05,35.2
603,A6,305800,603,10.0,1.8,1990MM06,35.9
604,A6,305800,604,2.3,-4.9,1990MM07,34.1
605,A6,305800,605,5.7,1.7,1990MM08,34.7
606,A6,305800,606,4.0,-4.5,1990MM09,33.1
607,A6,305800,607,5.0,0.0,1990MM10,33.1
608,A6,305800,608,4.5,-0.4,1990MM11,33.0
609,A6,305800,609,6.4,0.6,1990MM12,33.2
611,A6,305800,611,8.2,12.1,1991MM01,37.2
612,A6,305800,612,9.0,1.5,1991MM02,37.8
613,A6,305800,613,11.0,1.4,1991MM03,38.3
614,A6,305800,614,11.6,2.1,1991MM04,39.1
615,A6,305800,615,12.4,1.3,1991MM05,39.6
616,A6,305800,616,11.0,0.5,1991MM06,39.8
617,A6,305800,617,9.6,-6.1,1991MM07,37.4
618,A6,305800,618,9.0,1.0,1991MM08,37.8
619,A6,305800,619,14.9,0.7,1991MM09,38.1
620,A6,305800,620,6.5,-7.4,1991MM10,35.2
621,A6,305800,621,2.7,-4.0,1991MM11,33.9
622,A6,305800,622,0.2,-1.8,1991MM12,33.3
624,A6,305800,624,-10.0,0.7,1992MM01,33.5
625,A6,305800,625,-11.0,0.3,1992MM02,33.6
626,A6,305800,626,-12.6,-0.4,1992MM03,33.5
627,A6,305800,627,-14.5,-0.1,1992MM04,33.4
628,A6,305800,628,-14.8,1.0,1992MM05,33.8
629,A6,305800,629,-12.1,3.7,1992MM06,35.0
630,A6,305800,630,-6.6,-0.2,1992MM07,34.9
631,A6,305800,631,-6.7,0.9,1992MM08,35.2
632,A6,305800,632,-10.9,-3.8,1992MM09,33.9
633,A6,305800,633,-8.3,-4.7,1992MM10,32.3
634,A6,305800,634,-5.1,-0.6,1992MM11,32.1
635,A6,305800,635,-3.1,0.3,1992MM12,32.2
637,A6,305800,637,-9.5,-5.9,1993MM01,30.3
638,A6,305800,638,-9.5,0.3,1993MM02,30.4
639,A6,305800,639,-7.0,2.4,1993MM03,31.1
640,A6,305800,640,-6.4,0.5,1993MM04,31.3
641,A6,305800,641,-4.3,3.2,1993MM05,32.3
642,A6,305800,642,-5.1,2.9,1993MM06,33.2
643,A6,305800,643,-2.3,2.7,1993MM07,34.1
644,A6,305800,644,-3.9,-0.8,1993MM08,33.9
645,A6,305800,645,-7.2,-7.1,1993MM09,31.4
646,A6,305800,646,-5.4,-2.9,1993MM10,30.5
647,A6,305800,647,-7.1,-2.4,1993MM11,29.8
648,A6,305800,648,-8.2,-0.9,1993MM12,29.6
650,A6,305800,650,-2.9,-0.5,1994MM01,29.4
651,A6,305800,651,-3.1,0.1,1994MM02,29.5
652,A6,305800,652,-4.2,1.2,1994MM03,29.8
653,A6,305800,653,-4.1,0.6,1994MM04,30.0
654,A6,305800,654,-3.1,4.4,1994MM05,31.3
655,A6,305800,655,-2.6,3.4,1994MM06,32.4
656,A6,305800,656,-2.6,2.7,1994MM07,33.2
657,A6,305800,657,-2.3,-0.5,1994MM08,33.1
658,A6,305800,658,-1.1,-5.9,1994MM09,31.1
659,A6,305800,659,-2.1,-3.9,1994MM10,29.9
660,A6,305800,660,2.2,2.0,1994MM11,30.5
661,A6,305800,661,1.4,-1.7,1994MM12,30.0
663,A6,305800,663,6.4,4.5,1995MM01,31.3
664,A6,305800,664,8.0,1.7,1995MM02,31.8
665,A6,305800,665,6.3,-0.5,1995MM03,31.7
666,A6,305800,666,9.6,3.7,1995MM04,32.9
667,A6,305800,667,4.1,-0.8,1995MM05,32.6
668,A6,305800,668,0.7,0.0,1995MM06,32.6
669,A6,305800,669,3.2,5.2,1995MM07,34.3
670,A6,305800,670,1.4,-2.2,1995MM08,33.5
671,A6,305800,671,5.1,-2.6,1995MM09,32.7
672,A6,305800,672,2.7,-6.1,1995MM10,30.7
673,A6,305800,673,0.9,0.2,1995MM11,30.7
674,A6,305800,674,2.3,-0.4,1995MM12,30.6
676,A6,305800,676,-0.1,2.0,1996MM01,31.3
677,A6,305800,677,-1.8,-0.1,1996MM02,31.2
678,A6,305800,678,0.2,1.6,1996MM03,31.7
679,A6,305800,679,1.8,5.4,1996MM04,33.5
680,A6,305800,680,2.7,0.0,1996MM05,33.5
681,A6,305800,681,3.8,1.1,1996MM06,33.8
682,A6,305800,682,2.5,3.9,1996MM07,35.1
683,A6,305800,683,7.0,2.1,1996MM08,35.9
684,A6,305800,684,10.2,0.4,1996MM09,36.0
685,A6,305800,685,16.0,-1.1,1996MM10,35.6
686,A6,305800,686,16.2,0.3,1996MM11,35.7
687,A6,305800,687,18.2,1.3,1996MM12,36.2
689,A6,305800,689,20.6,4.1,1997MM01,37.7
690,A6,305800,690,21.1,0.4,1997MM02,37.8
691,A6,305800,691,18.8,-0.3,1997MM03,37.7
692,A6,305800,692,14.6,1.7,1997MM04,38.4
693,A6,305800,693,15.4,0.7,1997MM05,38.6
694,A6,305800,694,13.2,-0.8,1997MM06,38.3
695,A6,305800,695,6.4,-2.4,1997MM07,37.4
696,A6,305800,696,3.7,-0.4,1997MM08,37.2
697,A6,305800,697,2.4,-1.0,1997MM09,36.9
698,A6,305800,698,3.4,-0.1,1997MM10,36.8
699,A6,305800,699,2.5,-0.5,1997MM11,36.6
700,A6,305800,700,0.3,-0.9,1997MM12,36.3
702,A6,305800,702,-2.0,1.7,1998MM01,36.9
703,A6,305800,703,-2.9,-0.5,1998MM02,36.7
704,A6,305800,704,-3.0,-0.5,1998MM03,36.6
705,A6,305800,705,-7.6,-3.0,1998MM04,35.4
706,A6,305800,706,-8.3,-0.1,1998MM05,35.4
707,A6,305800,707,-9.7,-2.3,1998MM06,34.6
708,A6,305800,708,-12.6,-5.6,1998MM07,32.7
709,A6,305800,709,-13.5,-1.4,1998MM08,32.2
710,A6,305800,710,-14.0,-1.5,1998MM09,31.7
711,A6,305800,711,-17.6,-4.2,1998MM10,30.4
712,A6,305800,712,-18.2,-1.4,1998MM11,30.0
713,A6,305800,713,-18.6,-1.4,1998MM12,29.5
715,A6,305800,715,-22.9,-3.6,1999MM01,28.5
716,A6,305800,716,-22.2,0.4,1999MM02,28.6
717,A6,305800,717,-21.9,-0.2,1999MM03,28.5
718,A6,305800,718,-18.8,0.9,1999MM04,28.8
719,A6,305800,719,-18.5,0.3,1999MM05,28.9
720,A6,305800,720,-15.9,0.7,1999MM06,29.1
721,A6,305800,721,-5.7,5.9,1999MM07,30.8
722,A6,305800,722,-2.6,1.8,1999MM08,31.4
723,A6,305800,723,1.2,2.4,1999MM09,32.1
724,A6,305800,724,17.5,11.1,1999MM10,35.7
725,A6,305800,725,22.8,3.1,1999MM11,36.8
726,A6,305800,726,27.8,2.6,1999MM12,37.8
728,A6,305800,728,46.0,10.1,2000MM01,41.6
729,A6,305800,729,48.1,1.8,2000MM02,42.3
730,A6,305800,730,50.8,1.6,2000MM03,43.0
731,A6,305800,731,68.2,12.6,2000MM04,48.4
732,A6,305800,732,75.2,4.5,2000MM05,50.6
733,A6,305800,733,76.1,1.2,2000MM06,51.2
734,A6,305800,734,79.7,8.1,2000MM07,55.3
735,A6,305800,735,79.2,1.5,2000MM08,56.2
736,A6,305800,736,77.0,1.2,2000MM09,56.8
737,A6,305800,737,65.8,4.1,2000MM10,59.1
738,A6,305800,738,61.7,0.6,2000MM11,59.5
739,A6,305800,739,59.8,1.4,2000MM12,60.4
741,A6,305800,741,52.1,4.8,2001MM01,63.2
742,A6,305800,742,54.2,3.2,2001MM02,65.3
743,A6,305800,743,51.8,0.0,2001MM03,65.3
744,A6,305800,744,28.6,-4.6,2001MM04,62.3
745,A6,305800,745,24.0,0.7,2001MM05,62.8
746,A6,305800,746,24.0,1.2,2001MM06,63.5
747,A6,305800,747,12.6,-1.9,2001MM07,62.3
748,A6,305800,748,6.7,-3.8,2001MM08,60.0
749,A6,305800,749,2.8,-2.5,2001MM09,58.4
750,A6,305800,750,-4.2,-3.0,2001MM10,56.7
751,A6,305800,751,-6.7,-2.1,2001MM11,55.5
752,A6,305800,752,-9.3,-1.3,2001MM12,54.8
754,A6,305800,754,-16.1,-3.1,2002MM01,53.1
755,A6,305800,755,-17.7,1.2,2002MM02,53.7
756,A6,305800,756,-18.7,-1.1,2002MM03,53.1
757,A6,305800,757,-14.2,0.6,2002MM04,53.4
758,A6,305800,758,-15.3,-0.5,2002MM05,53.2
759,A6,305800,759,-18.2,-2.3,2002MM06,52.0
760,A6,305800,760,-12.8,4.5,2002MM07,54.3
761,A6,305800,761,-9.6,-0.3,2002MM08,54.2
762,A6,305800,762,-7.9,-0.7,2002MM09,53.8
763,A6,305800,763,-0.6,4.7,2002MM10,56.3
764,A6,305800,764,2.8,1.3,2002MM11,57.0
765,A6,305800,765,7.2,3.0,2002MM12,58.7
767,A6,305800,767,14.6,3.5,2003MM01,60.8
768,A6,305800,768,13.8,0.5,2003MM02,61.1
769,A6,305800,769,14.1,-0.8,2003MM03,60.6
770,A6,305800,770,15.0,1.4,2003MM04,61.4
771,A6,305800,771,17.4,1.6,2003MM05,62.4
772,A6,305800,772,20.7,0.4,2003MM06,62.7
773,A6,305800,773,3.3,-10.5,2003MM07,56.1
774,A6,305800,774,2.5,-1.0,2003MM08,55.6
775,A6,305800,775,1.4,-1.8,2003MM09,54.6
776,A6,305800,776,-2.9,0.3,2003MM10,54.7
777,A6,305800,777,-3.3,0.9,2003MM11,55.2
778,A6,305800,778,-2.5,3.8,2003MM12,57.3
780,A6,305800,780,-7.9,-2.3,2004MM01,56.0
781,A6,305800,781,-7.8,0.7,2004MM02,56.3
782,A6,305800,782,-7.6,-0.5,2004MM03,56.0
783,A6,305800,783,-10.3,-1.6,2004MM04,55.1
784,A6,305800,784,-12.6,-1.0,2004MM05,54.6
785,A6,305800,785,-12.2,0.9,2004MM06,55.0
786,A6,305800,786,0.1,2.0,2004MM07,56.1
787,A6,305800,787,0.4,-0.7,2004MM08,55.8
788,A6,305800,788,4.1,1.8,2004MM09,56.8
789,A6,305800,789,12.3,8.2,2004MM10,61.4
790,A6,305800,790,13.3,1.8,2004MM11,62.5
791,A6,305800,791,9.8,0.5,2004MM12,62.9
793,A6,305800,793,12.3615384615,0.45,2005MM01,67.5
794,A6,305800,794,14.9230769231,0.4,2005MM02,67.7
795,A6,305800,795,17.4846153846,0.7,2005MM03,68.2
796,A6,305800,796,20.0461538462,4.9,2005MM04,71.5
797,A6,305800,797,22.6076923077,-0.4,2005MM05,71.3
798,A6,305800,798,25.1692307692,2.5,2005MM06,73.1
799,A6,305800,799,27.7307692308,4.6,2005MM07,76.4
800,A6,305800,800,30.2923076923,3.1,2005MM08,78.8
801,A6,305800,801,32.8538461538,2.1,2005MM09,80.5
802,A6,305800,802,35.4153846154,7.9,2005MM10,86.9
803,A6,305800,803,37.9769230769,0.4,2005MM11,87.2
804,A6,305800,804,40.5384615385,6.2,2005MM12,92.6
806,A6,305800,806,43.1,4.3,2006MM01,96.5
807,A6,305800,807,42.7,0.2,2006MM02,96.7
808,A6,305800,808,43.3,1.1,2006MM03,97.8
809,A6,305800,809,41.1,3.2,2006MM04,100.9
810,A6,305800,810,47.7,4.4,2006MM05,105.3
811,A6,305800,811,43.8,-0.3,2006MM06,105.0
812,A6,305800,812,36.5,-0.7,2006MM07,104.3
813,A6,305800,813,32.4,0.0,2006MM08,104.3
814,A6,305800,814,30.8,1.0,2006MM09,105.3
815,A6,305800,815,20.5,-0.6,2006MM10,104.7
816,A6,305800,816,18.9,-1.0,2006MM11,103.7
817,A6,305800,817,12.2,0.2,2006MM12,103.9
819,A6,305800,819,8.8,1.1,2007MM01,105.0
820,A6,305800,820,6.7,-1.8,2007MM02,103.1
821,A6,305800,821,6.0,0.5,2007MM03,103.7
822,A6,305800,822,2.0,-0.7,2007MM04,103.0
823,A6,305800,823,-3.7,-1.5,2007MM05,101.4
824,A6,305800,824,-5.2,-1.9,2007MM06,99.5
825,A6,305800,825,0.2,5.0,2007MM07,104.5
826,A6,305800,826,-0.7,-0.9,2007MM08,103.6
827,A6,305800,827,-3.5,-1.9,2007MM09,101.6
828,A6,305800,828,-1.1,1.8,2007MM10,103.5
829,A6,305800,829,-0.1,0.1,2007MM11,103.6
830,A6,305800,830,0.7,1.0,2007MM12,104.6
832,A6,305800,832,4.1,4.5,2008MM01,109.3
833,A6,305800,833,9.0,2.8,2008MM02,112.4
834,A6,305800,834,11.0,2.4,2008MM03,115.1
835,A6,305800,835,17.0,4.7,2008MM04,120.5
836,A6,305800,836,26.8,6.8,2008MM05,128.7
837,A6,305800,837,36.2,5.4,2008MM06,135.6
838,A6,305800,838,41.8,9.3,2008MM07,148.2
839,A6,305800,839,45.7,1.8,2008MM08,150.9
840,A6,305800,840,44.0,-3.0,2008MM09,146.4
841,A6,305800,841,44.7,2.3,2008MM10,149.7
842,A6,305800,842,39.1,-3.8,2008MM11,144.1
843,A6,305800,843,37.6,-0.1,2008MM12,144.0
845,A6,305800,845,18.2,-10.2,2009MM01,129.3
846,A6,305800,846,11.6,-3.0,2009MM02,125.4
847,A6,305800,847,4.2,-4.4,2009MM03,120.0
848,A6,305800,848,-16.1,-15.7,2009MM04,101.1
849,A6,305800,849,-25.7,-5.5,2009MM05,95.6
850,A6,305800,850,-31.6,-3.0,2009MM06,92.7
851,A6,305800,851,-42.2,-7.7,2009MM07,85.6
852,A6,305800,852,-45.0,-3.0,2009MM08,83.0
853,A6,305800,853,-43.1,0.2,2009MM09,83.2
854,A6,305800,854,-41.5,5.3,2009MM10,87.6
855,A6,305800,855,-37.1,3.5,2009MM11,90.7
856,A6,305800,856,-37.3,-0.5,2009MM12,90.2
858,A6,305800,858,-31.9,-2.4,2010MM01,88.1
859,A6,305800,859,-28.0,2.5,2010MM02,90.3
860,A6,305800,860,-23.5,1.6,2010MM03,91.7
861,A6,305800,861,-7.2,2.3,2010MM04,93.8
862,A6,305800,862,-1.2,0.7,2010MM05,94.5
863,A6,305800,863,7.9,5.9,2010MM06,100.0
864,A6,305800,864,26.8,8.5,2010MM07,108.5
865,A6,305800,865,31.1,0.3,2010MM08,108.9
866,A6,305800,866,27.6,-2.4,2010MM09,106.2
867,A6,305800,867,20.3,-0.7,2010MM10,105.4
868,A6,305800,868,19.0,2.3,2010MM11,107.9
869,A6,305800,869,16.0,-2.9,2010MM12,104.7
871,A6,305800,871,26.1,6.1,2011MM01,111.1
872,A6,305800,872,23.4,0.3,2011MM02,111.4
873,A6,305800,873,22.1,0.6,2011MM03,112.1
874,A6,305800,874,27.4,6.6,2011MM04,119.5
875,A6,305800,875,25.6,-0.7,2011MM05,118.6
876,A6,305800,876,20.2,1.3,2011MM06,120.2
877,A6,305800,877,11.8,0.9,2011MM07,121.3
878,A6,305800,878,10.1,-1.2,2011MM08,119.8
879,A6,305800,879,17.3,4.0,2011MM09,124.6
880,A6,305800,880,26.2,6.8,2011MM10,133.1
881,A6,305800,881,24.2,0.7,2011MM11,133.9
882,A6,305800,882,27.6,-0.3,2011MM12,133.6
884,A6,305800,884,15.8,-3.7,2012MM01,128.6
885,A6,305800,885,15.8,0.3,2012MM02,129.0
886,A6,305800,886,15.9,0.7,2012MM03,129.9
887,A6,305800,887,12.3,3.3,2012MM04,134.2
888,A6,305800,888,14.9,1.6,2012MM05,136.3
889,A6,305800,889,10.2,-2.8,2012MM06,132.5
890,A6,305800,890,8.4,-0.7,2012MM07,131.6
891,A6,305800,891,11.7,1.8,2012MM08,133.9
892,A6,305800,892,7.3,-0.2,2012MM09,133.7
893,A6,305800,893,3.0,2.5,2012MM10,137.1
894,A6,305800,894,6.4,4.0,2012MM11,142.6
895,A6,305800,895,2.6,-3.9,2012MM12,137.0
897,A6,305800,897,4.2,-2.2,2013MM01,134.1
898,A6,305800,898,1.9,-2.0,2013MM02,131.4
899,A6,305800,899,1.4,0.2,2013MM03,131.7
900,A6,305800,900,-2.5,-0.6,2013MM04,130.8
901,A6,305800,901,-5.0,-1.1,2013MM05,129.4
902,A6,305800,902,-2.7,-0.4,2013MM06,128.9
903,A6,305800,903,-2.0,0.0,2013MM07,128.9
904,A6,305800,904,-4.2,-0.5,2013MM08,128.3
905,A6,305800,905,-5.0,-1.0,2013MM09,127.0
906,A6,305800,906,-6.1,1.3,2013MM10,128.7
907,A6,305800,907,-8.5,1.4,2013MM11,130.4
908,A6,305800,908,-4.2,0.6,2013MM12,131.3
910,A6,305800,910,-2.2,-0.1,2014MM01,131.1
911,A6,305800,911,-3.7,-3.5,2014MM02,126.6
912,A6,305800,912,-8.0,-4.3,2014MM03,121.1
913,A6,305800,913,-13.2,-6.3,2014MM04,113.5
914,A6,305800,914,-16.8,-5.1,2014MM05,107.7
915,A6,305800,915,-18.0,-1.8,2014MM06,105.7
916,A6,305800,916,-21.7,-4.6,2014MM07,100.9
917,A6,305800,917,-21.2,0.2,2014MM08,101.1
918,A6,305800,918,-16.8,4.5,2014MM09,105.6
919,A6,305800,919,-12.1,7.1,2014MM10,113.1
920,A6,305800,920,-11.9,1.6,2014MM11,114.9
921,A6,305800,921,-12.0,0.5,2014MM12,115.5
923,A6,305800,923,-17.9,-6.8,2015MM01,107.7
924,A6,305800,924,-17.8,-3.4,2015MM02,104.0
925,A6,305800,925,-9.9,4.9,2015MM03,109.2
926,A6,305800,926,-6.4,-2.7,2015MM04,106.2
927,A6,305800,927,-4.5,-3.2,2015MM05,102.8
928,A6,305800,928,-4.5,-1.8,2015MM06,101.0
929,A6,305800,929,-0.1,-0.2,2015MM07,100.8
930,A6,305800,930,-0.9,-0.7,2015MM08,100.2
931,A6,305800,931,-4.2,1.0,2015MM09,101.1
932,A6,305800,932,-17.0,-7.2,2015MM10,93.8
933,A6,305800,933,-21.8,-4.2,2015MM11,89.9
934,A6,305800,934,-24.5,-2.9,2015MM12,87.2
936,A6,305800,936,-23.1378378378,-2.77307692308,2016MM01,85.824
937,A6,305800,937,-21.7756756757,-2.64615384615,2016MM02,84.448
938,A6,305800,938,-20.4135135135,-2.51923076923,2016MM03,83.072
939,A6,305800,939,-19.0513513514,-2.39230769231,2016MM04,81.696
940,A6,305800,940,-17.6891891892,-2.26538461538,2016MM05,80.32
941,A6,305800,941,-16.327027027,-2.13846153846,2016MM06,78.944
942,A6,305800,942,-14.9648648649,-2.01153846154,2016MM07,77.568
943,A6,305800,943,-13.6027027027,-1.88461538462,2016MM08,76.192
944,A6,305800,944,-12.2405405405,-1.75769230769,2016MM09,74.816
945,A6,305800,945,-10.8783783784,-1.63076923077,2016MM10,73.44
946,A6,305800,946,-9.51621621622,-1.50384615385,2016MM11,72.064
947,A6,305800,947,-8.15405405405,-1.37692307692,2016MM12,70.688
949,A6,305800,949,-6.79189189189,-1.25,2017MM01,69.312
950,A6,305800,950,-5.42972972973,-1.12307692308,2017MM02,67.936
951,A6,305800,951,-4.06756756757,-0.996153846154,2017MM03,66.56
952,A6,305800,952,-2.70540540541,-0.869230769231,2017MM04,65.184
953,A6,305800,953,-1.34324324324,-0.742307692308,2017MM05,63.808
954,A6,305800,954,0.0189189189189,-0.615384615385,2017MM06,62.432
955,A6,305800,955,1.38108108108,-0.488461538462,2017MM07,61.056
956,A6,305800,956,2.74324324324,-0.361538461538,2017MM08,59.68
957,A6,305800,957,4.10540540541,-0.234615384615,2017MM09,58.304
958,A6,305800,958,5.46756756757,-0.107692307692,2017MM10,56.928
959,A6,305800,959,6.82972972973,0.0192307692308,2017MM11,55.552
960,A6,305800,960,8.19189189189,0.146153846154,2017MM12,54.176
