,Afzet,BedrijfstakkenBranchesSBI2008,ID,OntwikkelingTOV1JaarEerder_2,OntwikkelingTOV1MaandEerder_3,Perioden,ProducentenprijsindexPPI_1
64935,A5,305800,64935,10.3153846154,3.15,1981MM01,39.1
64936,A5,305800,64936,14.0307692308,2.3,1981MM02,40.0
64937,A5,305800,64937,17.7461538462,4.0,1981MM03,41.6
64938,A5,305800,64938,21.4615384615,11.9,1981MM04,46.6
64939,A5,305800,64939,25.1769230769,3.2,1981MM05,48.1
64940,A5,305800,64940,28.8923076923,12.0,1981MM06,53.8
64941,A5,305800,64941,32.6076923077,22.4,1981MM07,65.8
64942,A5,305800,64942,36.3230769231,-1.5,1981MM08,64.9
64943,A5,305800,64943,40.0384615385,-7.2,1981MM09,60.2
64944,A5,305800,64944,43.7538461538,1.7,1981MM10,61.2
64945,A5,305800,64945,47.4692307692,-0.3,1981MM11,61.0
64946,A5,305800,64946,51.1846153846,0.4,1981MM12,61.3
64948,A5,305800,64948,54.9,-1.2,1982MM01,60.5
64949,A5,305800,64949,49.1,-1.5,1982MM02,59.6
64950,A5,305800,64950,42.9,-0.3,1982MM03,59.5
64951,A5,305800,64951,27.3,-0.3,1982MM04,59.3
64952,A5,305800,64952,23.5,0.1,1982MM05,59.3
64953,A5,305800,64953,10.7,0.4,1982MM06,59.6
64954,A5,305800,64954,-10.2,-0.8,1982MM07,59.1
64955,A5,305800,64955,-9.5,-0.7,1982MM08,58.7
64956,A5,305800,64956,-4.7,-2.3,1982MM09,57.4
64957,A5,305800,64957,-7.1,-0.8,1982MM10,56.9
64958,A5,305800,64958,-7.4,-0.7,1982MM11,56.5
64959,A5,305800,64959,-9.2,-1.5,1982MM12,55.7
64961,A5,305800,64961,-7.8,0.3,1983MM01,55.8
64962,A5,305800,64962,-6.5,-0.1,1983MM02,55.8
64963,A5,305800,64963,-6.4,-0.2,1983MM03,55.7
64964,A5,305800,64964,-6.8,-0.7,1983MM04,55.3
64965,A5,305800,64965,-7.1,-0.3,1983MM05,55.1
64966,A5,305800,64966,-9.5,-2.2,1983MM06,53.9
64967,A5,305800,64967,-6.9,2.2,1983MM07,55.0
64968,A5,305800,64968,-6.8,-0.6,1983MM08,54.7
64969,A5,305800,64969,-6.0,-1.5,1983MM09,53.9
64970,A5,305800,64970,-1.9,3.6,1983MM10,55.8
64971,A5,305800,64971,-0.4,0.8,1983MM11,56.2
64972,A5,305800,64972,4.2,3.1,1983MM12,58.0
64974,A5,305800,64974,1.9,-1.9,1984MM01,56.9
64975,A5,305800,64975,3.4,1.4,1984MM02,57.7
64976,A5,305800,64976,9.1,5.3,1984MM03,60.7
64977,A5,305800,64977,11.7,1.7,1984MM04,61.7
64978,A5,305800,64978,20.0,7.1,1984MM05,66.1
64979,A5,305800,64979,24.4,1.4,1984MM06,67.0
64980,A5,305800,64980,21.9,0.1,1984MM07,67.1
64981,A5,305800,64981,26.1,2.8,1984MM08,69.0
64982,A5,305800,64982,31.0,2.3,1984MM09,70.6
64983,A5,305800,64983,21.7,-3.8,1984MM10,67.9
64984,A5,305800,64984,15.5,-4.4,1984MM11,64.9
64985,A5,305800,64985,12.8,0.7,1984MM12,65.4
64987,A5,305800,64987,14.5,-0.4,1985MM01,65.1
64988,A5,305800,64988,7.5,-4.8,1985MM02,62.0
64989,A5,305800,64989,4.3,2.1,1985MM03,63.3
64990,A5,305800,64990,3.7,1.1,1985MM04,64.0
64991,A5,305800,64991,4.3,7.8,1985MM05,69.0
64992,A5,305800,64992,5.3,2.3,1985MM06,70.6
64993,A5,305800,64993,2.0,-3.0,1985MM07,68.4
64994,A5,305800,64994,4.4,5.3,1985MM08,72.1
64995,A5,305800,64995,-1.5,-3.5,1985MM09,69.5
64996,A5,305800,64996,4.7,2.2,1985MM10,71.1
64997,A5,305800,64997,3.3,-5.6,1985MM11,67.1
64998,A5,305800,64998,-4.0,-6.4,1985MM12,62.8
65000,A5,305800,65000,-7.3,-3.9,1986MM01,60.4
65001,A5,305800,65001,-24.9,-22.8,1986MM02,46.6
65002,A5,305800,65002,-6.4,27.2,1986MM03,59.3
65003,A5,305800,65003,-10.0,-2.8,1986MM04,57.6
65004,A5,305800,65004,-18.0,-1.8,1986MM05,56.6
65005,A5,305800,65005,-23.6,-4.6,1986MM06,53.9
65006,A5,305800,65006,-17.5,4.7,1986MM07,56.5
65007,A5,305800,65007,-26.2,-5.9,1986MM08,53.1
65008,A5,305800,65008,-32.0,-11.1,1986MM09,47.3
65009,A5,305800,65009,-33.0,0.7,1986MM10,47.6
65010,A5,305800,65010,-45.2,-22.7,1986MM11,36.8
65011,A5,305800,65011,-48.9,-12.8,1986MM12,32.1
65013,A5,305800,65013,-53.0,-11.6,1987MM01,28.4
65014,A5,305800,65014,-42.1,-4.9,1987MM02,27.0
65015,A5,305800,65015,-54.8,-0.6,1987MM03,26.8
65016,A5,305800,65016,-59.5,-12.9,1987MM04,23.3
65017,A5,305800,65017,-59.7,-2.3,1987MM05,22.8
65018,A5,305800,65018,-57.5,0.5,1987MM06,22.9
65019,A5,305800,65019,-56.1,8.2,1987MM07,24.8
65020,A5,305800,65020,-51.7,3.5,1987MM08,25.7
65021,A5,305800,65021,-36.0,17.9,1987MM09,30.2
65022,A5,305800,65022,-33.9,4.1,1987MM10,31.5
65023,A5,305800,65023,-11.1,3.8,1987MM11,32.7
65024,A5,305800,65024,-5.1,-6.9,1987MM12,30.4
65026,A5,305800,65026,-2.3,-9.0,1988MM01,27.7
65027,A5,305800,65027,-2.4,-5.0,1988MM02,26.3
65028,A5,305800,65028,-3.9,-2.1,1988MM03,25.8
65029,A5,305800,65029,0.7,-8.8,1988MM04,23.5
65030,A5,305800,65030,6.6,3.4,1988MM05,24.3
65031,A5,305800,65031,4.4,-1.6,1988MM06,23.9
65032,A5,305800,65032,-3.0,0.5,1988MM07,24.0
65033,A5,305800,65033,-4.7,1.7,1988MM08,24.5
65034,A5,305800,65034,-13.8,6.6,1988MM09,26.1
65035,A5,305800,65035,-25.6,-10.1,1988MM10,23.4
65036,A5,305800,65036,-19.4,12.5,1988MM11,26.3
65037,A5,305800,65037,-11.8,1.9,1988MM12,26.8
65039,A5,305800,65039,-28.9,-26.6,1989MM01,19.7
65040,A5,305800,65040,-25.2,-0.1,1989MM02,19.7
65041,A5,305800,65041,-29.4,-7.5,1989MM03,18.2
65042,A5,305800,65042,-24.8,-3.0,1989MM04,17.7
65043,A5,305800,65043,-6.9,28.2,1989MM05,22.6
65044,A5,305800,65044,-21.8,-17.4,1989MM06,18.7
65045,A5,305800,65045,-20.1,2.7,1989MM07,19.2
65046,A5,305800,65046,-19.1,3.0,1989MM08,19.8
65047,A5,305800,65047,-19.3,6.3,1989MM09,21.0
65048,A5,305800,65048,3.0,14.7,1989MM10,24.1
65049,A5,305800,65049,13.4,23.9,1989MM11,29.9
65050,A5,305800,65050,12.4,1.0,1989MM12,30.2
65052,A5,305800,65052,53.4,0.1,1990MM01,30.2
65053,A5,305800,65053,49.8,-2.4,1990MM02,29.5
65054,A5,305800,65054,72.2,6.3,1990MM03,31.3
65055,A5,305800,65055,82.1,2.6,1990MM04,32.2
65056,A5,305800,65056,50.7,6.0,1990MM05,34.1
65057,A5,305800,65057,88.9,3.6,1990MM06,35.3
65058,A5,305800,65058,96.6,6.9,1990MM07,37.8
65059,A5,305800,65059,84.4,-3.4,1990MM08,36.5
65060,A5,305800,65060,74.4,0.5,1990MM09,36.7
65061,A5,305800,65061,31.3,-13.6,1990MM10,31.7
65062,A5,305800,65062,3.9,-2.1,1990MM11,31.0
65063,A5,305800,65063,3.5,0.7,1990MM12,31.2
65065,A5,305800,65065,6.0,2.5,1991MM01,32.0
65066,A5,305800,65066,31.4,20.9,1991MM02,38.7
65067,A5,305800,65067,11.3,-9.9,1991MM03,34.9
65068,A5,305800,65068,15.7,6.6,1991MM04,37.2
65069,A5,305800,65069,13.9,4.5,1991MM05,38.9
65070,A5,305800,65070,16.9,6.3,1991MM06,41.3
65071,A5,305800,65071,12.5,2.8,1991MM07,42.5
65072,A5,305800,65072,17.8,1.2,1991MM08,43.0
65073,A5,305800,65073,8.3,-7.6,1991MM09,39.7
65074,A5,305800,65074,28.4,2.4,1991MM10,40.7
65075,A5,305800,65075,32.9,1.4,1991MM11,41.2
65076,A5,305800,65076,11.5,-15.5,1991MM12,34.8
65078,A5,305800,65078,-1.6,-9.5,1992MM01,31.5
65079,A5,305800,65079,-21.0,-2.9,1992MM02,30.6
65080,A5,305800,65080,-8.0,4.9,1992MM03,32.1
65081,A5,305800,65081,-15.9,-2.6,1992MM04,31.3
65082,A5,305800,65082,-19.1,0.6,1992MM05,31.4
65083,A5,305800,65083,-24.5,-0.9,1992MM06,31.2
65084,A5,305800,65084,-26.0,0.9,1992MM07,31.4
65085,A5,305800,65085,-25.1,2.3,1992MM08,32.2
65086,A5,305800,65086,-11.3,9.6,1992MM09,35.2
65087,A5,305800,65087,-10.9,2.8,1992MM10,36.2
65088,A5,305800,65088,-10.1,2.3,1992MM11,37.1
65089,A5,305800,65089,-3.8,-9.5,1992MM12,33.5
65091,A5,305800,65091,-9.1,-14.5,1993MM01,28.6
65092,A5,305800,65092,-8.3,-2.0,1993MM02,28.1
65093,A5,305800,65093,-11.1,1.7,1993MM03,28.5
65094,A5,305800,65094,-1.5,7.9,1993MM04,30.8
65095,A5,305800,65095,-11.2,-9.3,1993MM05,27.9
65096,A5,305800,65096,-10.5,-0.1,1993MM06,27.9
65097,A5,305800,65097,-5.5,6.5,1993MM07,29.7
65098,A5,305800,65098,-7.3,0.4,1993MM08,29.8
65099,A5,305800,65099,-7.5,9.3,1993MM09,32.6
65100,A5,305800,65100,-2.6,8.3,1993MM10,35.3
65101,A5,305800,65101,1.9,7.0,1993MM11,37.8
65102,A5,305800,65102,11.8,-0.8,1993MM12,37.5
65104,A5,305800,65104,11.1,-15.1,1994MM01,31.8
65105,A5,305800,65105,7.3,-5.4,1994MM02,30.1
65106,A5,305800,65106,0.5,-4.8,1994MM03,28.7
65107,A5,305800,65107,-8.3,-1.5,1994MM04,28.2
65108,A5,305800,65108,8.6,7.4,1994MM05,30.3
65109,A5,305800,65109,-1.3,-9.2,1994MM06,27.5
65110,A5,305800,65110,-7.2,0.0,1994MM07,27.5
65111,A5,305800,65111,-5.3,2.5,1994MM08,28.2
65112,A5,305800,65112,-13.6,-0.3,1994MM09,28.1
65113,A5,305800,65113,-13.1,9.0,1994MM10,30.7
65114,A5,305800,65114,-14.4,5.4,1994MM11,32.3
65115,A5,305800,65115,-12.7,1.2,1994MM12,32.7
65117,A5,305800,65117,-1.9,-4.6,1995MM01,31.2
65118,A5,305800,65118,3.6,-0.1,1995MM02,31.2
65119,A5,305800,65119,4.2,-4.2,1995MM03,29.9
65120,A5,305800,65120,6.6,0.7,1995MM04,30.1
65121,A5,305800,65121,-6.7,-6.0,1995MM05,28.3
65122,A5,305800,65122,1.2,-1.5,1995MM06,27.9
65123,A5,305800,65123,19.3,17.8,1995MM07,32.9
65124,A5,305800,65124,8.3,-6.9,1995MM08,30.6
65125,A5,305800,65125,-0.6,-8.5,1995MM09,28.0
65126,A5,305800,65126,-14.9,-6.7,1995MM10,26.1
65127,A5,305800,65127,-19.1,0.2,1995MM11,26.2
65128,A5,305800,65128,-21.5,-1.8,1995MM12,25.7
65130,A5,305800,65130,-14.5,3.9,1996MM01,26.7
65131,A5,305800,65131,-13.5,1.1,1996MM02,27.0
65132,A5,305800,65132,-7.0,3.0,1996MM03,27.8
65133,A5,305800,65133,-3.4,4.6,1996MM04,29.1
65134,A5,305800,65134,4.8,2.1,1996MM05,29.7
65135,A5,305800,65135,11.8,5.1,1996MM06,31.2
65136,A5,305800,65136,-2.6,2.7,1996MM07,32.0
65137,A5,305800,65137,10.6,5.7,1996MM08,33.8
65138,A5,305800,65138,19.6,-1.1,1996MM09,33.5
65139,A5,305800,65139,23.1,-3.9,1996MM10,32.1
65140,A5,305800,65140,25.8,2.4,1996MM11,32.9
65141,A5,305800,65141,30.4,1.8,1996MM12,33.5
65143,A5,305800,65143,28.0,1.9,1997MM01,34.2
65144,A5,305800,65144,29.4,2.2,1997MM02,34.9
65145,A5,305800,65145,26.5,0.7,1997MM03,35.1
65146,A5,305800,65146,23.6,2.2,1997MM04,35.9
65147,A5,305800,65147,20.9,-0.1,1997MM05,35.9
65148,A5,305800,65148,13.9,-1.0,1997MM06,35.5
65149,A5,305800,65149,9.4,-1.4,1997MM07,35.0
65150,A5,305800,65150,1.6,-1.9,1997MM08,34.4
65151,A5,305800,65151,0.7,-2.0,1997MM09,33.7
65152,A5,305800,65152,3.8,-1.0,1997MM10,33.4
65153,A5,305800,65153,-0.5,-1.9,1997MM11,32.8
65154,A5,305800,65154,-2.0,0.3,1997MM12,32.9
65156,A5,305800,65156,-4.2,-0.4,1998MM01,32.7
65157,A5,305800,65157,-5.7,0.6,1998MM02,32.9
65158,A5,305800,65158,-6.8,-0.6,1998MM03,32.7
65159,A5,305800,65159,-10.7,-2.0,1998MM04,32.1
65160,A5,305800,65160,-10.6,0.0,1998MM05,32.1
65161,A5,305800,65161,-13.6,-4.4,1998MM06,30.7
65162,A5,305800,65162,-15.0,-3.0,1998MM07,29.8
65163,A5,305800,65163,-16.9,-4.0,1998MM08,28.6
65164,A5,305800,65164,-19.8,-5.4,1998MM09,27.0
65165,A5,305800,65165,-22.9,-4.8,1998MM10,25.7
65166,A5,305800,65166,-23.9,-3.2,1998MM11,24.9
65167,A5,305800,65167,-26.4,-3.0,1998MM12,24.2
65169,A5,305800,65169,-27.7,-2.2,1999MM01,23.7
65170,A5,305800,65170,-28.5,-0.5,1999MM02,23.5
65171,A5,305800,65171,-30.1,-2.9,1999MM03,22.9
65172,A5,305800,65172,-27.6,1.5,1999MM04,23.2
65173,A5,305800,65173,-27.4,0.3,1999MM05,23.3
65174,A5,305800,65174,-22.2,2.4,1999MM06,23.9
65175,A5,305800,65175,-17.4,3.1,1999MM07,24.6
65176,A5,305800,65176,-10.3,4.3,1999MM08,25.6
65177,A5,305800,65177,-0.7,4.7,1999MM09,26.8
65178,A5,305800,65178,13.7,9.0,1999MM10,29.3
65179,A5,305800,65179,24.7,6.2,1999MM11,31.1
65180,A5,305800,65180,37.8,7.2,1999MM12,33.3
65182,A5,305800,65182,49.0,5.8,2000MM01,35.2
65183,A5,305800,65183,57.0,4.9,2000MM02,37.0
65184,A5,305800,65184,68.3,4.2,2000MM03,38.5
65185,A5,305800,65185,86.8,12.6,2000MM04,43.4
65186,A5,305800,65186,100.2,7.5,2000MM05,46.6
65187,A5,305800,65187,107.2,6.0,2000MM06,49.4
65188,A5,305800,65188,117.0,8.0,2000MM07,53.4
65189,A5,305800,65189,112.2,1.9,2000MM08,54.4
65190,A5,305800,65190,102.7,0.0,2000MM09,54.4
65191,A5,305800,65191,96.4,5.6,2000MM10,57.5
65192,A5,305800,65192,87.0,1.1,2000MM11,58.1
65193,A5,305800,65193,78.6,2.4,2000MM12,59.5
65195,A5,305800,65195,69.0,0.1,2001MM01,59.6
65196,A5,305800,65196,63.9,1.7,2001MM02,60.6
65197,A5,305800,65197,54.9,-1.5,2001MM03,59.6
65198,A5,305800,65198,36.4,-0.8,2001MM04,59.2
65199,A5,305800,65199,29.0,1.7,2001MM05,60.1
65200,A5,305800,65200,25.2,2.9,2001MM06,61.9
65201,A5,305800,65201,12.7,-2.8,2001MM07,60.1
65202,A5,305800,65202,3.8,-6.1,2001MM08,56.5
65203,A5,305800,65203,-1.1,-4.7,2001MM09,53.8
65204,A5,305800,65204,-6.4,-0.1,2001MM10,53.8
65205,A5,305800,65205,-10.7,-3.5,2001MM11,51.9
65206,A5,305800,65206,-14.9,-2.5,2001MM12,50.7
65208,A5,305800,65208,-17.9,-3.5,2002MM01,48.9
65209,A5,305800,65209,-19.8,-0.6,2002MM02,48.6
65210,A5,305800,65210,-19.3,-1.0,2002MM03,48.1
65211,A5,305800,65211,-19.0,-0.4,2002MM04,47.9
65212,A5,305800,65212,-20.2,0.2,2002MM05,48.0
65213,A5,305800,65213,-21.4,1.3,2002MM06,48.6
65214,A5,305800,65214,-21.9,-3.4,2002MM07,47.0
65215,A5,305800,65215,-14.5,2.9,2002MM08,48.3
65216,A5,305800,65216,-11.0,-0.8,2002MM09,47.9
65217,A5,305800,65217,-8.8,2.3,2002MM10,49.1
65218,A5,305800,65218,-3.3,2.4,2002MM11,50.2
65219,A5,305800,65219,-0.3,0.6,2002MM12,50.5
65221,A5,305800,65221,2.5,-0.7,2003MM01,50.1
65222,A5,305800,65222,4.2,1.0,2003MM02,50.6
65223,A5,305800,65223,6.9,1.6,2003MM03,51.5
65224,A5,305800,65224,9.7,2.1,2003MM04,52.6
65225,A5,305800,65225,14.7,4.7,2003MM05,55.0
65226,A5,305800,65226,14.6,1.3,2003MM06,55.7
65227,A5,305800,65227,12.0,-5.7,2003MM07,52.6
65228,A5,305800,65228,7.6,-1.1,2003MM08,52.0
65229,A5,305800,65229,5.3,-2.9,2003MM09,50.5
65230,A5,305800,65230,-0.1,-3.0,2003MM10,49.0
65231,A5,305800,65231,-6.4,-4.0,2003MM11,47.0
65232,A5,305800,65232,-5.5,1.5,2003MM12,47.7
65234,A5,305800,65234,-8.8,-4.2,2004MM01,45.7
65235,A5,305800,65235,-8.3,1.5,2004MM02,46.4
65236,A5,305800,65236,-9.1,0.8,2004MM03,46.8
65237,A5,305800,65237,-8.8,2.4,2004MM04,47.9
65238,A5,305800,65238,-12.8,0.2,2004MM05,48.0
65239,A5,305800,65239,-11.5,2.8,2004MM06,49.3
65240,A5,305800,65240,-2.5,3.9,2004MM07,51.3
65241,A5,305800,65241,-4.2,-2.9,2004MM08,49.8
65242,A5,305800,65242,-0.2,1.2,2004MM09,50.4
65243,A5,305800,65243,10.7,7.7,2004MM10,54.2
65244,A5,305800,65244,18.9,3.1,2004MM11,55.9
65245,A5,305800,65245,21.4,3.6,2004MM12,57.9
65247,A5,305800,65247,23.6076923077,2.05,2005MM01,59.6
65248,A5,305800,65248,25.8153846154,0.5,2005MM02,59.9
65249,A5,305800,65249,28.0230769231,0.5,2005MM03,60.2
65250,A5,305800,65250,30.2307692308,5.2,2005MM04,63.4
65251,A5,305800,65251,32.4384615385,2.2,2005MM05,64.8
65252,A5,305800,65252,34.6461538462,1.6,2005MM06,65.9
65253,A5,305800,65253,36.8538461538,4.2,2005MM07,68.6
65254,A5,305800,65254,39.0615384615,5.0,2005MM08,72.0
65255,A5,305800,65255,41.2692307692,0.9,2005MM09,72.7
65256,A5,305800,65256,43.4769230769,9.3,2005MM10,79.4
65257,A5,305800,65257,45.6846153846,1.0,2005MM11,80.2
65258,A5,305800,65258,47.8923076923,6.3,2005MM12,85.3
65260,A5,305800,65260,50.1,4.8,2006MM01,89.4
65261,A5,305800,65261,50.2,0.6,2006MM02,90.0
65262,A5,305800,65262,50.1,0.5,2006MM03,90.4
65263,A5,305800,65263,51.2,6.0,2006MM04,95.8
65264,A5,305800,65264,56.3,5.7,2006MM05,101.3
65265,A5,305800,65265,51.6,-1.4,2006MM06,99.8
65266,A5,305800,65266,42.3,-2.2,2006MM07,97.6
65267,A5,305800,65267,36.4,0.7,2006MM08,98.3
65268,A5,305800,65268,35.9,0.5,2006MM09,98.8
65269,A5,305800,65269,25.0,0.5,2006MM10,99.3
65270,A5,305800,65270,19.7,-3.3,2006MM11,96.1
65271,A5,305800,65271,12.7,0.1,2006MM12,96.1
65273,A5,305800,65273,4.0,-3.3,2007MM01,93.0
65274,A5,305800,65274,1.0,-2.2,2007MM02,90.9
65275,A5,305800,65275,0.3,-0.3,2007MM03,90.7
65276,A5,305800,65276,-7.9,-2.7,2007MM04,88.2
65277,A5,305800,65277,-15.3,-2.8,2007MM05,85.7
65278,A5,305800,65278,-12.5,1.9,2007MM06,87.3
65279,A5,305800,65279,-8.0,2.8,2007MM07,89.8
65280,A5,305800,65280,-7.1,1.7,2007MM08,91.3
65281,A5,305800,65281,-9.9,-2.5,2007MM09,89.1
65282,A5,305800,65282,-9.8,0.5,2007MM10,89.5
65283,A5,305800,65283,-5.8,1.0,2007MM11,90.5
65284,A5,305800,65284,-3.3,2.8,2007MM12,93.0
65286,A5,305800,65286,6.4,6.3,2008MM01,98.9
65287,A5,305800,65287,12.6,3.5,2008MM02,102.3
65288,A5,305800,65288,17.6,4.2,2008MM03,106.6
65289,A5,305800,65289,25.2,3.6,2008MM04,110.4
65290,A5,305800,65290,42.1,10.3,2008MM05,121.9
65291,A5,305800,65291,43.0,2.5,2008MM06,124.9
65292,A5,305800,65292,53.5,10.3,2008MM07,137.8
65293,A5,305800,65293,57.7,4.5,2008MM08,144.1
65294,A5,305800,65294,58.8,-1.8,2008MM09,141.4
65295,A5,305800,65295,60.6,1.7,2008MM10,143.8
65296,A5,305800,65296,52.1,-4.3,2008MM11,137.6
65297,A5,305800,65297,41.9,-4.1,2008MM12,131.9
65299,A5,305800,65299,25.4,-6.0,2009MM01,124.0
65300,A5,305800,65300,14.3,-5.6,2009MM02,117.0
65301,A5,305800,65301,5.1,-4.3,2009MM03,112.0
65302,A5,305800,65302,-10.7,-12.0,2009MM04,98.6
65303,A5,305800,65303,-25.9,-8.5,2009MM05,90.3
65304,A5,305800,65304,-30.6,-4.0,2009MM06,86.7
65305,A5,305800,65305,-41.2,-6.4,2009MM07,81.1
65306,A5,305800,65306,-45.0,-2.3,2009MM08,79.3
65307,A5,305800,65307,-44.4,-0.8,2009MM09,78.6
65308,A5,305800,65308,-43.9,2.6,2009MM10,80.7
65309,A5,305800,65309,-40.3,1.8,2009MM11,82.2
65310,A5,305800,65310,-37.5,0.4,2009MM12,82.5
65312,A5,305800,65312,-31.6,2.8,2010MM01,84.8
65313,A5,305800,65313,-25.5,2.9,2010MM02,87.2
65314,A5,305800,65314,-20.0,2.7,2010MM03,89.6
65315,A5,305800,65315,-5.5,4.0,2010MM04,93.2
65316,A5,305800,65316,5.8,2.6,2010MM05,95.5
65317,A5,305800,65317,18.3,7.3,2010MM06,102.5
65318,A5,305800,65318,37.4,8.7,2010MM07,111.5
65319,A5,305800,65319,40.1,-0.3,2010MM08,111.1
65320,A5,305800,65320,36.4,-3.5,2010MM09,107.2
65321,A5,305800,65321,28.2,-3.5,2010MM10,103.4
65322,A5,305800,65322,29.6,3.0,2010MM11,106.5
65323,A5,305800,65323,30.2,0.8,2010MM12,107.4
65325,A5,305800,65325,29.0,1.8,2011MM01,109.4
65326,A5,305800,65326,26.4,0.8,2011MM02,110.2
65327,A5,305800,65327,25.6,2.0,2011MM03,112.5
65328,A5,305800,65328,29.2,7.0,2011MM04,120.3
65329,A5,305800,65329,25.7,-0.2,2011MM05,120.1
65330,A5,305800,65330,19.8,2.3,2011MM06,122.8
65331,A5,305800,65331,10.9,0.7,2011MM07,123.6
65332,A5,305800,65332,10.2,-0.9,2011MM08,122.5
65333,A5,305800,65333,20.3,5.4,2011MM09,129.1
65334,A5,305800,65334,35.5,8.6,2011MM10,140.2
65335,A5,305800,65335,31.7,0.1,2011MM11,140.3
65336,A5,305800,65336,30.7,0.0,2011MM12,140.4
65338,A5,305800,65338,19.2,-7.1,2012MM01,130.4
65339,A5,305800,65339,18.8,0.5,2012MM02,131.0
65340,A5,305800,65340,16.6,0.1,2012MM03,131.1
65341,A5,305800,65341,14.3,4.9,2012MM04,137.5
65342,A5,305800,65342,18.3,3.4,2012MM05,142.1
65343,A5,305800,65343,10.6,-4.4,2012MM06,135.8
65344,A5,305800,65344,9.8,0.0,2012MM07,135.8
65345,A5,305800,65345,14.1,2.9,2012MM08,139.8
65346,A5,305800,65346,6.0,-2.1,2012MM09,136.8
65347,A5,305800,65347,-0.3,2.2,2012MM10,139.8
65348,A5,305800,65348,4.4,4.8,2012MM11,146.5
65349,A5,305800,65349,-3.4,-7.5,2012MM12,135.6
65351,A5,305800,65351,5.5,1.5,2013MM01,137.5
65352,A5,305800,65352,2.2,-2.6,2013MM02,133.9
65353,A5,305800,65353,0.6,-1.5,2013MM03,132.0
65354,A5,305800,65354,-3.9,0.1,2013MM04,132.1
65355,A5,305800,65355,-7.1,0.0,2013MM05,132.0
65356,A5,305800,65356,-2.8,0.0,2013MM06,132.1
65357,A5,305800,65357,-1.9,0.8,2013MM07,133.2
65358,A5,305800,65358,-5.3,-0.7,2013MM08,132.3
65359,A5,305800,65359,-5.7,-2.5,2013MM09,129.0
65360,A5,305800,65360,-6.5,1.4,2013MM10,130.8
65361,A5,305800,65361,-9.5,1.4,2013MM11,132.6
65362,A5,305800,65362,-2.2,0.0,2013MM12,132.6
65364,A5,305800,65364,-3.0,0.6,2014MM01,133.4
65365,A5,305800,65365,-3.4,-3.0,2014MM02,129.4
65366,A5,305800,65366,-7.8,-6.0,2014MM03,121.6
65367,A5,305800,65367,-11.4,-3.8,2014MM04,117.0
65368,A5,305800,65368,-17.2,-6.5,2014MM05,109.3
65369,A5,305800,65369,-19.2,-2.4,2014MM06,106.7
65370,A5,305800,65370,-25.7,-7.2,2014MM07,99.0
65371,A5,305800,65371,-25.4,-0.3,2014MM08,98.7
65372,A5,305800,65372,-19.8,4.8,2014MM09,103.5
65373,A5,305800,65373,-13.6,9.2,2014MM10,112.9
65374,A5,305800,65374,-12.2,3.1,2014MM11,116.4
65375,A5,305800,65375,-11.6,0.7,2014MM12,117.2
65377,A5,305800,65377,-16.0,-4.5,2015MM01,112.0
65378,A5,305800,65378,-19.4,-6.9,2015MM02,104.3
65379,A5,305800,65379,-9.2,5.9,2015MM03,110.4
65380,A5,305800,65380,-8.0,-2.5,2015MM04,107.6
65381,A5,305800,65381,-2.7,-1.2,2015MM05,106.3
65382,A5,305800,65382,-3.5,-3.2,2015MM06,103.0
65383,A5,305800,65383,3.4,-0.6,2015MM07,102.4
65384,A5,305800,65384,5.8,2.0,2015MM08,104.4
65385,A5,305800,65385,-0.3,-1.3,2015MM09,103.1
65386,A5,305800,65386,-16.9,-9.1,2015MM10,93.8
65387,A5,305800,65387,-21.5,-2.5,2015MM11,91.4
65388,A5,305800,65388,-24.0,-2.5,2015MM12,89.1
65390,A5,305800,65390,-24.0,-2.5,2016MM01,89.1
65391,A5,305800,65391,-24.0,-2.5,2016MM02,89.1
65392,A5,305800,65392,-24.0,-2.5,2016MM03,89.1
65393,A5,305800,65393,-24.0,-2.5,2016MM04,89.1
65394,A5,305800,65394,-24.0,-2.5,2016MM05,89.1
65395,A5,305800,65395,-24.0,-2.5,2016MM06,89.1
65396,A5,305800,65396,-24.0,-2.5,2016MM07,89.1
65397,A5,305800,65397,-24.0,-2.5,2016MM08,89.1
65398,A5,305800,65398,-24.0,-2.5,2016MM09,89.1
65399,A5,305800,65399,-24.0,-2.5,2016MM10,89.1
65400,A5,305800,65400,-24.0,-2.5,2016MM11,89.1
65401,A5,305800,65401,-24.0,-2.5,2016MM12,89.1
65403,A5,305800,65403,-24.0,-2.5,2017MM01,89.1
65404,A5,305800,65404,-24.0,-2.5,2017MM02,89.1
65405,A5,305800,65405,-24.0,-2.5,2017MM03,89.1
65406,A5,305800,65406,-24.0,-2.5,2017MM04,89.1
65407,A5,305800,65407,-24.0,-2.5,2017MM05,89.1
65408,A5,305800,65408,-24.0,-2.5,2017MM06,89.1
65409,A5,305800,65409,-24.0,-2.5,2017MM07,89.1
65410,A5,305800,65410,-24.0,-2.5,2017MM08,89.1
65411,A5,305800,65411,-24.0,-2.5,2017MM09,89.1
65412,A5,305800,65412,-24.0,-2.5,2017MM10,89.1
65413,A5,305800,65413,-24.0,-2.5,2017MM11,89.1
65414,A5,305800,65414,-24.0,-2.5,2017MM12,89.1
