,Afzet,BedrijfstakkenBranchesSBI2008,ID,OntwikkelingTOV1JaarEerder_2,OntwikkelingTOV1MaandEerder_3,Perioden,ProducentenprijsindexPPI_1
65416,A5,306300,65416,1.19230769231,0.75,1981MM01,55.0
65417,A5,306300,65417,1.48461538462,1.7,1981MM02,56.0
65418,A5,306300,65418,1.77692307692,0.1,1981MM03,56.0
65419,A5,306300,65419,2.06923076923,1.5,1981MM04,56.9
65420,A5,306300,65420,2.36153846154,-0.1,1981MM05,56.9
65421,A5,306300,65421,2.65384615385,2.1,1981MM06,58.1
65422,A5,306300,65422,2.94615384615,1.0,1981MM07,58.7
65423,A5,306300,65423,3.23846153846,0.0,1981MM08,58.6
65424,A5,306300,65424,3.53076923077,-0.1,1981MM09,58.6
65425,A5,306300,65425,3.82307692308,-0.6,1981MM10,58.2
65426,A5,306300,65426,4.11538461538,-1.0,1981MM11,57.6
65427,A5,306300,65427,4.40769230769,-0.7,1981MM12,57.2
65429,A5,306300,65429,4.7,0.7,1982MM01,57.6
65430,A5,306300,65430,2.7,-0.2,1982MM02,57.5
65431,A5,306300,65431,3.2,0.7,1982MM03,57.9
65432,A5,306300,65432,1.7,0.0,1982MM04,57.9
65433,A5,306300,65433,-0.1,-1.8,1982MM05,56.8
65434,A5,306300,65434,-1.9,0.2,1982MM06,57.0
65435,A5,306300,65435,-3.8,-0.9,1982MM07,56.4
65436,A5,306300,65436,-3.6,0.2,1982MM08,56.5
65437,A5,306300,65437,-4.1,-0.7,1982MM09,56.2
65438,A5,306300,65438,-4.6,-1.2,1982MM10,55.5
65439,A5,306300,65439,-4.8,-1.2,1982MM11,54.8
65440,A5,306300,65440,-5.4,-1.4,1982MM12,54.1
65442,A5,306300,65442,-5.9,0.2,1983MM01,54.2
65443,A5,306300,65443,-4.2,1.6,1983MM02,55.0
65444,A5,306300,65444,-2.4,2.6,1983MM03,56.5
65445,A5,306300,65445,0.2,2.6,1983MM04,58.0
65446,A5,306300,65446,3.2,1.1,1983MM05,58.6
65447,A5,306300,65447,7.2,4.2,1983MM06,61.1
65448,A5,306300,65448,8.3,0.1,1983MM07,61.1
65449,A5,306300,65449,11.2,2.9,1983MM08,62.9
65450,A5,306300,65450,14.8,2.6,1983MM09,64.5
65451,A5,306300,65451,17.2,0.9,1983MM10,65.0
65452,A5,306300,65452,19.7,0.9,1983MM11,65.6
65453,A5,306300,65453,24.5,2.6,1983MM12,67.3
65455,A5,306300,65455,27.9,3.0,1984MM01,69.3
65456,A5,306300,65456,28.1,1.7,1984MM02,70.5
65457,A5,306300,65457,26.1,1.0,1984MM03,71.2
65458,A5,306300,65458,24.1,0.9,1984MM04,71.9
65459,A5,306300,65459,23.4,0.6,1984MM05,72.3
65460,A5,306300,65460,17.3,-1.0,1984MM06,71.6
65461,A5,306300,65461,15.2,-1.7,1984MM07,70.4
65462,A5,306300,65462,12.5,0.5,1984MM08,70.7
65463,A5,306300,65463,8.1,-1.5,1984MM09,69.7
65464,A5,306300,65464,6.5,-0.7,1984MM10,69.2
65465,A5,306300,65465,5.1,-0.4,1984MM11,69.0
65466,A5,306300,65466,1.9,-0.6,1984MM12,68.6
65468,A5,306300,65468,-1.2,-0.2,1985MM01,68.5
65469,A5,306300,65469,-1.9,1.0,1985MM02,69.2
65470,A5,306300,65470,-2.5,0.5,1985MM03,69.5
65471,A5,306300,65471,-1.3,2.1,1985MM04,70.9
65472,A5,306300,65472,-2.8,-0.9,1985MM05,70.3
65473,A5,306300,65473,-1.3,0.6,1985MM06,70.7
65474,A5,306300,65474,-0.8,-1.3,1985MM07,69.8
65475,A5,306300,65475,-4.3,-3.0,1985MM08,67.7
65476,A5,306300,65476,-3.8,-0.9,1985MM09,67.1
65477,A5,306300,65477,-4.0,-0.9,1985MM10,66.5
65478,A5,306300,65478,-4.1,-0.4,1985MM11,66.2
65479,A5,306300,65479,-5.4,-1.9,1985MM12,64.9
65481,A5,306300,65481,-7.0,-1.9,1986MM01,63.6
65482,A5,306300,65482,-12.2,-4.6,1986MM02,60.7
65483,A5,306300,65483,-8.8,4.3,1986MM03,63.3
65484,A5,306300,65484,-11.6,-1.0,1986MM04,62.7
65485,A5,306300,65485,-11.5,-0.7,1986MM05,62.3
65486,A5,306300,65486,-11.9,0.1,1986MM06,62.3
65487,A5,306300,65487,-11.0,-0.2,1986MM07,62.2
65488,A5,306300,65488,-8.4,-0.2,1986MM08,62.0
65489,A5,306300,65489,-9.6,-2.3,1986MM09,60.6
65490,A5,306300,65490,-9.5,-0.7,1986MM10,60.1
65491,A5,306300,65491,-10.4,-1.4,1986MM11,59.3
65492,A5,306300,65492,-9.4,-0.8,1986MM12,58.8
65494,A5,306300,65494,-8.6,-1.1,1987MM01,58.2
65495,A5,306300,65495,-5.1,-1.0,1987MM02,57.6
65496,A5,306300,65496,-10.1,-1.2,1987MM03,56.9
65497,A5,306300,65497,-9.2,-0.1,1987MM04,56.9
65498,A5,306300,65498,-9.1,-0.6,1987MM05,56.6
65499,A5,306300,65499,-9.2,0.0,1987MM06,56.6
65500,A5,306300,65500,-9.0,0.0,1987MM07,56.6
65501,A5,306300,65501,-9.3,-0.6,1987MM08,56.2
65502,A5,306300,65502,-6.6,0.7,1987MM09,56.6
65503,A5,306300,65503,-5.7,0.2,1987MM10,56.7
65504,A5,306300,65504,-4.2,0.1,1987MM11,56.8
65505,A5,306300,65505,-2.4,1.0,1987MM12,57.4
65507,A5,306300,65507,-1.5,-0.1,1988MM01,57.3
65508,A5,306300,65508,-0.1,0.4,1988MM02,57.5
65509,A5,306300,65509,1.5,0.4,1988MM03,57.8
65510,A5,306300,65510,11.4,9.7,1988MM04,63.3
65511,A5,306300,65511,2.6,-8.4,1988MM05,58.0
65512,A5,306300,65512,2.7,0.2,1988MM06,58.1
65513,A5,306300,65513,4.1,1.3,1988MM07,58.9
65514,A5,306300,65514,6.9,2.2,1988MM08,60.1
65515,A5,306300,65515,7.3,1.0,1988MM09,60.7
65516,A5,306300,65516,10.8,3.5,1988MM10,62.9
65517,A5,306300,65517,13.6,2.6,1988MM11,64.5
65518,A5,306300,65518,13.8,1.3,1988MM12,65.3
65520,A5,306300,65520,16.4,2.2,1989MM01,66.7
65521,A5,306300,65521,18.3,2.0,1989MM02,68.1
65522,A5,306300,65522,18.0,0.0,1989MM03,68.1
65523,A5,306300,65523,8.4,0.8,1989MM04,68.7
65524,A5,306300,65524,22.5,3.5,1989MM05,71.0
65525,A5,306300,65525,20.7,-1.2,1989MM06,70.2
65526,A5,306300,65526,22.3,2.6,1989MM07,72.0
65527,A5,306300,65527,21.4,1.5,1989MM08,73.0
65528,A5,306300,65528,19.8,-0.3,1989MM09,72.8
65529,A5,306300,65529,15.3,-0.4,1989MM10,72.5
65530,A5,306300,65530,11.6,-0.7,1989MM11,72.0
65531,A5,306300,65531,9.5,-0.6,1989MM12,71.5
65533,A5,306300,65533,7.2,0.0,1990MM01,71.5
65534,A5,306300,65534,4.6,-0.4,1990MM02,71.2
65535,A5,306300,65535,4.3,-0.2,1990MM03,71.1
65536,A5,306300,65536,3.6,0.1,1990MM04,71.1
65537,A5,306300,65537,0.8,0.7,1990MM05,71.6
65538,A5,306300,65538,2.1,0.0,1990MM06,71.6
65539,A5,306300,65539,-0.5,0.0,1990MM07,71.6
65540,A5,306300,65540,-1.9,0.1,1990MM08,71.7
65541,A5,306300,65541,-1.7,-0.2,1990MM09,71.6
65542,A5,306300,65542,-1.4,-0.1,1990MM10,71.5
65543,A5,306300,65543,-0.3,0.3,1990MM11,71.7
65544,A5,306300,65544,0.2,-0.1,1990MM12,71.7
65546,A5,306300,65546,0.0,-0.2,1991MM01,71.5
65547,A5,306300,65547,1.4,0.9,1991MM02,72.2
65548,A5,306300,65548,1.8,0.2,1991MM03,72.3
65549,A5,306300,65549,1.6,-0.1,1991MM04,72.3
65550,A5,306300,65550,0.6,-0.2,1991MM05,72.1
65551,A5,306300,65551,1.3,0.7,1991MM06,72.6
65552,A5,306300,65552,1.2,-0.2,1991MM07,72.5
65553,A5,306300,65553,1.1,-0.1,1991MM08,72.4
65554,A5,306300,65554,0.8,-0.4,1991MM09,72.1
65555,A5,306300,65555,0.8,0.0,1991MM10,72.1
65556,A5,306300,65556,0.4,-0.1,1991MM11,72.0
65557,A5,306300,65557,0.4,-0.1,1991MM12,72.0
65559,A5,306300,65559,0.5,-0.1,1992MM01,71.9
65560,A5,306300,65560,-0.2,0.2,1992MM02,72.1
65561,A5,306300,65561,1.1,1.4,1992MM03,73.1
65562,A5,306300,65562,1.1,-0.1,1992MM04,73.1
65563,A5,306300,65563,1.3,-0.1,1992MM05,73.0
65564,A5,306300,65564,0.6,0.0,1992MM06,73.0
65565,A5,306300,65565,1.0,0.3,1992MM07,73.2
65566,A5,306300,65566,1.1,0.0,1992MM08,73.2
65567,A5,306300,65567,1.5,0.0,1992MM09,73.2
65568,A5,306300,65568,1.5,-0.1,1992MM10,73.2
65569,A5,306300,65569,1.7,0.2,1992MM11,73.3
65570,A5,306300,65570,1.6,-0.2,1992MM12,73.1
65572,A5,306300,65572,1.8,0.1,1993MM01,73.2
65573,A5,306300,65573,1.4,-0.1,1993MM02,73.1
65574,A5,306300,65574,0.0,0.0,1993MM03,73.1
65575,A5,306300,65575,0.6,0.6,1993MM04,73.6
65576,A5,306300,65576,0.8,0.1,1993MM05,73.6
65577,A5,306300,65577,0.5,-0.3,1993MM06,73.4
65578,A5,306300,65578,0.7,0.4,1993MM07,73.7
65579,A5,306300,65579,0.6,0.0,1993MM08,73.7
65580,A5,306300,65580,0.6,-0.1,1993MM09,73.6
65581,A5,306300,65581,0.5,-0.1,1993MM10,73.6
65582,A5,306300,65582,0.2,-0.2,1993MM11,73.4
65583,A5,306300,65583,0.5,0.0,1993MM12,73.4
65585,A5,306300,65585,0.1,-0.2,1994MM01,73.3
65586,A5,306300,65586,0.2,-0.1,1994MM02,73.2
65587,A5,306300,65587,0.2,0.0,1994MM03,73.3
65588,A5,306300,65588,-0.5,-0.1,1994MM04,73.2
65589,A5,306300,65589,0.8,1.4,1994MM05,74.2
65590,A5,306300,65590,0.4,-0.6,1994MM06,73.7
65591,A5,306300,65591,0.1,0.2,1994MM07,73.8
65592,A5,306300,65592,0.5,0.3,1994MM08,74.1
65593,A5,306300,65593,0.8,0.2,1994MM09,74.2
65594,A5,306300,65594,1.2,0.2,1994MM10,74.4
65595,A5,306300,65595,1.6,0.2,1994MM11,74.6
65596,A5,306300,65596,1.7,0.1,1994MM12,74.7
65598,A5,306300,65598,2.1,0.2,1995MM01,74.8
65599,A5,306300,65599,2.5,0.3,1995MM02,75.0
65600,A5,306300,65600,2.5,0.1,1995MM03,75.1
65601,A5,306300,65601,2.7,0.1,1995MM04,75.2
65602,A5,306300,65602,1.2,-0.1,1995MM05,75.1
65603,A5,306300,65603,1.8,0.0,1995MM06,75.1
65604,A5,306300,65604,1.9,0.2,1995MM07,75.2
65605,A5,306300,65605,1.6,0.0,1995MM08,75.2
65606,A5,306300,65606,0.9,-0.5,1995MM09,74.9
65607,A5,306300,65607,1.0,0.3,1995MM10,75.1
65608,A5,306300,65608,1.3,0.5,1995MM11,75.5
65609,A5,306300,65609,1.1,0.0,1995MM12,75.5
65611,A5,306300,65611,3.1,2.2,1996MM01,77.2
65612,A5,306300,65612,3.0,0.2,1996MM02,77.3
65613,A5,306300,65613,2.8,-0.1,1996MM03,77.2
65614,A5,306300,65614,2.7,0.0,1996MM04,77.2
65615,A5,306300,65615,3.0,0.1,1996MM05,77.3
65616,A5,306300,65616,2.3,-0.7,1996MM06,76.8
65617,A5,306300,65617,2.5,0.4,1996MM07,77.1
65618,A5,306300,65618,2.6,0.2,1996MM08,77.2
65619,A5,306300,65619,3.1,0.0,1996MM09,77.2
65620,A5,306300,65620,2.7,0.0,1996MM10,77.2
65621,A5,306300,65621,2.3,0.1,1996MM11,77.3
65622,A5,306300,65622,2.2,-0.1,1996MM12,77.2
65624,A5,306300,65624,2.0,2.0,1997MM01,78.7
65625,A5,306300,65625,1.7,-0.1,1997MM02,78.6
65626,A5,306300,65626,2.0,0.2,1997MM03,78.8
65627,A5,306300,65627,1.9,-0.2,1997MM04,78.6
65628,A5,306300,65628,1.9,0.1,1997MM05,78.7
65629,A5,306300,65629,2.5,0.0,1997MM06,78.7
65630,A5,306300,65630,2.1,0.0,1997MM07,78.7
65631,A5,306300,65631,1.9,-0.1,1997MM08,78.7
65632,A5,306300,65632,1.8,-0.1,1997MM09,78.6
65633,A5,306300,65633,1.7,-0.1,1997MM10,78.5
65634,A5,306300,65634,1.5,-0.1,1997MM11,78.4
65635,A5,306300,65635,1.5,-0.1,1997MM12,78.3
65637,A5,306300,65637,1.9,2.3,1998MM01,80.2
65638,A5,306300,65638,1.9,-0.1,1998MM02,80.1
65639,A5,306300,65639,1.4,-0.3,1998MM03,79.9
65640,A5,306300,65640,1.4,-0.3,1998MM04,79.7
65641,A5,306300,65641,1.3,0.1,1998MM05,79.8
65642,A5,306300,65642,1.5,0.1,1998MM06,79.9
65643,A5,306300,65643,0.9,-0.6,1998MM07,79.4
65644,A5,306300,65644,0.1,-0.8,1998MM08,78.7
65645,A5,306300,65645,-0.6,-0.8,1998MM09,78.1
65646,A5,306300,65646,-1.0,-0.4,1998MM10,77.8
65647,A5,306300,65647,-1.1,-0.2,1998MM11,77.6
65648,A5,306300,65648,-0.9,0.0,1998MM12,77.6
65650,A5,306300,65650,-1.3,2.0,1999MM01,79.1
65651,A5,306300,65651,-0.8,0.4,1999MM02,79.5
65652,A5,306300,65652,-0.9,-0.4,1999MM03,79.2
65653,A5,306300,65653,-0.7,0.0,1999MM04,79.2
65654,A5,306300,65654,-1.1,-0.3,1999MM05,78.9
65655,A5,306300,65655,-1.5,-0.3,1999MM06,78.7
65656,A5,306300,65656,-2.0,-1.2,1999MM07,77.8
65657,A5,306300,65657,-2.9,-1.7,1999MM08,76.4
65658,A5,306300,65658,-3.3,-1.2,1999MM09,75.5
65659,A5,306300,65659,-4.3,-1.4,1999MM10,74.4
65660,A5,306300,65660,-5.8,-1.8,1999MM11,73.1
65661,A5,306300,65661,-7.6,-1.9,1999MM12,71.7
65663,A5,306300,65663,-9.4,0.0,2000MM01,71.7
65664,A5,306300,65664,-5.6,4.6,2000MM02,75.0
65665,A5,306300,65665,-2.1,3.4,2000MM03,77.5
65666,A5,306300,65666,-1.3,0.7,2000MM04,78.1
65667,A5,306300,65667,0.0,1.0,2000MM05,78.9
65668,A5,306300,65668,-1.4,-1.6,2000MM06,77.6
65669,A5,306300,65669,0.2,0.5,2000MM07,77.9
65670,A5,306300,65670,1.4,-0.6,2000MM08,77.5
65671,A5,306300,65671,8.1,5.4,2000MM09,81.6
65672,A5,306300,65672,12.4,2.4,2000MM10,83.6
65673,A5,306300,65673,15.8,1.3,2000MM11,84.7
65674,A5,306300,65674,18.5,0.4,2000MM12,85.0
65676,A5,306300,65676,19.7,1.0,2001MM01,85.8
65677,A5,306300,65677,14.6,0.2,2001MM02,86.0
65678,A5,306300,65678,10.4,-0.4,2001MM03,85.6
65679,A5,306300,65679,7.7,-1.8,2001MM04,84.1
65680,A5,306300,65680,9.3,2.5,2001MM05,86.2
65681,A5,306300,65681,7.3,-3.4,2001MM06,83.3
65682,A5,306300,65682,4.5,-2.2,2001MM07,81.5
65683,A5,306300,65683,3.2,-1.8,2001MM08,80.0
65684,A5,306300,65684,-2.4,-0.4,2001MM09,79.7
65685,A5,306300,65685,-5.1,-0.4,2001MM10,79.3
65686,A5,306300,65686,-5.9,0.5,2001MM11,79.7
65687,A5,306300,65687,-6.1,0.1,2001MM12,79.8
65689,A5,306300,65689,-7.0,0.1,2002MM01,79.8
65690,A5,306300,65690,-4.2,3.3,2002MM02,82.4
65691,A5,306300,65691,-4.1,-0.4,2002MM03,82.1
65692,A5,306300,65692,-2.5,-0.1,2002MM04,82.0
65693,A5,306300,65693,-8.5,-3.8,2002MM05,78.9
65694,A5,306300,65694,-5.9,-0.7,2002MM06,78.4
65695,A5,306300,65695,-4.3,-0.4,2002MM07,78.0
65696,A5,306300,65696,-2.6,-0.1,2002MM08,77.9
65697,A5,306300,65697,-2.2,0.0,2002MM09,77.9
65698,A5,306300,65698,-1.2,0.5,2002MM10,78.3
65699,A5,306300,65699,4.2,5.9,2002MM11,83.0
65700,A5,306300,65700,4.6,0.5,2002MM12,83.4
65702,A5,306300,65702,4.4,-0.1,2003MM01,83.3
65703,A5,306300,65703,-3.6,-4.6,2003MM02,79.5
65704,A5,306300,65704,-0.7,2.6,2003MM03,81.6
65705,A5,306300,65705,0.2,0.7,2003MM04,82.2
65706,A5,306300,65706,2.9,-1.1,2003MM05,81.3
65707,A5,306300,65707,2.8,-0.8,2003MM06,80.6
65708,A5,306300,65708,1.5,-1.8,2003MM07,79.2
65709,A5,306300,65709,-0.6,-2.1,2003MM08,77.5
65710,A5,306300,65710,0.5,1.1,2003MM09,78.3
65711,A5,306300,65711,1.9,1.9,2003MM10,79.8
65712,A5,306300,65712,-4.4,-0.6,2003MM11,79.3
65713,A5,306300,65713,-4.5,0.5,2003MM12,79.7
65715,A5,306300,65715,-4.0,0.4,2004MM01,80.0
65716,A5,306300,65716,2.1,1.5,2004MM02,81.2
65717,A5,306300,65717,-0.7,-0.2,2004MM03,81.0
65718,A5,306300,65718,-3.4,-2.0,2004MM04,79.4
65719,A5,306300,65719,-3.5,-1.3,2004MM05,78.4
65720,A5,306300,65720,-4.4,-1.7,2004MM06,77.1
65721,A5,306300,65721,-1.7,1.0,2004MM07,77.8
65722,A5,306300,65722,0.5,0.0,2004MM08,77.8
65723,A5,306300,65723,0.2,0.9,2004MM09,78.5
65724,A5,306300,65724,0.4,2.0,2004MM10,80.1
65725,A5,306300,65725,2.4,1.4,2004MM11,81.3
65726,A5,306300,65726,4.2,2.1,2004MM12,83.0
65728,A5,306300,65728,4.13846153846,0.85,2005MM01,83.1
65729,A5,306300,65729,4.07692307692,-0.4,2005MM02,82.8
65730,A5,306300,65730,4.01538461538,-0.1,2005MM03,82.7
65731,A5,306300,65731,3.95384615385,-0.6,2005MM04,82.3
65732,A5,306300,65732,3.89230769231,-0.5,2005MM05,81.9
65733,A5,306300,65733,3.83076923077,0.6,2005MM06,82.4
65734,A5,306300,65734,3.76923076923,1.2,2005MM07,83.3
65735,A5,306300,65735,3.70769230769,0.1,2005MM08,83.4
65736,A5,306300,65736,3.64615384615,0.0,2005MM09,83.5
65737,A5,306300,65737,3.58461538462,0.9,2005MM10,84.2
65738,A5,306300,65738,3.52307692308,0.8,2005MM11,84.9
65739,A5,306300,65739,3.46153846154,1.5,2005MM12,86.2
65741,A5,306300,65741,3.4,-0.3,2006MM01,85.9
65742,A5,306300,65742,3.8,0.0,2006MM02,85.9
65743,A5,306300,65743,3.5,-0.4,2006MM03,85.6
65744,A5,306300,65744,5.0,0.9,2006MM04,86.3
65745,A5,306300,65745,5.2,-0.3,2006MM05,86.1
65746,A5,306300,65746,2.6,-1.8,2006MM06,84.5
65747,A5,306300,65747,1.1,-0.3,2006MM07,84.3
65748,A5,306300,65748,0.5,-0.5,2006MM08,83.8
65749,A5,306300,65749,0.8,0.3,2006MM09,84.1
65750,A5,306300,65750,-0.3,-0.1,2006MM10,84.0
65751,A5,306300,65751,-1.7,-0.7,2006MM11,83.4
65752,A5,306300,65752,-2.8,0.4,2006MM12,83.8
65754,A5,306300,65754,-1.2,1.3,2007MM01,84.9
65755,A5,306300,65755,1.5,2.7,2007MM02,87.2
65756,A5,306300,65756,3.0,1.1,2007MM03,88.1
65757,A5,306300,65757,5.3,3.2,2007MM04,90.9
65758,A5,306300,65758,4.6,-1.0,2007MM05,90.1
65759,A5,306300,65759,6.0,-0.5,2007MM06,89.6
65760,A5,306300,65760,7.5,1.1,2007MM07,90.6
65761,A5,306300,65761,8.1,-0.1,2007MM08,90.6
65762,A5,306300,65762,7.7,0.0,2007MM09,90.6
65763,A5,306300,65763,10.3,2.3,2007MM10,92.6
65764,A5,306300,65764,14.7,3.3,2007MM11,95.7
65765,A5,306300,65765,17.5,2.8,2007MM12,98.4
65767,A5,306300,65767,24.8,7.7,2008MM01,106.0
65768,A5,306300,65768,27.6,5.0,2008MM02,111.3
65769,A5,306300,65769,31.0,3.8,2008MM03,115.5
65770,A5,306300,65770,28.2,0.9,2008MM04,116.6
65771,A5,306300,65771,33.8,3.3,2008MM05,120.5
65772,A5,306300,65772,43.6,6.8,2008MM06,128.7
65773,A5,306300,65773,50.6,6.1,2008MM07,136.5
65774,A5,306300,65774,59.5,5.8,2008MM08,144.5
65775,A5,306300,65775,64.7,3.2,2008MM09,149.2
65776,A5,306300,65776,55.7,-3.3,2008MM10,144.2
65777,A5,306300,65777,48.5,-1.4,2008MM11,142.2
65778,A5,306300,65778,29.8,-10.1,2008MM12,127.7
65780,A5,306300,65780,9.1,-9.5,2009MM01,115.6
65781,A5,306300,65781,2.2,-1.6,2009MM02,113.8
65782,A5,306300,65782,-3.3,-1.8,2009MM03,111.7
65783,A5,306300,65783,-7.9,-3.9,2009MM04,107.4
65784,A5,306300,65784,-18.9,-9.0,2009MM05,97.7
65785,A5,306300,65785,-28.5,-5.8,2009MM06,92.0
65786,A5,306300,65786,-33.3,-1.0,2009MM07,91.1
65787,A5,306300,65787,-36.9,0.0,2009MM08,91.1
65788,A5,306300,65788,-39.2,-0.4,2009MM09,90.7
65789,A5,306300,65789,-37.3,-0.3,2009MM10,90.4
65790,A5,306300,65790,-37.5,-1.8,2009MM11,88.8
65791,A5,306300,65791,-32.0,-2.2,2009MM12,86.9
65793,A5,306300,65793,-20.2,6.2,2010MM01,92.2
65794,A5,306300,65794,-18.1,1.0,2010MM02,93.2
65795,A5,306300,65795,-12.3,5.2,2010MM03,98.0
65796,A5,306300,65796,-7.7,1.0,2010MM04,99.1
65797,A5,306300,65797,0.3,-1.1,2010MM05,98.0
65798,A5,306300,65798,4.8,-1.6,2010MM06,96.4
65799,A5,306300,65799,7.2,1.3,2010MM07,97.7
65800,A5,306300,65800,9.0,1.7,2010MM08,99.4
65801,A5,306300,65801,11.6,1.9,2010MM09,101.2
65802,A5,306300,65802,16.2,3.8,2010MM10,105.1
65803,A5,306300,65803,21.6,2.8,2010MM11,108.0
65804,A5,306300,65804,28.6,3.4,2010MM12,111.7
65806,A5,306300,65806,23.6,2.0,2011MM01,114.0
65807,A5,306300,65807,24.5,1.8,2011MM02,116.0
65808,A5,306300,65808,19.4,0.9,2011MM03,117.1
65809,A5,306300,65809,15.1,-2.6,2011MM04,114.0
65810,A5,306300,65810,16.3,-0.1,2011MM05,113.9
65811,A5,306300,65811,20.4,2.0,2011MM06,116.1
65812,A5,306300,65812,21.9,2.5,2011MM07,119.1
65813,A5,306300,65813,20.8,0.8,2011MM08,120.1
65814,A5,306300,65814,20.8,1.8,2011MM09,122.3
65815,A5,306300,65815,17.6,1.1,2011MM10,123.7
65816,A5,306300,65816,14.9,0.4,2011MM11,124.1
65817,A5,306300,65817,11.1,0.0,2011MM12,124.1
65819,A5,306300,65819,6.6,-2.0,2012MM01,121.6
65820,A5,306300,65820,3.0,-1.7,2012MM02,119.5
65821,A5,306300,65821,1.7,-0.4,2012MM03,119.0
65822,A5,306300,65822,3.2,-1.1,2012MM04,117.7
65823,A5,306300,65823,4.2,0.9,2012MM05,118.7
65824,A5,306300,65824,2.5,0.3,2012MM06,119.0
65825,A5,306300,65825,-1.4,-1.4,2012MM07,117.4
65826,A5,306300,65826,-2.2,0.0,2012MM08,117.4
65827,A5,306300,65827,-4.1,-0.1,2012MM09,117.3
65828,A5,306300,65828,-5.6,-0.4,2012MM10,116.7
65829,A5,306300,65829,-5.3,0.7,2012MM11,117.6
65830,A5,306300,65830,-6.1,-0.9,2012MM12,116.6
65832,A5,306300,65832,-4.2,-0.1,2013MM01,116.5
65833,A5,306300,65833,-1.6,0.9,2013MM02,117.5
65834,A5,306300,65834,-0.9,0.4,2013MM03,118.0
65835,A5,306300,65835,-0.6,-0.9,2013MM04,117.0
65836,A5,306300,65836,-4.0,-2.6,2013MM05,113.9
65837,A5,306300,65837,-8.1,-4.0,2013MM06,109.4
65838,A5,306300,65838,-8.8,-2.0,2013MM07,107.1
65839,A5,306300,65839,-8.4,0.3,2013MM08,107.5
65840,A5,306300,65840,-8.9,-0.6,2013MM09,106.8
65841,A5,306300,65841,-10.6,-2.3,2013MM10,104.4
65842,A5,306300,65842,-11.7,-0.5,2013MM11,103.9
65843,A5,306300,65843,-10.7,0.2,2013MM12,104.1
65845,A5,306300,65845,-9.6,1.2,2014MM01,105.3
65846,A5,306300,65846,-8.6,2.0,2014MM02,107.4
65847,A5,306300,65847,-8.7,0.3,2014MM03,107.8
65848,A5,306300,65848,-6.7,1.2,2014MM04,109.1
65849,A5,306300,65849,-3.2,1.1,2014MM05,110.3
65850,A5,306300,65850,-3.1,-3.9,2014MM06,106.0
65851,A5,306300,65851,-3.7,-2.7,2014MM07,103.1
65852,A5,306300,65852,-3.1,0.9,2014MM08,104.1
65853,A5,306300,65853,-1.3,1.3,2014MM09,105.5
65854,A5,306300,65854,4.0,2.9,2014MM10,108.5
65855,A5,306300,65855,1.4,-3.0,2014MM11,105.3
65856,A5,306300,65856,3.9,2.7,2014MM12,108.1
65858,A5,306300,65858,2.9,0.3,2015MM01,108.4
65859,A5,306300,65859,1.6,0.7,2015MM02,109.1
65860,A5,306300,65860,2.4,1.2,2015MM03,110.4
65861,A5,306300,65861,0.5,-0.7,2015MM04,109.6
65862,A5,306300,65862,-4.1,-3.5,2015MM05,105.8
65863,A5,306300,65863,1.3,1.5,2015MM06,107.3
65864,A5,306300,65864,5.4,1.3,2015MM07,108.7
65865,A5,306300,65865,2.5,-1.8,2015MM08,106.7
65866,A5,306300,65866,1.7,0.5,2015MM09,107.2
65867,A5,306300,65867,-3.0,-1.9,2015MM10,105.2
65868,A5,306300,65868,-0.4,-0.3,2015MM11,104.9
65869,A5,306300,65869,0.0,3.1,2015MM12,108.1
65871,A5,306300,65871,-3.0,-2.7,2016MM01,105.2
65872,A5,306300,65872,-7.1,-3.7,2016MM02,101.3
65873,A5,306300,65873,-9.6,-1.5,2016MM03,99.8
65874,A5,306300,65874,-10.9,-2.1,2016MM04,97.7
65875,A5,306300,65875,-9.4,-2.0,2016MM05,95.8
65876,A5,306300,65876,-13.0,-2.5,2016MM06,93.3
65877,A5,306300,65877,-15.2,-1.2,2016MM07,92.2
65878,A5,306300,65878,-13.8,-0.3,2016MM08,91.9
65879,A5,306300,65879,-15.0,-0.9,2016MM09,91.1
65880,A5,306300,65880,-13.4,0.0,2016MM10,91.2
65881,A5,306300,65881,-12.6,0.6,2016MM11,91.7
65882,A5,306300,65882,-11.7,4.1,2016MM12,95.5
65884,A5,306300,65884,-8.5,0.8,2017MM01,96.3
65885,A5,306300,65885,-2.1,3.0,2017MM02,99.2
65886,A5,306300,65886,2.0,2.6,2017MM03,101.8
65887,A5,306300,65887,2.4,-1.7,2017MM04,100.1
65888,A5,306300,65888,0.4,-3.9,2017MM05,96.2
65889,A5,306300,65889,-0.3,-3.2,2017MM06,93.0
65890,A5,306300,65890,1.0,0.1,2017MM07,93.1
65891,A5,306300,65891,0.8,-0.5,2017MM08,92.6
65892,A5,306300,65892,3.3,1.6,2017MM09,94.1
65893,A5,306300,65893,6.9,3.6,2017MM10,97.5
65894,A5,306300,65894,9.3,2.8,2017MM11,100.2
65895,A5,306300,65895,5.7,0.7,2017MM12,100.9
