,Afzet,BedrijfstakkenBranchesSBI2008,ID,OntwikkelingTOV1JaarEerder_2,OntwikkelingTOV1MaandEerder_3,Perioden,ProducentenprijsindexPPI_1
33189,A4,306300,33189,3.82307692308,0.1,1981MM01,49.4
33190,A4,306300,33190,4.14615384615,-0.1,1981MM02,49.4
33191,A4,306300,33191,4.46923076923,0.9,1981MM03,49.8
33192,A4,306300,33192,4.79230769231,0.7,1981MM04,50.2
33193,A4,306300,33193,5.11538461538,0.5,1981MM05,50.4
33194,A4,306300,33194,5.43846153846,0.3,1981MM06,50.6
33195,A4,306300,33195,5.76153846154,2.6,1981MM07,51.9
33196,A4,306300,33196,6.08461538462,0.2,1981MM08,52.0
33197,A4,306300,33197,6.40769230769,-0.5,1981MM09,51.7
33198,A4,306300,33198,6.73076923077,-0.1,1981MM10,51.7
33199,A4,306300,33199,7.05384615385,0.4,1981MM11,51.9
33200,A4,306300,33200,7.37692307692,-0.7,1981MM12,51.5
33202,A4,306300,33202,7.7,3.2,1982MM01,53.2
33203,A4,306300,33203,7.3,-0.4,1982MM02,53.0
33204,A4,306300,33204,5.8,-0.5,1982MM03,52.7
33205,A4,306300,33205,4.8,-0.3,1982MM04,52.6
33206,A4,306300,33206,3.6,-0.7,1982MM05,52.2
33207,A4,306300,33207,2.4,-0.8,1982MM06,51.8
33208,A4,306300,33208,0.5,0.6,1982MM07,52.1
33209,A4,306300,33209,1.2,1.0,1982MM08,52.6
33210,A4,306300,33210,1.6,-0.2,1982MM09,52.5
33211,A4,306300,33211,1.7,0.0,1982MM10,52.6
33212,A4,306300,33212,0.4,-0.9,1982MM11,52.1
33213,A4,306300,33213,1.0,0.0,1982MM12,52.0
33215,A4,306300,33215,-2.1,0.1,1983MM01,52.1
33216,A4,306300,33216,-0.6,1.1,1983MM02,52.7
33217,A4,306300,33217,0.0,0.1,1983MM03,52.7
33218,A4,306300,33218,1.2,1.0,1983MM04,53.2
33219,A4,306300,33219,1.9,0.0,1983MM05,53.2
33220,A4,306300,33220,4.1,1.3,1983MM06,53.9
33221,A4,306300,33221,4.2,0.7,1983MM07,54.3
33222,A4,306300,33222,4.0,0.9,1983MM08,54.8
33223,A4,306300,33223,4.8,0.6,1983MM09,55.1
33224,A4,306300,33224,5.9,1.1,1983MM10,55.7
33225,A4,306300,33225,7.1,0.1,1983MM11,55.8
33226,A4,306300,33226,7.5,0.3,1983MM12,55.9
33228,A4,306300,33228,9.0,1.5,1984MM01,56.8
33229,A4,306300,33229,8.9,1.0,1984MM02,57.4
33230,A4,306300,33230,8.3,-0.5,1984MM03,57.1
33231,A4,306300,33231,8.3,0.9,1984MM04,57.6
33232,A4,306300,33232,8.6,0.3,1984MM05,57.8
33233,A4,306300,33233,7.5,0.3,1984MM06,58.0
33234,A4,306300,33234,7.2,0.3,1984MM07,58.2
33235,A4,306300,33235,5.7,-0.5,1984MM08,57.9
33236,A4,306300,33236,4.8,-0.3,1984MM09,57.7
33237,A4,306300,33237,3.6,-0.1,1984MM10,57.7
33238,A4,306300,33238,3.1,-0.4,1984MM11,57.5
33239,A4,306300,33239,2.6,-0.1,1984MM12,57.4
33241,A4,306300,33241,1.8,0.7,1985MM01,57.8
33242,A4,306300,33242,2.2,1.4,1985MM02,58.6
33243,A4,306300,33243,4.4,1.6,1985MM03,59.6
33244,A4,306300,33244,4.6,1.1,1985MM04,60.3
33245,A4,306300,33245,3.5,-0.7,1985MM05,59.8
33246,A4,306300,33246,3.6,0.4,1985MM06,60.1
33247,A4,306300,33247,3.3,0.1,1985MM07,60.1
33248,A4,306300,33248,2.3,-1.5,1985MM08,59.2
33249,A4,306300,33249,-0.4,-3.0,1985MM09,57.5
33250,A4,306300,33250,-3.0,-2.6,1985MM10,56.0
33251,A4,306300,33251,-4.5,-2.0,1985MM11,54.9
33252,A4,306300,33252,-6.3,-1.9,1985MM12,53.8
33254,A4,306300,33254,-10.2,-3.6,1986MM01,51.9
33255,A4,306300,33255,-20.7,-10.4,1986MM02,46.5
33256,A4,306300,33256,-14.3,9.9,1986MM03,51.1
33257,A4,306300,33257,-18.1,-3.3,1986MM04,49.4
33258,A4,306300,33258,-19.7,-2.7,1986MM05,48.1
33259,A4,306300,33259,-22.2,-2.8,1986MM06,46.7
33260,A4,306300,33260,-23.2,-1.2,1986MM07,46.1
33261,A4,306300,33261,-22.5,-0.5,1986MM08,45.9
33262,A4,306300,33262,-21.5,-1.7,1986MM09,45.1
33263,A4,306300,33263,-19.7,-0.4,1986MM10,44.9
33264,A4,306300,33264,-17.3,0.9,1986MM11,45.3
33265,A4,306300,33265,-16.3,-0.7,1986MM12,45.0
33267,A4,306300,33267,-12.7,0.6,1987MM01,45.3
33268,A4,306300,33268,-3.3,-0.8,1987MM02,44.9
33269,A4,306300,33269,-12.3,-0.3,1987MM03,44.8
33270,A4,306300,33270,-9.8,-0.6,1987MM04,44.5
33271,A4,306300,33271,-8.4,-1.1,1987MM05,44.0
33272,A4,306300,33272,-5.3,0.4,1987MM06,44.2
33273,A4,306300,33273,-2.9,1.3,1987MM07,44.8
33274,A4,306300,33274,-2.1,0.3,1987MM08,44.9
33275,A4,306300,33275,-0.8,-0.4,1987MM09,44.7
33276,A4,306300,33276,0.5,0.9,1987MM10,45.2
33277,A4,306300,33277,-0.7,-0.4,1987MM11,45.0
33278,A4,306300,33278,0.4,0.5,1987MM12,45.2
33280,A4,306300,33280,-0.2,0.0,1988MM01,45.2
33281,A4,306300,33281,-0.6,-1.3,1988MM02,44.7
33282,A4,306300,33282,-0.5,-0.2,1988MM03,44.6
33283,A4,306300,33283,5.9,5.8,1988MM04,47.2
33284,A4,306300,33284,2.7,-4.1,1988MM05,45.2
33285,A4,306300,33285,1.5,-0.7,1988MM06,44.9
33286,A4,306300,33286,1.1,0.9,1988MM07,45.3
33287,A4,306300,33287,1.2,0.4,1988MM08,45.5
33288,A4,306300,33288,3.2,1.5,1988MM09,46.2
33289,A4,306300,33289,3.8,1.6,1988MM10,46.9
33290,A4,306300,33290,6.5,2.3,1988MM11,47.9
33291,A4,306300,33291,6.5,0.4,1988MM12,48.1
33293,A4,306300,33293,7.8,1.3,1989MM01,48.8
33294,A4,306300,33294,10.3,1.0,1989MM02,49.3
33295,A4,306300,33295,11.1,0.5,1989MM03,49.5
33296,A4,306300,33296,5.9,0.9,1989MM04,50.0
33297,A4,306300,33297,15.3,4.4,1989MM05,52.2
33298,A4,306300,33298,13.4,-2.4,1989MM06,50.9
33299,A4,306300,33299,14.1,1.6,1989MM07,51.7
33300,A4,306300,33300,14.8,1.0,1989MM08,52.2
33301,A4,306300,33301,14.2,0.9,1989MM09,52.7
33302,A4,306300,33302,13.6,1.1,1989MM10,53.3
33303,A4,306300,33303,9.7,-1.2,1989MM11,52.6
33304,A4,306300,33304,9.2,-0.1,1989MM12,52.6
33306,A4,306300,33306,7.4,-0.3,1990MM01,52.4
33307,A4,306300,33307,5.9,-0.5,1990MM02,52.1
33308,A4,306300,33308,5.0,-0.3,1990MM03,52.0
33309,A4,306300,33309,4.1,0.0,1990MM04,52.0
33310,A4,306300,33310,-0.7,-0.4,1990MM05,51.8
33311,A4,306300,33311,1.6,-0.2,1990MM06,51.7
33312,A4,306300,33312,-0.1,-0.2,1990MM07,51.6
33313,A4,306300,33313,-1.1,0.0,1990MM08,51.7
33314,A4,306300,33314,-2.0,0.0,1990MM09,51.7
33315,A4,306300,33315,-3.2,-0.2,1990MM10,51.6
33316,A4,306300,33316,-1.7,0.3,1990MM11,51.7
33317,A4,306300,33317,-1.3,0.4,1990MM12,51.9
33319,A4,306300,33319,-0.7,0.2,1991MM01,52.0
33320,A4,306300,33320,6.7,7.0,1991MM02,55.6
33321,A4,306300,33321,7.0,0.1,1991MM03,55.7
33322,A4,306300,33322,7.2,0.1,1991MM04,55.7
33323,A4,306300,33323,7.7,0.2,1991MM05,55.8
33324,A4,306300,33324,7.9,0.0,1991MM06,55.8
33325,A4,306300,33325,8.0,-0.1,1991MM07,55.8
33326,A4,306300,33326,7.9,-0.1,1991MM08,55.7
33327,A4,306300,33327,8.0,0.0,1991MM09,55.8
33328,A4,306300,33328,8.2,0.0,1991MM10,55.8
33329,A4,306300,33329,7.7,-0.1,1991MM11,55.7
33330,A4,306300,33330,7.1,-0.3,1991MM12,55.6
33332,A4,306300,33332,7.3,0.5,1992MM01,55.8
33333,A4,306300,33333,0.6,0.3,1992MM02,56.0
33334,A4,306300,33334,2.2,1.6,1992MM03,56.9
33335,A4,306300,33335,2.1,0.1,1992MM04,56.9
33336,A4,306300,33336,2.0,0.1,1992MM05,57.0
33337,A4,306300,33337,1.9,-0.1,1992MM06,56.9
33338,A4,306300,33338,2.0,-0.1,1992MM07,56.9
33339,A4,306300,33339,1.9,-0.2,1992MM08,56.8
33340,A4,306300,33340,1.9,0.1,1992MM09,56.8
33341,A4,306300,33341,2.0,0.1,1992MM10,56.9
33342,A4,306300,33342,2.0,-0.1,1992MM11,56.8
33343,A4,306300,33343,2.2,0.0,1992MM12,56.8
33345,A4,306300,33345,1.9,0.1,1993MM01,56.9
33346,A4,306300,33346,1.6,0.0,1993MM02,56.9
33347,A4,306300,33347,0.0,0.0,1993MM03,56.9
33348,A4,306300,33348,2.2,2.3,1993MM04,58.2
33349,A4,306300,33349,1.3,-0.8,1993MM05,57.7
33350,A4,306300,33350,1.8,0.4,1993MM06,58.0
33351,A4,306300,33351,2.2,0.3,1993MM07,58.1
33352,A4,306300,33352,2.4,0.1,1993MM08,58.1
33353,A4,306300,33353,2.4,0.1,1993MM09,58.2
33354,A4,306300,33354,2.3,0.0,1993MM10,58.2
33355,A4,306300,33355,2.6,0.1,1993MM11,58.3
33356,A4,306300,33356,2.7,0.1,1993MM12,58.3
33358,A4,306300,33358,2.6,0.0,1994MM01,58.3
33359,A4,306300,33359,2.5,-0.1,1994MM02,58.3
33360,A4,306300,33360,2.5,0.0,1994MM03,58.3
33361,A4,306300,33361,0.1,-0.1,1994MM04,58.3
33362,A4,306300,33362,2.1,1.2,1994MM05,58.9
33363,A4,306300,33363,1.1,-0.5,1994MM06,58.6
33364,A4,306300,33364,1.0,0.2,1994MM07,58.7
33365,A4,306300,33365,1.0,0.1,1994MM08,58.7
33366,A4,306300,33366,1.1,0.1,1994MM09,58.8
33367,A4,306300,33367,1.3,0.2,1994MM10,58.9
33368,A4,306300,33368,1.0,-0.2,1994MM11,58.8
33369,A4,306300,33369,1.3,0.5,1994MM12,59.1
33371,A4,306300,33371,1.4,0.0,1995MM01,59.1
33372,A4,306300,33372,1.5,0.0,1995MM02,59.1
33373,A4,306300,33373,3.0,1.5,1995MM03,60.0
33374,A4,306300,33374,3.1,0.0,1995MM04,60.0
33375,A4,306300,33375,1.9,0.0,1995MM05,60.0
33376,A4,306300,33376,2.4,0.0,1995MM06,60.0
33377,A4,306300,33377,2.3,0.0,1995MM07,60.1
33378,A4,306300,33378,2.2,0.0,1995MM08,60.0
33379,A4,306300,33379,1.6,-0.5,1995MM09,59.8
33380,A4,306300,33380,1.4,0.0,1995MM10,59.8
33381,A4,306300,33381,2.7,1.1,1995MM11,60.4
33382,A4,306300,33382,2.3,0.0,1995MM12,60.4
33384,A4,306300,33384,6.4,4.0,1996MM01,62.9
33385,A4,306300,33385,6.6,0.2,1996MM02,63.0
33386,A4,306300,33386,5.2,0.2,1996MM03,63.2
33387,A4,306300,33387,5.6,0.4,1996MM04,63.4
33388,A4,306300,33388,5.7,0.0,1996MM05,63.4
33389,A4,306300,33389,5.4,-0.3,1996MM06,63.3
33390,A4,306300,33390,5.3,-0.1,1996MM07,63.2
33391,A4,306300,33391,5.2,-0.1,1996MM08,63.2
33392,A4,306300,33392,5.7,0.0,1996MM09,63.1
33393,A4,306300,33393,6.2,0.5,1996MM10,63.5
33394,A4,306300,33394,5.1,0.0,1996MM11,63.5
33395,A4,306300,33395,4.9,-0.1,1996MM12,63.4
33397,A4,306300,33397,3.9,3.0,1997MM01,65.4
33398,A4,306300,33398,3.7,0.0,1997MM02,65.4
33399,A4,306300,33399,3.9,0.4,1997MM03,65.6
33400,A4,306300,33400,3.4,-0.1,1997MM04,65.6
33401,A4,306300,33401,3.2,-0.2,1997MM05,65.5
33402,A4,306300,33402,3.5,0.0,1997MM06,65.5
33403,A4,306300,33403,3.9,0.3,1997MM07,65.7
33404,A4,306300,33404,4.1,0.2,1997MM08,65.8
33405,A4,306300,33405,4.1,0.0,1997MM09,65.8
33406,A4,306300,33406,3.3,-0.3,1997MM10,65.6
33407,A4,306300,33407,3.4,0.1,1997MM11,65.7
33408,A4,306300,33408,3.4,-0.1,1997MM12,65.6
33410,A4,306300,33410,2.7,2.3,1998MM01,67.1
33411,A4,306300,33411,2.6,-0.1,1998MM02,67.1
33412,A4,306300,33412,1.9,-0.3,1998MM03,66.9
33413,A4,306300,33413,1.6,-0.3,1998MM04,66.7
33414,A4,306300,33414,1.8,0.0,1998MM05,66.7
33415,A4,306300,33415,1.9,0.0,1998MM06,66.7
33416,A4,306300,33416,1.3,-0.2,1998MM07,66.5
33417,A4,306300,33417,0.6,-0.5,1998MM08,66.2
33418,A4,306300,33418,0.2,-0.4,1998MM09,65.9
33419,A4,306300,33419,0.0,-0.5,1998MM10,65.6
33420,A4,306300,33420,-0.1,0.0,1998MM11,65.6
33421,A4,306300,33421,0.0,0.0,1998MM12,65.6
33423,A4,306300,33423,-0.7,1.7,1999MM01,66.6
33424,A4,306300,33424,-0.3,0.3,1999MM02,66.8
33425,A4,306300,33425,-0.2,-0.2,1999MM03,66.7
33426,A4,306300,33426,0.6,0.5,1999MM04,67.0
33427,A4,306300,33427,0.5,0.0,1999MM05,67.0
33428,A4,306300,33428,0.4,-0.2,1999MM06,66.9
33429,A4,306300,33429,0.1,-0.5,1999MM07,66.6
33430,A4,306300,33430,-0.2,-0.8,1999MM08,66.1
33431,A4,306300,33431,-0.2,-0.5,1999MM09,65.8
33432,A4,306300,33432,-0.3,-0.6,1999MM10,65.4
33433,A4,306300,33433,-1.2,-0.9,1999MM11,64.8
33434,A4,306300,33434,-1.9,-0.8,1999MM12,64.3
33436,A4,306300,33436,-1.9,1.7,2000MM01,65.3
33437,A4,306300,33437,-1.0,1.2,2000MM02,66.2
33438,A4,306300,33438,0.9,1.8,2000MM03,67.3
33439,A4,306300,33439,2.4,1.9,2000MM04,68.6
33440,A4,306300,33440,3.9,1.4,2000MM05,69.6
33441,A4,306300,33441,5.0,0.9,2000MM06,70.2
33442,A4,306300,33442,5.1,-0.4,2000MM07,70.0
33443,A4,306300,33443,3.4,-2.4,2000MM08,68.3
33444,A4,306300,33444,4.6,0.7,2000MM09,68.8
33445,A4,306300,33445,6.6,1.3,2000MM10,69.7
33446,A4,306300,33446,8.7,1.0,2000MM11,70.4
33447,A4,306300,33447,10.0,0.4,2000MM12,70.7
33449,A4,306300,33449,11.6,3.2,2001MM01,72.9
33450,A4,306300,33450,11.2,0.9,2001MM02,73.6
33451,A4,306300,33451,9.8,0.5,2001MM03,73.9
33452,A4,306300,33452,8.6,0.8,2001MM04,74.5
33453,A4,306300,33453,7.4,0.3,2001MM05,74.8
33454,A4,306300,33454,5.8,-0.6,2001MM06,74.3
33455,A4,306300,33455,3.6,-2.4,2001MM07,72.5
33456,A4,306300,33456,5.5,-0.5,2001MM08,72.1
33457,A4,306300,33457,4.7,-0.1,2001MM09,72.0
33458,A4,306300,33458,3.1,-0.2,2001MM10,71.8
33459,A4,306300,33459,3.1,1.0,2001MM11,72.5
33460,A4,306300,33460,2.5,-0.1,2001MM12,72.5
33462,A4,306300,33462,1.6,2.2,2002MM01,74.1
33463,A4,306300,33463,1.2,0.5,2002MM02,74.5
33464,A4,306300,33464,1.1,0.4,2002MM03,74.8
33465,A4,306300,33465,1.4,1.1,2002MM04,75.6
33466,A4,306300,33466,-0.3,-1.3,2002MM05,74.6
33467,A4,306300,33467,0.0,-0.3,2002MM06,74.3
33468,A4,306300,33468,2.5,0.0,2002MM07,74.3
33469,A4,306300,33469,2.7,-0.3,2002MM08,74.1
33470,A4,306300,33470,3.1,0.2,2002MM09,74.2
33471,A4,306300,33471,3.8,0.4,2002MM10,74.5
33472,A4,306300,33472,3.2,0.4,2002MM11,74.9
33473,A4,306300,33473,3.6,0.3,2002MM12,75.1
33475,A4,306300,33475,3.3,1.9,2003MM01,76.6
33476,A4,306300,33476,3.0,0.1,2003MM02,76.7
33477,A4,306300,33477,3.9,1.3,2003MM03,77.7
33478,A4,306300,33478,3.6,0.8,2003MM04,78.3
33479,A4,306300,33479,4.0,-0.9,2003MM05,77.6
33480,A4,306300,33480,3.9,-0.5,2003MM06,77.2
33481,A4,306300,33481,3.1,-0.8,2003MM07,76.6
33482,A4,306300,33482,3.3,-0.1,2003MM08,76.5
33483,A4,306300,33483,3.3,0.2,2003MM09,76.7
33484,A4,306300,33484,3.2,0.4,2003MM10,76.9
33485,A4,306300,33485,2.9,0.1,2003MM11,77.0
33486,A4,306300,33486,2.8,0.2,2003MM12,77.2
33488,A4,306300,33488,1.7,0.8,2004MM01,77.9
33489,A4,306300,33489,2.6,1.1,2004MM02,78.7
33490,A4,306300,33490,1.0,-0.3,2004MM03,78.5
33491,A4,306300,33491,-0.5,-0.7,2004MM04,77.9
33492,A4,306300,33492,-0.5,-0.9,2004MM05,77.2
33493,A4,306300,33493,-0.5,-0.4,2004MM06,76.8
33494,A4,306300,33494,0.0,-0.3,2004MM07,76.6
33495,A4,306300,33495,0.4,0.3,2004MM08,76.8
33496,A4,306300,33496,0.7,0.5,2004MM09,77.2
33497,A4,306300,33497,0.6,0.3,2004MM10,77.4
33498,A4,306300,33498,1.3,0.9,2004MM11,78.1
33499,A4,306300,33499,1.5,0.4,2004MM12,78.4
33501,A4,306300,33501,1.66153846154,0.85,2005MM01,79.7
33502,A4,306300,33502,1.82307692308,1.3,2005MM02,80.8
33503,A4,306300,33503,1.98461538462,0.2,2005MM03,81.0
33504,A4,306300,33504,2.14615384615,-0.7,2005MM04,80.4
33505,A4,306300,33505,2.30769230769,-1.3,2005MM05,79.4
33506,A4,306300,33506,2.46923076923,-0.6,2005MM06,78.9
33507,A4,306300,33507,2.63076923077,-0.1,2005MM07,78.8
33508,A4,306300,33508,2.79230769231,0.3,2005MM08,79.0
33509,A4,306300,33509,2.95384615385,1.0,2005MM09,79.8
33510,A4,306300,33510,3.11538461538,0.6,2005MM10,80.3
33511,A4,306300,33511,3.27692307692,0.0,2005MM11,80.3
33512,A4,306300,33512,3.43846153846,0.9,2005MM12,81.0
33514,A4,306300,33514,3.6,2.0,2006MM01,82.6
33515,A4,306300,33515,3.2,0.9,2006MM02,83.4
33516,A4,306300,33516,4.2,1.2,2006MM03,84.3
33517,A4,306300,33517,5.2,0.3,2006MM04,84.6
33518,A4,306300,33518,8.3,1.6,2006MM05,86.0
33519,A4,306300,33519,8.9,-0.1,2006MM06,85.9
33520,A4,306300,33520,9.8,0.7,2006MM07,86.5
33521,A4,306300,33521,10.1,0.5,2006MM08,87.0
33522,A4,306300,33522,8.8,-0.2,2006MM09,86.8
33523,A4,306300,33523,8.3,0.2,2006MM10,87.0
33524,A4,306300,33524,9.3,0.9,2006MM11,87.7
33525,A4,306300,33525,7.8,-0.5,2006MM12,87.3
33527,A4,306300,33527,7.1,1.3,2007MM01,88.5
33528,A4,306300,33528,6.2,0.0,2007MM02,88.5
33529,A4,306300,33529,4.9,0.0,2007MM03,88.4
33530,A4,306300,33530,6.0,1.4,2007MM04,89.7
33531,A4,306300,33531,3.8,-0.5,2007MM05,89.3
33532,A4,306300,33532,3.2,-0.6,2007MM06,88.7
33533,A4,306300,33533,1.9,-0.6,2007MM07,88.2
33534,A4,306300,33534,1.9,0.5,2007MM08,88.6
33535,A4,306300,33535,2.3,0.3,2007MM09,88.9
33536,A4,306300,33536,3.5,1.3,2007MM10,90.0
33537,A4,306300,33537,5.4,2.7,2007MM11,92.5
33538,A4,306300,33538,9.9,3.8,2007MM12,96.0
33540,A4,306300,33540,11.2,2.5,2008MM01,98.4
33541,A4,306300,33541,13.6,2.2,2008MM02,100.5
33542,A4,306300,33542,16.5,2.5,2008MM03,103.1
33543,A4,306300,33543,20.8,5.1,2008MM04,108.3
33544,A4,306300,33544,22.2,0.6,2008MM05,109.0
33545,A4,306300,33545,22.8,-0.1,2008MM06,108.9
33546,A4,306300,33546,26.7,2.6,2008MM07,111.7
33547,A4,306300,33547,27.4,1.1,2008MM08,112.9
33548,A4,306300,33548,32.0,3.8,2008MM09,117.3
33549,A4,306300,33549,30.3,0.1,2008MM10,117.3
33550,A4,306300,33550,33.1,4.9,2008MM11,123.1
33551,A4,306300,33551,22.5,-4.5,2008MM12,117.6
33553,A4,306300,33553,17.8,-1.5,2009MM01,115.9
33554,A4,306300,33554,14.4,-0.8,2009MM02,115.0
33555,A4,306300,33555,9.9,-1.5,2009MM03,113.2
33556,A4,306300,33556,2.3,-2.1,2009MM04,110.9
33557,A4,306300,33557,-1.7,-3.3,2009MM05,107.2
33558,A4,306300,33558,-17.8,-16.4,2009MM06,89.6
33559,A4,306300,33559,-19.6,0.3,2009MM07,89.8
33560,A4,306300,33560,-19.1,1.7,2009MM08,91.3
33561,A4,306300,33561,-22.8,-0.9,2009MM09,90.6
33562,A4,306300,33562,-22.1,0.9,2009MM10,91.4
33563,A4,306300,33563,-26.1,-0.5,2009MM11,90.9
33564,A4,306300,33564,-22.6,0.1,2009MM12,91.0
33566,A4,306300,33566,-19.4,2.7,2010MM01,93.4
33567,A4,306300,33567,-16.4,2.9,2010MM02,96.1
33568,A4,306300,33568,-12.5,3.1,2010MM03,99.1
33569,A4,306300,33569,-8.5,2.4,2010MM04,101.4
33570,A4,306300,33570,-7.4,-2.1,2010MM05,99.3
33571,A4,306300,33571,9.2,-1.5,2010MM06,97.8
33572,A4,306300,33572,8.2,-0.6,2010MM07,97.2
33573,A4,306300,33573,7.0,0.6,2010MM08,97.7
33574,A4,306300,33574,11.0,2.8,2010MM09,100.5
33575,A4,306300,33575,14.8,4.3,2010MM10,104.9
33576,A4,306300,33576,15.7,0.3,2010MM11,105.1
33577,A4,306300,33577,18.2,2.3,2010MM12,107.6
33579,A4,306300,33579,16.9,1.5,2011MM01,109.2
33580,A4,306300,33580,16.6,2.7,2011MM02,112.1
33581,A4,306300,33581,12.9,-0.2,2011MM03,111.8
33582,A4,306300,33582,9.4,-0.7,2011MM04,111.0
33583,A4,306300,33583,11.4,-0.4,2011MM05,110.6
33584,A4,306300,33584,14.0,0.8,2011MM06,111.5
33585,A4,306300,33585,16.9,1.9,2011MM07,113.6
33586,A4,306300,33586,16.9,0.6,2011MM08,114.2
33587,A4,306300,33587,13.6,0.0,2011MM09,114.2
33588,A4,306300,33588,9.9,0.9,2011MM10,115.2
33589,A4,306300,33589,10.6,0.9,2011MM11,116.3
33590,A4,306300,33590,10.2,1.9,2011MM12,118.5
33592,A4,306300,33592,9.3,0.6,2012MM01,119.3
33593,A4,306300,33593,6.3,-0.1,2012MM02,119.2
33594,A4,306300,33594,6.1,-0.4,2012MM03,118.7
33595,A4,306300,33595,7.0,0.1,2012MM04,118.8
33596,A4,306300,33596,7.2,-0.2,2012MM05,118.6
33597,A4,306300,33597,5.2,-1.1,2012MM06,117.3
33598,A4,306300,33598,4.0,0.7,2012MM07,118.1
33599,A4,306300,33599,3.6,0.2,2012MM08,118.3
33600,A4,306300,33600,5.0,1.3,2012MM09,119.9
33601,A4,306300,33601,2.9,-1.2,2012MM10,118.5
33602,A4,306300,33602,1.7,-0.3,2012MM11,118.2
33603,A4,306300,33603,-1.0,-0.8,2012MM12,117.3
33605,A4,306300,33605,-2.0,-0.4,2013MM01,116.9
33606,A4,306300,33606,-1.6,0.3,2013MM02,117.3
33607,A4,306300,33607,-0.5,0.7,2013MM03,118.1
33608,A4,306300,33608,-1.0,-0.5,2013MM04,117.6
33609,A4,306300,33609,-2.2,-1.3,2013MM05,116.0
33610,A4,306300,33610,-2.9,-1.8,2013MM06,114.0
33611,A4,306300,33611,-3.7,-0.2,2013MM07,113.7
33612,A4,306300,33612,-4.1,-0.2,2013MM08,113.5
33613,A4,306300,33613,-6.4,-1.1,2013MM09,112.2
33614,A4,306300,33614,-5.7,-0.3,2013MM10,111.8
33615,A4,306300,33615,-6.1,-0.8,2013MM11,111.0
33616,A4,306300,33616,-5.5,-0.1,2013MM12,110.9
33618,A4,306300,33618,-2.7,2.5,2014MM01,113.7
33619,A4,306300,33619,-2.4,0.6,2014MM02,114.4
33620,A4,306300,33620,-2.3,0.9,2014MM03,115.4
33621,A4,306300,33621,-1.2,0.7,2014MM04,116.2
33622,A4,306300,33622,0.4,0.2,2014MM05,116.4
33623,A4,306300,33623,1.7,-0.5,2014MM06,115.9
33624,A4,306300,33624,0.7,-1.2,2014MM07,114.5
33625,A4,306300,33625,0.7,-0.2,2014MM08,114.2
33626,A4,306300,33626,2.1,0.2,2014MM09,114.5
33627,A4,306300,33627,2.8,0.4,2014MM10,115.0
33628,A4,306300,33628,3.4,-0.2,2014MM11,114.7
33629,A4,306300,33629,3.9,0.4,2014MM12,115.2
33631,A4,306300,33631,0.5,-0.8,2015MM01,114.3
33632,A4,306300,33632,-2.0,-1.9,2015MM02,112.1
33633,A4,306300,33633,-0.8,2.1,2015MM03,114.4
33634,A4,306300,33634,-2.5,-1.0,2015MM04,113.3
33635,A4,306300,33635,-2.8,-0.1,2015MM05,113.2
33636,A4,306300,33636,-2.5,-0.1,2015MM06,113.0
33637,A4,306300,33637,-2.6,-1.3,2015MM07,111.6
33638,A4,306300,33638,2.0,4.4,2015MM08,116.5
33639,A4,306300,33639,-0.5,-2.2,2015MM09,113.9
33640,A4,306300,33640,0.1,1.1,2015MM10,115.1
33641,A4,306300,33641,-2.4,-2.8,2015MM11,111.9
33642,A4,306300,33642,-1.5,1.4,2015MM12,113.5
33644,A4,306300,33644,0.0,0.7,2016MM01,114.3
33645,A4,306300,33645,0.0,-1.9,2016MM02,112.1
33646,A4,306300,33646,-2.5,-0.5,2016MM03,111.6
33647,A4,306300,33647,-5.5,-4.1,2016MM04,107.0
33648,A4,306300,33648,-2.7,2.9,2016MM05,110.1
33649,A4,306300,33649,-4.1,-1.6,2016MM06,108.4
33650,A4,306300,33650,-3.2,-0.4,2016MM07,108.0
33651,A4,306300,33651,-7.7,-0.4,2016MM08,107.6
33652,A4,306300,33652,-6.8,-1.3,2016MM09,106.2
33653,A4,306300,33653,-8.1,-0.4,2016MM10,105.8
33654,A4,306300,33654,-4.0,1.6,2016MM11,107.4
33655,A4,306300,33655,-4.0,1.4,2016MM12,109.0
33657,A4,306300,33657,-1.6,3.2,2017MM01,112.5
33658,A4,306300,33658,0.4,0.1,2017MM02,112.6
33659,A4,306300,33659,1.3,0.4,2017MM03,113.0
33660,A4,306300,33660,3.4,-2.1,2017MM04,110.7
33661,A4,306300,33661,-3.2,-3.7,2017MM05,106.6
33662,A4,306300,33662,-3.5,-1.8,2017MM06,104.6
33663,A4,306300,33663,-4.4,-1.4,2017MM07,103.2
33664,A4,306300,33664,-3.0,1.1,2017MM08,104.3
33665,A4,306300,33665,2.3,4.1,2017MM09,108.6
33666,A4,306300,33666,4.9,2.1,2017MM10,110.9
33667,A4,306300,33667,2.6,-0.6,2017MM11,110.2
33668,A4,306300,33668,0.9,-0.2,2017MM12,110.0
