,Afzet,BedrijfstakkenBranchesSBI2008,ID,OntwikkelingTOV1JaarEerder_2,OntwikkelingTOV1MaandEerder_3,Perioden,ProducentenprijsindexPPI_1
962,A6,306300,962,,,1981MM01,52.5
963,A6,306300,963,,1.0,1981MM02,53.0
964,A6,306300,964,,0.5,1981MM03,53.2
965,A6,306300,965,,1.2,1981MM04,53.9
966,A6,306300,966,,0.2,1981MM05,53.9
967,A6,306300,967,,1.3,1981MM06,54.7
968,A6,306300,968,,1.7,1981MM07,55.6
969,A6,306300,969,,0.1,1981MM08,55.6
970,A6,306300,970,,-0.3,1981MM09,55.5
971,A6,306300,971,,-0.4,1981MM10,55.2
972,A6,306300,972,,-0.4,1981MM11,55.0
973,A6,306300,973,,-0.7,1981MM12,54.6
975,A6,306300,975,6.0,1.8,1982MM01,55.6
976,A6,306300,976,4.6,-0.3,1982MM02,55.4
977,A6,306300,977,4.3,0.2,1982MM03,55.5
978,A6,306300,978,3.0,-0.1,1982MM04,55.4
979,A6,306300,979,1.5,-1.3,1982MM05,54.7
980,A6,306300,980,-0.1,-0.2,1982MM06,54.6
981,A6,306300,981,-2.0,-0.3,1982MM07,54.5
982,A6,306300,982,-1.5,0.5,1982MM08,54.8
983,A6,306300,983,-1.7,-0.4,1982MM09,54.5
984,A6,306300,984,-1.9,-0.6,1982MM10,54.2
985,A6,306300,985,-2.6,-1.1,1982MM11,53.6
986,A6,306300,986,-2.6,-0.8,1982MM12,53.2
988,A6,306300,988,-4.1,0.2,1983MM01,53.3
989,A6,306300,989,-2.5,1.4,1983MM02,54.0
990,A6,306300,990,-1.3,1.5,1983MM03,54.8
991,A6,306300,991,0.7,1.9,1983MM04,55.9
992,A6,306300,992,2.7,0.6,1983MM05,56.2
993,A6,306300,993,5.9,2.9,1983MM06,57.9
994,A6,306300,994,6.5,0.3,1983MM07,58.0
995,A6,306300,995,8.1,2.0,1983MM08,59.2
996,A6,306300,996,10.4,1.7,1983MM09,60.2
997,A6,306300,997,12.1,0.9,1983MM10,60.7
998,A6,306300,998,13.9,0.5,1983MM11,61.0
999,A6,306300,999,16.6,1.6,1983MM12,62.0
1001,A6,306300,1001,19.0,2.3,1984MM01,63.4
1002,A6,306300,1002,19.1,1.4,1984MM02,64.3
1003,A6,306300,1003,17.8,0.4,1984MM03,64.6
1004,A6,306300,1004,16.7,0.9,1984MM04,65.2
1005,A6,306300,1005,16.6,0.5,1984MM05,65.5
1006,A6,306300,1006,12.8,-0.4,1984MM06,65.3
1007,A6,306300,1007,11.6,-0.8,1984MM07,64.8
1008,A6,306300,1008,9.7,0.2,1984MM08,64.9
1009,A6,306300,1009,7.0,-0.8,1984MM09,64.4
1010,A6,306300,1010,5.8,-0.2,1984MM10,64.2
1011,A6,306300,1011,5.1,-0.2,1984MM11,64.1
1012,A6,306300,1012,3.3,-0.1,1984MM12,64.0
1014,A6,306300,1014,1.4,0.5,1985MM01,64.3
1015,A6,306300,1015,1.2,1.2,1985MM02,65.1
1016,A6,306300,1016,2.7,1.9,1985MM03,66.4
1017,A6,306300,1017,1.1,-0.6,1985MM04,65.9
1018,A6,306300,1018,1.3,0.6,1985MM05,66.4
1019,A6,306300,1019,1.0,-0.6,1985MM06,66.0
1020,A6,306300,1020,-0.5,-2.3,1985MM07,64.4
1021,A6,306300,1021,-2.4,-1.7,1985MM08,63.3
1022,A6,306300,1022,-3.2,-1.6,1985MM09,62.3
1023,A6,306300,1023,-4.0,-1.1,1985MM10,61.6
1024,A6,306300,1024,-5.8,-2.0,1985MM11,60.4
1025,A6,306300,1025,-8.1,-2.7,1985MM12,58.8
1027,A6,306300,1027,-9.5,-1.0,1986MM01,58.2
1028,A6,306300,1028,-12.4,-2.0,1986MM02,57.1
1029,A6,306300,1029,-15.3,-1.5,1986MM03,56.2
1030,A6,306300,1030,-15.7,-1.1,1986MM04,55.6
1031,A6,306300,1031,-16.8,-0.7,1986MM05,55.2
1032,A6,306300,1032,-16.6,-0.4,1986MM06,55.0
1033,A6,306300,1033,-16.4,-2.1,1986MM07,53.9
1034,A6,306300,1034,-15.5,-0.6,1986MM08,53.5
1035,A6,306300,1035,-14.6,-0.5,1986MM09,53.2
1036,A6,306300,1036,-14.3,-0.8,1986MM10,52.8
1037,A6,306300,1037,-13.0,-0.4,1986MM11,52.6
1038,A6,306300,1038,-11.4,-0.9,1986MM12,52.1
1040,A6,306300,1040,-11.5,-1.1,1987MM01,51.5
1041,A6,306300,1041,-10.4,-0.8,1987MM02,51.1
1042,A6,306300,1042,-8.8,0.2,1987MM03,51.3
1043,A6,306300,1043,-7.3,0.5,1987MM04,51.5
1044,A6,306300,1044,-6.9,-0.2,1987MM05,51.4
1045,A6,306300,1045,-6.3,0.3,1987MM06,51.5
1046,A6,306300,1046,-3.8,0.5,1987MM07,51.8
1047,A6,306300,1047,-3.3,0.0,1987MM08,51.8
1048,A6,306300,1048,-1.9,0.8,1987MM09,52.2
1049,A6,306300,1049,-1.2,0.0,1987MM10,52.2
1050,A6,306300,1050,-1.0,-0.2,1987MM11,52.1
1051,A6,306300,1051,0.1,0.2,1987MM12,52.2
1053,A6,306300,1053,2.2,0.9,1988MM01,52.7
1054,A6,306300,1054,2.8,-0.2,1988MM02,52.6
1055,A6,306300,1055,3.7,1.1,1988MM03,53.2
1056,A6,306300,1056,4.7,1.4,1988MM04,53.9
1057,A6,306300,1057,6.1,1.1,1988MM05,54.5
1058,A6,306300,1058,8.7,2.7,1988MM06,56.0
1059,A6,306300,1059,10.7,2.4,1988MM07,57.3
1060,A6,306300,1060,11.7,0.8,1988MM08,57.8
1061,A6,306300,1061,12.6,1.7,1988MM09,58.8
1062,A6,306300,1062,14.3,1.5,1988MM10,59.7
1063,A6,306300,1063,14.7,0.1,1988MM11,59.8
1064,A6,306300,1064,15.2,0.7,1988MM12,60.1
1066,A6,306300,1066,16.5,2.0,1989MM01,61.3
1067,A6,306300,1067,19.2,2.1,1989MM02,62.6
1068,A6,306300,1068,19.3,1.3,1989MM03,63.4
1069,A6,306300,1069,17.9,0.2,1989MM04,63.6
1070,A6,306300,1070,17.0,0.3,1989MM05,63.8
1071,A6,306300,1071,13.2,-0.7,1989MM06,63.4
1072,A6,306300,1072,10.5,-0.1,1989MM07,63.3
1073,A6,306300,1073,9.9,0.3,1989MM08,63.6
1074,A6,306300,1074,7.9,-0.2,1989MM09,63.4
1075,A6,306300,1075,5.2,-1.0,1989MM10,62.8
1076,A6,306300,1076,2.8,-2.1,1989MM11,61.4
1077,A6,306300,1077,0.6,-1.5,1989MM12,60.5
1079,A6,306300,1079,-3.3,-2.0,1990MM01,59.3
1080,A6,306300,1080,-4.9,0.5,1990MM02,59.6
1081,A6,306300,1081,-5.5,0.7,1990MM03,60.0
1082,A6,306300,1082,-5.0,0.7,1990MM04,60.4
1083,A6,306300,1083,-5.0,0.4,1990MM05,60.6
1084,A6,306300,1084,-4.1,0.3,1990MM06,60.8
1085,A6,306300,1085,-3.8,0.3,1990MM07,61.0
1086,A6,306300,1086,-4.0,0.1,1990MM08,61.0
1087,A6,306300,1087,-3.8,0.0,1990MM09,61.0
1088,A6,306300,1088,-2.5,0.3,1990MM10,61.2
1089,A6,306300,1089,-0.3,0.1,1990MM11,61.2
1090,A6,306300,1090,1.1,-0.1,1990MM12,61.2
1092,A6,306300,1092,7.0,3.7,1991MM01,63.4
1093,A6,306300,1093,6.3,-0.1,1991MM02,63.3
1094,A6,306300,1094,5.4,-0.2,1991MM03,63.2
1095,A6,306300,1095,4.9,0.2,1991MM04,63.3
1096,A6,306300,1096,4.2,-0.2,1991MM05,63.2
1097,A6,306300,1097,3.8,-0.1,1991MM06,63.1
1098,A6,306300,1098,3.2,-0.3,1991MM07,62.9
1099,A6,306300,1099,3.1,0.0,1991MM08,62.9
1100,A6,306300,1100,3.0,-0.1,1991MM09,62.8
1101,A6,306300,1101,2.5,-0.2,1991MM10,62.7
1102,A6,306300,1102,2.6,0.2,1991MM11,62.8
1103,A6,306300,1103,3.0,0.3,1991MM12,63.0
1105,A6,306300,1105,1.0,1.6,1992MM01,64.0
1106,A6,306300,1106,1.2,0.1,1992MM02,64.1
1107,A6,306300,1107,1.4,0.0,1992MM03,64.1
1108,A6,306300,1108,1.3,0.1,1992MM04,64.1
1109,A6,306300,1109,1.5,-0.1,1992MM05,64.1
1110,A6,306300,1110,1.7,0.1,1992MM06,64.1
1111,A6,306300,1111,1.9,0.0,1992MM07,64.2
1112,A6,306300,1112,2.0,0.0,1992MM08,64.2
1113,A6,306300,1113,2.0,-0.1,1992MM09,64.1
1114,A6,306300,1114,2.3,0.1,1992MM10,64.1
1115,A6,306300,1115,2.0,-0.1,1992MM11,64.1
1116,A6,306300,1116,1.7,0.0,1992MM12,64.1
1118,A6,306300,1118,1.2,1.0,1993MM01,64.8
1119,A6,306300,1119,1.2,0.1,1993MM02,64.8
1120,A6,306300,1120,1.5,0.3,1993MM03,65.0
1121,A6,306300,1121,1.4,0.0,1993MM04,65.0
1122,A6,306300,1122,1.5,0.0,1993MM05,65.0
1123,A6,306300,1123,1.4,0.0,1993MM06,65.0
1124,A6,306300,1124,1.4,0.0,1993MM07,65.0
1125,A6,306300,1125,1.5,0.1,1993MM08,65.1
1126,A6,306300,1126,1.5,-0.1,1993MM09,65.0
1127,A6,306300,1127,1.4,0.0,1993MM10,65.0
1128,A6,306300,1128,1.5,0.1,1993MM11,65.1
1129,A6,306300,1129,1.4,-0.1,1993MM12,65.0
1131,A6,306300,1131,1.0,0.7,1994MM01,65.4
1132,A6,306300,1132,1.1,0.1,1994MM02,65.5
1133,A6,306300,1133,0.9,0.2,1994MM03,65.6
1134,A6,306300,1134,1.1,0.1,1994MM04,65.7
1135,A6,306300,1135,1.2,0.1,1994MM05,65.8
1136,A6,306300,1136,1.1,-0.1,1994MM06,65.8
1137,A6,306300,1137,1.3,0.2,1994MM07,65.9
1138,A6,306300,1138,1.2,0.0,1994MM08,65.9
1139,A6,306300,1139,1.3,0.0,1994MM09,65.9
1140,A6,306300,1140,1.4,0.1,1994MM10,66.0
1141,A6,306300,1141,1.4,0.0,1994MM11,66.0
1142,A6,306300,1142,1.5,0.1,1994MM12,66.0
1144,A6,306300,1144,2.4,1.5,1995MM01,67.0
1145,A6,306300,1145,2.2,0.0,1995MM02,67.0
1146,A6,306300,1146,2.6,0.5,1995MM03,67.3
1147,A6,306300,1147,2.4,-0.1,1995MM04,67.3
1148,A6,306300,1148,2.1,-0.2,1995MM05,67.2
1149,A6,306300,1149,2.1,-0.1,1995MM06,67.1
1150,A6,306300,1150,1.9,0.0,1995MM07,67.1
1151,A6,306300,1151,1.9,0.0,1995MM08,67.1
1152,A6,306300,1152,1.4,-0.5,1995MM09,66.8
1153,A6,306300,1153,1.4,0.2,1995MM10,66.9
1154,A6,306300,1154,2.2,0.8,1995MM11,67.4
1155,A6,306300,1155,2.2,0.0,1995MM12,67.5
1157,A6,306300,1157,3.7,3.1,1996MM01,69.5
1158,A6,306300,1158,4.0,0.3,1996MM02,69.7
1159,A6,306300,1159,3.5,0.0,1996MM03,69.7
1160,A6,306300,1160,3.8,0.2,1996MM04,69.9
1161,A6,306300,1161,4.1,0.1,1996MM05,69.9
1162,A6,306300,1162,3.7,-0.5,1996MM06,69.6
1163,A6,306300,1163,3.9,0.2,1996MM07,69.8
1164,A6,306300,1164,4.0,0.1,1996MM08,69.8
1165,A6,306300,1165,4.6,0.0,1996MM09,69.8
1166,A6,306300,1166,4.6,0.2,1996MM10,70.0
1167,A6,306300,1167,3.8,0.1,1996MM11,70.0
1168,A6,306300,1168,3.7,-0.1,1996MM12,69.9
1170,A6,306300,1170,3.1,2.4,1997MM01,71.6
1171,A6,306300,1171,2.7,0.0,1997MM02,71.6
1172,A6,306300,1172,2.9,0.2,1997MM03,71.8
1173,A6,306300,1173,2.6,-0.1,1997MM04,71.7
1174,A6,306300,1174,2.5,0.0,1997MM05,71.7
1175,A6,306300,1175,2.9,0.0,1997MM06,71.6
1176,A6,306300,1176,2.8,0.2,1997MM07,71.8
1177,A6,306300,1177,2.8,0.0,1997MM08,71.8
1178,A6,306300,1178,2.7,-0.1,1997MM09,71.7
1179,A6,306300,1179,2.3,-0.2,1997MM10,71.6
1180,A6,306300,1180,2.3,0.0,1997MM11,71.6
1181,A6,306300,1181,2.3,-0.1,1997MM12,71.5
1183,A6,306300,1183,2.2,2.4,1998MM01,73.2
1184,A6,306300,1184,2.2,-0.1,1998MM02,73.2
1185,A6,306300,1185,1.6,-0.3,1998MM03,73.0
1186,A6,306300,1186,1.5,-0.3,1998MM04,72.8
1187,A6,306300,1187,1.6,0.1,1998MM05,72.8
1188,A6,306300,1188,1.7,0.1,1998MM06,72.9
1189,A6,306300,1189,1.1,-0.4,1998MM07,72.5
1190,A6,306300,1190,0.4,-0.7,1998MM08,72.0
1191,A6,306300,1191,-0.3,-0.7,1998MM09,71.6
1192,A6,306300,1192,-0.6,-0.5,1998MM10,71.2
1193,A6,306300,1193,-0.7,-0.2,1998MM11,71.1
1194,A6,306300,1194,-0.6,0.0,1998MM12,71.1
1196,A6,306300,1196,-1.2,1.8,1999MM01,72.4
1197,A6,306300,1197,-0.7,0.4,1999MM02,72.6
1198,A6,306300,1198,-0.7,-0.3,1999MM03,72.4
1199,A6,306300,1199,-0.3,0.2,1999MM04,72.6
1200,A6,306300,1200,-0.5,-0.2,1999MM05,72.4
1201,A6,306300,1201,-0.8,-0.2,1999MM06,72.3
1202,A6,306300,1202,-1.1,-0.8,1999MM07,71.7
1203,A6,306300,1203,-1.7,-1.3,1999MM08,70.8
1204,A6,306300,1204,-1.8,-0.8,1999MM09,70.3
1205,A6,306300,1205,-2.4,-1.0,1999MM10,69.6
1206,A6,306300,1206,-3.4,-1.3,1999MM11,68.7
1207,A6,306300,1207,-4.7,-1.3,1999MM12,67.8
1209,A6,306300,1209,-5.5,0.9,2000MM01,68.4
1210,A6,306300,1210,-3.3,2.7,2000MM02,70.2
1211,A6,306300,1211,-0.6,2.5,2000MM03,72.0
1212,A6,306300,1212,0.6,1.4,2000MM04,73.0
1213,A6,306300,1213,2.0,1.3,2000MM05,73.9
1214,A6,306300,1214,1.9,-0.3,2000MM06,73.7
1215,A6,306300,1215,2.8,0.0,2000MM07,73.7
1216,A6,306300,1216,2.4,-1.6,2000MM08,72.5
1217,A6,306300,1217,6.1,2.8,2000MM09,74.5
1218,A6,306300,1218,9.1,1.8,2000MM10,75.9
1219,A6,306300,1219,11.8,1.1,2000MM11,76.8
1220,A6,306300,1220,13.7,0.4,2000MM12,77.1
1222,A6,306300,1222,15.1,2.2,2001MM01,78.7
1223,A6,306300,1223,12.7,0.6,2001MM02,79.2
1224,A6,306300,1224,10.1,0.1,2001MM03,79.2
1225,A6,306300,1225,8.2,-0.3,2001MM04,79.0
1226,A6,306300,1226,8.2,1.3,2001MM05,80.0
1227,A6,306300,1227,6.5,-1.9,2001MM06,78.5
1228,A6,306300,1228,4.0,-2.3,2001MM07,76.7
1229,A6,306300,1229,4.5,-1.1,2001MM08,75.8
1230,A6,306300,1230,1.5,-0.2,2001MM09,75.6
1231,A6,306300,1231,-0.7,-0.3,2001MM10,75.4
1232,A6,306300,1232,-1.0,0.8,2001MM11,76.0
1233,A6,306300,1233,-1.4,0.0,2001MM12,76.0
1235,A6,306300,1235,-2.3,1.3,2002MM01,76.9
1236,A6,306300,1236,-1.2,1.7,2002MM02,78.2
1237,A6,306300,1237,-1.2,0.1,2002MM03,78.3
1238,A6,306300,1238,-0.3,0.5,2002MM04,78.7
1239,A6,306300,1239,-3.9,-2.4,2002MM05,76.8
1240,A6,306300,1240,-2.6,-0.5,2002MM06,76.4
1241,A6,306300,1241,-0.5,-0.2,2002MM07,76.3
1242,A6,306300,1242,0.4,-0.2,2002MM08,76.1
1243,A6,306300,1243,0.8,0.1,2002MM09,76.2
1244,A6,306300,1244,1.6,0.5,2002MM10,76.6
1245,A6,306300,1245,3.6,2.8,2002MM11,78.7
1246,A6,306300,1246,4.0,0.4,2002MM12,79.0
1248,A6,306300,1248,3.8,1.0,2003MM01,79.8
1249,A6,306300,1249,0.1,-1.9,2003MM02,78.3
1250,A6,306300,1250,1.9,1.8,2003MM03,79.8
1251,A6,306300,1251,2.1,0.8,2003MM04,80.4
1252,A6,306300,1252,3.6,-1.0,2003MM05,79.6
1253,A6,306300,1253,3.4,-0.6,2003MM06,79.1
1254,A6,306300,1254,2.4,-1.2,2003MM07,78.1
1255,A6,306300,1255,1.6,-1.0,2003MM08,77.4
1256,A6,306300,1256,2.1,0.6,2003MM09,77.8
1257,A6,306300,1257,2.6,1.0,2003MM10,78.6
1258,A6,306300,1258,-0.3,-0.2,2003MM11,78.4
1259,A6,306300,1259,-0.4,0.3,2003MM12,78.7
1261,A6,306300,1261,-0.8,0.6,2004MM01,79.2
1262,A6,306300,1262,2.3,1.2,2004MM02,80.2
1263,A6,306300,1263,0.3,-0.2,2004MM03,80.0
1264,A6,306300,1264,-1.8,-1.3,2004MM04,78.9
1265,A6,306300,1265,-1.8,-1.0,2004MM05,78.1
1266,A6,306300,1266,-2.1,-0.9,2004MM06,77.4
1267,A6,306300,1267,-0.7,0.2,2004MM07,77.6
1268,A6,306300,1268,0.5,0.2,2004MM08,77.7
1269,A6,306300,1269,0.5,0.6,2004MM09,78.2
1270,A6,306300,1270,0.6,1.1,2004MM10,79.0
1271,A6,306300,1271,1.9,1.2,2004MM11,80.0
1272,A6,306300,1272,2.8,1.1,2004MM12,80.9
1274,A6,306300,1274,2.85384615385,0.7,2005MM01,81.7
1275,A6,306300,1275,2.90769230769,0.3,2005MM02,81.9
1276,A6,306300,1276,2.96153846154,0.1,2005MM03,82.0
1277,A6,306300,1277,3.01538461538,-0.6,2005MM04,81.5
1278,A6,306300,1278,3.06923076923,-0.8,2005MM05,80.8
1279,A6,306300,1279,3.12307692308,0.1,2005MM06,80.9
1280,A6,306300,1280,3.17692307692,0.6,2005MM07,81.4
1281,A6,306300,1281,3.23076923077,0.2,2005MM08,81.5
1282,A6,306300,1282,3.28461538462,0.4,2005MM09,81.9
1283,A6,306300,1283,3.33846153846,0.8,2005MM10,82.5
1284,A6,306300,1284,3.39230769231,0.5,2005MM11,82.9
1285,A6,306300,1285,3.44615384615,1.3,2005MM12,84.0
1287,A6,306300,1287,3.5,0.6,2006MM01,84.5
1288,A6,306300,1288,3.5,0.4,2006MM02,84.8
1289,A6,306300,1289,3.8,0.3,2006MM03,85.1
1290,A6,306300,1290,5.1,0.6,2006MM04,85.6
1291,A6,306300,1291,6.5,0.5,2006MM05,86.1
1292,A6,306300,1292,5.3,-1.1,2006MM06,85.1
1293,A6,306300,1293,4.7,0.1,2006MM07,85.2
1294,A6,306300,1294,4.5,-0.1,2006MM08,85.2
1295,A6,306300,1295,4.1,0.1,2006MM09,85.3
1296,A6,306300,1296,3.3,0.0,2006MM10,85.3
1297,A6,306300,1297,2.8,0.0,2006MM11,85.3
1298,A6,306300,1298,1.6,0.0,2006MM12,85.3
1300,A6,306300,1300,2.3,1.3,2007MM01,86.4
1301,A6,306300,1301,3.5,1.5,2007MM02,87.7
1302,A6,306300,1302,3.8,0.6,2007MM03,88.3
1303,A6,306300,1303,5.6,2.4,2007MM04,90.4
1304,A6,306300,1304,4.2,-0.8,2007MM05,89.7
1305,A6,306300,1305,4.8,-0.5,2007MM06,89.2
1306,A6,306300,1306,5.1,0.4,2007MM07,89.6
1307,A6,306300,1307,5.4,0.2,2007MM08,89.7
1308,A6,306300,1308,5.4,0.1,2007MM09,89.8
1309,A6,306300,1309,7.3,1.9,2007MM10,91.5
1310,A6,306300,1310,10.6,3.1,2007MM11,94.3
1311,A6,306300,1311,14.2,3.2,2007MM12,97.4
1313,A6,306300,1313,18.8,5.5,2008MM01,102.7
1314,A6,306300,1314,21.6,3.9,2008MM02,106.7
1315,A6,306300,1315,24.8,3.3,2008MM03,110.2
1316,A6,306300,1316,25.0,2.6,2008MM04,113.0
1317,A6,306300,1317,28.8,2.2,2008MM05,115.5
1318,A6,306300,1318,34.7,4.0,2008MM06,120.2
1319,A6,306300,1319,40.5,4.7,2008MM07,125.9
1320,A6,306300,1320,45.9,4.0,2008MM08,130.9
1321,A6,306300,1321,50.8,3.5,2008MM09,135.5
1322,A6,306300,1322,45.0,-2.0,2008MM10,132.7
1323,A6,306300,1323,42.0,1.0,2008MM11,134.0
1324,A6,306300,1324,26.7,-7.9,2008MM12,123.4
1326,A6,306300,1326,12.7,-6.2,2009MM01,115.7
1327,A6,306300,1327,7.1,-1.2,2009MM02,114.3
1328,A6,306300,1328,2.0,-1.7,2009MM03,112.4
1329,A6,306300,1329,-3.7,-3.1,2009MM04,108.9
1330,A6,306300,1330,-11.9,-6.5,2009MM05,101.8
1331,A6,306300,1331,-24.3,-10.6,2009MM06,91.0
1332,A6,306300,1332,-28.0,-0.4,2009MM07,90.6
1333,A6,306300,1333,-30.3,0.7,2009MM08,91.2
1334,A6,306300,1334,-33.1,-0.6,2009MM09,90.7
1335,A6,306300,1335,-31.5,0.2,2009MM10,90.8
1336,A6,306300,1336,-33.0,-1.2,2009MM11,89.7
1337,A6,306300,1337,-28.2,-1.2,2009MM12,88.6
1339,A6,306300,1339,-19.9,4.6,2010MM01,92.7
1340,A6,306300,1340,-17.4,1.8,2010MM02,94.4
1341,A6,306300,1341,-12.4,4.3,2010MM03,98.5
1342,A6,306300,1342,-8.1,1.6,2010MM04,100.1
1343,A6,306300,1343,-3.2,-1.6,2010MM05,98.5
1344,A6,306300,1344,6.6,-1.5,2010MM06,97.0
1345,A6,306300,1345,7.6,0.5,2010MM07,97.5
1346,A6,306300,1346,8.1,1.2,2010MM08,98.6
1347,A6,306300,1347,11.3,2.3,2010MM09,100.9
1348,A6,306300,1348,15.6,4.1,2010MM10,105.0
1349,A6,306300,1349,19.0,1.7,2010MM11,106.8
1350,A6,306300,1350,24.0,3.0,2010MM12,109.9
1352,A6,306300,1352,20.7,1.8,2011MM01,111.9
1353,A6,306300,1353,21.1,2.1,2011MM02,114.3
1354,A6,306300,1354,16.6,0.5,2011MM03,114.8
1355,A6,306300,1355,12.7,-1.8,2011MM04,112.7
1356,A6,306300,1356,14.2,-0.2,2011MM05,112.5
1357,A6,306300,1357,17.7,1.5,2011MM06,114.1
1358,A6,306300,1358,19.7,2.3,2011MM07,116.7
1359,A6,306300,1359,19.2,0.7,2011MM08,117.5
1360,A6,306300,1360,17.7,1.1,2011MM09,118.8
1361,A6,306300,1361,14.3,1.0,2011MM10,120.0
1362,A6,306300,1362,13.1,0.6,2011MM11,120.8
1363,A6,306300,1363,10.7,0.8,2011MM12,121.7
1365,A6,306300,1365,7.7,-0.9,2012MM01,120.6
1366,A6,306300,1366,4.4,-1.0,2012MM02,119.3
1367,A6,306300,1367,3.5,-0.4,2012MM03,118.9
1368,A6,306300,1368,4.8,-0.6,2012MM04,118.2
1369,A6,306300,1369,5.5,0.4,2012MM05,118.6
1370,A6,306300,1370,3.6,-0.3,2012MM06,118.3
1371,A6,306300,1371,0.9,-0.5,2012MM07,117.7
1372,A6,306300,1372,0.2,0.1,2012MM08,117.8
1373,A6,306300,1373,-0.3,0.5,2012MM09,118.4
1374,A6,306300,1374,-2.1,-0.8,2012MM10,117.5
1375,A6,306300,1375,-2.4,0.3,2012MM11,117.9
1376,A6,306300,1376,-4.0,-0.8,2012MM12,116.9
1378,A6,306300,1378,-3.2,-0.2,2013MM01,116.7
1379,A6,306300,1379,-1.6,0.6,2013MM02,117.4
1380,A6,306300,1380,-0.7,0.5,2013MM03,118.1
1381,A6,306300,1381,-0.8,-0.7,2013MM04,117.2
1382,A6,306300,1382,-3.2,-2.0,2013MM05,114.8
1383,A6,306300,1383,-5.9,-3.0,2013MM06,111.3
1384,A6,306300,1384,-6.6,-1.2,2013MM07,110.0
1385,A6,306300,1385,-6.6,0.1,2013MM08,110.0
1386,A6,306300,1386,-7.8,-0.8,2013MM09,109.1
1387,A6,306300,1387,-8.5,-1.4,2013MM10,107.6
1388,A6,306300,1388,-9.3,-0.6,2013MM11,106.9
1389,A6,306300,1389,-8.4,0.1,2013MM12,107.0
1391,A6,306300,1391,-6.6,1.8,2014MM01,108.9
1392,A6,306300,1392,-6.0,1.4,2014MM02,110.4
1393,A6,306300,1393,-5.9,0.6,2014MM03,111.0
1394,A6,306300,1394,-4.3,1.0,2014MM04,112.2
1395,A6,306300,1395,-1.7,0.7,2014MM05,112.9
1396,A6,306300,1396,-1.0,-2.4,2014MM06,110.2
1397,A6,306300,1397,-1.8,-2.0,2014MM07,108.0
1398,A6,306300,1398,-1.4,0.4,2014MM08,108.5
1399,A6,306300,1399,0.2,0.8,2014MM09,109.3
1400,A6,306300,1400,3.4,1.8,2014MM10,111.3
1401,A6,306300,1401,2.3,-1.8,2014MM11,109.3
1402,A6,306300,1402,3.9,1.7,2014MM12,111.2
1404,A6,306300,1404,1.8,-0.2,2015MM01,110.9
1405,A6,306300,1405,0.0,-0.5,2015MM02,110.4
1406,A6,306300,1406,1.0,1.6,2015MM03,112.1
1407,A6,306300,1407,-0.9,-0.8,2015MM04,111.2
1408,A6,306300,1408,-3.5,-2.0,2015MM05,108.9
1409,A6,306300,1409,-0.4,0.8,2015MM06,109.8
1410,A6,306300,1410,1.8,0.1,2015MM07,109.9
1411,A6,306300,1411,2.2,0.9,2015MM08,110.9
1412,A6,306300,1412,0.7,-0.7,2015MM09,110.1
1413,A6,306300,1413,-1.6,-0.6,2015MM10,109.5
1414,A6,306300,1414,-1.3,-1.4,2015MM11,107.9
1415,A6,306300,1415,-0.6,2.4,2015MM12,110.5
1417,A6,306300,1417,-1.6,-1.2,2016MM01,109.1
1418,A6,306300,1418,-4.0,-2.9,2016MM02,106.0
1419,A6,306300,1419,-6.5,-1.0,2016MM03,104.9
1420,A6,306300,1420,-8.5,-3.0,2016MM04,101.7
1421,A6,306300,1421,-6.4,0.2,2016MM05,101.9
1422,A6,306300,1422,-9.1,-2.1,2016MM06,99.8
1423,A6,306300,1423,-10.0,-0.8,2016MM07,99.0
1424,A6,306300,1424,-11.0,-0.3,2016MM08,98.6
1425,A6,306300,1425,-11.3,-1.0,2016MM09,97.6
1426,A6,306300,1426,-11.0,-0.2,2016MM10,97.4
1427,A6,306300,1427,-8.7,1.1,2016MM11,98.5
1428,A6,306300,1428,-8.3,2.8,2016MM12,101.3
1430,A6,306300,1430,-5.4,1.9,2017MM01,103.2
1431,A6,306300,1431,-0.9,1.7,2017MM02,105.0
1432,A6,306300,1432,1.6,1.5,2017MM03,106.6
1433,A6,306300,1433,2.9,-1.9,2017MM04,104.6
1434,A6,306300,1434,-1.3,-3.8,2017MM05,100.6
1435,A6,306300,1435,-1.8,-2.6,2017MM06,98.0
1436,A6,306300,1436,-1.5,-0.6,2017MM07,97.5
1437,A6,306300,1437,-1.0,0.2,2017MM08,97.7
1438,A6,306300,1438,2.8,2.8,2017MM09,100.4
1439,A6,306300,1439,6.0,2.9,2017MM10,103.2
1440,A6,306300,1440,6.1,1.2,2017MM11,104.5
1441,A6,306300,1441,3.5,0.3,2017MM12,104.8
