,Afzet,BedrijfstakkenBranchesSBI2008,ID,OntwikkelingTOV1JaarEerder_2,OntwikkelingTOV1MaandEerder_3,Perioden,ProducentenprijsindexPPI_1
1443,A6,307500,1443,,,1981MM01,64.4
1444,A6,307500,1444,,1.1,1981MM02,65.1
1445,A6,307500,1445,,0.3,1981MM03,65.3
1446,A6,307500,1446,,0.9,1981MM04,65.9
1447,A6,307500,1447,,0.8,1981MM05,66.4
1448,A6,307500,1448,,0.6,1981MM06,66.8
1449,A6,307500,1449,,1.4,1981MM07,67.8
1450,A6,307500,1450,,0.5,1981MM08,68.2
1451,A6,307500,1451,,-0.4,1981MM09,67.9
1452,A6,307500,1452,,0.6,1981MM10,68.3
1453,A6,307500,1453,,0.0,1981MM11,68.3
1454,A6,307500,1454,,0.1,1981MM12,68.4
1456,A6,307500,1456,7.9,1.6,1982MM01,69.5
1457,A6,307500,1457,7.4,0.6,1982MM02,69.9
1458,A6,307500,1458,7.1,0.0,1982MM03,69.9
1459,A6,307500,1459,6.3,0.2,1982MM04,70.1
1460,A6,307500,1460,5.2,-0.3,1982MM05,69.9
1461,A6,307500,1461,4.8,0.2,1982MM06,70.0
1462,A6,307500,1462,3.2,-0.1,1982MM07,70.0
1463,A6,307500,1463,2.7,0.0,1982MM08,70.0
1464,A6,307500,1464,3.1,0.0,1982MM09,70.0
1465,A6,307500,1465,1.8,-0.7,1982MM10,69.5
1466,A6,307500,1466,1.7,-0.1,1982MM11,69.5
1467,A6,307500,1467,1.2,-0.4,1982MM12,69.2
1469,A6,307500,1469,0.0,0.4,1983MM01,69.5
1470,A6,307500,1470,-0.3,0.3,1983MM02,69.7
1471,A6,307500,1471,-0.3,0.0,1983MM03,69.7
1472,A6,307500,1472,0.0,0.5,1983MM04,70.1
1473,A6,307500,1473,0.5,0.1,1983MM05,70.2
1474,A6,307500,1474,0.6,0.4,1983MM06,70.4
1475,A6,307500,1475,0.4,-0.2,1983MM07,70.3
1476,A6,307500,1476,0.9,0.5,1983MM08,70.6
1477,A6,307500,1477,1.1,0.2,1983MM09,70.7
1478,A6,307500,1478,1.4,-0.3,1983MM10,70.5
1479,A6,307500,1479,2.0,0.5,1983MM11,70.8
1480,A6,307500,1480,2.7,0.3,1983MM12,71.1
1482,A6,307500,1482,3.1,0.8,1984MM01,71.6
1483,A6,307500,1483,2.6,-0.1,1984MM02,71.5
1484,A6,307500,1484,2.6,0.0,1984MM03,71.5
1485,A6,307500,1485,2.9,0.9,1984MM04,72.2
1486,A6,307500,1486,3.4,0.6,1984MM05,72.6
1487,A6,307500,1487,3.2,0.2,1984MM06,72.7
1488,A6,307500,1488,4.2,0.7,1984MM07,73.2
1489,A6,307500,1489,4.1,0.5,1984MM08,73.5
1490,A6,307500,1490,5.0,1.0,1984MM09,74.3
1491,A6,307500,1491,5.6,0.3,1984MM10,74.5
1492,A6,307500,1492,5.4,0.2,1984MM11,74.6
1493,A6,307500,1493,5.6,0.5,1984MM12,75.0
1495,A6,307500,1495,5.4,0.6,1985MM01,75.5
1496,A6,307500,1496,6.4,0.8,1985MM02,76.1
1497,A6,307500,1497,7.3,0.8,1985MM03,76.7
1498,A6,307500,1498,5.8,-0.5,1985MM04,76.4
1499,A6,307500,1499,5.0,-0.2,1985MM05,76.2
1500,A6,307500,1500,4.7,-0.2,1985MM06,76.1
1501,A6,307500,1501,3.4,-0.6,1985MM07,75.7
1502,A6,307500,1502,2.4,-0.5,1985MM08,75.3
1503,A6,307500,1503,1.3,-0.1,1985MM09,75.2
1504,A6,307500,1504,-0.1,-1.1,1985MM10,74.4
1505,A6,307500,1505,-0.5,-0.2,1985MM11,74.2
1506,A6,307500,1506,-2.3,-1.3,1985MM12,73.3
1508,A6,307500,1508,-4.7,-1.8,1986MM01,72.0
1509,A6,307500,1509,-7.2,-1.9,1986MM02,70.6
1510,A6,307500,1510,-9.4,-1.6,1986MM03,69.5
1511,A6,307500,1511,-10.2,-1.3,1986MM04,68.6
1512,A6,307500,1512,-10.6,-0.6,1986MM05,68.2
1513,A6,307500,1513,-11.4,-1.1,1986MM06,67.4
1514,A6,307500,1514,-12.1,-1.4,1986MM07,66.5
1515,A6,307500,1515,-11.7,0.0,1986MM08,66.5
1516,A6,307500,1516,-11.9,-0.3,1986MM09,66.3
1517,A6,307500,1517,-11.6,-0.7,1986MM10,65.8
1518,A6,307500,1518,-11.2,0.2,1986MM11,65.9
1519,A6,307500,1519,-10.2,-0.2,1986MM12,65.8
1521,A6,307500,1521,-8.2,0.4,1987MM01,66.1
1522,A6,307500,1522,-7.1,-0.8,1987MM02,65.6
1523,A6,307500,1523,-5.2,0.5,1987MM03,65.9
1524,A6,307500,1524,-3.8,0.1,1987MM04,65.9
1525,A6,307500,1525,-3.4,-0.1,1987MM05,65.9
1526,A6,307500,1526,-1.7,0.6,1987MM06,66.3
1527,A6,307500,1527,-0.2,0.2,1987MM07,66.4
1528,A6,307500,1528,-0.2,-0.1,1987MM08,66.3
1529,A6,307500,1529,-0.1,-0.2,1987MM09,66.2
1530,A6,307500,1530,0.6,0.0,1987MM10,66.2
1531,A6,307500,1531,-0.2,-0.6,1987MM11,65.8
1532,A6,307500,1532,-0.4,-0.4,1987MM12,65.6
1534,A6,307500,1534,-0.9,-0.1,1988MM01,65.5
1535,A6,307500,1535,-0.1,0.1,1988MM02,65.5
1536,A6,307500,1536,-0.4,0.1,1988MM03,65.6
1537,A6,307500,1537,-0.1,0.5,1988MM04,65.9
1538,A6,307500,1538,0.1,0.1,1988MM05,66.0
1539,A6,307500,1539,0.3,0.7,1988MM06,66.4
1540,A6,307500,1540,0.9,0.8,1988MM07,67.0
1541,A6,307500,1541,1.5,0.5,1988MM08,67.3
1542,A6,307500,1542,1.9,0.2,1988MM09,67.4
1543,A6,307500,1543,2.1,0.1,1988MM10,67.5
1544,A6,307500,1544,3.1,0.5,1988MM11,67.9
1545,A6,307500,1545,4.3,0.7,1988MM12,68.4
1547,A6,307500,1547,6.0,1.5,1989MM01,69.4
1548,A6,307500,1548,6.1,0.2,1989MM02,69.5
1549,A6,307500,1549,6.5,0.5,1989MM03,69.9
1550,A6,307500,1550,7.1,1.0,1989MM04,70.6
1551,A6,307500,1551,7.2,0.2,1989MM05,70.7
1552,A6,307500,1552,6.2,-0.2,1989MM06,70.6
1553,A6,307500,1553,4.2,-1.1,1989MM07,69.8
1554,A6,307500,1554,3.8,0.2,1989MM08,69.9
1555,A6,307500,1555,3.9,0.3,1989MM09,70.1
1556,A6,307500,1556,3.1,-0.6,1989MM10,69.7
1557,A6,307500,1557,2.0,-0.7,1989MM11,69.2
1558,A6,307500,1558,0.8,-0.4,1989MM12,68.9
1560,A6,307500,1560,-1.3,-0.6,1990MM01,68.5
1561,A6,307500,1561,-2.2,-0.7,1990MM02,68.0
1562,A6,307500,1562,-3.2,-0.6,1990MM03,67.6
1563,A6,307500,1563,-4.4,-0.2,1990MM04,67.5
1564,A6,307500,1564,-4.9,-0.4,1990MM05,67.2
1565,A6,307500,1565,-5.0,-0.2,1990MM06,67.1
1566,A6,307500,1566,-3.7,0.2,1990MM07,67.2
1567,A6,307500,1567,-2.0,2.0,1990MM08,68.5
1568,A6,307500,1568,-0.7,1.6,1990MM09,69.6
1569,A6,307500,1569,1.3,1.4,1990MM10,70.6
1570,A6,307500,1570,0.8,-1.2,1990MM11,69.7
1571,A6,307500,1571,0.2,-1.0,1990MM12,69.1
1573,A6,307500,1573,1.5,0.7,1991MM01,69.5
1574,A6,307500,1574,1.5,-0.7,1991MM02,69.0
1575,A6,307500,1575,1.1,-0.9,1991MM03,68.4
1576,A6,307500,1576,1.3,-0.1,1991MM04,68.4
1577,A6,307500,1577,2.0,0.2,1991MM05,68.5
1578,A6,307500,1578,2.3,0.1,1991MM06,68.6
1579,A6,307500,1579,1.9,-0.2,1991MM07,68.5
1580,A6,307500,1580,0.1,0.1,1991MM08,68.6
1581,A6,307500,1581,-1.3,0.2,1991MM09,68.7
1582,A6,307500,1582,-2.2,0.4,1991MM10,69.0
1583,A6,307500,1583,-1.4,-0.3,1991MM11,68.8
1584,A6,307500,1584,-1.4,-1.0,1991MM12,68.1
1586,A6,307500,1586,-2.0,0.0,1992MM01,68.1
1587,A6,307500,1587,-1.3,0.0,1992MM02,68.1
1588,A6,307500,1588,-0.4,0.0,1992MM03,68.1
1589,A6,307500,1589,-0.1,0.3,1992MM04,68.3
1590,A6,307500,1590,-0.1,0.2,1992MM05,68.4
1591,A6,307500,1591,-0.3,0.0,1992MM06,68.4
1592,A6,307500,1592,-0.7,-0.7,1992MM07,68.0
1593,A6,307500,1593,-1.4,-0.5,1992MM08,67.6
1594,A6,307500,1594,-1.8,-0.3,1992MM09,67.5
1595,A6,307500,1595,-2.4,-0.2,1992MM10,67.3
1596,A6,307500,1596,-2.1,0.0,1992MM11,67.4
1597,A6,307500,1597,-2.0,-0.9,1992MM12,66.7
1599,A6,307500,1599,-2.1,0.0,1993MM01,66.7
1600,A6,307500,1600,-1.8,0.2,1993MM02,66.9
1601,A6,307500,1601,-1.8,0.1,1993MM03,66.9
1602,A6,307500,1602,-2.3,-0.2,1993MM04,66.7
1603,A6,307500,1603,-2.3,0.2,1993MM05,66.9
1604,A6,307500,1604,-2.5,-0.2,1993MM06,66.7
1605,A6,307500,1605,-1.8,0.1,1993MM07,66.8
1606,A6,307500,1606,-1.6,-0.3,1993MM08,66.5
1607,A6,307500,1607,-2.0,-0.6,1993MM09,66.1
1608,A6,307500,1608,-1.8,0.0,1993MM10,66.1
1609,A6,307500,1609,-1.6,0.2,1993MM11,66.3
1610,A6,307500,1610,-1.1,-0.5,1993MM12,66.0
1612,A6,307500,1612,-0.9,0.2,1994MM01,66.1
1613,A6,307500,1613,-0.8,0.3,1994MM02,66.3
1614,A6,307500,1614,-1.1,-0.2,1994MM03,66.2
1615,A6,307500,1615,-0.3,0.6,1994MM04,66.5
1616,A6,307500,1616,-0.1,0.4,1994MM05,66.8
1617,A6,307500,1617,0.1,0.0,1994MM06,66.8
1618,A6,307500,1618,0.2,0.2,1994MM07,66.9
1619,A6,307500,1619,1.0,0.4,1994MM08,67.2
1620,A6,307500,1620,1.6,0.0,1994MM09,67.2
1621,A6,307500,1621,2.6,1.0,1994MM10,67.9
1622,A6,307500,1622,3.1,0.7,1994MM11,68.3
1623,A6,307500,1623,3.7,0.1,1994MM12,68.4
1625,A6,307500,1625,4.7,1.2,1995MM01,69.3
1626,A6,307500,1626,4.6,0.3,1995MM02,69.4
1627,A6,307500,1627,4.4,-0.5,1995MM03,69.1
1628,A6,307500,1628,3.6,-0.2,1995MM04,68.9
1629,A6,307500,1629,3.4,0.2,1995MM05,69.1
1630,A6,307500,1630,3.3,-0.1,1995MM06,69.0
1631,A6,307500,1631,2.2,-0.9,1995MM07,68.3
1632,A6,307500,1632,2.4,0.6,1995MM08,68.8
1633,A6,307500,1633,2.6,0.3,1995MM09,68.9
1634,A6,307500,1634,0.7,-0.8,1995MM10,68.4
1635,A6,307500,1635,-0.1,-0.1,1995MM11,68.3
1636,A6,307500,1636,0.2,0.4,1995MM12,68.6
1638,A6,307500,1638,-0.5,0.5,1996MM01,68.9
1639,A6,307500,1639,-0.5,0.2,1996MM02,69.1
1640,A6,307500,1640,0.5,0.5,1996MM03,69.4
1641,A6,307500,1641,1.5,0.8,1996MM04,70.0
1642,A6,307500,1642,1.5,0.1,1996MM05,70.1
1643,A6,307500,1643,0.9,-0.7,1996MM06,69.6
1644,A6,307500,1644,1.8,0.0,1996MM07,69.6
1645,A6,307500,1645,1.2,0.0,1996MM08,69.6
1646,A6,307500,1646,2.1,1.1,1996MM09,70.4
1647,A6,307500,1647,3.6,0.6,1996MM10,70.8
1648,A6,307500,1648,3.0,-0.7,1996MM11,70.3
1649,A6,307500,1649,3.0,0.4,1996MM12,70.6
1651,A6,307500,1651,3.2,0.7,1997MM01,71.1
1652,A6,307500,1652,2.7,-0.2,1997MM02,70.9
1653,A6,307500,1653,2.3,0.1,1997MM03,71.0
1654,A6,307500,1654,2.1,0.7,1997MM04,71.5
1655,A6,307500,1655,2.8,0.8,1997MM05,72.0
1656,A6,307500,1656,2.9,-0.5,1997MM06,71.7
1657,A6,307500,1657,3.7,0.7,1997MM07,72.2
1658,A6,307500,1658,5.1,1.4,1997MM08,73.2
1659,A6,307500,1659,3.7,-0.3,1997MM09,73.0
1660,A6,307500,1660,3.2,0.1,1997MM10,73.1
1661,A6,307500,1661,3.6,-0.3,1997MM11,72.9
1662,A6,307500,1662,2.5,-0.7,1997MM12,72.3
1664,A6,307500,1664,1.6,-0.1,1998MM01,72.2
1665,A6,307500,1665,1.3,-0.5,1998MM02,71.9
1666,A6,307500,1666,0.8,-0.4,1998MM03,71.6
1667,A6,307500,1667,-0.3,-0.4,1998MM04,71.3
1668,A6,307500,1668,-1.7,-0.6,1998MM05,70.8
1669,A6,307500,1669,-1.7,-0.5,1998MM06,70.4
1670,A6,307500,1670,-2.7,-0.3,1998MM07,70.2
1671,A6,307500,1671,-4.7,-0.8,1998MM08,69.7
1672,A6,307500,1672,-4.9,-0.4,1998MM09,69.4
1673,A6,307500,1673,-5.9,-1.0,1998MM10,68.8
1674,A6,307500,1674,-5.9,-0.3,1998MM11,68.5
1675,A6,307500,1675,-5.9,-0.7,1998MM12,68.0
1677,A6,307500,1677,-6.2,-0.4,1999MM01,67.8
1678,A6,307500,1678,-6.1,-0.4,1999MM02,67.5
1679,A6,307500,1679,-4.7,1.0,1999MM03,68.2
1680,A6,307500,1680,-3.6,0.8,1999MM04,68.7
1681,A6,307500,1681,-2.7,0.3,1999MM05,68.9
1682,A6,307500,1682,-1.4,0.7,1999MM06,69.4
1683,A6,307500,1683,0.7,1.8,1999MM07,70.7
1684,A6,307500,1684,2.3,0.9,1999MM08,71.3
1685,A6,307500,1685,3.9,1.2,1999MM09,72.2
1686,A6,307500,1686,5.6,0.7,1999MM10,72.6
1687,A6,307500,1687,7.6,1.5,1999MM11,73.8
1688,A6,307500,1688,9.9,1.4,1999MM12,74.8
1690,A6,307500,1690,11.5,1.1,2000MM01,75.6
1691,A6,307500,1691,13.2,1.0,2000MM02,76.4
1692,A6,307500,1692,12.9,0.8,2000MM03,77.0
1693,A6,307500,1693,12.8,0.7,2000MM04,77.5
1694,A6,307500,1694,14.2,1.5,2000MM05,78.7
1695,A6,307500,1695,13.7,0.3,2000MM06,78.9
1696,A6,307500,1696,12.4,0.7,2000MM07,79.5
1697,A6,307500,1697,12.3,0.8,2000MM08,80.1
1698,A6,307500,1698,12.9,1.7,2000MM09,81.5
1699,A6,307500,1699,12.9,0.6,2000MM10,82.0
1700,A6,307500,1700,11.2,0.0,2000MM11,82.0
1701,A6,307500,1701,7.7,-1.7,2000MM12,80.6
1703,A6,307500,1703,6.0,-0.5,2001MM01,80.2
1704,A6,307500,1704,5.4,0.4,2001MM02,80.5
1705,A6,307500,1705,4.5,0.0,2001MM03,80.5
1706,A6,307500,1706,4.2,0.3,2001MM04,80.8
1707,A6,307500,1707,3.2,0.5,2001MM05,81.2
1708,A6,307500,1708,2.4,-0.4,2001MM06,80.9
1709,A6,307500,1709,0.5,-1.2,2001MM07,79.9
1710,A6,307500,1710,-0.7,-0.4,2001MM08,79.5
1711,A6,307500,1711,-2.3,0.1,2001MM09,79.6
1712,A6,307500,1712,-4.1,-1.2,2001MM10,78.7
1713,A6,307500,1713,-4.9,-0.9,2001MM11,78.0
1714,A6,307500,1714,-4.0,-0.8,2001MM12,77.4
1716,A6,307500,1716,-3.8,-0.3,2002MM01,77.1
1717,A6,307500,1717,-4.2,0.0,2002MM02,77.1
1718,A6,307500,1718,-3.4,0.9,2002MM03,77.8
1719,A6,307500,1719,-2.3,1.5,2002MM04,78.9
1720,A6,307500,1720,-3.0,-0.2,2002MM05,78.8
1721,A6,307500,1721,-3.0,-0.4,2002MM06,78.4
1722,A6,307500,1722,-1.3,0.6,2002MM07,78.8
1723,A6,307500,1723,-0.2,0.7,2002MM08,79.4
1724,A6,307500,1724,0.4,0.8,2002MM09,80.0
1725,A6,307500,1725,1.5,-0.1,2002MM10,79.9
1726,A6,307500,1726,1.2,-1.2,2002MM11,78.9
1727,A6,307500,1727,2.6,0.5,2002MM12,79.3
1729,A6,307500,1729,4.0,1.1,2003MM01,80.2
1730,A6,307500,1730,5.3,1.2,2003MM02,81.2
1731,A6,307500,1731,4.0,-0.3,2003MM03,80.9
1732,A6,307500,1732,0.6,-1.8,2003MM04,79.4
1733,A6,307500,1733,-0.3,-1.1,2003MM05,78.6
1734,A6,307500,1734,0.0,-0.2,2003MM06,78.4
1735,A6,307500,1735,-0.8,-0.2,2003MM07,78.2
1736,A6,307500,1736,-0.9,0.6,2003MM08,78.7
1737,A6,307500,1737,-1.6,0.0,2003MM09,78.7
1738,A6,307500,1738,-1.2,0.4,2003MM10,79.0
1739,A6,307500,1739,0.4,0.4,2003MM11,79.2
1740,A6,307500,1740,-0.9,-0.7,2003MM12,78.7
1742,A6,307500,1742,-1.5,0.5,2004MM01,79.0
1743,A6,307500,1743,-2.4,0.2,2004MM02,79.2
1744,A6,307500,1744,-0.8,1.3,2004MM03,80.3
1745,A6,307500,1745,2.3,1.2,2004MM04,81.2
1746,A6,307500,1746,4.4,1.0,2004MM05,82.0
1747,A6,307500,1747,4.1,-0.5,2004MM06,81.6
1748,A6,307500,1748,5.8,1.4,2004MM07,82.7
1749,A6,307500,1749,6.2,1.0,2004MM08,83.6
1750,A6,307500,1750,6.9,0.7,2004MM09,84.1
1751,A6,307500,1751,8.2,1.6,2004MM10,85.5
1752,A6,307500,1752,6.7,-1.0,2004MM11,84.6
1753,A6,307500,1753,5.8,-1.7,2004MM12,83.2
1755,A6,307500,1755,5.94615384615,-0.45,2005MM01,83.8
1756,A6,307500,1756,6.09230769231,0.8,2005MM02,84.4
1757,A6,307500,1757,6.23846153846,1.9,2005MM03,86.0
1758,A6,307500,1758,6.38461538462,0.5,2005MM04,86.5
1759,A6,307500,1759,6.53076923077,-0.8,2005MM05,85.8
1760,A6,307500,1760,6.67692307692,1.8,2005MM06,87.4
1761,A6,307500,1761,6.82307692308,0.8,2005MM07,88.1
1762,A6,307500,1762,6.96923076923,1.0,2005MM08,89.0
1763,A6,307500,1763,7.11538461538,1.4,2005MM09,90.2
1764,A6,307500,1764,7.26153846154,0.5,2005MM10,90.7
1765,A6,307500,1765,7.40769230769,-1.5,2005MM11,89.3
1766,A6,307500,1766,7.55384615385,-0.3,2005MM12,89.0
1768,A6,307500,1768,7.7,1.5,2006MM01,90.3
1769,A6,307500,1769,7.1,0.1,2006MM02,90.4
1770,A6,307500,1770,5.9,0.8,2006MM03,91.1
1771,A6,307500,1771,7.2,1.8,2006MM04,92.7
1772,A6,307500,1772,7.8,-0.3,2006MM05,92.4
1773,A6,307500,1773,6.2,0.3,2006MM06,92.7
1774,A6,307500,1774,6.5,1.2,2006MM07,93.8
1775,A6,307500,1775,5.4,0.0,2006MM08,93.8
1776,A6,307500,1776,2.0,-1.9,2006MM09,92.0
1777,A6,307500,1777,1.3,-0.1,2006MM10,91.9
1778,A6,307500,1778,2.5,-0.4,2006MM11,91.5
1779,A6,307500,1779,3.1,0.3,2006MM12,91.8
1781,A6,307500,1781,1.8,0.2,2007MM01,91.9
1782,A6,307500,1782,2.3,0.7,2007MM02,92.5
1783,A6,307500,1783,2.4,0.8,2007MM03,93.3
1784,A6,307500,1784,2.6,1.9,2007MM04,95.1
1785,A6,307500,1785,4.0,1.0,2007MM05,96.1
1786,A6,307500,1786,4.2,0.5,2007MM06,96.6
1787,A6,307500,1787,3.8,0.9,2007MM07,97.4
1788,A6,307500,1788,3.7,-0.2,2007MM08,97.3
1789,A6,307500,1789,6.9,1.1,2007MM09,98.3
1790,A6,307500,1790,7.9,0.8,2007MM10,99.1
1791,A6,307500,1791,10.3,1.9,2007MM11,100.9
1792,A6,307500,1792,9.8,-0.2,2007MM12,100.7
1794,A6,307500,1794,10.0,0.4,2008MM01,101.1
1795,A6,307500,1795,10.1,0.7,2008MM02,101.9
1796,A6,307500,1796,10.4,1.1,2008MM03,103.0
1797,A6,307500,1797,9.6,1.2,2008MM04,104.2
1798,A6,307500,1798,11.8,3.1,2008MM05,107.4
1799,A6,307500,1799,13.0,1.6,2008MM06,109.2
1800,A6,307500,1800,13.1,1.0,2008MM07,110.2
1801,A6,307500,1801,11.0,-2.0,2008MM08,108.0
1802,A6,307500,1802,9.1,-0.7,2008MM09,107.2
1803,A6,307500,1803,3.6,-4.2,2008MM10,102.7
1804,A6,307500,1804,-2.9,-4.5,2008MM11,98.0
1805,A6,307500,1805,-8.3,-5.8,2008MM12,92.3
1807,A6,307500,1807,-10.3,-1.7,2009MM01,90.7
1808,A6,307500,1808,-11.3,-0.4,2009MM02,90.4
1809,A6,307500,1809,-12.4,-0.2,2009MM03,90.2
1810,A6,307500,1810,-13.7,-0.3,2009MM04,89.9
1811,A6,307500,1811,-15.6,0.9,2009MM05,90.7
1812,A6,307500,1812,-15.6,1.6,2009MM06,92.1
1813,A6,307500,1813,-16.8,-0.4,2009MM07,91.8
1814,A6,307500,1814,-13.8,1.5,2009MM08,93.1
1815,A6,307500,1815,-13.9,-0.8,2009MM09,92.3
1816,A6,307500,1816,-9.5,0.6,2009MM10,92.9
1817,A6,307500,1817,-4.6,0.7,2009MM11,93.5
1818,A6,307500,1818,1.5,0.2,2009MM12,93.7
1820,A6,307500,1820,4.8,1.5,2010MM01,95.1
1821,A6,307500,1821,6.2,0.9,2010MM02,95.9
1822,A6,307500,1822,8.3,1.8,2010MM03,97.7
1823,A6,307500,1823,11.2,2.4,2010MM04,100.0
1824,A6,307500,1824,10.9,0.6,2010MM05,100.6
1825,A6,307500,1825,9.6,0.4,2010MM06,101.0
1826,A6,307500,1826,9.1,-0.9,2010MM07,100.1
1827,A6,307500,1827,7.6,0.1,2010MM08,100.2
1828,A6,307500,1828,9.2,0.6,2010MM09,100.8
1829,A6,307500,1829,9.3,0.8,2010MM10,101.6
1830,A6,307500,1830,9.7,1.1,2010MM11,102.7
1831,A6,307500,1831,11.6,1.8,2010MM12,104.5
1833,A6,307500,1833,12.5,2.3,2011MM01,107.0
1834,A6,307500,1834,13.8,2.0,2011MM02,109.1
1835,A6,307500,1835,13.9,1.9,2011MM03,111.2
1836,A6,307500,1836,12.5,1.2,2011MM04,112.5
1837,A6,307500,1837,11.0,-0.7,2011MM05,111.7
1838,A6,307500,1838,9.9,-0.6,2011MM06,111.0
1839,A6,307500,1839,11.6,0.7,2011MM07,111.7
1840,A6,307500,1840,10.8,-0.6,2011MM08,111.0
1841,A6,307500,1841,10.9,0.7,2011MM09,111.8
1842,A6,307500,1842,9.2,-0.8,2011MM10,110.9
1843,A6,307500,1843,8.6,0.5,2011MM11,111.5
1844,A6,307500,1844,6.6,-0.1,2011MM12,111.4
1846,A6,307500,1846,6.1,1.9,2012MM01,113.5
1847,A6,307500,1847,5.1,1.1,2012MM02,114.7
1848,A6,307500,1848,4.2,1.0,2012MM03,115.9
1849,A6,307500,1849,2.9,-0.1,2012MM04,115.7
1850,A6,307500,1850,2.6,-1.0,2012MM05,114.6
1851,A6,307500,1851,1.2,-2.0,2012MM06,112.3
1852,A6,307500,1852,1.8,1.2,2012MM07,113.7
1853,A6,307500,1853,4.6,2.1,2012MM08,116.1
1854,A6,307500,1854,4.4,0.5,2012MM09,116.7
1855,A6,307500,1855,4.7,-0.4,2012MM10,116.2
1856,A6,307500,1856,3.3,-0.8,2012MM11,115.2
1857,A6,307500,1857,2.7,-0.7,2012MM12,114.4
1859,A6,307500,1859,1.3,0.4,2013MM01,114.9
1860,A6,307500,1860,1.1,0.9,2013MM02,115.9
1861,A6,307500,1861,-0.9,-1.0,2013MM03,114.8
1862,A6,307500,1862,-2.2,-1.4,2013MM04,113.2
1863,A6,307500,1863,-1.6,-0.4,2013MM05,112.8
1864,A6,307500,1864,0.0,-0.4,2013MM06,112.3
1865,A6,307500,1865,-0.4,0.9,2013MM07,113.2
1866,A6,307500,1866,-2.3,0.2,2013MM08,113.4
1867,A6,307500,1867,-2.8,0.0,2013MM09,113.4
1868,A6,307500,1868,-3.5,-1.1,2013MM10,112.2
1869,A6,307500,1869,-2.7,0.0,2013MM11,112.1
1870,A6,307500,1870,-1.7,0.3,2013MM12,112.5
1872,A6,307500,1872,-2.2,-0.1,2014MM01,112.4
1873,A6,307500,1873,-3.0,0.1,2014MM02,112.5
1874,A6,307500,1874,-2.8,-0.8,2014MM03,111.6
1875,A6,307500,1875,-1.0,0.4,2014MM04,112.1
1876,A6,307500,1876,-0.5,0.1,2014MM05,112.2
1877,A6,307500,1877,0.3,0.3,2014MM06,112.6
1878,A6,307500,1878,-0.7,-0.2,2014MM07,112.4
1879,A6,307500,1879,-1.4,-0.5,2014MM08,111.9
1880,A6,307500,1880,-1.6,-0.3,2014MM09,111.5
1881,A6,307500,1881,-2.0,-1.5,2014MM10,109.9
1882,A6,307500,1882,-3.7,-1.7,2014MM11,108.0
1883,A6,307500,1883,-8.0,-4.2,2014MM12,103.5
1885,A6,307500,1885,-10.6,-3.0,2015MM01,100.4
1886,A6,307500,1886,-8.9,2.1,2015MM02,102.5
1887,A6,307500,1887,-6.7,1.6,2015MM03,104.1
1888,A6,307500,1888,-5.5,1.8,2015MM04,105.9
1889,A6,307500,1889,-4.9,0.8,2015MM05,106.8
1890,A6,307500,1890,-5.3,-0.1,2015MM06,106.6
1891,A6,307500,1891,-6.0,-0.9,2015MM07,105.7
1892,A6,307500,1892,-8.1,-2.7,2015MM08,102.8
1893,A6,307500,1893,-9.2,-1.5,2015MM09,101.3
1894,A6,307500,1894,-8.9,-1.1,2015MM10,100.2
1895,A6,307500,1895,-6.9,0.4,2015MM11,100.5
1896,A6,307500,1896,-5.0,-2.2,2015MM12,98.3
1898,A6,307500,1898,-4.2,-2.2,2016MM01,96.2
1899,A6,307500,1899,-7.0,-0.9,2016MM02,95.3
1900,A6,307500,1900,-7.3,1.2,2016MM03,96.5
1901,A6,307500,1901,-8.2,0.8,2016MM04,97.3
1902,A6,307500,1902,-7.5,1.6,2016MM05,98.8
1903,A6,307500,1903,-6.1,1.3,2016MM06,100.1
1904,A6,307500,1904,-5.4,-0.2,2016MM07,99.9
1905,A6,307500,1905,-3.4,-0.6,2016MM08,99.4
1906,A6,307500,1906,-1.2,0.7,2016MM09,100.1
1907,A6,307500,1907,1.5,1.6,2016MM10,101.6
1908,A6,307500,1908,0.8,-0.3,2016MM11,101.3
1909,A6,307500,1909,5.5,2.4,2016MM12,103.7
1911,A6,307500,1911,9.5,1.6,2017MM01,105.3
1912,A6,307500,1912,11.5,0.9,2017MM02,106.3
1913,A6,307500,1913,9.9,-0.3,2017MM03,106.0
1914,A6,307500,1914,8.9,-0.1,2017MM04,105.9
1915,A6,307500,1915,5.7,-1.4,2017MM05,104.4
1916,A6,307500,1916,3.0,-1.2,2017MM06,103.2
1917,A6,307500,1917,2.7,-0.5,2017MM07,102.6
1918,A6,307500,1918,4.1,0.8,2017MM08,103.4
1919,A6,307500,1919,4.9,1.5,2017MM09,105.0
1920,A6,307500,1920,3.5,0.2,2017MM10,105.2
1921,A6,307500,1921,5.0,1.2,2017MM11,106.4
1922,A6,307500,1922,2.8,0.2,2017MM12,106.6
