,Afzet,BedrijfstakkenBranchesSBI2008,ID,OntwikkelingTOV1JaarEerder_2,OntwikkelingTOV1MaandEerder_3,Perioden,ProducentenprijsindexPPI_1
33670,A4,307500,33670,3.13846153846,0.3,1981MM01,62.6
33671,A4,307500,33671,3.47692307692,0.4,1981MM02,62.8
33672,A4,307500,33672,3.81538461538,0.3,1981MM03,63.0
33673,A4,307500,33673,4.15384615385,1.0,1981MM04,63.6
33674,A4,307500,33674,4.49230769231,0.3,1981MM05,63.8
33675,A4,307500,33675,4.83076923077,0.2,1981MM06,64.0
33676,A4,307500,33676,5.16923076923,1.2,1981MM07,64.7
33677,A4,307500,33677,5.50769230769,0.5,1981MM08,65.0
33678,A4,307500,33678,5.84615384615,0.3,1981MM09,65.2
33679,A4,307500,33679,6.18461538462,0.8,1981MM10,65.7
33680,A4,307500,33680,6.52307692308,0.1,1981MM11,65.8
33681,A4,307500,33681,6.86153846154,0.1,1981MM12,65.8
33683,A4,307500,33683,7.2,1.9,1982MM01,67.1
33684,A4,307500,33684,7.4,0.5,1982MM02,67.4
33685,A4,307500,33685,7.2,0.1,1982MM03,67.5
33686,A4,307500,33686,6.3,0.2,1982MM04,67.7
33687,A4,307500,33687,6.1,0.0,1982MM05,67.7
33688,A4,307500,33688,5.8,-0.1,1982MM06,67.7
33689,A4,307500,33689,4.7,0.2,1982MM07,67.8
33690,A4,307500,33690,4.3,0.0,1982MM08,67.8
33691,A4,307500,33691,4.1,0.1,1982MM09,67.9
33692,A4,307500,33692,3.1,-0.1,1982MM10,67.8
33693,A4,307500,33693,3.1,0.0,1982MM11,67.8
33694,A4,307500,33694,2.9,-0.1,1982MM12,67.8
33696,A4,307500,33696,1.3,0.3,1983MM01,68.0
33697,A4,307500,33697,0.7,-0.1,1983MM02,67.9
33698,A4,307500,33698,0.7,0.1,1983MM03,68.0
33699,A4,307500,33699,0.6,0.1,1983MM04,68.1
33700,A4,307500,33700,0.7,0.1,1983MM05,68.2
33701,A4,307500,33701,0.8,0.1,1983MM06,68.2
33702,A4,307500,33702,0.7,0.1,1983MM07,68.3
33703,A4,307500,33703,0.8,0.1,1983MM08,68.4
33704,A4,307500,33704,0.9,0.2,1983MM09,68.5
33705,A4,307500,33705,1.1,0.1,1983MM10,68.6
33706,A4,307500,33706,1.1,0.0,1983MM11,68.5
33707,A4,307500,33707,1.6,0.4,1983MM12,68.8
33709,A4,307500,33709,1.9,0.7,1984MM01,69.3
33710,A4,307500,33710,2.2,0.2,1984MM02,69.4
33711,A4,307500,33711,2.2,0.1,1984MM03,69.5
33712,A4,307500,33712,2.5,0.5,1984MM04,69.8
33713,A4,307500,33713,2.7,0.3,1984MM05,70.0
33714,A4,307500,33714,2.8,0.2,1984MM06,70.1
33715,A4,307500,33715,3.0,0.2,1984MM07,70.3
33716,A4,307500,33716,3.2,0.4,1984MM08,70.6
33717,A4,307500,33717,3.6,0.5,1984MM09,71.0
33718,A4,307500,33718,3.9,0.4,1984MM10,71.3
33719,A4,307500,33719,4.2,0.3,1984MM11,71.4
33720,A4,307500,33720,4.2,0.4,1984MM12,71.7
33722,A4,307500,33722,4.3,0.7,1985MM01,72.2
33723,A4,307500,33723,3.9,-0.1,1985MM02,72.1
33724,A4,307500,33724,4.5,0.7,1985MM03,72.6
33725,A4,307500,33725,4.7,0.6,1985MM04,73.1
33726,A4,307500,33726,4.6,0.1,1985MM05,73.2
33727,A4,307500,33727,4.5,0.1,1985MM06,73.3
33728,A4,307500,33728,4.1,-0.1,1985MM07,73.2
33729,A4,307500,33729,3.2,-0.5,1985MM08,72.8
33730,A4,307500,33730,2.1,-0.6,1985MM09,72.4
33731,A4,307500,33731,1.3,-0.3,1985MM10,72.2
33732,A4,307500,33732,0.4,-0.7,1985MM11,71.7
33733,A4,307500,33733,-0.4,-0.5,1985MM12,71.4
33735,A4,307500,33735,-1.8,-0.6,1986MM01,71.0
33736,A4,307500,33736,-6.7,-5.2,1986MM02,67.3
33737,A4,307500,33737,-3.4,4.3,1986MM03,70.2
33738,A4,307500,33738,-5.4,-1.4,1986MM04,69.2
33739,A4,307500,33739,-6.6,-1.2,1986MM05,68.3
33740,A4,307500,33740,-7.7,-1.0,1986MM06,67.7
33741,A4,307500,33741,-7.7,-0.2,1986MM07,67.5
33742,A4,307500,33742,-7.9,-0.7,1986MM08,67.1
33743,A4,307500,33743,-8.5,-1.2,1986MM09,66.3
33744,A4,307500,33744,-8.1,0.1,1986MM10,66.3
33745,A4,307500,33745,-7.6,-0.1,1986MM11,66.3
33746,A4,307500,33746,-7.7,-0.5,1986MM12,65.9
33748,A4,307500,33748,-6.6,0.6,1987MM01,66.3
33749,A4,307500,33749,-1.6,-0.1,1987MM02,66.2
33750,A4,307500,33750,-5.2,0.5,1987MM03,66.6
33751,A4,307500,33751,-4.1,-0.3,1987MM04,66.4
33752,A4,307500,33752,-3.1,-0.3,1987MM05,66.2
33753,A4,307500,33753,-1.9,0.2,1987MM06,66.4
33754,A4,307500,33754,-1.4,0.3,1987MM07,66.6
33755,A4,307500,33755,-0.5,0.2,1987MM08,66.7
33756,A4,307500,33756,0.8,0.1,1987MM09,66.8
33757,A4,307500,33757,0.8,0.1,1987MM10,66.9
33758,A4,307500,33758,0.8,-0.2,1987MM11,66.8
33759,A4,307500,33759,1.1,-0.2,1987MM12,66.6
33761,A4,307500,33761,0.2,-0.3,1988MM01,66.4
33762,A4,307500,33762,0.2,-0.1,1988MM02,66.4
33763,A4,307500,33763,-0.4,-0.1,1988MM03,66.3
33764,A4,307500,33764,1.6,1.8,1988MM04,67.5
33765,A4,307500,33765,0.1,-1.7,1988MM05,66.3
33766,A4,307500,33766,0.2,0.2,1988MM06,66.5
33767,A4,307500,33767,-0.1,0.1,1988MM07,66.5
33768,A4,307500,33768,0.2,0.5,1988MM08,66.9
33769,A4,307500,33769,0.4,0.4,1988MM09,67.1
33770,A4,307500,33770,0.9,0.6,1988MM10,67.5
33771,A4,307500,33771,1.7,0.6,1988MM11,67.9
33772,A4,307500,33772,2.5,0.6,1988MM12,68.3
33774,A4,307500,33774,3.1,0.3,1989MM01,68.5
33775,A4,307500,33775,3.3,0.1,1989MM02,68.5
33776,A4,307500,33776,3.8,0.4,1989MM03,68.8
33777,A4,307500,33777,2.3,0.3,1989MM04,69.0
33778,A4,307500,33778,5.8,1.7,1989MM05,70.2
33779,A4,307500,33779,4.8,-0.8,1989MM06,69.6
33780,A4,307500,33780,4.9,0.3,1989MM07,69.8
33781,A4,307500,33781,4.5,0.1,1989MM08,69.9
33782,A4,307500,33782,4.8,0.7,1989MM09,70.3
33783,A4,307500,33783,4.0,-0.2,1989MM10,70.2
33784,A4,307500,33784,3.0,-0.4,1989MM11,69.9
33785,A4,307500,33785,1.3,-1.1,1989MM12,69.1
33787,A4,307500,33787,0.8,-0.2,1990MM01,69.0
33788,A4,307500,33788,0.1,-0.6,1990MM02,68.6
33789,A4,307500,33789,-0.6,-0.3,1990MM03,68.4
33790,A4,307500,33790,-1.5,-0.6,1990MM04,68.0
33791,A4,307500,33791,-3.5,-0.4,1990MM05,67.7
33792,A4,307500,33792,-3.1,-0.3,1990MM06,67.5
33793,A4,307500,33793,-3.6,-0.3,1990MM07,67.3
33794,A4,307500,33794,-3.7,0.0,1990MM08,67.3
33795,A4,307500,33795,-3.4,1.0,1990MM09,67.9
33796,A4,307500,33796,-2.2,1.1,1990MM10,68.7
33797,A4,307500,33797,-0.5,1.3,1990MM11,69.5
33798,A4,307500,33798,-0.1,-0.7,1990MM12,69.1
33800,A4,307500,33800,-0.4,-0.5,1991MM01,68.7
33801,A4,307500,33801,0.8,0.7,1991MM02,69.2
33802,A4,307500,33802,1.5,0.3,1991MM03,69.4
33803,A4,307500,33803,2.0,-0.1,1991MM04,69.3
33804,A4,307500,33804,1.8,-0.6,1991MM05,68.9
33805,A4,307500,33805,2.1,0.0,1991MM06,68.9
33806,A4,307500,33806,2.7,0.3,1991MM07,69.1
33807,A4,307500,33807,2.9,0.2,1991MM08,69.2
33808,A4,307500,33808,1.9,0.0,1991MM09,69.2
33809,A4,307500,33809,1.0,0.2,1991MM10,69.4
33810,A4,307500,33810,0.1,0.4,1991MM11,69.6
33811,A4,307500,33811,0.9,0.1,1991MM12,69.7
33813,A4,307500,33813,1.4,0.0,1992MM01,69.7
33814,A4,307500,33814,0.4,-0.4,1992MM02,69.4
33815,A4,307500,33815,0.2,0.2,1992MM03,69.5
33816,A4,307500,33816,0.6,0.3,1992MM04,69.7
33817,A4,307500,33817,1.1,-0.1,1992MM05,69.7
33818,A4,307500,33818,1.1,0.0,1992MM06,69.7
33819,A4,307500,33819,1.0,0.2,1992MM07,69.8
33820,A4,307500,33820,0.9,0.1,1992MM08,69.8
33821,A4,307500,33821,0.9,0.0,1992MM09,69.8
33822,A4,307500,33822,0.4,-0.2,1992MM10,69.7
33823,A4,307500,33823,-0.2,-0.3,1992MM11,69.5
33824,A4,307500,33824,-0.4,-0.2,1992MM12,69.4
33826,A4,307500,33826,-0.6,-0.1,1993MM01,69.3
33827,A4,307500,33827,-0.2,0.0,1993MM02,69.3
33828,A4,307500,33828,-0.8,-0.4,1993MM03,69.0
33829,A4,307500,33829,-1.2,-0.1,1993MM04,68.9
33830,A4,307500,33830,-0.8,0.3,1993MM05,69.1
33831,A4,307500,33831,-0.7,0.1,1993MM06,69.2
33832,A4,307500,33832,-0.8,0.0,1993MM07,69.2
33833,A4,307500,33833,-1.1,-0.2,1993MM08,69.1
33834,A4,307500,33834,-1.1,0.0,1993MM09,69.1
33835,A4,307500,33835,-1.1,-0.2,1993MM10,68.9
33836,A4,307500,33836,-1.0,-0.2,1993MM11,68.8
33837,A4,307500,33837,-1.1,-0.3,1993MM12,68.6
33839,A4,307500,33839,-1.5,-0.5,1994MM01,68.3
33840,A4,307500,33840,-1.5,-0.1,1994MM02,68.3
33841,A4,307500,33841,-1.0,0.1,1994MM03,68.3
33842,A4,307500,33842,-1.0,-0.2,1994MM04,68.2
33843,A4,307500,33843,0.0,1.3,1994MM05,69.1
33844,A4,307500,33844,-1.2,-1.1,1994MM06,68.3
33845,A4,307500,33845,-0.9,0.3,1994MM07,68.6
33846,A4,307500,33846,-0.8,0.0,1994MM08,68.6
33847,A4,307500,33847,-0.1,0.6,1994MM09,69.0
33848,A4,307500,33848,0.7,0.6,1994MM10,69.4
33849,A4,307500,33849,1.2,0.3,1994MM11,69.6
33850,A4,307500,33850,1.9,0.5,1994MM12,69.9
33852,A4,307500,33852,3.1,0.6,1995MM01,70.4
33853,A4,307500,33853,3.7,0.6,1995MM02,70.8
33854,A4,307500,33854,3.7,0.1,1995MM03,70.8
33855,A4,307500,33855,3.7,-0.2,1995MM04,70.7
33856,A4,307500,33856,2.4,0.0,1995MM05,70.7
33857,A4,307500,33857,3.5,0.0,1995MM06,70.7
33858,A4,307500,33858,2.6,-0.6,1995MM07,70.3
33859,A4,307500,33859,2.8,0.2,1995MM08,70.5
33860,A4,307500,33860,2.4,0.2,1995MM09,70.6
33861,A4,307500,33861,1.6,-0.2,1995MM10,70.5
33862,A4,307500,33862,1.2,-0.1,1995MM11,70.5
33863,A4,307500,33863,1.0,0.2,1995MM12,70.6
33865,A4,307500,33865,1.0,0.7,1996MM01,71.1
33866,A4,307500,33866,0.4,0.0,1996MM02,71.1
33867,A4,307500,33867,0.6,0.3,1996MM03,71.3
33868,A4,307500,33868,1.4,0.6,1996MM04,71.7
33869,A4,307500,33869,1.5,0.2,1996MM05,71.8
33870,A4,307500,33870,1.3,-0.3,1996MM06,71.6
33871,A4,307500,33871,1.5,-0.3,1996MM07,71.4
33872,A4,307500,33872,1.2,0.0,1996MM08,71.4
33873,A4,307500,33873,1.5,0.5,1996MM09,71.7
33874,A4,307500,33874,2.0,0.3,1996MM10,71.9
33875,A4,307500,33875,1.7,-0.4,1996MM11,71.6
33876,A4,307500,33876,1.8,0.4,1996MM12,71.9
33878,A4,307500,33878,1.6,0.4,1997MM01,72.2
33879,A4,307500,33879,1.7,0.1,1997MM02,72.3
33880,A4,307500,33880,1.6,0.2,1997MM03,72.4
33881,A4,307500,33881,1.8,0.7,1997MM04,72.9
33882,A4,307500,33882,2.3,0.8,1997MM05,73.5
33883,A4,307500,33883,2.1,-0.5,1997MM06,73.1
33884,A4,307500,33884,2.8,0.3,1997MM07,73.4
33885,A4,307500,33885,3.9,1.0,1997MM08,74.1
33886,A4,307500,33886,3.2,-0.2,1997MM09,74.0
33887,A4,307500,33887,2.7,-0.1,1997MM10,73.9
33888,A4,307500,33888,2.9,-0.2,1997MM11,73.7
33889,A4,307500,33889,1.9,-0.6,1997MM12,73.3
33891,A4,307500,33891,1.5,0.0,1998MM01,73.3
33892,A4,307500,33892,1.2,-0.1,1998MM02,73.2
33893,A4,307500,33893,0.4,-0.7,1998MM03,72.7
33894,A4,307500,33894,-0.7,-0.4,1998MM04,72.4
33895,A4,307500,33895,-1.6,-0.2,1998MM05,72.3
33896,A4,307500,33896,-1.6,-0.4,1998MM06,72.0
33897,A4,307500,33897,-2.0,-0.1,1998MM07,71.9
33898,A4,307500,33898,-3.5,-0.5,1998MM08,71.6
33899,A4,307500,33899,-3.6,-0.4,1998MM09,71.3
33900,A4,307500,33900,-4.0,-0.5,1998MM10,70.9
33901,A4,307500,33901,-3.9,-0.2,1998MM11,70.8
33902,A4,307500,33902,-3.6,-0.2,1998MM12,70.7
33904,A4,307500,33904,-3.7,-0.1,1999MM01,70.6
33905,A4,307500,33905,-3.7,-0.1,1999MM02,70.5
33906,A4,307500,33906,-2.5,0.6,1999MM03,70.9
33907,A4,307500,33907,-1.8,0.3,1999MM04,71.1
33908,A4,307500,33908,-1.3,0.3,1999MM05,71.3
33909,A4,307500,33909,-0.5,0.4,1999MM06,71.6
33910,A4,307500,33910,0.7,1.1,1999MM07,72.4
33911,A4,307500,33911,1.8,0.6,1999MM08,72.9
33912,A4,307500,33912,2.7,0.5,1999MM09,73.2
33913,A4,307500,33913,3.5,0.3,1999MM10,73.5
33914,A4,307500,33914,4.3,0.5,1999MM11,73.8
33915,A4,307500,33915,5.1,0.6,1999MM12,74.3
33917,A4,307500,33917,6.3,1.0,2000MM01,75.0
33918,A4,307500,33918,7.2,0.7,2000MM02,75.5
33919,A4,307500,33919,7.0,0.5,2000MM03,75.9
33920,A4,307500,33920,7.5,0.8,2000MM04,76.5
33921,A4,307500,33921,8.3,1.0,2000MM05,77.3
33922,A4,307500,33922,8.3,0.3,2000MM06,77.5
33923,A4,307500,33923,8.1,1.0,2000MM07,78.3
33924,A4,307500,33924,8.4,0.9,2000MM08,79.0
33925,A4,307500,33925,9.7,1.6,2000MM09,80.3
33926,A4,307500,33926,10.1,0.8,2000MM10,80.9
33927,A4,307500,33927,10.0,0.4,2000MM11,81.2
33928,A4,307500,33928,7.8,-1.5,2000MM12,80.0
33930,A4,307500,33930,6.4,-0.3,2001MM01,79.8
33931,A4,307500,33931,6.1,0.4,2001MM02,80.1
33932,A4,307500,33932,5.7,0.1,2001MM03,80.2
33933,A4,307500,33933,4.8,-0.1,2001MM04,80.1
33934,A4,307500,33934,4.0,0.3,2001MM05,80.4
33935,A4,307500,33935,3.6,-0.1,2001MM06,80.3
33936,A4,307500,33936,1.9,-0.6,2001MM07,79.8
33937,A4,307500,33937,0.8,-0.2,2001MM08,79.6
33938,A4,307500,33938,-0.6,0.2,2001MM09,79.8
33939,A4,307500,33939,-2.1,-0.8,2001MM10,79.2
33940,A4,307500,33940,-3.6,-1.1,2001MM11,78.3
33941,A4,307500,33941,-2.5,-0.3,2001MM12,78.0
33943,A4,307500,33943,-2.3,-0.1,2002MM01,78.0
33944,A4,307500,33944,-2.6,0.1,2002MM02,78.1
33945,A4,307500,33945,-2.0,0.7,2002MM03,78.6
33946,A4,307500,33946,-0.7,1.2,2002MM04,79.5
33947,A4,307500,33947,-1.5,-0.4,2002MM05,79.2
33948,A4,307500,33948,-1.7,-0.3,2002MM06,78.9
33949,A4,307500,33949,-0.6,0.4,2002MM07,79.3
33950,A4,307500,33950,0.0,0.4,2002MM08,79.6
33951,A4,307500,33951,0.3,0.5,2002MM09,80.0
33952,A4,307500,33952,1.0,-0.1,2002MM10,79.9
33953,A4,307500,33953,1.2,-0.9,2002MM11,79.2
33954,A4,307500,33954,2.3,0.8,2002MM12,79.8
33956,A4,307500,33956,3.6,1.2,2003MM01,80.8
33957,A4,307500,33957,4.6,1.1,2003MM02,81.6
33958,A4,307500,33958,3.7,-0.2,2003MM03,81.5
33959,A4,307500,33959,1.2,-1.2,2003MM04,80.5
33960,A4,307500,33960,0.7,-1.0,2003MM05,79.7
33961,A4,307500,33961,0.9,-0.1,2003MM06,79.7
33962,A4,307500,33962,0.0,-0.5,2003MM07,79.2
33963,A4,307500,33963,-0.2,0.2,2003MM08,79.4
33964,A4,307500,33964,-0.4,0.4,2003MM09,79.7
33965,A4,307500,33965,-0.1,0.1,2003MM10,79.8
33966,A4,307500,33966,1.2,0.5,2003MM11,80.2
33967,A4,307500,33967,0.0,-0.5,2003MM12,79.8
33969,A4,307500,33969,-0.4,0.8,2004MM01,80.5
33970,A4,307500,33970,-1.1,0.4,2004MM02,80.8
33971,A4,307500,33971,0.2,1.1,2004MM03,81.6
33972,A4,307500,33972,2.4,1.0,2004MM04,82.4
33973,A4,307500,33973,4.0,0.6,2004MM05,82.9
33974,A4,307500,33974,3.8,-0.3,2004MM06,82.7
33975,A4,307500,33975,5.3,0.9,2004MM07,83.4
33976,A4,307500,33976,5.9,0.8,2004MM08,84.1
33977,A4,307500,33977,6.1,0.5,2004MM09,84.5
33978,A4,307500,33978,6.9,1.0,2004MM10,85.4
33979,A4,307500,33979,5.5,-0.9,2004MM11,84.6
33980,A4,307500,33980,4.7,-1.2,2004MM12,83.6
33982,A4,307500,33982,4.83846153846,-0.3,2005MM01,83.8
33983,A4,307500,33983,4.97692307692,0.6,2005MM02,84.3
33984,A4,307500,33984,5.11538461538,1.8,2005MM03,85.7
33985,A4,307500,33985,5.25384615385,0.4,2005MM04,86.1
33986,A4,307500,33986,5.39230769231,-0.8,2005MM05,85.4
33987,A4,307500,33987,5.53076923077,1.4,2005MM06,86.6
33988,A4,307500,33988,5.66923076923,0.9,2005MM07,87.4
33989,A4,307500,33989,5.80769230769,1.1,2005MM08,88.3
33990,A4,307500,33990,5.94615384615,1.1,2005MM09,89.3
33991,A4,307500,33991,6.08461538462,0.4,2005MM10,89.6
33992,A4,307500,33992,6.22307692308,-1.7,2005MM11,88.2
33993,A4,307500,33993,6.36153846154,-0.3,2005MM12,87.9
33995,A4,307500,33995,6.5,1.6,2006MM01,89.3
33996,A4,307500,33996,5.9,0.0,2006MM02,89.2
33997,A4,307500,33997,4.7,0.6,2006MM03,89.7
33998,A4,307500,33998,5.9,1.6,2006MM04,91.2
33999,A4,307500,33999,6.6,-0.1,2006MM05,91.1
34000,A4,307500,34000,5.7,0.5,2006MM06,91.5
34001,A4,307500,34001,6.0,1.2,2006MM07,92.7
34002,A4,307500,34002,4.9,0.0,2006MM08,92.7
34003,A4,307500,34003,1.9,-1.8,2006MM09,91.0
34004,A4,307500,34004,1.7,0.2,2006MM10,91.1
34005,A4,307500,34005,3.0,-0.3,2006MM11,90.8
34006,A4,307500,34006,3.7,0.3,2006MM12,91.1
34008,A4,307500,34008,3.1,1.0,2007MM01,92.1
34009,A4,307500,34009,3.8,0.6,2007MM02,92.6
34010,A4,307500,34010,3.8,0.6,2007MM03,93.2
34011,A4,307500,34011,4.2,2.0,2007MM04,95.0
34012,A4,307500,34012,5.0,0.7,2007MM05,95.6
34013,A4,307500,34013,4.9,0.4,2007MM06,96.0
34014,A4,307500,34014,4.8,1.2,2007MM07,97.2
34015,A4,307500,34015,4.7,-0.1,2007MM08,97.1
34016,A4,307500,34016,7.9,1.2,2007MM09,98.2
34017,A4,307500,34017,8.7,0.9,2007MM10,99.1
34018,A4,307500,34018,11.2,2.0,2007MM11,101.1
34019,A4,307500,34019,10.8,-0.1,2007MM12,101.0
34021,A4,307500,34021,10.3,0.5,2008MM01,101.6
34022,A4,307500,34022,10.5,0.8,2008MM02,102.3
34023,A4,307500,34023,10.7,0.8,2008MM03,103.1
34024,A4,307500,34024,9.7,1.1,2008MM04,104.2
34025,A4,307500,34025,12.0,2.7,2008MM05,107.1
34026,A4,307500,34026,12.9,1.2,2008MM06,108.4
34027,A4,307500,34027,12.5,0.8,2008MM07,109.3
34028,A4,307500,34028,10.6,-1.8,2008MM08,107.3
34029,A4,307500,34029,8.3,-0.9,2008MM09,106.4
34030,A4,307500,34030,2.9,-4.1,2008MM10,102.0
34031,A4,307500,34031,-2.5,-3.4,2008MM11,98.5
34032,A4,307500,34032,-6.8,-4.5,2008MM12,94.1
34034,A4,307500,34034,-8.6,-1.3,2009MM01,92.9
34035,A4,307500,34035,-9.1,0.2,2009MM02,93.0
34036,A4,307500,34036,-10.4,-0.6,2009MM03,92.5
34037,A4,307500,34037,-11.4,-0.1,2009MM04,92.4
34038,A4,307500,34038,-12.9,1.0,2009MM05,93.3
34039,A4,307500,34039,-12.9,1.2,2009MM06,94.4
34040,A4,307500,34040,-14.2,-0.6,2009MM07,93.8
34041,A4,307500,34041,-11.8,0.9,2009MM08,94.6
34042,A4,307500,34042,-11.4,-0.4,2009MM09,94.3
34043,A4,307500,34043,-7.3,0.3,2009MM10,94.5
34044,A4,307500,34044,-3.4,0.7,2009MM11,95.2
34045,A4,307500,34045,1.2,0.0,2009MM12,95.2
34047,A4,307500,34047,3.2,0.7,2010MM01,95.9
34048,A4,307500,34048,3.9,0.8,2010MM02,96.6
34049,A4,307500,34049,6.0,1.5,2010MM03,98.0
34050,A4,307500,34050,7.6,1.4,2010MM04,99.4
34051,A4,307500,34051,7.2,0.7,2010MM05,100.0
34052,A4,307500,34052,6.2,0.2,2010MM06,100.3
34053,A4,307500,34053,6.4,-0.5,2010MM07,99.8
34054,A4,307500,34054,5.6,0.2,2010MM08,100.0
34055,A4,307500,34055,7.0,0.9,2010MM09,100.8
34056,A4,307500,34056,7.6,0.9,2010MM10,101.7
34057,A4,307500,34057,7.9,1.0,2010MM11,102.7
34058,A4,307500,34058,10.1,2.0,2010MM12,104.8
34060,A4,307500,34060,11.6,2.1,2011MM01,107.0
34061,A4,307500,34061,12.4,1.5,2011MM02,108.6
34062,A4,307500,34062,13.0,2.1,2011MM03,110.8
34063,A4,307500,34063,12.8,1.2,2011MM04,112.1
34064,A4,307500,34064,11.2,-0.8,2011MM05,111.3
34065,A4,307500,34065,10.8,-0.2,2011MM06,111.1
34066,A4,307500,34066,12.0,0.6,2011MM07,111.7
34067,A4,307500,34067,11.0,-0.7,2011MM08,110.9
34068,A4,307500,34068,10.7,0.6,2011MM09,111.6
34069,A4,307500,34069,8.7,-0.9,2011MM10,110.6
34070,A4,307500,34070,8.2,0.5,2011MM11,111.1
34071,A4,307500,34071,6.1,0.0,2011MM12,111.2
34073,A4,307500,34073,5.8,1.9,2012MM01,113.3
34074,A4,307500,34074,5.5,1.1,2012MM02,114.5
34075,A4,307500,34075,4.3,1.0,2012MM03,115.6
34076,A4,307500,34076,3.1,0.0,2012MM04,115.6
34077,A4,307500,34077,2.9,-1.0,2012MM05,114.5
34078,A4,307500,34078,1.3,-1.7,2012MM06,112.5
34079,A4,307500,34079,2.0,1.3,2012MM07,113.9
34080,A4,307500,34080,4.7,2.0,2012MM08,116.2
34081,A4,307500,34081,4.8,0.7,2012MM09,116.9
34082,A4,307500,34082,5.6,-0.1,2012MM10,116.8
34083,A4,307500,34083,4.2,-0.9,2012MM11,115.8
34084,A4,307500,34084,3.6,-0.5,2012MM12,115.2
34086,A4,307500,34086,1.9,0.2,2013MM01,115.4
34087,A4,307500,34087,1.6,0.9,2013MM02,116.4
34088,A4,307500,34088,-0.4,-1.0,2013MM03,115.2
34089,A4,307500,34089,-1.7,-1.4,2013MM04,113.6
34090,A4,307500,34090,-1.1,-0.4,2013MM05,113.2
34091,A4,307500,34091,0.3,-0.3,2013MM06,112.9
34092,A4,307500,34092,0.0,1.0,2013MM07,114.0
34093,A4,307500,34093,-1.7,0.2,2013MM08,114.1
34094,A4,307500,34094,-2.6,-0.2,2013MM09,114.0
34095,A4,307500,34095,-3.4,-1.0,2013MM10,112.8
34096,A4,307500,34096,-2.5,0.1,2013MM11,112.8
34097,A4,307500,34097,-1.8,0.3,2013MM12,113.1
34099,A4,307500,34099,-2.0,-0.1,2014MM01,113.1
34100,A4,307500,34100,-2.7,0.1,2014MM02,113.2
34101,A4,307500,34101,-2.5,-0.8,2014MM03,112.3
34102,A4,307500,34102,-0.4,0.7,2014MM04,113.1
34103,A4,307500,34103,-0.2,-0.1,2014MM05,113.0
34104,A4,307500,34104,0.5,0.4,2014MM06,113.4
34105,A4,307500,34105,-0.6,-0.1,2014MM07,113.3
34106,A4,307500,34106,-1.5,-0.7,2014MM08,112.5
34107,A4,307500,34107,-1.7,-0.5,2014MM09,112.0
34108,A4,307500,34108,-2.1,-1.4,2014MM10,110.4
34109,A4,307500,34109,-3.7,-1.5,2014MM11,108.7
34110,A4,307500,34110,-7.7,-3.9,2014MM12,104.5
34112,A4,307500,34112,-9.6,-2.2,2015MM01,102.2
34113,A4,307500,34113,-8.4,1.4,2015MM02,103.7
34114,A4,307500,34114,-6.1,1.8,2015MM03,105.5
34115,A4,307500,34115,-5.8,1.0,2015MM04,106.6
34116,A4,307500,34116,-5.2,0.5,2015MM05,107.1
34117,A4,307500,34117,-5.7,-0.1,2015MM06,106.9
34118,A4,307500,34118,-6.3,-0.7,2015MM07,106.2
34119,A4,307500,34119,-7.4,-1.8,2015MM08,104.2
34120,A4,307500,34120,-8.2,-1.4,2015MM09,102.7
34121,A4,307500,34121,-7.7,-0.8,2015MM10,101.9
34122,A4,307500,34122,-5.9,0.4,2015MM11,102.3
34123,A4,307500,34123,-3.9,-1.8,2015MM12,100.4
34125,A4,307500,34125,-3.7,-2.0,2016MM01,98.4
34126,A4,307500,34126,-5.9,-0.9,2016MM02,97.5
34127,A4,307500,34127,-6.6,1.0,2016MM03,98.5
34128,A4,307500,34128,-7.0,0.7,2016MM04,99.2
34129,A4,307500,34129,-6.1,1.4,2016MM05,100.5
34130,A4,307500,34130,-4.5,1.6,2016MM06,102.1
34131,A4,307500,34131,-3.2,0.6,2016MM07,102.8
34132,A4,307500,34132,-2.7,-1.3,2016MM08,101.4
34133,A4,307500,34133,-0.3,1.0,2016MM09,102.4
34134,A4,307500,34134,2.2,1.7,2016MM10,104.1
34135,A4,307500,34135,1.6,-0.2,2016MM11,103.9
34136,A4,307500,34136,5.5,2.0,2016MM12,105.9
34138,A4,307500,34138,9.5,1.7,2017MM01,107.8
34139,A4,307500,34139,11.4,0.8,2017MM02,108.6
34140,A4,307500,34140,9.7,-0.5,2017MM03,108.1
34141,A4,307500,34141,8.3,-0.6,2017MM04,107.4
34142,A4,307500,34142,5.9,-0.8,2017MM05,106.5
34143,A4,307500,34143,3.3,-1.0,2017MM06,105.5
34144,A4,307500,34144,2.3,-0.4,2017MM07,105.1
34145,A4,307500,34145,4.7,0.9,2017MM08,106.1
34146,A4,307500,34146,5.1,1.5,2017MM09,107.7
34147,A4,307500,34147,3.5,0.1,2017MM10,107.8
34148,A4,307500,34148,4.7,0.9,2017MM11,108.7
34149,A4,307500,34149,2.6,-0.1,2017MM12,108.7
