,Afzet,BedrijfstakkenBranchesSBI2008,ID,OntwikkelingTOV1JaarEerder_2,OntwikkelingTOV1MaandEerder_3,Perioden,ProducentenprijsindexPPI_1
65897,A5,307500,65897,3.04615384615,0.8,1981MM01,69.3
65898,A5,307500,65898,3.49230769231,1.7,1981MM02,70.5
65899,A5,307500,65899,3.93846153846,0.3,1981MM03,70.6
65900,A5,307500,65900,4.38461538462,0.9,1981MM04,71.3
65901,A5,307500,65901,4.83076923077,1.2,1981MM05,72.1
65902,A5,307500,65902,5.27692307692,1.0,1981MM06,72.9
65903,A5,307500,65903,5.72307692308,1.6,1981MM07,74.0
65904,A5,307500,65904,6.16923076923,0.6,1981MM08,74.5
65905,A5,307500,65905,6.61538461538,-1.0,1981MM09,73.8
65906,A5,307500,65906,7.06153846154,0.5,1981MM10,74.1
65907,A5,307500,65907,7.50769230769,-0.1,1981MM11,74.0
65908,A5,307500,65908,7.95384615385,0.1,1981MM12,74.1
65910,A5,307500,65910,8.4,1.4,1982MM01,75.1
65911,A5,307500,65911,7.4,0.7,1982MM02,75.7
65912,A5,307500,65912,7.0,0.0,1982MM03,75.6
65913,A5,307500,65913,6.4,0.3,1982MM04,75.8
65914,A5,307500,65914,4.4,-0.6,1982MM05,75.4
65915,A5,307500,65915,3.9,0.5,1982MM06,75.7
65916,A5,307500,65916,1.9,-0.3,1982MM07,75.5
65917,A5,307500,65917,1.4,0.0,1982MM08,75.5
65918,A5,307500,65918,2.4,0.0,1982MM09,75.5
65919,A5,307500,65919,0.6,-1.2,1982MM10,74.6
65920,A5,307500,65920,0.6,-0.2,1982MM11,74.4
65921,A5,307500,65921,-0.2,-0.6,1982MM12,74.0
65923,A5,307500,65923,-1.1,0.4,1983MM01,74.3
65924,A5,307500,65924,-1.2,0.7,1983MM02,74.8
65925,A5,307500,65925,-1.1,0.0,1983MM03,74.8
65926,A5,307500,65926,-0.5,0.9,1983MM04,75.4
65927,A5,307500,65927,0.2,0.1,1983MM05,75.5
65928,A5,307500,65928,0.3,0.6,1983MM06,76.0
65929,A5,307500,65929,0.2,-0.5,1983MM07,75.6
65930,A5,307500,65930,1.0,0.8,1983MM08,76.2
65931,A5,307500,65931,1.2,0.2,1983MM09,76.4
65932,A5,307500,65932,1.7,-0.7,1983MM10,75.9
65933,A5,307500,65933,2.8,0.9,1983MM11,76.6
65934,A5,307500,65934,3.8,0.3,1983MM12,76.8
65936,A5,307500,65936,4.4,0.9,1984MM01,77.5
65937,A5,307500,65937,3.3,-0.4,1984MM02,77.2
65938,A5,307500,65938,3.2,-0.1,1984MM03,77.1
65939,A5,307500,65939,3.6,1.2,1984MM04,78.1
65940,A5,307500,65940,4.3,0.8,1984MM05,78.7
65941,A5,307500,65941,3.8,0.1,1984MM06,78.9
65942,A5,307500,65942,5.3,1.0,1984MM07,79.6
65943,A5,307500,65943,4.9,0.4,1984MM08,80.0
65944,A5,307500,65944,5.9,1.2,1984MM09,80.9
65945,A5,307500,65945,6.8,0.1,1984MM10,81.0
65946,A5,307500,65946,5.9,0.1,1984MM11,81.1
65947,A5,307500,65947,6.0,0.5,1984MM12,81.4
65949,A5,307500,65949,5.5,0.4,1985MM01,81.8
65950,A5,307500,65950,6.5,0.6,1985MM02,82.2
65951,A5,307500,65951,7.4,0.7,1985MM03,82.8
65952,A5,307500,65952,6.9,0.8,1985MM04,83.5
65953,A5,307500,65953,5.1,-0.8,1985MM05,82.8
65954,A5,307500,65954,4.6,-0.3,1985MM06,82.5
65955,A5,307500,65955,3.4,-0.3,1985MM07,82.3
65956,A5,307500,65956,2.3,-0.6,1985MM08,81.8
65957,A5,307500,65957,0.4,-0.6,1985MM09,81.3
65958,A5,307500,65958,0.4,0.0,1985MM10,81.3
65959,A5,307500,65959,-1.0,-1.3,1985MM11,80.3
65960,A5,307500,65960,-1.6,-0.1,1985MM12,80.2
65962,A5,307500,65962,-3.5,-1.6,1986MM01,78.9
65963,A5,307500,65963,-12.1,-8.5,1986MM02,72.3
65964,A5,307500,65964,-6.7,6.9,1986MM03,77.3
65965,A5,307500,65965,-9.3,-2.0,1986MM04,75.7
65966,A5,307500,65966,-10.0,-1.6,1986MM05,74.5
65967,A5,307500,65967,-11.2,-1.6,1986MM06,73.3
65968,A5,307500,65968,-11.6,-0.7,1986MM07,72.8
65969,A5,307500,65969,-12.1,-1.2,1986MM08,71.9
65970,A5,307500,65970,-12.9,-1.5,1986MM09,70.8
65971,A5,307500,65971,-13.0,-0.1,1986MM10,70.8
65972,A5,307500,65972,-12.1,-0.3,1986MM11,70.5
65973,A5,307500,65973,-12.7,-0.8,1986MM12,70.0
65975,A5,307500,65975,-11.3,0.1,1987MM01,70.0
65976,A5,307500,65976,-3.2,-0.1,1987MM02,69.9
65977,A5,307500,65977,-9.3,0.3,1987MM03,70.1
65978,A5,307500,65978,-7.3,0.2,1987MM04,70.2
65979,A5,307500,65979,-6.7,-1.0,1987MM05,69.5
65980,A5,307500,65980,-4.5,0.6,1987MM06,70.0
65981,A5,307500,65981,-3.8,0.0,1987MM07,70.0
65982,A5,307500,65982,-2.9,-0.2,1987MM08,69.8
65983,A5,307500,65983,-0.8,0.7,1987MM09,70.3
65984,A5,307500,65984,-0.5,0.2,1987MM10,70.4
65985,A5,307500,65985,-0.3,-0.1,1987MM11,70.3
65986,A5,307500,65986,0.3,-0.2,1987MM12,70.2
65988,A5,307500,65988,0.3,0.1,1988MM01,70.2
65989,A5,307500,65989,-0.4,-0.8,1988MM02,69.7
65990,A5,307500,65990,-1.1,-0.5,1988MM03,69.3
65991,A5,307500,65991,0.5,1.8,1988MM04,70.6
65992,A5,307500,65992,-0.5,-2.0,1988MM05,69.2
65993,A5,307500,65993,-1.0,0.1,1988MM06,69.3
65994,A5,307500,65994,-0.7,0.3,1988MM07,69.5
65995,A5,307500,65995,0.2,0.6,1988MM08,69.9
65996,A5,307500,65996,-0.4,0.1,1988MM09,70.0
65997,A5,307500,65997,0.4,1.0,1988MM10,70.7
65998,A5,307500,65998,1.7,1.2,1988MM11,71.5
65999,A5,307500,65999,2.6,0.7,1988MM12,72.0
66001,A5,307500,66001,2.9,0.4,1989MM01,72.3
66002,A5,307500,66002,4.0,0.2,1989MM02,72.5
66003,A5,307500,66003,5.0,0.5,1989MM03,72.8
66004,A5,307500,66004,3.9,0.8,1989MM04,73.4
66005,A5,307500,66005,8.9,2.7,1989MM05,75.4
66006,A5,307500,66006,7.3,-1.3,1989MM06,74.4
66007,A5,307500,66007,6.9,-0.1,1989MM07,74.3
66008,A5,307500,66008,6.4,0.2,1989MM08,74.4
66009,A5,307500,66009,6.8,0.5,1989MM09,74.8
66010,A5,307500,66010,5.5,-0.2,1989MM10,74.6
66011,A5,307500,66011,3.5,-0.8,1989MM11,74.1
66012,A5,307500,66012,0.9,-1.8,1989MM12,72.7
66014,A5,307500,66014,0.1,-0.4,1990MM01,72.4
66015,A5,307500,66015,-1.7,-1.6,1990MM02,71.2
66016,A5,307500,66016,-3.6,-1.4,1990MM03,70.2
66017,A5,307500,66017,-5.3,-1.0,1990MM04,69.5
66018,A5,307500,66018,-8.2,-0.4,1990MM05,69.2
66019,A5,307500,66019,-7.7,-0.8,1990MM06,68.7
66020,A5,307500,66020,-7.9,-0.3,1990MM07,68.4
66021,A5,307500,66021,-7.9,0.2,1990MM08,68.5
66022,A5,307500,66022,-5.9,2.6,1990MM09,70.3
66023,A5,307500,66023,-3.8,2.1,1990MM10,71.8
66024,A5,307500,66024,-1.5,1.5,1990MM11,72.9
66025,A5,307500,66025,-1.1,-1.4,1990MM12,71.9
66027,A5,307500,66027,-1.8,-1.1,1991MM01,71.1
66028,A5,307500,66028,-1.8,-1.7,1991MM02,69.9
66029,A5,307500,66029,2.1,2.6,1991MM03,71.7
66030,A5,307500,66030,2.0,-1.1,1991MM04,70.9
66031,A5,307500,66031,1.4,-1.0,1991MM05,70.2
66032,A5,307500,66032,2.1,0.0,1991MM06,70.1
66033,A5,307500,66033,2.8,0.3,1991MM07,70.3
66034,A5,307500,66034,2.7,0.1,1991MM08,70.4
66035,A5,307500,66035,-0.3,-0.4,1991MM09,70.1
66036,A5,307500,66036,-2.3,0.1,1991MM10,70.2
66037,A5,307500,66037,-3.7,0.1,1991MM11,70.2
66038,A5,307500,66038,-1.7,0.6,1991MM12,70.6
66040,A5,307500,66040,-1.3,-0.7,1992MM01,70.1
66041,A5,307500,66041,-1.1,-1.5,1992MM02,69.1
66042,A5,307500,66042,-4.4,-0.8,1992MM03,68.5
66043,A5,307500,66043,-2.9,0.5,1992MM04,68.9
66044,A5,307500,66044,-1.9,0.0,1992MM05,68.9
66045,A5,307500,66045,-1.9,0.0,1992MM06,68.8
66046,A5,307500,66046,-1.6,0.5,1992MM07,69.2
66047,A5,307500,66047,-1.5,0.3,1992MM08,69.3
66048,A5,307500,66048,-1.2,0.0,1992MM09,69.3
66049,A5,307500,66049,-2.2,-1.0,1992MM10,68.6
66050,A5,307500,66050,-2.9,-0.6,1992MM11,68.2
66051,A5,307500,66051,-3.7,-0.3,1992MM12,68.0
66053,A5,307500,66053,-3.2,-0.2,1993MM01,67.9
66054,A5,307500,66054,-1.7,0.1,1993MM02,68.0
66055,A5,307500,66055,-2.1,-1.3,1993MM03,67.1
66056,A5,307500,66056,-3.0,-0.4,1993MM04,66.8
66057,A5,307500,66057,-2.8,0.2,1993MM05,67.0
66058,A5,307500,66058,-2.5,0.2,1993MM06,67.1
66059,A5,307500,66059,-2.9,0.0,1993MM07,67.1
66060,A5,307500,66060,-3.6,-0.4,1993MM08,66.9
66061,A5,307500,66061,-3.3,0.2,1993MM09,67.0
66062,A5,307500,66062,-2.7,-0.3,1993MM10,66.8
66063,A5,307500,66063,-2.0,0.1,1993MM11,66.9
66064,A5,307500,66064,-2.2,-0.6,1993MM12,66.5
66066,A5,307500,66066,-2.9,-0.9,1994MM01,65.9
66067,A5,307500,66067,-3.0,0.0,1994MM02,65.9
66068,A5,307500,66068,-1.5,0.3,1994MM03,66.1
66069,A5,307500,66069,-1.7,-0.7,1994MM04,65.7
66070,A5,307500,66070,0.0,1.9,1994MM05,66.9
66071,A5,307500,66071,-1.6,-1.4,1994MM06,66.0
66072,A5,307500,66072,-1.0,0.7,1994MM07,66.5
66073,A5,307500,66073,-0.7,-0.1,1994MM08,66.4
66074,A5,307500,66074,-0.1,0.9,1994MM09,67.0
66075,A5,307500,66075,0.9,0.6,1994MM10,67.4
66076,A5,307500,66076,1.0,0.2,1994MM11,67.6
66077,A5,307500,66077,2.1,0.5,1994MM12,67.9
66079,A5,307500,66079,4.0,0.9,1995MM01,68.5
66080,A5,307500,66080,4.5,0.5,1995MM02,68.9
66081,A5,307500,66081,3.8,-0.3,1995MM03,68.7
66082,A5,307500,66082,4.6,0.1,1995MM04,68.7
66083,A5,307500,66083,3.2,0.5,1995MM05,69.1
66084,A5,307500,66084,4.7,0.1,1995MM06,69.1
66085,A5,307500,66085,3.1,-0.9,1995MM07,68.5
66086,A5,307500,66086,4.2,0.9,1995MM08,69.2
66087,A5,307500,66087,3.6,0.3,1995MM09,69.4
66088,A5,307500,66088,1.7,-1.2,1995MM10,68.6
66089,A5,307500,66089,1.4,-0.1,1995MM11,68.5
66090,A5,307500,66090,1.2,0.3,1995MM12,68.7
66092,A5,307500,66092,0.5,0.2,1996MM01,68.8
66093,A5,307500,66093,0.2,0.2,1996MM02,69.0
66094,A5,307500,66094,1.0,0.5,1996MM03,69.4
66095,A5,307500,66095,1.8,0.8,1996MM04,69.9
66096,A5,307500,66096,1.3,0.1,1996MM05,70.0
66097,A5,307500,66097,0.3,-0.9,1996MM06,69.4
66098,A5,307500,66098,1.3,0.0,1996MM07,69.4
66099,A5,307500,66099,0.3,0.0,1996MM08,69.4
66100,A5,307500,66100,1.3,1.3,1996MM09,70.3
66101,A5,307500,66101,3.1,0.6,1996MM10,70.7
66102,A5,307500,66102,2.5,-0.7,1996MM11,70.2
66103,A5,307500,66103,2.6,0.4,1996MM12,70.5
66105,A5,307500,66105,3.2,0.9,1997MM01,71.1
66106,A5,307500,66106,2.7,-0.3,1997MM02,70.9
66107,A5,307500,66107,2.3,0.2,1997MM03,71.0
66108,A5,307500,66108,2.3,0.7,1997MM04,71.5
66109,A5,307500,66109,3.0,0.8,1997MM05,72.0
66110,A5,307500,66110,3.4,-0.5,1997MM06,71.7
66111,A5,307500,66111,4.3,0.9,1997MM07,72.3
66112,A5,307500,66112,5.9,1.5,1997MM08,73.4
66113,A5,307500,66113,4.2,-0.3,1997MM09,73.2
66114,A5,307500,66114,3.8,0.2,1997MM10,73.4
66115,A5,307500,66115,4.3,-0.3,1997MM11,73.2
66116,A5,307500,66116,3.1,-0.7,1997MM12,72.7
66118,A5,307500,66118,2.1,-0.1,1998MM01,72.6
66119,A5,307500,66119,1.7,-0.7,1998MM02,72.1
66120,A5,307500,66120,1.3,-0.3,1998MM03,71.9
66121,A5,307500,66121,0.0,-0.5,1998MM04,71.5
66122,A5,307500,66122,-1.6,-0.9,1998MM05,70.9
66123,A5,307500,66123,-1.6,-0.6,1998MM06,70.5
66124,A5,307500,66124,-2.9,-0.4,1998MM07,70.3
66125,A5,307500,66125,-5.2,-0.9,1998MM08,69.7
66126,A5,307500,66126,-5.3,-0.4,1998MM09,69.4
66127,A5,307500,66127,-6.6,-1.2,1998MM10,68.5
66128,A5,307500,66128,-6.7,-0.4,1998MM11,68.3
66129,A5,307500,66129,-6.9,-0.9,1998MM12,67.7
66131,A5,307500,66131,-7.3,-0.5,1999MM01,67.3
66132,A5,307500,66132,-7.1,-0.5,1999MM02,66.9
66133,A5,307500,66133,-5.8,1.1,1999MM03,67.7
66134,A5,307500,66134,-4.6,0.8,1999MM04,68.3
66135,A5,307500,66135,-3.5,0.3,1999MM05,68.4
66136,A5,307500,66136,-2.0,0.9,1999MM06,69.1
66137,A5,307500,66137,0.3,2.0,1999MM07,70.5
66138,A5,307500,66138,2.0,0.8,1999MM08,71.1
66139,A5,307500,66139,4.0,1.5,1999MM09,72.1
66140,A5,307500,66140,6.1,0.8,1999MM10,72.7
66141,A5,307500,66141,8.5,2.0,1999MM11,74.1
66142,A5,307500,66142,11.4,1.7,1999MM12,75.4
66144,A5,307500,66144,13.1,1.0,2000MM01,76.1
66145,A5,307500,66145,15.2,1.3,2000MM02,77.1
66146,A5,307500,66146,15.1,1.0,2000MM03,77.9
66147,A5,307500,66147,14.9,0.7,2000MM04,78.4
66148,A5,307500,66148,16.5,1.7,2000MM05,79.7
66149,A5,307500,66149,15.8,0.3,2000MM06,80.0
66150,A5,307500,66150,14.0,0.4,2000MM07,80.3
66151,A5,307500,66151,13.9,0.8,2000MM08,81.0
66152,A5,307500,66152,14.2,1.7,2000MM09,82.4
66153,A5,307500,66153,13.9,0.5,2000MM10,82.8
66154,A5,307500,66154,11.4,-0.3,2000MM11,82.5
66155,A5,307500,66155,7.5,-1.8,2000MM12,81.0
66157,A5,307500,66157,5.8,-0.7,2001MM01,80.5
66158,A5,307500,66158,4.9,0.4,2001MM02,80.9
66159,A5,307500,66159,3.6,-0.2,2001MM03,80.7
66160,A5,307500,66160,3.6,0.7,2001MM04,81.2
66161,A5,307500,66161,2.8,0.9,2001MM05,81.9
66162,A5,307500,66162,1.8,-0.6,2001MM06,81.4
66163,A5,307500,66163,-0.3,-1.6,2001MM07,80.1
66164,A5,307500,66164,-1.7,-0.7,2001MM08,79.6
66165,A5,307500,66165,-3.3,0.1,2001MM09,79.6
66166,A5,307500,66166,-5.5,-1.8,2001MM10,78.2
66167,A5,307500,66167,-5.9,-0.7,2001MM11,77.7
66168,A5,307500,66168,-5.1,-1.0,2001MM12,76.9
66170,A5,307500,66170,-5.0,-0.6,2002MM01,76.5
66171,A5,307500,66171,-5.4,0.0,2002MM02,76.5
66172,A5,307500,66172,-4.2,1.0,2002MM03,77.3
66173,A5,307500,66173,-3.4,1.6,2002MM04,78.5
66174,A5,307500,66174,-4.3,-0.1,2002MM05,78.4
66175,A5,307500,66175,-4.1,-0.5,2002MM06,78.1
66176,A5,307500,66176,-1.9,0.7,2002MM07,78.6
66177,A5,307500,66177,-0.3,0.9,2002MM08,79.3
66178,A5,307500,66178,0.4,0.9,2002MM09,80.0
66179,A5,307500,66179,2.1,-0.1,2002MM10,79.9
66180,A5,307500,66180,1.2,-1.5,2002MM11,78.7
66181,A5,307500,66181,2.8,0.6,2002MM12,79.1
66183,A5,307500,66183,4.5,1.0,2003MM01,79.9
66184,A5,307500,66184,5.8,1.3,2003MM02,80.9
66185,A5,307500,66185,4.2,-0.5,2003MM03,80.5
66186,A5,307500,66186,0.2,-2.3,2003MM04,78.7
66187,A5,307500,66187,-0.9,-1.2,2003MM05,77.7
66188,A5,307500,66188,-0.7,-0.2,2003MM06,77.5
66189,A5,307500,66189,-1.4,0.0,2003MM07,77.5
66190,A5,307500,66190,-1.4,0.8,2003MM08,78.1
66191,A5,307500,66191,-2.4,-0.1,2003MM09,78.1
66192,A5,307500,66192,-1.9,0.4,2003MM10,78.3
66193,A5,307500,66193,-0.1,0.4,2003MM11,78.6
66194,A5,307500,66194,-1.6,-1.0,2003MM12,77.8
66196,A5,307500,66196,-2.3,0.2,2004MM01,78.0
66197,A5,307500,66197,-3.5,0.1,2004MM02,78.1
66198,A5,307500,66198,-1.5,1.5,2004MM03,79.3
66199,A5,307500,66199,2.2,1.4,2004MM04,80.4
66200,A5,307500,66200,4.9,1.3,2004MM05,81.5
66201,A5,307500,66201,4.5,-0.6,2004MM06,81.0
66202,A5,307500,66202,6.3,1.7,2004MM07,82.4
66203,A5,307500,66203,6.4,0.9,2004MM08,83.2
66204,A5,307500,66204,7.4,0.8,2004MM09,83.8
66205,A5,307500,66205,9.2,2.0,2004MM10,85.5
66206,A5,307500,66206,7.5,-1.2,2004MM11,84.5
66207,A5,307500,66207,6.6,-1.8,2004MM12,83.0
66209,A5,307500,66209,6.76153846154,-0.45,2005MM01,83.8
66210,A5,307500,66210,6.92307692308,0.9,2005MM02,84.6
66211,A5,307500,66211,7.08461538462,2.0,2005MM03,86.3
66212,A5,307500,66212,7.24615384615,0.6,2005MM04,86.8
66213,A5,307500,66213,7.40769230769,-0.8,2005MM05,86.1
66214,A5,307500,66214,7.56923076923,2.2,2005MM06,88.0
66215,A5,307500,66215,7.73076923077,0.8,2005MM07,88.7
66216,A5,307500,66216,7.89230769231,1.0,2005MM08,89.5
66217,A5,307500,66217,8.05384615385,1.6,2005MM09,90.9
66218,A5,307500,66218,8.21538461538,0.6,2005MM10,91.5
66219,A5,307500,66219,8.37692307692,-1.5,2005MM11,90.1
66220,A5,307500,66220,8.53846153846,-0.4,2005MM12,89.8
66222,A5,307500,66222,8.7,1.4,2006MM01,91.1
66223,A5,307500,66223,8.0,0.3,2006MM02,91.3
66224,A5,307500,66224,6.8,0.9,2006MM03,92.1
66225,A5,307500,66225,8.2,1.9,2006MM04,93.9
66226,A5,307500,66226,8.7,-0.4,2006MM05,93.5
66227,A5,307500,66227,6.5,0.2,2006MM06,93.7
66228,A5,307500,66228,6.8,1.1,2006MM07,94.8
66229,A5,307500,66229,5.7,-0.1,2006MM08,94.7
66230,A5,307500,66230,2.0,-2.0,2006MM09,92.8
66231,A5,307500,66231,1.0,-0.4,2006MM10,92.4
66232,A5,307500,66232,2.1,-0.5,2006MM11,92.0
66233,A5,307500,66233,2.7,0.3,2006MM12,92.2
66235,A5,307500,66235,0.8,-0.5,2007MM01,91.8
66236,A5,307500,66236,1.2,0.7,2007MM02,92.5
66237,A5,307500,66237,1.4,1.0,2007MM03,93.4
66238,A5,307500,66238,1.3,1.9,2007MM04,95.2
66239,A5,307500,66239,3.1,1.3,2007MM05,96.4
66240,A5,307500,66240,3.6,0.6,2007MM06,97.0
66241,A5,307500,66241,3.1,0.6,2007MM07,97.7
66242,A5,307500,66242,2.9,-0.2,2007MM08,97.4
66243,A5,307500,66243,6.0,1.0,2007MM09,98.4
66244,A5,307500,66244,7.2,0.7,2007MM10,99.1
66245,A5,307500,66245,9.6,1.8,2007MM11,100.8
66246,A5,307500,66246,9.0,-0.3,2007MM12,100.5
66248,A5,307500,66248,9.8,0.3,2008MM01,100.8
66249,A5,307500,66249,9.8,0.7,2008MM02,101.5
66250,A5,307500,66250,10.2,1.3,2008MM03,102.9
66251,A5,307500,66251,9.5,1.3,2008MM04,104.2
66252,A5,307500,66252,11.7,3.3,2008MM05,107.7
66253,A5,307500,66253,13.1,1.9,2008MM06,109.8
66254,A5,307500,66254,13.7,1.1,2008MM07,111.0
66255,A5,307500,66255,11.4,-2.2,2008MM08,108.5
66256,A5,307500,66256,9.7,-0.6,2008MM09,107.9
66257,A5,307500,66257,4.2,-4.4,2008MM10,103.2
66258,A5,307500,66258,-3.2,-5.4,2008MM11,97.6
66259,A5,307500,66259,-9.5,-6.8,2008MM12,91.0
66261,A5,307500,66261,-11.7,-2.1,2009MM01,89.1
66262,A5,307500,66262,-13.1,-0.9,2009MM02,88.2
66263,A5,307500,66263,-14.1,0.2,2009MM03,88.4
66264,A5,307500,66264,-15.6,-0.5,2009MM04,88.0
66265,A5,307500,66265,-17.6,0.8,2009MM05,88.7
66266,A5,307500,66266,-17.7,1.9,2009MM06,90.3
66267,A5,307500,66267,-18.8,-0.2,2009MM07,90.2
66268,A5,307500,66268,-15.3,2.0,2009MM08,91.9
66269,A5,307500,66269,-15.9,-1.2,2009MM09,90.8
66270,A5,307500,66270,-11.2,0.9,2009MM10,91.6
66271,A5,307500,66271,-5.5,0.7,2009MM11,92.3
66272,A5,307500,66272,1.7,0.3,2009MM12,92.5
66274,A5,307500,66274,6.1,2.1,2010MM01,94.5
66275,A5,307500,66275,8.1,1.0,2010MM02,95.4
66276,A5,307500,66276,10.1,2.0,2010MM03,97.3
66277,A5,307500,66277,14.2,3.2,2010MM04,100.4
66278,A5,307500,66278,14.0,0.6,2010MM05,101.1
66279,A5,307500,66279,12.4,0.5,2010MM06,101.5
66280,A5,307500,66280,11.3,-1.2,2010MM07,100.3
66281,A5,307500,66281,9.1,0.0,2010MM08,100.3
66282,A5,307500,66282,11.0,0.4,2010MM09,100.8
66283,A5,307500,66283,10.7,0.7,2010MM10,101.4
66284,A5,307500,66284,11.2,1.1,2010MM11,102.6
66285,A5,307500,66285,12.8,1.7,2010MM12,104.3
66287,A5,307500,66287,13.2,2.5,2011MM01,106.9
66288,A5,307500,66288,14.9,2.5,2011MM02,109.6
66289,A5,307500,66289,14.5,1.7,2011MM03,111.5
66290,A5,307500,66290,12.3,1.2,2011MM04,112.8
66291,A5,307500,66291,10.8,-0.7,2011MM05,112.0
66292,A5,307500,66292,9.2,-1.0,2011MM06,110.9
66293,A5,307500,66293,11.3,0.7,2011MM07,111.7
66294,A5,307500,66294,10.7,-0.6,2011MM08,111.1
66295,A5,307500,66295,11.0,0.8,2011MM09,111.9
66296,A5,307500,66296,9.6,-0.7,2011MM10,111.2
66297,A5,307500,66297,8.9,0.5,2011MM11,111.8
66298,A5,307500,66298,6.9,-0.2,2011MM12,111.6
66300,A5,307500,66300,6.3,1.8,2012MM01,113.6
66301,A5,307500,66301,4.7,1.0,2012MM02,114.8
66302,A5,307500,66302,4.1,1.1,2012MM03,116.1
66303,A5,307500,66303,2.7,-0.2,2012MM04,115.9
66304,A5,307500,66304,2.3,-1.1,2012MM05,114.6
66305,A5,307500,66305,1.1,-2.2,2012MM06,112.1
66306,A5,307500,66306,1.6,1.2,2012MM07,113.4
66307,A5,307500,66307,4.5,2.3,2012MM08,116.0
66308,A5,307500,66308,4.1,0.4,2012MM09,116.4
66309,A5,307500,66309,4.1,-0.6,2012MM10,115.7
66310,A5,307500,66310,2.7,-0.8,2012MM11,114.8
66311,A5,307500,66311,2.0,-0.8,2012MM12,113.8
66313,A5,307500,66313,0.8,0.6,2013MM01,114.5
66314,A5,307500,66314,0.7,1.0,2013MM02,115.6
66315,A5,307500,66315,-1.3,-0.9,2013MM03,114.5
66316,A5,307500,66316,-2.6,-1.5,2013MM04,112.8
66317,A5,307500,66317,-1.9,-0.4,2013MM05,112.4
66318,A5,307500,66318,-0.2,-0.6,2013MM06,111.8
66319,A5,307500,66319,-0.7,0.8,2013MM07,112.6
66320,A5,307500,66320,-2.8,0.2,2013MM08,112.8
66321,A5,307500,66321,-3.0,0.1,2013MM09,112.9
66322,A5,307500,66322,-3.5,-1.1,2013MM10,111.7
66323,A5,307500,66323,-2.8,-0.1,2013MM11,111.6
66324,A5,307500,66324,-1.6,0.4,2013MM12,112.0
66326,A5,307500,66326,-2.3,-0.2,2014MM01,111.8
66327,A5,307500,66327,-3.1,0.2,2014MM02,112.0
66328,A5,307500,66328,-3.1,-0.9,2014MM03,111.0
66329,A5,307500,66329,-1.4,0.2,2014MM04,111.3
66330,A5,307500,66330,-0.7,0.3,2014MM05,111.6
66331,A5,307500,66331,0.1,0.3,2014MM06,111.9
66332,A5,307500,66332,-0.8,-0.2,2014MM07,111.7
66333,A5,307500,66333,-1.3,-0.3,2014MM08,111.4
66334,A5,307500,66334,-1.5,-0.2,2014MM09,111.2
66335,A5,307500,66335,-1.9,-1.5,2014MM10,109.5
66336,A5,307500,66336,-3.7,-1.9,2014MM11,107.4
66337,A5,307500,66337,-8.3,-4.4,2014MM12,102.7
66339,A5,307500,66339,-11.4,-3.6,2015MM01,99.0
66340,A5,307500,66340,-9.3,2.6,2015MM02,101.6
66341,A5,307500,66341,-7.2,1.4,2015MM03,103.0
66342,A5,307500,66342,-5.3,2.4,2015MM04,105.4
66343,A5,307500,66343,-4.6,1.1,2015MM05,106.5
66344,A5,307500,66344,-4.9,-0.1,2015MM06,106.4
66345,A5,307500,66345,-5.7,-1.1,2015MM07,105.3
66346,A5,307500,66346,-8.6,-3.3,2015MM08,101.8
66347,A5,307500,66347,-9.9,-1.6,2015MM09,100.2
66348,A5,307500,66348,-9.8,-1.4,2015MM10,98.8
66349,A5,307500,66349,-7.7,0.4,2015MM11,99.2
66350,A5,307500,66350,-5.9,-2.5,2015MM12,96.7
66352,A5,307500,66352,-4.6,-2.3,2016MM01,94.5
66353,A5,307500,66353,-7.8,-0.9,2016MM02,93.6
66354,A5,307500,66354,-7.8,1.4,2016MM03,94.9
66355,A5,307500,66355,-9.1,0.9,2016MM04,95.8
66356,A5,307500,66356,-8.5,1.7,2016MM05,97.4
66357,A5,307500,66357,-7.4,1.1,2016MM06,98.5
66358,A5,307500,66358,-7.2,-0.8,2016MM07,97.7
66359,A5,307500,66359,-3.9,0.1,2016MM08,97.8
66360,A5,307500,66360,-2.0,0.4,2016MM09,98.2
66361,A5,307500,66361,0.9,1.5,2016MM10,99.6
66362,A5,307500,66362,0.1,-0.4,2016MM11,99.3
66363,A5,307500,66363,5.4,2.7,2016MM12,101.9
66365,A5,307500,66365,9.4,1.4,2017MM01,103.4
66366,A5,307500,66366,11.6,1.1,2017MM02,104.5
66367,A5,307500,66367,10.0,-0.1,2017MM03,104.4
66368,A5,307500,66368,9.4,0.3,2017MM04,104.7
66369,A5,307500,66369,5.5,-1.8,2017MM05,102.8
66370,A5,307500,66370,2.8,-1.5,2017MM06,101.3
66371,A5,307500,66371,3.0,-0.7,2017MM07,100.6
66372,A5,307500,66372,3.6,0.6,2017MM08,101.3
66373,A5,307500,66373,4.7,1.6,2017MM09,102.8
66374,A5,307500,66374,3.5,0.2,2017MM10,103.1
66375,A5,307500,66375,5.3,1.4,2017MM11,104.5
66376,A5,307500,66376,2.9,0.3,2017MM12,104.9
