,Afzet,BedrijfstakkenBranchesSBI2008,ID,OntwikkelingTOV1JaarEerder_2,OntwikkelingTOV1MaandEerder_3,Perioden,ProducentenprijsindexPPI_1
2236,A6,307610,2236,,,2005MM01,84.3
2237,A6,307610,2237,,-0.3,2005MM02,84.0
2238,A6,307610,2238,,-0.2,2005MM03,83.9
2239,A6,307610,2239,,-0.5,2005MM04,83.5
2240,A6,307610,2240,,0.3,2005MM05,83.8
2241,A6,307610,2241,,0.7,2005MM06,84.3
2242,A6,307610,2242,,0.1,2005MM07,84.5
2243,A6,307610,2243,,0.1,2005MM08,84.5
2244,A6,307610,2244,,0.6,2005MM09,85.0
2245,A6,307610,2245,,0.4,2005MM10,85.3
2246,A6,307610,2246,,0.2,2005MM11,85.5
2247,A6,307610,2247,,0.4,2005MM12,85.8
2249,A6,307610,2249,1.9,0.1,2006MM01,85.9
2250,A6,307610,2250,2.4,0.2,2006MM02,86.1
2251,A6,307610,2251,2.7,0.1,2006MM03,86.2
2252,A6,307610,2252,3.2,0.0,2006MM04,86.2
2253,A6,307610,2253,2.4,-0.4,2006MM05,85.8
2254,A6,307610,2254,1.6,-0.2,2006MM06,85.6
2255,A6,307610,2255,1.3,-0.1,2006MM07,85.6
2256,A6,307610,2256,1.7,0.5,2006MM08,86.0
2257,A6,307610,2257,1.9,0.8,2006MM09,86.6
2258,A6,307610,2258,2.7,1.1,2006MM10,87.6
2259,A6,307610,2259,2.7,0.2,2006MM11,87.8
2260,A6,307610,2260,3.5,1.1,2006MM12,88.8
2262,A6,307610,2262,4.4,1.0,2007MM01,89.7
2263,A6,307610,2263,4.9,0.6,2007MM02,90.3
2264,A6,307610,2264,5.4,0.6,2007MM03,90.8
2265,A6,307610,2265,7.4,1.9,2007MM04,92.5
2266,A6,307610,2266,8.6,0.8,2007MM05,93.2
2267,A6,307610,2267,9.2,0.4,2007MM06,93.5
2268,A6,307610,2268,11.5,2.0,2007MM07,95.4
2269,A6,307610,2269,12.3,1.2,2007MM08,96.6
2270,A6,307610,2270,13.4,1.7,2007MM09,98.2
2271,A6,307610,2271,13.3,1.0,2007MM10,99.2
2272,A6,307610,2272,13.6,0.5,2007MM11,99.8
2273,A6,307610,2273,12.6,0.2,2007MM12,100.0
2275,A6,307610,2275,12.0,0.5,2008MM01,100.5
2276,A6,307610,2276,12.1,0.7,2008MM02,101.2
2277,A6,307610,2277,11.0,-0.4,2008MM03,100.8
2278,A6,307610,2278,9.2,0.2,2008MM04,101.0
2279,A6,307610,2279,8.8,0.4,2008MM05,101.4
2280,A6,307610,2280,9.2,0.8,2008MM06,102.2
2281,A6,307610,2281,6.4,-0.6,2008MM07,101.5
2282,A6,307610,2282,5.0,-0.1,2008MM08,101.4
2283,A6,307610,2283,2.8,-0.4,2008MM09,101.0
2284,A6,307610,2284,0.6,-1.1,2008MM10,99.9
2285,A6,307610,2285,-1.3,-1.4,2008MM11,98.5
2286,A6,307610,2286,-2.3,-0.8,2008MM12,97.7
2288,A6,307610,2288,-3.3,-0.5,2009MM01,97.2
2289,A6,307610,2289,-4.3,-0.4,2009MM02,96.8
2290,A6,307610,2290,-4.5,-0.6,2009MM03,96.3
2291,A6,307610,2291,-5.5,-0.9,2009MM04,95.4
2292,A6,307610,2292,-6.0,-0.1,2009MM05,95.3
2293,A6,307610,2293,-6.8,0.0,2009MM06,95.3
2294,A6,307610,2294,-6.1,0.0,2009MM07,95.3
2295,A6,307610,2295,-6.0,0.0,2009MM08,95.3
2296,A6,307610,2296,-5.6,0.0,2009MM09,95.3
2297,A6,307610,2297,-4.5,0.0,2009MM10,95.4
2298,A6,307610,2298,-2.6,0.6,2009MM11,95.9
2299,A6,307610,2299,-1.2,0.6,2009MM12,96.5
2301,A6,307610,2301,-0.2,0.5,2010MM01,97.0
2302,A6,307610,2302,0.3,0.1,2010MM02,97.1
2303,A6,307610,2303,1.3,0.4,2010MM03,97.5
2304,A6,307610,2304,2.7,0.5,2010MM04,98.0
2305,A6,307610,2305,3.9,0.9,2010MM05,98.9
2306,A6,307610,2306,4.6,0.7,2010MM06,99.6
2307,A6,307610,2307,4.7,0.1,2010MM07,99.8
2308,A6,307610,2308,5.3,0.6,2010MM08,100.4
2309,A6,307610,2309,6.2,0.8,2010MM09,101.2
2310,A6,307610,2310,7.5,1.3,2010MM10,102.5
2311,A6,307610,2311,7.7,0.8,2010MM11,103.4
2312,A6,307610,2312,8.4,1.2,2010MM12,104.6
2314,A6,307610,2314,10.2,2.1,2011MM01,106.9
2315,A6,307610,2315,11.5,1.3,2011MM02,108.2
2316,A6,307610,2316,11.8,0.7,2011MM03,109.0
2317,A6,307610,2317,11.9,0.6,2011MM04,109.7
2318,A6,307610,2318,10.9,0.0,2011MM05,109.7
2319,A6,307610,2319,9.6,-0.4,2011MM06,109.2
2320,A6,307610,2320,9.9,0.4,2011MM07,109.7
2321,A6,307610,2321,8.6,-0.6,2011MM08,109.1
2322,A6,307610,2322,7.9,0.1,2011MM09,109.2
2323,A6,307610,2323,6.7,0.2,2011MM10,109.4
2324,A6,307610,2324,6.4,0.5,2011MM11,110.0
2325,A6,307610,2325,5.8,0.7,2011MM12,110.7
2327,A6,307610,2327,4.5,0.9,2012MM01,111.7
2328,A6,307610,2328,3.2,0.0,2012MM02,111.7
2329,A6,307610,2329,2.7,0.1,2012MM03,111.9
2330,A6,307610,2330,2.2,0.2,2012MM04,112.1
2331,A6,307610,2331,2.5,0.3,2012MM05,112.4
2332,A6,307610,2332,3.3,0.4,2012MM06,112.8
2333,A6,307610,2333,3.9,1.0,2012MM07,114.0
2334,A6,307610,2334,6.0,1.4,2012MM08,115.6
2335,A6,307610,2335,6.5,0.6,2012MM09,116.3
2336,A6,307610,2336,7.1,0.7,2012MM10,117.2
2337,A6,307610,2337,7.3,0.7,2012MM11,118.0
2338,A6,307610,2338,6.3,-0.3,2012MM12,117.7
2340,A6,307610,2340,5.2,-0.1,2013MM01,117.5
2341,A6,307610,2341,4.7,-0.5,2013MM02,116.9
2342,A6,307610,2342,4.3,-0.2,2013MM03,116.7
2343,A6,307610,2343,4.0,-0.1,2013MM04,116.5
2344,A6,307610,2344,3.7,0.0,2013MM05,116.6
2345,A6,307610,2345,3.1,-0.1,2013MM06,116.4
2346,A6,307610,2346,1.8,-0.3,2013MM07,116.0
2347,A6,307610,2347,0.4,0.0,2013MM08,116.1
2348,A6,307610,2348,-0.1,0.1,2013MM09,116.2
2349,A6,307610,2349,-1.4,-0.6,2013MM10,115.6
2350,A6,307610,2350,-1.6,0.5,2013MM11,116.1
2351,A6,307610,2351,-1.0,0.3,2013MM12,116.5
2353,A6,307610,2353,-0.9,-0.1,2014MM01,116.4
2354,A6,307610,2354,-0.5,0.0,2014MM02,116.4
2355,A6,307610,2355,-0.6,-0.3,2014MM03,116.0
2356,A6,307610,2356,-0.3,0.2,2014MM04,116.2
2357,A6,307610,2357,-0.4,-0.1,2014MM05,116.1
2358,A6,307610,2358,-0.4,-0.2,2014MM06,115.9
2359,A6,307610,2359,-0.3,-0.2,2014MM07,115.7
2360,A6,307610,2360,-1.0,-0.6,2014MM08,115.0
2361,A6,307610,2361,-1.5,-0.4,2014MM09,114.5
2362,A6,307610,2362,-2.3,-1.4,2014MM10,112.9
2363,A6,307610,2363,-3.4,-0.7,2014MM11,112.2
2364,A6,307610,2364,-3.9,-0.2,2014MM12,111.9
2366,A6,307610,2366,-4.1,-0.3,2015MM01,111.6
2367,A6,307610,2367,-4.2,-0.1,2015MM02,111.5
2368,A6,307610,2368,-3.4,0.5,2015MM03,112.0
2369,A6,307610,2369,-3.6,0.0,2015MM04,112.0
2370,A6,307610,2370,-4.0,-0.5,2015MM05,111.5
2371,A6,307610,2371,-3.8,0.0,2015MM06,111.5
2372,A6,307610,2372,-4.2,-0.5,2015MM07,110.8
2373,A6,307610,2373,-4.5,-0.9,2015MM08,109.8
2374,A6,307610,2374,-4.0,0.1,2015MM09,109.9
2375,A6,307610,2375,-2.7,0.0,2015MM10,109.9
2376,A6,307610,2376,-0.9,1.2,2015MM11,111.2
2377,A6,307610,2377,-1.2,-0.5,2015MM12,110.6
2379,A6,307610,2379,-1.6,-0.7,2016MM01,109.8
2380,A6,307610,2380,-2.0,-0.6,2016MM02,109.2
2381,A6,307610,2381,-1.9,0.6,2016MM03,109.9
2382,A6,307610,2382,-2.7,-0.7,2016MM04,109.0
2383,A6,307610,2383,-1.6,0.6,2016MM05,109.7
2384,A6,307610,2384,-0.1,1.5,2016MM06,111.3
2385,A6,307610,2385,1.1,0.7,2016MM07,112.0
2386,A6,307610,2386,2.4,0.4,2016MM08,112.5
2387,A6,307610,2387,3.2,0.9,2016MM09,113.5
2388,A6,307610,2388,4.3,1.0,2016MM10,114.6
2389,A6,307610,2389,3.6,0.6,2016MM11,115.3
2390,A6,307610,2390,4.5,0.3,2016MM12,115.6
2392,A6,307610,2392,6.2,0.9,2017MM01,116.7
2393,A6,307610,2393,7.2,0.3,2017MM02,117.1
2394,A6,307610,2394,6.5,-0.1,2017MM03,117.0
2395,A6,307610,2395,7.4,0.1,2017MM04,117.1
2396,A6,307610,2396,6.9,0.1,2017MM05,117.3
2397,A6,307610,2397,4.9,-0.4,2017MM06,116.8
2398,A6,307610,2398,4.0,-0.2,2017MM07,116.5
2399,A6,307610,2399,3.4,-0.3,2017MM08,116.2
2400,A6,307610,2400,2.7,0.3,2017MM09,116.6
2401,A6,307610,2401,1.4,-0.3,2017MM10,116.2
2402,A6,307610,2402,0.6,-0.2,2017MM11,115.9
2403,A6,307610,2403,0.1,-0.1,2017MM12,115.8
