,Afzet,BedrijfstakkenBranchesSBI2008,ID,OntwikkelingTOV1JaarEerder_2,OntwikkelingTOV1MaandEerder_3,Perioden,ProducentenprijsindexPPI_1
2405,A6,307600,2405,,,1981MM01,76.8
2406,A6,307600,2406,,0.3,1981MM02,77.1
2407,A6,307600,2407,,0.9,1981MM03,77.8
2408,A6,307600,2408,,0.7,1981MM04,78.3
2409,A6,307600,2409,,1.4,1981MM05,79.3
2410,A6,307600,2410,,1.1,1981MM06,80.2
2411,A6,307600,2411,,1.2,1981MM07,81.2
2412,A6,307600,2412,,1.0,1981MM08,82.0
2413,A6,307600,2413,,1.0,1981MM09,82.9
2414,A6,307600,2414,,-0.3,1981MM10,82.6
2415,A6,307600,2415,,0.1,1981MM11,82.7
2416,A6,307600,2416,,0.0,1981MM12,82.7
2418,A6,307600,2418,8.1,0.4,1982MM01,83.1
2419,A6,307600,2419,7.9,0.1,1982MM02,83.2
2420,A6,307600,2420,7.0,0.0,1982MM03,83.2
2421,A6,307600,2421,6.4,0.1,1982MM04,83.3
2422,A6,307600,2422,5.4,0.4,1982MM05,83.6
2423,A6,307600,2423,4.6,0.3,1982MM06,83.9
2424,A6,307600,2424,3.0,-0.3,1982MM07,83.7
2425,A6,307600,2425,1.9,0.0,1982MM08,83.6
2426,A6,307600,2426,0.6,-0.3,1982MM09,83.4
2427,A6,307600,2427,0.8,-0.1,1982MM10,83.3
2428,A6,307600,2428,0.5,-0.1,1982MM11,83.2
2429,A6,307600,2429,0.7,0.2,1982MM12,83.3
2431,A6,307600,2431,-0.5,-0.8,1983MM01,82.6
2432,A6,307600,2432,-1.0,-0.4,1983MM02,82.3
2433,A6,307600,2433,-1.2,-0.2,1983MM03,82.2
2434,A6,307600,2434,-1.4,-0.1,1983MM04,82.1
2435,A6,307600,2435,-1.5,0.3,1983MM05,82.4
2436,A6,307600,2436,-1.2,0.6,1983MM06,82.9
2437,A6,307600,2437,-0.4,0.5,1983MM07,83.3
2438,A6,307600,2438,1.7,2.1,1983MM08,85.0
2439,A6,307600,2439,4.4,2.4,1983MM09,87.1
2440,A6,307600,2440,4.8,0.2,1983MM10,87.3
2441,A6,307600,2441,5.6,0.6,1983MM11,87.8
2442,A6,307600,2442,6.3,0.8,1983MM12,88.6
2444,A6,307600,2444,8.1,0.9,1984MM01,89.3
2445,A6,307600,2445,9.4,0.8,1984MM02,90.1
2446,A6,307600,2446,9.6,-0.1,1984MM03,90.0
2447,A6,307600,2447,10.0,0.3,1984MM04,90.3
2448,A6,307600,2448,10.2,0.5,1984MM05,90.8
2449,A6,307600,2449,10.5,0.9,1984MM06,91.6
2450,A6,307600,2450,9.6,-0.4,1984MM07,91.3
2451,A6,307600,2451,6.6,-0.7,1984MM08,90.7
2452,A6,307600,2452,3.9,-0.2,1984MM09,90.5
2453,A6,307600,2453,3.0,-0.6,1984MM10,89.9
2454,A6,307600,2454,2.3,-0.1,1984MM11,89.8
2455,A6,307600,2455,1.3,-0.2,1984MM12,89.7
2457,A6,307600,2457,0.4,0.0,1985MM01,89.7
2458,A6,307600,2458,-0.3,0.1,1985MM02,89.8
2459,A6,307600,2459,0.0,0.2,1985MM03,90.0
2460,A6,307600,2460,-0.4,0.0,1985MM04,90.0
2461,A6,307600,2461,-1.2,-0.4,1985MM05,89.7
2462,A6,307600,2462,-2.4,-0.2,1985MM06,89.5
2463,A6,307600,2463,-2.6,-0.6,1985MM07,88.9
2464,A6,307600,2464,-2.9,-1.0,1985MM08,88.0
2465,A6,307600,2465,-3.5,-0.8,1985MM09,87.3
2466,A6,307600,2466,-4.0,-1.1,1985MM10,86.3
2467,A6,307600,2467,-4.4,-0.5,1985MM11,85.9
2468,A6,307600,2468,-4.5,-0.3,1985MM12,85.6
2470,A6,307600,2470,-5.0,-0.5,1986MM01,85.2
2471,A6,307600,2471,-6.3,-1.1,1986MM02,84.2
2472,A6,307600,2472,-6.9,-0.5,1986MM03,83.8
2473,A6,307600,2473,-7.4,-0.5,1986MM04,83.4
2474,A6,307600,2474,-7.8,-0.8,1986MM05,82.7
2475,A6,307600,2475,-8.1,-0.6,1986MM06,82.2
2476,A6,307600,2476,-8.3,-0.9,1986MM07,81.5
2477,A6,307600,2477,-8.0,-0.6,1986MM08,81.0
2478,A6,307600,2478,-7.8,-0.6,1986MM09,80.5
2479,A6,307600,2479,-7.3,-0.6,1986MM10,80.0
2480,A6,307600,2480,-7.4,-0.5,1986MM11,79.6
2481,A6,307600,2481,-7.5,-0.5,1986MM12,79.2
2483,A6,307600,2483,-7.8,-0.8,1987MM01,78.6
2484,A6,307600,2484,-7.5,-0.9,1987MM02,77.9
2485,A6,307600,2485,-7.5,-0.5,1987MM03,77.5
2486,A6,307600,2486,-7.7,-0.7,1987MM04,77.0
2487,A6,307600,2487,-7.4,-0.5,1987MM05,76.6
2488,A6,307600,2488,-6.8,0.0,1987MM06,76.6
2489,A6,307600,2489,-6.9,-0.9,1987MM07,75.9
2490,A6,307600,2490,-6.4,-0.1,1987MM08,75.8
2491,A6,307600,2491,-5.4,0.4,1987MM09,76.1
2492,A6,307600,2492,-4.8,0.0,1987MM10,76.1
2493,A6,307600,2493,-4.2,0.2,1987MM11,76.2
2494,A6,307600,2494,-3.4,0.3,1987MM12,76.5
2496,A6,307600,2496,-2.5,0.2,1988MM01,76.6
2497,A6,307600,2497,-1.8,-0.2,1988MM02,76.5
2498,A6,307600,2498,-1.3,0.0,1988MM03,76.5
2499,A6,307600,2499,-0.9,-0.3,1988MM04,76.3
2500,A6,307600,2500,0.0,0.4,1988MM05,76.6
2501,A6,307600,2501,1.4,1.4,1988MM06,77.6
2502,A6,307600,2502,3.2,0.9,1988MM07,78.3
2503,A6,307600,2503,4.1,0.8,1988MM08,78.9
2504,A6,307600,2504,4.5,0.8,1988MM09,79.5
2505,A6,307600,2505,4.7,0.2,1988MM10,79.7
2506,A6,307600,2506,5.2,0.7,1988MM11,80.2
2507,A6,307600,2507,5.8,0.8,1988MM12,80.9
2509,A6,307600,2509,6.0,0.4,1989MM01,81.2
2510,A6,307600,2510,6.3,0.1,1989MM02,81.3
2511,A6,307600,2511,6.4,0.1,1989MM03,81.4
2512,A6,307600,2512,6.6,0.0,1989MM04,81.4
2513,A6,307600,2513,6.8,0.5,1989MM05,81.8
2514,A6,307600,2514,6.2,0.8,1989MM06,82.5
2515,A6,307600,2515,5.0,-0.3,1989MM07,82.2
2516,A6,307600,2516,5.0,0.7,1989MM08,82.8
2517,A6,307600,2517,4.0,-0.2,1989MM09,82.7
2518,A6,307600,2518,3.0,-0.8,1989MM10,82.1
2519,A6,307600,2519,1.0,-1.2,1989MM11,81.0
2520,A6,307600,2520,-1.1,-1.3,1989MM12,80.0
2522,A6,307600,2522,-3.5,-2.0,1990MM01,78.4
2523,A6,307600,2523,-3.5,0.1,1990MM02,78.5
2524,A6,307600,2524,-4.2,-0.7,1990MM03,77.9
2525,A6,307600,2525,-4.3,0.0,1990MM04,77.9
2526,A6,307600,2526,-4.9,-0.1,1990MM05,77.8
2527,A6,307600,2527,-5.6,0.0,1990MM06,77.8
2528,A6,307600,2528,-5.8,-0.5,1990MM07,77.4
2529,A6,307600,2529,-7.4,-0.9,1990MM08,76.7
2530,A6,307600,2530,-8.0,-0.9,1990MM09,76.0
2531,A6,307600,2531,-7.6,-0.2,1990MM10,75.9
2532,A6,307600,2532,-6.9,-0.5,1990MM11,75.5
2533,A6,307600,2533,-6.1,-0.5,1990MM12,75.1
2535,A6,307600,2535,-3.7,0.6,1991MM01,75.5
2536,A6,307600,2536,-2.8,1.0,1991MM02,76.3
2537,A6,307600,2537,-2.0,0.1,1991MM03,76.3
2538,A6,307600,2538,-1.7,0.3,1991MM04,76.6
2539,A6,307600,2539,-0.7,0.9,1991MM05,77.3
2540,A6,307600,2540,-0.2,0.6,1991MM06,77.7
2541,A6,307600,2541,0.2,-0.1,1991MM07,77.6
2542,A6,307600,2542,1.8,0.6,1991MM08,78.1
2543,A6,307600,2543,3.5,0.7,1991MM09,78.7
2544,A6,307600,2544,4.4,0.7,1991MM10,79.2
2545,A6,307600,2545,5.3,0.4,1991MM11,79.5
2546,A6,307600,2546,5.9,0.0,1991MM12,79.5
2548,A6,307600,2548,5.6,0.3,1992MM01,79.7
2549,A6,307600,2549,4.4,-0.1,1992MM02,79.6
2550,A6,307600,2550,4.4,0.1,1992MM03,79.7
2551,A6,307600,2551,4.1,0.0,1992MM04,79.7
2552,A6,307600,2552,3.1,-0.1,1992MM05,79.7
2553,A6,307600,2553,2.1,-0.4,1992MM06,79.4
2554,A6,307600,2554,1.5,-0.8,1992MM07,78.8
2555,A6,307600,2555,0.5,-0.3,1992MM08,78.5
2556,A6,307600,2556,-0.7,-0.5,1992MM09,78.1
2557,A6,307600,2557,-1.9,-0.5,1992MM10,77.7
2558,A6,307600,2558,-2.6,-0.3,1992MM11,77.5
2559,A6,307600,2559,-3.8,-1.2,1992MM12,76.5
2561,A6,307600,2561,-4.4,-0.5,1993MM01,76.2
2562,A6,307600,2562,-4.6,-0.3,1993MM02,76.0
2563,A6,307600,2563,-4.4,0.3,1993MM03,76.2
2564,A6,307600,2564,-4.9,-0.5,1993MM04,75.8
2565,A6,307600,2565,-4.4,0.5,1993MM05,76.2
2566,A6,307600,2566,-3.8,0.2,1993MM06,76.3
2567,A6,307600,2567,-3.1,0.0,1993MM07,76.3
2568,A6,307600,2568,-2.8,0.0,1993MM08,76.3
2569,A6,307600,2569,-2.6,-0.3,1993MM09,76.0
2570,A6,307600,2570,-2.4,-0.4,1993MM10,75.8
2571,A6,307600,2571,-1.2,1.0,1993MM11,76.5
2572,A6,307600,2572,0.2,0.2,1993MM12,76.7
2574,A6,307600,2574,0.8,0.2,1994MM01,76.8
2575,A6,307600,2575,1.1,0.1,1994MM02,76.9
2576,A6,307600,2576,0.5,-0.3,1994MM03,76.6
2577,A6,307600,2577,1.3,0.2,1994MM04,76.8
2578,A6,307600,2578,1.8,1.0,1994MM05,77.5
2579,A6,307600,2579,1.1,-0.5,1994MM06,77.1
2580,A6,307600,2580,0.5,-0.6,1994MM07,76.7
2581,A6,307600,2581,1.3,0.8,1994MM08,77.3
2582,A6,307600,2582,2.3,0.7,1994MM09,77.8
2583,A6,307600,2583,2.9,0.2,1994MM10,78.0
2584,A6,307600,2584,2.4,0.5,1994MM11,78.4
2585,A6,307600,2585,1.9,-0.3,1994MM12,78.2
2587,A6,307600,2587,2.2,0.4,1995MM01,78.5
2588,A6,307600,2588,2.6,0.5,1995MM02,78.9
2589,A6,307600,2589,2.2,-0.7,1995MM03,78.3
2590,A6,307600,2590,1.4,-0.6,1995MM04,77.8
2591,A6,307600,2591,0.0,-0.4,1995MM05,77.5
2592,A6,307600,2592,0.8,0.3,1995MM06,77.8
2593,A6,307600,2593,0.8,-0.6,1995MM07,77.3
2594,A6,307600,2594,0.8,0.8,1995MM08,77.9
2595,A6,307600,2595,0.4,0.3,1995MM09,78.2
2596,A6,307600,2596,0.1,-0.1,1995MM10,78.0
2597,A6,307600,2597,-0.2,0.2,1995MM11,78.2
2598,A6,307600,2598,0.2,0.2,1995MM12,78.3
2600,A6,307600,2600,0.0,0.2,1996MM01,78.5
2601,A6,307600,2601,-0.3,0.1,1996MM02,78.6
2602,A6,307600,2602,0.5,0.1,1996MM03,78.7
2603,A6,307600,2603,1.9,0.8,1996MM04,79.3
2604,A6,307600,2604,3.4,1.0,1996MM05,80.1
2605,A6,307600,2605,3.3,0.2,1996MM06,80.3
2606,A6,307600,2606,3.9,0.0,1996MM07,80.3
2607,A6,307600,2607,3.2,0.1,1996MM08,80.4
2608,A6,307600,2608,2.8,0.0,1996MM09,80.4
2609,A6,307600,2609,2.0,-1.0,1996MM10,79.6
2610,A6,307600,2610,0.6,-1.1,1996MM11,78.7
2611,A6,307600,2611,0.8,0.4,1996MM12,79.0
2613,A6,307600,2613,0.6,0.0,1997MM01,79.0
2614,A6,307600,2614,1.1,0.6,1997MM02,79.5
2615,A6,307600,2615,2.5,1.5,1997MM03,80.6
2616,A6,307600,2616,4.1,2.4,1997MM04,82.5
2617,A6,307600,2617,5.1,2.0,1997MM05,84.2
2618,A6,307600,2618,3.2,-1.6,1997MM06,82.9
2619,A6,307600,2619,3.3,0.1,1997MM07,83.0
2620,A6,307600,2620,5.2,2.0,1997MM08,84.6
2621,A6,307600,2621,5.8,0.5,1997MM09,85.1
2622,A6,307600,2622,6.3,-0.6,1997MM10,84.6
2623,A6,307600,2623,7.2,-0.3,1997MM11,84.3
2624,A6,307600,2624,6.4,-0.3,1997MM12,84.1
2626,A6,307600,2626,6.3,-0.1,1998MM01,84.0
2627,A6,307600,2627,5.3,-0.4,1998MM02,83.7
2628,A6,307600,2628,3.5,-0.2,1998MM03,83.5
2629,A6,307600,2629,0.4,-0.7,1998MM04,82.9
2630,A6,307600,2630,-2.5,-0.9,1998MM05,82.1
2631,A6,307600,2631,-1.3,-0.4,1998MM06,81.8
2632,A6,307600,2632,-2.1,-0.7,1998MM07,81.3
2633,A6,307600,2633,-4.7,-0.7,1998MM08,80.7
2634,A6,307600,2634,-5.7,-0.5,1998MM09,80.2
2635,A6,307600,2635,-6.1,-1.1,1998MM10,79.4
2636,A6,307600,2636,-6.3,-0.5,1998MM11,79.0
2637,A6,307600,2637,-5.3,0.8,1998MM12,79.6
2639,A6,307600,2639,-5.9,-0.8,1999MM01,79.0
2640,A6,307600,2640,-5.9,-0.5,1999MM02,78.7
2641,A6,307600,2641,-5.7,0.0,1999MM03,78.7
2642,A6,307600,2642,-6.5,-1.5,1999MM04,77.5
2643,A6,307600,2643,-5.6,0.0,1999MM05,77.5
2644,A6,307600,2644,-4.5,0.8,1999MM06,78.1
2645,A6,307600,2645,-4.2,-0.4,1999MM07,77.8
2646,A6,307600,2646,-3.3,0.2,1999MM08,78.0
2647,A6,307600,2647,-2.2,0.6,1999MM09,78.5
2648,A6,307600,2648,-1.5,-0.4,1999MM10,78.2
2649,A6,307600,2649,-0.8,0.3,1999MM11,78.4
2650,A6,307600,2650,-0.8,0.8,1999MM12,79.0
2652,A6,307600,2652,-0.5,-0.5,2000MM01,78.7
2653,A6,307600,2653,0.8,0.9,2000MM02,79.3
2654,A6,307600,2654,1.2,0.3,2000MM03,79.6
2655,A6,307600,2655,2.8,0.1,2000MM04,79.7
2656,A6,307600,2656,3.5,0.7,2000MM05,80.2
2657,A6,307600,2657,2.9,0.2,2000MM06,80.4
2658,A6,307600,2658,3.6,0.3,2000MM07,80.6
2659,A6,307600,2659,4.0,0.6,2000MM08,81.1
2660,A6,307600,2660,4.3,0.9,2000MM09,81.8
2661,A6,307600,2661,6.3,1.5,2000MM10,83.1
2662,A6,307600,2662,6.8,0.8,2000MM11,83.7
2663,A6,307600,2663,6.2,0.2,2000MM12,83.9
2665,A6,307600,2665,6.4,-0.3,2001MM01,83.7
2666,A6,307600,2666,6.0,0.5,2001MM02,84.1
2667,A6,307600,2667,6.1,0.5,2001MM03,84.5
2668,A6,307600,2668,6.1,0.1,2001MM04,84.5
2669,A6,307600,2669,4.6,-0.8,2001MM05,83.9
2670,A6,307600,2670,4.7,0.3,2001MM06,84.1
2671,A6,307600,2671,4.9,0.5,2001MM07,84.6
2672,A6,307600,2672,4.3,0.0,2001MM08,84.6
2673,A6,307600,2673,3.4,0.0,2001MM09,84.6
2674,A6,307600,2674,2.5,0.6,2001MM10,85.1
2675,A6,307600,2675,1.7,0.0,2001MM11,85.2
2676,A6,307600,2676,0.5,-0.9,2001MM12,84.4
2678,A6,307600,2678,0.7,-0.1,2002MM01,84.3
2679,A6,307600,2679,0.1,-0.1,2002MM02,84.2
2680,A6,307600,2680,-0.2,0.1,2002MM03,84.3
2681,A6,307600,2681,-0.5,-0.2,2002MM04,84.1
2682,A6,307600,2682,-0.4,-0.6,2002MM05,83.6
2683,A6,307600,2683,-1.5,-0.9,2002MM06,82.8
2684,A6,307600,2684,-1.8,0.3,2002MM07,83.0
2685,A6,307600,2685,-0.6,1.2,2002MM08,84.1
2686,A6,307600,2686,0.5,1.2,2002MM09,85.1
2687,A6,307600,2687,0.1,0.2,2002MM10,85.2
2688,A6,307600,2688,-0.4,-0.4,2002MM11,84.9
2689,A6,307600,2689,1.3,0.8,2002MM12,85.5
2691,A6,307600,2691,0.6,-0.9,2003MM01,84.7
2692,A6,307600,2692,0.7,0.0,2003MM02,84.7
2693,A6,307600,2693,-0.9,-1.4,2003MM03,83.5
2694,A6,307600,2694,-0.7,0.0,2003MM04,83.5
2695,A6,307600,2695,-0.9,-0.8,2003MM05,82.8
2696,A6,307600,2696,-0.2,-0.2,2003MM06,82.6
2697,A6,307600,2697,-0.4,0.1,2003MM07,82.7
2698,A6,307600,2698,-1.2,0.4,2003MM08,83.1
2699,A6,307600,2699,-0.6,1.8,2003MM09,84.6
2700,A6,307600,2700,-0.6,0.2,2003MM10,84.7
2701,A6,307600,2701,1.2,1.4,2003MM11,85.9
2702,A6,307600,2702,-1.2,-1.6,2003MM12,84.5
2704,A6,307600,2704,-0.2,0.1,2004MM01,84.6
2705,A6,307600,2705,1.0,1.2,2004MM02,85.6
2706,A6,307600,2706,3.1,0.6,2004MM03,86.1
2707,A6,307600,2707,3.2,0.1,2004MM04,86.2
2708,A6,307600,2708,3.0,-1.0,2004MM05,85.3
2709,A6,307600,2709,3.3,0.0,2004MM06,85.3
2710,A6,307600,2710,2.5,-0.6,2004MM07,84.8
2711,A6,307600,2711,2.7,0.6,2004MM08,85.3
2712,A6,307600,2712,1.4,0.6,2004MM09,85.8
2713,A6,307600,2713,0.1,-1.1,2004MM10,84.8
2714,A6,307600,2714,-0.8,0.5,2004MM11,85.2
2715,A6,307600,2715,0.6,-0.2,2004MM12,85.0
2717,A6,307600,2717,0.7,-0.3,2005MM01,84.1
2718,A6,307600,2718,0.8,-0.4,2005MM02,83.8
2719,A6,307600,2719,0.9,-0.2,2005MM03,83.7
2720,A6,307600,2720,1.0,-0.6,2005MM04,83.2
2721,A6,307600,2721,1.1,0.3,2005MM05,83.5
2722,A6,307600,2722,1.2,0.7,2005MM06,84.1
2723,A6,307600,2723,1.3,0.1,2005MM07,84.2
2724,A6,307600,2724,1.4,0.1,2005MM08,84.2
2725,A6,307600,2725,1.5,0.6,2005MM09,84.8
2726,A6,307600,2726,1.6,0.4,2005MM10,85.1
2727,A6,307600,2727,1.7,0.2,2005MM11,85.3
2728,A6,307600,2728,1.8,0.4,2005MM12,85.6
2730,A6,307600,2730,1.9,0.1,2006MM01,85.7
2731,A6,307600,2731,2.5,0.2,2006MM02,85.9
2732,A6,307600,2732,2.8,0.1,2006MM03,86.0
2733,A6,307600,2733,3.2,-0.2,2006MM04,85.8
2734,A6,307600,2734,2.4,-0.5,2006MM05,85.4
2735,A6,307600,2735,1.4,-0.2,2006MM06,85.2
2736,A6,307600,2736,1.1,-0.1,2006MM07,85.1
2737,A6,307600,2737,1.6,0.6,2006MM08,85.6
2738,A6,307600,2738,1.9,0.9,2006MM09,86.4
2739,A6,307600,2739,2.8,1.3,2006MM10,87.5
2740,A6,307600,2740,2.9,0.3,2006MM11,87.7
2741,A6,307600,2741,3.7,1.3,2006MM12,88.8
2743,A6,307600,2743,4.7,1.0,2007MM01,89.7
2744,A6,307600,2744,5.1,0.7,2007MM02,90.3
2745,A6,307600,2745,5.7,0.7,2007MM03,90.9
2746,A6,307600,2746,8.1,2.0,2007MM04,92.8
2747,A6,307600,2747,9.5,0.9,2007MM05,93.5
2748,A6,307600,2748,10.2,0.4,2007MM06,93.9
2749,A6,307600,2749,12.7,2.2,2007MM07,96.0
2750,A6,307600,2750,13.6,1.3,2007MM08,97.3
2751,A6,307600,2751,14.8,1.9,2007MM09,99.1
2752,A6,307600,2752,14.5,1.1,2007MM10,100.2
2753,A6,307600,2753,14.9,0.6,2007MM11,100.8
2754,A6,307600,2754,13.8,0.3,2007MM12,101.1
2756,A6,307600,2756,13.1,0.4,2008MM01,101.5
2757,A6,307600,2757,13.2,0.7,2008MM02,102.2
2758,A6,307600,2758,11.9,-0.4,2008MM03,101.8
2759,A6,307600,2759,9.9,0.2,2008MM04,101.9
2760,A6,307600,2760,9.5,0.4,2008MM05,102.4
2761,A6,307600,2761,10.0,0.8,2008MM06,103.3
2762,A6,307600,2762,6.9,-0.7,2008MM07,102.6
2763,A6,307600,2763,5.3,-0.1,2008MM08,102.4
2764,A6,307600,2764,2.9,-0.5,2008MM09,101.9
2765,A6,307600,2765,0.5,-1.2,2008MM10,100.7
2766,A6,307600,2766,-1.9,-1.8,2008MM11,98.9
2767,A6,307600,2767,-3.0,-0.9,2008MM12,98.0
2769,A6,307600,2769,-4.1,-0.7,2009MM01,97.3
2770,A6,307600,2770,-5.2,-0.4,2009MM02,96.9
2771,A6,307600,2771,-5.4,-0.7,2009MM03,96.2
2772,A6,307600,2772,-6.7,-1.2,2009MM04,95.1
2773,A6,307600,2773,-7.3,-0.2,2009MM05,94.9
2774,A6,307600,2774,-8.2,-0.1,2009MM06,94.8
2775,A6,307600,2775,-7.5,0.0,2009MM07,94.9
2776,A6,307600,2776,-7.3,0.1,2009MM08,94.9
2777,A6,307600,2777,-6.9,0.0,2009MM09,95.0
2778,A6,307600,2778,-5.6,0.0,2009MM10,95.0
2779,A6,307600,2779,-3.4,0.6,2009MM11,95.6
2780,A6,307600,2780,-1.8,0.7,2009MM12,96.2
2782,A6,307600,2782,-0.6,0.5,2010MM01,96.7
2783,A6,307600,2783,-0.1,0.1,2010MM02,96.8
2784,A6,307600,2784,1.0,0.4,2010MM03,97.2
2785,A6,307600,2785,2.8,0.6,2010MM04,97.8
2786,A6,307600,2786,4.1,1.0,2010MM05,98.8
2787,A6,307600,2787,5.0,0.8,2010MM06,99.6
2788,A6,307600,2788,5.1,0.1,2010MM07,99.7
2789,A6,307600,2789,5.8,0.7,2010MM08,100.4
2790,A6,307600,2790,6.7,0.9,2010MM09,101.3
2791,A6,307600,2791,8.2,1.4,2010MM10,102.8
2792,A6,307600,2792,8.5,0.9,2010MM11,103.7
2793,A6,307600,2793,9.3,1.4,2010MM12,105.2
2795,A6,307600,2795,11.2,2.3,2011MM01,107.5
2796,A6,307600,2796,12.6,1.4,2011MM02,109.0
2797,A6,307600,2797,13.0,0.8,2011MM03,109.8
2798,A6,307600,2798,13.1,0.7,2011MM04,110.5
2799,A6,307600,2799,11.9,0.0,2011MM05,110.5
2800,A6,307600,2800,10.5,-0.4,2011MM06,110.0
2801,A6,307600,2801,10.8,0.4,2011MM07,110.5
2802,A6,307600,2802,9.3,-0.6,2011MM08,109.8
2803,A6,307600,2803,8.5,0.2,2011MM09,110.0
2804,A6,307600,2804,6.9,-0.1,2011MM10,109.9
2805,A6,307600,2805,6.5,0.6,2011MM11,110.5
2806,A6,307600,2806,5.9,0.7,2011MM12,111.3
2808,A6,307600,2808,4.3,0.8,2012MM01,112.2
2809,A6,307600,2809,2.9,0.0,2012MM02,112.2
2810,A6,307600,2810,2.3,0.1,2012MM03,112.4
2811,A6,307600,2811,1.8,0.2,2012MM04,112.5
2812,A6,307600,2812,2.1,0.3,2012MM05,112.9
2813,A6,307600,2813,3.1,0.5,2012MM06,113.4
2814,A6,307600,2814,3.8,1.1,2012MM07,114.7
2815,A6,307600,2815,5.7,1.1,2012MM08,116.0
2816,A6,307600,2816,6.2,0.7,2012MM09,116.8
2817,A6,307600,2817,7.1,0.7,2012MM10,117.7
2818,A6,307600,2818,7.0,0.4,2012MM11,118.2
2819,A6,307600,2819,5.9,-0.3,2012MM12,117.9
2821,A6,307600,2821,4.8,-0.3,2013MM01,117.5
2822,A6,307600,2822,4.2,-0.5,2013MM02,116.9
2823,A6,307600,2823,3.8,-0.3,2013MM03,116.6
2824,A6,307600,2824,3.5,-0.1,2013MM04,116.5
2825,A6,307600,2825,3.2,0.0,2013MM05,116.5
2826,A6,307600,2826,2.5,-0.1,2013MM06,116.3
2827,A6,307600,2827,1.6,0.2,2013MM07,116.5
2828,A6,307600,2828,0.5,0.0,2013MM08,116.5
2829,A6,307600,2829,-0.1,0.1,2013MM09,116.7
2830,A6,307600,2830,-1.5,-0.6,2013MM10,116.0
2831,A6,307600,2831,-1.4,0.5,2013MM11,116.5
2832,A6,307600,2832,-0.8,0.3,2013MM12,116.9
2834,A6,307600,2834,-0.4,0.2,2014MM01,117.1
2835,A6,307600,2835,0.2,0.0,2014MM02,117.1
2836,A6,307600,2836,0.0,-0.4,2014MM03,116.7
2837,A6,307600,2837,0.3,0.2,2014MM04,116.9
2838,A6,307600,2838,-0.3,-0.6,2014MM05,116.2
2839,A6,307600,2839,-0.3,-0.2,2014MM06,115.9
2840,A6,307600,2840,-0.7,-0.2,2014MM07,115.7
2841,A6,307600,2841,-1.4,-0.7,2014MM08,114.9
2842,A6,307600,2842,-2.0,-0.4,2014MM09,114.4
2843,A6,307600,2843,-2.5,-1.2,2014MM10,113.1
2844,A6,307600,2844,-3.7,-0.7,2014MM11,112.2
2845,A6,307600,2845,-4.2,-0.2,2014MM12,112.0
2847,A6,307600,2847,-4.5,-0.2,2015MM01,111.8
2848,A6,307600,2848,-4.7,-0.2,2015MM02,111.6
2849,A6,307600,2849,-3.9,0.5,2015MM03,112.1
2850,A6,307600,2850,-4.1,0.0,2015MM04,112.1
2851,A6,307600,2851,-4.1,-0.6,2015MM05,111.5
2852,A6,307600,2852,-3.9,0.0,2015MM06,111.4
2853,A6,307600,2853,-4.3,-0.6,2015MM07,110.7
2854,A6,307600,2854,-4.6,-1.0,2015MM08,109.6
2855,A6,307600,2855,-4.0,0.2,2015MM09,109.8
2856,A6,307600,2856,-2.9,0.0,2015MM10,109.8
2857,A6,307600,2857,-0.8,1.4,2015MM11,111.3
2858,A6,307600,2858,-1.2,-0.6,2015MM12,110.7
2860,A6,307600,2860,-1.9,-0.9,2016MM01,109.7
2861,A6,307600,2861,-2.3,-0.6,2016MM02,109.0
2862,A6,307600,2862,-2.2,0.6,2016MM03,109.7
2863,A6,307600,2863,-3.0,-0.9,2016MM04,108.7
2864,A6,307600,2864,-1.9,0.6,2016MM05,109.3
2865,A6,307600,2865,-0.2,1.7,2016MM06,111.2
2866,A6,307600,2866,1.1,0.7,2016MM07,112.0
2867,A6,307600,2867,2.6,0.4,2016MM08,112.5
2868,A6,307600,2868,3.4,1.0,2016MM09,113.6
2869,A6,307600,2869,4.5,1.1,2016MM10,114.8
2870,A6,307600,2870,3.8,0.7,2016MM11,115.6
2871,A6,307600,2871,4.8,0.3,2016MM12,115.9
2873,A6,307600,2873,6.4,0.7,2017MM01,116.7
2874,A6,307600,2874,7.5,0.4,2017MM02,117.2
2875,A6,307600,2875,6.8,0.0,2017MM03,117.1
2876,A6,307600,2876,7.7,0.0,2017MM04,117.1
2877,A6,307600,2877,7.3,0.2,2017MM05,117.3
2878,A6,307600,2878,5.0,-0.5,2017MM06,116.8
2879,A6,307600,2879,4.0,-0.2,2017MM07,116.5
2880,A6,307600,2880,3.3,-0.3,2017MM08,116.2
2881,A6,307600,2881,2.6,0.3,2017MM09,116.5
2882,A6,307600,2882,1.1,-0.4,2017MM10,116.1
2883,A6,307600,2883,0.1,-0.3,2017MM11,115.7
2884,A6,307600,2884,-0.4,-0.2,2017MM12,115.5
