,Afzet,BedrijfstakkenBranchesSBI2008,ID,OntwikkelingTOV1JaarEerder_2,OntwikkelingTOV1MaandEerder_3,Perioden,ProducentenprijsindexPPI_1
34151,A4,307610,34151,0.103322259136,-0.0989655172414,1981MM01,115.688927336
34152,A4,307610,34152,0.106644518272,-0.0979310344828,1981MM02,115.577854671
34153,A4,307610,34153,0.109966777409,-0.0968965517241,1981MM03,115.466782007
34154,A4,307610,34154,0.113289036545,-0.0958620689655,1981MM04,115.355709343
34155,A4,307610,34155,0.116611295681,-0.0948275862069,1981MM05,115.244636678
34156,A4,307610,34156,0.119933554817,-0.0937931034483,1981MM06,115.133564014
34157,A4,307610,34157,0.123255813953,-0.0927586206897,1981MM07,115.022491349
34158,A4,307610,34158,0.12657807309,-0.091724137931,1981MM08,114.911418685
34159,A4,307610,34159,0.129900332226,-0.0906896551724,1981MM09,114.800346021
34160,A4,307610,34160,0.133222591362,-0.0896551724138,1981MM10,114.689273356
34161,A4,307610,34161,0.136544850498,-0.0886206896552,1981MM11,114.578200692
34162,A4,307610,34162,0.139867109635,-0.0875862068966,1981MM12,114.467128028
34164,A4,307610,34164,0.143189368771,-0.0865517241379,1982MM01,114.356055363
34165,A4,307610,34165,0.146511627907,-0.0855172413793,1982MM02,114.244982699
34166,A4,307610,34166,0.149833887043,-0.0844827586207,1982MM03,114.133910035
34167,A4,307610,34167,0.153156146179,-0.0834482758621,1982MM04,114.02283737
34168,A4,307610,34168,0.156478405316,-0.0824137931034,1982MM05,113.911764706
34169,A4,307610,34169,0.159800664452,-0.0813793103448,1982MM06,113.800692042
34170,A4,307610,34170,0.163122923588,-0.0803448275862,1982MM07,113.689619377
34171,A4,307610,34171,0.166445182724,-0.0793103448276,1982MM08,113.578546713
34172,A4,307610,34172,0.16976744186,-0.078275862069,1982MM09,113.467474048
34173,A4,307610,34173,0.173089700997,-0.0772413793103,1982MM10,113.356401384
34174,A4,307610,34174,0.176411960133,-0.0762068965517,1982MM11,113.24532872
34175,A4,307610,34175,0.179734219269,-0.0751724137931,1982MM12,113.134256055
34177,A4,307610,34177,0.183056478405,-0.0741379310345,1983MM01,113.023183391
34178,A4,307610,34178,0.186378737542,-0.0731034482759,1983MM02,112.912110727
34179,A4,307610,34179,0.189700996678,-0.0720689655172,1983MM03,112.801038062
34180,A4,307610,34180,0.193023255814,-0.0710344827586,1983MM04,112.689965398
34181,A4,307610,34181,0.19634551495,-0.07,1983MM05,112.578892734
34182,A4,307610,34182,0.199667774086,-0.0689655172414,1983MM06,112.467820069
34183,A4,307610,34183,0.202990033223,-0.0679310344828,1983MM07,112.356747405
34184,A4,307610,34184,0.206312292359,-0.0668965517241,1983MM08,112.24567474
34185,A4,307610,34185,0.209634551495,-0.0658620689655,1983MM09,112.134602076
34186,A4,307610,34186,0.212956810631,-0.0648275862069,1983MM10,112.023529412
34187,A4,307610,34187,0.216279069767,-0.0637931034483,1983MM11,111.912456747
34188,A4,307610,34188,0.219601328904,-0.0627586206897,1983MM12,111.801384083
34190,A4,307610,34190,0.22292358804,-0.061724137931,1984MM01,111.690311419
34191,A4,307610,34191,0.226245847176,-0.0606896551724,1984MM02,111.579238754
34192,A4,307610,34192,0.229568106312,-0.0596551724138,1984MM03,111.46816609
34193,A4,307610,34193,0.232890365449,-0.0586206896552,1984MM04,111.357093426
34194,A4,307610,34194,0.236212624585,-0.0575862068966,1984MM05,111.246020761
34195,A4,307610,34195,0.239534883721,-0.0565517241379,1984MM06,111.134948097
34196,A4,307610,34196,0.242857142857,-0.0555172413793,1984MM07,111.023875433
34197,A4,307610,34197,0.246179401993,-0.0544827586207,1984MM08,110.912802768
34198,A4,307610,34198,0.24950166113,-0.0534482758621,1984MM09,110.801730104
34199,A4,307610,34199,0.252823920266,-0.0524137931034,1984MM10,110.690657439
34200,A4,307610,34200,0.256146179402,-0.0513793103448,1984MM11,110.579584775
34201,A4,307610,34201,0.259468438538,-0.0503448275862,1984MM12,110.468512111
34203,A4,307610,34203,0.262790697674,-0.0493103448276,1985MM01,110.357439446
34204,A4,307610,34204,0.266112956811,-0.048275862069,1985MM02,110.246366782
34205,A4,307610,34205,0.269435215947,-0.0472413793103,1985MM03,110.135294118
34206,A4,307610,34206,0.272757475083,-0.0462068965517,1985MM04,110.024221453
34207,A4,307610,34207,0.276079734219,-0.0451724137931,1985MM05,109.913148789
34208,A4,307610,34208,0.279401993355,-0.0441379310345,1985MM06,109.802076125
34209,A4,307610,34209,0.282724252492,-0.0431034482759,1985MM07,109.69100346
34210,A4,307610,34210,0.286046511628,-0.0420689655172,1985MM08,109.579930796
34211,A4,307610,34211,0.289368770764,-0.0410344827586,1985MM09,109.468858131
34212,A4,307610,34212,0.2926910299,-0.04,1985MM10,109.357785467
34213,A4,307610,34213,0.296013289037,-0.0389655172414,1985MM11,109.246712803
34214,A4,307610,34214,0.299335548173,-0.0379310344828,1985MM12,109.135640138
34216,A4,307610,34216,0.302657807309,-0.0368965517241,1986MM01,109.024567474
34217,A4,307610,34217,0.305980066445,-0.0358620689655,1986MM02,108.91349481
34218,A4,307610,34218,0.309302325581,-0.0348275862069,1986MM03,108.802422145
34219,A4,307610,34219,0.312624584718,-0.0337931034483,1986MM04,108.691349481
34220,A4,307610,34220,0.315946843854,-0.0327586206897,1986MM05,108.580276817
34221,A4,307610,34221,0.31926910299,-0.031724137931,1986MM06,108.469204152
34222,A4,307610,34222,0.322591362126,-0.0306896551724,1986MM07,108.358131488
34223,A4,307610,34223,0.325913621262,-0.0296551724138,1986MM08,108.247058824
34224,A4,307610,34224,0.329235880399,-0.0286206896552,1986MM09,108.135986159
34225,A4,307610,34225,0.332558139535,-0.0275862068966,1986MM10,108.024913495
34226,A4,307610,34226,0.335880398671,-0.0265517241379,1986MM11,107.91384083
34227,A4,307610,34227,0.339202657807,-0.0255172413793,1986MM12,107.802768166
34229,A4,307610,34229,0.342524916944,-0.0244827586207,1987MM01,107.691695502
34230,A4,307610,34230,0.34584717608,-0.0234482758621,1987MM02,107.580622837
34231,A4,307610,34231,0.349169435216,-0.0224137931034,1987MM03,107.469550173
34232,A4,307610,34232,0.352491694352,-0.0213793103448,1987MM04,107.358477509
34233,A4,307610,34233,0.355813953488,-0.0203448275862,1987MM05,107.247404844
34234,A4,307610,34234,0.359136212625,-0.0193103448276,1987MM06,107.13633218
34235,A4,307610,34235,0.362458471761,-0.018275862069,1987MM07,107.025259516
34236,A4,307610,34236,0.365780730897,-0.0172413793103,1987MM08,106.914186851
34237,A4,307610,34237,0.369102990033,-0.0162068965517,1987MM09,106.803114187
34238,A4,307610,34238,0.372425249169,-0.0151724137931,1987MM10,106.692041522
34239,A4,307610,34239,0.375747508306,-0.0141379310345,1987MM11,106.580968858
34240,A4,307610,34240,0.379069767442,-0.0131034482759,1987MM12,106.469896194
34242,A4,307610,34242,0.382392026578,-0.0120689655172,1988MM01,106.358823529
34243,A4,307610,34243,0.385714285714,-0.0110344827586,1988MM02,106.247750865
34244,A4,307610,34244,0.38903654485,-0.01,1988MM03,106.136678201
34245,A4,307610,34245,0.392358803987,-0.00896551724138,1988MM04,106.025605536
34246,A4,307610,34246,0.395681063123,-0.00793103448276,1988MM05,105.914532872
34247,A4,307610,34247,0.399003322259,-0.00689655172414,1988MM06,105.803460208
34248,A4,307610,34248,0.402325581395,-0.00586206896552,1988MM07,105.692387543
34249,A4,307610,34249,0.405647840532,-0.0048275862069,1988MM08,105.581314879
34250,A4,307610,34250,0.408970099668,-0.00379310344828,1988MM09,105.470242215
34251,A4,307610,34251,0.412292358804,-0.00275862068966,1988MM10,105.35916955
34252,A4,307610,34252,0.41561461794,-0.00172413793103,1988MM11,105.248096886
34253,A4,307610,34253,0.418936877076,-0.000689655172414,1988MM12,105.137024221
34255,A4,307610,34255,0.422259136213,0.000344827586207,1989MM01,105.025951557
34256,A4,307610,34256,0.425581395349,0.00137931034483,1989MM02,104.914878893
34257,A4,307610,34257,0.428903654485,0.00241379310345,1989MM03,104.803806228
34258,A4,307610,34258,0.432225913621,0.00344827586207,1989MM04,104.692733564
34259,A4,307610,34259,0.435548172757,0.00448275862069,1989MM05,104.5816609
34260,A4,307610,34260,0.438870431894,0.00551724137931,1989MM06,104.470588235
34261,A4,307610,34261,0.44219269103,0.00655172413793,1989MM07,104.359515571
34262,A4,307610,34262,0.445514950166,0.00758620689655,1989MM08,104.248442907
34263,A4,307610,34263,0.448837209302,0.00862068965517,1989MM09,104.137370242
34264,A4,307610,34264,0.452159468439,0.00965517241379,1989MM10,104.026297578
34265,A4,307610,34265,0.455481727575,0.0106896551724,1989MM11,103.915224913
34266,A4,307610,34266,0.458803986711,0.011724137931,1989MM12,103.804152249
34268,A4,307610,34268,0.462126245847,0.0127586206897,1990MM01,103.693079585
34269,A4,307610,34269,0.465448504983,0.0137931034483,1990MM02,103.58200692
34270,A4,307610,34270,0.46877076412,0.0148275862069,1990MM03,103.470934256
34271,A4,307610,34271,0.472093023256,0.0158620689655,1990MM04,103.359861592
34272,A4,307610,34272,0.475415282392,0.0168965517241,1990MM05,103.248788927
34273,A4,307610,34273,0.478737541528,0.0179310344828,1990MM06,103.137716263
34274,A4,307610,34274,0.482059800664,0.0189655172414,1990MM07,103.026643599
34275,A4,307610,34275,0.485382059801,0.02,1990MM08,102.915570934
34276,A4,307610,34276,0.488704318937,0.0210344827586,1990MM09,102.80449827
34277,A4,307610,34277,0.492026578073,0.0220689655172,1990MM10,102.693425606
34278,A4,307610,34278,0.495348837209,0.0231034482759,1990MM11,102.582352941
34279,A4,307610,34279,0.498671096346,0.0241379310345,1990MM12,102.471280277
34281,A4,307610,34281,0.501993355482,0.0251724137931,1991MM01,102.360207612
34282,A4,307610,34282,0.505315614618,0.0262068965517,1991MM02,102.249134948
34283,A4,307610,34283,0.508637873754,0.0272413793103,1991MM03,102.138062284
34284,A4,307610,34284,0.51196013289,0.028275862069,1991MM04,102.026989619
34285,A4,307610,34285,0.515282392027,0.0293103448276,1991MM05,101.915916955
34286,A4,307610,34286,0.518604651163,0.0303448275862,1991MM06,101.804844291
34287,A4,307610,34287,0.521926910299,0.0313793103448,1991MM07,101.693771626
34288,A4,307610,34288,0.525249169435,0.0324137931034,1991MM08,101.582698962
34289,A4,307610,34289,0.528571428571,0.0334482758621,1991MM09,101.471626298
34290,A4,307610,34290,0.531893687708,0.0344827586207,1991MM10,101.360553633
34291,A4,307610,34291,0.535215946844,0.0355172413793,1991MM11,101.249480969
34292,A4,307610,34292,0.53853820598,0.0365517241379,1991MM12,101.138408304
34294,A4,307610,34294,0.541860465116,0.0375862068966,1992MM01,101.02733564
34295,A4,307610,34295,0.545182724252,0.0386206896552,1992MM02,100.916262976
34296,A4,307610,34296,0.548504983389,0.0396551724138,1992MM03,100.805190311
34297,A4,307610,34297,0.551827242525,0.0406896551724,1992MM04,100.694117647
34298,A4,307610,34298,0.555149501661,0.041724137931,1992MM05,100.583044983
34299,A4,307610,34299,0.558471760797,0.0427586206897,1992MM06,100.471972318
34300,A4,307610,34300,0.561794019934,0.0437931034483,1992MM07,100.360899654
34301,A4,307610,34301,0.56511627907,0.0448275862069,1992MM08,100.24982699
34302,A4,307610,34302,0.568438538206,0.0458620689655,1992MM09,100.138754325
34303,A4,307610,34303,0.571760797342,0.0468965517241,1992MM10,100.027681661
34304,A4,307610,34304,0.575083056478,0.0479310344828,1992MM11,99.9166089965
34305,A4,307610,34305,0.578405315615,0.0489655172414,1992MM12,99.8055363322
34307,A4,307610,34307,0.581727574751,0.05,1993MM01,99.6944636678
34308,A4,307610,34308,0.585049833887,0.0510344827586,1993MM02,99.5833910035
34309,A4,307610,34309,0.588372093023,0.0520689655172,1993MM03,99.4723183391
34310,A4,307610,34310,0.591694352159,0.0531034482759,1993MM04,99.3612456747
34311,A4,307610,34311,0.595016611296,0.0541379310345,1993MM05,99.2501730104
34312,A4,307610,34312,0.598338870432,0.0551724137931,1993MM06,99.139100346
34313,A4,307610,34313,0.601661129568,0.0562068965517,1993MM07,99.0280276817
34314,A4,307610,34314,0.604983388704,0.0572413793103,1993MM08,98.9169550173
34315,A4,307610,34315,0.608305647841,0.058275862069,1993MM09,98.8058823529
34316,A4,307610,34316,0.611627906977,0.0593103448276,1993MM10,98.6948096886
34317,A4,307610,34317,0.614950166113,0.0603448275862,1993MM11,98.5837370242
34318,A4,307610,34318,0.618272425249,0.0613793103448,1993MM12,98.4726643599
34320,A4,307610,34320,0.621594684385,0.0624137931034,1994MM01,98.3615916955
34321,A4,307610,34321,0.624916943522,0.0634482758621,1994MM02,98.2505190311
34322,A4,307610,34322,0.628239202658,0.0644827586207,1994MM03,98.1394463668
34323,A4,307610,34323,0.631561461794,0.0655172413793,1994MM04,98.0283737024
34324,A4,307610,34324,0.63488372093,0.0665517241379,1994MM05,97.9173010381
34325,A4,307610,34325,0.638205980066,0.0675862068966,1994MM06,97.8062283737
34326,A4,307610,34326,0.641528239203,0.0686206896552,1994MM07,97.6951557093
34327,A4,307610,34327,0.644850498339,0.0696551724138,1994MM08,97.584083045
34328,A4,307610,34328,0.648172757475,0.0706896551724,1994MM09,97.4730103806
34329,A4,307610,34329,0.651495016611,0.071724137931,1994MM10,97.3619377163
34330,A4,307610,34330,0.654817275748,0.0727586206897,1994MM11,97.2508650519
34331,A4,307610,34331,0.658139534884,0.0737931034483,1994MM12,97.1397923875
34333,A4,307610,34333,0.66146179402,0.0748275862069,1995MM01,97.0287197232
34334,A4,307610,34334,0.664784053156,0.0758620689655,1995MM02,96.9176470588
34335,A4,307610,34335,0.668106312292,0.0768965517241,1995MM03,96.8065743945
34336,A4,307610,34336,0.671428571429,0.0779310344828,1995MM04,96.6955017301
34337,A4,307610,34337,0.674750830565,0.0789655172414,1995MM05,96.5844290657
34338,A4,307610,34338,0.678073089701,0.08,1995MM06,96.4733564014
34339,A4,307610,34339,0.681395348837,0.0810344827586,1995MM07,96.362283737
34340,A4,307610,34340,0.684717607973,0.0820689655172,1995MM08,96.2512110727
34341,A4,307610,34341,0.68803986711,0.0831034482759,1995MM09,96.1401384083
34342,A4,307610,34342,0.691362126246,0.0841379310345,1995MM10,96.0290657439
34343,A4,307610,34343,0.694684385382,0.0851724137931,1995MM11,95.9179930796
34344,A4,307610,34344,0.698006644518,0.0862068965517,1995MM12,95.8069204152
34346,A4,307610,34346,0.701328903654,0.0872413793103,1996MM01,95.6958477509
34347,A4,307610,34347,0.704651162791,0.088275862069,1996MM02,95.5847750865
34348,A4,307610,34348,0.707973421927,0.0893103448276,1996MM03,95.4737024221
34349,A4,307610,34349,0.711295681063,0.0903448275862,1996MM04,95.3626297578
34350,A4,307610,34350,0.714617940199,0.0913793103448,1996MM05,95.2515570934
34351,A4,307610,34351,0.717940199336,0.0924137931034,1996MM06,95.1404844291
34352,A4,307610,34352,0.721262458472,0.0934482758621,1996MM07,95.0294117647
34353,A4,307610,34353,0.724584717608,0.0944827586207,1996MM08,94.9183391003
34354,A4,307610,34354,0.727906976744,0.0955172413793,1996MM09,94.807266436
34355,A4,307610,34355,0.73122923588,0.0965517241379,1996MM10,94.6961937716
34356,A4,307610,34356,0.734551495017,0.0975862068966,1996MM11,94.5851211073
34357,A4,307610,34357,0.737873754153,0.0986206896552,1996MM12,94.4740484429
34359,A4,307610,34359,0.741196013289,0.0996551724138,1997MM01,94.3629757785
34360,A4,307610,34360,0.744518272425,0.100689655172,1997MM02,94.2519031142
34361,A4,307610,34361,0.747840531561,0.101724137931,1997MM03,94.1408304498
34362,A4,307610,34362,0.751162790698,0.10275862069,1997MM04,94.0297577855
34363,A4,307610,34363,0.754485049834,0.103793103448,1997MM05,93.9186851211
34364,A4,307610,34364,0.75780730897,0.104827586207,1997MM06,93.8076124567
34365,A4,307610,34365,0.761129568106,0.105862068966,1997MM07,93.6965397924
34366,A4,307610,34366,0.764451827243,0.106896551724,1997MM08,93.585467128
34367,A4,307610,34367,0.767774086379,0.107931034483,1997MM09,93.4743944637
34368,A4,307610,34368,0.771096345515,0.108965517241,1997MM10,93.3633217993
34369,A4,307610,34369,0.774418604651,0.11,1997MM11,93.2522491349
34370,A4,307610,34370,0.777740863787,0.111034482759,1997MM12,93.1411764706
34372,A4,307610,34372,0.781063122924,0.112068965517,1998MM01,93.0301038062
34373,A4,307610,34373,0.78438538206,0.113103448276,1998MM02,92.9190311419
34374,A4,307610,34374,0.787707641196,0.114137931034,1998MM03,92.8079584775
34375,A4,307610,34375,0.791029900332,0.115172413793,1998MM04,92.6968858131
34376,A4,307610,34376,0.794352159468,0.116206896552,1998MM05,92.5858131488
34377,A4,307610,34377,0.797674418605,0.11724137931,1998MM06,92.4747404844
34378,A4,307610,34378,0.800996677741,0.118275862069,1998MM07,92.3636678201
34379,A4,307610,34379,0.804318936877,0.119310344828,1998MM08,92.2525951557
34380,A4,307610,34380,0.807641196013,0.120344827586,1998MM09,92.1415224913
34381,A4,307610,34381,0.81096345515,0.121379310345,1998MM10,92.030449827
34382,A4,307610,34382,0.814285714286,0.122413793103,1998MM11,91.9193771626
34383,A4,307610,34383,0.817607973422,0.123448275862,1998MM12,91.8083044983
34385,A4,307610,34385,0.820930232558,0.124482758621,1999MM01,91.6972318339
34386,A4,307610,34386,0.824252491694,0.125517241379,1999MM02,91.5861591696
34387,A4,307610,34387,0.827574750831,0.126551724138,1999MM03,91.4750865052
34388,A4,307610,34388,0.830897009967,0.127586206897,1999MM04,91.3640138408
34389,A4,307610,34389,0.834219269103,0.128620689655,1999MM05,91.2529411765
34390,A4,307610,34390,0.837541528239,0.129655172414,1999MM06,91.1418685121
34391,A4,307610,34391,0.840863787375,0.130689655172,1999MM07,91.0307958478
34392,A4,307610,34392,0.844186046512,0.131724137931,1999MM08,90.9197231834
34393,A4,307610,34393,0.847508305648,0.13275862069,1999MM09,90.808650519
34394,A4,307610,34394,0.850830564784,0.133793103448,1999MM10,90.6975778547
34395,A4,307610,34395,0.85415282392,0.134827586207,1999MM11,90.5865051903
34396,A4,307610,34396,0.857475083056,0.135862068966,1999MM12,90.475432526
34398,A4,307610,34398,0.860797342193,0.136896551724,2000MM01,90.3643598616
34399,A4,307610,34399,0.864119601329,0.137931034483,2000MM02,90.2532871972
34400,A4,307610,34400,0.867441860465,0.138965517241,2000MM03,90.1422145329
34401,A4,307610,34401,0.870764119601,0.14,2000MM04,90.0311418685
34402,A4,307610,34402,0.874086378738,0.141034482759,2000MM05,89.9200692042
34403,A4,307610,34403,0.877408637874,0.142068965517,2000MM06,89.8089965398
34404,A4,307610,34404,0.88073089701,0.143103448276,2000MM07,89.6979238754
34405,A4,307610,34405,0.884053156146,0.144137931034,2000MM08,89.5868512111
34406,A4,307610,34406,0.887375415282,0.145172413793,2000MM09,89.4757785467
34407,A4,307610,34407,0.890697674419,0.146206896552,2000MM10,89.3647058824
34408,A4,307610,34408,0.894019933555,0.14724137931,2000MM11,89.253633218
34409,A4,307610,34409,0.897342192691,0.148275862069,2000MM12,89.1425605536
34411,A4,307610,34411,0.900664451827,0.149310344828,2001MM01,89.0314878893
34412,A4,307610,34412,0.903986710963,0.150344827586,2001MM02,88.9204152249
34413,A4,307610,34413,0.9073089701,0.151379310345,2001MM03,88.8093425606
34414,A4,307610,34414,0.910631229236,0.152413793103,2001MM04,88.6982698962
34415,A4,307610,34415,0.913953488372,0.153448275862,2001MM05,88.5871972318
34416,A4,307610,34416,0.917275747508,0.154482758621,2001MM06,88.4761245675
34417,A4,307610,34417,0.920598006645,0.155517241379,2001MM07,88.3650519031
34418,A4,307610,34418,0.923920265781,0.156551724138,2001MM08,88.2539792388
34419,A4,307610,34419,0.927242524917,0.157586206897,2001MM09,88.1429065744
34420,A4,307610,34420,0.930564784053,0.158620689655,2001MM10,88.03183391
34421,A4,307610,34421,0.933887043189,0.159655172414,2001MM11,87.9207612457
34422,A4,307610,34422,0.937209302326,0.160689655172,2001MM12,87.8096885813
34424,A4,307610,34424,0.940531561462,0.161724137931,2002MM01,87.698615917
34425,A4,307610,34425,0.943853820598,0.16275862069,2002MM02,87.5875432526
34426,A4,307610,34426,0.947176079734,0.163793103448,2002MM03,87.4764705882
34427,A4,307610,34427,0.95049833887,0.164827586207,2002MM04,87.3653979239
34428,A4,307610,34428,0.953820598007,0.165862068966,2002MM05,87.2543252595
34429,A4,307610,34429,0.957142857143,0.166896551724,2002MM06,87.1432525952
34430,A4,307610,34430,0.960465116279,0.167931034483,2002MM07,87.0321799308
34431,A4,307610,34431,0.963787375415,0.168965517241,2002MM08,86.9211072664
34432,A4,307610,34432,0.967109634551,0.17,2002MM09,86.8100346021
34433,A4,307610,34433,0.970431893688,0.171034482759,2002MM10,86.6989619377
34434,A4,307610,34434,0.973754152824,0.172068965517,2002MM11,86.5878892734
34435,A4,307610,34435,0.97707641196,0.173103448276,2002MM12,86.476816609
34437,A4,307610,34437,0.980398671096,0.174137931034,2003MM01,86.3657439446
34438,A4,307610,34438,0.983720930233,0.175172413793,2003MM02,86.2546712803
34439,A4,307610,34439,0.987043189369,0.176206896552,2003MM03,86.1435986159
34440,A4,307610,34440,0.990365448505,0.17724137931,2003MM04,86.0325259516
34441,A4,307610,34441,0.993687707641,0.178275862069,2003MM05,85.9214532872
34442,A4,307610,34442,0.997009966777,0.179310344828,2003MM06,85.8103806228
34443,A4,307610,34443,1.00033222591,0.180344827586,2003MM07,85.6993079585
34444,A4,307610,34444,1.00365448505,0.181379310345,2003MM08,85.5882352941
34445,A4,307610,34445,1.00697674419,0.182413793103,2003MM09,85.4771626298
34446,A4,307610,34446,1.01029900332,0.183448275862,2003MM10,85.3660899654
34447,A4,307610,34447,1.01362126246,0.184482758621,2003MM11,85.255017301
34448,A4,307610,34448,1.01694352159,0.185517241379,2003MM12,85.1439446367
34450,A4,307610,34450,1.02026578073,0.186551724138,2004MM01,85.0328719723
34451,A4,307610,34451,1.02358803987,0.187586206897,2004MM02,84.921799308
34452,A4,307610,34452,1.026910299,0.188620689655,2004MM03,84.8107266436
34453,A4,307610,34453,1.03023255814,0.189655172414,2004MM04,84.6996539792
34454,A4,307610,34454,1.03355481728,0.190689655172,2004MM05,84.5885813149
34455,A4,307610,34455,1.03687707641,0.191724137931,2004MM06,84.4775086505
34456,A4,307610,34456,1.04019933555,0.19275862069,2004MM07,84.3664359862
34457,A4,307610,34457,1.04352159468,0.193793103448,2004MM08,84.2553633218
34458,A4,307610,34458,1.04684385382,0.194827586207,2004MM09,84.1442906574
34459,A4,307610,34459,1.05016611296,0.195862068966,2004MM10,84.0332179931
34460,A4,307610,34460,1.05348837209,0.196896551724,2004MM11,83.9221453287
34461,A4,307610,34461,1.05681063123,0.197931034483,2004MM12,83.8110726644
34463,A4,307610,34463,1.06013289037,0.198965517241,2005MM01,83.7
34464,A4,307610,34464,1.0634551495,0.2,2005MM02,83.9
34465,A4,307610,34465,1.06677740864,-0.1,2005MM03,83.7
34466,A4,307610,34466,1.07009966777,0.1,2005MM04,83.8
34467,A4,307610,34467,1.07342192691,0.3,2005MM05,84.1
34468,A4,307610,34468,1.07674418605,0.6,2005MM06,84.6
34469,A4,307610,34469,1.08006644518,0.1,2005MM07,84.7
34470,A4,307610,34470,1.08338870432,0.2,2005MM08,84.9
34471,A4,307610,34471,1.08671096346,0.1,2005MM09,84.9
34472,A4,307610,34472,1.09003322259,-0.2,2005MM10,84.8
34473,A4,307610,34473,1.09335548173,-0.1,2005MM11,84.7
34474,A4,307610,34474,1.09667774086,0.0,2005MM12,84.7
34476,A4,307610,34476,1.1,0.0,2006MM01,84.7
34477,A4,307610,34477,1.2,0.2,2006MM02,84.8
34478,A4,307610,34478,1.4,0.1,2006MM03,84.9
34479,A4,307610,34479,1.4,0.1,2006MM04,85.0
34480,A4,307610,34480,1.1,0.0,2006MM05,85.0
34481,A4,307610,34481,0.6,0.1,2006MM06,85.1
34482,A4,307610,34482,0.8,0.3,2006MM07,85.3
34483,A4,307610,34483,1.0,0.5,2006MM08,85.7
34484,A4,307610,34484,1.4,0.4,2006MM09,86.1
34485,A4,307610,34485,2.6,1.0,2006MM10,86.9
34486,A4,307610,34486,2.9,0.2,2006MM11,87.1
34487,A4,307610,34487,3.7,0.7,2006MM12,87.8
34489,A4,307610,34489,4.8,1.1,2007MM01,88.7
34490,A4,307610,34490,5.1,0.5,2007MM02,89.2
34491,A4,307610,34491,5.5,0.4,2007MM03,89.6
34492,A4,307610,34492,7.2,1.7,2007MM04,91.1
34493,A4,307610,34493,7.9,0.7,2007MM05,91.7
34494,A4,307610,34494,8.3,0.5,2007MM06,92.2
34495,A4,307610,34495,10.8,2.6,2007MM07,94.5
34496,A4,307610,34496,11.5,1.1,2007MM08,95.6
34497,A4,307610,34497,12.8,1.6,2007MM09,97.1
34498,A4,307610,34498,14.0,2.0,2007MM10,99.1
34499,A4,307610,34499,14.6,0.8,2007MM11,99.9
34500,A4,307610,34500,14.3,0.4,2007MM12,100.3
34502,A4,307610,34502,13.7,0.6,2008MM01,100.9
34503,A4,307610,34503,13.6,0.4,2008MM02,101.3
34504,A4,307610,34504,13.0,-0.1,2008MM03,101.2
34505,A4,307610,34505,11.8,0.6,2008MM04,101.8
34506,A4,307610,34506,11.5,0.5,2008MM05,102.3
34507,A4,307610,34507,11.7,0.6,2008MM06,103.0
34508,A4,307610,34508,8.6,-0.3,2008MM07,102.6
34509,A4,307610,34509,7.0,-0.4,2008MM08,102.2
34510,A4,307610,34510,4.5,-0.8,2008MM09,101.4
34511,A4,307610,34511,0.9,-1.4,2008MM10,100.0
34512,A4,307610,34512,-1.4,-1.6,2008MM11,98.4
34513,A4,307610,34513,-2.9,-1.1,2008MM12,97.4
34515,A4,307610,34515,-4.5,-1.0,2009MM01,96.4
34516,A4,307610,34516,-5.2,-0.3,2009MM02,96.1
34517,A4,307610,34517,-5.1,0.0,2009MM03,96.1
34518,A4,307610,34518,-6.1,-0.5,2009MM04,95.6
34519,A4,307610,34519,-6.4,0.1,2009MM05,95.7
34520,A4,307610,34520,-7.0,0.0,2009MM06,95.8
34521,A4,307610,34521,-6.7,-0.1,2009MM07,95.7
34522,A4,307610,34522,-6.6,-0.3,2009MM08,95.4
34523,A4,307610,34523,-5.9,0.1,2009MM09,95.5
34524,A4,307610,34524,-4.7,-0.2,2009MM10,95.3
34525,A4,307610,34525,-2.8,0.3,2009MM11,95.6
34526,A4,307610,34526,-2.0,-0.2,2009MM12,95.4
34528,A4,307610,34528,-0.1,0.8,2010MM01,96.2
34529,A4,307610,34529,0.4,0.3,2010MM02,96.5
34530,A4,307610,34530,0.9,0.4,2010MM03,96.9
34531,A4,307610,34531,1.8,0.4,2010MM04,97.3
34532,A4,307610,34532,2.4,0.8,2010MM05,98.1
34533,A4,307610,34533,3.6,1.2,2010MM06,99.2
34534,A4,307610,34534,4.6,0.9,2010MM07,100.1
34535,A4,307610,34535,5.8,0.8,2010MM08,100.9
34536,A4,307610,34536,6.7,0.9,2010MM09,101.9
34537,A4,307610,34537,8.4,1.5,2010MM10,103.4
34538,A4,307610,34538,9.0,0.8,2010MM11,104.2
34539,A4,307610,34539,10.3,1.0,2010MM12,105.3
34541,A4,307610,34541,11.6,2.0,2011MM01,107.4
34542,A4,307610,34542,12.8,1.3,2011MM02,108.8
34543,A4,307610,34543,13.3,0.9,2011MM03,109.8
34544,A4,307610,34544,14.0,1.0,2011MM04,110.9
34545,A4,307610,34545,13.6,0.4,2011MM05,111.4
34546,A4,307610,34546,12.3,0.0,2011MM06,111.4
34547,A4,307610,34547,11.7,0.4,2011MM07,111.8
34548,A4,307610,34548,10.0,-0.7,2011MM08,111.0
34549,A4,307610,34549,9.2,0.2,2011MM09,111.2
34550,A4,307610,34550,7.4,-0.1,2011MM10,111.0
34551,A4,307610,34551,6.9,0.3,2011MM11,111.4
34552,A4,307610,34552,5.9,0.1,2011MM12,111.5
34554,A4,307610,34554,5.2,1.4,2012MM01,113.0
34555,A4,307610,34555,4.1,0.2,2012MM02,113.3
34556,A4,307610,34556,3.6,0.4,2012MM03,113.7
34557,A4,307610,34557,3.2,0.7,2012MM04,114.5
34558,A4,307610,34558,3.3,0.5,2012MM05,115.0
34559,A4,307610,34559,3.8,0.4,2012MM06,115.5
34560,A4,307610,34560,4.4,1.0,2012MM07,116.7
34561,A4,307610,34561,6.0,0.9,2012MM08,117.7
34562,A4,307610,34562,6.8,0.9,2012MM09,118.7
34563,A4,307610,34563,7.5,0.6,2012MM10,119.4
34564,A4,307610,34564,7.5,0.2,2012MM11,119.7
34565,A4,307610,34565,7.0,-0.3,2012MM12,119.4
34567,A4,307610,34567,5.7,0.1,2013MM01,119.5
34568,A4,307610,34568,5.4,-0.1,2013MM02,119.4
34569,A4,307610,34569,4.6,-0.4,2013MM03,119.0
34570,A4,307610,34570,3.7,-0.3,2013MM04,118.7
34571,A4,307610,34571,3.0,-0.1,2013MM05,118.5
34572,A4,307610,34572,2.7,0.1,2013MM06,118.6
34573,A4,307610,34573,2.1,0.4,2013MM07,119.1
34574,A4,307610,34574,1.1,-0.1,2013MM08,119.0
34575,A4,307610,34575,-0.3,-0.5,2013MM09,118.4
34576,A4,307610,34576,-2.0,-1.1,2013MM10,117.1
34577,A4,307610,34577,-1.9,0.3,2013MM11,117.5
34578,A4,307610,34578,-1.6,0.0,2013MM12,117.4
34580,A4,307610,34580,-1.4,0.3,2014MM01,117.8
34581,A4,307610,34581,-1.5,-0.2,2014MM02,117.6
34582,A4,307610,34582,-1.3,-0.1,2014MM03,117.4
34583,A4,307610,34583,-0.5,0.5,2014MM04,118.0
34584,A4,307610,34584,-1.0,-0.6,2014MM05,117.3
34585,A4,307610,34585,-1.3,-0.2,2014MM06,117.1
34586,A4,307610,34586,-1.5,0.1,2014MM07,117.3
34587,A4,307610,34587,-2.2,-0.8,2014MM08,116.4
34588,A4,307610,34588,-2.3,-0.6,2014MM09,115.7
34589,A4,307610,34589,-2.3,-1.1,2014MM10,114.4
34590,A4,307610,34590,-3.2,-0.6,2014MM11,113.7
34591,A4,307610,34591,-3.7,-0.5,2014MM12,113.1
34593,A4,307610,34593,-4.0,0.0,2015MM01,113.1
34594,A4,307610,34594,-3.6,0.2,2015MM02,113.3
34595,A4,307610,34595,-3.1,0.5,2015MM03,113.8
34596,A4,307610,34596,-3.5,0.1,2015MM04,113.9
34597,A4,307610,34597,-3.2,-0.3,2015MM05,113.6
34598,A4,307610,34598,-3.1,-0.1,2015MM06,113.5
34599,A4,307610,34599,-3.5,-0.3,2015MM07,113.1
34600,A4,307610,34600,-3.7,-0.9,2015MM08,112.1
34601,A4,307610,34601,-3.4,-0.3,2015MM09,111.8
34602,A4,307610,34602,-2.8,-0.5,2015MM10,111.2
34603,A4,307610,34603,-1.6,0.7,2015MM11,112.0
34604,A4,307610,34604,-1.4,-0.4,2015MM12,111.5
34606,A4,307610,34606,-2.0,-0.5,2016MM01,110.9
34607,A4,307610,34607,-2.7,-0.6,2016MM02,110.3
34608,A4,307610,34608,-3.0,0.2,2016MM03,110.4
34609,A4,307610,34609,-3.0,0.0,2016MM04,110.5
34610,A4,307610,34610,-1.8,1.0,2016MM05,111.6
34611,A4,307610,34611,-0.4,1.3,2016MM06,113.0
34612,A4,307610,34612,0.3,0.4,2016MM07,113.5
34613,A4,307610,34613,1.8,0.6,2016MM08,114.2
34614,A4,307610,34614,3.1,0.9,2016MM09,115.2
34615,A4,307610,34615,4.6,1.0,2016MM10,116.4
34616,A4,307610,34616,4.2,0.3,2016MM11,116.7
34617,A4,307610,34617,4.7,0.0,2016MM12,116.7
34619,A4,307610,34619,6.7,1.4,2017MM01,118.4
34620,A4,307610,34620,7.4,0.1,2017MM02,118.5
34621,A4,307610,34621,7.4,0.1,2017MM03,118.6
34622,A4,307610,34622,7.5,0.1,2017MM04,118.7
34623,A4,307610,34623,6.4,0.0,2017MM05,118.7
34624,A4,307610,34624,5.3,0.2,2017MM06,119.0
34625,A4,307610,34625,4.8,0.0,2017MM07,119.0
34626,A4,307610,34626,3.7,-0.4,2017MM08,118.4
34627,A4,307610,34627,2.8,0.0,2017MM09,118.4
34628,A4,307610,34628,0.9,-0.8,2017MM10,117.5
34629,A4,307610,34629,-0.1,-0.7,2017MM11,116.6
34630,A4,307610,34630,-0.5,-0.4,2017MM12,116.2
