,Afzet,BedrijfstakkenBranchesSBI2008,ID,OntwikkelingTOV1JaarEerder_2,OntwikkelingTOV1MaandEerder_3,Perioden,ProducentenprijsindexPPI_1
66378,A5,307610,66378,-0.489700996678,-0.401379310345,1981MM01,116.091695502
66379,A5,307610,66379,-0.479401993355,-0.40275862069,1981MM02,115.983391003
66380,A5,307610,66380,-0.469102990033,-0.404137931034,1981MM03,115.875086505
66381,A5,307610,66381,-0.458803986711,-0.405517241379,1981MM04,115.766782007
66382,A5,307610,66382,-0.448504983389,-0.406896551724,1981MM05,115.658477509
66383,A5,307610,66383,-0.438205980066,-0.408275862069,1981MM06,115.55017301
66384,A5,307610,66384,-0.427906976744,-0.409655172414,1981MM07,115.441868512
66385,A5,307610,66385,-0.417607973422,-0.411034482759,1981MM08,115.333564014
66386,A5,307610,66386,-0.4073089701,-0.412413793103,1981MM09,115.225259516
66387,A5,307610,66387,-0.397009966777,-0.413793103448,1981MM10,115.116955017
66388,A5,307610,66388,-0.386710963455,-0.415172413793,1981MM11,115.008650519
66389,A5,307610,66389,-0.376411960133,-0.416551724138,1981MM12,114.900346021
66391,A5,307610,66391,-0.366112956811,-0.417931034483,1982MM01,114.792041522
66392,A5,307610,66392,-0.355813953488,-0.419310344828,1982MM02,114.683737024
66393,A5,307610,66393,-0.345514950166,-0.420689655172,1982MM03,114.575432526
66394,A5,307610,66394,-0.335215946844,-0.422068965517,1982MM04,114.467128028
66395,A5,307610,66395,-0.324916943522,-0.423448275862,1982MM05,114.358823529
66396,A5,307610,66396,-0.314617940199,-0.424827586207,1982MM06,114.250519031
66397,A5,307610,66397,-0.304318936877,-0.426206896552,1982MM07,114.142214533
66398,A5,307610,66398,-0.294019933555,-0.427586206897,1982MM08,114.033910035
66399,A5,307610,66399,-0.283720930233,-0.428965517241,1982MM09,113.925605536
66400,A5,307610,66400,-0.27342192691,-0.430344827586,1982MM10,113.817301038
66401,A5,307610,66401,-0.263122923588,-0.431724137931,1982MM11,113.70899654
66402,A5,307610,66402,-0.252823920266,-0.433103448276,1982MM12,113.600692042
66404,A5,307610,66404,-0.242524916944,-0.434482758621,1983MM01,113.492387543
66405,A5,307610,66405,-0.232225913621,-0.435862068966,1983MM02,113.384083045
66406,A5,307610,66406,-0.221926910299,-0.43724137931,1983MM03,113.275778547
66407,A5,307610,66407,-0.211627906977,-0.438620689655,1983MM04,113.167474048
66408,A5,307610,66408,-0.201328903654,-0.44,1983MM05,113.05916955
66409,A5,307610,66409,-0.191029900332,-0.441379310345,1983MM06,112.950865052
66410,A5,307610,66410,-0.18073089701,-0.44275862069,1983MM07,112.842560554
66411,A5,307610,66411,-0.170431893688,-0.444137931034,1983MM08,112.734256055
66412,A5,307610,66412,-0.160132890365,-0.445517241379,1983MM09,112.625951557
66413,A5,307610,66413,-0.149833887043,-0.446896551724,1983MM10,112.517647059
66414,A5,307610,66414,-0.139534883721,-0.448275862069,1983MM11,112.409342561
66415,A5,307610,66415,-0.129235880399,-0.449655172414,1983MM12,112.301038062
66417,A5,307610,66417,-0.118936877076,-0.451034482759,1984MM01,112.192733564
66418,A5,307610,66418,-0.108637873754,-0.452413793103,1984MM02,112.084429066
66419,A5,307610,66419,-0.0983388704319,-0.453793103448,1984MM03,111.976124567
66420,A5,307610,66420,-0.0880398671096,-0.455172413793,1984MM04,111.867820069
66421,A5,307610,66421,-0.0777408637874,-0.456551724138,1984MM05,111.759515571
66422,A5,307610,66422,-0.0674418604651,-0.457931034483,1984MM06,111.651211073
66423,A5,307610,66423,-0.0571428571429,-0.459310344828,1984MM07,111.542906574
66424,A5,307610,66424,-0.0468438538206,-0.460689655172,1984MM08,111.434602076
66425,A5,307610,66425,-0.0365448504983,-0.462068965517,1984MM09,111.326297578
66426,A5,307610,66426,-0.0262458471761,-0.463448275862,1984MM10,111.21799308
66427,A5,307610,66427,-0.0159468438538,-0.464827586207,1984MM11,111.109688581
66428,A5,307610,66428,-0.00564784053156,-0.466206896552,1984MM12,111.001384083
66430,A5,307610,66430,0.0046511627907,-0.467586206897,1985MM01,110.893079585
66431,A5,307610,66431,0.014950166113,-0.468965517241,1985MM02,110.784775087
66432,A5,307610,66432,0.0252491694352,-0.470344827586,1985MM03,110.676470588
66433,A5,307610,66433,0.0355481727575,-0.471724137931,1985MM04,110.56816609
66434,A5,307610,66434,0.0458471760797,-0.473103448276,1985MM05,110.459861592
66435,A5,307610,66435,0.056146179402,-0.474482758621,1985MM06,110.351557093
66436,A5,307610,66436,0.0664451827243,-0.475862068966,1985MM07,110.243252595
66437,A5,307610,66437,0.0767441860465,-0.47724137931,1985MM08,110.134948097
66438,A5,307610,66438,0.0870431893688,-0.478620689655,1985MM09,110.026643599
66439,A5,307610,66439,0.097342192691,-0.48,1985MM10,109.9183391
66440,A5,307610,66440,0.107641196013,-0.481379310345,1985MM11,109.810034602
66441,A5,307610,66441,0.117940199336,-0.48275862069,1985MM12,109.701730104
66443,A5,307610,66443,0.128239202658,-0.484137931034,1986MM01,109.593425606
66444,A5,307610,66444,0.13853820598,-0.485517241379,1986MM02,109.485121107
66445,A5,307610,66445,0.148837209302,-0.486896551724,1986MM03,109.376816609
66446,A5,307610,66446,0.159136212625,-0.488275862069,1986MM04,109.268512111
66447,A5,307610,66447,0.169435215947,-0.489655172414,1986MM05,109.160207612
66448,A5,307610,66448,0.179734219269,-0.491034482759,1986MM06,109.051903114
66449,A5,307610,66449,0.190033222591,-0.492413793103,1986MM07,108.943598616
66450,A5,307610,66450,0.200332225914,-0.493793103448,1986MM08,108.835294118
66451,A5,307610,66451,0.210631229236,-0.495172413793,1986MM09,108.726989619
66452,A5,307610,66452,0.220930232558,-0.496551724138,1986MM10,108.618685121
66453,A5,307610,66453,0.23122923588,-0.497931034483,1986MM11,108.510380623
66454,A5,307610,66454,0.241528239203,-0.499310344828,1986MM12,108.402076125
66456,A5,307610,66456,0.251827242525,-0.500689655172,1987MM01,108.293771626
66457,A5,307610,66457,0.262126245847,-0.502068965517,1987MM02,108.185467128
66458,A5,307610,66458,0.272425249169,-0.503448275862,1987MM03,108.07716263
66459,A5,307610,66459,0.282724252492,-0.504827586207,1987MM04,107.968858131
66460,A5,307610,66460,0.293023255814,-0.506206896552,1987MM05,107.860553633
66461,A5,307610,66461,0.303322259136,-0.507586206897,1987MM06,107.752249135
66462,A5,307610,66462,0.313621262458,-0.508965517241,1987MM07,107.643944637
66463,A5,307610,66463,0.323920265781,-0.510344827586,1987MM08,107.535640138
66464,A5,307610,66464,0.334219269103,-0.511724137931,1987MM09,107.42733564
66465,A5,307610,66465,0.344518272425,-0.513103448276,1987MM10,107.319031142
66466,A5,307610,66466,0.354817275748,-0.514482758621,1987MM11,107.210726644
66467,A5,307610,66467,0.36511627907,-0.515862068966,1987MM12,107.102422145
66469,A5,307610,66469,0.375415282392,-0.51724137931,1988MM01,106.994117647
66470,A5,307610,66470,0.385714285714,-0.518620689655,1988MM02,106.885813149
66471,A5,307610,66471,0.396013289037,-0.52,1988MM03,106.777508651
66472,A5,307610,66472,0.406312292359,-0.521379310345,1988MM04,106.669204152
66473,A5,307610,66473,0.416611295681,-0.52275862069,1988MM05,106.560899654
66474,A5,307610,66474,0.426910299003,-0.524137931034,1988MM06,106.452595156
66475,A5,307610,66475,0.437209302326,-0.525517241379,1988MM07,106.344290657
66476,A5,307610,66476,0.447508305648,-0.526896551724,1988MM08,106.235986159
66477,A5,307610,66477,0.45780730897,-0.528275862069,1988MM09,106.127681661
66478,A5,307610,66478,0.468106312292,-0.529655172414,1988MM10,106.019377163
66479,A5,307610,66479,0.478405315615,-0.531034482759,1988MM11,105.911072664
66480,A5,307610,66480,0.488704318937,-0.532413793103,1988MM12,105.802768166
66482,A5,307610,66482,0.499003322259,-0.533793103448,1989MM01,105.694463668
66483,A5,307610,66483,0.509302325581,-0.535172413793,1989MM02,105.58615917
66484,A5,307610,66484,0.519601328904,-0.536551724138,1989MM03,105.477854671
66485,A5,307610,66485,0.529900332226,-0.537931034483,1989MM04,105.369550173
66486,A5,307610,66486,0.540199335548,-0.539310344828,1989MM05,105.261245675
66487,A5,307610,66487,0.55049833887,-0.540689655172,1989MM06,105.152941176
66488,A5,307610,66488,0.560797342193,-0.542068965517,1989MM07,105.044636678
66489,A5,307610,66489,0.571096345515,-0.543448275862,1989MM08,104.93633218
66490,A5,307610,66490,0.581395348837,-0.544827586207,1989MM09,104.828027682
66491,A5,307610,66491,0.591694352159,-0.546206896552,1989MM10,104.719723183
66492,A5,307610,66492,0.601993355482,-0.547586206897,1989MM11,104.611418685
66493,A5,307610,66493,0.612292358804,-0.548965517241,1989MM12,104.503114187
66495,A5,307610,66495,0.622591362126,-0.550344827586,1990MM01,104.394809689
66496,A5,307610,66496,0.632890365449,-0.551724137931,1990MM02,104.28650519
66497,A5,307610,66497,0.643189368771,-0.553103448276,1990MM03,104.178200692
66498,A5,307610,66498,0.653488372093,-0.554482758621,1990MM04,104.069896194
66499,A5,307610,66499,0.663787375415,-0.555862068966,1990MM05,103.961591696
66500,A5,307610,66500,0.674086378738,-0.55724137931,1990MM06,103.853287197
66501,A5,307610,66501,0.68438538206,-0.558620689655,1990MM07,103.744982699
66502,A5,307610,66502,0.694684385382,-0.56,1990MM08,103.636678201
66503,A5,307610,66503,0.704983388704,-0.561379310345,1990MM09,103.528373702
66504,A5,307610,66504,0.715282392027,-0.56275862069,1990MM10,103.420069204
66505,A5,307610,66505,0.725581395349,-0.564137931034,1990MM11,103.311764706
66506,A5,307610,66506,0.735880398671,-0.565517241379,1990MM12,103.203460208
66508,A5,307610,66508,0.746179401993,-0.566896551724,1991MM01,103.095155709
66509,A5,307610,66509,0.756478405316,-0.568275862069,1991MM02,102.986851211
66510,A5,307610,66510,0.766777408638,-0.569655172414,1991MM03,102.878546713
66511,A5,307610,66511,0.77707641196,-0.571034482759,1991MM04,102.770242215
66512,A5,307610,66512,0.787375415282,-0.572413793103,1991MM05,102.661937716
66513,A5,307610,66513,0.797674418605,-0.573793103448,1991MM06,102.553633218
66514,A5,307610,66514,0.807973421927,-0.575172413793,1991MM07,102.44532872
66515,A5,307610,66515,0.818272425249,-0.576551724138,1991MM08,102.337024221
66516,A5,307610,66516,0.828571428571,-0.577931034483,1991MM09,102.228719723
66517,A5,307610,66517,0.838870431894,-0.579310344828,1991MM10,102.120415225
66518,A5,307610,66518,0.849169435216,-0.580689655172,1991MM11,102.012110727
66519,A5,307610,66519,0.859468438538,-0.582068965517,1991MM12,101.903806228
66521,A5,307610,66521,0.86976744186,-0.583448275862,1992MM01,101.79550173
66522,A5,307610,66522,0.880066445183,-0.584827586207,1992MM02,101.687197232
66523,A5,307610,66523,0.890365448505,-0.586206896552,1992MM03,101.578892734
66524,A5,307610,66524,0.900664451827,-0.587586206897,1992MM04,101.470588235
66525,A5,307610,66525,0.91096345515,-0.588965517241,1992MM05,101.362283737
66526,A5,307610,66526,0.921262458472,-0.590344827586,1992MM06,101.253979239
66527,A5,307610,66527,0.931561461794,-0.591724137931,1992MM07,101.14567474
66528,A5,307610,66528,0.941860465116,-0.593103448276,1992MM08,101.037370242
66529,A5,307610,66529,0.952159468439,-0.594482758621,1992MM09,100.929065744
66530,A5,307610,66530,0.962458471761,-0.595862068966,1992MM10,100.820761246
66531,A5,307610,66531,0.972757475083,-0.59724137931,1992MM11,100.712456747
66532,A5,307610,66532,0.983056478405,-0.598620689655,1992MM12,100.604152249
66534,A5,307610,66534,0.993355481728,-0.6,1993MM01,100.495847751
66535,A5,307610,66535,1.00365448505,-0.601379310345,1993MM02,100.387543253
66536,A5,307610,66536,1.01395348837,-0.60275862069,1993MM03,100.279238754
66537,A5,307610,66537,1.02425249169,-0.604137931034,1993MM04,100.170934256
66538,A5,307610,66538,1.03455149502,-0.605517241379,1993MM05,100.062629758
66539,A5,307610,66539,1.04485049834,-0.606896551724,1993MM06,99.9543252595
66540,A5,307610,66540,1.05514950166,-0.608275862069,1993MM07,99.8460207612
66541,A5,307610,66541,1.06544850498,-0.609655172414,1993MM08,99.737716263
66542,A5,307610,66542,1.07574750831,-0.611034482759,1993MM09,99.6294117647
66543,A5,307610,66543,1.08604651163,-0.612413793103,1993MM10,99.5211072664
66544,A5,307610,66544,1.09634551495,-0.613793103448,1993MM11,99.4128027682
66545,A5,307610,66545,1.10664451827,-0.615172413793,1993MM12,99.3044982699
66547,A5,307610,66547,1.11694352159,-0.616551724138,1994MM01,99.1961937716
66548,A5,307610,66548,1.12724252492,-0.617931034483,1994MM02,99.0878892734
66549,A5,307610,66549,1.13754152824,-0.619310344828,1994MM03,98.9795847751
66550,A5,307610,66550,1.14784053156,-0.620689655172,1994MM04,98.8712802768
66551,A5,307610,66551,1.15813953488,-0.622068965517,1994MM05,98.7629757785
66552,A5,307610,66552,1.16843853821,-0.623448275862,1994MM06,98.6546712803
66553,A5,307610,66553,1.17873754153,-0.624827586207,1994MM07,98.546366782
66554,A5,307610,66554,1.18903654485,-0.626206896552,1994MM08,98.4380622837
66555,A5,307610,66555,1.19933554817,-0.627586206897,1994MM09,98.3297577855
66556,A5,307610,66556,1.2096345515,-0.628965517241,1994MM10,98.2214532872
66557,A5,307610,66557,1.21993355482,-0.630344827586,1994MM11,98.1131487889
66558,A5,307610,66558,1.23023255814,-0.631724137931,1994MM12,98.0048442907
66560,A5,307610,66560,1.24053156146,-0.633103448276,1995MM01,97.8965397924
66561,A5,307610,66561,1.25083056478,-0.634482758621,1995MM02,97.7882352941
66562,A5,307610,66562,1.26112956811,-0.635862068966,1995MM03,97.6799307958
66563,A5,307610,66563,1.27142857143,-0.63724137931,1995MM04,97.5716262976
66564,A5,307610,66564,1.28172757475,-0.638620689655,1995MM05,97.4633217993
66565,A5,307610,66565,1.29202657807,-0.64,1995MM06,97.355017301
66566,A5,307610,66566,1.3023255814,-0.641379310345,1995MM07,97.2467128028
66567,A5,307610,66567,1.31262458472,-0.64275862069,1995MM08,97.1384083045
66568,A5,307610,66568,1.32292358804,-0.644137931034,1995MM09,97.0301038062
66569,A5,307610,66569,1.33322259136,-0.645517241379,1995MM10,96.921799308
66570,A5,307610,66570,1.34352159468,-0.646896551724,1995MM11,96.8134948097
66571,A5,307610,66571,1.35382059801,-0.648275862069,1995MM12,96.7051903114
66573,A5,307610,66573,1.36411960133,-0.649655172414,1996MM01,96.5968858131
66574,A5,307610,66574,1.37441860465,-0.651034482759,1996MM02,96.4885813149
66575,A5,307610,66575,1.38471760797,-0.652413793103,1996MM03,96.3802768166
66576,A5,307610,66576,1.3950166113,-0.653793103448,1996MM04,96.2719723183
66577,A5,307610,66577,1.40531561462,-0.655172413793,1996MM05,96.1636678201
66578,A5,307610,66578,1.41561461794,-0.656551724138,1996MM06,96.0553633218
66579,A5,307610,66579,1.42591362126,-0.657931034483,1996MM07,95.9470588235
66580,A5,307610,66580,1.43621262458,-0.659310344828,1996MM08,95.8387543253
66581,A5,307610,66581,1.44651162791,-0.660689655172,1996MM09,95.730449827
66582,A5,307610,66582,1.45681063123,-0.662068965517,1996MM10,95.6221453287
66583,A5,307610,66583,1.46710963455,-0.663448275862,1996MM11,95.5138408304
66584,A5,307610,66584,1.47740863787,-0.664827586207,1996MM12,95.4055363322
66586,A5,307610,66586,1.4877076412,-0.666206896552,1997MM01,95.2972318339
66587,A5,307610,66587,1.49800664452,-0.667586206897,1997MM02,95.1889273356
66588,A5,307610,66588,1.50830564784,-0.668965517241,1997MM03,95.0806228374
66589,A5,307610,66589,1.51860465116,-0.670344827586,1997MM04,94.9723183391
66590,A5,307610,66590,1.52890365449,-0.671724137931,1997MM05,94.8640138408
66591,A5,307610,66591,1.53920265781,-0.673103448276,1997MM06,94.7557093426
66592,A5,307610,66592,1.54950166113,-0.674482758621,1997MM07,94.6474048443
66593,A5,307610,66593,1.55980066445,-0.675862068966,1997MM08,94.539100346
66594,A5,307610,66594,1.57009966777,-0.67724137931,1997MM09,94.4307958478
66595,A5,307610,66595,1.5803986711,-0.678620689655,1997MM10,94.3224913495
66596,A5,307610,66596,1.59069767442,-0.68,1997MM11,94.2141868512
66597,A5,307610,66597,1.60099667774,-0.681379310345,1997MM12,94.1058823529
66599,A5,307610,66599,1.61129568106,-0.68275862069,1998MM01,93.9975778547
66600,A5,307610,66600,1.62159468439,-0.684137931034,1998MM02,93.8892733564
66601,A5,307610,66601,1.63189368771,-0.685517241379,1998MM03,93.7809688581
66602,A5,307610,66602,1.64219269103,-0.686896551724,1998MM04,93.6726643599
66603,A5,307610,66603,1.65249169435,-0.688275862069,1998MM05,93.5643598616
66604,A5,307610,66604,1.66279069767,-0.689655172414,1998MM06,93.4560553633
66605,A5,307610,66605,1.673089701,-0.691034482759,1998MM07,93.3477508651
66606,A5,307610,66606,1.68338870432,-0.692413793103,1998MM08,93.2394463668
66607,A5,307610,66607,1.69368770764,-0.693793103448,1998MM09,93.1311418685
66608,A5,307610,66608,1.70398671096,-0.695172413793,1998MM10,93.0228373702
66609,A5,307610,66609,1.71428571429,-0.696551724138,1998MM11,92.914532872
66610,A5,307610,66610,1.72458471761,-0.697931034483,1998MM12,92.8062283737
66612,A5,307610,66612,1.73488372093,-0.699310344828,1999MM01,92.6979238754
66613,A5,307610,66613,1.74518272425,-0.700689655172,1999MM02,92.5896193772
66614,A5,307610,66614,1.75548172757,-0.702068965517,1999MM03,92.4813148789
66615,A5,307610,66615,1.7657807309,-0.703448275862,1999MM04,92.3730103806
66616,A5,307610,66616,1.77607973422,-0.704827586207,1999MM05,92.2647058824
66617,A5,307610,66617,1.78637873754,-0.706206896552,1999MM06,92.1564013841
66618,A5,307610,66618,1.79667774086,-0.707586206897,1999MM07,92.0480968858
66619,A5,307610,66619,1.80697674419,-0.708965517241,1999MM08,91.9397923875
66620,A5,307610,66620,1.81727574751,-0.710344827586,1999MM09,91.8314878893
66621,A5,307610,66621,1.82757475083,-0.711724137931,1999MM10,91.723183391
66622,A5,307610,66622,1.83787375415,-0.713103448276,1999MM11,91.6148788927
66623,A5,307610,66623,1.84817275748,-0.714482758621,1999MM12,91.5065743945
66625,A5,307610,66625,1.8584717608,-0.715862068966,2000MM01,91.3982698962
66626,A5,307610,66626,1.86877076412,-0.71724137931,2000MM02,91.2899653979
66627,A5,307610,66627,1.87906976744,-0.718620689655,2000MM03,91.1816608997
66628,A5,307610,66628,1.88936877076,-0.72,2000MM04,91.0733564014
66629,A5,307610,66629,1.89966777409,-0.721379310345,2000MM05,90.9650519031
66630,A5,307610,66630,1.90996677741,-0.72275862069,2000MM06,90.8567474048
66631,A5,307610,66631,1.92026578073,-0.724137931034,2000MM07,90.7484429066
66632,A5,307610,66632,1.93056478405,-0.725517241379,2000MM08,90.6401384083
66633,A5,307610,66633,1.94086378738,-0.726896551724,2000MM09,90.53183391
66634,A5,307610,66634,1.9511627907,-0.728275862069,2000MM10,90.4235294118
66635,A5,307610,66635,1.96146179402,-0.729655172414,2000MM11,90.3152249135
66636,A5,307610,66636,1.97176079734,-0.731034482759,2000MM12,90.2069204152
66638,A5,307610,66638,1.98205980066,-0.732413793103,2001MM01,90.098615917
66639,A5,307610,66639,1.99235880399,-0.733793103448,2001MM02,89.9903114187
66640,A5,307610,66640,2.00265780731,-0.735172413793,2001MM03,89.8820069204
66641,A5,307610,66641,2.01295681063,-0.736551724138,2001MM04,89.7737024221
66642,A5,307610,66642,2.02325581395,-0.737931034483,2001MM05,89.6653979239
66643,A5,307610,66643,2.03355481728,-0.739310344828,2001MM06,89.5570934256
66644,A5,307610,66644,2.0438538206,-0.740689655172,2001MM07,89.4487889273
66645,A5,307610,66645,2.05415282392,-0.742068965517,2001MM08,89.3404844291
66646,A5,307610,66646,2.06445182724,-0.743448275862,2001MM09,89.2321799308
66647,A5,307610,66647,2.07475083056,-0.744827586207,2001MM10,89.1238754325
66648,A5,307610,66648,2.08504983389,-0.746206896552,2001MM11,89.0155709343
66649,A5,307610,66649,2.09534883721,-0.747586206897,2001MM12,88.907266436
66651,A5,307610,66651,2.10564784053,-0.748965517241,2002MM01,88.7989619377
66652,A5,307610,66652,2.11594684385,-0.750344827586,2002MM02,88.6906574394
66653,A5,307610,66653,2.12624584718,-0.751724137931,2002MM03,88.5823529412
66654,A5,307610,66654,2.1365448505,-0.753103448276,2002MM04,88.4740484429
66655,A5,307610,66655,2.14684385382,-0.754482758621,2002MM05,88.3657439446
66656,A5,307610,66656,2.15714285714,-0.755862068966,2002MM06,88.2574394464
66657,A5,307610,66657,2.16744186047,-0.75724137931,2002MM07,88.1491349481
66658,A5,307610,66658,2.17774086379,-0.758620689655,2002MM08,88.0408304498
66659,A5,307610,66659,2.18803986711,-0.76,2002MM09,87.9325259516
66660,A5,307610,66660,2.19833887043,-0.761379310345,2002MM10,87.8242214533
66661,A5,307610,66661,2.20863787375,-0.76275862069,2002MM11,87.715916955
66662,A5,307610,66662,2.21893687708,-0.764137931034,2002MM12,87.6076124567
66664,A5,307610,66664,2.2292358804,-0.765517241379,2003MM01,87.4993079585
66665,A5,307610,66665,2.23953488372,-0.766896551724,2003MM02,87.3910034602
66666,A5,307610,66666,2.24983388704,-0.768275862069,2003MM03,87.2826989619
66667,A5,307610,66667,2.26013289037,-0.769655172414,2003MM04,87.1743944637
66668,A5,307610,66668,2.27043189369,-0.771034482759,2003MM05,87.0660899654
66669,A5,307610,66669,2.28073089701,-0.772413793103,2003MM06,86.9577854671
66670,A5,307610,66670,2.29102990033,-0.773793103448,2003MM07,86.8494809689
66671,A5,307610,66671,2.30132890365,-0.775172413793,2003MM08,86.7411764706
66672,A5,307610,66672,2.31162790698,-0.776551724138,2003MM09,86.6328719723
66673,A5,307610,66673,2.3219269103,-0.777931034483,2003MM10,86.524567474
66674,A5,307610,66674,2.33222591362,-0.779310344828,2003MM11,86.4162629758
66675,A5,307610,66675,2.34252491694,-0.780689655172,2003MM12,86.3079584775
66677,A5,307610,66677,2.35282392027,-0.782068965517,2004MM01,86.1996539792
66678,A5,307610,66678,2.36312292359,-0.783448275862,2004MM02,86.091349481
66679,A5,307610,66679,2.37342192691,-0.784827586207,2004MM03,85.9830449827
66680,A5,307610,66680,2.38372093023,-0.786206896552,2004MM04,85.8747404844
66681,A5,307610,66681,2.39401993355,-0.787586206897,2004MM05,85.7664359862
66682,A5,307610,66682,2.40431893688,-0.788965517241,2004MM06,85.6581314879
66683,A5,307610,66683,2.4146179402,-0.790344827586,2004MM07,85.5498269896
66684,A5,307610,66684,2.42491694352,-0.791724137931,2004MM08,85.4415224913
66685,A5,307610,66685,2.43521594684,-0.793103448276,2004MM09,85.3332179931
66686,A5,307610,66686,2.44551495017,-0.794482758621,2004MM10,85.2249134948
66687,A5,307610,66687,2.45581395349,-0.795862068966,2004MM11,85.1166089965
66688,A5,307610,66688,2.46611295681,-0.79724137931,2004MM12,85.0083044983
66690,A5,307610,66690,2.47641196013,-0.798620689655,2005MM01,84.9
66691,A5,307610,66691,2.48671096346,-0.8,2005MM02,84.2
66692,A5,307610,66692,2.49700996678,-0.2,2005MM03,84.0
66693,A5,307610,66693,2.5073089701,-1.0,2005MM04,83.2
66694,A5,307610,66694,2.51760797342,0.3,2005MM05,83.5
66695,A5,307610,66695,2.52790697674,0.8,2005MM06,84.1
66696,A5,307610,66696,2.53820598007,0.2,2005MM07,84.2
66697,A5,307610,66697,2.54850498339,-0.1,2005MM08,84.2
66698,A5,307610,66698,2.55880398671,1.1,2005MM09,85.1
66699,A5,307610,66699,2.56910299003,0.9,2005MM10,85.9
66700,A5,307610,66700,2.57940199336,0.5,2005MM11,86.3
66701,A5,307610,66701,2.58970099668,0.7,2005MM12,86.9
66703,A5,307610,66703,2.6,0.2,2006MM01,87.1
66704,A5,307610,66704,3.6,0.2,2006MM02,87.2
66705,A5,307610,66705,4.0,0.1,2006MM03,87.4
66706,A5,307610,66706,4.9,-0.1,2006MM04,87.2
66707,A5,307610,66707,3.8,-0.8,2006MM05,86.6
66708,A5,307610,66708,2.5,-0.4,2006MM06,86.2
66709,A5,307610,66709,1.8,-0.5,2006MM07,85.8
66710,A5,307610,66710,2.4,0.5,2006MM08,86.2
66711,A5,307610,66711,2.5,1.1,2006MM09,87.2
66712,A5,307610,66712,2.8,1.3,2006MM10,88.3
66713,A5,307610,66713,2.6,0.2,2006MM11,88.5
66714,A5,307610,66714,3.4,1.5,2006MM12,89.8
66716,A5,307610,66716,4.1,0.9,2007MM01,90.7
66717,A5,307610,66717,4.6,0.7,2007MM02,91.3
66718,A5,307610,66718,5.3,0.8,2007MM03,91.9
66719,A5,307610,66719,7.6,2.1,2007MM04,93.8
66720,A5,307610,66720,9.3,0.8,2007MM05,94.6
66721,A5,307610,66721,10.0,0.3,2007MM06,94.9
66722,A5,307610,66722,12.2,1.5,2007MM07,96.3
66723,A5,307610,66723,13.2,1.3,2007MM08,97.5
66724,A5,307610,66724,14.0,1.9,2007MM09,99.4
66725,A5,307610,66725,12.6,0.1,2007MM10,99.4
66726,A5,307610,66726,12.7,0.3,2007MM11,99.7
66727,A5,307610,66727,11.1,0.0,2007MM12,99.7
66729,A5,307610,66729,10.4,0.4,2008MM01,100.1
66730,A5,307610,66730,10.8,1.0,2008MM02,101.1
66731,A5,307610,66731,9.1,-0.8,2008MM03,100.3
66732,A5,307610,66732,6.7,-0.2,2008MM04,100.1
66733,A5,307610,66733,6.2,0.3,2008MM05,100.5
66734,A5,307610,66734,6.9,0.9,2008MM06,101.4
66735,A5,307610,66735,4.4,-0.9,2008MM07,100.5
66736,A5,307610,66736,3.2,0.2,2008MM08,100.6
66737,A5,307610,66737,1.2,-0.1,2008MM09,100.6
66738,A5,307610,66738,0.3,-0.8,2008MM10,99.7
66739,A5,307610,66739,-1.1,-1.1,2008MM11,98.6
66740,A5,307610,66740,-1.7,-0.5,2008MM12,98.1
66742,A5,307610,66742,-2.1,-0.1,2009MM01,98.0
66743,A5,307610,66743,-3.5,-0.4,2009MM02,97.6
66744,A5,307610,66744,-3.9,-1.1,2009MM03,96.4
66745,A5,307610,66745,-4.9,-1.3,2009MM04,95.2
66746,A5,307610,66746,-5.6,-0.4,2009MM05,94.8
66747,A5,307610,66747,-6.5,-0.1,2009MM06,94.7
66748,A5,307610,66748,-5.5,0.1,2009MM07,94.9
66749,A5,307610,66749,-5.4,0.4,2009MM08,95.2
66750,A5,307610,66750,-5.3,0.0,2009MM09,95.2
66751,A5,307610,66751,-4.3,0.2,2009MM10,95.4
66752,A5,307610,66752,-2.4,0.9,2009MM11,96.3
66753,A5,307610,66753,-0.5,1.4,2009MM12,97.6
66755,A5,307610,66755,-0.3,0.1,2010MM01,97.7
66756,A5,307610,66756,0.1,0.0,2010MM02,97.7
66757,A5,307610,66757,1.6,0.4,2010MM03,98.0
66758,A5,307610,66758,3.7,0.7,2010MM04,98.7
66759,A5,307610,66759,5.2,1.1,2010MM05,99.8
66760,A5,307610,66760,5.6,0.3,2010MM06,100.1
66761,A5,307610,66761,4.8,-0.6,2010MM07,99.4
66762,A5,307610,66762,4.9,0.5,2010MM08,99.9
66763,A5,307610,66763,5.7,0.7,2010MM09,100.6
66764,A5,307610,66764,6.6,1.1,2010MM10,101.7
66765,A5,307610,66765,6.5,0.8,2010MM11,102.5
66766,A5,307610,66766,6.6,1.5,2010MM12,104.0
66768,A5,307610,66768,8.9,2.3,2011MM01,106.4
66769,A5,307610,66769,10.2,1.2,2011MM02,107.6
66770,A5,307610,66770,10.4,0.5,2011MM03,108.2
66771,A5,307610,66771,10.0,0.3,2011MM04,108.5
66772,A5,307610,66772,8.4,-0.4,2011MM05,108.1
66773,A5,307610,66773,7.1,-0.8,2011MM06,107.2
66774,A5,307610,66774,8.2,0.4,2011MM07,107.6
66775,A5,307610,66775,7.3,-0.4,2011MM08,107.2
66776,A5,307610,66776,6.7,0.1,2011MM09,107.3
66777,A5,307610,66777,6.0,0.5,2011MM10,107.8
66778,A5,307610,66778,5.9,0.8,2011MM11,108.6
66779,A5,307610,66779,5.6,1.2,2011MM12,109.9
66781,A5,307610,66781,3.8,0.4,2012MM01,110.4
66782,A5,307610,66782,2.4,-0.2,2012MM02,110.2
66783,A5,307610,66783,1.8,-0.1,2012MM03,110.1
66784,A5,307610,66784,1.1,-0.3,2012MM04,109.7
66785,A5,307610,66785,1.6,0.1,2012MM05,109.9
66786,A5,307610,66786,2.8,0.3,2012MM06,110.2
66787,A5,307610,66787,3.5,1.0,2012MM07,111.4
66788,A5,307610,66788,6.0,2.0,2012MM08,113.6
66789,A5,307610,66789,6.3,0.4,2012MM09,114.1
66790,A5,307610,66790,6.7,0.8,2012MM10,115.0
66791,A5,307610,66791,7.1,1.1,2012MM11,116.3
66792,A5,307610,66792,5.6,-0.2,2012MM12,116.0
66794,A5,307610,66794,4.7,-0.4,2013MM01,115.6
66795,A5,307610,66795,4.0,-0.9,2013MM02,114.6
66796,A5,307610,66796,4.0,-0.1,2013MM03,114.4
66797,A5,307610,66797,4.3,0.0,2013MM04,114.5
66798,A5,307610,66798,4.3,0.2,2013MM05,114.7
66799,A5,307610,66799,3.6,-0.4,2013MM06,114.2
66800,A5,307610,66800,1.5,-1.0,2013MM07,113.1
66801,A5,307610,66801,-0.2,0.2,2013MM08,113.3
66802,A5,307610,66802,0.1,0.7,2013MM09,114.1
66803,A5,307610,66803,-0.8,0.0,2013MM10,114.1
66804,A5,307610,66804,-1.3,0.6,2013MM11,114.8
66805,A5,307610,66805,-0.5,0.6,2013MM12,115.5
66807,A5,307610,66807,-0.5,-0.4,2014MM01,115.0
66808,A5,307610,66808,0.6,0.2,2014MM02,115.2
66809,A5,307610,66809,0.1,-0.6,2014MM03,114.6
66810,A5,307610,66810,0.0,-0.2,2014MM04,114.4
66811,A5,307610,66811,0.2,0.4,2014MM05,114.9
66812,A5,307610,66812,0.4,-0.2,2014MM06,114.7
66813,A5,307610,66813,0.9,-0.5,2014MM07,114.1
66814,A5,307610,66814,0.3,-0.5,2014MM08,113.6
66815,A5,307610,66815,-0.7,-0.2,2014MM09,113.4
66816,A5,307610,66816,-2.3,-1.6,2014MM10,111.5
66817,A5,307610,66817,-3.5,-0.7,2014MM11,110.7
66818,A5,307610,66818,-4.1,0.0,2014MM12,110.8
66820,A5,307610,66820,-4.2,-0.6,2015MM01,110.1
66821,A5,307610,66821,-4.8,-0.4,2015MM02,109.7
66822,A5,307610,66822,-3.8,0.5,2015MM03,110.3
66823,A5,307610,66823,-3.7,0.0,2015MM04,110.2
66824,A5,307610,66824,-4.7,-0.7,2015MM05,109.4
66825,A5,307610,66825,-4.6,0.0,2015MM06,109.5
66826,A5,307610,66826,-4.8,-0.7,2015MM07,108.6
66827,A5,307610,66827,-5.3,-1.0,2015MM08,107.6
66828,A5,307610,66828,-4.7,0.5,2015MM09,108.1
66829,A5,307610,66829,-2.6,0.5,2015MM10,108.6
66830,A5,307610,66830,-0.2,1.8,2015MM11,110.5
66831,A5,307610,66831,-0.9,-0.7,2015MM12,109.8
66833,A5,307610,66833,-1.2,-0.9,2016MM01,108.8
66834,A5,307610,66834,-1.3,-0.5,2016MM02,108.2
66835,A5,307610,66835,-0.8,1.0,2016MM03,109.3
66836,A5,307610,66836,-2.3,-1.5,2016MM04,107.7
66837,A5,307610,66837,-1.5,0.1,2016MM05,107.8
66838,A5,307610,66838,0.1,1.7,2016MM06,109.6
66839,A5,307610,66839,1.8,0.9,2016MM07,110.6
66840,A5,307610,66840,3.0,0.2,2016MM08,110.8
66841,A5,307610,66841,3.4,0.8,2016MM09,111.8
66842,A5,307610,66842,3.9,0.9,2016MM10,112.8
66843,A5,307610,66843,3.1,1.0,2016MM11,113.9
66844,A5,307610,66844,4.3,0.6,2016MM12,114.5
66846,A5,307610,66846,5.7,0.5,2017MM01,115.1
66847,A5,307610,66847,7.0,0.6,2017MM02,115.8
66848,A5,307610,66848,5.6,-0.2,2017MM03,115.5
66849,A5,307610,66849,7.4,0.1,2017MM04,115.7
66850,A5,307610,66850,7.5,0.2,2017MM05,115.9
66851,A5,307610,66851,4.6,-1.1,2017MM06,114.7
66852,A5,307610,66852,3.2,-0.4,2017MM07,114.2
66853,A5,307610,66853,3.0,-0.1,2017MM08,114.2
66854,A5,307610,66854,2.7,0.6,2017MM09,114.8
66855,A5,307610,66855,1.9,0.2,2017MM10,115.0
66856,A5,307610,66856,1.2,0.2,2017MM11,115.3
66857,A5,307610,66857,0.7,0.1,2017MM12,115.4
