,Afzet,BedrijfstakkenBranchesSBI2008,ID,OntwikkelingTOV1JaarEerder_2,OntwikkelingTOV1MaandEerder_3,Perioden,ProducentenprijsindexPPI_1
34632,A4,307600,34632,0.253846153846,0.1,1981MM01,70.9
34633,A4,307600,34633,0.907692307692,0.4,1981MM02,71.2
34634,A4,307600,34634,1.56153846154,0.7,1981MM03,71.6
34635,A4,307600,34635,2.21538461538,0.6,1981MM04,72.1
34636,A4,307600,34636,2.86923076923,1.3,1981MM05,73.0
34637,A4,307600,34637,3.52307692308,1.3,1981MM06,73.9
34638,A4,307600,34638,4.17692307692,0.9,1981MM07,74.6
34639,A4,307600,34639,4.83076923077,0.9,1981MM08,75.2
34640,A4,307600,34640,5.48461538462,1.1,1981MM09,76.1
34641,A4,307600,34641,6.13846153846,0.0,1981MM10,76.1
34642,A4,307600,34642,6.79230769231,0.0,1981MM11,76.1
34643,A4,307600,34643,7.44615384615,-0.1,1981MM12,76.1
34645,A4,307600,34645,8.1,0.7,1982MM01,76.6
34646,A4,307600,34646,7.9,0.2,1982MM02,76.8
34647,A4,307600,34647,7.5,0.3,1982MM03,77.0
34648,A4,307600,34648,7.4,0.5,1982MM04,77.4
34649,A4,307600,34649,6.5,0.5,1982MM05,77.7
34650,A4,307600,34650,5.6,0.4,1982MM06,78.1
34651,A4,307600,34651,4.6,0.0,1982MM07,78.1
34652,A4,307600,34652,3.5,-0.3,1982MM08,77.9
34653,A4,307600,34653,2.0,-0.3,1982MM09,77.6
34654,A4,307600,34654,1.8,-0.2,1982MM10,77.4
34655,A4,307600,34655,1.7,0.0,1982MM11,77.4
34656,A4,307600,34656,2.0,0.2,1982MM12,77.6
34658,A4,307600,34658,0.6,-0.7,1983MM01,77.0
34659,A4,307600,34659,0.1,-0.2,1983MM02,76.9
34660,A4,307600,34660,-0.2,-0.1,1983MM03,76.8
34661,A4,307600,34661,-0.6,0.2,1983MM04,76.9
34662,A4,307600,34662,-0.7,0.3,1983MM05,77.2
34663,A4,307600,34663,-0.8,0.3,1983MM06,77.4
34664,A4,307600,34664,-0.2,0.7,1983MM07,77.9
34665,A4,307600,34665,2.0,2.0,1983MM08,79.5
34666,A4,307600,34666,4.8,2.4,1983MM09,81.3
34667,A4,307600,34667,5.4,0.4,1983MM10,81.6
34668,A4,307600,34668,6.2,0.6,1983MM11,82.2
34669,A4,307600,34669,6.7,0.7,1983MM12,82.8
34671,A4,307600,34671,8.5,1.0,1984MM01,83.6
34672,A4,307600,34672,9.7,0.9,1984MM02,84.3
34673,A4,307600,34673,9.6,-0.1,1984MM03,84.2
34674,A4,307600,34674,9.6,0.2,1984MM04,84.3
34675,A4,307600,34675,9.6,0.3,1984MM05,84.6
34676,A4,307600,34676,10.1,0.7,1984MM06,85.2
34677,A4,307600,34677,8.7,-0.5,1984MM07,84.7
34678,A4,307600,34678,5.6,-1.0,1984MM08,83.9
34679,A4,307600,34679,2.6,-0.6,1984MM09,83.4
34680,A4,307600,34680,1.2,-0.9,1984MM10,82.7
34681,A4,307600,34681,0.8,0.2,1984MM11,82.8
34682,A4,307600,34682,-0.4,-0.5,1984MM12,82.4
34684,A4,307600,34684,-1.7,-0.3,1985MM01,82.2
34685,A4,307600,34685,-1.5,1.1,1985MM02,83.1
34686,A4,307600,34686,-1.5,-0.2,1985MM03,82.9
34687,A4,307600,34687,-1.7,0.0,1985MM04,82.9
34688,A4,307600,34688,-2.1,-0.2,1985MM05,82.8
34689,A4,307600,34689,-3.3,-0.5,1985MM06,82.4
34690,A4,307600,34690,-3.0,-0.3,1985MM07,82.2
34691,A4,307600,34691,-2.5,-0.5,1985MM08,81.8
34692,A4,307600,34692,-2.9,-0.9,1985MM09,81.0
34693,A4,307600,34693,-2.9,-0.9,1985MM10,80.3
34694,A4,307600,34694,-3.9,-0.8,1985MM11,79.6
34695,A4,307600,34695,-3.9,-0.6,1985MM12,79.2
34697,A4,307600,34697,-3.8,-0.1,1986MM01,79.1
34698,A4,307600,34698,-7.8,-3.2,1986MM02,76.6
34699,A4,307600,34699,-4.6,3.3,1986MM03,79.1
34700,A4,307600,34700,-5.5,-0.9,1986MM04,78.4
34701,A4,307600,34701,-5.7,-0.5,1986MM05,78.0
34702,A4,307600,34702,-5.3,0.0,1986MM06,78.0
34703,A4,307600,34703,-5.7,-0.7,1986MM07,77.5
34704,A4,307600,34704,-5.9,-0.7,1986MM08,77.0
34705,A4,307600,34705,-5.6,-0.7,1986MM09,76.4
34706,A4,307600,34706,-5.4,-0.6,1986MM10,76.0
34707,A4,307600,34707,-5.0,-0.5,1986MM11,75.6
34708,A4,307600,34708,-4.9,-0.4,1986MM12,75.3
34710,A4,307600,34710,-5.2,-0.5,1987MM01,74.9
34711,A4,307600,34711,-2.7,-0.5,1987MM02,74.5
34712,A4,307600,34712,-8.3,-2.7,1987MM03,72.5
34713,A4,307600,34713,-5.5,2.1,1987MM04,74.0
34714,A4,307600,34714,-5.7,-0.6,1987MM05,73.6
34715,A4,307600,34715,-6.3,-0.6,1987MM06,73.1
34716,A4,307600,34716,-6.3,-0.7,1987MM07,72.6
34717,A4,307600,34717,-6.1,-0.5,1987MM08,72.3
34718,A4,307600,34718,-5.4,0.0,1987MM09,72.3
34719,A4,307600,34719,-5.8,-1.0,1987MM10,71.6
34720,A4,307600,34720,-5.6,-0.2,1987MM11,71.4
34721,A4,307600,34721,-4.7,0.4,1987MM12,71.7
34723,A4,307600,34723,-4.3,0.0,1988MM01,71.7
34724,A4,307600,34724,-3.4,0.4,1988MM02,72.0
34725,A4,307600,34725,-0.3,0.4,1988MM03,72.3
34726,A4,307600,34726,-0.1,2.3,1988MM04,73.9
34727,A4,307600,34727,-1.5,-2.0,1988MM05,72.5
34728,A4,307600,34728,-0.8,0.1,1988MM06,72.5
34729,A4,307600,34729,-0.1,0.0,1988MM07,72.6
34730,A4,307600,34730,0.2,-0.2,1988MM08,72.4
34731,A4,307600,34731,0.6,0.4,1988MM09,72.7
34732,A4,307600,34732,3.1,1.5,1988MM10,73.8
34733,A4,307600,34733,4.2,0.8,1988MM11,74.4
34734,A4,307600,34734,4.8,1.0,1988MM12,75.2
34736,A4,307600,34736,5.9,1.0,1989MM01,76.0
34737,A4,307600,34737,5.6,0.1,1989MM02,76.1
34738,A4,307600,34738,5.9,0.6,1989MM03,76.6
34739,A4,307600,34739,3.9,0.4,1989MM04,76.8
34740,A4,307600,34740,7.1,1.0,1989MM05,77.6
34741,A4,307600,34741,6.2,-0.7,1989MM06,77.0
34742,A4,307600,34742,5.8,-0.3,1989MM07,76.8
34743,A4,307600,34743,5.6,-0.4,1989MM08,76.5
34744,A4,307600,34744,5.1,-0.2,1989MM09,76.4
34745,A4,307600,34745,3.6,0.1,1989MM10,76.5
34746,A4,307600,34746,3.2,0.4,1989MM11,76.8
34747,A4,307600,34747,1.3,-0.8,1989MM12,76.2
34749,A4,307600,34749,0.4,0.1,1990MM01,76.2
34750,A4,307600,34750,1.2,1.0,1990MM02,77.0
34751,A4,307600,34751,0.3,-0.3,1990MM03,76.8
34752,A4,307600,34752,-1.0,-0.9,1990MM04,76.0
34753,A4,307600,34753,-2.4,-0.4,1990MM05,75.7
34754,A4,307600,34754,-2.2,-0.5,1990MM06,75.3
34755,A4,307600,34755,-2.3,-0.3,1990MM07,75.0
34756,A4,307600,34756,-2.4,-0.5,1990MM08,74.7
34757,A4,307600,34757,-3.1,-0.9,1990MM09,74.0
34758,A4,307600,34758,-3.9,-0.8,1990MM10,73.5
34759,A4,307600,34759,-4.7,-0.3,1990MM11,73.2
34760,A4,307600,34760,-3.9,0.0,1990MM12,73.2
34762,A4,307600,34762,-4.2,-0.2,1991MM01,73.0
34763,A4,307600,34763,-1.6,3.7,1991MM02,75.7
34764,A4,307600,34764,-3.7,-2.4,1991MM03,73.9
34765,A4,307600,34765,-1.8,1.1,1991MM04,74.7
34766,A4,307600,34766,-1.2,0.1,1991MM05,74.8
34767,A4,307600,34767,-0.3,0.4,1991MM06,75.1
34768,A4,307600,34768,0.8,0.8,1991MM07,75.6
34769,A4,307600,34769,1.9,0.6,1991MM08,76.1
34770,A4,307600,34770,3.1,0.2,1991MM09,76.3
34771,A4,307600,34771,4.4,0.5,1991MM10,76.7
34772,A4,307600,34772,5.4,0.6,1991MM11,77.2
34773,A4,307600,34773,5.4,0.0,1991MM12,77.2
34775,A4,307600,34775,6.1,0.4,1992MM01,77.5
34776,A4,307600,34776,2.5,0.2,1992MM02,77.6
34777,A4,307600,34777,5.1,0.1,1992MM03,77.7
34778,A4,307600,34778,4.6,0.6,1992MM04,78.1
34779,A4,307600,34779,4.6,0.1,1992MM05,78.2
34780,A4,307600,34780,4.2,0.0,1992MM06,78.3
34781,A4,307600,34781,3.5,0.1,1992MM07,78.3
34782,A4,307600,34782,2.8,-0.1,1992MM08,78.2
34783,A4,307600,34783,2.3,-0.2,1992MM09,78.1
34784,A4,307600,34784,1.4,-0.4,1992MM10,77.8
34785,A4,307600,34785,0.4,-0.4,1992MM11,77.5
34786,A4,307600,34786,-0.1,-0.5,1992MM12,77.1
34788,A4,307600,34788,-0.9,-0.4,1993MM01,76.8
34789,A4,307600,34789,-1.2,-0.1,1993MM02,76.7
34790,A4,307600,34790,-1.8,-0.6,1993MM03,76.2
34791,A4,307600,34791,-2.8,-0.3,1993MM04,76.0
34792,A4,307600,34792,-2.4,0.5,1993MM05,76.3
34793,A4,307600,34793,-2.6,-0.2,1993MM06,76.2
34794,A4,307600,34794,-2.5,0.2,1993MM07,76.4
34795,A4,307600,34795,-2.8,-0.4,1993MM08,76.0
34796,A4,307600,34796,-2.4,0.2,1993MM09,76.2
34797,A4,307600,34797,-2.1,-0.1,1993MM10,76.1
34798,A4,307600,34798,-2.1,-0.3,1993MM11,75.9
34799,A4,307600,34799,-1.6,0.0,1993MM12,75.9
34801,A4,307600,34801,-1.7,-0.5,1994MM01,75.5
34802,A4,307600,34802,-1.9,-0.3,1994MM02,75.3
34803,A4,307600,34803,-0.8,0.4,1994MM03,75.6
34804,A4,307600,34804,-0.2,0.3,1994MM04,75.8
34805,A4,307600,34805,0.7,1.5,1994MM05,76.9
34806,A4,307600,34806,0.0,-0.9,1994MM06,76.2
34807,A4,307600,34807,0.2,0.4,1994MM07,76.5
34808,A4,307600,34808,0.5,-0.2,1994MM08,76.4
34809,A4,307600,34809,0.6,0.3,1994MM09,76.6
34810,A4,307600,34810,1.5,0.8,1994MM10,77.2
34811,A4,307600,34811,1.7,-0.1,1994MM11,77.2
34812,A4,307600,34812,1.6,-0.2,1994MM12,77.0
34814,A4,307600,34814,2.5,0.5,1995MM01,77.4
34815,A4,307600,34815,3.4,0.5,1995MM02,77.8
34816,A4,307600,34816,2.8,-0.1,1995MM03,77.7
34817,A4,307600,34817,2.0,-0.5,1995MM04,77.3
34818,A4,307600,34818,0.2,-0.3,1995MM05,77.1
34819,A4,307600,34819,1.4,0.3,1995MM06,77.3
34820,A4,307600,34820,0.6,-0.4,1995MM07,77.0
34821,A4,307600,34821,1.1,0.3,1995MM08,77.2
34822,A4,307600,34822,1.2,0.5,1995MM09,77.6
34823,A4,307600,34823,0.4,0.0,1995MM10,77.6
34824,A4,307600,34824,0.4,-0.1,1995MM11,77.5
34825,A4,307600,34825,1.0,0.3,1995MM12,77.8
34827,A4,307600,34827,0.9,0.4,1996MM01,78.1
34828,A4,307600,34828,0.6,0.2,1996MM02,78.3
34829,A4,307600,34829,1.2,0.4,1996MM03,78.6
34830,A4,307600,34830,2.2,0.6,1996MM04,79.1
34831,A4,307600,34831,3.6,1.0,1996MM05,79.8
34832,A4,307600,34832,3.7,0.3,1996MM06,80.1
34833,A4,307600,34833,4.1,0.0,1996MM07,80.2
34834,A4,307600,34834,4.1,0.2,1996MM08,80.3
34835,A4,307600,34835,3.5,-0.1,1996MM09,80.3
34836,A4,307600,34836,2.8,-0.7,1996MM10,79.7
34837,A4,307600,34837,1.8,-1.0,1996MM11,78.9
34838,A4,307600,34838,1.8,0.4,1996MM12,79.2
34840,A4,307600,34840,1.3,-0.1,1997MM01,79.1
34841,A4,307600,34841,1.6,0.6,1997MM02,79.6
34842,A4,307600,34842,2.4,1.2,1997MM03,80.5
34843,A4,307600,34843,4.2,2.3,1997MM04,82.4
34844,A4,307600,34844,4.9,1.7,1997MM05,83.8
34845,A4,307600,34845,2.9,-1.6,1997MM06,82.5
34846,A4,307600,34846,2.7,-0.2,1997MM07,82.3
34847,A4,307600,34847,3.5,1.1,1997MM08,83.2
34848,A4,307600,34848,3.5,0.0,1997MM09,83.1
34849,A4,307600,34849,3.4,-0.8,1997MM10,82.4
34850,A4,307600,34850,4.2,-0.3,1997MM11,82.2
34851,A4,307600,34851,3.2,-0.5,1997MM12,81.7
34853,A4,307600,34853,3.1,-0.3,1998MM01,81.5
34854,A4,307600,34854,2.6,0.1,1998MM02,81.6
34855,A4,307600,34855,0.6,-0.7,1998MM03,81.0
34856,A4,307600,34856,-2.4,-0.8,1998MM04,80.4
34857,A4,307600,34857,-4.8,-0.7,1998MM05,79.8
34858,A4,307600,34858,-3.4,-0.2,1998MM06,79.7
34859,A4,307600,34859,-3.9,-0.7,1998MM07,79.1
34860,A4,307600,34860,-5.5,-0.7,1998MM08,78.6
34861,A4,307600,34861,-6.1,-0.6,1998MM09,78.1
34862,A4,307600,34862,-6.4,-1.2,1998MM10,77.2
34863,A4,307600,34863,-6.6,-0.5,1998MM11,76.8
34864,A4,307600,34864,-5.5,0.6,1998MM12,77.3
34866,A4,307600,34866,-5.8,-0.6,1999MM01,76.8
34867,A4,307600,34867,-5.6,0.3,1999MM02,77.0
34868,A4,307600,34868,-5.1,-0.2,1999MM03,76.8
34869,A4,307600,34869,-5.3,-0.9,1999MM04,76.1
34870,A4,307600,34870,-4.8,-0.2,1999MM05,76.0
34871,A4,307600,34871,-3.9,0.7,1999MM06,76.5
34872,A4,307600,34872,-3.2,0.0,1999MM07,76.6
34873,A4,307600,34873,-2.2,0.4,1999MM08,76.9
34874,A4,307600,34874,-1.4,0.2,1999MM09,77.0
34875,A4,307600,34875,-0.4,-0.2,1999MM10,76.8
34876,A4,307600,34876,0.3,0.2,1999MM11,77.0
34877,A4,307600,34877,0.2,0.5,1999MM12,77.4
34879,A4,307600,34879,1.2,0.4,2000MM01,77.7
34880,A4,307600,34880,1.6,0.8,2000MM02,78.3
34881,A4,307600,34881,2.4,0.5,2000MM03,78.7
34882,A4,307600,34882,3.5,0.2,2000MM04,78.8
34883,A4,307600,34883,4.4,0.7,2000MM05,79.3
34884,A4,307600,34884,3.8,0.2,2000MM06,79.4
34885,A4,307600,34885,4.2,0.4,2000MM07,79.7
34886,A4,307600,34886,4.4,0.6,2000MM08,80.2
34887,A4,307600,34887,5.2,1.0,2000MM09,81.0
34888,A4,307600,34888,6.5,1.0,2000MM10,81.8
34889,A4,307600,34889,7.6,1.3,2000MM11,82.9
34890,A4,307600,34890,7.1,0.0,2000MM12,82.9
34892,A4,307600,34892,7.0,0.4,2001MM01,83.2
34893,A4,307600,34893,7.2,0.9,2001MM02,83.9
34894,A4,307600,34894,7.1,0.4,2001MM03,84.2
34895,A4,307600,34895,6.3,-0.6,2001MM04,83.7
34896,A4,307600,34896,4.4,-1.1,2001MM05,82.8
34897,A4,307600,34897,4.9,0.6,2001MM06,83.4
34898,A4,307600,34898,5.6,1.0,2001MM07,84.2
34899,A4,307600,34899,5.0,0.1,2001MM08,84.3
34900,A4,307600,34900,3.9,-0.1,2001MM09,84.2
34901,A4,307600,34901,3.7,0.8,2001MM10,84.8
34902,A4,307600,34902,1.8,-0.6,2001MM11,84.4
34903,A4,307600,34903,1.0,-0.8,2001MM12,83.7
34905,A4,307600,34905,0.4,-0.2,2002MM01,83.5
34906,A4,307600,34906,-0.3,0.2,2002MM02,83.7
34907,A4,307600,34907,-0.7,0.0,2002MM03,83.7
34908,A4,307600,34908,0.2,0.3,2002MM04,83.9
34909,A4,307600,34909,0.3,-1.0,2002MM05,83.1
34910,A4,307600,34910,-0.9,-0.6,2002MM06,82.6
34911,A4,307600,34911,-1.8,0.1,2002MM07,82.7
34912,A4,307600,34912,-1.6,0.2,2002MM08,82.9
34913,A4,307600,34913,-1.0,0.5,2002MM09,83.3
34914,A4,307600,34914,-1.8,0.0,2002MM10,83.3
34915,A4,307600,34915,-1.4,-0.2,2002MM11,83.2
34916,A4,307600,34916,0.2,0.8,2002MM12,83.8
34918,A4,307600,34918,0.3,-0.1,2003MM01,83.7
34919,A4,307600,34919,-0.2,-0.2,2003MM02,83.5
34920,A4,307600,34920,-1.5,-1.3,2003MM03,82.4
34921,A4,307600,34921,-1.4,0.4,2003MM04,82.8
34922,A4,307600,34922,-0.6,-0.2,2003MM05,82.6
34923,A4,307600,34923,-0.2,-0.1,2003MM06,82.5
34924,A4,307600,34924,-0.2,0.0,2003MM07,82.5
34925,A4,307600,34925,-0.3,0.2,2003MM08,82.7
34926,A4,307600,34926,0.1,1.0,2003MM09,83.4
34927,A4,307600,34927,0.4,0.3,2003MM10,83.7
34928,A4,307600,34928,2.0,1.3,2003MM11,84.8
34929,A4,307600,34929,-0.1,-1.2,2003MM12,83.7
34931,A4,307600,34931,0.0,0.0,2004MM01,83.7
34932,A4,307600,34932,1.7,1.4,2004MM02,84.9
34933,A4,307600,34933,3.9,0.9,2004MM03,85.7
34934,A4,307600,34934,3.7,0.2,2004MM04,85.8
34935,A4,307600,34935,3.2,-0.6,2004MM05,85.2
34936,A4,307600,34936,3.5,0.1,2004MM06,85.4
34937,A4,307600,34937,2.4,-1.0,2004MM07,84.5
34938,A4,307600,34938,2.8,0.6,2004MM08,85.0
34939,A4,307600,34939,1.9,0.0,2004MM09,85.0
34940,A4,307600,34940,0.6,-1.0,2004MM10,84.2
34941,A4,307600,34941,-0.3,0.4,2004MM11,84.6
34942,A4,307600,34942,0.7,-0.3,2004MM12,84.3
34944,A4,307600,34944,0.723076923077,-0.05,2005MM01,83.7
34945,A4,307600,34945,0.746153846154,0.2,2005MM02,83.9
34946,A4,307600,34946,0.769230769231,-0.2,2005MM03,83.8
34947,A4,307600,34947,0.792307692308,0.1,2005MM04,83.8
34948,A4,307600,34948,0.815384615385,0.3,2005MM05,84.1
34949,A4,307600,34949,0.838461538462,0.6,2005MM06,84.6
34950,A4,307600,34950,0.861538461538,0.1,2005MM07,84.7
34951,A4,307600,34951,0.884615384615,0.2,2005MM08,84.9
34952,A4,307600,34952,0.907692307692,0.1,2005MM09,85.0
34953,A4,307600,34953,0.930769230769,-0.2,2005MM10,84.8
34954,A4,307600,34954,0.953846153846,-0.1,2005MM11,84.7
34955,A4,307600,34955,0.976923076923,0.0,2005MM12,84.7
34957,A4,307600,34957,1.0,-0.1,2006MM01,84.6
34958,A4,307600,34958,1.0,0.2,2006MM02,84.8
34959,A4,307600,34959,1.3,0.1,2006MM03,84.8
34960,A4,307600,34960,1.3,0.1,2006MM04,84.9
34961,A4,307600,34961,0.9,0.0,2006MM05,84.9
34962,A4,307600,34962,0.4,0.1,2006MM06,84.9
34963,A4,307600,34963,0.6,0.3,2006MM07,85.2
34964,A4,307600,34964,0.9,0.5,2006MM08,85.7
34965,A4,307600,34965,1.3,0.5,2006MM09,86.1
34966,A4,307600,34966,2.6,1.0,2006MM10,87.0
34967,A4,307600,34967,3.0,0.3,2006MM11,87.2
34968,A4,307600,34968,3.8,0.8,2006MM12,87.9
34970,A4,307600,34970,5.1,1.1,2007MM01,88.8
34971,A4,307600,34971,5.4,0.6,2007MM02,89.3
34972,A4,307600,34972,5.8,0.5,2007MM03,89.8
34973,A4,307600,34973,7.5,1.7,2007MM04,91.3
34974,A4,307600,34974,8.3,0.7,2007MM05,91.9
34975,A4,307600,34975,8.7,0.5,2007MM06,92.4
34976,A4,307600,34976,11.2,2.7,2007MM07,94.8
34977,A4,307600,34977,12.0,1.2,2007MM08,95.9
34978,A4,307600,34978,13.4,1.7,2007MM09,97.6
34979,A4,307600,34979,14.6,2.2,2007MM10,99.7
34980,A4,307600,34980,15.3,0.9,2007MM11,100.5
34981,A4,307600,34981,14.9,0.5,2007MM12,101.0
34983,A4,307600,34983,14.2,0.5,2008MM01,101.5
34984,A4,307600,34984,14.0,0.4,2008MM02,101.8
34985,A4,307600,34985,13.4,0.0,2008MM03,101.8
34986,A4,307600,34986,12.2,0.6,2008MM04,102.4
34987,A4,307600,34987,11.9,0.5,2008MM05,102.9
34988,A4,307600,34988,12.1,0.6,2008MM06,103.6
34989,A4,307600,34989,8.9,-0.3,2008MM07,103.2
34990,A4,307600,34990,7.2,-0.4,2008MM08,102.8
34991,A4,307600,34991,4.5,-0.8,2008MM09,102.0
34992,A4,307600,34992,0.7,-1.5,2008MM10,100.4
34993,A4,307600,34993,-1.8,-1.7,2008MM11,98.7
34994,A4,307600,34994,-3.4,-1.1,2008MM12,97.6
34996,A4,307600,34996,-5.1,-1.3,2009MM01,96.3
34997,A4,307600,34997,-5.7,-0.3,2009MM02,96.0
34998,A4,307600,34998,-5.7,-0.1,2009MM03,95.9
34999,A4,307600,34999,-6.7,-0.5,2009MM04,95.5
35000,A4,307600,35000,-7.1,0.1,2009MM05,95.6
35001,A4,307600,35001,-7.6,0.0,2009MM06,95.7
35002,A4,307600,35002,-7.4,-0.1,2009MM07,95.6
35003,A4,307600,35003,-7.3,-0.3,2009MM08,95.3
35004,A4,307600,35004,-6.5,0.0,2009MM09,95.3
35005,A4,307600,35005,-5.3,-0.2,2009MM10,95.1
35006,A4,307600,35006,-3.3,0.3,2009MM11,95.4
35007,A4,307600,35007,-2.4,-0.2,2009MM12,95.2
35009,A4,307600,35009,-0.2,0.9,2010MM01,96.1
35010,A4,307600,35010,0.4,0.3,2010MM02,96.4
35011,A4,307600,35011,0.9,0.4,2010MM03,96.8
35012,A4,307600,35012,1.7,0.3,2010MM04,97.1
35013,A4,307600,35013,2.4,0.8,2010MM05,97.9
35014,A4,307600,35014,3.6,1.2,2010MM06,99.1
35015,A4,307600,35015,4.8,1.0,2010MM07,100.1
35016,A4,307600,35016,6.0,0.9,2010MM08,101.0
35017,A4,307600,35017,7.0,1.0,2010MM09,102.0
35018,A4,307600,35018,8.8,1.6,2010MM10,103.5
35019,A4,307600,35019,9.5,0.9,2010MM11,104.5
35020,A4,307600,35020,10.9,1.1,2010MM12,105.6
35022,A4,307600,35022,12.2,2.1,2011MM01,107.8
35023,A4,307600,35023,13.5,1.4,2011MM02,109.4
35024,A4,307600,35024,14.0,0.9,2011MM03,110.4
35025,A4,307600,35025,14.8,1.0,2011MM04,111.4
35026,A4,307600,35026,14.3,0.5,2011MM05,111.9
35027,A4,307600,35027,12.9,0.0,2011MM06,111.9
35028,A4,307600,35028,12.3,0.4,2011MM07,112.4
35029,A4,307600,35029,10.4,-0.8,2011MM08,111.5
35030,A4,307600,35030,9.6,0.2,2011MM09,111.7
35031,A4,307600,35031,7.7,-0.2,2011MM10,111.5
35032,A4,307600,35032,7.1,0.3,2011MM11,111.9
35033,A4,307600,35033,6.1,0.1,2011MM12,112.0
35035,A4,307600,35035,5.2,1.3,2012MM01,113.5
35036,A4,307600,35036,4.0,0.3,2012MM02,113.8
35037,A4,307600,35037,3.5,0.4,2012MM03,114.2
35038,A4,307600,35038,3.2,0.6,2012MM04,115.0
35039,A4,307600,35039,3.2,0.5,2012MM05,115.5
35040,A4,307600,35040,3.7,0.5,2012MM06,116.1
35041,A4,307600,35041,4.3,1.0,2012MM07,117.3
35042,A4,307600,35042,6.1,0.9,2012MM08,118.3
35043,A4,307600,35043,6.9,0.9,2012MM09,119.4
35044,A4,307600,35044,7.7,0.6,2012MM10,120.1
35045,A4,307600,35045,7.6,0.2,2012MM11,120.4
35046,A4,307600,35046,7.2,-0.3,2012MM12,120.0
35048,A4,307600,35048,5.9,0.1,2013MM01,120.1
35049,A4,307600,35049,5.5,-0.1,2013MM02,120.0
35050,A4,307600,35050,4.7,-0.4,2013MM03,119.6
35051,A4,307600,35051,3.7,-0.3,2013MM04,119.2
35052,A4,307600,35052,3.0,-0.1,2013MM05,119.0
35053,A4,307600,35053,2.6,0.1,2013MM06,119.1
35054,A4,307600,35054,2.0,0.4,2013MM07,119.6
35055,A4,307600,35055,1.0,-0.1,2013MM08,119.5
35056,A4,307600,35056,-0.4,-0.5,2013MM09,118.9
35057,A4,307600,35057,-2.2,-1.2,2013MM10,117.5
35058,A4,307600,35058,-2.2,0.3,2013MM11,117.8
35059,A4,307600,35059,-1.9,0.0,2013MM12,117.8
35061,A4,307600,35061,-1.7,0.3,2014MM01,118.1
35062,A4,307600,35062,-1.7,-0.2,2014MM02,117.9
35063,A4,307600,35063,-1.5,-0.1,2014MM03,117.8
35064,A4,307600,35064,-0.7,0.5,2014MM04,118.4
35065,A4,307600,35065,-1.1,-0.5,2014MM05,117.8
35066,A4,307600,35066,-1.4,-0.2,2014MM06,117.5
35067,A4,307600,35067,-1.6,0.1,2014MM07,117.7
35068,A4,307600,35068,-2.3,-0.8,2014MM08,116.7
35069,A4,307600,35069,-2.4,-0.6,2014MM09,116.0
35070,A4,307600,35070,-2.4,-1.2,2014MM10,114.6
35071,A4,307600,35071,-3.3,-0.6,2014MM11,113.9
35072,A4,307600,35072,-3.8,-0.5,2014MM12,113.3
35074,A4,307600,35074,-4.2,-0.1,2015MM01,113.2
35075,A4,307600,35075,-3.9,0.2,2015MM02,113.4
35076,A4,307600,35076,-3.3,0.5,2015MM03,113.9
35077,A4,307600,35077,-3.7,0.1,2015MM04,114.0
35078,A4,307600,35078,-3.5,-0.3,2015MM05,113.7
35079,A4,307600,35079,-3.4,-0.1,2015MM06,113.6
35080,A4,307600,35080,-3.9,-0.4,2015MM07,113.1
35081,A4,307600,35081,-4.0,-0.9,2015MM08,112.1
35082,A4,307600,35082,-3.7,-0.3,2015MM09,111.7
35083,A4,307600,35083,-3.0,-0.5,2015MM10,111.2
35084,A4,307600,35084,-1.7,0.7,2015MM11,112.0
35085,A4,307600,35085,-1.6,-0.4,2015MM12,111.5
35087,A4,307600,35087,-2.1,-0.7,2016MM01,110.7
35088,A4,307600,35088,-2.9,-0.6,2016MM02,110.0
35089,A4,307600,35089,-3.2,0.2,2016MM03,110.2
35090,A4,307600,35090,-3.4,-0.1,2016MM04,110.1
35091,A4,307600,35091,-2.0,1.1,2016MM05,111.3
35092,A4,307600,35092,-0.6,1.4,2016MM06,112.9
35093,A4,307600,35093,0.2,0.4,2016MM07,113.4
35094,A4,307600,35094,1.8,0.7,2016MM08,114.1
35095,A4,307600,35095,3.1,1.0,2016MM09,115.2
35096,A4,307600,35096,4.7,1.1,2016MM10,116.5
35097,A4,307600,35097,4.3,0.3,2016MM11,116.8
35098,A4,307600,35098,4.8,0.0,2016MM12,116.8
35100,A4,307600,35100,6.9,1.3,2017MM01,118.3
35101,A4,307600,35101,7.6,0.1,2017MM02,118.4
35102,A4,307600,35102,7.6,0.2,2017MM03,118.6
35103,A4,307600,35103,7.7,0.0,2017MM04,118.6
35104,A4,307600,35104,6.6,0.1,2017MM05,118.7
35105,A4,307600,35105,5.4,0.2,2017MM06,119.0
35106,A4,307600,35106,4.9,0.0,2017MM07,119.0
35107,A4,307600,35107,3.7,-0.5,2017MM08,118.4
35108,A4,307600,35108,2.7,0.0,2017MM09,118.4
35109,A4,307600,35109,0.7,-0.9,2017MM10,117.3
35110,A4,307600,35110,-0.3,-0.8,2017MM11,116.4
35111,A4,307600,35111,-0.7,-0.4,2017MM12,115.9
