,Afzet,BedrijfstakkenBranchesSBI2008,ID,OntwikkelingTOV1JaarEerder_2,OntwikkelingTOV1MaandEerder_3,Perioden,ProducentenprijsindexPPI_1
66859,A5,307600,66859,-0.0153846153846,-0.15,1981MM01,80.0
66860,A5,307600,66860,0.669230769231,0.1,1981MM02,80.1
66861,A5,307600,66861,1.35384615385,1.3,1981MM03,81.1
66862,A5,307600,66862,2.03846153846,0.8,1981MM04,81.8
66863,A5,307600,66863,2.72307692308,1.6,1981MM05,83.1
66864,A5,307600,66864,3.40769230769,0.7,1981MM06,83.7
66865,A5,307600,66865,4.09230769231,1.8,1981MM07,85.2
66866,A5,307600,66866,4.77692307692,1.4,1981MM08,86.4
66867,A5,307600,66867,5.46153846154,0.9,1981MM09,87.2
66868,A5,307600,66868,6.14615384615,-0.9,1981MM10,86.4
66869,A5,307600,66869,6.83076923077,0.3,1981MM11,86.6
66870,A5,307600,66870,7.51538461538,0.2,1981MM12,86.7
66872,A5,307600,66872,8.2,-0.2,1982MM01,86.5
66873,A5,307600,66873,8.0,-0.1,1982MM02,86.5
66874,A5,307600,66874,6.2,-0.3,1982MM03,86.2
66875,A5,307600,66875,4.7,-0.7,1982MM04,85.6
66876,A5,307600,66876,3.3,0.3,1982MM05,85.8
66877,A5,307600,66877,2.8,0.2,1982MM06,86.0
66878,A5,307600,66878,0.0,-0.9,1982MM07,85.2
66879,A5,307600,66879,-1.0,0.4,1982MM08,85.5
66880,A5,307600,66880,-2.1,-0.2,1982MM09,85.4
66881,A5,307600,66881,-1.1,0.1,1982MM10,85.4
66882,A5,307600,66882,-1.7,-0.4,1982MM11,85.1
66883,A5,307600,66883,-1.9,0.0,1982MM12,85.1
66885,A5,307600,66885,-2.8,-1.2,1983MM01,84.1
66886,A5,307600,66886,-3.4,-0.7,1983MM02,83.5
66887,A5,307600,66887,-3.4,-0.3,1983MM03,83.2
66888,A5,307600,66888,-3.4,-0.6,1983MM04,82.7
66889,A5,307600,66889,-3.1,0.5,1983MM05,83.1
66890,A5,307600,66890,-2.1,1.3,1983MM06,84.2
66891,A5,307600,66891,-1.0,0.2,1983MM07,84.4
66892,A5,307600,66892,1.0,2.4,1983MM08,86.4
66893,A5,307600,66893,3.9,2.6,1983MM09,88.7
66894,A5,307600,66894,3.8,0.0,1983MM10,88.6
66895,A5,307600,66895,5.0,0.8,1983MM11,89.3
66896,A5,307600,66896,6.2,1.2,1983MM12,90.4
66898,A5,307600,66898,8.4,0.9,1984MM01,91.2
66899,A5,307600,66899,10.2,0.9,1984MM02,92.0
66900,A5,307600,66900,10.7,0.1,1984MM03,92.1
66901,A5,307600,66901,12.0,0.6,1984MM04,92.7
66902,A5,307600,66902,12.4,0.8,1984MM05,93.5
66903,A5,307600,66903,12.3,1.2,1984MM06,94.5
66904,A5,307600,66904,11.7,-0.3,1984MM07,94.2
66905,A5,307600,66905,8.5,-0.5,1984MM08,93.8
66906,A5,307600,66906,5.8,0.1,1984MM09,93.8
66907,A5,307600,66907,5.3,-0.5,1984MM10,93.4
66908,A5,307600,66908,3.3,-1.2,1984MM11,92.3
66909,A5,307600,66909,2.0,-0.1,1984MM12,92.2
66911,A5,307600,66911,1.0,0.0,1985MM01,92.2
66912,A5,307600,66912,1.3,1.1,1985MM02,93.2
66913,A5,307600,66913,1.2,0.1,1985MM03,93.2
66914,A5,307600,66914,0.7,0.1,1985MM04,93.4
66915,A5,307600,66915,-0.2,-0.1,1985MM05,93.3
66916,A5,307600,66916,-1.8,-0.5,1985MM06,92.8
66917,A5,307600,66917,-1.8,-0.3,1985MM07,92.5
66918,A5,307600,66918,-2.1,-0.8,1985MM08,91.8
66919,A5,307600,66919,-3.2,-1.1,1985MM09,90.8
66920,A5,307600,66920,-3.5,-0.8,1985MM10,90.1
66921,A5,307600,66921,-3.7,-1.4,1985MM11,88.9
66922,A5,307600,66922,-3.9,-0.3,1985MM12,88.6
66924,A5,307600,66924,-4.3,-0.4,1986MM01,88.3
66925,A5,307600,66925,-10.3,-5.3,1986MM02,83.6
66926,A5,307600,66926,-6.2,4.6,1986MM03,87.4
66927,A5,307600,66927,-7.5,-1.2,1986MM04,86.4
66928,A5,307600,66928,-7.7,-0.4,1986MM05,86.1
66929,A5,307600,66929,-8.4,-1.2,1986MM06,85.1
66930,A5,307600,66930,-8.8,-0.8,1986MM07,84.4
66931,A5,307600,66931,-8.4,-0.4,1986MM08,84.1
66932,A5,307600,66932,-8.3,-1.0,1986MM09,83.3
66933,A5,307600,66933,-8.2,-0.6,1986MM10,82.8
66934,A5,307600,66934,-7.5,-0.6,1986MM11,82.2
66935,A5,307600,66935,-7.9,-0.8,1986MM12,81.6
66937,A5,307600,66937,-8.1,-0.5,1987MM01,81.1
66938,A5,307600,66938,-3.2,-0.3,1987MM02,80.9
66939,A5,307600,66939,-10.2,-3.0,1987MM03,78.5
66940,A5,307600,66940,-7.2,2.1,1987MM04,80.2
66941,A5,307600,66941,-7.9,-1.1,1987MM05,79.3
66942,A5,307600,66942,-6.9,-0.1,1987MM06,79.2
66943,A5,307600,66943,-6.7,-0.6,1987MM07,78.7
66944,A5,307600,66944,-6.8,-0.5,1987MM08,78.3
66945,A5,307600,66945,-6.0,-0.1,1987MM09,78.2
66946,A5,307600,66946,-6.3,-0.9,1987MM10,77.5
66947,A5,307600,66947,-5.9,-0.2,1987MM11,77.4
66948,A5,307600,66948,-4.7,0.4,1987MM12,77.7
66950,A5,307600,66950,-4.2,0.0,1988MM01,77.7
66951,A5,307600,66951,-4.0,-0.1,1988MM02,77.7
66952,A5,307600,66952,-0.9,0.2,1988MM03,77.8
66953,A5,307600,66953,-0.2,2.7,1988MM04,80.0
66954,A5,307600,66954,-1.6,-2.4,1988MM05,78.0
66955,A5,307600,66955,-1.7,-0.3,1988MM06,77.8
66956,A5,307600,66956,-0.6,0.5,1988MM07,78.2
66957,A5,307600,66957,0.0,0.1,1988MM08,78.3
66958,A5,307600,66958,0.7,0.6,1988MM09,78.8
66959,A5,307600,66959,3.3,1.7,1988MM10,80.1
66960,A5,307600,66960,5.0,1.4,1988MM11,81.3
66961,A5,307600,66961,5.4,0.8,1988MM12,82.0
66963,A5,307600,66963,6.7,1.2,1989MM01,82.9
66964,A5,307600,66964,7.1,0.3,1989MM02,83.2
66965,A5,307600,66965,7.5,0.7,1989MM03,83.7
66966,A5,307600,66966,5.7,0.9,1989MM04,84.5
66967,A5,307600,66967,10.4,2.0,1989MM05,86.2
66968,A5,307600,66968,8.5,-2.0,1989MM06,84.5
66969,A5,307600,66969,8.3,0.2,1989MM07,84.7
66970,A5,307600,66970,7.8,-0.3,1989MM08,84.4
66971,A5,307600,66971,6.2,-0.9,1989MM09,83.7
66972,A5,307600,66972,4.6,0.2,1989MM10,83.8
66973,A5,307600,66973,3.0,-0.1,1989MM11,83.8
66974,A5,307600,66974,1.0,-1.1,1989MM12,82.8
66976,A5,307600,66976,-0.1,0.1,1990MM01,82.9
66977,A5,307600,66977,-1.3,-0.9,1990MM02,82.1
66978,A5,307600,66978,-2.2,-0.3,1990MM03,81.9
66979,A5,307600,66979,-4.5,-1.4,1990MM04,80.8
66980,A5,307600,66980,-6.5,-0.2,1990MM05,80.6
66981,A5,307600,66981,-4.7,-0.1,1990MM06,80.5
66982,A5,307600,66982,-5.0,0.0,1990MM07,80.5
66983,A5,307600,66983,-5.4,-0.8,1990MM08,79.8
66984,A5,307600,66984,-5.6,-1.1,1990MM09,79.0
66985,A5,307600,66985,-6.9,-1.1,1990MM10,78.1
66986,A5,307600,66986,-6.8,0.0,1990MM11,78.1
66987,A5,307600,66987,-6.5,-0.8,1990MM12,77.4
66989,A5,307600,66989,-6.9,-0.4,1991MM01,77.2
66990,A5,307600,66990,-3.3,3.0,1991MM02,79.4
66991,A5,307600,66991,-5.3,-2.4,1991MM03,77.6
66992,A5,307600,66992,-2.9,1.1,1991MM04,78.4
66993,A5,307600,66993,-2.5,0.2,1991MM05,78.6
66994,A5,307600,66994,-2.1,0.3,1991MM06,78.8
66995,A5,307600,66995,-0.8,1.3,1991MM07,79.8
66996,A5,307600,66996,0.5,0.5,1991MM08,80.2
66997,A5,307600,66997,1.1,-0.5,1991MM09,79.8
66998,A5,307600,66998,3.0,0.8,1991MM10,80.4
66999,A5,307600,66999,3.8,0.7,1991MM11,81.0
67000,A5,307600,67000,6.0,1.3,1991MM12,82.1
67002,A5,307600,67002,6.8,0.3,1992MM01,82.4
67003,A5,307600,67003,3.4,-0.3,1992MM02,82.1
67004,A5,307600,67004,3.6,-2.2,1992MM03,80.3
67005,A5,307600,67005,4.4,1.9,1992MM04,81.8
67006,A5,307600,67006,3.7,-0.4,1992MM05,81.4
67007,A5,307600,67007,3.5,0.2,1992MM06,81.6
67008,A5,307600,67008,2.1,-0.1,1992MM07,81.5
67009,A5,307600,67009,1.6,0.0,1992MM08,81.5
67010,A5,307600,67010,1.5,-0.6,1992MM09,81.0
67011,A5,307600,67011,-0.5,-1.2,1992MM10,80.1
67012,A5,307600,67012,-1.4,-0.2,1992MM11,79.9
67013,A5,307600,67013,-3.2,-0.5,1992MM12,79.5
67015,A5,307600,67015,-4.2,-0.7,1993MM01,78.9
67016,A5,307600,67016,-4.3,-0.5,1993MM02,78.6
67017,A5,307600,67017,-4.0,-1.8,1993MM03,77.1
67018,A5,307600,67018,-6.3,-0.6,1993MM04,76.7
67019,A5,307600,67019,-6.5,-0.6,1993MM05,76.2
67020,A5,307600,67020,-7.0,-0.4,1993MM06,75.9
67021,A5,307600,67021,-6.7,0.2,1993MM07,76.1
67022,A5,307600,67022,-7.2,-0.6,1993MM08,75.6
67023,A5,307600,67023,-5.9,0.8,1993MM09,76.2
67024,A5,307600,67024,-4.3,0.5,1993MM10,76.6
67025,A5,307600,67025,-3.9,0.3,1993MM11,76.8
67026,A5,307600,67026,-3.5,-0.1,1993MM12,76.7
67028,A5,307600,67028,-3.1,-0.3,1994MM01,76.5
67029,A5,307600,67029,-3.1,-0.5,1994MM02,76.1
67030,A5,307600,67030,0.2,1.6,1994MM03,77.3
67031,A5,307600,67031,1.1,0.3,1994MM04,77.5
67032,A5,307600,67032,1.8,0.1,1994MM05,77.6
67033,A5,307600,67033,2.1,-0.1,1994MM06,77.5
67034,A5,307600,67034,1.7,-0.2,1994MM07,77.3
67035,A5,307600,67035,1.9,-0.4,1994MM08,77.1
67036,A5,307600,67036,1.5,0.4,1994MM09,77.4
67037,A5,307600,67037,2.7,1.6,1994MM10,78.7
67038,A5,307600,67038,1.7,-0.8,1994MM11,78.1
67039,A5,307600,67039,1.1,-0.7,1994MM12,77.5
67041,A5,307600,67041,3.1,1.7,1995MM01,78.9
67042,A5,307600,67042,4.4,0.7,1995MM02,79.4
67043,A5,307600,67043,1.7,-1.1,1995MM03,78.6
67044,A5,307600,67044,1.0,-0.4,1995MM04,78.3
67045,A5,307600,67045,0.6,-0.3,1995MM05,78.0
67046,A5,307600,67046,1.2,0.5,1995MM06,78.4
67047,A5,307600,67047,0.7,-0.7,1995MM07,77.8
67048,A5,307600,67048,2.4,1.4,1995MM08,78.9
67049,A5,307600,67049,2.3,0.3,1995MM09,79.2
67050,A5,307600,67050,0.4,-0.3,1995MM10,79.0
67051,A5,307600,67051,1.6,0.4,1995MM11,79.3
67052,A5,307600,67052,2.3,0.0,1995MM12,79.3
67054,A5,307600,67054,0.5,-0.1,1996MM01,79.3
67055,A5,307600,67055,-0.3,-0.1,1996MM02,79.2
67056,A5,307600,67056,0.5,-0.2,1996MM03,79.0
67057,A5,307600,67057,1.8,0.9,1996MM04,79.7
67058,A5,307600,67058,3.1,1.0,1996MM05,80.5
67059,A5,307600,67059,2.7,0.1,1996MM06,80.5
67060,A5,307600,67060,3.4,0.0,1996MM07,80.5
67061,A5,307600,67061,2.0,0.0,1996MM08,80.5
67062,A5,307600,67062,1.6,0.0,1996MM09,80.4
67063,A5,307600,67063,0.6,-1.3,1996MM10,79.4
67064,A5,307600,67064,-1.0,-1.2,1996MM11,78.5
67065,A5,307600,67065,-0.6,0.4,1996MM12,78.8
67067,A5,307600,67067,-0.4,0.1,1997MM01,78.9
67068,A5,307600,67068,0.3,0.6,1997MM02,79.4
67069,A5,307600,67069,2.3,1.8,1997MM03,80.8
67070,A5,307600,67070,3.9,2.4,1997MM04,82.8
67071,A5,307600,67071,5.2,2.3,1997MM05,84.7
67072,A5,307600,67072,3.5,-1.5,1997MM06,83.4
67073,A5,307600,67073,4.1,0.5,1997MM07,83.8
67074,A5,307600,67074,7.0,2.8,1997MM08,86.1
67075,A5,307600,67075,8.2,1.1,1997MM09,87.1
67076,A5,307600,67076,9.2,-0.4,1997MM10,86.7
67077,A5,307600,67077,10.3,-0.2,1997MM11,86.5
67078,A5,307600,67078,9.6,-0.1,1997MM12,86.4
67080,A5,307600,67080,9.6,0.1,1998MM01,86.5
67081,A5,307600,67081,8.0,-0.9,1998MM02,85.8
67082,A5,307600,67082,6.3,0.2,1998MM03,85.9
67083,A5,307600,67083,3.1,-0.6,1998MM04,85.4
67084,A5,307600,67084,-0.3,-1.1,1998MM05,84.4
67085,A5,307600,67085,0.7,-0.6,1998MM06,84.0
67086,A5,307600,67086,-0.4,-0.6,1998MM07,83.4
67087,A5,307600,67087,-3.9,-0.8,1998MM08,82.8
67088,A5,307600,67088,-5.3,-0.4,1998MM09,82.4
67089,A5,307600,67089,-5.9,-1.0,1998MM10,81.6
67090,A5,307600,67090,-6.2,-0.5,1998MM11,81.2
67091,A5,307600,67091,-5.1,1.0,1998MM12,82.0
67093,A5,307600,67093,-6.0,-0.9,1999MM01,81.3
67094,A5,307600,67094,-6.3,-1.1,1999MM02,80.4
67095,A5,307600,67095,-6.3,0.2,1999MM03,80.5
67096,A5,307600,67096,-7.5,-1.9,1999MM04,79.0
67097,A5,307600,67097,-6.3,0.2,1999MM05,79.1
67098,A5,307600,67098,-5.0,0.8,1999MM06,79.8
67099,A5,307600,67099,-5.1,-0.7,1999MM07,79.2
67100,A5,307600,67100,-4.3,0.1,1999MM08,79.2
67101,A5,307600,67101,-2.9,1.0,1999MM09,80.0
67102,A5,307600,67102,-2.5,-0.5,1999MM10,79.6
67103,A5,307600,67103,-1.7,0.3,1999MM11,79.8
67104,A5,307600,67104,-1.6,1.1,1999MM12,80.7
67106,A5,307600,67106,-2.0,-1.3,2000MM01,79.7
67107,A5,307600,67107,0.1,1.0,2000MM02,80.5
67108,A5,307600,67108,0.0,0.1,2000MM03,80.6
67109,A5,307600,67109,2.0,0.0,2000MM04,80.6
67110,A5,307600,67110,2.6,0.8,2000MM05,81.2
67111,A5,307600,67111,2.0,0.2,2000MM06,81.4
67112,A5,307600,67112,3.1,0.3,2000MM07,81.6
67113,A5,307600,67113,3.6,0.6,2000MM08,82.1
67114,A5,307600,67114,3.4,0.8,2000MM09,82.7
67115,A5,307600,67115,6.1,2.0,2000MM10,84.4
67116,A5,307600,67116,6.1,0.3,2000MM11,84.7
67117,A5,307600,67117,5.4,0.4,2000MM12,85.0
67119,A5,307600,67119,5.7,-0.9,2001MM01,84.2
67120,A5,307600,67120,4.7,0.0,2001MM02,84.3
67121,A5,307600,67121,5.2,0.5,2001MM03,84.7
67122,A5,307600,67122,6.0,0.8,2001MM04,85.4
67123,A5,307600,67123,4.7,-0.4,2001MM05,85.0
67124,A5,307600,67124,4.4,-0.1,2001MM06,85.0
67125,A5,307600,67125,4.2,0.0,2001MM07,85.0
67126,A5,307600,67126,3.5,-0.1,2001MM08,84.9
67127,A5,307600,67127,2.9,0.2,2001MM09,85.1
67128,A5,307600,67128,1.3,0.5,2001MM10,85.5
67129,A5,307600,67129,1.6,0.6,2001MM11,86.0
67130,A5,307600,67130,0.1,-1.1,2001MM12,85.1
67132,A5,307600,67132,1.0,0.0,2002MM01,85.1
67133,A5,307600,67133,0.5,-0.5,2002MM02,84.7
67134,A5,307600,67134,0.2,0.2,2002MM03,84.9
67135,A5,307600,67135,-1.2,-0.7,2002MM04,84.4
67136,A5,307600,67136,-1.1,-0.3,2002MM05,84.1
67137,A5,307600,67137,-2.2,-1.2,2002MM06,83.1
67138,A5,307600,67138,-1.9,0.4,2002MM07,83.4
67139,A5,307600,67139,0.4,2.3,2002MM08,85.3
67140,A5,307600,67140,2.1,1.9,2002MM09,86.9
67141,A5,307600,67141,2.0,0.4,2002MM10,87.2
67142,A5,307600,67142,0.7,-0.6,2002MM11,86.7
67143,A5,307600,67143,2.6,0.7,2002MM12,87.3
67145,A5,307600,67145,0.9,-1.6,2003MM01,85.9
67146,A5,307600,67146,1.6,0.2,2003MM02,86.0
67147,A5,307600,67147,-0.2,-1.5,2003MM03,84.7
67148,A5,307600,67148,0.0,-0.4,2003MM04,84.4
67149,A5,307600,67149,-1.2,-1.5,2003MM05,83.1
67150,A5,307600,67150,-0.3,-0.3,2003MM06,82.8
67151,A5,307600,67151,-0.6,0.1,2003MM07,82.9
67152,A5,307600,67152,-2.1,0.7,2003MM08,83.5
67153,A5,307600,67153,-1.3,2.7,2003MM09,85.8
67154,A5,307600,67154,-1.6,0.0,2003MM10,85.8
67155,A5,307600,67155,0.5,1.5,2003MM11,87.1
67156,A5,307600,67156,-2.3,-2.0,2003MM12,85.3
67158,A5,307600,67158,-0.6,0.1,2004MM01,85.4
67159,A5,307600,67159,0.2,1.0,2004MM02,86.2
67160,A5,307600,67160,2.2,0.4,2004MM03,86.6
67161,A5,307600,67161,2.6,-0.1,2004MM04,86.5
67162,A5,307600,67162,2.7,-1.3,2004MM05,85.4
67163,A5,307600,67163,2.9,-0.1,2004MM06,85.2
67164,A5,307600,67164,2.7,-0.1,2004MM07,85.2
67165,A5,307600,67165,2.6,0.6,2004MM08,85.7
67166,A5,307600,67166,1.0,1.1,2004MM09,86.6
67167,A5,307600,67167,-0.2,-1.2,2004MM10,85.6
67168,A5,307600,67168,-1.1,0.5,2004MM11,86.1
67169,A5,307600,67169,0.8,-0.1,2004MM12,86.0
67171,A5,307600,67171,0.946153846154,-0.55,2005MM01,84.6
67172,A5,307600,67172,1.09230769231,-1.0,2005MM02,83.7
67173,A5,307600,67173,1.23846153846,-0.2,2005MM03,83.6
67174,A5,307600,67174,1.38461538462,-1.3,2005MM04,82.5
67175,A5,307600,67175,1.53076923077,0.4,2005MM05,82.8
67176,A5,307600,67176,1.67692307692,0.9,2005MM06,83.5
67177,A5,307600,67177,1.82307692308,0.1,2005MM07,83.6
67178,A5,307600,67178,1.96923076923,-0.1,2005MM08,83.5
67179,A5,307600,67179,2.11538461538,1.2,2005MM09,84.6
67180,A5,307600,67180,2.26153846154,1.0,2005MM10,85.4
67181,A5,307600,67181,2.40769230769,0.5,2005MM11,85.9
67182,A5,307600,67182,2.55384615385,0.9,2005MM12,86.6
67184,A5,307600,67184,2.7,0.4,2006MM01,86.9
67185,A5,307600,67185,4.0,0.2,2006MM02,87.1
67186,A5,307600,67186,4.4,0.2,2006MM03,87.2
67187,A5,307600,67187,5.3,-0.5,2006MM04,86.8
67188,A5,307600,67188,3.9,-0.9,2006MM05,86.0
67189,A5,307600,67189,2.5,-0.5,2006MM06,85.6
67190,A5,307600,67190,1.7,-0.6,2006MM07,85.0
67191,A5,307600,67191,2.4,0.6,2006MM08,85.5
67192,A5,307600,67192,2.5,1.4,2006MM09,86.7
67193,A5,307600,67193,3.0,1.5,2006MM10,88.0
67194,A5,307600,67194,2.8,0.3,2006MM11,88.2
67195,A5,307600,67195,3.7,1.8,2006MM12,89.8
67197,A5,307600,67197,4.3,0.9,2007MM01,90.6
67198,A5,307600,67198,4.9,0.8,2007MM02,91.3
67199,A5,307600,67199,5.7,0.9,2007MM03,92.1
67200,A5,307600,67200,8.7,2.4,2007MM04,94.3
67201,A5,307600,67201,10.7,1.0,2007MM05,95.3
67202,A5,307600,67202,11.7,0.3,2007MM06,95.5
67203,A5,307600,67203,14.3,1.7,2007MM07,97.2
67204,A5,307600,67204,15.4,1.5,2007MM08,98.7
67205,A5,307600,67205,16.2,2.1,2007MM09,100.8
67206,A5,307600,67206,14.5,-0.1,2007MM10,100.7
67207,A5,307600,67207,14.5,0.3,2007MM11,101.0
67208,A5,307600,67208,12.6,0.1,2007MM12,101.2
67210,A5,307600,67210,12.0,0.3,2008MM01,101.5
67211,A5,307600,67211,12.4,1.1,2008MM02,102.6
67212,A5,307600,67212,10.4,-0.9,2008MM03,101.7
67213,A5,307600,67213,7.6,-0.2,2008MM04,101.5
67214,A5,307600,67214,6.9,0.4,2008MM05,101.9
67215,A5,307600,67215,7.7,1.1,2008MM06,102.9
67216,A5,307600,67216,4.8,-1.1,2008MM07,101.8
67217,A5,307600,67217,3.4,0.2,2008MM08,102.0
67218,A5,307600,67218,1.2,-0.1,2008MM09,101.9
67219,A5,307600,67219,0.2,-1.0,2008MM10,101.0
67220,A5,307600,67220,-1.9,-1.8,2008MM11,99.1
67221,A5,307600,67221,-2.7,-0.7,2008MM12,98.5
67223,A5,307600,67223,-3.1,-0.2,2009MM01,98.3
67224,A5,307600,67224,-4.6,-0.5,2009MM02,97.8
67225,A5,307600,67225,-5.1,-1.3,2009MM03,96.5
67226,A5,307600,67226,-6.7,-2.0,2009MM04,94.6
67227,A5,307600,67227,-7.5,-0.5,2009MM05,94.2
67228,A5,307600,67228,-8.7,-0.3,2009MM06,94.0
67229,A5,307600,67229,-7.6,0.2,2009MM07,94.1
67230,A5,307600,67230,-7.3,0.5,2009MM08,94.6
67231,A5,307600,67231,-7.2,0.0,2009MM09,94.6
67232,A5,307600,67232,-6.0,0.3,2009MM10,94.9
67233,A5,307600,67233,-3.4,0.9,2009MM11,95.7
67234,A5,307600,67234,-1.2,1.6,2009MM12,97.3
67236,A5,307600,67236,-1.0,0.1,2010MM01,97.4
67237,A5,307600,67237,-0.6,-0.1,2010MM02,97.3
67238,A5,307600,67238,1.2,0.4,2010MM03,97.7
67239,A5,307600,67239,4.1,0.9,2010MM04,98.5
67240,A5,307600,67240,5.9,1.3,2010MM05,99.7
67241,A5,307600,67241,6.5,0.3,2010MM06,100.1
67242,A5,307600,67242,5.5,-0.8,2010MM07,99.3
67243,A5,307600,67243,5.6,0.6,2010MM08,99.9
67244,A5,307600,67244,6.5,0.8,2010MM09,100.7
67245,A5,307600,67245,7.5,1.3,2010MM10,102.0
67246,A5,307600,67246,7.5,1.0,2010MM11,102.9
67247,A5,307600,67247,7.6,1.7,2010MM12,104.7
67249,A5,307600,67249,10.1,2.4,2011MM01,107.2
67250,A5,307600,67250,11.6,1.3,2011MM02,108.6
67251,A5,307600,67251,11.9,0.6,2011MM03,109.2
67252,A5,307600,67252,11.3,0.3,2011MM04,109.6
67253,A5,307600,67253,9.3,-0.5,2011MM05,109.0
67254,A5,307600,67254,8.0,-0.9,2011MM06,108.0
67255,A5,307600,67255,9.3,0.4,2011MM07,108.5
67256,A5,307600,67256,8.1,-0.5,2011MM08,108.0
67257,A5,307600,67257,7.4,0.1,2011MM09,108.1
67258,A5,307600,67258,6.0,0.0,2011MM10,108.1
67259,A5,307600,67259,5.9,0.9,2011MM11,109.0
67260,A5,307600,67260,5.6,1.4,2011MM12,110.5
67262,A5,307600,67262,3.4,0.2,2012MM01,110.8
67263,A5,307600,67263,1.8,-0.2,2012MM02,110.5
67264,A5,307600,67264,1.0,-0.2,2012MM03,110.4
67265,A5,307600,67265,0.3,-0.4,2012MM04,110.0
67266,A5,307600,67266,1.0,0.1,2012MM05,110.1
67267,A5,307600,67267,2.4,0.5,2012MM06,110.6
67268,A5,307600,67268,3.2,1.2,2012MM07,111.9
67269,A5,307600,67269,5.2,1.4,2012MM08,113.6
67270,A5,307600,67270,5.5,0.4,2012MM09,114.1
67271,A5,307600,67271,6.5,0.9,2012MM10,115.1
67272,A5,307600,67272,6.2,0.7,2012MM11,115.8
67273,A5,307600,67273,4.5,-0.2,2012MM12,115.6
67275,A5,307600,67275,3.6,-0.7,2013MM01,114.8
67276,A5,307600,67276,2.8,-1.0,2013MM02,113.6
67277,A5,307600,67277,2.8,-0.1,2013MM03,113.5
67278,A5,307600,67278,3.3,0.1,2013MM04,113.5
67279,A5,307600,67279,3.3,0.2,2013MM05,113.8
67280,A5,307600,67280,2.5,-0.4,2013MM06,113.3
67281,A5,307600,67281,1.2,-0.1,2013MM07,113.3
67282,A5,307600,67282,-0.1,0.1,2013MM08,113.4
67283,A5,307600,67283,0.3,0.8,2013MM09,114.4
67284,A5,307600,67284,-0.6,0.0,2013MM10,114.3
67285,A5,307600,67285,-0.5,0.8,2013MM11,115.2
67286,A5,307600,67286,0.4,0.7,2013MM12,116.0
67288,A5,307600,67288,1.1,0.0,2014MM01,116.0
67289,A5,307600,67289,2.3,0.2,2014MM02,116.2
67290,A5,307600,67290,1.7,-0.7,2014MM03,115.4
67291,A5,307600,67291,1.5,-0.2,2014MM04,115.2
67292,A5,307600,67292,0.6,-0.6,2014MM05,114.5
67293,A5,307600,67293,0.8,-0.2,2014MM06,114.2
67294,A5,307600,67294,0.3,-0.5,2014MM07,113.6
67295,A5,307600,67295,-0.4,-0.5,2014MM08,113.0
67296,A5,307600,67296,-1.4,-0.2,2014MM09,112.7
67297,A5,307600,67297,-2.5,-1.1,2014MM10,111.5
67298,A5,307600,67298,-4.1,-0.9,2014MM11,110.5
67299,A5,307600,67299,-4.6,0.2,2014MM12,110.7
67301,A5,307600,67301,-4.9,-0.3,2015MM01,110.3
67302,A5,307600,67302,-5.7,-0.6,2015MM02,109.6
67303,A5,307600,67303,-4.5,0.6,2015MM03,110.3
67304,A5,307600,67304,-4.5,-0.2,2015MM04,110.1
67305,A5,307600,67305,-4.7,-0.9,2015MM05,109.1
67306,A5,307600,67306,-4.5,0.0,2015MM06,109.1
67307,A5,307600,67307,-4.8,-0.9,2015MM07,108.1
67308,A5,307600,67308,-5.3,-1.1,2015MM08,107.0
67309,A5,307600,67309,-4.4,0.7,2015MM09,107.8
67310,A5,307600,67310,-2.8,0.6,2015MM10,108.4
67311,A5,307600,67311,0.1,2.1,2015MM11,110.6
67312,A5,307600,67312,-0.8,-0.7,2015MM12,109.8
67314,A5,307600,67314,-1.6,-1.2,2016MM01,108.5
67315,A5,307600,67315,-1.6,-0.6,2016MM02,107.9
67316,A5,307600,67316,-1.0,1.2,2016MM03,109.2
67317,A5,307600,67317,-2.6,-1.8,2016MM04,107.2
67318,A5,307600,67318,-1.7,0.0,2016MM05,107.2
67319,A5,307600,67319,0.2,2.0,2016MM06,109.3
67320,A5,307600,67320,2.2,1.1,2016MM07,110.5
67321,A5,307600,67321,3.5,0.2,2016MM08,110.7
67322,A5,307600,67322,3.8,1.0,2016MM09,111.8
67323,A5,307600,67323,4.3,1.1,2016MM10,113.0
67324,A5,307600,67324,3.3,1.1,2016MM11,114.3
67325,A5,307600,67325,4.7,0.7,2016MM12,115.0
67327,A5,307600,67327,6.0,0.0,2017MM01,115.0
67328,A5,307600,67328,7.4,0.7,2017MM02,115.9
67329,A5,307600,67329,5.9,-0.3,2017MM03,115.6
67330,A5,307600,67330,7.8,-0.1,2017MM04,115.5
67331,A5,307600,67331,8.0,0.3,2017MM05,115.8
67332,A5,307600,67332,4.7,-1.2,2017MM06,114.4
67333,A5,307600,67333,3.1,-0.5,2017MM07,113.9
67334,A5,307600,67334,2.8,-0.1,2017MM08,113.8
67335,A5,307600,67335,2.4,0.6,2017MM09,114.5
67336,A5,307600,67336,1.5,0.2,2017MM10,114.7
67337,A5,307600,67337,0.6,0.2,2017MM11,115.0
67338,A5,307600,67338,0.1,0.1,2017MM12,115.1
