,Afzet,BedrijfstakkenBranchesSBI2008,ID,OntwikkelingTOV1JaarEerder_2,OntwikkelingTOV1MaandEerder_3,Perioden,ProducentenprijsindexPPI_1
67340,A5,307700,67340,0.911627906977,-0.715862068966,1981MM01,126.683737024
67341,A5,307700,67341,0.923255813953,-0.731724137931,1981MM02,126.567474048
67342,A5,307700,67342,0.93488372093,-0.747586206897,1981MM03,126.451211073
67343,A5,307700,67343,0.946511627907,-0.763448275862,1981MM04,126.334948097
67344,A5,307700,67344,0.958139534884,-0.779310344828,1981MM05,126.218685121
67345,A5,307700,67345,0.96976744186,-0.795172413793,1981MM06,126.102422145
67346,A5,307700,67346,0.981395348837,-0.811034482759,1981MM07,125.98615917
67347,A5,307700,67347,0.993023255814,-0.826896551724,1981MM08,125.869896194
67348,A5,307700,67348,1.00465116279,-0.84275862069,1981MM09,125.753633218
67349,A5,307700,67349,1.01627906977,-0.858620689655,1981MM10,125.637370242
67350,A5,307700,67350,1.02790697674,-0.874482758621,1981MM11,125.521107266
67351,A5,307700,67351,1.03953488372,-0.890344827586,1981MM12,125.404844291
67353,A5,307700,67353,1.0511627907,-0.906206896552,1982MM01,125.288581315
67354,A5,307700,67354,1.06279069767,-0.922068965517,1982MM02,125.172318339
67355,A5,307700,67355,1.07441860465,-0.937931034483,1982MM03,125.056055363
67356,A5,307700,67356,1.08604651163,-0.953793103448,1982MM04,124.939792388
67357,A5,307700,67357,1.0976744186,-0.969655172414,1982MM05,124.823529412
67358,A5,307700,67358,1.10930232558,-0.985517241379,1982MM06,124.707266436
67359,A5,307700,67359,1.12093023256,-1.00137931034,1982MM07,124.59100346
67360,A5,307700,67360,1.13255813953,-1.01724137931,1982MM08,124.474740484
67361,A5,307700,67361,1.14418604651,-1.03310344828,1982MM09,124.358477509
67362,A5,307700,67362,1.15581395349,-1.04896551724,1982MM10,124.242214533
67363,A5,307700,67363,1.16744186047,-1.06482758621,1982MM11,124.125951557
67364,A5,307700,67364,1.17906976744,-1.08068965517,1982MM12,124.009688581
67366,A5,307700,67366,1.19069767442,-1.09655172414,1983MM01,123.893425606
67367,A5,307700,67367,1.2023255814,-1.1124137931,1983MM02,123.77716263
67368,A5,307700,67368,1.21395348837,-1.12827586207,1983MM03,123.660899654
67369,A5,307700,67369,1.22558139535,-1.14413793103,1983MM04,123.544636678
67370,A5,307700,67370,1.23720930233,-1.16,1983MM05,123.428373702
67371,A5,307700,67371,1.2488372093,-1.17586206897,1983MM06,123.312110727
67372,A5,307700,67372,1.26046511628,-1.19172413793,1983MM07,123.195847751
67373,A5,307700,67373,1.27209302326,-1.2075862069,1983MM08,123.079584775
67374,A5,307700,67374,1.28372093023,-1.22344827586,1983MM09,122.963321799
67375,A5,307700,67375,1.29534883721,-1.23931034483,1983MM10,122.847058824
67376,A5,307700,67376,1.30697674419,-1.25517241379,1983MM11,122.730795848
67377,A5,307700,67377,1.31860465116,-1.27103448276,1983MM12,122.614532872
67379,A5,307700,67379,1.33023255814,-1.28689655172,1984MM01,122.498269896
67380,A5,307700,67380,1.34186046512,-1.30275862069,1984MM02,122.38200692
67381,A5,307700,67381,1.35348837209,-1.31862068966,1984MM03,122.265743945
67382,A5,307700,67382,1.36511627907,-1.33448275862,1984MM04,122.149480969
67383,A5,307700,67383,1.37674418605,-1.35034482759,1984MM05,122.033217993
67384,A5,307700,67384,1.38837209302,-1.36620689655,1984MM06,121.916955017
67385,A5,307700,67385,1.4,-1.38206896552,1984MM07,121.800692042
67386,A5,307700,67386,1.41162790698,-1.39793103448,1984MM08,121.684429066
67387,A5,307700,67387,1.42325581395,-1.41379310345,1984MM09,121.56816609
67388,A5,307700,67388,1.43488372093,-1.42965517241,1984MM10,121.451903114
67389,A5,307700,67389,1.44651162791,-1.44551724138,1984MM11,121.335640138
67390,A5,307700,67390,1.45813953488,-1.46137931034,1984MM12,121.219377163
67392,A5,307700,67392,1.46976744186,-1.47724137931,1985MM01,121.103114187
67393,A5,307700,67393,1.48139534884,-1.49310344828,1985MM02,120.986851211
67394,A5,307700,67394,1.49302325581,-1.50896551724,1985MM03,120.870588235
67395,A5,307700,67395,1.50465116279,-1.52482758621,1985MM04,120.75432526
67396,A5,307700,67396,1.51627906977,-1.54068965517,1985MM05,120.638062284
67397,A5,307700,67397,1.52790697674,-1.55655172414,1985MM06,120.521799308
67398,A5,307700,67398,1.53953488372,-1.5724137931,1985MM07,120.405536332
67399,A5,307700,67399,1.5511627907,-1.58827586207,1985MM08,120.289273356
67400,A5,307700,67400,1.56279069767,-1.60413793103,1985MM09,120.173010381
67401,A5,307700,67401,1.57441860465,-1.62,1985MM10,120.056747405
67402,A5,307700,67402,1.58604651163,-1.63586206897,1985MM11,119.940484429
67403,A5,307700,67403,1.5976744186,-1.65172413793,1985MM12,119.824221453
67405,A5,307700,67405,1.60930232558,-1.6675862069,1986MM01,119.707958478
67406,A5,307700,67406,1.62093023256,-1.68344827586,1986MM02,119.591695502
67407,A5,307700,67407,1.63255813953,-1.69931034483,1986MM03,119.475432526
67408,A5,307700,67408,1.64418604651,-1.71517241379,1986MM04,119.35916955
67409,A5,307700,67409,1.65581395349,-1.73103448276,1986MM05,119.242906574
67410,A5,307700,67410,1.66744186047,-1.74689655172,1986MM06,119.126643599
67411,A5,307700,67411,1.67906976744,-1.76275862069,1986MM07,119.010380623
67412,A5,307700,67412,1.69069767442,-1.77862068966,1986MM08,118.894117647
67413,A5,307700,67413,1.7023255814,-1.79448275862,1986MM09,118.777854671
67414,A5,307700,67414,1.71395348837,-1.81034482759,1986MM10,118.661591696
67415,A5,307700,67415,1.72558139535,-1.82620689655,1986MM11,118.54532872
67416,A5,307700,67416,1.73720930233,-1.84206896552,1986MM12,118.429065744
67418,A5,307700,67418,1.7488372093,-1.85793103448,1987MM01,118.312802768
67419,A5,307700,67419,1.76046511628,-1.87379310345,1987MM02,118.196539792
67420,A5,307700,67420,1.77209302326,-1.88965517241,1987MM03,118.080276817
67421,A5,307700,67421,1.78372093023,-1.90551724138,1987MM04,117.964013841
67422,A5,307700,67422,1.79534883721,-1.92137931034,1987MM05,117.847750865
67423,A5,307700,67423,1.80697674419,-1.93724137931,1987MM06,117.731487889
67424,A5,307700,67424,1.81860465116,-1.95310344828,1987MM07,117.615224913
67425,A5,307700,67425,1.83023255814,-1.96896551724,1987MM08,117.498961938
67426,A5,307700,67426,1.84186046512,-1.98482758621,1987MM09,117.382698962
67427,A5,307700,67427,1.85348837209,-2.00068965517,1987MM10,117.266435986
67428,A5,307700,67428,1.86511627907,-2.01655172414,1987MM11,117.15017301
67429,A5,307700,67429,1.87674418605,-2.0324137931,1987MM12,117.033910035
67431,A5,307700,67431,1.88837209302,-2.04827586207,1988MM01,116.917647059
67432,A5,307700,67432,1.9,-2.06413793103,1988MM02,116.801384083
67433,A5,307700,67433,1.91162790698,-2.08,1988MM03,116.685121107
67434,A5,307700,67434,1.92325581395,-2.09586206897,1988MM04,116.568858131
67435,A5,307700,67435,1.93488372093,-2.11172413793,1988MM05,116.452595156
67436,A5,307700,67436,1.94651162791,-2.1275862069,1988MM06,116.33633218
67437,A5,307700,67437,1.95813953488,-2.14344827586,1988MM07,116.220069204
67438,A5,307700,67438,1.96976744186,-2.15931034483,1988MM08,116.103806228
67439,A5,307700,67439,1.98139534884,-2.17517241379,1988MM09,115.987543253
67440,A5,307700,67440,1.99302325581,-2.19103448276,1988MM10,115.871280277
67441,A5,307700,67441,2.00465116279,-2.20689655172,1988MM11,115.755017301
67442,A5,307700,67442,2.01627906977,-2.22275862069,1988MM12,115.638754325
67444,A5,307700,67444,2.02790697674,-2.23862068966,1989MM01,115.522491349
67445,A5,307700,67445,2.03953488372,-2.25448275862,1989MM02,115.406228374
67446,A5,307700,67446,2.0511627907,-2.27034482759,1989MM03,115.289965398
67447,A5,307700,67447,2.06279069767,-2.28620689655,1989MM04,115.173702422
67448,A5,307700,67448,2.07441860465,-2.30206896552,1989MM05,115.057439446
67449,A5,307700,67449,2.08604651163,-2.31793103448,1989MM06,114.941176471
67450,A5,307700,67450,2.0976744186,-2.33379310345,1989MM07,114.824913495
67451,A5,307700,67451,2.10930232558,-2.34965517241,1989MM08,114.708650519
67452,A5,307700,67452,2.12093023256,-2.36551724138,1989MM09,114.592387543
67453,A5,307700,67453,2.13255813953,-2.38137931034,1989MM10,114.476124567
67454,A5,307700,67454,2.14418604651,-2.39724137931,1989MM11,114.359861592
67455,A5,307700,67455,2.15581395349,-2.41310344828,1989MM12,114.243598616
67457,A5,307700,67457,2.16744186047,-2.42896551724,1990MM01,114.12733564
67458,A5,307700,67458,2.17906976744,-2.44482758621,1990MM02,114.011072664
67459,A5,307700,67459,2.19069767442,-2.46068965517,1990MM03,113.894809689
67460,A5,307700,67460,2.2023255814,-2.47655172414,1990MM04,113.778546713
67461,A5,307700,67461,2.21395348837,-2.4924137931,1990MM05,113.662283737
67462,A5,307700,67462,2.22558139535,-2.50827586207,1990MM06,113.546020761
67463,A5,307700,67463,2.23720930233,-2.52413793103,1990MM07,113.429757785
67464,A5,307700,67464,2.2488372093,-2.54,1990MM08,113.31349481
67465,A5,307700,67465,2.26046511628,-2.55586206897,1990MM09,113.197231834
67466,A5,307700,67466,2.27209302326,-2.57172413793,1990MM10,113.080968858
67467,A5,307700,67467,2.28372093023,-2.5875862069,1990MM11,112.964705882
67468,A5,307700,67468,2.29534883721,-2.60344827586,1990MM12,112.848442907
67470,A5,307700,67470,2.30697674419,-2.61931034483,1991MM01,112.732179931
67471,A5,307700,67471,2.31860465116,-2.63517241379,1991MM02,112.615916955
67472,A5,307700,67472,2.33023255814,-2.65103448276,1991MM03,112.499653979
67473,A5,307700,67473,2.34186046512,-2.66689655172,1991MM04,112.383391003
67474,A5,307700,67474,2.35348837209,-2.68275862069,1991MM05,112.267128028
67475,A5,307700,67475,2.36511627907,-2.69862068966,1991MM06,112.150865052
67476,A5,307700,67476,2.37674418605,-2.71448275862,1991MM07,112.034602076
67477,A5,307700,67477,2.38837209302,-2.73034482759,1991MM08,111.9183391
67478,A5,307700,67478,2.4,-2.74620689655,1991MM09,111.802076125
67479,A5,307700,67479,2.41162790698,-2.76206896552,1991MM10,111.685813149
67480,A5,307700,67480,2.42325581395,-2.77793103448,1991MM11,111.569550173
67481,A5,307700,67481,2.43488372093,-2.79379310345,1991MM12,111.453287197
67483,A5,307700,67483,2.44651162791,-2.80965517241,1992MM01,111.337024221
67484,A5,307700,67484,2.45813953488,-2.82551724138,1992MM02,111.220761246
67485,A5,307700,67485,2.46976744186,-2.84137931034,1992MM03,111.10449827
67486,A5,307700,67486,2.48139534884,-2.85724137931,1992MM04,110.988235294
67487,A5,307700,67487,2.49302325581,-2.87310344828,1992MM05,110.871972318
67488,A5,307700,67488,2.50465116279,-2.88896551724,1992MM06,110.755709343
67489,A5,307700,67489,2.51627906977,-2.90482758621,1992MM07,110.639446367
67490,A5,307700,67490,2.52790697674,-2.92068965517,1992MM08,110.523183391
67491,A5,307700,67491,2.53953488372,-2.93655172414,1992MM09,110.406920415
67492,A5,307700,67492,2.5511627907,-2.9524137931,1992MM10,110.290657439
67493,A5,307700,67493,2.56279069767,-2.96827586207,1992MM11,110.174394464
67494,A5,307700,67494,2.57441860465,-2.98413793103,1992MM12,110.058131488
67496,A5,307700,67496,2.58604651163,-3.0,1993MM01,109.941868512
67497,A5,307700,67497,2.5976744186,-3.01586206897,1993MM02,109.825605536
67498,A5,307700,67498,2.60930232558,-3.03172413793,1993MM03,109.709342561
67499,A5,307700,67499,2.62093023256,-3.0475862069,1993MM04,109.593079585
67500,A5,307700,67500,2.63255813953,-3.06344827586,1993MM05,109.476816609
67501,A5,307700,67501,2.64418604651,-3.07931034483,1993MM06,109.360553633
67502,A5,307700,67502,2.65581395349,-3.09517241379,1993MM07,109.244290657
67503,A5,307700,67503,2.66744186047,-3.11103448276,1993MM08,109.128027682
67504,A5,307700,67504,2.67906976744,-3.12689655172,1993MM09,109.011764706
67505,A5,307700,67505,2.69069767442,-3.14275862069,1993MM10,108.89550173
67506,A5,307700,67506,2.7023255814,-3.15862068966,1993MM11,108.779238754
67507,A5,307700,67507,2.71395348837,-3.17448275862,1993MM12,108.662975779
67509,A5,307700,67509,2.72558139535,-3.19034482759,1994MM01,108.546712803
67510,A5,307700,67510,2.73720930233,-3.20620689655,1994MM02,108.430449827
67511,A5,307700,67511,2.7488372093,-3.22206896552,1994MM03,108.314186851
67512,A5,307700,67512,2.76046511628,-3.23793103448,1994MM04,108.197923875
67513,A5,307700,67513,2.77209302326,-3.25379310345,1994MM05,108.0816609
67514,A5,307700,67514,2.78372093023,-3.26965517241,1994MM06,107.965397924
67515,A5,307700,67515,2.79534883721,-3.28551724138,1994MM07,107.849134948
67516,A5,307700,67516,2.80697674419,-3.30137931034,1994MM08,107.732871972
67517,A5,307700,67517,2.81860465116,-3.31724137931,1994MM09,107.616608997
67518,A5,307700,67518,2.83023255814,-3.33310344828,1994MM10,107.500346021
67519,A5,307700,67519,2.84186046512,-3.34896551724,1994MM11,107.384083045
67520,A5,307700,67520,2.85348837209,-3.36482758621,1994MM12,107.267820069
67522,A5,307700,67522,2.86511627907,-3.38068965517,1995MM01,107.151557093
67523,A5,307700,67523,2.87674418605,-3.39655172414,1995MM02,107.035294118
67524,A5,307700,67524,2.88837209302,-3.4124137931,1995MM03,106.919031142
67525,A5,307700,67525,2.9,-3.42827586207,1995MM04,106.802768166
67526,A5,307700,67526,2.91162790698,-3.44413793103,1995MM05,106.68650519
67527,A5,307700,67527,2.92325581395,-3.46,1995MM06,106.570242215
67528,A5,307700,67528,2.93488372093,-3.47586206897,1995MM07,106.453979239
67529,A5,307700,67529,2.94651162791,-3.49172413793,1995MM08,106.337716263
67530,A5,307700,67530,2.95813953488,-3.5075862069,1995MM09,106.221453287
67531,A5,307700,67531,2.96976744186,-3.52344827586,1995MM10,106.105190311
67532,A5,307700,67532,2.98139534884,-3.53931034483,1995MM11,105.988927336
67533,A5,307700,67533,2.99302325581,-3.55517241379,1995MM12,105.87266436
67535,A5,307700,67535,3.00465116279,-3.57103448276,1996MM01,105.756401384
67536,A5,307700,67536,3.01627906977,-3.58689655172,1996MM02,105.640138408
67537,A5,307700,67537,3.02790697674,-3.60275862069,1996MM03,105.523875433
67538,A5,307700,67538,3.03953488372,-3.61862068966,1996MM04,105.407612457
67539,A5,307700,67539,3.0511627907,-3.63448275862,1996MM05,105.291349481
67540,A5,307700,67540,3.06279069767,-3.65034482759,1996MM06,105.175086505
67541,A5,307700,67541,3.07441860465,-3.66620689655,1996MM07,105.058823529
67542,A5,307700,67542,3.08604651163,-3.68206896552,1996MM08,104.942560554
67543,A5,307700,67543,3.0976744186,-3.69793103448,1996MM09,104.826297578
67544,A5,307700,67544,3.10930232558,-3.71379310345,1996MM10,104.710034602
67545,A5,307700,67545,3.12093023256,-3.72965517241,1996MM11,104.593771626
67546,A5,307700,67546,3.13255813953,-3.74551724138,1996MM12,104.477508651
67548,A5,307700,67548,3.14418604651,-3.76137931034,1997MM01,104.361245675
67549,A5,307700,67549,3.15581395349,-3.77724137931,1997MM02,104.244982699
67550,A5,307700,67550,3.16744186047,-3.79310344828,1997MM03,104.128719723
67551,A5,307700,67551,3.17906976744,-3.80896551724,1997MM04,104.012456747
67552,A5,307700,67552,3.19069767442,-3.82482758621,1997MM05,103.896193772
67553,A5,307700,67553,3.2023255814,-3.84068965517,1997MM06,103.779930796
67554,A5,307700,67554,3.21395348837,-3.85655172414,1997MM07,103.66366782
67555,A5,307700,67555,3.22558139535,-3.8724137931,1997MM08,103.547404844
67556,A5,307700,67556,3.23720930233,-3.88827586207,1997MM09,103.431141869
67557,A5,307700,67557,3.2488372093,-3.90413793103,1997MM10,103.314878893
67558,A5,307700,67558,3.26046511628,-3.92,1997MM11,103.198615917
67559,A5,307700,67559,3.27209302326,-3.93586206897,1997MM12,103.082352941
67561,A5,307700,67561,3.28372093023,-3.95172413793,1998MM01,102.966089965
67562,A5,307700,67562,3.29534883721,-3.9675862069,1998MM02,102.84982699
67563,A5,307700,67563,3.30697674419,-3.98344827586,1998MM03,102.733564014
67564,A5,307700,67564,3.31860465116,-3.99931034483,1998MM04,102.617301038
67565,A5,307700,67565,3.33023255814,-4.01517241379,1998MM05,102.501038062
67566,A5,307700,67566,3.34186046512,-4.03103448276,1998MM06,102.384775087
67567,A5,307700,67567,3.35348837209,-4.04689655172,1998MM07,102.268512111
67568,A5,307700,67568,3.36511627907,-4.06275862069,1998MM08,102.152249135
67569,A5,307700,67569,3.37674418605,-4.07862068966,1998MM09,102.035986159
67570,A5,307700,67570,3.38837209302,-4.09448275862,1998MM10,101.919723183
67571,A5,307700,67571,3.4,-4.11034482759,1998MM11,101.803460208
67572,A5,307700,67572,3.41162790698,-4.12620689655,1998MM12,101.687197232
67574,A5,307700,67574,3.42325581395,-4.14206896552,1999MM01,101.570934256
67575,A5,307700,67575,3.43488372093,-4.15793103448,1999MM02,101.45467128
67576,A5,307700,67576,3.44651162791,-4.17379310345,1999MM03,101.338408304
67577,A5,307700,67577,3.45813953488,-4.18965517241,1999MM04,101.222145329
67578,A5,307700,67578,3.46976744186,-4.20551724138,1999MM05,101.105882353
67579,A5,307700,67579,3.48139534884,-4.22137931034,1999MM06,100.989619377
67580,A5,307700,67580,3.49302325581,-4.23724137931,1999MM07,100.873356401
67581,A5,307700,67581,3.50465116279,-4.25310344828,1999MM08,100.757093426
67582,A5,307700,67582,3.51627906977,-4.26896551724,1999MM09,100.64083045
67583,A5,307700,67583,3.52790697674,-4.28482758621,1999MM10,100.524567474
67584,A5,307700,67584,3.53953488372,-4.30068965517,1999MM11,100.408304498
67585,A5,307700,67585,3.5511627907,-4.31655172414,1999MM12,100.292041522
67587,A5,307700,67587,3.56279069767,-4.3324137931,2000MM01,100.175778547
67588,A5,307700,67588,3.57441860465,-4.34827586207,2000MM02,100.059515571
67589,A5,307700,67589,3.58604651163,-4.36413793103,2000MM03,99.9432525952
67590,A5,307700,67590,3.5976744186,-4.38,2000MM04,99.8269896194
67591,A5,307700,67591,3.60930232558,-4.39586206897,2000MM05,99.7107266436
67592,A5,307700,67592,3.62093023256,-4.41172413793,2000MM06,99.5944636678
67593,A5,307700,67593,3.63255813953,-4.4275862069,2000MM07,99.478200692
67594,A5,307700,67594,3.64418604651,-4.44344827586,2000MM08,99.3619377163
67595,A5,307700,67595,3.65581395349,-4.45931034483,2000MM09,99.2456747405
67596,A5,307700,67596,3.66744186047,-4.47517241379,2000MM10,99.1294117647
67597,A5,307700,67597,3.67906976744,-4.49103448276,2000MM11,99.0131487889
67598,A5,307700,67598,3.69069767442,-4.50689655172,2000MM12,98.8968858131
67600,A5,307700,67600,3.7023255814,-4.52275862069,2001MM01,98.7806228374
67601,A5,307700,67601,3.71395348837,-4.53862068966,2001MM02,98.6643598616
67602,A5,307700,67602,3.72558139535,-4.55448275862,2001MM03,98.5480968858
67603,A5,307700,67603,3.73720930233,-4.57034482759,2001MM04,98.43183391
67604,A5,307700,67604,3.7488372093,-4.58620689655,2001MM05,98.3155709343
67605,A5,307700,67605,3.76046511628,-4.60206896552,2001MM06,98.1993079585
67606,A5,307700,67606,3.77209302326,-4.61793103448,2001MM07,98.0830449827
67607,A5,307700,67607,3.78372093023,-4.63379310345,2001MM08,97.9667820069
67608,A5,307700,67608,3.79534883721,-4.64965517241,2001MM09,97.8505190311
67609,A5,307700,67609,3.80697674419,-4.66551724138,2001MM10,97.7342560554
67610,A5,307700,67610,3.81860465116,-4.68137931034,2001MM11,97.6179930796
67611,A5,307700,67611,3.83023255814,-4.69724137931,2001MM12,97.5017301038
67613,A5,307700,67613,3.84186046512,-4.71310344828,2002MM01,97.385467128
67614,A5,307700,67614,3.85348837209,-4.72896551724,2002MM02,97.2692041522
67615,A5,307700,67615,3.86511627907,-4.74482758621,2002MM03,97.1529411765
67616,A5,307700,67616,3.87674418605,-4.76068965517,2002MM04,97.0366782007
67617,A5,307700,67617,3.88837209302,-4.77655172414,2002MM05,96.9204152249
67618,A5,307700,67618,3.9,-4.7924137931,2002MM06,96.8041522491
67619,A5,307700,67619,3.91162790698,-4.80827586207,2002MM07,96.6878892734
67620,A5,307700,67620,3.92325581395,-4.82413793103,2002MM08,96.5716262976
67621,A5,307700,67621,3.93488372093,-4.84,2002MM09,96.4553633218
67622,A5,307700,67622,3.94651162791,-4.85586206897,2002MM10,96.339100346
67623,A5,307700,67623,3.95813953488,-4.87172413793,2002MM11,96.2228373702
67624,A5,307700,67624,3.96976744186,-4.8875862069,2002MM12,96.1065743945
67626,A5,307700,67626,3.98139534884,-4.90344827586,2003MM01,95.9903114187
67627,A5,307700,67627,3.99302325581,-4.91931034483,2003MM02,95.8740484429
67628,A5,307700,67628,4.00465116279,-4.93517241379,2003MM03,95.7577854671
67629,A5,307700,67629,4.01627906977,-4.95103448276,2003MM04,95.6415224913
67630,A5,307700,67630,4.02790697674,-4.96689655172,2003MM05,95.5252595156
67631,A5,307700,67631,4.03953488372,-4.98275862069,2003MM06,95.4089965398
67632,A5,307700,67632,4.0511627907,-4.99862068966,2003MM07,95.292733564
67633,A5,307700,67633,4.06279069767,-5.01448275862,2003MM08,95.1764705882
67634,A5,307700,67634,4.07441860465,-5.03034482759,2003MM09,95.0602076125
67635,A5,307700,67635,4.08604651163,-5.04620689655,2003MM10,94.9439446367
67636,A5,307700,67636,4.0976744186,-5.06206896552,2003MM11,94.8276816609
67637,A5,307700,67637,4.10930232558,-5.07793103448,2003MM12,94.7114186851
67639,A5,307700,67639,4.12093023256,-5.09379310345,2004MM01,94.5951557093
67640,A5,307700,67640,4.13255813953,-5.10965517241,2004MM02,94.4788927336
67641,A5,307700,67641,4.14418604651,-5.12551724138,2004MM03,94.3626297578
67642,A5,307700,67642,4.15581395349,-5.14137931034,2004MM04,94.246366782
67643,A5,307700,67643,4.16744186047,-5.15724137931,2004MM05,94.1301038062
67644,A5,307700,67644,4.17906976744,-5.17310344828,2004MM06,94.0138408304
67645,A5,307700,67645,4.19069767442,-5.18896551724,2004MM07,93.8975778547
67646,A5,307700,67646,4.2023255814,-5.20482758621,2004MM08,93.7813148789
67647,A5,307700,67647,4.21395348837,-5.22068965517,2004MM09,93.6650519031
67648,A5,307700,67648,4.22558139535,-5.23655172414,2004MM10,93.5487889273
67649,A5,307700,67649,4.23720930233,-5.2524137931,2004MM11,93.4325259516
67650,A5,307700,67650,4.2488372093,-5.26827586207,2004MM12,93.3162629758
67652,A5,307700,67652,4.26046511628,-5.28413793103,2005MM01,93.2
67653,A5,307700,67653,4.27209302326,-5.3,2005MM02,88.3
67654,A5,307700,67654,4.28372093023,-1.9,2005MM03,86.6
67655,A5,307700,67655,4.29534883721,-5.4,2005MM04,82.0
67656,A5,307700,67656,4.30697674419,1.4,2005MM05,83.1
67657,A5,307700,67657,4.31860465116,1.7,2005MM06,84.5
67658,A5,307700,67658,4.33023255814,-0.5,2005MM07,84.1
67659,A5,307700,67659,4.34186046512,1.5,2005MM08,85.4
67660,A5,307700,67660,4.35348837209,3.8,2005MM09,88.6
67661,A5,307700,67661,4.36511627907,3.6,2005MM10,91.8
67662,A5,307700,67662,4.37674418605,2.4,2005MM11,93.9
67663,A5,307700,67663,4.38837209302,3.1,2005MM12,96.8
67665,A5,307700,67665,4.4,0.5,2006MM01,97.3
67666,A5,307700,67666,10.4,0.1,2006MM02,97.5
67667,A5,307700,67667,13.1,0.5,2006MM03,98.0
67668,A5,307700,67668,18.3,-1.0,2006MM04,96.9
67669,A5,307700,67669,14.8,-1.6,2006MM05,95.4
67670,A5,307700,67670,10.4,-2.2,2006MM06,93.2
67671,A5,307700,67671,6.3,-4.2,2006MM07,89.4
67672,A5,307700,67672,5.7,1.0,2006MM08,90.3
67673,A5,307700,67673,5.4,3.4,2006MM09,93.4
67674,A5,307700,67674,0.6,-1.1,2006MM10,92.3
67675,A5,307700,67675,-1.6,0.1,2006MM11,92.4
67676,A5,307700,67676,-2.1,2.5,2006MM12,94.8
67678,A5,307700,67678,-6.1,-3.6,2007MM01,91.3
67679,A5,307700,67679,-4.9,1.5,2007MM02,92.7
67680,A5,307700,67680,-4.7,0.7,2007MM03,93.4
67681,A5,307700,67681,-0.6,3.2,2007MM04,96.3
67682,A5,307700,67682,0.8,-0.2,2007MM05,96.1
67683,A5,307700,67683,3.0,0.0,2007MM06,96.1
67684,A5,307700,67684,6.6,-0.8,2007MM07,95.3
67685,A5,307700,67685,8.7,3.0,2007MM08,98.1
67686,A5,307700,67686,12.8,7.3,2007MM09,105.3
67687,A5,307700,67687,16.6,2.3,2007MM10,107.7
67688,A5,307700,67688,17.9,1.2,2007MM11,109.0
67689,A5,307700,67689,14.9,-0.1,2007MM12,108.9
67691,A5,307700,67691,16.3,-2.4,2008MM01,106.2
67692,A5,307700,67692,14.2,-0.3,2008MM02,105.9
67693,A5,307700,67693,12.2,-1.1,2008MM03,104.7
67694,A5,307700,67694,6.4,-2.2,2008MM04,102.5
67695,A5,307700,67695,7.2,0.6,2008MM05,103.0
67696,A5,307700,67696,8.0,0.6,2008MM06,103.7
67697,A5,307700,67697,8.7,-0.2,2008MM07,103.5
67698,A5,307700,67698,7.6,1.9,2008MM08,105.5
67699,A5,307700,67699,3.4,3.2,2008MM09,108.9
67700,A5,307700,67700,2.7,1.6,2008MM10,110.6
67701,A5,307700,67701,-1.9,-3.3,2008MM11,107.0
67702,A5,307700,67702,-1.9,-0.1,2008MM12,106.8
67704,A5,307700,67704,-2.4,-3.0,2009MM01,103.7
67705,A5,307700,67705,-5.2,-3.1,2009MM02,100.4
67706,A5,307700,67706,-5.8,-1.7,2009MM03,98.6
67707,A5,307700,67707,-6.6,-3.0,2009MM04,95.7
67708,A5,307700,67708,-8.1,-1.0,2009MM05,94.7
67709,A5,307700,67709,-9.7,-1.1,2009MM06,93.7
67710,A5,307700,67710,-8.4,1.3,2009MM07,94.9
67711,A5,307700,67711,-8.4,1.9,2009MM08,96.7
67712,A5,307700,67712,-10.1,1.2,2009MM09,97.9
67713,A5,307700,67713,-11.9,-0.5,2009MM10,97.4
67714,A5,307700,67714,-8.8,0.2,2009MM11,97.6
67715,A5,307700,67715,-5.7,3.2,2009MM12,100.7
67717,A5,307700,67717,-2.8,0.0,2010MM01,100.7
67718,A5,307700,67718,-1.2,-1.6,2010MM02,99.2
67719,A5,307700,67719,0.1,-0.4,2010MM03,98.8
67720,A5,307700,67720,3.0,-0.3,2010MM04,98.5
67721,A5,307700,67721,2.2,-1.7,2010MM05,96.9
67722,A5,307700,67722,4.1,0.7,2010MM06,97.5
67723,A5,307700,67723,0.8,-1.9,2010MM07,95.6
67724,A5,307700,67724,-0.2,0.9,2010MM08,96.5
67725,A5,307700,67725,2.8,4.3,2010MM09,100.6
67726,A5,307700,67726,5.7,2.3,2010MM10,102.9
67727,A5,307700,67727,7.7,2.1,2010MM11,105.1
67728,A5,307700,67728,7.0,2.6,2010MM12,107.8
67730,A5,307700,67730,8.7,1.5,2011MM01,109.5
67731,A5,307700,67731,9.9,-0.5,2011MM02,108.9
67732,A5,307700,67732,13.8,3.2,2011MM03,112.5
67733,A5,307700,67733,18.3,3.6,2011MM04,116.5
67734,A5,307700,67734,17.8,-2.0,2011MM05,114.1
67735,A5,307700,67735,12.5,-3.9,2011MM06,109.7
67736,A5,307700,67736,16.6,1.6,2011MM07,111.5
67737,A5,307700,67737,17.8,2.0,2011MM08,113.7
67738,A5,307700,67738,15.9,2.6,2011MM09,116.6
67739,A5,307700,67739,13.7,0.3,2011MM10,117.0
67740,A5,307700,67740,16.6,4.8,2011MM11,122.6
67741,A5,307700,67741,19.4,5.1,2011MM12,128.8
67743,A5,307700,67743,16.1,-1.3,2012MM01,127.1
67744,A5,307700,67744,15.3,-1.1,2012MM02,125.6
67745,A5,307700,67745,10.5,-1.1,2012MM03,124.3
67746,A5,307700,67746,5.8,-0.8,2012MM04,123.3
67747,A5,307700,67747,7.6,-0.4,2012MM05,122.8
67748,A5,307700,67748,11.0,-0.8,2012MM06,121.8
67749,A5,307700,67749,9.2,0.0,2012MM07,121.7
67750,A5,307700,67750,8.7,1.5,2012MM08,123.6
67751,A5,307700,67751,8.2,2.1,2012MM09,126.2
67752,A5,307700,67752,10.4,2.4,2012MM10,129.2
67753,A5,307700,67753,6.5,1.1,2012MM11,130.5
67754,A5,307700,67754,2.0,0.6,2012MM12,131.4
67756,A5,307700,67756,1.8,-1.5,2013MM01,129.3
67757,A5,307700,67757,0.9,-2.0,2013MM02,126.8
67758,A5,307700,67758,1.6,-0.5,2013MM03,126.2
67759,A5,307700,67759,0.2,-2.1,2013MM04,123.5
67760,A5,307700,67760,-1.4,-2.0,2013MM05,121.0
67761,A5,307700,67761,-1.4,-0.8,2013MM06,120.1
67762,A5,307700,67762,-0.6,0.8,2013MM07,121.0
67763,A5,307700,67763,-1.3,0.8,2013MM08,122.0
67764,A5,307700,67764,-1.6,1.8,2013MM09,124.2
67765,A5,307700,67765,-3.9,-0.1,2013MM10,124.1
67766,A5,307700,67766,-3.4,1.6,2013MM11,126.1
67767,A5,307700,67767,-1.4,2.8,2013MM12,129.6
67769,A5,307700,67769,-1.6,-1.8,2014MM01,127.2
67770,A5,307700,67770,-1.2,-1.6,2014MM02,125.2
67771,A5,307700,67771,-2.9,-2.1,2014MM03,122.6
67772,A5,307700,67772,-1.0,-0.3,2014MM04,122.3
67773,A5,307700,67773,-0.1,-1.2,2014MM05,120.9
67774,A5,307700,67774,-1.5,-2.1,2014MM06,118.3
67775,A5,307700,67775,-3.2,-1.0,2014MM07,117.1
67776,A5,307700,67776,-3.7,0.4,2014MM08,117.5
67777,A5,307700,67777,-4.6,0.8,2014MM09,118.5
67778,A5,307700,67778,-5.5,-1.0,2014MM10,117.3
67779,A5,307700,67779,-6.8,0.2,2014MM11,117.5
67780,A5,307700,67780,-7.1,2.4,2014MM12,120.3
67782,A5,307700,67782,-8.4,-3.2,2015MM01,116.5
67783,A5,307700,67783,-8.6,-1.7,2015MM02,114.5
67784,A5,307700,67784,-6.6,0.0,2015MM03,114.5
67785,A5,307700,67785,-6.6,-0.2,2015MM04,114.2
67786,A5,307700,67786,-7.1,-1.6,2015MM05,112.3
67787,A5,307700,67787,-4.1,1.0,2015MM06,113.4
67788,A5,307700,67788,-6.1,-3.0,2015MM07,110.0
67789,A5,307700,67789,-8.4,-2.2,2015MM08,107.6
67790,A5,307700,67790,-7.1,2.3,2015MM09,110.0
67791,A5,307700,67791,-5.2,1.0,2015MM10,111.1
67792,A5,307700,67792,1.7,7.5,2015MM11,119.5
67793,A5,307700,67793,-1.6,-0.9,2015MM12,118.4
67795,A5,307700,67795,-1.0,-2.6,2016MM01,115.3
67796,A5,307700,67796,0.3,-0.4,2016MM02,114.8
67797,A5,307700,67797,5.2,4.9,2016MM03,120.5
67798,A5,307700,67798,-1.3,-6.5,2016MM04,112.7
67799,A5,307700,67799,0.3,0.0,2016MM05,112.6
67800,A5,307700,67800,4.3,5.0,2016MM06,118.3
67801,A5,307700,67801,8.2,0.6,2016MM07,119.0
67802,A5,307700,67802,10.8,0.1,2016MM08,119.2
67803,A5,307700,67803,9.6,1.2,2016MM09,120.6
67804,A5,307700,67804,11.4,2.6,2016MM10,123.8
67805,A5,307700,67805,6.3,2.5,2016MM11,126.9
67806,A5,307700,67806,9.6,2.2,2016MM12,129.7
67808,A5,307700,67808,10.3,-1.9,2017MM01,127.2
67809,A5,307700,67809,8.8,-1.8,2017MM02,125.0
67810,A5,307700,67810,4.4,0.6,2017MM03,125.8
67811,A5,307700,67811,12.4,0.7,2017MM04,126.6
67812,A5,307700,67812,14.1,1.5,2017MM05,128.5
67813,A5,307700,67813,5.0,-3.4,2017MM06,124.2
67814,A5,307700,67814,3.0,-1.2,2017MM07,122.7
67815,A5,307700,67815,3.1,0.1,2017MM08,122.8
67816,A5,307700,67816,5.2,3.4,2017MM09,127.0
67817,A5,307700,67817,5.3,2.7,2017MM10,130.4
67818,A5,307700,67818,4.0,1.2,2017MM11,132.0
67819,A5,307700,67819,2.4,0.7,2017MM12,132.9
