,Afzet,BedrijfstakkenBranchesSBI2008,ID,OntwikkelingTOV1JaarEerder_2,OntwikkelingTOV1MaandEerder_3,Perioden,ProducentenprijsindexPPI_1
35113,A4,307700,35113,1.78604651163,0.0986206896552,1981MM01,130.249480969
35114,A4,307700,35114,1.77209302326,0.0972413793103,1981MM02,130.098961938
35115,A4,307700,35115,1.75813953488,0.0958620689655,1981MM03,129.948442907
35116,A4,307700,35116,1.74418604651,0.0944827586207,1981MM04,129.797923875
35117,A4,307700,35117,1.73023255814,0.0931034482759,1981MM05,129.647404844
35118,A4,307700,35118,1.71627906977,0.091724137931,1981MM06,129.496885813
35119,A4,307700,35119,1.7023255814,0.0903448275862,1981MM07,129.346366782
35120,A4,307700,35120,1.68837209302,0.0889655172414,1981MM08,129.195847751
35121,A4,307700,35121,1.67441860465,0.0875862068966,1981MM09,129.04532872
35122,A4,307700,35122,1.66046511628,0.0862068965517,1981MM10,128.894809689
35123,A4,307700,35123,1.64651162791,0.0848275862069,1981MM11,128.744290657
35124,A4,307700,35124,1.63255813953,0.0834482758621,1981MM12,128.593771626
35126,A4,307700,35126,1.61860465116,0.0820689655172,1982MM01,128.443252595
35127,A4,307700,35127,1.60465116279,0.0806896551724,1982MM02,128.292733564
35128,A4,307700,35128,1.59069767442,0.0793103448276,1982MM03,128.142214533
35129,A4,307700,35129,1.57674418605,0.0779310344828,1982MM04,127.991695502
35130,A4,307700,35130,1.56279069767,0.0765517241379,1982MM05,127.841176471
35131,A4,307700,35131,1.5488372093,0.0751724137931,1982MM06,127.690657439
35132,A4,307700,35132,1.53488372093,0.0737931034483,1982MM07,127.540138408
35133,A4,307700,35133,1.52093023256,0.0724137931034,1982MM08,127.389619377
35134,A4,307700,35134,1.50697674419,0.0710344827586,1982MM09,127.239100346
35135,A4,307700,35135,1.49302325581,0.0696551724138,1982MM10,127.088581315
35136,A4,307700,35136,1.47906976744,0.068275862069,1982MM11,126.938062284
35137,A4,307700,35137,1.46511627907,0.0668965517241,1982MM12,126.787543253
35139,A4,307700,35139,1.4511627907,0.0655172413793,1983MM01,126.637024221
35140,A4,307700,35140,1.43720930233,0.0641379310345,1983MM02,126.48650519
35141,A4,307700,35141,1.42325581395,0.0627586206897,1983MM03,126.335986159
35142,A4,307700,35142,1.40930232558,0.0613793103448,1983MM04,126.185467128
35143,A4,307700,35143,1.39534883721,0.06,1983MM05,126.034948097
35144,A4,307700,35144,1.38139534884,0.0586206896552,1983MM06,125.884429066
35145,A4,307700,35145,1.36744186047,0.0572413793103,1983MM07,125.733910035
35146,A4,307700,35146,1.35348837209,0.0558620689655,1983MM08,125.583391003
35147,A4,307700,35147,1.33953488372,0.0544827586207,1983MM09,125.432871972
35148,A4,307700,35148,1.32558139535,0.0531034482759,1983MM10,125.282352941
35149,A4,307700,35149,1.31162790698,0.051724137931,1983MM11,125.13183391
35150,A4,307700,35150,1.2976744186,0.0503448275862,1983MM12,124.981314879
35152,A4,307700,35152,1.28372093023,0.0489655172414,1984MM01,124.830795848
35153,A4,307700,35153,1.26976744186,0.0475862068966,1984MM02,124.680276817
35154,A4,307700,35154,1.25581395349,0.0462068965517,1984MM03,124.529757785
35155,A4,307700,35155,1.24186046512,0.0448275862069,1984MM04,124.379238754
35156,A4,307700,35156,1.22790697674,0.0434482758621,1984MM05,124.228719723
35157,A4,307700,35157,1.21395348837,0.0420689655172,1984MM06,124.078200692
35158,A4,307700,35158,1.2,0.0406896551724,1984MM07,123.927681661
35159,A4,307700,35159,1.18604651163,0.0393103448276,1984MM08,123.77716263
35160,A4,307700,35160,1.17209302326,0.0379310344828,1984MM09,123.626643599
35161,A4,307700,35161,1.15813953488,0.0365517241379,1984MM10,123.476124567
35162,A4,307700,35162,1.14418604651,0.0351724137931,1984MM11,123.325605536
35163,A4,307700,35163,1.13023255814,0.0337931034483,1984MM12,123.175086505
35165,A4,307700,35165,1.11627906977,0.0324137931034,1985MM01,123.024567474
35166,A4,307700,35166,1.1023255814,0.0310344827586,1985MM02,122.874048443
35167,A4,307700,35167,1.08837209302,0.0296551724138,1985MM03,122.723529412
35168,A4,307700,35168,1.07441860465,0.028275862069,1985MM04,122.573010381
35169,A4,307700,35169,1.06046511628,0.0268965517241,1985MM05,122.422491349
35170,A4,307700,35170,1.04651162791,0.0255172413793,1985MM06,122.271972318
35171,A4,307700,35171,1.03255813953,0.0241379310345,1985MM07,122.121453287
35172,A4,307700,35172,1.01860465116,0.0227586206897,1985MM08,121.970934256
35173,A4,307700,35173,1.00465116279,0.0213793103448,1985MM09,121.820415225
35174,A4,307700,35174,0.990697674419,0.02,1985MM10,121.669896194
35175,A4,307700,35175,0.976744186047,0.0186206896552,1985MM11,121.519377163
35176,A4,307700,35176,0.962790697674,0.0172413793103,1985MM12,121.368858131
35178,A4,307700,35178,0.948837209302,0.0158620689655,1986MM01,121.2183391
35179,A4,307700,35179,0.93488372093,0.0144827586207,1986MM02,121.067820069
35180,A4,307700,35180,0.920930232558,0.0131034482759,1986MM03,120.917301038
35181,A4,307700,35181,0.906976744186,0.011724137931,1986MM04,120.766782007
35182,A4,307700,35182,0.893023255814,0.0103448275862,1986MM05,120.616262976
35183,A4,307700,35183,0.879069767442,0.00896551724138,1986MM06,120.465743945
35184,A4,307700,35184,0.86511627907,0.00758620689655,1986MM07,120.315224913
35185,A4,307700,35185,0.851162790698,0.00620689655172,1986MM08,120.164705882
35186,A4,307700,35186,0.837209302326,0.0048275862069,1986MM09,120.014186851
35187,A4,307700,35187,0.823255813953,0.00344827586207,1986MM10,119.86366782
35188,A4,307700,35188,0.809302325581,0.00206896551724,1986MM11,119.713148789
35189,A4,307700,35189,0.795348837209,0.000689655172414,1986MM12,119.562629758
35191,A4,307700,35191,0.781395348837,-0.000689655172414,1987MM01,119.412110727
35192,A4,307700,35192,0.767441860465,-0.00206896551724,1987MM02,119.261591696
35193,A4,307700,35193,0.753488372093,-0.00344827586207,1987MM03,119.111072664
35194,A4,307700,35194,0.739534883721,-0.0048275862069,1987MM04,118.960553633
35195,A4,307700,35195,0.725581395349,-0.00620689655172,1987MM05,118.810034602
35196,A4,307700,35196,0.711627906977,-0.00758620689655,1987MM06,118.659515571
35197,A4,307700,35197,0.697674418605,-0.00896551724138,1987MM07,118.50899654
35198,A4,307700,35198,0.683720930233,-0.0103448275862,1987MM08,118.358477509
35199,A4,307700,35199,0.66976744186,-0.011724137931,1987MM09,118.207958478
35200,A4,307700,35200,0.655813953488,-0.0131034482759,1987MM10,118.057439446
35201,A4,307700,35201,0.641860465116,-0.0144827586207,1987MM11,117.906920415
35202,A4,307700,35202,0.627906976744,-0.0158620689655,1987MM12,117.756401384
35204,A4,307700,35204,0.613953488372,-0.0172413793103,1988MM01,117.605882353
35205,A4,307700,35205,0.6,-0.0186206896552,1988MM02,117.455363322
35206,A4,307700,35206,0.586046511628,-0.02,1988MM03,117.304844291
35207,A4,307700,35207,0.572093023256,-0.0213793103448,1988MM04,117.15432526
35208,A4,307700,35208,0.558139534884,-0.0227586206897,1988MM05,117.003806228
35209,A4,307700,35209,0.544186046512,-0.0241379310345,1988MM06,116.853287197
35210,A4,307700,35210,0.53023255814,-0.0255172413793,1988MM07,116.702768166
35211,A4,307700,35211,0.516279069767,-0.0268965517241,1988MM08,116.552249135
35212,A4,307700,35212,0.502325581395,-0.028275862069,1988MM09,116.401730104
35213,A4,307700,35213,0.488372093023,-0.0296551724138,1988MM10,116.251211073
35214,A4,307700,35214,0.474418604651,-0.0310344827586,1988MM11,116.100692042
35215,A4,307700,35215,0.460465116279,-0.0324137931034,1988MM12,115.95017301
35217,A4,307700,35217,0.446511627907,-0.0337931034483,1989MM01,115.799653979
35218,A4,307700,35218,0.432558139535,-0.0351724137931,1989MM02,115.649134948
35219,A4,307700,35219,0.418604651163,-0.0365517241379,1989MM03,115.498615917
35220,A4,307700,35220,0.404651162791,-0.0379310344828,1989MM04,115.348096886
35221,A4,307700,35221,0.390697674419,-0.0393103448276,1989MM05,115.197577855
35222,A4,307700,35222,0.376744186047,-0.0406896551724,1989MM06,115.047058824
35223,A4,307700,35223,0.362790697674,-0.0420689655172,1989MM07,114.896539792
35224,A4,307700,35224,0.348837209302,-0.0434482758621,1989MM08,114.746020761
35225,A4,307700,35225,0.33488372093,-0.0448275862069,1989MM09,114.59550173
35226,A4,307700,35226,0.320930232558,-0.0462068965517,1989MM10,114.444982699
35227,A4,307700,35227,0.306976744186,-0.0475862068966,1989MM11,114.294463668
35228,A4,307700,35228,0.293023255814,-0.0489655172414,1989MM12,114.143944637
35230,A4,307700,35230,0.279069767442,-0.0503448275862,1990MM01,113.993425606
35231,A4,307700,35231,0.26511627907,-0.051724137931,1990MM02,113.842906574
35232,A4,307700,35232,0.251162790698,-0.0531034482759,1990MM03,113.692387543
35233,A4,307700,35233,0.237209302326,-0.0544827586207,1990MM04,113.541868512
35234,A4,307700,35234,0.223255813953,-0.0558620689655,1990MM05,113.391349481
35235,A4,307700,35235,0.209302325581,-0.0572413793103,1990MM06,113.24083045
35236,A4,307700,35236,0.195348837209,-0.0586206896552,1990MM07,113.090311419
35237,A4,307700,35237,0.181395348837,-0.06,1990MM08,112.939792388
35238,A4,307700,35238,0.167441860465,-0.0613793103448,1990MM09,112.789273356
35239,A4,307700,35239,0.153488372093,-0.0627586206897,1990MM10,112.638754325
35240,A4,307700,35240,0.139534883721,-0.0641379310345,1990MM11,112.488235294
35241,A4,307700,35241,0.125581395349,-0.0655172413793,1990MM12,112.337716263
35243,A4,307700,35243,0.111627906977,-0.0668965517241,1991MM01,112.187197232
35244,A4,307700,35244,0.0976744186047,-0.068275862069,1991MM02,112.036678201
35245,A4,307700,35245,0.0837209302326,-0.0696551724138,1991MM03,111.88615917
35246,A4,307700,35246,0.0697674418605,-0.0710344827586,1991MM04,111.735640138
35247,A4,307700,35247,0.0558139534884,-0.0724137931034,1991MM05,111.585121107
35248,A4,307700,35248,0.0418604651163,-0.0737931034483,1991MM06,111.434602076
35249,A4,307700,35249,0.0279069767442,-0.0751724137931,1991MM07,111.284083045
35250,A4,307700,35250,0.0139534883721,-0.0765517241379,1991MM08,111.133564014
35251,A4,307700,35251,0.0,-0.0779310344828,1991MM09,110.983044983
35252,A4,307700,35252,-0.0139534883721,-0.0793103448276,1991MM10,110.832525952
35253,A4,307700,35253,-0.0279069767442,-0.0806896551724,1991MM11,110.68200692
35254,A4,307700,35254,-0.0418604651163,-0.0820689655172,1991MM12,110.531487889
35256,A4,307700,35256,-0.0558139534884,-0.0834482758621,1992MM01,110.380968858
35257,A4,307700,35257,-0.0697674418605,-0.0848275862069,1992MM02,110.230449827
35258,A4,307700,35258,-0.0837209302326,-0.0862068965517,1992MM03,110.079930796
35259,A4,307700,35259,-0.0976744186047,-0.0875862068966,1992MM04,109.929411765
35260,A4,307700,35260,-0.111627906977,-0.0889655172414,1992MM05,109.778892734
35261,A4,307700,35261,-0.125581395349,-0.0903448275862,1992MM06,109.628373702
35262,A4,307700,35262,-0.139534883721,-0.091724137931,1992MM07,109.477854671
35263,A4,307700,35263,-0.153488372093,-0.0931034482759,1992MM08,109.32733564
35264,A4,307700,35264,-0.167441860465,-0.0944827586207,1992MM09,109.176816609
35265,A4,307700,35265,-0.181395348837,-0.0958620689655,1992MM10,109.026297578
35266,A4,307700,35266,-0.195348837209,-0.0972413793103,1992MM11,108.875778547
35267,A4,307700,35267,-0.209302325581,-0.0986206896552,1992MM12,108.725259516
35269,A4,307700,35269,-0.223255813953,-0.1,1993MM01,108.574740484
35270,A4,307700,35270,-0.237209302326,-0.101379310345,1993MM02,108.424221453
35271,A4,307700,35271,-0.251162790698,-0.10275862069,1993MM03,108.273702422
35272,A4,307700,35272,-0.26511627907,-0.104137931034,1993MM04,108.123183391
35273,A4,307700,35273,-0.279069767442,-0.105517241379,1993MM05,107.97266436
35274,A4,307700,35274,-0.293023255814,-0.106896551724,1993MM06,107.822145329
35275,A4,307700,35275,-0.306976744186,-0.108275862069,1993MM07,107.671626298
35276,A4,307700,35276,-0.320930232558,-0.109655172414,1993MM08,107.521107266
35277,A4,307700,35277,-0.33488372093,-0.111034482759,1993MM09,107.370588235
35278,A4,307700,35278,-0.348837209302,-0.112413793103,1993MM10,107.220069204
35279,A4,307700,35279,-0.362790697674,-0.113793103448,1993MM11,107.069550173
35280,A4,307700,35280,-0.376744186047,-0.115172413793,1993MM12,106.919031142
35282,A4,307700,35282,-0.390697674419,-0.116551724138,1994MM01,106.768512111
35283,A4,307700,35283,-0.404651162791,-0.117931034483,1994MM02,106.61799308
35284,A4,307700,35284,-0.418604651163,-0.119310344828,1994MM03,106.467474048
35285,A4,307700,35285,-0.432558139535,-0.120689655172,1994MM04,106.316955017
35286,A4,307700,35286,-0.446511627907,-0.122068965517,1994MM05,106.166435986
35287,A4,307700,35287,-0.460465116279,-0.123448275862,1994MM06,106.015916955
35288,A4,307700,35288,-0.474418604651,-0.124827586207,1994MM07,105.865397924
35289,A4,307700,35289,-0.488372093023,-0.126206896552,1994MM08,105.714878893
35290,A4,307700,35290,-0.502325581395,-0.127586206897,1994MM09,105.564359862
35291,A4,307700,35291,-0.516279069767,-0.128965517241,1994MM10,105.41384083
35292,A4,307700,35292,-0.53023255814,-0.130344827586,1994MM11,105.263321799
35293,A4,307700,35293,-0.544186046512,-0.131724137931,1994MM12,105.112802768
35295,A4,307700,35295,-0.558139534884,-0.133103448276,1995MM01,104.962283737
35296,A4,307700,35296,-0.572093023256,-0.134482758621,1995MM02,104.811764706
35297,A4,307700,35297,-0.586046511628,-0.135862068966,1995MM03,104.661245675
35298,A4,307700,35298,-0.6,-0.13724137931,1995MM04,104.510726644
35299,A4,307700,35299,-0.613953488372,-0.138620689655,1995MM05,104.360207612
35300,A4,307700,35300,-0.627906976744,-0.14,1995MM06,104.209688581
35301,A4,307700,35301,-0.641860465116,-0.141379310345,1995MM07,104.05916955
35302,A4,307700,35302,-0.655813953488,-0.14275862069,1995MM08,103.908650519
35303,A4,307700,35303,-0.66976744186,-0.144137931034,1995MM09,103.758131488
35304,A4,307700,35304,-0.683720930233,-0.145517241379,1995MM10,103.607612457
35305,A4,307700,35305,-0.697674418605,-0.146896551724,1995MM11,103.457093426
35306,A4,307700,35306,-0.711627906977,-0.148275862069,1995MM12,103.306574394
35308,A4,307700,35308,-0.725581395349,-0.149655172414,1996MM01,103.156055363
35309,A4,307700,35309,-0.739534883721,-0.151034482759,1996MM02,103.005536332
35310,A4,307700,35310,-0.753488372093,-0.152413793103,1996MM03,102.855017301
35311,A4,307700,35311,-0.767441860465,-0.153793103448,1996MM04,102.70449827
35312,A4,307700,35312,-0.781395348837,-0.155172413793,1996MM05,102.553979239
35313,A4,307700,35313,-0.795348837209,-0.156551724138,1996MM06,102.403460208
35314,A4,307700,35314,-0.809302325581,-0.157931034483,1996MM07,102.252941176
35315,A4,307700,35315,-0.823255813953,-0.159310344828,1996MM08,102.102422145
35316,A4,307700,35316,-0.837209302326,-0.160689655172,1996MM09,101.951903114
35317,A4,307700,35317,-0.851162790698,-0.162068965517,1996MM10,101.801384083
35318,A4,307700,35318,-0.86511627907,-0.163448275862,1996MM11,101.650865052
35319,A4,307700,35319,-0.879069767442,-0.164827586207,1996MM12,101.500346021
35321,A4,307700,35321,-0.893023255814,-0.166206896552,1997MM01,101.34982699
35322,A4,307700,35322,-0.906976744186,-0.167586206897,1997MM02,101.199307958
35323,A4,307700,35323,-0.920930232558,-0.168965517241,1997MM03,101.048788927
35324,A4,307700,35324,-0.93488372093,-0.170344827586,1997MM04,100.898269896
35325,A4,307700,35325,-0.948837209302,-0.171724137931,1997MM05,100.747750865
35326,A4,307700,35326,-0.962790697674,-0.173103448276,1997MM06,100.597231834
35327,A4,307700,35327,-0.976744186047,-0.174482758621,1997MM07,100.446712803
35328,A4,307700,35328,-0.990697674419,-0.175862068966,1997MM08,100.296193772
35329,A4,307700,35329,-1.00465116279,-0.17724137931,1997MM09,100.14567474
35330,A4,307700,35330,-1.01860465116,-0.178620689655,1997MM10,99.9951557093
35331,A4,307700,35331,-1.03255813953,-0.18,1997MM11,99.8446366782
35332,A4,307700,35332,-1.04651162791,-0.181379310345,1997MM12,99.6941176471
35334,A4,307700,35334,-1.06046511628,-0.18275862069,1998MM01,99.5435986159
35335,A4,307700,35335,-1.07441860465,-0.184137931034,1998MM02,99.3930795848
35336,A4,307700,35336,-1.08837209302,-0.185517241379,1998MM03,99.2425605536
35337,A4,307700,35337,-1.1023255814,-0.186896551724,1998MM04,99.0920415225
35338,A4,307700,35338,-1.11627906977,-0.188275862069,1998MM05,98.9415224913
35339,A4,307700,35339,-1.13023255814,-0.189655172414,1998MM06,98.7910034602
35340,A4,307700,35340,-1.14418604651,-0.191034482759,1998MM07,98.6404844291
35341,A4,307700,35341,-1.15813953488,-0.192413793103,1998MM08,98.4899653979
35342,A4,307700,35342,-1.17209302326,-0.193793103448,1998MM09,98.3394463668
35343,A4,307700,35343,-1.18604651163,-0.195172413793,1998MM10,98.1889273356
35344,A4,307700,35344,-1.2,-0.196551724138,1998MM11,98.0384083045
35345,A4,307700,35345,-1.21395348837,-0.197931034483,1998MM12,97.8878892734
35347,A4,307700,35347,-1.22790697674,-0.199310344828,1999MM01,97.7373702422
35348,A4,307700,35348,-1.24186046512,-0.200689655172,1999MM02,97.5868512111
35349,A4,307700,35349,-1.25581395349,-0.202068965517,1999MM03,97.4363321799
35350,A4,307700,35350,-1.26976744186,-0.203448275862,1999MM04,97.2858131488
35351,A4,307700,35351,-1.28372093023,-0.204827586207,1999MM05,97.1352941176
35352,A4,307700,35352,-1.2976744186,-0.206206896552,1999MM06,96.9847750865
35353,A4,307700,35353,-1.31162790698,-0.207586206897,1999MM07,96.8342560554
35354,A4,307700,35354,-1.32558139535,-0.208965517241,1999MM08,96.6837370242
35355,A4,307700,35355,-1.33953488372,-0.210344827586,1999MM09,96.5332179931
35356,A4,307700,35356,-1.35348837209,-0.211724137931,1999MM10,96.3826989619
35357,A4,307700,35357,-1.36744186047,-0.213103448276,1999MM11,96.2321799308
35358,A4,307700,35358,-1.38139534884,-0.214482758621,1999MM12,96.0816608997
35360,A4,307700,35360,-1.39534883721,-0.215862068966,2000MM01,95.9311418685
35361,A4,307700,35361,-1.40930232558,-0.21724137931,2000MM02,95.7806228374
35362,A4,307700,35362,-1.42325581395,-0.218620689655,2000MM03,95.6301038062
35363,A4,307700,35363,-1.43720930233,-0.22,2000MM04,95.4795847751
35364,A4,307700,35364,-1.4511627907,-0.221379310345,2000MM05,95.3290657439
35365,A4,307700,35365,-1.46511627907,-0.22275862069,2000MM06,95.1785467128
35366,A4,307700,35366,-1.47906976744,-0.224137931034,2000MM07,95.0280276817
35367,A4,307700,35367,-1.49302325581,-0.225517241379,2000MM08,94.8775086505
35368,A4,307700,35368,-1.50697674419,-0.226896551724,2000MM09,94.7269896194
35369,A4,307700,35369,-1.52093023256,-0.228275862069,2000MM10,94.5764705882
35370,A4,307700,35370,-1.53488372093,-0.229655172414,2000MM11,94.4259515571
35371,A4,307700,35371,-1.5488372093,-0.231034482759,2000MM12,94.275432526
35373,A4,307700,35373,-1.56279069767,-0.232413793103,2001MM01,94.1249134948
35374,A4,307700,35374,-1.57674418605,-0.233793103448,2001MM02,93.9743944637
35375,A4,307700,35375,-1.59069767442,-0.235172413793,2001MM03,93.8238754325
35376,A4,307700,35376,-1.60465116279,-0.236551724138,2001MM04,93.6733564014
35377,A4,307700,35377,-1.61860465116,-0.237931034483,2001MM05,93.5228373702
35378,A4,307700,35378,-1.63255813953,-0.239310344828,2001MM06,93.3723183391
35379,A4,307700,35379,-1.64651162791,-0.240689655172,2001MM07,93.221799308
35380,A4,307700,35380,-1.66046511628,-0.242068965517,2001MM08,93.0712802768
35381,A4,307700,35381,-1.67441860465,-0.243448275862,2001MM09,92.9207612457
35382,A4,307700,35382,-1.68837209302,-0.244827586207,2001MM10,92.7702422145
35383,A4,307700,35383,-1.7023255814,-0.246206896552,2001MM11,92.6197231834
35384,A4,307700,35384,-1.71627906977,-0.247586206897,2001MM12,92.4692041522
35386,A4,307700,35386,-1.73023255814,-0.248965517241,2002MM01,92.3186851211
35387,A4,307700,35387,-1.74418604651,-0.250344827586,2002MM02,92.16816609
35388,A4,307700,35388,-1.75813953488,-0.251724137931,2002MM03,92.0176470588
35389,A4,307700,35389,-1.77209302326,-0.253103448276,2002MM04,91.8671280277
35390,A4,307700,35390,-1.78604651163,-0.254482758621,2002MM05,91.7166089965
35391,A4,307700,35391,-1.8,-0.255862068966,2002MM06,91.5660899654
35392,A4,307700,35392,-1.81395348837,-0.25724137931,2002MM07,91.4155709343
35393,A4,307700,35393,-1.82790697674,-0.258620689655,2002MM08,91.2650519031
35394,A4,307700,35394,-1.84186046512,-0.26,2002MM09,91.114532872
35395,A4,307700,35395,-1.85581395349,-0.261379310345,2002MM10,90.9640138408
35396,A4,307700,35396,-1.86976744186,-0.26275862069,2002MM11,90.8134948097
35397,A4,307700,35397,-1.88372093023,-0.264137931034,2002MM12,90.6629757785
35399,A4,307700,35399,-1.8976744186,-0.265517241379,2003MM01,90.5124567474
35400,A4,307700,35400,-1.91162790698,-0.266896551724,2003MM02,90.3619377163
35401,A4,307700,35401,-1.92558139535,-0.268275862069,2003MM03,90.2114186851
35402,A4,307700,35402,-1.93953488372,-0.269655172414,2003MM04,90.060899654
35403,A4,307700,35403,-1.95348837209,-0.271034482759,2003MM05,89.9103806228
35404,A4,307700,35404,-1.96744186047,-0.272413793103,2003MM06,89.7598615917
35405,A4,307700,35405,-1.98139534884,-0.273793103448,2003MM07,89.6093425606
35406,A4,307700,35406,-1.99534883721,-0.275172413793,2003MM08,89.4588235294
35407,A4,307700,35407,-2.00930232558,-0.276551724138,2003MM09,89.3083044983
35408,A4,307700,35408,-2.02325581395,-0.277931034483,2003MM10,89.1577854671
35409,A4,307700,35409,-2.03720930233,-0.279310344828,2003MM11,89.007266436
35410,A4,307700,35410,-2.0511627907,-0.280689655172,2003MM12,88.8567474048
35412,A4,307700,35412,-2.06511627907,-0.282068965517,2004MM01,88.7062283737
35413,A4,307700,35413,-2.07906976744,-0.283448275862,2004MM02,88.5557093426
35414,A4,307700,35414,-2.09302325581,-0.284827586207,2004MM03,88.4051903114
35415,A4,307700,35415,-2.10697674419,-0.286206896552,2004MM04,88.2546712803
35416,A4,307700,35416,-2.12093023256,-0.287586206897,2004MM05,88.1041522491
35417,A4,307700,35417,-2.13488372093,-0.288965517241,2004MM06,87.953633218
35418,A4,307700,35418,-2.1488372093,-0.290344827586,2004MM07,87.8031141869
35419,A4,307700,35419,-2.16279069767,-0.291724137931,2004MM08,87.6525951557
35420,A4,307700,35420,-2.17674418605,-0.293103448276,2004MM09,87.5020761246
35421,A4,307700,35421,-2.19069767442,-0.294482758621,2004MM10,87.3515570934
35422,A4,307700,35422,-2.20465116279,-0.295862068966,2004MM11,87.2010380623
35423,A4,307700,35423,-2.21860465116,-0.29724137931,2004MM12,87.0505190311
35425,A4,307700,35425,-2.23255813953,-0.298620689655,2005MM01,86.9
35426,A4,307700,35426,-2.24651162791,-0.3,2005MM02,86.6
35427,A4,307700,35427,-2.26046511628,-1.2,2005MM03,85.6
35428,A4,307700,35428,-2.27441860465,0.5,2005MM04,86.0
35429,A4,307700,35429,-2.28837209302,1.5,2005MM05,87.3
35430,A4,307700,35430,-2.3023255814,1.2,2005MM06,88.3
35431,A4,307700,35431,-2.31627906977,-0.4,2005MM07,88.0
35432,A4,307700,35432,-2.33023255814,1.1,2005MM08,88.9
35433,A4,307700,35433,-2.34418604651,-0.4,2005MM09,88.6
35434,A4,307700,35434,-2.35813953488,-1.3,2005MM10,87.5
35435,A4,307700,35435,-2.37209302326,0.1,2005MM11,87.5
35436,A4,307700,35436,-2.38604651163,0.1,2005MM12,87.6
35438,A4,307700,35438,-2.4,-3.3,2006MM01,84.8
35439,A4,307700,35439,-1.9,0.2,2006MM02,84.9
35440,A4,307700,35440,0.2,0.9,2006MM03,85.7
35441,A4,307700,35441,0.2,0.6,2006MM04,86.2
35442,A4,307700,35442,0.0,1.2,2006MM05,87.3
35443,A4,307700,35443,-0.1,1.0,2006MM06,88.2
35444,A4,307700,35444,0.7,0.5,2006MM07,88.6
35445,A4,307700,35445,1.4,1.8,2006MM08,90.2
35446,A4,307700,35446,1.5,-0.3,2006MM09,90.0
35447,A4,307700,35447,2.9,0.0,2006MM10,90.0
35448,A4,307700,35448,1.1,-1.6,2006MM11,88.5
35449,A4,307700,35449,1.1,0.0,2006MM12,88.6
35451,A4,307700,35451,2.6,-1.8,2007MM01,87.0
35452,A4,307700,35452,2.9,0.4,2007MM02,87.4
35453,A4,307700,35453,1.2,-0.7,2007MM03,86.8
35454,A4,307700,35454,2.0,1.4,2007MM04,87.9
35455,A4,307700,35455,1.6,0.8,2007MM05,88.7
35456,A4,307700,35456,1.6,1.1,2007MM06,89.6
35457,A4,307700,35457,2.0,0.8,2007MM07,90.3
35458,A4,307700,35458,0.5,0.4,2007MM08,90.7
35459,A4,307700,35459,1.8,1.0,2007MM09,91.6
35460,A4,307700,35460,1.8,0.0,2007MM10,91.6
35461,A4,307700,35461,3.2,-0.3,2007MM11,91.4
35462,A4,307700,35462,3.3,0.1,2007MM12,91.5
35464,A4,307700,35464,6.3,1.1,2008MM01,92.5
35465,A4,307700,35465,6.0,0.1,2008MM02,92.6
35466,A4,307700,35466,8.6,1.7,2008MM03,94.2
35467,A4,307700,35467,8.0,0.8,2008MM04,95.0
35468,A4,307700,35468,9.6,2.3,2008MM05,97.2
35469,A4,307700,35469,11.2,2.6,2008MM06,99.7
35470,A4,307700,35470,11.6,1.1,2008MM07,100.8
35471,A4,307700,35471,12.2,1.0,2008MM08,101.8
35472,A4,307700,35472,12.1,0.9,2008MM09,102.7
35473,A4,307700,35473,11.4,-0.6,2008MM10,102.0
35474,A4,307700,35474,8.6,-2.8,2008MM11,99.2
35475,A4,307700,35475,6.8,-1.6,2008MM12,97.7
35477,A4,307700,35477,3.5,-2.0,2009MM01,95.7
35478,A4,307700,35478,1.5,-1.8,2009MM02,94.0
35479,A4,307700,35479,0.3,0.4,2009MM03,94.4
35480,A4,307700,35480,0.8,1.4,2009MM04,95.7
35481,A4,307700,35481,-0.3,1.2,2009MM05,96.8
35482,A4,307700,35482,-2.2,0.7,2009MM06,97.5
35483,A4,307700,35483,-2.5,0.8,2009MM07,98.3
35484,A4,307700,35484,-2.8,0.6,2009MM08,98.9
35485,A4,307700,35485,-3.8,-0.1,2009MM09,98.8
35486,A4,307700,35486,-5.5,-2.3,2009MM10,96.5
35487,A4,307700,35487,-4.1,-1.3,2009MM11,95.2
35488,A4,307700,35488,-2.8,-0.3,2009MM12,94.9
35490,A4,307700,35490,-0.6,0.2,2010MM01,95.1
35491,A4,307700,35491,2.6,1.5,2010MM02,96.5
35492,A4,307700,35492,3.0,0.7,2010MM03,97.2
35493,A4,307700,35493,2.4,0.8,2010MM04,98.0
35494,A4,307700,35494,2.3,1.1,2010MM05,99.1
35495,A4,307700,35495,4.1,2.4,2010MM06,101.5
35496,A4,307700,35496,3.3,0.1,2010MM07,101.6
35497,A4,307700,35497,1.9,-0.8,2010MM08,100.7
35498,A4,307700,35498,3.2,1.2,2010MM09,101.9
35499,A4,307700,35499,5.9,0.3,2010MM10,102.2
35500,A4,307700,35500,7.9,0.5,2010MM11,102.7
35501,A4,307700,35501,9.0,0.8,2010MM12,103.5
35503,A4,307700,35503,9.9,1.0,2011MM01,104.5
35504,A4,307700,35504,10.6,2.1,2011MM02,106.8
35505,A4,307700,35505,12.6,2.6,2011MM03,109.5
35506,A4,307700,35506,15.6,3.5,2011MM04,113.3
35507,A4,307700,35507,14.5,0.0,2011MM05,113.4
35508,A4,307700,35508,9.2,-2.2,2011MM06,110.8
35509,A4,307700,35509,11.3,2.0,2011MM07,113.0
35510,A4,307700,35510,11.8,-0.4,2011MM08,112.6
35511,A4,307700,35511,12.1,1.5,2011MM09,114.2
35512,A4,307700,35512,11.1,-0.6,2011MM10,113.5
35513,A4,307700,35513,13.5,2.8,2011MM11,116.6
35514,A4,307700,35514,14.4,1.5,2011MM12,118.4
35516,A4,307700,35516,14.0,0.7,2012MM01,119.2
35517,A4,307700,35517,13.7,1.8,2012MM02,121.4
35518,A4,307700,35518,10.6,-0.2,2012MM03,121.2
35519,A4,307700,35519,8.3,1.2,2012MM04,122.7
35520,A4,307700,35520,8.9,0.6,2012MM05,123.4
35521,A4,307700,35521,11.7,0.4,2012MM06,123.8
35522,A4,307700,35522,9.7,0.1,2012MM07,124.0
35523,A4,307700,35523,10.1,0.0,2012MM08,123.9
35524,A4,307700,35524,10.3,1.7,2012MM09,126.0
35525,A4,307700,35525,11.7,0.6,2012MM10,126.8
35526,A4,307700,35526,8.9,0.2,2012MM11,127.0
35527,A4,307700,35527,5.5,-1.7,2012MM12,124.9
35529,A4,307700,35529,3.2,-1.4,2013MM01,123.1
35530,A4,307700,35530,0.9,-0.5,2013MM02,122.5
35531,A4,307700,35531,0.7,-0.4,2013MM03,122.0
35532,A4,307700,35532,-0.9,-0.4,2013MM04,121.6
35533,A4,307700,35533,-2.1,-0.7,2013MM05,120.8
35534,A4,307700,35534,-2.4,0.1,2013MM06,120.9
35535,A4,307700,35535,-1.7,0.7,2013MM07,121.8
35536,A4,307700,35536,-0.7,1.0,2013MM08,123.1
35537,A4,307700,35537,-1.9,0.5,2013MM09,123.6
35538,A4,307700,35538,-3.5,-1.0,2013MM10,122.4
35539,A4,307700,35539,-4.4,-0.8,2013MM11,121.4
35540,A4,307700,35540,-3.2,-0.4,2013MM12,120.9
35542,A4,307700,35542,-1.7,0.1,2014MM01,121.0
35543,A4,307700,35543,-3.3,-2.1,2014MM02,118.5
35544,A4,307700,35544,-3.3,-0.4,2014MM03,118.0
35545,A4,307700,35545,-1.4,1.5,2014MM04,119.8
35546,A4,307700,35546,-1.3,-0.5,2014MM05,119.2
35547,A4,307700,35547,-1.5,-0.1,2014MM06,119.1
35548,A4,307700,35548,-2.2,0.1,2014MM07,119.1
35549,A4,307700,35549,-3.4,-0.3,2014MM08,118.8
35550,A4,307700,35550,-4.5,-0.7,2014MM09,118.0
35551,A4,307700,35551,-5.6,-2.1,2014MM10,115.6
35552,A4,307700,35552,-5.2,-0.4,2014MM11,115.1
35553,A4,307700,35553,-5.8,-1.1,2014MM12,113.8
35555,A4,307700,35555,-7.0,-1.1,2015MM01,112.6
35556,A4,307700,35556,-5.1,-0.1,2015MM02,112.4
35557,A4,307700,35557,-5.4,-0.7,2015MM03,111.7
35558,A4,307700,35558,-6.7,0.1,2015MM04,111.8
35559,A4,307700,35559,-6.1,0.1,2015MM05,111.9
35560,A4,307700,35560,-5.3,0.8,2015MM06,112.8
35561,A4,307700,35561,-4.5,0.9,2015MM07,113.8
35562,A4,307700,35562,-4.4,-0.1,2015MM08,113.6
35563,A4,307700,35563,-3.9,-0.1,2015MM09,113.5
35564,A4,307700,35564,-3.1,-1.3,2015MM10,112.0
35565,A4,307700,35565,0.0,2.9,2015MM11,115.2
35566,A4,307700,35566,1.5,0.3,2015MM12,115.5
35568,A4,307700,35568,1.9,-0.7,2016MM01,114.7
35569,A4,307700,35569,1.9,-0.1,2016MM02,114.6
35570,A4,307700,35570,2.8,0.2,2016MM03,114.8
35571,A4,307700,35571,5.1,2.4,2016MM04,117.6
35572,A4,307700,35572,7.1,2.0,2016MM05,119.9
35573,A4,307700,35573,11.4,4.8,2016MM06,125.7
35574,A4,307700,35574,11.2,0.7,2016MM07,126.5
35575,A4,307700,35575,13.1,1.6,2016MM08,128.5
35576,A4,307700,35576,12.5,-0.6,2016MM09,127.7
35577,A4,307700,35577,14.8,0.6,2016MM10,128.5
35578,A4,307700,35578,11.3,-0.2,2016MM11,128.2
35579,A4,307700,35579,8.8,-2.0,2016MM12,125.6
35581,A4,307700,35581,11.4,1.7,2017MM01,127.7
35582,A4,307700,35582,12.2,0.6,2017MM02,128.5
35583,A4,307700,35583,13.4,1.3,2017MM03,130.2
35584,A4,307700,35584,12.5,1.5,2017MM04,132.2
35585,A4,307700,35585,11.0,0.7,2017MM05,133.1
35586,A4,307700,35586,5.1,-0.7,2017MM06,132.2
35587,A4,307700,35587,3.3,-1.1,2017MM07,130.7
35588,A4,307700,35588,0.8,-0.8,2017MM08,129.6
35589,A4,307700,35589,1.5,0.0,2017MM09,129.6
35590,A4,307700,35590,0.0,-0.9,2017MM10,128.4
35591,A4,307700,35591,-0.4,-0.6,2017MM11,127.7
35592,A4,307700,35592,0.9,-0.7,2017MM12,126.8
