,Afzet,BedrijfstakkenBranchesSBI2008,ID,OntwikkelingTOV1JaarEerder_2,OntwikkelingTOV1MaandEerder_3,Perioden,ProducentenprijsindexPPI_1
3198,A6,307700,3198,,,2005MM01,90.6
3199,A6,307700,3199,,-3.4,2005MM02,87.6
3200,A6,307700,3200,,-1.6,2005MM03,86.2
3201,A6,307700,3201,,-3.0,2005MM04,83.6
3202,A6,307700,3202,,1.4,2005MM05,84.8
3203,A6,307700,3203,,1.4,2005MM06,86.0
3204,A6,307700,3204,,-0.4,2005MM07,85.6
3205,A6,307700,3205,,1.4,2005MM08,86.8
3206,A6,307700,3206,,2.0,2005MM09,88.6
3207,A6,307700,3207,,1.6,2005MM10,90.0
3208,A6,307700,3208,,1.5,2005MM11,91.4
3209,A6,307700,3209,,1.9,2005MM12,93.1
3211,A6,307700,3211,1.8,-0.9,2006MM01,92.2
3212,A6,307700,3212,5.5,0.2,2006MM02,92.4
3213,A6,307700,3213,7.9,0.7,2006MM03,93.0
3214,A6,307700,3214,10.8,-0.4,2006MM04,92.6
3215,A6,307700,3215,8.6,-0.6,2006MM05,92.1
3216,A6,307700,3216,6.0,-1.0,2006MM06,91.2
3217,A6,307700,3217,4.0,-2.3,2006MM07,89.1
3218,A6,307700,3218,3.9,1.3,2006MM08,90.2
3219,A6,307700,3219,3.8,1.9,2006MM09,92.0
3220,A6,307700,3220,1.5,-0.7,2006MM10,91.4
3221,A6,307700,3221,-0.5,-0.6,2006MM11,90.9
3222,A6,307700,3222,-0.9,1.6,2006MM12,92.3
3224,A6,307700,3224,-2.9,-2.9,2007MM01,89.6
3225,A6,307700,3225,-2.0,1.1,2007MM02,90.6
3226,A6,307700,3226,-2.5,0.1,2007MM03,90.7
3227,A6,307700,3227,0.4,2.5,2007MM04,92.9
3228,A6,307700,3228,1.1,0.2,2007MM05,93.1
3229,A6,307700,3229,2.5,0.4,2007MM06,93.5
3230,A6,307700,3230,4.7,-0.2,2007MM07,93.3
3231,A6,307700,3231,5.4,1.9,2007MM08,95.1
3232,A6,307700,3232,8.4,4.9,2007MM09,99.7
3233,A6,307700,3233,10.7,1.4,2007MM10,101.2
3234,A6,307700,3234,12.1,0.7,2007MM11,101.9
3235,A6,307700,3235,10.4,0.0,2007MM12,101.8
3237,A6,307700,3237,12.4,-1.1,2008MM01,100.7
3238,A6,307700,3238,11.0,-0.2,2008MM02,100.5
3239,A6,307700,3239,10.8,0.0,2008MM03,100.5
3240,A6,307700,3240,7.0,-1.0,2008MM04,99.4
3241,A6,307700,3241,8.1,1.2,2008MM05,100.7
3242,A6,307700,3242,9.2,1.4,2008MM06,102.1
3243,A6,307700,3243,9.8,0.3,2008MM07,102.4
3244,A6,307700,3244,9.4,1.6,2008MM08,104.0
3245,A6,307700,3245,6.6,2.3,2008MM09,106.4
3246,A6,307700,3246,5.9,0.7,2008MM10,107.1
3247,A6,307700,3247,1.9,-3.1,2008MM11,103.8
3248,A6,307700,3248,1.3,-0.7,2008MM12,103.1
3250,A6,307700,3250,-0.2,-2.6,2009MM01,100.5
3251,A6,307700,3251,-2.7,-2.6,2009MM02,97.8
3252,A6,307700,3252,-3.5,-0.9,2009MM03,96.9
3253,A6,307700,3253,-3.8,-1.3,2009MM04,95.7
3254,A6,307700,3254,-5.1,-0.1,2009MM05,95.6
3255,A6,307700,3255,-6.7,-0.4,2009MM06,95.2
3256,A6,307700,3256,-6.0,1.1,2009MM07,96.3
3257,A6,307700,3257,-6.2,1.4,2009MM08,97.6
3258,A6,307700,3258,-7.7,0.7,2009MM09,98.2
3259,A6,307700,3259,-9.4,-1.2,2009MM10,97.0
3260,A6,307700,3260,-7.0,-0.4,2009MM11,96.6
3261,A6,307700,3261,-4.6,1.8,2009MM12,98.4
3263,A6,307700,3263,-2.0,0.1,2010MM01,98.5
3264,A6,307700,3264,0.3,-0.4,2010MM02,98.1
3265,A6,307700,3265,1.3,0.1,2010MM03,98.2
3266,A6,307700,3266,2.7,0.1,2010MM04,98.3
3267,A6,307700,3267,2.3,-0.6,2010MM05,97.7
3268,A6,307700,3268,4.1,1.4,2010MM06,99.1
3269,A6,307700,3269,1.8,-1.1,2010MM07,98.0
3270,A6,307700,3270,0.6,0.2,2010MM08,98.2
3271,A6,307700,3271,2.9,3.0,2010MM09,101.1
3272,A6,307700,3272,5.8,1.5,2010MM10,102.6
3273,A6,307700,3273,7.8,1.5,2010MM11,104.1
3274,A6,307700,3274,7.8,1.8,2010MM12,106.1
3276,A6,307700,3276,9.1,1.3,2011MM01,107.5
3277,A6,307700,3277,10.2,0.5,2011MM02,108.1
3278,A6,307700,3278,13.4,3.0,2011MM03,111.3
3279,A6,307700,3279,17.2,3.6,2011MM04,115.2
3280,A6,307700,3280,16.5,-1.2,2011MM05,113.8
3281,A6,307700,3281,11.2,-3.2,2011MM06,110.2
3282,A6,307700,3282,14.4,1.8,2011MM07,112.1
3283,A6,307700,3283,15.3,1.0,2011MM08,113.2
3284,A6,307700,3284,14.4,2.1,2011MM09,115.6
3285,A6,307700,3285,12.6,-0.1,2011MM10,115.6
3286,A6,307700,3286,15.4,4.0,2011MM11,120.2
3287,A6,307700,3287,17.4,3.7,2011MM12,124.6
3289,A6,307700,3289,15.3,-0.5,2012MM01,123.9
3290,A6,307700,3290,14.7,0.0,2012MM02,123.9
3291,A6,307700,3291,10.6,-0.7,2012MM03,123.0
3292,A6,307700,3292,6.8,0.0,2012MM04,123.0
3293,A6,307700,3293,8.1,0.0,2012MM05,123.0
3294,A6,307700,3294,11.3,-0.3,2012MM06,122.6
3295,A6,307700,3295,9.4,0.0,2012MM07,122.6
3296,A6,307700,3296,9.3,0.9,2012MM08,123.7
3297,A6,307700,3297,9.1,1.9,2012MM09,126.1
3298,A6,307700,3298,10.9,1.7,2012MM10,128.2
3299,A6,307700,3299,7.5,0.7,2012MM11,129.1
3300,A6,307700,3300,3.4,-0.3,2012MM12,128.7
3302,A6,307700,3302,2.3,-1.5,2013MM01,126.8
3303,A6,307700,3303,0.9,-1.4,2013MM02,125.1
3304,A6,307700,3304,1.2,-0.4,2013MM03,124.5
3305,A6,307700,3305,-0.2,-1.4,2013MM04,122.7
3306,A6,307700,3306,-1.7,-1.5,2013MM05,120.9
3307,A6,307700,3307,-1.8,-0.4,2013MM06,120.4
3308,A6,307700,3308,-1.1,0.8,2013MM07,121.3
3309,A6,307700,3309,-1.1,0.9,2013MM08,122.4
3310,A6,307700,3310,-1.7,1.3,2013MM09,124.0
3311,A6,307700,3311,-3.7,-0.4,2013MM10,123.4
3312,A6,307700,3312,-3.8,0.6,2013MM11,124.2
3313,A6,307700,3313,-2.1,1.5,2013MM12,126.1
3315,A6,307700,3315,-1.7,-1.1,2014MM01,124.7
3316,A6,307700,3316,-2.0,-1.8,2014MM02,122.5
3317,A6,307700,3317,-3.0,-1.4,2014MM03,120.7
3318,A6,307700,3318,-1.2,0.4,2014MM04,121.3
3319,A6,307700,3319,-0.6,-0.9,2014MM05,120.2
3320,A6,307700,3320,-1.5,-1.3,2014MM06,118.6
3321,A6,307700,3321,-2.8,-0.6,2014MM07,117.9
3322,A6,307700,3322,-3.6,0.1,2014MM08,118.0
3323,A6,307700,3323,-4.6,0.2,2014MM09,118.3
3324,A6,307700,3324,-5.5,-1.5,2014MM10,116.6
3325,A6,307700,3325,-6.1,0.0,2014MM11,116.5
3326,A6,307700,3326,-6.6,1.0,2014MM12,117.7
3328,A6,307700,3328,-7.9,-2.4,2015MM01,114.9
3329,A6,307700,3329,-7.2,-1.1,2015MM02,113.7
3330,A6,307700,3330,-6.1,-0.3,2015MM03,113.3
3331,A6,307700,3331,-6.6,-0.1,2015MM04,113.2
3332,A6,307700,3332,-6.7,-1.0,2015MM05,112.2
3333,A6,307700,3333,-4.6,0.9,2015MM06,113.2
3334,A6,307700,3334,-5.4,-1.5,2015MM07,111.5
3335,A6,307700,3335,-6.8,-1.3,2015MM08,110.0
3336,A6,307700,3336,-5.8,1.3,2015MM09,111.4
3337,A6,307700,3337,-4.4,0.0,2015MM10,111.5
3338,A6,307700,3338,1.0,5.6,2015MM11,117.7
3339,A6,307700,3339,-0.4,-0.4,2015MM12,117.2
3341,A6,307700,3341,0.1,-1.8,2016MM01,115.1
3342,A6,307700,3342,0.9,-0.3,2016MM02,114.7
3343,A6,307700,3343,4.3,3.0,2016MM03,118.2
3344,A6,307700,3344,1.3,-3.0,2016MM04,114.7
3345,A6,307700,3345,3.0,0.8,2016MM05,115.6
3346,A6,307700,3346,7.2,5.0,2016MM06,121.3
3347,A6,307700,3347,9.5,0.6,2016MM07,122.1
3348,A6,307700,3348,11.7,0.7,2016MM08,122.9
3349,A6,307700,3349,10.8,0.5,2016MM09,123.5
3350,A6,307700,3350,12.8,1.8,2016MM10,125.7
3351,A6,307700,3351,8.3,1.4,2016MM11,127.5
3352,A6,307700,3352,9.3,0.5,2016MM12,128.1
3354,A6,307700,3354,10.7,-0.5,2017MM01,127.4
3355,A6,307700,3355,10.2,-0.8,2017MM02,126.4
3356,A6,307700,3356,7.9,0.9,2017MM03,127.6
3357,A6,307700,3357,12.4,1.0,2017MM04,128.9
3358,A6,307700,3358,12.8,1.1,2017MM05,130.4
3359,A6,307700,3359,5.0,-2.3,2017MM06,127.4
3360,A6,307700,3360,3.1,-1.2,2017MM07,125.9
3361,A6,307700,3361,2.1,-0.3,2017MM08,125.5
3362,A6,307700,3362,3.7,2.0,2017MM09,128.0
3363,A6,307700,3363,3.1,1.2,2017MM10,129.6
3364,A6,307700,3364,2.2,0.5,2017MM11,130.3
3365,A6,307700,3365,1.8,0.1,2017MM12,130.4
