,Afzet,BedrijfstakkenBranchesSBI2008,ID,OntwikkelingTOV1JaarEerder_2,OntwikkelingTOV1MaandEerder_3,Perioden,ProducentenprijsindexPPI_1
3679,A6,307800,3679,,,2005MM01,90.6
3680,A6,307800,3680,,-4.5,2005MM02,86.5
3681,A6,307800,3681,,-2.4,2005MM03,84.5
3682,A6,307800,3682,,-4.8,2005MM04,80.4
3683,A6,307800,3683,,1.5,2005MM05,81.6
3684,A6,307800,3684,,1.4,2005MM06,82.7
3685,A6,307800,3685,,-0.9,2005MM07,82.0
3686,A6,307800,3686,,1.9,2005MM08,83.6
3687,A6,307800,3687,,3.5,2005MM09,86.4
3688,A6,307800,3688,,2.9,2005MM10,88.9
3689,A6,307800,3689,,3.1,2005MM11,91.7
3690,A6,307800,3690,,3.3,2005MM12,94.7
3692,A6,307800,3692,3.5,-1.0,2006MM01,93.8
3693,A6,307800,3693,9.1,0.7,2006MM02,94.4
3694,A6,307800,3694,13.3,1.4,2006MM03,95.7
3695,A6,307800,3695,18.6,-0.4,2006MM04,95.3
3696,A6,307800,3696,15.4,-1.3,2006MM05,94.1
3697,A6,307800,3697,11.3,-2.2,2006MM06,92.1
3698,A6,307800,3698,8.3,-3.6,2006MM07,88.8
3699,A6,307800,3699,8.1,1.7,2006MM08,90.3
3700,A6,307800,3700,7.4,2.8,2006MM09,92.8
3701,A6,307800,3701,3.3,-1.1,2006MM10,91.8
3702,A6,307800,3702,-0.6,-0.8,2006MM11,91.1
3703,A6,307800,3703,-1.9,1.9,2006MM12,92.9
3705,A6,307800,3705,-5.2,-4.3,2007MM01,88.9
3706,A6,307800,3706,-4.7,1.2,2007MM02,89.9
3707,A6,307800,3707,-6.0,0.1,2007MM03,90.0
3708,A6,307800,3708,-3.3,2.4,2007MM04,92.2
3709,A6,307800,3709,-2.9,-0.8,2007MM05,91.4
3710,A6,307800,3710,-0.9,-0.2,2007MM06,91.3
3711,A6,307800,3711,2.7,-0.1,2007MM07,91.2
3712,A6,307800,3712,3.9,2.9,2007MM08,93.8
3713,A6,307800,3713,7.8,6.7,2007MM09,100.1
3714,A6,307800,3714,10.7,1.5,2007MM10,101.6
3715,A6,307800,3715,12.8,1.1,2007MM11,102.7
3716,A6,307800,3716,10.8,0.1,2007MM12,102.9
3718,A6,307800,3718,13.7,-1.8,2008MM01,101.0
3719,A6,307800,3719,12.1,-0.2,2008MM02,100.8
3720,A6,307800,3720,11.9,-0.1,2008MM03,100.7
3721,A6,307800,3721,6.9,-2.2,2008MM04,98.5
3722,A6,307800,3722,9.6,1.6,2008MM05,100.2
3723,A6,307800,3723,11.5,1.6,2008MM06,101.8
3724,A6,307800,3724,12.0,0.4,2008MM07,102.2
3725,A6,307800,3725,11.4,2.3,2008MM08,104.5
3726,A6,307800,3726,7.5,3.0,2008MM09,107.7
3727,A6,307800,3727,6.8,0.8,2008MM10,108.5
3728,A6,307800,3728,1.7,-3.7,2008MM11,104.5
3729,A6,307800,3729,1.0,-0.5,2008MM12,103.9
3731,A6,307800,3731,-0.9,-3.6,2009MM01,100.2
3732,A6,307800,3732,-4.3,-3.6,2009MM02,96.5
3733,A6,307800,3733,-5.4,-1.3,2009MM03,95.3
3734,A6,307800,3734,-5.2,-2.0,2009MM04,93.4
3735,A6,307800,3735,-7.2,-0.4,2009MM05,93.0
3736,A6,307800,3736,-9.1,-0.5,2009MM06,92.5
3737,A6,307800,3737,-8.1,1.5,2009MM07,93.9
3738,A6,307800,3738,-8.3,2.1,2009MM08,95.9
3739,A6,307800,3739,-9.7,1.4,2009MM09,97.2
3740,A6,307800,3740,-11.3,-1.0,2009MM10,96.3
3741,A6,307800,3741,-7.8,0.1,2009MM11,96.3
3742,A6,307800,3742,-4.9,2.6,2009MM12,98.8
3744,A6,307800,3744,-1.4,-0.1,2010MM01,98.7
3745,A6,307800,3745,1.9,-0.4,2010MM02,98.3
3746,A6,307800,3746,3.0,-0.2,2010MM03,98.1
3747,A6,307800,3747,4.9,-0.1,2010MM04,98.0
3748,A6,307800,3748,4.1,-1.2,2010MM05,96.8
3749,A6,307800,3749,6.3,1.6,2010MM06,98.4
3750,A6,307800,3750,2.9,-1.8,2010MM07,96.6
3751,A6,307800,3751,1.0,0.2,2010MM08,96.8
3752,A6,307800,3752,3.8,4.2,2010MM09,100.9
3753,A6,307800,3753,7.6,2.6,2010MM10,103.5
3754,A6,307800,3754,9.6,2.0,2010MM11,105.6
3755,A6,307800,3755,9.5,2.6,2010MM12,108.3
3757,A6,307800,3757,11.3,1.5,2011MM01,109.9
3758,A6,307800,3758,12.5,0.7,2011MM02,110.6
3759,A6,307800,3759,16.9,3.6,2011MM03,114.6
3760,A6,307800,3760,21.7,4.1,2011MM04,119.3
3761,A6,307800,3761,21.0,-1.8,2011MM05,117.1
3762,A6,307800,3762,14.1,-4.2,2011MM06,112.2
3763,A6,307800,3763,19.0,2.4,2011MM07,114.9
3764,A6,307800,3764,20.3,1.4,2011MM08,116.5
3765,A6,307800,3765,18.4,2.6,2011MM09,119.5
3766,A6,307800,3766,15.2,-0.2,2011MM10,119.2
3767,A6,307800,3767,18.8,5.2,2011MM11,125.4
3768,A6,307800,3768,21.7,5.0,2011MM12,131.7
3770,A6,307800,3770,18.9,-0.8,2012MM01,130.6
3771,A6,307800,3771,18.0,-0.1,2012MM02,130.5
3772,A6,307800,3772,12.6,-1.2,2012MM03,129.0
3773,A6,307800,3773,7.7,-0.4,2012MM04,128.5
3774,A6,307800,3774,9.5,-0.2,2012MM05,128.2
3775,A6,307800,3775,13.5,-0.6,2012MM06,127.4
3776,A6,307800,3776,10.8,-0.1,2012MM07,127.3
3777,A6,307800,3777,10.5,1.1,2012MM08,128.8
3778,A6,307800,3778,10.3,2.4,2012MM09,131.8
3779,A6,307800,3779,12.8,2.0,2012MM10,134.5
3780,A6,307800,3780,8.2,1.0,2012MM11,135.8
3781,A6,307800,3781,3.0,-0.1,2012MM12,135.6
3783,A6,307800,3783,1.6,-2.1,2013MM01,132.8
3784,A6,307800,3784,-0.1,-1.8,2013MM02,130.4
3785,A6,307800,3785,0.5,-0.5,2013MM03,129.7
3786,A6,307800,3786,-1.0,-1.9,2013MM04,127.2
3787,A6,307800,3787,-2.8,-2.0,2013MM05,124.6
3788,A6,307800,3788,-2.7,-0.5,2013MM06,124.0
3789,A6,307800,3789,-1.7,1.0,2013MM07,125.2
3790,A6,307800,3790,-1.5,1.3,2013MM08,126.9
3791,A6,307800,3791,-2.1,1.7,2013MM09,129.1
3792,A6,307800,3792,-4.2,-0.2,2013MM10,128.8
3793,A6,307800,3793,-4.2,1.0,2013MM11,130.1
3794,A6,307800,3794,-1.9,2.3,2013MM12,133.1
3796,A6,307800,3796,-1.3,-1.5,2014MM01,131.1
3797,A6,307800,3797,-1.9,-2.4,2014MM02,127.9
3798,A6,307800,3798,-3.4,-2.1,2014MM03,125.3
3799,A6,307800,3799,-1.2,0.3,2014MM04,125.7
3800,A6,307800,3800,-0.5,-1.3,2014MM05,124.1
3801,A6,307800,3801,-1.6,-1.7,2014MM06,121.9
3802,A6,307800,3802,-3.6,-0.9,2014MM07,120.8
3803,A6,307800,3803,-4.4,0.4,2014MM08,121.2
3804,A6,307800,3804,-5.6,0.5,2014MM09,121.8
3805,A6,307800,3805,-7.1,-1.8,2014MM10,119.7
3806,A6,307800,3806,-7.9,0.2,2014MM11,119.9
3807,A6,307800,3807,-8.4,1.7,2014MM12,121.9
3809,A6,307800,3809,-10.0,-3.2,2015MM01,118.0
3810,A6,307800,3810,-9.1,-1.4,2015MM02,116.3
3811,A6,307800,3811,-7.7,-0.6,2015MM03,115.6
3812,A6,307800,3812,-8.2,-0.2,2015MM04,115.4
3813,A6,307800,3813,-8.3,-1.4,2015MM05,113.8
3814,A6,307800,3814,-5.7,1.1,2015MM06,115.0
3815,A6,307800,3815,-6.5,-1.8,2015MM07,112.9
3816,A6,307800,3816,-8.4,-1.7,2015MM08,111.0
3817,A6,307800,3817,-7.1,2.0,2015MM09,113.2
3818,A6,307800,3818,-5.0,0.4,2015MM10,113.6
3819,A6,307800,3819,2.0,7.6,2015MM11,122.2
3820,A6,307800,3820,-0.3,-0.6,2015MM12,121.6
3822,A6,307800,3822,0.7,-2.3,2016MM01,118.8
3823,A6,307800,3823,1.8,-0.4,2016MM02,118.4
3824,A6,307800,3824,6.4,4.0,2016MM03,123.1
3825,A6,307800,3825,2.4,-3.9,2016MM04,118.2
3826,A6,307800,3826,4.8,0.9,2016MM05,119.2
3827,A6,307800,3827,10.3,6.4,2016MM06,126.9
3828,A6,307800,3828,13.3,0.8,2016MM07,127.9
3829,A6,307800,3829,16.3,0.9,2016MM08,129.1
3830,A6,307800,3830,14.8,0.7,2016MM09,130.0
3831,A6,307800,3831,17.2,2.4,2016MM10,133.2
3832,A6,307800,3832,10.9,1.8,2016MM11,135.6
3833,A6,307800,3833,12.4,0.8,2016MM12,136.6
3835,A6,307800,3835,14.2,-0.7,2017MM01,135.7
3836,A6,307800,3836,13.4,-1.1,2017MM02,134.3
3837,A6,307800,3837,10.4,1.2,2017MM03,135.9
3838,A6,307800,3838,16.3,1.2,2017MM04,137.5
3839,A6,307800,3839,16.8,1.3,2017MM05,139.2
3840,A6,307800,3840,6.5,-2.9,2017MM06,135.1
3841,A6,307800,3841,4.0,-1.6,2017MM07,133.0
3842,A6,307800,3842,2.7,-0.3,2017MM08,132.6
3843,A6,307800,3843,4.6,2.5,2017MM09,135.9
3844,A6,307800,3844,3.8,1.7,2017MM10,138.3
3845,A6,307800,3845,2.7,0.7,2017MM11,139.2
3846,A6,307800,3846,2.0,0.1,2017MM12,139.3
