,Afzet,BedrijfstakkenBranchesSBI2008,ID,OntwikkelingTOV1JaarEerder_2,OntwikkelingTOV1MaandEerder_3,Perioden,ProducentenprijsindexPPI_1
67821,A5,307800,67821,1.01727574751,-1.4175862069,1981MM01,140.138062284
67822,A5,307800,67822,1.03455149502,-1.43517241379,1981MM02,139.976124567
67823,A5,307800,67823,1.05182724252,-1.45275862069,1981MM03,139.814186851
67824,A5,307800,67824,1.06910299003,-1.47034482759,1981MM04,139.652249135
67825,A5,307800,67825,1.08637873754,-1.48793103448,1981MM05,139.490311419
67826,A5,307800,67826,1.10365448505,-1.50551724138,1981MM06,139.328373702
67827,A5,307800,67827,1.12093023256,-1.52310344828,1981MM07,139.166435986
67828,A5,307800,67828,1.13820598007,-1.54068965517,1981MM08,139.00449827
67829,A5,307800,67829,1.15548172757,-1.55827586207,1981MM09,138.842560554
67830,A5,307800,67830,1.17275747508,-1.57586206897,1981MM10,138.680622837
67831,A5,307800,67831,1.19003322259,-1.59344827586,1981MM11,138.518685121
67832,A5,307800,67832,1.2073089701,-1.61103448276,1981MM12,138.356747405
67834,A5,307800,67834,1.22458471761,-1.62862068966,1982MM01,138.194809689
67835,A5,307800,67835,1.24186046512,-1.64620689655,1982MM02,138.032871972
67836,A5,307800,67836,1.25913621262,-1.66379310345,1982MM03,137.870934256
67837,A5,307800,67837,1.27641196013,-1.68137931034,1982MM04,137.70899654
67838,A5,307800,67838,1.29368770764,-1.69896551724,1982MM05,137.547058824
67839,A5,307800,67839,1.31096345515,-1.71655172414,1982MM06,137.385121107
67840,A5,307800,67840,1.32823920266,-1.73413793103,1982MM07,137.223183391
67841,A5,307800,67841,1.34551495017,-1.75172413793,1982MM08,137.061245675
67842,A5,307800,67842,1.36279069767,-1.76931034483,1982MM09,136.899307958
67843,A5,307800,67843,1.38006644518,-1.78689655172,1982MM10,136.737370242
67844,A5,307800,67844,1.39734219269,-1.80448275862,1982MM11,136.575432526
67845,A5,307800,67845,1.4146179402,-1.82206896552,1982MM12,136.41349481
67847,A5,307800,67847,1.43189368771,-1.83965517241,1983MM01,136.251557093
67848,A5,307800,67848,1.44916943522,-1.85724137931,1983MM02,136.089619377
67849,A5,307800,67849,1.46644518272,-1.87482758621,1983MM03,135.927681661
67850,A5,307800,67850,1.48372093023,-1.8924137931,1983MM04,135.765743945
67851,A5,307800,67851,1.50099667774,-1.91,1983MM05,135.603806228
67852,A5,307800,67852,1.51827242525,-1.9275862069,1983MM06,135.441868512
67853,A5,307800,67853,1.53554817276,-1.94517241379,1983MM07,135.279930796
67854,A5,307800,67854,1.55282392027,-1.96275862069,1983MM08,135.11799308
67855,A5,307800,67855,1.57009966777,-1.98034482759,1983MM09,134.956055363
67856,A5,307800,67856,1.58737541528,-1.99793103448,1983MM10,134.794117647
67857,A5,307800,67857,1.60465116279,-2.01551724138,1983MM11,134.632179931
67858,A5,307800,67858,1.6219269103,-2.03310344828,1983MM12,134.470242215
67860,A5,307800,67860,1.63920265781,-2.05068965517,1984MM01,134.308304498
67861,A5,307800,67861,1.65647840532,-2.06827586207,1984MM02,134.146366782
67862,A5,307800,67862,1.67375415282,-2.08586206897,1984MM03,133.984429066
67863,A5,307800,67863,1.69102990033,-2.10344827586,1984MM04,133.822491349
67864,A5,307800,67864,1.70830564784,-2.12103448276,1984MM05,133.660553633
67865,A5,307800,67865,1.72558139535,-2.13862068966,1984MM06,133.498615917
67866,A5,307800,67866,1.74285714286,-2.15620689655,1984MM07,133.336678201
67867,A5,307800,67867,1.76013289037,-2.17379310345,1984MM08,133.174740484
67868,A5,307800,67868,1.77740863787,-2.19137931034,1984MM09,133.012802768
67869,A5,307800,67869,1.79468438538,-2.20896551724,1984MM10,132.850865052
67870,A5,307800,67870,1.81196013289,-2.22655172414,1984MM11,132.688927336
67871,A5,307800,67871,1.8292358804,-2.24413793103,1984MM12,132.526989619
67873,A5,307800,67873,1.84651162791,-2.26172413793,1985MM01,132.365051903
67874,A5,307800,67874,1.86378737542,-2.27931034483,1985MM02,132.203114187
67875,A5,307800,67875,1.88106312292,-2.29689655172,1985MM03,132.041176471
67876,A5,307800,67876,1.89833887043,-2.31448275862,1985MM04,131.879238754
67877,A5,307800,67877,1.91561461794,-2.33206896552,1985MM05,131.717301038
67878,A5,307800,67878,1.93289036545,-2.34965517241,1985MM06,131.555363322
67879,A5,307800,67879,1.95016611296,-2.36724137931,1985MM07,131.393425606
67880,A5,307800,67880,1.96744186047,-2.38482758621,1985MM08,131.231487889
67881,A5,307800,67881,1.98471760797,-2.4024137931,1985MM09,131.069550173
67882,A5,307800,67882,2.00199335548,-2.42,1985MM10,130.907612457
67883,A5,307800,67883,2.01926910299,-2.4375862069,1985MM11,130.74567474
67884,A5,307800,67884,2.0365448505,-2.45517241379,1985MM12,130.583737024
67886,A5,307800,67886,2.05382059801,-2.47275862069,1986MM01,130.421799308
67887,A5,307800,67887,2.07109634551,-2.49034482759,1986MM02,130.259861592
67888,A5,307800,67888,2.08837209302,-2.50793103448,1986MM03,130.097923875
67889,A5,307800,67889,2.10564784053,-2.52551724138,1986MM04,129.935986159
67890,A5,307800,67890,2.12292358804,-2.54310344828,1986MM05,129.774048443
67891,A5,307800,67891,2.14019933555,-2.56068965517,1986MM06,129.612110727
67892,A5,307800,67892,2.15747508306,-2.57827586207,1986MM07,129.45017301
67893,A5,307800,67893,2.17475083056,-2.59586206897,1986MM08,129.288235294
67894,A5,307800,67894,2.19202657807,-2.61344827586,1986MM09,129.126297578
67895,A5,307800,67895,2.20930232558,-2.63103448276,1986MM10,128.964359862
67896,A5,307800,67896,2.22657807309,-2.64862068966,1986MM11,128.802422145
67897,A5,307800,67897,2.2438538206,-2.66620689655,1986MM12,128.640484429
67899,A5,307800,67899,2.26112956811,-2.68379310345,1987MM01,128.478546713
67900,A5,307800,67900,2.27840531561,-2.70137931034,1987MM02,128.316608997
67901,A5,307800,67901,2.29568106312,-2.71896551724,1987MM03,128.15467128
67902,A5,307800,67902,2.31295681063,-2.73655172414,1987MM04,127.992733564
67903,A5,307800,67903,2.33023255814,-2.75413793103,1987MM05,127.830795848
67904,A5,307800,67904,2.34750830565,-2.77172413793,1987MM06,127.668858131
67905,A5,307800,67905,2.36478405316,-2.78931034483,1987MM07,127.506920415
67906,A5,307800,67906,2.38205980066,-2.80689655172,1987MM08,127.344982699
67907,A5,307800,67907,2.39933554817,-2.82448275862,1987MM09,127.183044983
67908,A5,307800,67908,2.41661129568,-2.84206896552,1987MM10,127.021107266
67909,A5,307800,67909,2.43388704319,-2.85965517241,1987MM11,126.85916955
67910,A5,307800,67910,2.4511627907,-2.87724137931,1987MM12,126.697231834
67912,A5,307800,67912,2.46843853821,-2.89482758621,1988MM01,126.535294118
67913,A5,307800,67913,2.48571428571,-2.9124137931,1988MM02,126.373356401
67914,A5,307800,67914,2.50299003322,-2.93,1988MM03,126.211418685
67915,A5,307800,67915,2.52026578073,-2.9475862069,1988MM04,126.049480969
67916,A5,307800,67916,2.53754152824,-2.96517241379,1988MM05,125.887543253
67917,A5,307800,67917,2.55481727575,-2.98275862069,1988MM06,125.725605536
67918,A5,307800,67918,2.57209302326,-3.00034482759,1988MM07,125.56366782
67919,A5,307800,67919,2.58936877076,-3.01793103448,1988MM08,125.401730104
67920,A5,307800,67920,2.60664451827,-3.03551724138,1988MM09,125.239792388
67921,A5,307800,67921,2.62392026578,-3.05310344828,1988MM10,125.077854671
67922,A5,307800,67922,2.64119601329,-3.07068965517,1988MM11,124.915916955
67923,A5,307800,67923,2.6584717608,-3.08827586207,1988MM12,124.753979239
67925,A5,307800,67925,2.67574750831,-3.10586206897,1989MM01,124.592041522
67926,A5,307800,67926,2.69302325581,-3.12344827586,1989MM02,124.430103806
67927,A5,307800,67927,2.71029900332,-3.14103448276,1989MM03,124.26816609
67928,A5,307800,67928,2.72757475083,-3.15862068966,1989MM04,124.106228374
67929,A5,307800,67929,2.74485049834,-3.17620689655,1989MM05,123.944290657
67930,A5,307800,67930,2.76212624585,-3.19379310345,1989MM06,123.782352941
67931,A5,307800,67931,2.77940199336,-3.21137931034,1989MM07,123.620415225
67932,A5,307800,67932,2.79667774086,-3.22896551724,1989MM08,123.458477509
67933,A5,307800,67933,2.81395348837,-3.24655172414,1989MM09,123.296539792
67934,A5,307800,67934,2.83122923588,-3.26413793103,1989MM10,123.134602076
67935,A5,307800,67935,2.84850498339,-3.28172413793,1989MM11,122.97266436
67936,A5,307800,67936,2.8657807309,-3.29931034483,1989MM12,122.810726644
67938,A5,307800,67938,2.88305647841,-3.31689655172,1990MM01,122.648788927
67939,A5,307800,67939,2.90033222591,-3.33448275862,1990MM02,122.486851211
67940,A5,307800,67940,2.91760797342,-3.35206896552,1990MM03,122.324913495
67941,A5,307800,67941,2.93488372093,-3.36965517241,1990MM04,122.162975779
67942,A5,307800,67942,2.95215946844,-3.38724137931,1990MM05,122.001038062
67943,A5,307800,67943,2.96943521595,-3.40482758621,1990MM06,121.839100346
67944,A5,307800,67944,2.98671096346,-3.4224137931,1990MM07,121.67716263
67945,A5,307800,67945,3.00398671096,-3.44,1990MM08,121.515224913
67946,A5,307800,67946,3.02126245847,-3.4575862069,1990MM09,121.353287197
67947,A5,307800,67947,3.03853820598,-3.47517241379,1990MM10,121.191349481
67948,A5,307800,67948,3.05581395349,-3.49275862069,1990MM11,121.029411765
67949,A5,307800,67949,3.073089701,-3.51034482759,1990MM12,120.867474048
67951,A5,307800,67951,3.0903654485,-3.52793103448,1991MM01,120.705536332
67952,A5,307800,67952,3.10764119601,-3.54551724138,1991MM02,120.543598616
67953,A5,307800,67953,3.12491694352,-3.56310344828,1991MM03,120.3816609
67954,A5,307800,67954,3.14219269103,-3.58068965517,1991MM04,120.219723183
67955,A5,307800,67955,3.15946843854,-3.59827586207,1991MM05,120.057785467
67956,A5,307800,67956,3.17674418605,-3.61586206897,1991MM06,119.895847751
67957,A5,307800,67957,3.19401993355,-3.63344827586,1991MM07,119.733910035
67958,A5,307800,67958,3.21129568106,-3.65103448276,1991MM08,119.571972318
67959,A5,307800,67959,3.22857142857,-3.66862068966,1991MM09,119.410034602
67960,A5,307800,67960,3.24584717608,-3.68620689655,1991MM10,119.248096886
67961,A5,307800,67961,3.26312292359,-3.70379310345,1991MM11,119.08615917
67962,A5,307800,67962,3.2803986711,-3.72137931034,1991MM12,118.924221453
67964,A5,307800,67964,3.2976744186,-3.73896551724,1992MM01,118.762283737
67965,A5,307800,67965,3.31495016611,-3.75655172414,1992MM02,118.600346021
67966,A5,307800,67966,3.33222591362,-3.77413793103,1992MM03,118.438408304
67967,A5,307800,67967,3.34950166113,-3.79172413793,1992MM04,118.276470588
67968,A5,307800,67968,3.36677740864,-3.80931034483,1992MM05,118.114532872
67969,A5,307800,67969,3.38405315615,-3.82689655172,1992MM06,117.952595156
67970,A5,307800,67970,3.40132890365,-3.84448275862,1992MM07,117.790657439
67971,A5,307800,67971,3.41860465116,-3.86206896552,1992MM08,117.628719723
67972,A5,307800,67972,3.43588039867,-3.87965517241,1992MM09,117.466782007
67973,A5,307800,67973,3.45315614618,-3.89724137931,1992MM10,117.304844291
67974,A5,307800,67974,3.47043189369,-3.91482758621,1992MM11,117.142906574
67975,A5,307800,67975,3.4877076412,-3.9324137931,1992MM12,116.980968858
67977,A5,307800,67977,3.5049833887,-3.95,1993MM01,116.819031142
67978,A5,307800,67978,3.52225913621,-3.9675862069,1993MM02,116.657093426
67979,A5,307800,67979,3.53953488372,-3.98517241379,1993MM03,116.495155709
67980,A5,307800,67980,3.55681063123,-4.00275862069,1993MM04,116.333217993
67981,A5,307800,67981,3.57408637874,-4.02034482759,1993MM05,116.171280277
67982,A5,307800,67982,3.59136212625,-4.03793103448,1993MM06,116.009342561
67983,A5,307800,67983,3.60863787375,-4.05551724138,1993MM07,115.847404844
67984,A5,307800,67984,3.62591362126,-4.07310344828,1993MM08,115.685467128
67985,A5,307800,67985,3.64318936877,-4.09068965517,1993MM09,115.523529412
67986,A5,307800,67986,3.66046511628,-4.10827586207,1993MM10,115.361591696
67987,A5,307800,67987,3.67774086379,-4.12586206897,1993MM11,115.199653979
67988,A5,307800,67988,3.6950166113,-4.14344827586,1993MM12,115.037716263
67990,A5,307800,67990,3.7122923588,-4.16103448276,1994MM01,114.875778547
67991,A5,307800,67991,3.72956810631,-4.17862068966,1994MM02,114.71384083
67992,A5,307800,67992,3.74684385382,-4.19620689655,1994MM03,114.551903114
67993,A5,307800,67993,3.76411960133,-4.21379310345,1994MM04,114.389965398
67994,A5,307800,67994,3.78139534884,-4.23137931034,1994MM05,114.228027682
67995,A5,307800,67995,3.79867109635,-4.24896551724,1994MM06,114.066089965
67996,A5,307800,67996,3.81594684385,-4.26655172414,1994MM07,113.904152249
67997,A5,307800,67997,3.83322259136,-4.28413793103,1994MM08,113.742214533
67998,A5,307800,67998,3.85049833887,-4.30172413793,1994MM09,113.580276817
67999,A5,307800,67999,3.86777408638,-4.31931034483,1994MM10,113.4183391
68000,A5,307800,68000,3.88504983389,-4.33689655172,1994MM11,113.256401384
68001,A5,307800,68001,3.9023255814,-4.35448275862,1994MM12,113.094463668
68003,A5,307800,68003,3.9196013289,-4.37206896552,1995MM01,112.932525952
68004,A5,307800,68004,3.93687707641,-4.38965517241,1995MM02,112.770588235
68005,A5,307800,68005,3.95415282392,-4.40724137931,1995MM03,112.608650519
68006,A5,307800,68006,3.97142857143,-4.42482758621,1995MM04,112.446712803
68007,A5,307800,68007,3.98870431894,-4.4424137931,1995MM05,112.284775087
68008,A5,307800,68008,4.00598006645,-4.46,1995MM06,112.12283737
68009,A5,307800,68009,4.02325581395,-4.4775862069,1995MM07,111.960899654
68010,A5,307800,68010,4.04053156146,-4.49517241379,1995MM08,111.798961938
68011,A5,307800,68011,4.05780730897,-4.51275862069,1995MM09,111.637024221
68012,A5,307800,68012,4.07508305648,-4.53034482759,1995MM10,111.475086505
68013,A5,307800,68013,4.09235880399,-4.54793103448,1995MM11,111.313148789
68014,A5,307800,68014,4.1096345515,-4.56551724138,1995MM12,111.151211073
68016,A5,307800,68016,4.126910299,-4.58310344828,1996MM01,110.989273356
68017,A5,307800,68017,4.14418604651,-4.60068965517,1996MM02,110.82733564
68018,A5,307800,68018,4.16146179402,-4.61827586207,1996MM03,110.665397924
68019,A5,307800,68019,4.17873754153,-4.63586206897,1996MM04,110.503460208
68020,A5,307800,68020,4.19601328904,-4.65344827586,1996MM05,110.341522491
68021,A5,307800,68021,4.21328903654,-4.67103448276,1996MM06,110.179584775
68022,A5,307800,68022,4.23056478405,-4.68862068966,1996MM07,110.017647059
68023,A5,307800,68023,4.24784053156,-4.70620689655,1996MM08,109.855709343
68024,A5,307800,68024,4.26511627907,-4.72379310345,1996MM09,109.693771626
68025,A5,307800,68025,4.28239202658,-4.74137931034,1996MM10,109.53183391
68026,A5,307800,68026,4.29966777409,-4.75896551724,1996MM11,109.369896194
68027,A5,307800,68027,4.31694352159,-4.77655172414,1996MM12,109.207958478
68029,A5,307800,68029,4.3342192691,-4.79413793103,1997MM01,109.046020761
68030,A5,307800,68030,4.35149501661,-4.81172413793,1997MM02,108.884083045
68031,A5,307800,68031,4.36877076412,-4.82931034483,1997MM03,108.722145329
68032,A5,307800,68032,4.38604651163,-4.84689655172,1997MM04,108.560207612
68033,A5,307800,68033,4.40332225914,-4.86448275862,1997MM05,108.398269896
68034,A5,307800,68034,4.42059800664,-4.88206896552,1997MM06,108.23633218
68035,A5,307800,68035,4.43787375415,-4.89965517241,1997MM07,108.074394464
68036,A5,307800,68036,4.45514950166,-4.91724137931,1997MM08,107.912456747
68037,A5,307800,68037,4.47242524917,-4.93482758621,1997MM09,107.750519031
68038,A5,307800,68038,4.48970099668,-4.9524137931,1997MM10,107.588581315
68039,A5,307800,68039,4.50697674419,-4.97,1997MM11,107.426643599
68040,A5,307800,68040,4.52425249169,-4.9875862069,1997MM12,107.264705882
68042,A5,307800,68042,4.5415282392,-5.00517241379,1998MM01,107.102768166
68043,A5,307800,68043,4.55880398671,-5.02275862069,1998MM02,106.94083045
68044,A5,307800,68044,4.57607973422,-5.04034482759,1998MM03,106.778892734
68045,A5,307800,68045,4.59335548173,-5.05793103448,1998MM04,106.616955017
68046,A5,307800,68046,4.61063122924,-5.07551724138,1998MM05,106.455017301
68047,A5,307800,68047,4.62790697674,-5.09310344828,1998MM06,106.293079585
68048,A5,307800,68048,4.64518272425,-5.11068965517,1998MM07,106.131141869
68049,A5,307800,68049,4.66245847176,-5.12827586207,1998MM08,105.969204152
68050,A5,307800,68050,4.67973421927,-5.14586206897,1998MM09,105.807266436
68051,A5,307800,68051,4.69700996678,-5.16344827586,1998MM10,105.64532872
68052,A5,307800,68052,4.71428571429,-5.18103448276,1998MM11,105.483391003
68053,A5,307800,68053,4.73156146179,-5.19862068966,1998MM12,105.321453287
68055,A5,307800,68055,4.7488372093,-5.21620689655,1999MM01,105.159515571
68056,A5,307800,68056,4.76611295681,-5.23379310345,1999MM02,104.997577855
68057,A5,307800,68057,4.78338870432,-5.25137931034,1999MM03,104.835640138
68058,A5,307800,68058,4.80066445183,-5.26896551724,1999MM04,104.673702422
68059,A5,307800,68059,4.81794019934,-5.28655172414,1999MM05,104.511764706
68060,A5,307800,68060,4.83521594684,-5.30413793103,1999MM06,104.34982699
68061,A5,307800,68061,4.85249169435,-5.32172413793,1999MM07,104.187889273
68062,A5,307800,68062,4.86976744186,-5.33931034483,1999MM08,104.025951557
68063,A5,307800,68063,4.88704318937,-5.35689655172,1999MM09,103.864013841
68064,A5,307800,68064,4.90431893688,-5.37448275862,1999MM10,103.702076125
68065,A5,307800,68065,4.92159468439,-5.39206896552,1999MM11,103.540138408
68066,A5,307800,68066,4.93887043189,-5.40965517241,1999MM12,103.378200692
68068,A5,307800,68068,4.9561461794,-5.42724137931,2000MM01,103.216262976
68069,A5,307800,68069,4.97342192691,-5.44482758621,2000MM02,103.05432526
68070,A5,307800,68070,4.99069767442,-5.4624137931,2000MM03,102.892387543
68071,A5,307800,68071,5.00797342193,-5.48,2000MM04,102.730449827
68072,A5,307800,68072,5.02524916944,-5.4975862069,2000MM05,102.568512111
68073,A5,307800,68073,5.04252491694,-5.51517241379,2000MM06,102.406574394
68074,A5,307800,68074,5.05980066445,-5.53275862069,2000MM07,102.244636678
68075,A5,307800,68075,5.07707641196,-5.55034482759,2000MM08,102.082698962
68076,A5,307800,68076,5.09435215947,-5.56793103448,2000MM09,101.920761246
68077,A5,307800,68077,5.11162790698,-5.58551724138,2000MM10,101.758823529
68078,A5,307800,68078,5.12890365449,-5.60310344828,2000MM11,101.596885813
68079,A5,307800,68079,5.14617940199,-5.62068965517,2000MM12,101.434948097
68081,A5,307800,68081,5.1634551495,-5.63827586207,2001MM01,101.273010381
68082,A5,307800,68082,5.18073089701,-5.65586206897,2001MM02,101.111072664
68083,A5,307800,68083,5.19800664452,-5.67344827586,2001MM03,100.949134948
68084,A5,307800,68084,5.21528239203,-5.69103448276,2001MM04,100.787197232
68085,A5,307800,68085,5.23255813953,-5.70862068966,2001MM05,100.625259516
68086,A5,307800,68086,5.24983388704,-5.72620689655,2001MM06,100.463321799
68087,A5,307800,68087,5.26710963455,-5.74379310345,2001MM07,100.301384083
68088,A5,307800,68088,5.28438538206,-5.76137931034,2001MM08,100.139446367
68089,A5,307800,68089,5.30166112957,-5.77896551724,2001MM09,99.9775086505
68090,A5,307800,68090,5.31893687708,-5.79655172414,2001MM10,99.8155709343
68091,A5,307800,68091,5.33621262458,-5.81413793103,2001MM11,99.653633218
68092,A5,307800,68092,5.35348837209,-5.83172413793,2001MM12,99.4916955017
68094,A5,307800,68094,5.3707641196,-5.84931034483,2002MM01,99.3297577855
68095,A5,307800,68095,5.38803986711,-5.86689655172,2002MM02,99.1678200692
68096,A5,307800,68096,5.40531561462,-5.88448275862,2002MM03,99.0058823529
68097,A5,307800,68097,5.42259136213,-5.90206896552,2002MM04,98.8439446367
68098,A5,307800,68098,5.43986710963,-5.91965517241,2002MM05,98.6820069204
68099,A5,307800,68099,5.45714285714,-5.93724137931,2002MM06,98.5200692042
68100,A5,307800,68100,5.47441860465,-5.95482758621,2002MM07,98.3581314879
68101,A5,307800,68101,5.49169435216,-5.9724137931,2002MM08,98.1961937716
68102,A5,307800,68102,5.50897009967,-5.99,2002MM09,98.0342560554
68103,A5,307800,68103,5.52624584718,-6.0075862069,2002MM10,97.8723183391
68104,A5,307800,68104,5.54352159468,-6.02517241379,2002MM11,97.7103806228
68105,A5,307800,68105,5.56079734219,-6.04275862069,2002MM12,97.5484429066
68107,A5,307800,68107,5.5780730897,-6.06034482759,2003MM01,97.3865051903
68108,A5,307800,68108,5.59534883721,-6.07793103448,2003MM02,97.224567474
68109,A5,307800,68109,5.61262458472,-6.09551724138,2003MM03,97.0626297578
68110,A5,307800,68110,5.62990033223,-6.11310344828,2003MM04,96.9006920415
68111,A5,307800,68111,5.64717607973,-6.13068965517,2003MM05,96.7387543253
68112,A5,307800,68112,5.66445182724,-6.14827586207,2003MM06,96.576816609
68113,A5,307800,68113,5.68172757475,-6.16586206897,2003MM07,96.4148788927
68114,A5,307800,68114,5.69900332226,-6.18344827586,2003MM08,96.2529411765
68115,A5,307800,68115,5.71627906977,-6.20103448276,2003MM09,96.0910034602
68116,A5,307800,68116,5.73355481728,-6.21862068966,2003MM10,95.9290657439
68117,A5,307800,68117,5.75083056478,-6.23620689655,2003MM11,95.7671280277
68118,A5,307800,68118,5.76810631229,-6.25379310345,2003MM12,95.6051903114
68120,A5,307800,68120,5.7853820598,-6.27137931034,2004MM01,95.4432525952
68121,A5,307800,68121,5.80265780731,-6.28896551724,2004MM02,95.2813148789
68122,A5,307800,68122,5.81993355482,-6.30655172414,2004MM03,95.1193771626
68123,A5,307800,68123,5.83720930233,-6.32413793103,2004MM04,94.9574394464
68124,A5,307800,68124,5.85448504983,-6.34172413793,2004MM05,94.7955017301
68125,A5,307800,68125,5.87176079734,-6.35931034483,2004MM06,94.6335640138
68126,A5,307800,68126,5.88903654485,-6.37689655172,2004MM07,94.4716262976
68127,A5,307800,68127,5.90631229236,-6.39448275862,2004MM08,94.3096885813
68128,A5,307800,68128,5.92358803987,-6.41206896552,2004MM09,94.1477508651
68129,A5,307800,68129,5.94086378738,-6.42965517241,2004MM10,93.9858131488
68130,A5,307800,68130,5.95813953488,-6.44724137931,2004MM11,93.8238754325
68131,A5,307800,68131,5.97541528239,-6.46482758621,2004MM12,93.6619377163
68133,A5,307800,68133,5.9926910299,-6.4824137931,2005MM01,93.5
68134,A5,307800,68134,6.00996677741,-6.5,2005MM02,87.4
68135,A5,307800,68135,6.02724252492,-2.4,2005MM03,85.3
68136,A5,307800,68136,6.04451827243,-7.0,2005MM04,79.3
68137,A5,307800,68137,6.06179401993,1.1,2005MM05,80.2
68138,A5,307800,68138,6.07906976744,1.5,2005MM06,81.4
68139,A5,307800,68139,6.09634551495,-0.8,2005MM07,80.8
68140,A5,307800,68140,6.11362126246,1.9,2005MM08,82.3
68141,A5,307800,68141,6.13089700997,5.1,2005MM09,86.6
68142,A5,307800,68142,6.14817275748,4.9,2005MM10,90.8
68143,A5,307800,68143,6.16544850498,3.9,2005MM11,94.4
68144,A5,307800,68144,6.18272425249,4.4,2005MM12,98.5
68146,A5,307800,68146,6.2,0.8,2006MM01,99.3
68147,A5,307800,68147,14.2,0.4,2006MM02,99.8
68148,A5,307800,68148,18.2,1.1,2006MM03,100.8
68149,A5,307800,68149,25.7,-1.1,2006MM04,99.7
68150,A5,307800,68150,21.4,-2.4,2006MM05,97.3
68151,A5,307800,68151,15.6,-3.3,2006MM06,94.1
68152,A5,307800,68152,10.2,-5.4,2006MM07,89.0
68153,A5,307800,68153,9.3,1.1,2006MM08,90.0
68154,A5,307800,68154,8.5,4.3,2006MM09,93.9
68155,A5,307800,68155,1.9,-1.5,2006MM10,92.5
68156,A5,307800,68156,-1.8,0.2,2006MM11,92.7
68157,A5,307800,68157,-3.2,2.9,2006MM12,95.4
68159,A5,307800,68159,-8.4,-4.6,2007MM01,91.0
68160,A5,307800,68160,-7.3,1.7,2007MM02,92.5
68161,A5,307800,68161,-7.5,0.9,2007MM03,93.3
68162,A5,307800,68162,-3.4,3.2,2007MM04,96.3
68163,A5,307800,68163,-2.3,-1.2,2007MM05,95.1
68164,A5,307800,68164,0.4,-0.6,2007MM06,94.5
68165,A5,307800,68165,5.4,-0.7,2007MM07,93.8
68166,A5,307800,68166,8.2,3.7,2007MM08,97.4
68167,A5,307800,68167,13.0,9.0,2007MM09,106.1
68168,A5,307800,68168,18.0,2.9,2007MM10,109.1
68169,A5,307800,68169,19.6,1.6,2007MM11,110.8
68170,A5,307800,68170,16.3,0.0,2007MM12,110.9
68172,A5,307800,68172,18.4,-2.9,2008MM01,107.7
68173,A5,307800,68173,15.8,-0.5,2008MM02,107.2
68174,A5,307800,68174,13.3,-1.3,2008MM03,105.7
68175,A5,307800,68175,6.3,-3.2,2008MM04,102.3
68176,A5,307800,68176,8.2,0.5,2008MM05,102.9
68177,A5,307800,68177,9.4,0.5,2008MM06,103.4
68178,A5,307800,68178,10.0,-0.2,2008MM07,103.3
68179,A5,307800,68179,8.7,2.4,2008MM08,105.8
68180,A5,307800,68180,3.6,3.8,2008MM09,109.8
68181,A5,307800,68181,2.3,1.7,2008MM10,111.7
68182,A5,307800,68182,-2.8,-3.5,2008MM11,107.8
68183,A5,307800,68183,-2.6,0.2,2008MM12,108.0
68185,A5,307800,68185,-3.2,-3.5,2009MM01,104.2
68186,A5,307800,68186,-6.5,-3.9,2009MM02,100.2
68187,A5,307800,68187,-7.1,-2.0,2009MM03,98.2
68188,A5,307800,68188,-7.8,-3.9,2009MM04,94.4
68189,A5,307800,68189,-9.7,-1.5,2009MM05,92.9
68190,A5,307800,68190,-11.4,-1.3,2009MM06,91.7
68191,A5,307800,68191,-9.7,1.7,2009MM07,93.2
68192,A5,307800,68192,-9.7,2.5,2009MM08,95.6
68193,A5,307800,68193,-11.3,2.0,2009MM09,97.5
68194,A5,307800,68194,-12.7,0.0,2009MM10,97.5
68195,A5,307800,68195,-9.0,0.5,2009MM11,98.0
68196,A5,307800,68196,-5.6,4.0,2009MM12,101.9
68198,A5,307800,68198,-2.4,-0.2,2010MM01,101.7
68199,A5,307800,68199,-0.3,-1.8,2010MM02,99.8
68200,A5,307800,68200,1.0,-0.7,2010MM03,99.2
68201,A5,307800,68201,4.3,-0.7,2010MM04,98.4
68202,A5,307800,68202,3.3,-2.5,2010MM05,96.0
68203,A5,307800,68203,5.2,0.4,2010MM06,96.4
68204,A5,307800,68204,0.8,-2.5,2010MM07,94.0
68205,A5,307800,68205,-0.5,1.2,2010MM08,95.1
68206,A5,307800,68206,2.8,5.4,2010MM09,100.2
68207,A5,307800,68207,6.2,3.4,2010MM10,103.6
68208,A5,307800,68208,8.3,2.5,2010MM11,106.1
68209,A5,307800,68209,7.5,3.2,2010MM12,109.6
68211,A5,307800,68211,9.7,1.8,2011MM01,111.5
68212,A5,307800,68212,11.0,-0.7,2011MM02,110.8
68213,A5,307800,68213,15.7,3.6,2011MM03,114.8
68214,A5,307800,68214,21.1,3.9,2011MM04,119.2
68215,A5,307800,68215,21.0,-2.6,2011MM05,116.2
68216,A5,307800,68216,15.0,-4.6,2011MM06,110.8
68217,A5,307800,68217,20.3,2.0,2011MM07,113.0
68218,A5,307800,68218,21.7,2.4,2011MM08,115.7
68219,A5,307800,68219,18.9,2.9,2011MM09,119.1
68220,A5,307800,68220,15.5,0.4,2011MM10,119.6
68221,A5,307800,68221,18.9,5.6,2011MM11,126.2
68222,A5,307800,68222,22.3,6.2,2011MM12,134.0
68224,A5,307800,68224,18.4,-1.5,2012MM01,132.0
68225,A5,307800,68225,17.6,-1.3,2012MM02,130.3
68226,A5,307800,68226,12.0,-1.4,2012MM03,128.5
68227,A5,307800,68227,6.6,-1.1,2012MM04,127.1
68228,A5,307800,68228,8.8,-0.5,2012MM05,126.4
68229,A5,307800,68229,12.8,-1.1,2012MM06,125.0
68230,A5,307800,68230,10.4,-0.1,2012MM07,124.8
68231,A5,307800,68231,9.7,1.7,2012MM08,126.9
68232,A5,307800,68232,9.2,2.4,2012MM09,130.0
68233,A5,307800,68233,11.6,2.6,2012MM10,133.4
68234,A5,307800,68234,7.1,1.4,2012MM11,135.2
68235,A5,307800,68235,1.7,0.8,2012MM12,136.4
68237,A5,307800,68237,1.7,-1.6,2013MM01,134.2
68238,A5,307800,68238,0.6,-2.3,2013MM02,131.1
68239,A5,307800,68239,1.5,-0.6,2013MM03,130.4
68240,A5,307800,68240,0.0,-2.5,2013MM04,127.1
68241,A5,307800,68241,-2.0,-2.5,2013MM05,123.9
68242,A5,307800,68242,-1.8,-0.9,2013MM06,122.7
68243,A5,307800,68243,-1.0,0.7,2013MM07,123.6
68244,A5,307800,68244,-1.7,0.9,2013MM08,124.7
68245,A5,307800,68245,-1.9,2.2,2013MM09,127.5
68246,A5,307800,68246,-4.3,0.2,2013MM10,127.7
68247,A5,307800,68247,-3.7,1.9,2013MM11,130.2
68248,A5,307800,68248,-1.3,3.4,2013MM12,134.6
68250,A5,307800,68250,-1.9,-2.1,2014MM01,131.7
68251,A5,307800,68251,-1.4,-1.9,2014MM02,129.3
68252,A5,307800,68252,-3.5,-2.6,2014MM03,125.9
68253,A5,307800,68253,-1.5,-0.6,2014MM04,125.1
68254,A5,307800,68254,-0.5,-1.5,2014MM05,123.3
68255,A5,307800,68255,-2.2,-2.6,2014MM06,120.1
68256,A5,307800,68256,-4.1,-1.3,2014MM07,118.6
68257,A5,307800,68257,-4.3,0.6,2014MM08,119.3
68258,A5,307800,68258,-5.3,1.2,2014MM09,120.7
68259,A5,307800,68259,-6.6,-1.1,2014MM10,119.3
68260,A5,307800,68260,-8.0,0.4,2014MM11,119.8
68261,A5,307800,68261,-8.2,3.1,2014MM12,123.5
68263,A5,307800,68263,-9.9,-3.9,2015MM01,118.7
68264,A5,307800,68264,-10.1,-2.1,2015MM02,116.2
68265,A5,307800,68265,-7.9,-0.2,2015MM03,115.9
68266,A5,307800,68266,-7.6,-0.3,2015MM04,115.6
68267,A5,307800,68267,-8.2,-2.1,2015MM05,113.2
68268,A5,307800,68268,-4.9,0.9,2015MM06,114.2
68269,A5,307800,68269,-7.0,-3.5,2015MM07,110.2
68270,A5,307800,68270,-9.8,-2.4,2015MM08,107.6
68271,A5,307800,68271,-8.3,2.9,2015MM09,110.7
68272,A5,307800,68272,-5.9,1.4,2015MM10,112.3
68273,A5,307800,68273,2.1,9.0,2015MM11,122.3
68274,A5,307800,68274,-1.9,-0.9,2015MM12,121.2
68276,A5,307800,68276,-0.8,-2.8,2016MM01,117.8
68277,A5,307800,68277,1.0,-0.3,2016MM02,117.4
68278,A5,307800,68278,7.1,5.7,2016MM03,124.2
68279,A5,307800,68279,-0.8,-7.6,2016MM04,114.7
68280,A5,307800,68280,1.0,-0.3,2016MM05,114.3
68281,A5,307800,68281,5.9,5.8,2016MM06,121.0
68282,A5,307800,68282,10.7,0.9,2016MM07,122.0
68283,A5,307800,68283,13.6,0.1,2016MM08,122.2
68284,A5,307800,68284,12.1,1.5,2016MM09,124.1
68285,A5,307800,68285,14.2,3.3,2016MM10,128.2
68286,A5,307800,68286,7.8,2.9,2016MM11,131.9
68287,A5,307800,68287,11.8,2.7,2016MM12,135.5
68289,A5,307800,68289,12.3,-2.4,2017MM01,132.3
68290,A5,307800,68290,10.4,-2.0,2017MM02,129.6
68291,A5,307800,68291,5.0,0.6,2017MM03,130.4
68292,A5,307800,68292,14.3,0.5,2017MM04,131.1
68293,A5,307800,68293,16.5,1.6,2017MM05,133.2
68294,A5,307800,68294,5.9,-3.9,2017MM06,128.1
68295,A5,307800,68295,3.3,-1.6,2017MM07,126.1
68296,A5,307800,68296,3.4,0.2,2017MM08,126.4
68297,A5,307800,68297,5.9,4.0,2017MM09,131.4
68298,A5,307800,68298,5.9,3.3,2017MM10,135.8
68299,A5,307800,68299,4.4,1.4,2017MM11,137.7
68300,A5,307800,68300,2.5,0.9,2017MM12,138.9
