,Afzet,BedrijfstakkenBranchesSBI2008,ID,OntwikkelingTOV1JaarEerder_2,OntwikkelingTOV1MaandEerder_3,Perioden,ProducentenprijsindexPPI_1
35594,A4,307800,35594,1.98405315615,0.1,1981MM01,139.110726644
35595,A4,307800,35595,1.96810631229,0.1,1981MM02,138.921453287
35596,A4,307800,35596,1.95215946844,0.1,1981MM03,138.732179931
35597,A4,307800,35597,1.93621262458,0.1,1981MM04,138.542906574
35598,A4,307800,35598,1.92026578073,0.1,1981MM05,138.353633218
35599,A4,307800,35599,1.90431893688,0.1,1981MM06,138.164359862
35600,A4,307800,35600,1.88837209302,0.1,1981MM07,137.975086505
35601,A4,307800,35601,1.87242524917,0.1,1981MM08,137.785813149
35602,A4,307800,35602,1.85647840532,0.1,1981MM09,137.596539792
35603,A4,307800,35603,1.84053156146,0.1,1981MM10,137.407266436
35604,A4,307800,35604,1.82458471761,0.1,1981MM11,137.21799308
35605,A4,307800,35605,1.80863787375,0.1,1981MM12,137.028719723
35607,A4,307800,35607,1.7926910299,0.1,1982MM01,136.839446367
35608,A4,307800,35608,1.77674418605,0.1,1982MM02,136.65017301
35609,A4,307800,35609,1.76079734219,0.1,1982MM03,136.460899654
35610,A4,307800,35610,1.74485049834,0.1,1982MM04,136.271626298
35611,A4,307800,35611,1.72890365449,0.1,1982MM05,136.082352941
35612,A4,307800,35612,1.71295681063,0.1,1982MM06,135.893079585
35613,A4,307800,35613,1.69700996678,0.1,1982MM07,135.703806228
35614,A4,307800,35614,1.68106312292,0.1,1982MM08,135.514532872
35615,A4,307800,35615,1.66511627907,0.1,1982MM09,135.325259516
35616,A4,307800,35616,1.64916943522,0.1,1982MM10,135.135986159
35617,A4,307800,35617,1.63322259136,0.1,1982MM11,134.946712803
35618,A4,307800,35618,1.61727574751,0.1,1982MM12,134.757439446
35620,A4,307800,35620,1.60132890365,0.1,1983MM01,134.56816609
35621,A4,307800,35621,1.5853820598,0.1,1983MM02,134.378892734
35622,A4,307800,35622,1.56943521595,0.1,1983MM03,134.189619377
35623,A4,307800,35623,1.55348837209,0.1,1983MM04,134.000346021
35624,A4,307800,35624,1.53754152824,0.1,1983MM05,133.811072664
35625,A4,307800,35625,1.52159468439,0.1,1983MM06,133.621799308
35626,A4,307800,35626,1.50564784053,0.1,1983MM07,133.432525952
35627,A4,307800,35627,1.48970099668,0.1,1983MM08,133.243252595
35628,A4,307800,35628,1.47375415282,0.1,1983MM09,133.053979239
35629,A4,307800,35629,1.45780730897,0.1,1983MM10,132.864705882
35630,A4,307800,35630,1.44186046512,0.1,1983MM11,132.675432526
35631,A4,307800,35631,1.42591362126,0.1,1983MM12,132.48615917
35633,A4,307800,35633,1.40996677741,0.1,1984MM01,132.296885813
35634,A4,307800,35634,1.39401993355,0.1,1984MM02,132.107612457
35635,A4,307800,35635,1.3780730897,0.1,1984MM03,131.9183391
35636,A4,307800,35636,1.36212624585,0.1,1984MM04,131.729065744
35637,A4,307800,35637,1.34617940199,0.1,1984MM05,131.539792388
35638,A4,307800,35638,1.33023255814,0.1,1984MM06,131.350519031
35639,A4,307800,35639,1.31428571429,0.1,1984MM07,131.161245675
35640,A4,307800,35640,1.29833887043,0.1,1984MM08,130.971972318
35641,A4,307800,35641,1.28239202658,0.1,1984MM09,130.782698962
35642,A4,307800,35642,1.26644518272,0.1,1984MM10,130.593425606
35643,A4,307800,35643,1.25049833887,0.1,1984MM11,130.404152249
35644,A4,307800,35644,1.23455149502,0.1,1984MM12,130.214878893
35646,A4,307800,35646,1.21860465116,0.1,1985MM01,130.025605536
35647,A4,307800,35647,1.20265780731,0.1,1985MM02,129.83633218
35648,A4,307800,35648,1.18671096346,0.1,1985MM03,129.647058824
35649,A4,307800,35649,1.1707641196,0.1,1985MM04,129.457785467
35650,A4,307800,35650,1.15481727575,0.1,1985MM05,129.268512111
35651,A4,307800,35651,1.13887043189,0.1,1985MM06,129.079238754
35652,A4,307800,35652,1.12292358804,0.1,1985MM07,128.889965398
35653,A4,307800,35653,1.10697674419,0.1,1985MM08,128.700692042
35654,A4,307800,35654,1.09102990033,0.1,1985MM09,128.511418685
35655,A4,307800,35655,1.07508305648,0.1,1985MM10,128.322145329
35656,A4,307800,35656,1.05913621262,0.1,1985MM11,128.132871972
35657,A4,307800,35657,1.04318936877,0.1,1985MM12,127.943598616
35659,A4,307800,35659,1.02724252492,0.1,1986MM01,127.75432526
35660,A4,307800,35660,1.01129568106,0.1,1986MM02,127.565051903
35661,A4,307800,35661,0.995348837209,0.1,1986MM03,127.375778547
35662,A4,307800,35662,0.979401993355,0.1,1986MM04,127.18650519
35663,A4,307800,35663,0.963455149502,0.1,1986MM05,126.997231834
35664,A4,307800,35664,0.947508305648,0.1,1986MM06,126.807958478
35665,A4,307800,35665,0.931561461794,0.1,1986MM07,126.618685121
35666,A4,307800,35666,0.91561461794,0.1,1986MM08,126.429411765
35667,A4,307800,35667,0.899667774086,0.1,1986MM09,126.240138408
35668,A4,307800,35668,0.883720930233,0.1,1986MM10,126.050865052
35669,A4,307800,35669,0.867774086379,0.1,1986MM11,125.861591696
35670,A4,307800,35670,0.851827242525,0.1,1986MM12,125.672318339
35672,A4,307800,35672,0.835880398671,0.1,1987MM01,125.483044983
35673,A4,307800,35673,0.819933554817,0.1,1987MM02,125.293771626
35674,A4,307800,35674,0.803986710963,0.1,1987MM03,125.10449827
35675,A4,307800,35675,0.78803986711,0.1,1987MM04,124.915224913
35676,A4,307800,35676,0.772093023256,0.1,1987MM05,124.725951557
35677,A4,307800,35677,0.756146179402,0.1,1987MM06,124.536678201
35678,A4,307800,35678,0.740199335548,0.1,1987MM07,124.347404844
35679,A4,307800,35679,0.724252491694,0.1,1987MM08,124.158131488
35680,A4,307800,35680,0.708305647841,0.1,1987MM09,123.968858131
35681,A4,307800,35681,0.692358803987,0.1,1987MM10,123.779584775
35682,A4,307800,35682,0.676411960133,0.1,1987MM11,123.590311419
35683,A4,307800,35683,0.660465116279,0.1,1987MM12,123.401038062
35685,A4,307800,35685,0.644518272425,0.1,1988MM01,123.211764706
35686,A4,307800,35686,0.628571428571,0.1,1988MM02,123.022491349
35687,A4,307800,35687,0.612624584718,0.1,1988MM03,122.833217993
35688,A4,307800,35688,0.596677740864,0.1,1988MM04,122.643944637
35689,A4,307800,35689,0.58073089701,0.1,1988MM05,122.45467128
35690,A4,307800,35690,0.564784053156,0.1,1988MM06,122.265397924
35691,A4,307800,35691,0.548837209302,0.1,1988MM07,122.076124567
35692,A4,307800,35692,0.532890365449,0.1,1988MM08,121.886851211
35693,A4,307800,35693,0.516943521595,0.1,1988MM09,121.697577855
35694,A4,307800,35694,0.500996677741,0.1,1988MM10,121.508304498
35695,A4,307800,35695,0.485049833887,0.1,1988MM11,121.319031142
35696,A4,307800,35696,0.469102990033,0.1,1988MM12,121.129757785
35698,A4,307800,35698,0.453156146179,0.1,1989MM01,120.940484429
35699,A4,307800,35699,0.437209302326,0.1,1989MM02,120.751211073
35700,A4,307800,35700,0.421262458472,0.1,1989MM03,120.561937716
35701,A4,307800,35701,0.405315614618,0.1,1989MM04,120.37266436
35702,A4,307800,35702,0.389368770764,0.1,1989MM05,120.183391003
35703,A4,307800,35703,0.37342192691,0.1,1989MM06,119.994117647
35704,A4,307800,35704,0.357475083056,0.1,1989MM07,119.804844291
35705,A4,307800,35705,0.341528239203,0.1,1989MM08,119.615570934
35706,A4,307800,35706,0.325581395349,0.1,1989MM09,119.426297578
35707,A4,307800,35707,0.309634551495,0.1,1989MM10,119.237024221
35708,A4,307800,35708,0.293687707641,0.1,1989MM11,119.047750865
35709,A4,307800,35709,0.277740863787,0.1,1989MM12,118.858477509
35711,A4,307800,35711,0.261794019934,0.1,1990MM01,118.669204152
35712,A4,307800,35712,0.24584717608,0.1,1990MM02,118.479930796
35713,A4,307800,35713,0.229900332226,0.1,1990MM03,118.290657439
35714,A4,307800,35714,0.213953488372,0.1,1990MM04,118.101384083
35715,A4,307800,35715,0.198006644518,0.1,1990MM05,117.912110727
35716,A4,307800,35716,0.182059800664,0.1,1990MM06,117.72283737
35717,A4,307800,35717,0.166112956811,0.1,1990MM07,117.533564014
35718,A4,307800,35718,0.150166112957,0.1,1990MM08,117.344290657
35719,A4,307800,35719,0.134219269103,0.1,1990MM09,117.155017301
35720,A4,307800,35720,0.118272425249,0.1,1990MM10,116.965743945
35721,A4,307800,35721,0.102325581395,0.1,1990MM11,116.776470588
35722,A4,307800,35722,0.0863787375415,0.1,1990MM12,116.587197232
35724,A4,307800,35724,0.0704318936877,0.1,1991MM01,116.397923875
35725,A4,307800,35725,0.0544850498339,0.1,1991MM02,116.208650519
35726,A4,307800,35726,0.0385382059801,0.1,1991MM03,116.019377163
35727,A4,307800,35727,0.0225913621262,0.1,1991MM04,115.830103806
35728,A4,307800,35728,0.00664451827243,0.1,1991MM05,115.64083045
35729,A4,307800,35729,-0.0093023255814,0.1,1991MM06,115.451557093
35730,A4,307800,35730,-0.0252491694352,0.1,1991MM07,115.262283737
35731,A4,307800,35731,-0.041196013289,0.1,1991MM08,115.073010381
35732,A4,307800,35732,-0.0571428571429,0.1,1991MM09,114.883737024
35733,A4,307800,35733,-0.0730897009967,0.1,1991MM10,114.694463668
35734,A4,307800,35734,-0.0890365448505,0.1,1991MM11,114.505190311
35735,A4,307800,35735,-0.104983388704,0.1,1991MM12,114.315916955
35737,A4,307800,35737,-0.120930232558,0.1,1992MM01,114.126643599
35738,A4,307800,35738,-0.136877076412,0.1,1992MM02,113.937370242
35739,A4,307800,35739,-0.152823920266,0.1,1992MM03,113.748096886
35740,A4,307800,35740,-0.16877076412,0.1,1992MM04,113.558823529
35741,A4,307800,35741,-0.184717607973,0.1,1992MM05,113.369550173
35742,A4,307800,35742,-0.200664451827,0.1,1992MM06,113.180276817
35743,A4,307800,35743,-0.216611295681,0.1,1992MM07,112.99100346
35744,A4,307800,35744,-0.232558139535,0.1,1992MM08,112.801730104
35745,A4,307800,35745,-0.248504983389,0.1,1992MM09,112.612456747
35746,A4,307800,35746,-0.264451827243,0.1,1992MM10,112.423183391
35747,A4,307800,35747,-0.280398671096,0.1,1992MM11,112.233910035
35748,A4,307800,35748,-0.29634551495,0.1,1992MM12,112.044636678
35750,A4,307800,35750,-0.312292358804,0.1,1993MM01,111.855363322
35751,A4,307800,35751,-0.328239202658,0.1,1993MM02,111.666089965
35752,A4,307800,35752,-0.344186046512,0.1,1993MM03,111.476816609
35753,A4,307800,35753,-0.360132890365,0.1,1993MM04,111.287543253
35754,A4,307800,35754,-0.376079734219,0.1,1993MM05,111.098269896
35755,A4,307800,35755,-0.392026578073,0.1,1993MM06,110.90899654
35756,A4,307800,35756,-0.407973421927,0.1,1993MM07,110.719723183
35757,A4,307800,35757,-0.423920265781,0.1,1993MM08,110.530449827
35758,A4,307800,35758,-0.439867109635,0.1,1993MM09,110.341176471
35759,A4,307800,35759,-0.455813953488,0.1,1993MM10,110.151903114
35760,A4,307800,35760,-0.471760797342,0.1,1993MM11,109.962629758
35761,A4,307800,35761,-0.487707641196,0.1,1993MM12,109.773356401
35763,A4,307800,35763,-0.50365448505,0.1,1994MM01,109.584083045
35764,A4,307800,35764,-0.519601328904,0.1,1994MM02,109.394809689
35765,A4,307800,35765,-0.535548172757,0.1,1994MM03,109.205536332
35766,A4,307800,35766,-0.551495016611,0.1,1994MM04,109.016262976
35767,A4,307800,35767,-0.567441860465,0.1,1994MM05,108.826989619
35768,A4,307800,35768,-0.583388704319,0.1,1994MM06,108.637716263
35769,A4,307800,35769,-0.599335548173,0.1,1994MM07,108.448442907
35770,A4,307800,35770,-0.615282392027,0.1,1994MM08,108.25916955
35771,A4,307800,35771,-0.63122923588,0.1,1994MM09,108.069896194
35772,A4,307800,35772,-0.647176079734,0.1,1994MM10,107.880622837
35773,A4,307800,35773,-0.663122923588,0.1,1994MM11,107.691349481
35774,A4,307800,35774,-0.679069767442,0.1,1994MM12,107.502076125
35776,A4,307800,35776,-0.695016611296,0.1,1995MM01,107.312802768
35777,A4,307800,35777,-0.71096345515,0.1,1995MM02,107.123529412
35778,A4,307800,35778,-0.726910299003,0.1,1995MM03,106.934256055
35779,A4,307800,35779,-0.742857142857,0.1,1995MM04,106.744982699
35780,A4,307800,35780,-0.758803986711,0.1,1995MM05,106.555709343
35781,A4,307800,35781,-0.774750830565,0.1,1995MM06,106.366435986
35782,A4,307800,35782,-0.790697674419,0.1,1995MM07,106.17716263
35783,A4,307800,35783,-0.806644518272,0.1,1995MM08,105.987889273
35784,A4,307800,35784,-0.822591362126,0.1,1995MM09,105.798615917
35785,A4,307800,35785,-0.83853820598,0.1,1995MM10,105.609342561
35786,A4,307800,35786,-0.854485049834,0.1,1995MM11,105.420069204
35787,A4,307800,35787,-0.870431893688,0.1,1995MM12,105.230795848
35789,A4,307800,35789,-0.886378737542,0.1,1996MM01,105.041522491
35790,A4,307800,35790,-0.902325581395,0.1,1996MM02,104.852249135
35791,A4,307800,35791,-0.918272425249,0.1,1996MM03,104.662975779
35792,A4,307800,35792,-0.934219269103,0.1,1996MM04,104.473702422
35793,A4,307800,35793,-0.950166112957,0.1,1996MM05,104.284429066
35794,A4,307800,35794,-0.966112956811,0.1,1996MM06,104.095155709
35795,A4,307800,35795,-0.982059800664,0.1,1996MM07,103.905882353
35796,A4,307800,35796,-0.998006644518,0.1,1996MM08,103.716608997
35797,A4,307800,35797,-1.01395348837,0.1,1996MM09,103.52733564
35798,A4,307800,35798,-1.02990033223,0.1,1996MM10,103.338062284
35799,A4,307800,35799,-1.04584717608,0.1,1996MM11,103.148788927
35800,A4,307800,35800,-1.06179401993,0.1,1996MM12,102.959515571
35802,A4,307800,35802,-1.07774086379,0.1,1997MM01,102.770242215
35803,A4,307800,35803,-1.09368770764,0.1,1997MM02,102.580968858
35804,A4,307800,35804,-1.1096345515,0.1,1997MM03,102.391695502
35805,A4,307800,35805,-1.12558139535,0.1,1997MM04,102.202422145
35806,A4,307800,35806,-1.1415282392,0.1,1997MM05,102.013148789
35807,A4,307800,35807,-1.15747508306,0.1,1997MM06,101.823875433
35808,A4,307800,35808,-1.17342192691,0.1,1997MM07,101.634602076
35809,A4,307800,35809,-1.18936877076,0.1,1997MM08,101.44532872
35810,A4,307800,35810,-1.20531561462,0.1,1997MM09,101.256055363
35811,A4,307800,35811,-1.22126245847,0.1,1997MM10,101.066782007
35812,A4,307800,35812,-1.23720930233,0.1,1997MM11,100.877508651
35813,A4,307800,35813,-1.25315614618,0.1,1997MM12,100.688235294
35815,A4,307800,35815,-1.26910299003,0.1,1998MM01,100.498961938
35816,A4,307800,35816,-1.28504983389,0.1,1998MM02,100.309688581
35817,A4,307800,35817,-1.30099667774,0.1,1998MM03,100.120415225
35818,A4,307800,35818,-1.31694352159,0.1,1998MM04,99.9311418685
35819,A4,307800,35819,-1.33289036545,0.1,1998MM05,99.7418685121
35820,A4,307800,35820,-1.3488372093,0.1,1998MM06,99.5525951557
35821,A4,307800,35821,-1.36478405316,0.1,1998MM07,99.3633217993
35822,A4,307800,35822,-1.38073089701,0.1,1998MM08,99.1740484429
35823,A4,307800,35823,-1.39667774086,0.1,1998MM09,98.9847750865
35824,A4,307800,35824,-1.41262458472,0.1,1998MM10,98.7955017301
35825,A4,307800,35825,-1.42857142857,0.1,1998MM11,98.6062283737
35826,A4,307800,35826,-1.44451827243,0.1,1998MM12,98.4169550173
35828,A4,307800,35828,-1.46046511628,0.1,1999MM01,98.2276816609
35829,A4,307800,35829,-1.47641196013,0.1,1999MM02,98.0384083045
35830,A4,307800,35830,-1.49235880399,0.1,1999MM03,97.8491349481
35831,A4,307800,35831,-1.50830564784,0.1,1999MM04,97.6598615917
35832,A4,307800,35832,-1.52425249169,0.1,1999MM05,97.4705882353
35833,A4,307800,35833,-1.54019933555,0.1,1999MM06,97.2813148789
35834,A4,307800,35834,-1.5561461794,0.1,1999MM07,97.0920415225
35835,A4,307800,35835,-1.57209302326,0.1,1999MM08,96.9027681661
35836,A4,307800,35836,-1.58803986711,0.1,1999MM09,96.7134948097
35837,A4,307800,35837,-1.60398671096,0.1,1999MM10,96.5242214533
35838,A4,307800,35838,-1.61993355482,0.1,1999MM11,96.3349480969
35839,A4,307800,35839,-1.63588039867,0.1,1999MM12,96.1456747405
35841,A4,307800,35841,-1.65182724252,0.1,2000MM01,95.9564013841
35842,A4,307800,35842,-1.66777408638,0.1,2000MM02,95.7671280277
35843,A4,307800,35843,-1.68372093023,0.1,2000MM03,95.5778546713
35844,A4,307800,35844,-1.69966777409,0.1,2000MM04,95.3885813149
35845,A4,307800,35845,-1.71561461794,0.1,2000MM05,95.1993079585
35846,A4,307800,35846,-1.73156146179,0.1,2000MM06,95.0100346021
35847,A4,307800,35847,-1.74750830565,0.1,2000MM07,94.8207612457
35848,A4,307800,35848,-1.7634551495,0.1,2000MM08,94.6314878893
35849,A4,307800,35849,-1.77940199336,0.1,2000MM09,94.4422145329
35850,A4,307800,35850,-1.79534883721,0.1,2000MM10,94.2529411765
35851,A4,307800,35851,-1.81129568106,0.1,2000MM11,94.0636678201
35852,A4,307800,35852,-1.82724252492,0.1,2000MM12,93.8743944637
35854,A4,307800,35854,-1.84318936877,0.1,2001MM01,93.6851211073
35855,A4,307800,35855,-1.85913621262,0.1,2001MM02,93.4958477509
35856,A4,307800,35856,-1.87508305648,0.1,2001MM03,93.3065743945
35857,A4,307800,35857,-1.89102990033,0.1,2001MM04,93.1173010381
35858,A4,307800,35858,-1.90697674419,0.1,2001MM05,92.9280276817
35859,A4,307800,35859,-1.92292358804,0.1,2001MM06,92.7387543253
35860,A4,307800,35860,-1.93887043189,0.1,2001MM07,92.5494809689
35861,A4,307800,35861,-1.95481727575,0.1,2001MM08,92.3602076125
35862,A4,307800,35862,-1.9707641196,0.1,2001MM09,92.1709342561
35863,A4,307800,35863,-1.98671096346,0.1,2001MM10,91.9816608997
35864,A4,307800,35864,-2.00265780731,0.1,2001MM11,91.7923875433
35865,A4,307800,35865,-2.01860465116,0.1,2001MM12,91.6031141869
35867,A4,307800,35867,-2.03455149502,0.1,2002MM01,91.4138408304
35868,A4,307800,35868,-2.05049833887,0.1,2002MM02,91.224567474
35869,A4,307800,35869,-2.06644518272,0.1,2002MM03,91.0352941176
35870,A4,307800,35870,-2.08239202658,0.1,2002MM04,90.8460207612
35871,A4,307800,35871,-2.09833887043,0.1,2002MM05,90.6567474048
35872,A4,307800,35872,-2.11428571429,0.1,2002MM06,90.4674740484
35873,A4,307800,35873,-2.13023255814,0.1,2002MM07,90.278200692
35874,A4,307800,35874,-2.14617940199,0.1,2002MM08,90.0889273356
35875,A4,307800,35875,-2.16212624585,0.1,2002MM09,89.8996539792
35876,A4,307800,35876,-2.1780730897,0.1,2002MM10,89.7103806228
35877,A4,307800,35877,-2.19401993355,0.1,2002MM11,89.5211072664
35878,A4,307800,35878,-2.20996677741,0.1,2002MM12,89.33183391
35880,A4,307800,35880,-2.22591362126,0.1,2003MM01,89.1425605536
35881,A4,307800,35881,-2.24186046512,0.1,2003MM02,88.9532871972
35882,A4,307800,35882,-2.25780730897,0.1,2003MM03,88.7640138408
35883,A4,307800,35883,-2.27375415282,0.1,2003MM04,88.5747404844
35884,A4,307800,35884,-2.28970099668,0.1,2003MM05,88.385467128
35885,A4,307800,35885,-2.30564784053,0.1,2003MM06,88.1961937716
35886,A4,307800,35886,-2.32159468439,0.1,2003MM07,88.0069204152
35887,A4,307800,35887,-2.33754152824,0.1,2003MM08,87.8176470588
35888,A4,307800,35888,-2.35348837209,0.1,2003MM09,87.6283737024
35889,A4,307800,35889,-2.36943521595,0.1,2003MM10,87.439100346
35890,A4,307800,35890,-2.3853820598,0.1,2003MM11,87.2498269896
35891,A4,307800,35891,-2.40132890365,0.1,2003MM12,87.0605536332
35893,A4,307800,35893,-2.41727574751,0.1,2004MM01,86.8712802768
35894,A4,307800,35894,-2.43322259136,0.1,2004MM02,86.6820069204
35895,A4,307800,35895,-2.44916943522,0.1,2004MM03,86.492733564
35896,A4,307800,35896,-2.46511627907,0.1,2004MM04,86.3034602076
35897,A4,307800,35897,-2.48106312292,0.1,2004MM05,86.1141868512
35898,A4,307800,35898,-2.49700996678,0.1,2004MM06,85.9249134948
35899,A4,307800,35899,-2.51295681063,0.1,2004MM07,85.7356401384
35900,A4,307800,35900,-2.52890365449,0.1,2004MM08,85.546366782
35901,A4,307800,35901,-2.54485049834,0.1,2004MM09,85.3570934256
35902,A4,307800,35902,-2.56079734219,0.1,2004MM10,85.1678200692
35903,A4,307800,35903,-2.57674418605,0.1,2004MM11,84.9785467128
35904,A4,307800,35904,-2.5926910299,0.1,2004MM12,84.7892733564
35906,A4,307800,35906,-2.60863787375,0.1,2005MM01,84.6
35907,A4,307800,35907,-2.62458471761,0.1,2005MM02,84.7
35908,A4,307800,35908,-2.64053156146,-2.4,2005MM03,82.7
35909,A4,307800,35909,-2.65647840532,-0.1,2005MM04,82.6
35910,A4,307800,35910,-2.67242524917,2.3,2005MM05,84.5
35911,A4,307800,35911,-2.68837209302,1.2,2005MM06,85.6
35912,A4,307800,35912,-2.70431893688,-1.3,2005MM07,84.5
35913,A4,307800,35913,-2.72026578073,1.9,2005MM08,86.1
35914,A4,307800,35914,-2.73621262458,0.1,2005MM09,86.2
35915,A4,307800,35915,-2.75215946844,-1.4,2005MM10,85.0
35916,A4,307800,35916,-2.76810631229,1.2,2005MM11,86.0
35917,A4,307800,35917,-2.78405315615,0.8,2005MM12,86.7
35919,A4,307800,35919,-2.8,-5.1,2006MM01,82.2
35920,A4,307800,35920,-1.8,1.2,2006MM02,83.2
35921,A4,307800,35921,2.7,2.2,2006MM03,85.0
35922,A4,307800,35922,4.4,1.5,2006MM04,86.2
35923,A4,307800,35923,3.5,1.4,2006MM05,87.5
35924,A4,307800,35924,2.7,0.4,2006MM06,87.9
35925,A4,307800,35925,4.5,0.5,2006MM07,88.3
35926,A4,307800,35926,5.6,3.0,2006MM08,91.0
35927,A4,307800,35927,5.2,-0.3,2006MM09,90.7
35928,A4,307800,35928,6.4,-0.3,2006MM10,90.4
35929,A4,307800,35929,2.1,-2.9,2006MM11,87.8
35930,A4,307800,35930,1.1,-0.2,2006MM12,87.6
35932,A4,307800,35932,2.6,-3.7,2007MM01,84.4
35933,A4,307800,35933,1.6,0.2,2007MM02,84.5
35934,A4,307800,35934,-2.3,-1.8,2007MM03,83.0
35935,A4,307800,35935,-3.1,0.7,2007MM04,83.6
35936,A4,307800,35936,-4.3,0.2,2007MM05,83.7
35937,A4,307800,35937,-3.8,0.9,2007MM06,84.5
35938,A4,307800,35938,-3.0,1.3,2007MM07,85.7
35939,A4,307800,35939,-5.0,0.9,2007MM08,86.4
35940,A4,307800,35940,-3.2,1.6,2007MM09,87.8
35941,A4,307800,35941,-4.8,-1.9,2007MM10,86.1
35942,A4,307800,35942,-2.2,-0.2,2007MM11,85.9
35943,A4,307800,35943,-1.7,0.3,2007MM12,86.2
35945,A4,307800,35945,3.2,1.1,2008MM01,87.1
35946,A4,307800,35946,3.5,0.4,2008MM02,87.5
35947,A4,307800,35947,8.7,3.1,2008MM03,90.2
35948,A4,307800,35948,8.3,0.4,2008MM04,90.6
35949,A4,307800,35949,12.7,4.2,2008MM05,94.4
35950,A4,307800,35950,16.3,4.1,2008MM06,98.3
35951,A4,307800,35951,16.6,1.6,2008MM07,99.9
35952,A4,307800,35952,18.0,2.1,2008MM08,102.0
35953,A4,307800,35953,17.5,1.1,2008MM09,103.1
35954,A4,307800,35954,18.5,-1.1,2008MM10,102.0
35955,A4,307800,35955,13.7,-4.3,2008MM11,97.6
35956,A4,307800,35956,10.8,-2.2,2008MM12,95.5
35958,A4,307800,35958,5.2,-4.0,2009MM01,91.6
35959,A4,307800,35959,1.6,-3.0,2009MM02,88.9
35960,A4,307800,35960,-1.2,0.3,2009MM03,89.1
35961,A4,307800,35961,0.9,2.5,2009MM04,91.4
35962,A4,307800,35962,-1.4,1.9,2009MM05,93.1
35963,A4,307800,35963,-4.2,1.2,2009MM06,94.2
35964,A4,307800,35964,-4.5,1.2,2009MM07,95.4
35965,A4,307800,35965,-5.3,1.3,2009MM08,96.6
35966,A4,307800,35966,-6.2,0.2,2009MM09,96.8
35967,A4,307800,35967,-8.1,-3.2,2009MM10,93.7
35968,A4,307800,35968,-5.0,-1.0,2009MM11,92.7
35969,A4,307800,35969,-3.2,-0.3,2009MM12,92.4
35971,A4,307800,35971,1.1,0.2,2010MM01,92.6
35972,A4,307800,35972,7.1,2.7,2010MM02,95.2
35973,A4,307800,35973,7.5,0.7,2010MM03,95.8
35974,A4,307800,35974,6.2,1.3,2010MM04,97.0
35975,A4,307800,35975,5.8,1.5,2010MM05,98.5
35976,A4,307800,35976,8.7,4.0,2010MM06,102.4
35977,A4,307800,35977,7.1,-0.3,2010MM07,102.1
35978,A4,307800,35978,4.1,-1.5,2010MM08,100.6
35979,A4,307800,35979,5.9,1.9,2010MM09,102.5
35980,A4,307800,35980,10.5,0.9,2010MM10,103.5
35981,A4,307800,35981,12.5,0.9,2010MM11,104.4
35982,A4,307800,35982,14.1,1.1,2010MM12,105.5
35984,A4,307800,35984,14.9,0.9,2011MM01,106.4
35985,A4,307800,35985,15.8,3.5,2011MM02,110.2
35986,A4,307800,35986,19.4,3.8,2011MM03,114.4
35987,A4,307800,35987,23.1,4.4,2011MM04,119.4
35988,A4,307800,35988,20.9,-0.3,2011MM05,119.1
35989,A4,307800,35989,12.5,-3.3,2011MM06,115.2
35990,A4,307800,35990,16.4,3.3,2011MM07,118.9
35991,A4,307800,35991,17.4,-0.7,2011MM08,118.1
35992,A4,307800,35992,17.4,1.9,2011MM09,120.3
35993,A4,307800,35993,14.6,-1.5,2011MM10,118.6
35994,A4,307800,35994,18.6,4.4,2011MM11,123.8
35995,A4,307800,35995,20.3,2.6,2011MM12,127.0
35997,A4,307800,35997,20.0,0.6,2012MM01,127.7
35998,A4,307800,35998,18.9,2.5,2012MM02,131.0
35999,A4,307800,35999,13.7,-0.7,2012MM03,130.1
36000,A4,307800,36000,10.1,1.1,2012MM04,131.5
36001,A4,307800,36001,10.9,0.5,2012MM05,132.1
36002,A4,307800,36002,15.1,0.3,2012MM06,132.5
36003,A4,307800,36003,11.5,0.1,2012MM07,132.6
36004,A4,307800,36004,12.4,0.1,2012MM08,132.7
36005,A4,307800,36005,12.8,2.3,2012MM09,135.7
36006,A4,307800,36006,15.2,0.7,2012MM10,136.6
36007,A4,307800,36007,10.6,0.2,2012MM11,136.9
36008,A4,307800,36008,5.6,-2.0,2012MM12,134.1
36010,A4,307800,36010,1.6,-3.2,2013MM01,129.8
36011,A4,307800,36011,-1.7,-0.8,2013MM02,128.7
36012,A4,307800,36012,-1.4,-0.4,2013MM03,128.2
36013,A4,307800,36013,-2.9,-0.5,2013MM04,127.6
36014,A4,307800,36014,-4.4,-1.1,2013MM05,126.2
36015,A4,307800,36015,-4.5,0.2,2013MM06,126.5
36016,A4,307800,36016,-3.0,1.7,2013MM07,128.6
36017,A4,307800,36017,-1.0,2.1,2013MM08,131.3
36018,A4,307800,36018,-2.5,0.8,2013MM09,132.4
36019,A4,307800,36019,-4.1,-1.0,2013MM10,131.0
36020,A4,307800,36020,-5.1,-0.8,2013MM11,129.9
36021,A4,307800,36021,-3.2,-0.1,2013MM12,129.8
36023,A4,307800,36023,-0.1,-0.1,2014MM01,129.7
36024,A4,307800,36024,-2.8,-3.5,2014MM02,125.2
36025,A4,307800,36025,-3.2,-0.9,2014MM03,124.1
36026,A4,307800,36026,-0.6,2.2,2014MM04,126.8
36027,A4,307800,36027,-0.4,-0.9,2014MM05,125.7
36028,A4,307800,36028,-0.6,0.1,2014MM06,125.8
36029,A4,307800,36029,-2.5,-0.3,2014MM07,125.4
36030,A4,307800,36030,-4.6,-0.1,2014MM08,125.2
36031,A4,307800,36031,-6.1,-0.8,2014MM09,124.3
36032,A4,307800,36032,-8.1,-3.1,2014MM10,120.4
36033,A4,307800,36033,-7.6,-0.3,2014MM11,120.0
36034,A4,307800,36034,-8.7,-1.2,2014MM12,118.6
36036,A4,307800,36036,-10.2,-1.8,2015MM01,116.4
36037,A4,307800,36037,-6.9,0.0,2015MM02,116.5
36038,A4,307800,36038,-7.3,-1.3,2015MM03,115.0
36039,A4,307800,36039,-9.3,0.0,2015MM04,115.0
36040,A4,307800,36040,-8.4,0.1,2015MM05,115.1
36041,A4,307800,36041,-7.2,1.4,2015MM06,116.7
36042,A4,307800,36042,-5.5,1.5,2015MM07,118.5
36043,A4,307800,36043,-5.6,-0.2,2015MM08,118.2
36044,A4,307800,36044,-4.7,0.2,2015MM09,118.5
36045,A4,307800,36045,-3.2,-1.7,2015MM10,116.5
36046,A4,307800,36046,1.7,4.8,2015MM11,122.1
36047,A4,307800,36047,3.2,0.2,2015MM12,122.4
36049,A4,307800,36049,3.8,-1.2,2016MM01,120.9
36050,A4,307800,36050,3.3,-0.5,2016MM02,120.4
36051,A4,307800,36051,5.0,0.4,2016MM03,120.8
36052,A4,307800,36052,9.2,3.9,2016MM04,125.5
36053,A4,307800,36053,12.5,3.1,2016MM05,129.4
36054,A4,307800,36054,19.3,7.6,2016MM06,139.2
36055,A4,307800,36055,18.3,0.7,2016MM07,140.2
36056,A4,307800,36056,21.4,2.4,2016MM08,143.5
36057,A4,307800,36057,20.1,-0.9,2016MM09,142.3
36058,A4,307800,36058,23.3,0.9,2016MM10,143.6
36059,A4,307800,36059,17.3,-0.2,2016MM11,143.2
36060,A4,307800,36060,13.5,-3.0,2016MM12,138.9
36062,A4,307800,36062,18.2,2.9,2017MM01,142.9
36063,A4,307800,36063,19.7,0.8,2017MM02,144.0
36064,A4,307800,36064,21.9,2.2,2017MM03,147.2
36065,A4,307800,36065,20.0,2.4,2017MM04,150.7
36066,A4,307800,36066,17.2,0.7,2017MM05,151.7
36067,A4,307800,36067,7.6,-1.3,2017MM06,149.8
36068,A4,307800,36068,5.2,-1.6,2017MM07,147.5
36069,A4,307800,36069,1.5,-1.2,2017MM08,145.7
36070,A4,307800,36070,2.1,-0.3,2017MM09,145.3
36071,A4,307800,36071,-0.1,-1.3,2017MM10,143.4
36072,A4,307800,36072,-0.6,-0.7,2017MM11,142.4
36073,A4,307800,36073,1.0,-1.4,2017MM12,140.3
