,Afzet,BedrijfstakkenBranchesSBI2008,ID,OntwikkelingTOV1JaarEerder_2,OntwikkelingTOV1MaandEerder_3,Perioden,ProducentenprijsindexPPI_1
36075,A4,307900,36075,1.58172757475,-0.00551724137931,1981MM01,103.360899654
36076,A4,307900,36076,1.5634551495,-0.0110344827586,1981MM02,103.321799308
36077,A4,307900,36077,1.54518272425,-0.0165517241379,1981MM03,103.282698962
36078,A4,307900,36078,1.526910299,-0.0220689655172,1981MM04,103.243598616
36079,A4,307900,36079,1.50863787375,-0.0275862068966,1981MM05,103.20449827
36080,A4,307900,36080,1.4903654485,-0.0331034482759,1981MM06,103.165397924
36081,A4,307900,36081,1.47209302326,-0.0386206896552,1981MM07,103.126297578
36082,A4,307900,36082,1.45382059801,-0.0441379310345,1981MM08,103.087197232
36083,A4,307900,36083,1.43554817276,-0.0496551724138,1981MM09,103.048096886
36084,A4,307900,36084,1.41727574751,-0.0551724137931,1981MM10,103.00899654
36085,A4,307900,36085,1.39900332226,-0.0606896551724,1981MM11,102.969896194
36086,A4,307900,36086,1.38073089701,-0.0662068965517,1981MM12,102.930795848
36088,A4,307900,36088,1.36245847176,-0.071724137931,1982MM01,102.891695502
36089,A4,307900,36089,1.34418604651,-0.0772413793103,1982MM02,102.852595156
36090,A4,307900,36090,1.32591362126,-0.0827586206897,1982MM03,102.81349481
36091,A4,307900,36091,1.30764119601,-0.088275862069,1982MM04,102.774394464
36092,A4,307900,36092,1.28936877076,-0.0937931034483,1982MM05,102.735294118
36093,A4,307900,36093,1.27109634551,-0.0993103448276,1982MM06,102.696193772
36094,A4,307900,36094,1.25282392027,-0.104827586207,1982MM07,102.657093426
36095,A4,307900,36095,1.23455149502,-0.110344827586,1982MM08,102.61799308
36096,A4,307900,36096,1.21627906977,-0.115862068966,1982MM09,102.578892734
36097,A4,307900,36097,1.19800664452,-0.121379310345,1982MM10,102.539792388
36098,A4,307900,36098,1.17973421927,-0.126896551724,1982MM11,102.500692042
36099,A4,307900,36099,1.16146179402,-0.132413793103,1982MM12,102.461591696
36101,A4,307900,36101,1.14318936877,-0.137931034483,1983MM01,102.422491349
36102,A4,307900,36102,1.12491694352,-0.143448275862,1983MM02,102.383391003
36103,A4,307900,36103,1.10664451827,-0.148965517241,1983MM03,102.344290657
36104,A4,307900,36104,1.08837209302,-0.154482758621,1983MM04,102.305190311
36105,A4,307900,36105,1.07009966777,-0.16,1983MM05,102.266089965
36106,A4,307900,36106,1.05182724252,-0.165517241379,1983MM06,102.226989619
36107,A4,307900,36107,1.03355481728,-0.171034482759,1983MM07,102.187889273
36108,A4,307900,36108,1.01528239203,-0.176551724138,1983MM08,102.148788927
36109,A4,307900,36109,0.997009966777,-0.182068965517,1983MM09,102.109688581
36110,A4,307900,36110,0.978737541528,-0.187586206897,1983MM10,102.070588235
36111,A4,307900,36111,0.960465116279,-0.193103448276,1983MM11,102.031487889
36112,A4,307900,36112,0.94219269103,-0.198620689655,1983MM12,101.992387543
36114,A4,307900,36114,0.923920265781,-0.204137931034,1984MM01,101.953287197
36115,A4,307900,36115,0.905647840532,-0.209655172414,1984MM02,101.914186851
36116,A4,307900,36116,0.887375415282,-0.215172413793,1984MM03,101.875086505
36117,A4,307900,36117,0.869102990033,-0.220689655172,1984MM04,101.835986159
36118,A4,307900,36118,0.850830564784,-0.226206896552,1984MM05,101.796885813
36119,A4,307900,36119,0.832558139535,-0.231724137931,1984MM06,101.757785467
36120,A4,307900,36120,0.814285714286,-0.23724137931,1984MM07,101.718685121
36121,A4,307900,36121,0.796013289037,-0.24275862069,1984MM08,101.679584775
36122,A4,307900,36122,0.777740863787,-0.248275862069,1984MM09,101.640484429
36123,A4,307900,36123,0.759468438538,-0.253793103448,1984MM10,101.601384083
36124,A4,307900,36124,0.741196013289,-0.259310344828,1984MM11,101.562283737
36125,A4,307900,36125,0.72292358804,-0.264827586207,1984MM12,101.523183391
36127,A4,307900,36127,0.704651162791,-0.270344827586,1985MM01,101.484083045
36128,A4,307900,36128,0.686378737542,-0.275862068966,1985MM02,101.444982699
36129,A4,307900,36129,0.668106312292,-0.281379310345,1985MM03,101.405882353
36130,A4,307900,36130,0.649833887043,-0.286896551724,1985MM04,101.366782007
36131,A4,307900,36131,0.631561461794,-0.292413793103,1985MM05,101.327681661
36132,A4,307900,36132,0.613289036545,-0.297931034483,1985MM06,101.288581315
36133,A4,307900,36133,0.595016611296,-0.303448275862,1985MM07,101.249480969
36134,A4,307900,36134,0.576744186047,-0.308965517241,1985MM08,101.210380623
36135,A4,307900,36135,0.558471760797,-0.314482758621,1985MM09,101.171280277
36136,A4,307900,36136,0.540199335548,-0.32,1985MM10,101.132179931
36137,A4,307900,36137,0.521926910299,-0.325517241379,1985MM11,101.093079585
36138,A4,307900,36138,0.50365448505,-0.331034482759,1985MM12,101.053979239
36140,A4,307900,36140,0.485382059801,-0.336551724138,1986MM01,101.014878893
36141,A4,307900,36141,0.467109634551,-0.342068965517,1986MM02,100.975778547
36142,A4,307900,36142,0.448837209302,-0.347586206897,1986MM03,100.936678201
36143,A4,307900,36143,0.430564784053,-0.353103448276,1986MM04,100.897577855
36144,A4,307900,36144,0.412292358804,-0.358620689655,1986MM05,100.858477509
36145,A4,307900,36145,0.394019933555,-0.364137931034,1986MM06,100.819377163
36146,A4,307900,36146,0.375747508306,-0.369655172414,1986MM07,100.780276817
36147,A4,307900,36147,0.357475083056,-0.375172413793,1986MM08,100.741176471
36148,A4,307900,36148,0.339202657807,-0.380689655172,1986MM09,100.702076125
36149,A4,307900,36149,0.320930232558,-0.386206896552,1986MM10,100.662975779
36150,A4,307900,36150,0.302657807309,-0.391724137931,1986MM11,100.623875433
36151,A4,307900,36151,0.28438538206,-0.39724137931,1986MM12,100.584775087
36153,A4,307900,36153,0.266112956811,-0.40275862069,1987MM01,100.54567474
36154,A4,307900,36154,0.247840531561,-0.408275862069,1987MM02,100.506574394
36155,A4,307900,36155,0.229568106312,-0.413793103448,1987MM03,100.467474048
36156,A4,307900,36156,0.211295681063,-0.419310344828,1987MM04,100.428373702
36157,A4,307900,36157,0.193023255814,-0.424827586207,1987MM05,100.389273356
36158,A4,307900,36158,0.174750830565,-0.430344827586,1987MM06,100.35017301
36159,A4,307900,36159,0.156478405316,-0.435862068966,1987MM07,100.311072664
36160,A4,307900,36160,0.138205980066,-0.441379310345,1987MM08,100.271972318
36161,A4,307900,36161,0.119933554817,-0.446896551724,1987MM09,100.232871972
36162,A4,307900,36162,0.101661129568,-0.452413793103,1987MM10,100.193771626
36163,A4,307900,36163,0.0833887043189,-0.457931034483,1987MM11,100.15467128
36164,A4,307900,36164,0.0651162790698,-0.463448275862,1987MM12,100.115570934
36166,A4,307900,36166,0.0468438538206,-0.468965517241,1988MM01,100.076470588
36167,A4,307900,36167,0.0285714285714,-0.474482758621,1988MM02,100.037370242
36168,A4,307900,36168,0.0102990033223,-0.48,1988MM03,99.9982698962
36169,A4,307900,36169,-0.00797342192691,-0.485517241379,1988MM04,99.9591695502
36170,A4,307900,36170,-0.0262458471761,-0.491034482759,1988MM05,99.9200692042
36171,A4,307900,36171,-0.0445182724252,-0.496551724138,1988MM06,99.8809688581
36172,A4,307900,36172,-0.0627906976744,-0.502068965517,1988MM07,99.8418685121
36173,A4,307900,36173,-0.0810631229236,-0.507586206897,1988MM08,99.8027681661
36174,A4,307900,36174,-0.0993355481728,-0.513103448276,1988MM09,99.7636678201
36175,A4,307900,36175,-0.117607973422,-0.518620689655,1988MM10,99.724567474
36176,A4,307900,36176,-0.135880398671,-0.524137931034,1988MM11,99.685467128
36177,A4,307900,36177,-0.15415282392,-0.529655172414,1988MM12,99.646366782
36179,A4,307900,36179,-0.172425249169,-0.535172413793,1989MM01,99.607266436
36180,A4,307900,36180,-0.190697674419,-0.540689655172,1989MM02,99.56816609
36181,A4,307900,36181,-0.208970099668,-0.546206896552,1989MM03,99.5290657439
36182,A4,307900,36182,-0.227242524917,-0.551724137931,1989MM04,99.4899653979
36183,A4,307900,36183,-0.245514950166,-0.55724137931,1989MM05,99.4508650519
36184,A4,307900,36184,-0.263787375415,-0.56275862069,1989MM06,99.4117647059
36185,A4,307900,36185,-0.282059800664,-0.568275862069,1989MM07,99.3726643599
36186,A4,307900,36186,-0.300332225914,-0.573793103448,1989MM08,99.3335640138
36187,A4,307900,36187,-0.318604651163,-0.579310344828,1989MM09,99.2944636678
36188,A4,307900,36188,-0.336877076412,-0.584827586207,1989MM10,99.2553633218
36189,A4,307900,36189,-0.355149501661,-0.590344827586,1989MM11,99.2162629758
36190,A4,307900,36190,-0.37342192691,-0.595862068966,1989MM12,99.1771626298
36192,A4,307900,36192,-0.391694352159,-0.601379310345,1990MM01,99.1380622837
36193,A4,307900,36193,-0.409966777409,-0.606896551724,1990MM02,99.0989619377
36194,A4,307900,36194,-0.428239202658,-0.612413793103,1990MM03,99.0598615917
36195,A4,307900,36195,-0.446511627907,-0.617931034483,1990MM04,99.0207612457
36196,A4,307900,36196,-0.464784053156,-0.623448275862,1990MM05,98.9816608997
36197,A4,307900,36197,-0.483056478405,-0.628965517241,1990MM06,98.9425605536
36198,A4,307900,36198,-0.501328903654,-0.634482758621,1990MM07,98.9034602076
36199,A4,307900,36199,-0.519601328904,-0.64,1990MM08,98.8643598616
36200,A4,307900,36200,-0.537873754153,-0.645517241379,1990MM09,98.8252595156
36201,A4,307900,36201,-0.556146179402,-0.651034482759,1990MM10,98.7861591696
36202,A4,307900,36202,-0.574418604651,-0.656551724138,1990MM11,98.7470588235
36203,A4,307900,36203,-0.5926910299,-0.662068965517,1990MM12,98.7079584775
36205,A4,307900,36205,-0.61096345515,-0.667586206897,1991MM01,98.6688581315
36206,A4,307900,36206,-0.629235880399,-0.673103448276,1991MM02,98.6297577855
36207,A4,307900,36207,-0.647508305648,-0.678620689655,1991MM03,98.5906574394
36208,A4,307900,36208,-0.665780730897,-0.684137931034,1991MM04,98.5515570934
36209,A4,307900,36209,-0.684053156146,-0.689655172414,1991MM05,98.5124567474
36210,A4,307900,36210,-0.702325581395,-0.695172413793,1991MM06,98.4733564014
36211,A4,307900,36211,-0.720598006645,-0.700689655172,1991MM07,98.4342560554
36212,A4,307900,36212,-0.738870431894,-0.706206896552,1991MM08,98.3951557093
36213,A4,307900,36213,-0.757142857143,-0.711724137931,1991MM09,98.3560553633
36214,A4,307900,36214,-0.775415282392,-0.71724137931,1991MM10,98.3169550173
36215,A4,307900,36215,-0.793687707641,-0.72275862069,1991MM11,98.2778546713
36216,A4,307900,36216,-0.81196013289,-0.728275862069,1991MM12,98.2387543253
36218,A4,307900,36218,-0.83023255814,-0.733793103448,1992MM01,98.1996539792
36219,A4,307900,36219,-0.848504983389,-0.739310344828,1992MM02,98.1605536332
36220,A4,307900,36220,-0.866777408638,-0.744827586207,1992MM03,98.1214532872
36221,A4,307900,36221,-0.885049833887,-0.750344827586,1992MM04,98.0823529412
36222,A4,307900,36222,-0.903322259136,-0.755862068966,1992MM05,98.0432525952
36223,A4,307900,36223,-0.921594684385,-0.761379310345,1992MM06,98.0041522491
36224,A4,307900,36224,-0.939867109635,-0.766896551724,1992MM07,97.9650519031
36225,A4,307900,36225,-0.958139534884,-0.772413793103,1992MM08,97.9259515571
36226,A4,307900,36226,-0.976411960133,-0.777931034483,1992MM09,97.8868512111
36227,A4,307900,36227,-0.994684385382,-0.783448275862,1992MM10,97.8477508651
36228,A4,307900,36228,-1.01295681063,-0.788965517241,1992MM11,97.808650519
36229,A4,307900,36229,-1.03122923588,-0.794482758621,1992MM12,97.769550173
36231,A4,307900,36231,-1.04950166113,-0.8,1993MM01,97.730449827
36232,A4,307900,36232,-1.06777408638,-0.805517241379,1993MM02,97.691349481
36233,A4,307900,36233,-1.08604651163,-0.811034482759,1993MM03,97.6522491349
36234,A4,307900,36234,-1.10431893688,-0.816551724138,1993MM04,97.6131487889
36235,A4,307900,36235,-1.12259136213,-0.822068965517,1993MM05,97.5740484429
36236,A4,307900,36236,-1.14086378738,-0.827586206897,1993MM06,97.5349480969
36237,A4,307900,36237,-1.15913621262,-0.833103448276,1993MM07,97.4958477509
36238,A4,307900,36238,-1.17740863787,-0.838620689655,1993MM08,97.4567474048
36239,A4,307900,36239,-1.19568106312,-0.844137931034,1993MM09,97.4176470588
36240,A4,307900,36240,-1.21395348837,-0.849655172414,1993MM10,97.3785467128
36241,A4,307900,36241,-1.23222591362,-0.855172413793,1993MM11,97.3394463668
36242,A4,307900,36242,-1.25049833887,-0.860689655172,1993MM12,97.3003460208
36244,A4,307900,36244,-1.26877076412,-0.866206896552,1994MM01,97.2612456747
36245,A4,307900,36245,-1.28704318937,-0.871724137931,1994MM02,97.2221453287
36246,A4,307900,36246,-1.30531561462,-0.87724137931,1994MM03,97.1830449827
36247,A4,307900,36247,-1.32358803987,-0.88275862069,1994MM04,97.1439446367
36248,A4,307900,36248,-1.34186046512,-0.888275862069,1994MM05,97.1048442907
36249,A4,307900,36249,-1.36013289037,-0.893793103448,1994MM06,97.0657439446
36250,A4,307900,36250,-1.37840531561,-0.899310344828,1994MM07,97.0266435986
36251,A4,307900,36251,-1.39667774086,-0.904827586207,1994MM08,96.9875432526
36252,A4,307900,36252,-1.41495016611,-0.910344827586,1994MM09,96.9484429066
36253,A4,307900,36253,-1.43322259136,-0.915862068966,1994MM10,96.9093425606
36254,A4,307900,36254,-1.45149501661,-0.921379310345,1994MM11,96.8702422145
36255,A4,307900,36255,-1.46976744186,-0.926896551724,1994MM12,96.8311418685
36257,A4,307900,36257,-1.48803986711,-0.932413793103,1995MM01,96.7920415225
36258,A4,307900,36258,-1.50631229236,-0.937931034483,1995MM02,96.7529411765
36259,A4,307900,36259,-1.52458471761,-0.943448275862,1995MM03,96.7138408304
36260,A4,307900,36260,-1.54285714286,-0.948965517241,1995MM04,96.6747404844
36261,A4,307900,36261,-1.56112956811,-0.954482758621,1995MM05,96.6356401384
36262,A4,307900,36262,-1.57940199336,-0.96,1995MM06,96.5965397924
36263,A4,307900,36263,-1.5976744186,-0.965517241379,1995MM07,96.5574394464
36264,A4,307900,36264,-1.61594684385,-0.971034482759,1995MM08,96.5183391003
36265,A4,307900,36265,-1.6342192691,-0.976551724138,1995MM09,96.4792387543
36266,A4,307900,36266,-1.65249169435,-0.982068965517,1995MM10,96.4401384083
36267,A4,307900,36267,-1.6707641196,-0.987586206897,1995MM11,96.4010380623
36268,A4,307900,36268,-1.68903654485,-0.993103448276,1995MM12,96.3619377163
36270,A4,307900,36270,-1.7073089701,-0.998620689655,1996MM01,96.3228373702
36271,A4,307900,36271,-1.72558139535,-1.00413793103,1996MM02,96.2837370242
36272,A4,307900,36272,-1.7438538206,-1.00965517241,1996MM03,96.2446366782
36273,A4,307900,36273,-1.76212624585,-1.01517241379,1996MM04,96.2055363322
36274,A4,307900,36274,-1.7803986711,-1.02068965517,1996MM05,96.1664359862
36275,A4,307900,36275,-1.79867109635,-1.02620689655,1996MM06,96.1273356401
36276,A4,307900,36276,-1.81694352159,-1.03172413793,1996MM07,96.0882352941
36277,A4,307900,36277,-1.83521594684,-1.03724137931,1996MM08,96.0491349481
36278,A4,307900,36278,-1.85348837209,-1.04275862069,1996MM09,96.0100346021
36279,A4,307900,36279,-1.87176079734,-1.04827586207,1996MM10,95.9709342561
36280,A4,307900,36280,-1.89003322259,-1.05379310345,1996MM11,95.93183391
36281,A4,307900,36281,-1.90830564784,-1.05931034483,1996MM12,95.892733564
36283,A4,307900,36283,-1.92657807309,-1.06482758621,1997MM01,95.853633218
36284,A4,307900,36284,-1.94485049834,-1.07034482759,1997MM02,95.814532872
36285,A4,307900,36285,-1.96312292359,-1.07586206897,1997MM03,95.775432526
36286,A4,307900,36286,-1.98139534884,-1.08137931034,1997MM04,95.7363321799
36287,A4,307900,36287,-1.99966777409,-1.08689655172,1997MM05,95.6972318339
36288,A4,307900,36288,-2.01794019934,-1.0924137931,1997MM06,95.6581314879
36289,A4,307900,36289,-2.03621262458,-1.09793103448,1997MM07,95.6190311419
36290,A4,307900,36290,-2.05448504983,-1.10344827586,1997MM08,95.5799307958
36291,A4,307900,36291,-2.07275747508,-1.10896551724,1997MM09,95.5408304498
36292,A4,307900,36292,-2.09102990033,-1.11448275862,1997MM10,95.5017301038
36293,A4,307900,36293,-2.10930232558,-1.12,1997MM11,95.4626297578
36294,A4,307900,36294,-2.12757475083,-1.12551724138,1997MM12,95.4235294118
36296,A4,307900,36296,-2.14584717608,-1.13103448276,1998MM01,95.3844290657
36297,A4,307900,36297,-2.16411960133,-1.13655172414,1998MM02,95.3453287197
36298,A4,307900,36298,-2.18239202658,-1.14206896552,1998MM03,95.3062283737
36299,A4,307900,36299,-2.20066445183,-1.1475862069,1998MM04,95.2671280277
36300,A4,307900,36300,-2.21893687708,-1.15310344828,1998MM05,95.2280276817
36301,A4,307900,36301,-2.23720930233,-1.15862068966,1998MM06,95.1889273356
36302,A4,307900,36302,-2.25548172757,-1.16413793103,1998MM07,95.1498269896
36303,A4,307900,36303,-2.27375415282,-1.16965517241,1998MM08,95.1107266436
36304,A4,307900,36304,-2.29202657807,-1.17517241379,1998MM09,95.0716262976
36305,A4,307900,36305,-2.31029900332,-1.18068965517,1998MM10,95.0325259516
36306,A4,307900,36306,-2.32857142857,-1.18620689655,1998MM11,94.9934256055
36307,A4,307900,36307,-2.34684385382,-1.19172413793,1998MM12,94.9543252595
36309,A4,307900,36309,-2.36511627907,-1.19724137931,1999MM01,94.9152249135
36310,A4,307900,36310,-2.38338870432,-1.20275862069,1999MM02,94.8761245675
36311,A4,307900,36311,-2.40166112957,-1.20827586207,1999MM03,94.8370242215
36312,A4,307900,36312,-2.41993355482,-1.21379310345,1999MM04,94.7979238754
36313,A4,307900,36313,-2.43820598007,-1.21931034483,1999MM05,94.7588235294
36314,A4,307900,36314,-2.45647840532,-1.22482758621,1999MM06,94.7197231834
36315,A4,307900,36315,-2.47475083056,-1.23034482759,1999MM07,94.6806228374
36316,A4,307900,36316,-2.49302325581,-1.23586206897,1999MM08,94.6415224913
36317,A4,307900,36317,-2.51129568106,-1.24137931034,1999MM09,94.6024221453
36318,A4,307900,36318,-2.52956810631,-1.24689655172,1999MM10,94.5633217993
36319,A4,307900,36319,-2.54784053156,-1.2524137931,1999MM11,94.5242214533
36320,A4,307900,36320,-2.56611295681,-1.25793103448,1999MM12,94.4851211073
36322,A4,307900,36322,-2.58438538206,-1.26344827586,2000MM01,94.4460207612
36323,A4,307900,36323,-2.60265780731,-1.26896551724,2000MM02,94.4069204152
36324,A4,307900,36324,-2.62093023256,-1.27448275862,2000MM03,94.3678200692
36325,A4,307900,36325,-2.63920265781,-1.28,2000MM04,94.3287197232
36326,A4,307900,36326,-2.65747508306,-1.28551724138,2000MM05,94.2896193772
36327,A4,307900,36327,-2.67574750831,-1.29103448276,2000MM06,94.2505190311
36328,A4,307900,36328,-2.69401993355,-1.29655172414,2000MM07,94.2114186851
36329,A4,307900,36329,-2.7122923588,-1.30206896552,2000MM08,94.1723183391
36330,A4,307900,36330,-2.73056478405,-1.3075862069,2000MM09,94.1332179931
36331,A4,307900,36331,-2.7488372093,-1.31310344828,2000MM10,94.0941176471
36332,A4,307900,36332,-2.76710963455,-1.31862068966,2000MM11,94.055017301
36333,A4,307900,36333,-2.7853820598,-1.32413793103,2000MM12,94.015916955
36335,A4,307900,36335,-2.80365448505,-1.32965517241,2001MM01,93.976816609
36336,A4,307900,36336,-2.8219269103,-1.33517241379,2001MM02,93.937716263
36337,A4,307900,36337,-2.84019933555,-1.34068965517,2001MM03,93.898615917
36338,A4,307900,36338,-2.8584717608,-1.34620689655,2001MM04,93.8595155709
36339,A4,307900,36339,-2.87674418605,-1.35172413793,2001MM05,93.8204152249
36340,A4,307900,36340,-2.8950166113,-1.35724137931,2001MM06,93.7813148789
36341,A4,307900,36341,-2.91328903654,-1.36275862069,2001MM07,93.7422145329
36342,A4,307900,36342,-2.93156146179,-1.36827586207,2001MM08,93.7031141869
36343,A4,307900,36343,-2.94983388704,-1.37379310345,2001MM09,93.6640138408
36344,A4,307900,36344,-2.96810631229,-1.37931034483,2001MM10,93.6249134948
36345,A4,307900,36345,-2.98637873754,-1.38482758621,2001MM11,93.5858131488
36346,A4,307900,36346,-3.00465116279,-1.39034482759,2001MM12,93.5467128028
36348,A4,307900,36348,-3.02292358804,-1.39586206897,2002MM01,93.5076124567
36349,A4,307900,36349,-3.04119601329,-1.40137931034,2002MM02,93.4685121107
36350,A4,307900,36350,-3.05946843854,-1.40689655172,2002MM03,93.4294117647
36351,A4,307900,36351,-3.07774086379,-1.4124137931,2002MM04,93.3903114187
36352,A4,307900,36352,-3.09601328904,-1.41793103448,2002MM05,93.3512110727
36353,A4,307900,36353,-3.11428571429,-1.42344827586,2002MM06,93.3121107266
36354,A4,307900,36354,-3.13255813953,-1.42896551724,2002MM07,93.2730103806
36355,A4,307900,36355,-3.15083056478,-1.43448275862,2002MM08,93.2339100346
36356,A4,307900,36356,-3.16910299003,-1.44,2002MM09,93.1948096886
36357,A4,307900,36357,-3.18737541528,-1.44551724138,2002MM10,93.1557093426
36358,A4,307900,36358,-3.20564784053,-1.45103448276,2002MM11,93.1166089965
36359,A4,307900,36359,-3.22392026578,-1.45655172414,2002MM12,93.0775086505
36361,A4,307900,36361,-3.24219269103,-1.46206896552,2003MM01,93.0384083045
36362,A4,307900,36362,-3.26046511628,-1.4675862069,2003MM02,92.9993079585
36363,A4,307900,36363,-3.27873754153,-1.47310344828,2003MM03,92.9602076125
36364,A4,307900,36364,-3.29700996678,-1.47862068966,2003MM04,92.9211072664
36365,A4,307900,36365,-3.31528239203,-1.48413793103,2003MM05,92.8820069204
36366,A4,307900,36366,-3.33355481728,-1.48965517241,2003MM06,92.8429065744
36367,A4,307900,36367,-3.35182724252,-1.49517241379,2003MM07,92.8038062284
36368,A4,307900,36368,-3.37009966777,-1.50068965517,2003MM08,92.7647058824
36369,A4,307900,36369,-3.38837209302,-1.50620689655,2003MM09,92.7256055363
36370,A4,307900,36370,-3.40664451827,-1.51172413793,2003MM10,92.6865051903
36371,A4,307900,36371,-3.42491694352,-1.51724137931,2003MM11,92.6474048443
36372,A4,307900,36372,-3.44318936877,-1.52275862069,2003MM12,92.6083044983
36374,A4,307900,36374,-3.46146179402,-1.52827586207,2004MM01,92.5692041522
36375,A4,307900,36375,-3.47973421927,-1.53379310345,2004MM02,92.5301038062
36376,A4,307900,36376,-3.49800664452,-1.53931034483,2004MM03,92.4910034602
36377,A4,307900,36377,-3.51627906977,-1.54482758621,2004MM04,92.4519031142
36378,A4,307900,36378,-3.53455149502,-1.55034482759,2004MM05,92.4128027682
36379,A4,307900,36379,-3.55282392027,-1.55586206897,2004MM06,92.3737024221
36380,A4,307900,36380,-3.57109634551,-1.56137931034,2004MM07,92.3346020761
36381,A4,307900,36381,-3.58936877076,-1.56689655172,2004MM08,92.2955017301
36382,A4,307900,36382,-3.60764119601,-1.5724137931,2004MM09,92.2564013841
36383,A4,307900,36383,-3.62591362126,-1.57793103448,2004MM10,92.2173010381
36384,A4,307900,36384,-3.64418604651,-1.58344827586,2004MM11,92.178200692
36385,A4,307900,36385,-3.66245847176,-1.58896551724,2004MM12,92.139100346
36387,A4,307900,36387,-3.68073089701,-1.59448275862,2005MM01,92.1
36388,A4,307900,36388,-3.69900332226,-1.6,2005MM02,90.6
36389,A4,307900,36389,-3.71727574751,0.6,2005MM03,91.1
36390,A4,307900,36390,-3.73554817276,1.9,2005MM04,92.8
36391,A4,307900,36391,-3.75382059801,1.3,2005MM05,94.0
36392,A4,307900,36392,-3.77209302326,2.0,2005MM06,95.9
36393,A4,307900,36393,-3.7903654485,1.1,2005MM07,96.9
36394,A4,307900,36394,-3.80863787375,0.3,2005MM08,97.2
36395,A4,307900,36395,-3.826910299,-1.8,2005MM09,95.5
36396,A4,307900,36396,-3.84518272425,-2.2,2005MM10,93.4
36397,A4,307900,36397,-3.8634551495,-1.6,2005MM11,91.8
36398,A4,307900,36398,-3.88172757475,-1.5,2005MM12,90.5
36400,A4,307900,36400,-3.9,-2.1,2006MM01,88.5
36401,A4,307900,36401,-4.3,-2.1,2006MM02,86.7
36402,A4,307900,36402,-6.1,-1.3,2006MM03,85.6
36403,A4,307900,36403,-8.7,-1.0,2006MM04,84.8
36404,A4,307900,36404,-8.5,1.6,2006MM05,86.1
36405,A4,307900,36405,-7.1,3.5,2006MM06,89.1
36406,A4,307900,36406,-7.5,0.6,2006MM07,89.7
36407,A4,307900,36407,-7.4,0.3,2006MM08,90.0
36408,A4,307900,36408,-6.1,-0.4,2006MM09,89.6
36409,A4,307900,36409,-3.4,0.6,2006MM10,90.2
36410,A4,307900,36410,-1.7,0.1,2006MM11,90.3
36411,A4,307900,36411,0.3,0.5,2006MM12,90.8
36413,A4,307900,36413,3.6,1.1,2007MM01,91.7
36414,A4,307900,36414,7.4,1.6,2007MM02,93.2
36415,A4,307900,36415,10.1,1.2,2007MM03,94.2
36416,A4,307900,36416,15.4,3.7,2007MM04,97.8
36417,A4,307900,36417,17.0,3.1,2007MM05,100.8
36418,A4,307900,36418,15.6,2.3,2007MM06,103.1
36419,A4,307900,36419,15.1,0.1,2007MM07,103.2
36420,A4,307900,36420,14.1,-0.6,2007MM08,102.6
36421,A4,307900,36421,15.2,0.6,2007MM09,103.2
36422,A4,307900,36422,15.2,0.7,2007MM10,103.9
36423,A4,307900,36423,14.4,-0.6,2007MM11,103.3
36424,A4,307900,36424,13.3,-0.5,2007MM12,102.8
36426,A4,307900,36426,12.9,0.7,2008MM01,103.6
36427,A4,307900,36427,10.6,-0.5,2008MM02,103.1
36428,A4,307900,36428,9.4,0.1,2008MM03,103.1
36429,A4,307900,36429,7.2,1.6,2008MM04,104.8
36430,A4,307900,36430,3.8,-0.2,2008MM05,104.6
36431,A4,307900,36431,2.6,1.1,2008MM06,105.8
36432,A4,307900,36432,2.5,0.0,2008MM07,105.8
36433,A4,307900,36433,2.0,-1.0,2008MM08,104.7
36434,A4,307900,36434,2.3,0.9,2008MM09,105.6
36435,A4,307900,36435,1.4,-0.2,2008MM10,105.4
36436,A4,307900,36436,0.7,-1.3,2008MM11,104.0
36437,A4,307900,36437,0.0,-1.1,2008MM12,102.8
36439,A4,307900,36439,-0.3,0.4,2009MM01,103.3
36440,A4,307900,36440,-0.1,-0.3,2009MM02,103.0
36441,A4,307900,36441,0.9,1.1,2009MM03,104.1
36442,A4,307900,36442,-0.6,0.1,2009MM04,104.2
36443,A4,307900,36443,0.1,0.5,2009MM05,104.7
36444,A4,307900,36444,-0.9,0.1,2009MM06,104.8
36445,A4,307900,36445,-0.8,0.1,2009MM07,104.9
36446,A4,307900,36446,-0.3,-0.5,2009MM08,104.3
36447,A4,307900,36447,-2.2,-1.0,2009MM09,103.3
36448,A4,307900,36448,-4.2,-2.2,2009MM10,101.0
36449,A4,307900,36449,-6.2,-3.4,2009MM11,97.5
36450,A4,307900,36450,-5.5,-0.4,2009MM12,97.1
36452,A4,307900,36452,-5.6,0.4,2010MM01,97.5
36453,A4,307900,36453,-5.7,-0.4,2010MM02,97.2
36454,A4,307900,36454,-5.3,1.5,2010MM03,98.6
36455,A4,307900,36455,-5.1,0.3,2010MM04,98.9
36456,A4,307900,36456,-4.6,0.9,2010MM05,99.8
36457,A4,307900,36457,-4.0,0.7,2010MM06,100.6
36458,A4,307900,36458,-3.3,0.9,2010MM07,101.5
36459,A4,307900,36459,-2.5,0.3,2010MM08,101.7
36460,A4,307900,36460,-1.4,0.1,2010MM09,101.8
36461,A4,307900,36461,-0.3,-1.2,2010MM10,100.7
36462,A4,307900,36462,3.2,-0.1,2010MM11,100.6
36463,A4,307900,36463,4.1,0.5,2010MM12,101.1
36465,A4,307900,36465,5.1,1.5,2011MM01,102.5
36466,A4,307900,36466,5.8,0.2,2011MM02,102.7
36467,A4,307900,36467,5.6,1.3,2011MM03,104.1
36468,A4,307900,36468,7.7,2.3,2011MM04,106.5
36469,A4,307900,36469,7.5,0.8,2011MM05,107.3
36470,A4,307900,36470,5.8,-0.9,2011MM06,106.4
36471,A4,307900,36471,4.5,-0.3,2011MM07,106.0
36472,A4,307900,36472,4.3,0.1,2011MM08,106.1
36473,A4,307900,36473,5.5,1.2,2011MM09,107.4
36474,A4,307900,36474,7.4,0.6,2011MM10,108.1
36475,A4,307900,36475,7.8,0.3,2011MM11,108.4
36476,A4,307900,36476,6.7,-0.6,2011MM12,107.8
36478,A4,307900,36478,5.8,0.6,2012MM01,108.5
36479,A4,307900,36479,6.4,0.8,2012MM02,109.3
36480,A4,307900,36480,6.4,1.3,2012MM03,110.8
36481,A4,307900,36481,6.7,2.6,2012MM04,113.6
36482,A4,307900,36482,7.2,1.3,2012MM05,115.1
36483,A4,307900,36483,8.9,0.7,2012MM06,115.9
36484,A4,307900,36484,9.4,0.1,2012MM07,116.0
36485,A4,307900,36485,9.3,-0.1,2012MM08,116.0
36486,A4,307900,36486,9.6,1.5,2012MM09,117.7
36487,A4,307900,36487,10.2,1.1,2012MM10,119.0
36488,A4,307900,36488,10.3,0.4,2012MM11,119.5
36489,A4,307900,36489,8.7,-1.9,2012MM12,117.2
36491,A4,307900,36491,9.3,1.1,2013MM01,118.5
36492,A4,307900,36492,8.5,0.1,2013MM02,118.6
36493,A4,307900,36493,6.7,-0.4,2013MM03,118.1
36494,A4,307900,36494,3.5,-0.4,2013MM04,117.7
36495,A4,307900,36495,2.1,-0.2,2013MM05,117.5
36496,A4,307900,36496,1.5,0.1,2013MM06,117.6
36497,A4,307900,36497,0.1,-1.3,2013MM07,116.1
36498,A4,307900,36498,-1.3,-1.4,2013MM08,114.5
36499,A4,307900,36499,-3.0,-0.3,2013MM09,114.1
36500,A4,307900,36500,-5.9,-1.9,2013MM10,112.0
36501,A4,307900,36501,-8.0,-1.8,2013MM11,109.9
36502,A4,307900,36502,-8.0,-2.0,2013MM12,107.8
36504,A4,307900,36504,-9.0,0.1,2014MM01,107.9
36505,A4,307900,36505,-8.8,0.3,2014MM02,108.2
36506,A4,307900,36506,-7.8,0.6,2014MM03,108.9
36507,A4,307900,36507,-6.7,0.8,2014MM04,109.7
36508,A4,307900,36508,-6.4,0.2,2014MM05,109.9
36509,A4,307900,36509,-7.1,-0.7,2014MM06,109.2
36510,A4,307900,36510,-5.0,1.0,2014MM07,110.3
36511,A4,307900,36511,-4.5,-0.9,2014MM08,109.3
36512,A4,307900,36512,-5.2,-1.0,2014MM09,108.2
36513,A4,307900,36513,-4.4,-1.1,2014MM10,107.1
36514,A4,307900,36514,-3.4,-0.8,2014MM11,106.2
36515,A4,307900,36515,-2.8,-1.4,2014MM12,104.7
36517,A4,307900,36517,-3.3,-0.4,2015MM01,104.3
36518,A4,307900,36518,-4.1,-0.5,2015MM02,103.7
36519,A4,307900,36519,-4.3,0.5,2015MM03,104.2
36520,A4,307900,36520,-4.2,0.8,2015MM04,105.1
36521,A4,307900,36521,-4.4,0.1,2015MM05,105.2
36522,A4,307900,36522,-3.8,-0.1,2015MM06,105.0
36523,A4,307900,36523,-4.6,0.2,2015MM07,105.2
36524,A4,307900,36524,-3.8,-0.1,2015MM08,105.1
36525,A4,307900,36525,-4.2,-1.3,2015MM09,103.7
36526,A4,307900,36526,-4.8,-1.7,2015MM10,102.0
36527,A4,307900,36527,-4.4,-0.4,2015MM11,101.6
36528,A4,307900,36528,-2.5,0.6,2015MM12,102.1
36530,A4,307900,36530,-2.4,-0.4,2016MM01,101.8
36531,A4,307900,36531,-1.1,0.9,2016MM02,102.6
36532,A4,307900,36532,-1.7,-0.1,2016MM03,102.5
36533,A4,307900,36533,-2.3,0.2,2016MM04,102.7
36534,A4,307900,36534,-1.9,0.4,2016MM05,103.1
36535,A4,307900,36535,-1.6,0.3,2016MM06,103.4
36536,A4,307900,36536,-0.9,0.8,2016MM07,104.2
36537,A4,307900,36537,-1.0,-0.1,2016MM08,104.1
36538,A4,307900,36538,-0.1,-0.4,2016MM09,103.7
36539,A4,307900,36539,1.8,0.1,2016MM10,103.8
36540,A4,307900,36540,1.8,-0.4,2016MM11,103.3
36541,A4,307900,36541,0.8,-0.4,2016MM12,102.9
36543,A4,307900,36543,0.2,-0.9,2017MM01,102.0
36544,A4,307900,36544,0.0,0.6,2017MM02,102.6
36545,A4,307900,36545,-0.2,-0.3,2017MM03,102.3
36546,A4,307900,36546,-0.5,-0.2,2017MM04,102.1
36547,A4,307900,36547,-0.2,0.8,2017MM05,102.9
36548,A4,307900,36548,0.3,0.8,2017MM06,103.7
36549,A4,307900,36549,-1.3,-0.8,2017MM07,102.9
36550,A4,307900,36550,-1.4,-0.3,2017MM08,102.6
36551,A4,307900,36551,0.1,1.1,2017MM09,103.7
36552,A4,307900,36552,-0.9,-0.8,2017MM10,102.9
36553,A4,307900,36553,-0.8,-0.4,2017MM11,102.5
36554,A4,307900,36554,0.3,0.7,2017MM12,103.2
