,Afzet,BedrijfstakkenBranchesSBI2008,ID,OntwikkelingTOV1JaarEerder_2,OntwikkelingTOV1MaandEerder_3,Perioden,ProducentenprijsindexPPI_1
4160,A6,307900,4160,,,2005MM01,91.5
4161,A6,307900,4161,,-0.5,2005MM02,91.1
4162,A6,307900,4162,,0.9,2005MM03,91.9
4163,A6,307900,4163,,1.7,2005MM04,93.4
4164,A6,307900,4164,,1.8,2005MM05,95.1
4165,A6,307900,4165,,2.1,2005MM06,97.1
4166,A6,307900,4166,,0.9,2005MM07,98.0
4167,A6,307900,4167,,0.2,2005MM08,98.2
4168,A6,307900,4168,,-1.5,2005MM09,96.7
4169,A6,307900,4169,,-2.0,2005MM10,94.7
4170,A6,307900,4170,,-3.0,2005MM11,91.9
4171,A6,307900,4171,,-2.5,2005MM12,89.6
4173,A6,307900,4173,-3.6,-1.6,2006MM01,88.2
4174,A6,307900,4174,-4.5,-1.4,2006MM02,87.0
4175,A6,307900,4175,-7.1,-1.8,2006MM03,85.4
4176,A6,307900,4176,-9.6,-1.1,2006MM04,84.4
4177,A6,307900,4177,-9.3,2.2,2006MM05,86.3
4178,A6,307900,4178,-8.2,3.3,2006MM06,89.2
4179,A6,307900,4179,-8.2,0.9,2006MM07,89.9
4180,A6,307900,4180,-8.1,0.4,2006MM08,90.3
4181,A6,307900,4181,-7.1,-0.4,2006MM09,89.9
4182,A6,307900,4182,-4.8,0.3,2006MM10,90.2
4183,A6,307900,4183,-1.9,-0.1,2006MM11,90.1
4184,A6,307900,4184,1.5,0.9,2006MM12,91.0
4186,A6,307900,4186,4.0,0.9,2007MM01,91.8
4187,A6,307900,4187,6.9,1.3,2007MM02,93.0
4188,A6,307900,4188,10.2,1.2,2007MM03,94.1
4189,A6,307900,4189,15.7,3.8,2007MM04,97.7
4190,A6,307900,4190,18.0,4.3,2007MM05,101.8
4191,A6,307900,4191,16.9,2.4,2007MM06,104.2
4192,A6,307900,4192,15.0,-0.7,2007MM07,103.5
4193,A6,307900,4193,14.1,-0.4,2007MM08,103.0
4194,A6,307900,4194,15.5,0.8,2007MM09,103.8
4195,A6,307900,4195,15.5,0.3,2007MM10,104.1
4196,A6,307900,4196,14.6,-0.9,2007MM11,103.2
4197,A6,307900,4197,12.8,-0.6,2007MM12,102.6
4199,A6,307900,4199,12.1,0.2,2008MM01,102.9
4200,A6,307900,4200,10.3,-0.3,2008MM02,102.5
4201,A6,307900,4201,8.8,-0.2,2008MM03,102.4
4202,A6,307900,4202,6.8,1.9,2008MM04,104.3
4203,A6,307900,4203,2.7,0.3,2008MM05,104.6
4204,A6,307900,4204,1.3,1.0,2008MM06,105.6
4205,A6,307900,4205,2.0,-0.1,2008MM07,105.5
4206,A6,307900,4206,1.5,-0.9,2008MM08,104.6
4207,A6,307900,4207,1.3,0.6,2008MM09,105.2
4208,A6,307900,4208,1.2,0.2,2008MM10,105.4
4209,A6,307900,4209,-0.1,-2.1,2008MM11,103.2
4210,A6,307900,4210,-0.8,-1.3,2008MM12,101.8
4212,A6,307900,4212,-0.9,0.1,2009MM01,101.9
4213,A6,307900,4213,-0.3,0.3,2009MM02,102.2
4214,A6,307900,4214,-0.1,0.1,2009MM03,102.3
4215,A6,307900,4215,-1.4,0.5,2009MM04,102.8
4216,A6,307900,4216,-0.8,0.9,2009MM05,103.7
4217,A6,307900,4217,-1.7,0.1,2009MM06,103.8
4218,A6,307900,4218,-1.7,-0.1,2009MM07,103.7
4219,A6,307900,4219,-1.3,-0.5,2009MM08,103.2
4220,A6,307900,4220,-3.1,-1.3,2009MM09,101.9
4221,A6,307900,4221,-5.8,-2.6,2009MM10,99.3
4222,A6,307900,4222,-6.5,-2.9,2009MM11,96.4
4223,A6,307900,4223,-5.6,-0.4,2009MM12,96.1
4225,A6,307900,4225,-4.6,1.2,2010MM01,97.3
4226,A6,307900,4226,-5.4,-0.6,2010MM02,96.7
4227,A6,307900,4227,-4.2,1.4,2010MM03,98.0
4228,A6,307900,4228,-3.8,0.9,2010MM04,98.9
4229,A6,307900,4229,-3.6,1.1,2010MM05,100.0
4230,A6,307900,4230,-2.5,1.2,2010MM06,101.2
4231,A6,307900,4231,-1.6,0.9,2010MM07,102.1
4232,A6,307900,4232,-0.9,0.2,2010MM08,102.3
4233,A6,307900,4233,0.5,0.1,2010MM09,102.4
4234,A6,307900,4234,1.1,-2.0,2010MM10,100.3
4235,A6,307900,4235,4.1,0.1,2010MM11,100.4
4236,A6,307900,4236,4.4,-0.1,2010MM12,100.3
4238,A6,307900,4238,4.3,1.1,2011MM01,101.5
4239,A6,307900,4239,5.0,0.1,2011MM02,101.5
4240,A6,307900,4240,5.1,1.5,2011MM03,103.0
4241,A6,307900,4241,6.6,2.3,2011MM04,105.4
4242,A6,307900,4242,6.2,0.8,2011MM05,106.2
4243,A6,307900,4243,4.2,-0.7,2011MM06,105.5
4244,A6,307900,4244,2.9,-0.4,2011MM07,105.0
4245,A6,307900,4245,3.0,0.3,2011MM08,105.3
4246,A6,307900,4246,4.1,1.3,2011MM09,106.7
4247,A6,307900,4247,6.4,0.1,2011MM10,106.8
4248,A6,307900,4248,6.7,0.3,2011MM11,107.1
4249,A6,307900,4249,5.9,-0.9,2011MM12,106.2
4251,A6,307900,4251,4.9,0.3,2012MM01,106.5
4252,A6,307900,4252,5.1,0.3,2012MM02,106.7
4253,A6,307900,4253,4.6,0.9,2012MM03,107.8
4254,A6,307900,4254,4.2,2.0,2012MM04,109.9
4255,A6,307900,4255,4.2,0.8,2012MM05,110.7
4256,A6,307900,4256,5.7,0.7,2012MM06,111.5
4257,A6,307900,4257,6.4,0.3,2012MM07,111.7
4258,A6,307900,4258,6.3,0.2,2012MM08,112.0
4259,A6,307900,4259,6.1,1.1,2012MM09,113.1
4260,A6,307900,4260,7.0,1.0,2012MM10,114.3
4261,A6,307900,4261,6.6,-0.1,2012MM11,114.2
4262,A6,307900,4262,6.2,-1.2,2012MM12,112.7
4264,A6,307900,4264,5.8,-0.1,2013MM01,112.7
4265,A6,307900,4265,5.6,0.1,2013MM02,112.8
4266,A6,307900,4266,4.7,0.0,2013MM03,112.8
4267,A6,307900,4267,2.5,-0.2,2013MM04,112.6
4268,A6,307900,4268,1.8,0.1,2013MM05,112.8
4269,A6,307900,4269,1.2,0.1,2013MM06,112.8
4270,A6,307900,4270,0.7,-0.2,2013MM07,112.6
4271,A6,307900,4271,-0.2,-0.7,2013MM08,111.8
4272,A6,307900,4272,-1.3,-0.1,2013MM09,111.7
4273,A6,307900,4273,-4.2,-1.9,2013MM10,109.5
4274,A6,307900,4274,-5.2,-1.2,2013MM11,108.3
4275,A6,307900,4275,-5.1,-1.2,2013MM12,107.0
4277,A6,307900,4277,-4.9,0.2,2014MM01,107.2
4278,A6,307900,4278,-4.6,0.4,2014MM02,107.6
4279,A6,307900,4279,-4.0,0.7,2014MM03,108.3
4280,A6,307900,4280,-2.8,1.1,2014MM04,109.5
4281,A6,307900,4281,-2.8,0.1,2014MM05,109.6
4282,A6,307900,4282,-2.8,0.0,2014MM06,109.7
4283,A6,307900,4283,-2.2,0.4,2014MM07,110.1
4284,A6,307900,4284,-2.5,-1.0,2014MM08,109.0
4285,A6,307900,4285,-3.2,-0.8,2014MM09,108.1
4286,A6,307900,4286,-2.2,-0.9,2014MM10,107.1
4287,A6,307900,4287,-1.7,-0.7,2014MM11,106.4
4288,A6,307900,4288,-1.9,-1.3,2014MM12,105.0
4290,A6,307900,4290,-1.9,0.1,2015MM01,105.1
4291,A6,307900,4291,-2.4,-0.2,2015MM02,105.0
4292,A6,307900,4292,-2.3,0.8,2015MM03,105.8
4293,A6,307900,4293,-3.0,0.3,2015MM04,106.2
4294,A6,307900,4294,-3.0,0.1,2015MM05,106.3
4295,A6,307900,4295,-2.3,0.7,2015MM06,107.1
4296,A6,307900,4296,-2.8,-0.1,2015MM07,107.0
4297,A6,307900,4297,-2.6,-0.7,2015MM08,106.2
4298,A6,307900,4298,-2.5,-0.7,2015MM09,105.4
4299,A6,307900,4299,-3.2,-1.6,2015MM10,103.7
4300,A6,307900,4300,-2.6,-0.1,2015MM11,103.6
4301,A6,307900,4301,-1.3,0.0,2015MM12,103.7
4303,A6,307900,4303,-2.5,-1.1,2016MM01,102.5
4304,A6,307900,4304,-2.5,-0.1,2016MM02,102.4
4305,A6,307900,4305,-3.3,-0.1,2016MM03,102.3
4306,A6,307900,4306,-3.4,0.2,2016MM04,102.5
4307,A6,307900,4307,-3.0,0.6,2016MM05,103.1
4308,A6,307900,4308,-3.2,0.5,2016MM06,103.6
4309,A6,307900,4309,-3.2,-0.1,2016MM07,103.5
4310,A6,307900,4310,-2.7,-0.2,2016MM08,103.3
4311,A6,307900,4311,-2.4,-0.4,2016MM09,102.9
4312,A6,307900,4312,-1.3,-0.6,2016MM10,102.3
4313,A6,307900,4313,-1.1,0.2,2016MM11,102.5
4314,A6,307900,4314,-1.7,-0.6,2016MM12,101.9
4316,A6,307900,4316,-1.0,-0.4,2017MM01,101.5
4317,A6,307900,4317,-0.7,0.1,2017MM02,101.6
4318,A6,307900,4318,-0.6,0.0,2017MM03,101.7
4319,A6,307900,4319,-0.2,0.6,2017MM04,102.3
4320,A6,307900,4320,0.0,0.8,2017MM05,103.1
4321,A6,307900,4321,-0.3,0.2,2017MM06,103.3
4322,A6,307900,4322,-0.3,-0.1,2017MM07,103.2
4323,A6,307900,4323,-0.2,-0.2,2017MM08,103.0
4324,A6,307900,4324,0.8,0.7,2017MM09,103.8
4325,A6,307900,4325,1.0,-0.4,2017MM10,103.3
4326,A6,307900,4326,0.9,0.1,2017MM11,103.5
4327,A6,307900,4327,1.6,0.0,2017MM12,103.4
