,Afzet,BedrijfstakkenBranchesSBI2008,ID,OntwikkelingTOV1JaarEerder_2,OntwikkelingTOV1MaandEerder_3,Perioden,ProducentenprijsindexPPI_1
68302,A5,307900,68302,0.287707641196,0.699655172414,1981MM01,103.157785467
68303,A5,307900,68303,0.275415282392,0.699310344828,1981MM02,103.115570934
68304,A5,307900,68304,0.263122923588,0.698965517241,1981MM03,103.073356401
68305,A5,307900,68305,0.250830564784,0.698620689655,1981MM04,103.031141869
68306,A5,307900,68306,0.23853820598,0.698275862069,1981MM05,102.988927336
68307,A5,307900,68307,0.226245847176,0.697931034483,1981MM06,102.946712803
68308,A5,307900,68308,0.213953488372,0.697586206897,1981MM07,102.90449827
68309,A5,307900,68309,0.201661129568,0.69724137931,1981MM08,102.862283737
68310,A5,307900,68310,0.189368770764,0.696896551724,1981MM09,102.820069204
68311,A5,307900,68311,0.17707641196,0.696551724138,1981MM10,102.777854671
68312,A5,307900,68312,0.164784053156,0.696206896552,1981MM11,102.735640138
68313,A5,307900,68313,0.152491694352,0.695862068966,1981MM12,102.693425606
68315,A5,307900,68315,0.140199335548,0.695517241379,1982MM01,102.651211073
68316,A5,307900,68316,0.127906976744,0.695172413793,1982MM02,102.60899654
68317,A5,307900,68317,0.11561461794,0.694827586207,1982MM03,102.566782007
68318,A5,307900,68318,0.103322259136,0.694482758621,1982MM04,102.524567474
68319,A5,307900,68319,0.0910299003322,0.694137931034,1982MM05,102.482352941
68320,A5,307900,68320,0.0787375415282,0.693793103448,1982MM06,102.440138408
68321,A5,307900,68321,0.0664451827243,0.693448275862,1982MM07,102.397923875
68322,A5,307900,68322,0.0541528239203,0.693103448276,1982MM08,102.355709343
68323,A5,307900,68323,0.0418604651163,0.69275862069,1982MM09,102.31349481
68324,A5,307900,68324,0.0295681063123,0.692413793103,1982MM10,102.271280277
68325,A5,307900,68325,0.0172757475083,0.692068965517,1982MM11,102.229065744
68326,A5,307900,68326,0.00498338870432,0.691724137931,1982MM12,102.186851211
68328,A5,307900,68328,-0.00730897009967,0.691379310345,1983MM01,102.144636678
68329,A5,307900,68329,-0.0196013289037,0.691034482759,1983MM02,102.102422145
68330,A5,307900,68330,-0.0318936877076,0.690689655172,1983MM03,102.060207612
68331,A5,307900,68331,-0.0441860465116,0.690344827586,1983MM04,102.01799308
68332,A5,307900,68332,-0.0564784053156,0.69,1983MM05,101.975778547
68333,A5,307900,68333,-0.0687707641196,0.689655172414,1983MM06,101.933564014
68334,A5,307900,68334,-0.0810631229236,0.689310344828,1983MM07,101.891349481
68335,A5,307900,68335,-0.0933554817276,0.688965517241,1983MM08,101.849134948
68336,A5,307900,68336,-0.105647840532,0.688620689655,1983MM09,101.806920415
68337,A5,307900,68337,-0.117940199336,0.688275862069,1983MM10,101.764705882
68338,A5,307900,68338,-0.13023255814,0.687931034483,1983MM11,101.722491349
68339,A5,307900,68339,-0.142524916944,0.687586206897,1983MM12,101.680276817
68341,A5,307900,68341,-0.154817275748,0.68724137931,1984MM01,101.638062284
68342,A5,307900,68342,-0.167109634551,0.686896551724,1984MM02,101.595847751
68343,A5,307900,68343,-0.179401993355,0.686551724138,1984MM03,101.553633218
68344,A5,307900,68344,-0.191694352159,0.686206896552,1984MM04,101.511418685
68345,A5,307900,68345,-0.203986710963,0.685862068966,1984MM05,101.469204152
68346,A5,307900,68346,-0.216279069767,0.685517241379,1984MM06,101.426989619
68347,A5,307900,68347,-0.228571428571,0.685172413793,1984MM07,101.384775087
68348,A5,307900,68348,-0.240863787375,0.684827586207,1984MM08,101.342560554
68349,A5,307900,68349,-0.253156146179,0.684482758621,1984MM09,101.300346021
68350,A5,307900,68350,-0.265448504983,0.684137931034,1984MM10,101.258131488
68351,A5,307900,68351,-0.277740863787,0.683793103448,1984MM11,101.215916955
68352,A5,307900,68352,-0.290033222591,0.683448275862,1984MM12,101.173702422
68354,A5,307900,68354,-0.302325581395,0.683103448276,1985MM01,101.131487889
68355,A5,307900,68355,-0.314617940199,0.68275862069,1985MM02,101.089273356
68356,A5,307900,68356,-0.326910299003,0.682413793103,1985MM03,101.047058824
68357,A5,307900,68357,-0.339202657807,0.682068965517,1985MM04,101.004844291
68358,A5,307900,68358,-0.351495016611,0.681724137931,1985MM05,100.962629758
68359,A5,307900,68359,-0.363787375415,0.681379310345,1985MM06,100.920415225
68360,A5,307900,68360,-0.376079734219,0.681034482759,1985MM07,100.878200692
68361,A5,307900,68361,-0.388372093023,0.680689655172,1985MM08,100.835986159
68362,A5,307900,68362,-0.400664451827,0.680344827586,1985MM09,100.793771626
68363,A5,307900,68363,-0.412956810631,0.68,1985MM10,100.751557093
68364,A5,307900,68364,-0.425249169435,0.679655172414,1985MM11,100.709342561
68365,A5,307900,68365,-0.437541528239,0.679310344828,1985MM12,100.667128028
68367,A5,307900,68367,-0.449833887043,0.678965517241,1986MM01,100.624913495
68368,A5,307900,68368,-0.462126245847,0.678620689655,1986MM02,100.582698962
68369,A5,307900,68369,-0.474418604651,0.678275862069,1986MM03,100.540484429
68370,A5,307900,68370,-0.486710963455,0.677931034483,1986MM04,100.498269896
68371,A5,307900,68371,-0.499003322259,0.677586206897,1986MM05,100.456055363
68372,A5,307900,68372,-0.511295681063,0.67724137931,1986MM06,100.41384083
68373,A5,307900,68373,-0.523588039867,0.676896551724,1986MM07,100.371626298
68374,A5,307900,68374,-0.535880398671,0.676551724138,1986MM08,100.329411765
68375,A5,307900,68375,-0.548172757475,0.676206896552,1986MM09,100.287197232
68376,A5,307900,68376,-0.560465116279,0.675862068966,1986MM10,100.244982699
68377,A5,307900,68377,-0.572757475083,0.675517241379,1986MM11,100.202768166
68378,A5,307900,68378,-0.585049833887,0.675172413793,1986MM12,100.160553633
68380,A5,307900,68380,-0.597342192691,0.674827586207,1987MM01,100.1183391
68381,A5,307900,68381,-0.609634551495,0.674482758621,1987MM02,100.076124567
68382,A5,307900,68382,-0.621926910299,0.674137931034,1987MM03,100.033910035
68383,A5,307900,68383,-0.634219269103,0.673793103448,1987MM04,99.9916955017
68384,A5,307900,68384,-0.646511627907,0.673448275862,1987MM05,99.9494809689
68385,A5,307900,68385,-0.658803986711,0.673103448276,1987MM06,99.907266436
68386,A5,307900,68386,-0.671096345515,0.67275862069,1987MM07,99.8650519031
68387,A5,307900,68387,-0.683388704319,0.672413793103,1987MM08,99.8228373702
68388,A5,307900,68388,-0.695681063123,0.672068965517,1987MM09,99.7806228374
68389,A5,307900,68389,-0.707973421927,0.671724137931,1987MM10,99.7384083045
68390,A5,307900,68390,-0.720265780731,0.671379310345,1987MM11,99.6961937716
68391,A5,307900,68391,-0.732558139535,0.671034482759,1987MM12,99.6539792388
68393,A5,307900,68393,-0.744850498339,0.670689655172,1988MM01,99.6117647059
68394,A5,307900,68394,-0.757142857143,0.670344827586,1988MM02,99.569550173
68395,A5,307900,68395,-0.769435215947,0.67,1988MM03,99.5273356401
68396,A5,307900,68396,-0.781727574751,0.669655172414,1988MM04,99.4851211073
68397,A5,307900,68397,-0.794019933555,0.669310344828,1988MM05,99.4429065744
68398,A5,307900,68398,-0.806312292359,0.668965517241,1988MM06,99.4006920415
68399,A5,307900,68399,-0.818604651163,0.668620689655,1988MM07,99.3584775087
68400,A5,307900,68400,-0.830897009967,0.668275862069,1988MM08,99.3162629758
68401,A5,307900,68401,-0.843189368771,0.667931034483,1988MM09,99.2740484429
68402,A5,307900,68402,-0.855481727575,0.667586206897,1988MM10,99.23183391
68403,A5,307900,68403,-0.867774086379,0.66724137931,1988MM11,99.1896193772
68404,A5,307900,68404,-0.880066445183,0.666896551724,1988MM12,99.1474048443
68406,A5,307900,68406,-0.892358803987,0.666551724138,1989MM01,99.1051903114
68407,A5,307900,68407,-0.904651162791,0.666206896552,1989MM02,99.0629757785
68408,A5,307900,68408,-0.916943521595,0.665862068966,1989MM03,99.0207612457
68409,A5,307900,68409,-0.929235880399,0.665517241379,1989MM04,98.9785467128
68410,A5,307900,68410,-0.941528239203,0.665172413793,1989MM05,98.9363321799
68411,A5,307900,68411,-0.953820598007,0.664827586207,1989MM06,98.8941176471
68412,A5,307900,68412,-0.966112956811,0.664482758621,1989MM07,98.8519031142
68413,A5,307900,68413,-0.978405315615,0.664137931034,1989MM08,98.8096885813
68414,A5,307900,68414,-0.990697674419,0.663793103448,1989MM09,98.7674740484
68415,A5,307900,68415,-1.00299003322,0.663448275862,1989MM10,98.7252595156
68416,A5,307900,68416,-1.01528239203,0.663103448276,1989MM11,98.6830449827
68417,A5,307900,68417,-1.02757475083,0.66275862069,1989MM12,98.6408304498
68419,A5,307900,68419,-1.03986710963,0.662413793103,1990MM01,98.598615917
68420,A5,307900,68420,-1.05215946844,0.662068965517,1990MM02,98.5564013841
68421,A5,307900,68421,-1.06445182724,0.661724137931,1990MM03,98.5141868512
68422,A5,307900,68422,-1.07674418605,0.661379310345,1990MM04,98.4719723183
68423,A5,307900,68423,-1.08903654485,0.661034482759,1990MM05,98.4297577855
68424,A5,307900,68424,-1.10132890365,0.660689655172,1990MM06,98.3875432526
68425,A5,307900,68425,-1.11362126246,0.660344827586,1990MM07,98.3453287197
68426,A5,307900,68426,-1.12591362126,0.66,1990MM08,98.3031141869
68427,A5,307900,68427,-1.13820598007,0.659655172414,1990MM09,98.260899654
68428,A5,307900,68428,-1.15049833887,0.659310344828,1990MM10,98.2186851211
68429,A5,307900,68429,-1.16279069767,0.658965517241,1990MM11,98.1764705882
68430,A5,307900,68430,-1.17508305648,0.658620689655,1990MM12,98.1342560554
68432,A5,307900,68432,-1.18737541528,0.658275862069,1991MM01,98.0920415225
68433,A5,307900,68433,-1.19966777409,0.657931034483,1991MM02,98.0498269896
68434,A5,307900,68434,-1.21196013289,0.657586206897,1991MM03,98.0076124567
68435,A5,307900,68435,-1.22425249169,0.65724137931,1991MM04,97.9653979239
68436,A5,307900,68436,-1.2365448505,0.656896551724,1991MM05,97.923183391
68437,A5,307900,68437,-1.2488372093,0.656551724138,1991MM06,97.8809688581
68438,A5,307900,68438,-1.26112956811,0.656206896552,1991MM07,97.8387543253
68439,A5,307900,68439,-1.27342192691,0.655862068966,1991MM08,97.7965397924
68440,A5,307900,68440,-1.28571428571,0.655517241379,1991MM09,97.7543252595
68441,A5,307900,68441,-1.29800664452,0.655172413793,1991MM10,97.7121107266
68442,A5,307900,68442,-1.31029900332,0.654827586207,1991MM11,97.6698961938
68443,A5,307900,68443,-1.32259136213,0.654482758621,1991MM12,97.6276816609
68445,A5,307900,68445,-1.33488372093,0.654137931034,1992MM01,97.585467128
68446,A5,307900,68446,-1.34717607973,0.653793103448,1992MM02,97.5432525952
68447,A5,307900,68447,-1.35946843854,0.653448275862,1992MM03,97.5010380623
68448,A5,307900,68448,-1.37176079734,0.653103448276,1992MM04,97.4588235294
68449,A5,307900,68449,-1.38405315615,0.65275862069,1992MM05,97.4166089965
68450,A5,307900,68450,-1.39634551495,0.652413793103,1992MM06,97.3743944637
68451,A5,307900,68451,-1.40863787375,0.652068965517,1992MM07,97.3321799308
68452,A5,307900,68452,-1.42093023256,0.651724137931,1992MM08,97.2899653979
68453,A5,307900,68453,-1.43322259136,0.651379310345,1992MM09,97.2477508651
68454,A5,307900,68454,-1.44551495017,0.651034482759,1992MM10,97.2055363322
68455,A5,307900,68455,-1.45780730897,0.650689655172,1992MM11,97.1633217993
68456,A5,307900,68456,-1.47009966777,0.650344827586,1992MM12,97.1211072664
68458,A5,307900,68458,-1.48239202658,0.65,1993MM01,97.0788927336
68459,A5,307900,68459,-1.49468438538,0.649655172414,1993MM02,97.0366782007
68460,A5,307900,68460,-1.50697674419,0.649310344828,1993MM03,96.9944636678
68461,A5,307900,68461,-1.51926910299,0.648965517241,1993MM04,96.9522491349
68462,A5,307900,68462,-1.53156146179,0.648620689655,1993MM05,96.9100346021
68463,A5,307900,68463,-1.5438538206,0.648275862069,1993MM06,96.8678200692
68464,A5,307900,68464,-1.5561461794,0.647931034483,1993MM07,96.8256055363
68465,A5,307900,68465,-1.56843853821,0.647586206897,1993MM08,96.7833910035
68466,A5,307900,68466,-1.58073089701,0.64724137931,1993MM09,96.7411764706
68467,A5,307900,68467,-1.59302325581,0.646896551724,1993MM10,96.6989619377
68468,A5,307900,68468,-1.60531561462,0.646551724138,1993MM11,96.6567474048
68469,A5,307900,68469,-1.61760797342,0.646206896552,1993MM12,96.614532872
68471,A5,307900,68471,-1.62990033223,0.645862068966,1994MM01,96.5723183391
68472,A5,307900,68472,-1.64219269103,0.645517241379,1994MM02,96.5301038062
68473,A5,307900,68473,-1.65448504983,0.645172413793,1994MM03,96.4878892734
68474,A5,307900,68474,-1.66677740864,0.644827586207,1994MM04,96.4456747405
68475,A5,307900,68475,-1.67906976744,0.644482758621,1994MM05,96.4034602076
68476,A5,307900,68476,-1.69136212625,0.644137931034,1994MM06,96.3612456747
68477,A5,307900,68477,-1.70365448505,0.643793103448,1994MM07,96.3190311419
68478,A5,307900,68478,-1.71594684385,0.643448275862,1994MM08,96.276816609
68479,A5,307900,68479,-1.72823920266,0.643103448276,1994MM09,96.2346020761
68480,A5,307900,68480,-1.74053156146,0.64275862069,1994MM10,96.1923875433
68481,A5,307900,68481,-1.75282392027,0.642413793103,1994MM11,96.1501730104
68482,A5,307900,68482,-1.76511627907,0.642068965517,1994MM12,96.1079584775
68484,A5,307900,68484,-1.77740863787,0.641724137931,1995MM01,96.0657439446
68485,A5,307900,68485,-1.78970099668,0.641379310345,1995MM02,96.0235294118
68486,A5,307900,68486,-1.80199335548,0.641034482759,1995MM03,95.9813148789
68487,A5,307900,68487,-1.81428571429,0.640689655172,1995MM04,95.939100346
68488,A5,307900,68488,-1.82657807309,0.640344827586,1995MM05,95.8968858131
68489,A5,307900,68489,-1.83887043189,0.64,1995MM06,95.8546712803
68490,A5,307900,68490,-1.8511627907,0.639655172414,1995MM07,95.8124567474
68491,A5,307900,68491,-1.8634551495,0.639310344828,1995MM08,95.7702422145
68492,A5,307900,68492,-1.87574750831,0.638965517241,1995MM09,95.7280276817
68493,A5,307900,68493,-1.88803986711,0.638620689655,1995MM10,95.6858131488
68494,A5,307900,68494,-1.90033222591,0.638275862069,1995MM11,95.6435986159
68495,A5,307900,68495,-1.91262458472,0.637931034483,1995MM12,95.601384083
68497,A5,307900,68497,-1.92491694352,0.637586206897,1996MM01,95.5591695502
68498,A5,307900,68498,-1.93720930233,0.63724137931,1996MM02,95.5169550173
68499,A5,307900,68499,-1.94950166113,0.636896551724,1996MM03,95.4747404844
68500,A5,307900,68500,-1.96179401993,0.636551724138,1996MM04,95.4325259516
68501,A5,307900,68501,-1.97408637874,0.636206896552,1996MM05,95.3903114187
68502,A5,307900,68502,-1.98637873754,0.635862068966,1996MM06,95.3480968858
68503,A5,307900,68503,-1.99867109635,0.635517241379,1996MM07,95.3058823529
68504,A5,307900,68504,-2.01096345515,0.635172413793,1996MM08,95.2636678201
68505,A5,307900,68505,-2.02325581395,0.634827586207,1996MM09,95.2214532872
68506,A5,307900,68506,-2.03554817276,0.634482758621,1996MM10,95.1792387543
68507,A5,307900,68507,-2.04784053156,0.634137931034,1996MM11,95.1370242215
68508,A5,307900,68508,-2.06013289037,0.633793103448,1996MM12,95.0948096886
68510,A5,307900,68510,-2.07242524917,0.633448275862,1997MM01,95.0525951557
68511,A5,307900,68511,-2.08471760797,0.633103448276,1997MM02,95.0103806228
68512,A5,307900,68512,-2.09700996678,0.63275862069,1997MM03,94.96816609
68513,A5,307900,68513,-2.10930232558,0.632413793103,1997MM04,94.9259515571
68514,A5,307900,68514,-2.12159468439,0.632068965517,1997MM05,94.8837370242
68515,A5,307900,68515,-2.13388704319,0.631724137931,1997MM06,94.8415224913
68516,A5,307900,68516,-2.14617940199,0.631379310345,1997MM07,94.7993079585
68517,A5,307900,68517,-2.1584717608,0.631034482759,1997MM08,94.7570934256
68518,A5,307900,68518,-2.1707641196,0.630689655172,1997MM09,94.7148788927
68519,A5,307900,68519,-2.18305647841,0.630344827586,1997MM10,94.6726643599
68520,A5,307900,68520,-2.19534883721,0.63,1997MM11,94.630449827
68521,A5,307900,68521,-2.20764119601,0.629655172414,1997MM12,94.5882352941
68523,A5,307900,68523,-2.21993355482,0.629310344828,1998MM01,94.5460207612
68524,A5,307900,68524,-2.23222591362,0.628965517241,1998MM02,94.5038062284
68525,A5,307900,68525,-2.24451827243,0.628620689655,1998MM03,94.4615916955
68526,A5,307900,68526,-2.25681063123,0.628275862069,1998MM04,94.4193771626
68527,A5,307900,68527,-2.26910299003,0.627931034483,1998MM05,94.3771626298
68528,A5,307900,68528,-2.28139534884,0.627586206897,1998MM06,94.3349480969
68529,A5,307900,68529,-2.29368770764,0.62724137931,1998MM07,94.292733564
68530,A5,307900,68530,-2.30598006645,0.626896551724,1998MM08,94.2505190311
68531,A5,307900,68531,-2.31827242525,0.626551724138,1998MM09,94.2083044983
68532,A5,307900,68532,-2.33056478405,0.626206896552,1998MM10,94.1660899654
68533,A5,307900,68533,-2.34285714286,0.625862068966,1998MM11,94.1238754325
68534,A5,307900,68534,-2.35514950166,0.625517241379,1998MM12,94.0816608997
68536,A5,307900,68536,-2.36744186047,0.625172413793,1999MM01,94.0394463668
68537,A5,307900,68537,-2.37973421927,0.624827586207,1999MM02,93.9972318339
68538,A5,307900,68538,-2.39202657807,0.624482758621,1999MM03,93.955017301
68539,A5,307900,68539,-2.40431893688,0.624137931034,1999MM04,93.9128027682
68540,A5,307900,68540,-2.41661129568,0.623793103448,1999MM05,93.8705882353
68541,A5,307900,68541,-2.42890365449,0.623448275862,1999MM06,93.8283737024
68542,A5,307900,68542,-2.44119601329,0.623103448276,1999MM07,93.7861591696
68543,A5,307900,68543,-2.45348837209,0.62275862069,1999MM08,93.7439446367
68544,A5,307900,68544,-2.4657807309,0.622413793103,1999MM09,93.7017301038
68545,A5,307900,68545,-2.4780730897,0.622068965517,1999MM10,93.6595155709
68546,A5,307900,68546,-2.4903654485,0.621724137931,1999MM11,93.6173010381
68547,A5,307900,68547,-2.50265780731,0.621379310345,1999MM12,93.5750865052
68549,A5,307900,68549,-2.51495016611,0.621034482759,2000MM01,93.5328719723
68550,A5,307900,68550,-2.52724252492,0.620689655172,2000MM02,93.4906574394
68551,A5,307900,68551,-2.53953488372,0.620344827586,2000MM03,93.4484429066
68552,A5,307900,68552,-2.55182724252,0.62,2000MM04,93.4062283737
68553,A5,307900,68553,-2.56411960133,0.619655172414,2000MM05,93.3640138408
68554,A5,307900,68554,-2.57641196013,0.619310344828,2000MM06,93.321799308
68555,A5,307900,68555,-2.58870431894,0.618965517241,2000MM07,93.2795847751
68556,A5,307900,68556,-2.60099667774,0.618620689655,2000MM08,93.2373702422
68557,A5,307900,68557,-2.61328903654,0.618275862069,2000MM09,93.1951557093
68558,A5,307900,68558,-2.62558139535,0.617931034483,2000MM10,93.1529411765
68559,A5,307900,68559,-2.63787375415,0.617586206897,2000MM11,93.1107266436
68560,A5,307900,68560,-2.65016611296,0.61724137931,2000MM12,93.0685121107
68562,A5,307900,68562,-2.66245847176,0.616896551724,2001MM01,93.0262975779
68563,A5,307900,68563,-2.67475083056,0.616551724138,2001MM02,92.984083045
68564,A5,307900,68564,-2.68704318937,0.616206896552,2001MM03,92.9418685121
68565,A5,307900,68565,-2.69933554817,0.615862068966,2001MM04,92.8996539792
68566,A5,307900,68566,-2.71162790698,0.615517241379,2001MM05,92.8574394464
68567,A5,307900,68567,-2.72392026578,0.615172413793,2001MM06,92.8152249135
68568,A5,307900,68568,-2.73621262458,0.614827586207,2001MM07,92.7730103806
68569,A5,307900,68569,-2.74850498339,0.614482758621,2001MM08,92.7307958478
68570,A5,307900,68570,-2.76079734219,0.614137931034,2001MM09,92.6885813149
68571,A5,307900,68571,-2.773089701,0.613793103448,2001MM10,92.646366782
68572,A5,307900,68572,-2.7853820598,0.613448275862,2001MM11,92.6041522491
68573,A5,307900,68573,-2.7976744186,0.613103448276,2001MM12,92.5619377163
68575,A5,307900,68575,-2.80996677741,0.61275862069,2002MM01,92.5197231834
68576,A5,307900,68576,-2.82225913621,0.612413793103,2002MM02,92.4775086505
68577,A5,307900,68577,-2.83455149502,0.612068965517,2002MM03,92.4352941176
68578,A5,307900,68578,-2.84684385382,0.611724137931,2002MM04,92.3930795848
68579,A5,307900,68579,-2.85913621262,0.611379310345,2002MM05,92.3508650519
68580,A5,307900,68580,-2.87142857143,0.611034482759,2002MM06,92.308650519
68581,A5,307900,68581,-2.88372093023,0.610689655172,2002MM07,92.2664359862
68582,A5,307900,68582,-2.89601328904,0.610344827586,2002MM08,92.2242214533
68583,A5,307900,68583,-2.90830564784,0.61,2002MM09,92.1820069204
68584,A5,307900,68584,-2.92059800664,0.609655172414,2002MM10,92.1397923875
68585,A5,307900,68585,-2.93289036545,0.609310344828,2002MM11,92.0975778547
68586,A5,307900,68586,-2.94518272425,0.608965517241,2002MM12,92.0553633218
68588,A5,307900,68588,-2.95747508306,0.608620689655,2003MM01,92.0131487889
68589,A5,307900,68589,-2.96976744186,0.608275862069,2003MM02,91.9709342561
68590,A5,307900,68590,-2.98205980066,0.607931034483,2003MM03,91.9287197232
68591,A5,307900,68591,-2.99435215947,0.607586206897,2003MM04,91.8865051903
68592,A5,307900,68592,-3.00664451827,0.60724137931,2003MM05,91.8442906574
68593,A5,307900,68593,-3.01893687708,0.606896551724,2003MM06,91.8020761246
68594,A5,307900,68594,-3.03122923588,0.606551724138,2003MM07,91.7598615917
68595,A5,307900,68595,-3.04352159468,0.606206896552,2003MM08,91.7176470588
68596,A5,307900,68596,-3.05581395349,0.605862068966,2003MM09,91.675432526
68597,A5,307900,68597,-3.06810631229,0.605517241379,2003MM10,91.6332179931
68598,A5,307900,68598,-3.0803986711,0.605172413793,2003MM11,91.5910034602
68599,A5,307900,68599,-3.0926910299,0.604827586207,2003MM12,91.5487889273
68601,A5,307900,68601,-3.1049833887,0.604482758621,2004MM01,91.5065743945
68602,A5,307900,68602,-3.11727574751,0.604137931034,2004MM02,91.4643598616
68603,A5,307900,68603,-3.12956810631,0.603793103448,2004MM03,91.4221453287
68604,A5,307900,68604,-3.14186046512,0.603448275862,2004MM04,91.3799307958
68605,A5,307900,68605,-3.15415282392,0.603103448276,2004MM05,91.337716263
68606,A5,307900,68606,-3.16644518272,0.60275862069,2004MM06,91.2955017301
68607,A5,307900,68607,-3.17873754153,0.602413793103,2004MM07,91.2532871972
68608,A5,307900,68608,-3.19102990033,0.602068965517,2004MM08,91.2110726644
68609,A5,307900,68609,-3.20332225914,0.601724137931,2004MM09,91.1688581315
68610,A5,307900,68610,-3.21561461794,0.601379310345,2004MM10,91.1266435986
68611,A5,307900,68611,-3.22790697674,0.601034482759,2004MM11,91.0844290657
68612,A5,307900,68612,-3.24019933555,0.600689655172,2004MM12,91.0422145329
68614,A5,307900,68614,-3.25249169435,0.600344827586,2005MM01,91.0
68615,A5,307900,68615,-3.26478405316,0.6,2005MM02,91.5
68616,A5,307900,68616,-3.27707641196,1.2,2005MM03,92.7
68617,A5,307900,68617,-3.28936877076,1.5,2005MM04,94.0
68618,A5,307900,68618,-3.30166112957,2.3,2005MM05,96.2
68619,A5,307900,68619,-3.31395348837,2.2,2005MM06,98.3
68620,A5,307900,68620,-3.32624584718,0.8,2005MM07,99.0
68621,A5,307900,68621,-3.33853820598,0.1,2005MM08,99.2
68622,A5,307900,68622,-3.35083056478,-1.2,2005MM09,98.0
68623,A5,307900,68623,-3.36312292359,-1.9,2005MM10,96.1
68624,A5,307900,68624,-3.37541528239,-4.3,2005MM11,91.9
68625,A5,307900,68625,-3.3877076412,-3.4,2005MM12,88.8
68627,A5,307900,68627,-3.4,-1.0,2006MM01,87.9
68628,A5,307900,68628,-4.7,-0.7,2006MM02,87.2
68629,A5,307900,68629,-8.1,-2.3,2006MM03,85.2
68630,A5,307900,68630,-10.5,-1.3,2006MM04,84.1
68631,A5,307900,68631,-10.1,2.8,2006MM05,86.5
68632,A5,307900,68632,-9.3,3.1,2006MM06,89.2
68633,A5,307900,68633,-8.9,1.1,2006MM07,90.2
68634,A5,307900,68634,-8.7,0.4,2006MM08,90.6
68635,A5,307900,68635,-8.0,-0.5,2006MM09,90.1
68636,A5,307900,68636,-6.1,0.1,2006MM10,90.2
68637,A5,307900,68637,-2.2,-0.3,2006MM11,89.9
68638,A5,307900,68638,2.7,1.3,2006MM12,91.1
68640,A5,307900,68640,4.5,0.7,2007MM01,91.8
68641,A5,307900,68641,6.4,1.1,2007MM02,92.8
68642,A5,307900,68642,10.3,1.3,2007MM03,94.0
68643,A5,307900,68643,16.0,3.8,2007MM04,97.6
68644,A5,307900,68644,19.0,5.4,2007MM05,102.9
68645,A5,307900,68645,18.1,2.4,2007MM06,105.4
68646,A5,307900,68646,14.9,-1.6,2007MM07,103.7
68647,A5,307900,68647,14.2,-0.3,2007MM08,103.4
68648,A5,307900,68648,15.9,1.0,2007MM09,104.4
68649,A5,307900,68649,15.7,-0.1,2007MM10,104.4
68650,A5,307900,68650,14.7,-1.1,2007MM11,103.2
68651,A5,307900,68651,12.4,-0.7,2007MM12,102.4
68653,A5,307900,68653,11.3,-0.3,2008MM01,102.2
68654,A5,307900,68654,9.9,-0.2,2008MM02,102.0
68655,A5,307900,68655,8.1,-0.4,2008MM03,101.6
68656,A5,307900,68656,6.3,2.1,2008MM04,103.8
68657,A5,307900,68657,1.6,0.7,2008MM05,104.5
68658,A5,307900,68658,0.1,0.9,2008MM06,105.5
68659,A5,307900,68659,1.5,-0.3,2008MM07,105.2
68660,A5,307900,68660,1.0,-0.7,2008MM08,104.5
68661,A5,307900,68661,0.3,0.3,2008MM09,104.8
68662,A5,307900,68662,0.9,0.5,2008MM10,105.4
68663,A5,307900,68663,-0.7,-2.8,2008MM11,102.4
68664,A5,307900,68664,-1.6,-1.5,2008MM12,100.9
68666,A5,307900,68666,-1.5,-0.2,2009MM01,100.6
68667,A5,307900,68667,-0.5,0.8,2009MM02,101.4
68668,A5,307900,68668,-1.0,-0.9,2009MM03,100.6
68669,A5,307900,68669,-2.1,1.0,2009MM04,101.5
68670,A5,307900,68670,-1.7,1.2,2009MM05,102.8
68671,A5,307900,68671,-2.6,0.0,2009MM06,102.8
68672,A5,307900,68672,-2.5,-0.2,2009MM07,102.6
68673,A5,307900,68673,-2.3,-0.5,2009MM08,102.1
68674,A5,307900,68674,-4.1,-1.5,2009MM09,100.5
68675,A5,307900,68675,-7.3,-2.9,2009MM10,97.6
68676,A5,307900,68676,-6.9,-2.3,2009MM11,95.4
68677,A5,307900,68677,-5.7,-0.3,2009MM12,95.1
68679,A5,307900,68679,-3.5,2.1,2010MM01,97.1
68680,A5,307900,68680,-5.2,-0.9,2010MM02,96.2
68681,A5,307900,68681,-3.1,1.3,2010MM03,97.5
68682,A5,307900,68682,-2.5,1.5,2010MM04,99.0
68683,A5,307900,68683,-2.5,1.2,2010MM05,100.2
68684,A5,307900,68684,-1.0,1.6,2010MM06,101.8
68685,A5,307900,68685,0.0,0.9,2010MM07,102.6
68686,A5,307900,68686,0.8,0.2,2010MM08,102.8
68687,A5,307900,68687,2.4,0.2,2010MM09,103.0
68688,A5,307900,68688,2.4,-2.9,2010MM10,100.0
68689,A5,307900,68689,5.1,0.2,2010MM11,100.2
68690,A5,307900,68690,4.7,-0.7,2010MM12,99.6
68692,A5,307900,68692,3.5,0.8,2011MM01,100.4
68693,A5,307900,68693,4.3,0.0,2011MM02,100.4
68694,A5,307900,68694,4.6,1.6,2011MM03,102.0
68695,A5,307900,68695,5.5,2.4,2011MM04,104.4
68696,A5,307900,68696,5.0,0.7,2011MM05,105.2
68697,A5,307900,68697,2.7,-0.6,2011MM06,104.5
68698,A5,307900,68698,1.4,-0.5,2011MM07,104.1
68699,A5,307900,68699,1.6,0.4,2011MM08,104.5
68700,A5,307900,68700,2.8,1.3,2011MM09,105.9
68701,A5,307900,68701,5.6,-0.3,2011MM10,105.6
68702,A5,307900,68702,5.6,0.3,2011MM11,105.9
68703,A5,307900,68703,5.1,-1.2,2011MM12,104.6
68705,A5,307900,68705,4.1,-0.1,2012MM01,104.5
68706,A5,307900,68706,3.8,-0.3,2012MM02,104.2
68707,A5,307900,68707,2.8,0.6,2012MM03,104.8
68708,A5,307900,68708,1.8,1.4,2012MM04,106.3
68709,A5,307900,68709,1.2,0.2,2012MM05,106.5
68710,A5,307900,68710,2.5,0.7,2012MM06,107.2
68711,A5,307900,68711,3.3,0.4,2012MM07,107.6
68712,A5,307900,68712,3.4,0.5,2012MM08,108.0
68713,A5,307900,68713,2.6,0.6,2012MM09,108.7
68714,A5,307900,68714,3.9,0.9,2012MM10,109.6
68715,A5,307900,68715,2.8,-0.7,2012MM11,108.9
68716,A5,307900,68716,3.6,-0.5,2012MM12,108.3
68718,A5,307900,68718,2.3,-1.3,2013MM01,107.0
68719,A5,307900,68719,2.7,0.1,2013MM02,107.1
68720,A5,307900,68720,2.7,0.5,2013MM03,107.6
68721,A5,307900,68721,1.3,0.1,2013MM04,107.7
68722,A5,307900,68722,1.6,0.5,2013MM05,108.2
68723,A5,307900,68723,1.0,0.0,2013MM06,108.2
68724,A5,307900,68724,1.5,0.9,2013MM07,109.1
68725,A5,307900,68725,1.0,0.0,2013MM08,109.1
68726,A5,307900,68726,0.6,0.2,2013MM09,109.3
68727,A5,307900,68727,-2.3,-2.0,2013MM10,107.1
68728,A5,307900,68728,-2.1,-0.5,2013MM11,106.6
68729,A5,307900,68729,-1.9,-0.3,2013MM12,106.2
68731,A5,307900,68731,-0.4,0.3,2014MM01,106.5
68732,A5,307900,68732,-0.1,0.4,2014MM02,106.9
68733,A5,307900,68733,0.2,0.8,2014MM03,107.8
68734,A5,307900,68734,1.4,1.3,2014MM04,109.2
68735,A5,307900,68735,1.1,0.1,2014MM05,109.3
68736,A5,307900,68736,1.7,0.7,2014MM06,110.1
68737,A5,307900,68737,0.7,-0.2,2014MM07,109.9
68738,A5,307900,68738,-0.4,-1.1,2014MM08,108.7
68739,A5,307900,68739,-1.3,-0.7,2014MM09,107.9
68740,A5,307900,68740,0.0,-0.7,2014MM10,107.2
68741,A5,307900,68741,-0.1,-0.6,2014MM11,106.5
68742,A5,307900,68742,-0.9,-1.2,2014MM12,105.3
68744,A5,307900,68744,-0.5,0.6,2015MM01,105.9
68745,A5,307900,68745,-0.7,0.2,2015MM02,106.2
68746,A5,307900,68746,-0.4,1.2,2015MM03,107.4
68747,A5,307900,68747,-1.8,-0.1,2015MM04,107.3
68748,A5,307900,68748,-1.7,0.2,2015MM05,107.5
68749,A5,307900,68749,-0.9,1.5,2015MM06,109.1
68750,A5,307900,68750,-1.0,-0.3,2015MM07,108.7
68751,A5,307900,68751,-1.3,-1.3,2015MM08,107.3
68752,A5,307900,68752,-0.8,-0.2,2015MM09,107.1
68753,A5,307900,68753,-1.6,-1.5,2015MM10,105.4
68754,A5,307900,68754,-0.9,0.2,2015MM11,105.6
68755,A5,307900,68755,-0.1,-0.4,2015MM12,105.2
68757,A5,307900,68757,-2.6,-1.9,2016MM01,103.2
68758,A5,307900,68758,-3.8,-1.0,2016MM02,102.1
68759,A5,307900,68759,-4.9,0.0,2016MM03,102.1
68760,A5,307900,68760,-4.5,0.3,2016MM04,102.4
68761,A5,307900,68761,-4.1,0.7,2016MM05,103.1
68762,A5,307900,68762,-4.8,0.8,2016MM06,103.9
68763,A5,307900,68763,-5.4,-1.0,2016MM07,102.8
68764,A5,307900,68764,-4.4,-0.3,2016MM08,102.5
68765,A5,307900,68765,-4.6,-0.3,2016MM09,102.2
68766,A5,307900,68766,-4.3,-1.2,2016MM10,100.9
68767,A5,307900,68767,-3.7,0.8,2016MM11,101.7
68768,A5,307900,68768,-4.1,-0.8,2016MM12,100.8
68770,A5,307900,68770,-2.2,0.1,2017MM01,101.0
68771,A5,307900,68771,-1.5,-0.3,2017MM02,100.6
68772,A5,307900,68772,-1.1,0.4,2017MM03,101.0
68773,A5,307900,68773,0.1,1.5,2017MM04,102.5
68774,A5,307900,68774,0.2,0.8,2017MM05,103.3
68775,A5,307900,68775,-0.9,-0.4,2017MM06,102.9
68776,A5,307900,68776,0.8,0.7,2017MM07,103.6
68777,A5,307900,68777,0.9,-0.1,2017MM08,103.4
68778,A5,307900,68778,1.6,0.4,2017MM09,103.8
68779,A5,307900,68779,2.8,-0.1,2017MM10,103.8
68780,A5,307900,68780,2.7,0.7,2017MM11,104.4
68781,A5,307900,68781,2.8,-0.8,2017MM12,103.6
