,Afzet,BedrijfstakkenBranchesSBI2008,ID,OntwikkelingTOV1JaarEerder_2,OntwikkelingTOV1MaandEerder_3,Perioden,ProducentenprijsindexPPI_1
4641,A6,308000,4641,,,2005MM01,89.9
4642,A6,308000,4642,,-2.0,2005MM02,88.1
4643,A6,308000,4643,,-1.4,2005MM03,86.9
4644,A6,308000,4644,,-1.4,2005MM04,85.7
4645,A6,308000,4645,,0.8,2005MM05,86.4
4646,A6,308000,4646,,0.8,2005MM06,87.1
4647,A6,308000,4647,,-0.1,2005MM07,87.0
4648,A6,308000,4648,,0.7,2005MM08,87.6
4649,A6,308000,4649,,1.1,2005MM09,88.6
4650,A6,308000,4650,,1.1,2005MM10,89.5
4651,A6,308000,4651,,0.3,2005MM11,89.8
4652,A6,308000,4652,,1.2,2005MM12,90.8
4654,A6,308000,4654,0.8,-0.2,2006MM01,90.6
4655,A6,308000,4655,2.7,-0.2,2006MM02,90.5
4656,A6,308000,4656,4.4,0.2,2006MM03,90.7
4657,A6,308000,4657,5.8,0.0,2006MM04,90.7
4658,A6,308000,4658,4.6,-0.3,2006MM05,90.3
4659,A6,308000,4659,3.3,-0.4,2006MM06,90.0
4660,A6,308000,4660,2.5,-0.9,2006MM07,89.2
4661,A6,308000,4661,2.6,0.9,2006MM08,90.0
4662,A6,308000,4662,2.7,1.1,2006MM09,90.9
4663,A6,308000,4663,1.6,0.0,2006MM10,91.0
4664,A6,308000,4664,1.1,-0.2,2006MM11,90.8
4665,A6,308000,4665,0.7,0.8,2006MM12,91.5
4667,A6,308000,4667,-0.6,-1.5,2007MM01,90.1
4668,A6,308000,4668,0.0,0.4,2007MM02,90.5
4669,A6,308000,4669,-0.7,-0.5,2007MM03,90.0
4670,A6,308000,4670,0.6,1.3,2007MM04,91.2
4671,A6,308000,4671,0.6,-0.4,2007MM05,90.9
4672,A6,308000,4672,1.3,0.2,2007MM06,91.1
4673,A6,308000,4673,2.2,0.0,2007MM07,91.1
4674,A6,308000,4674,2.5,1.2,2007MM08,92.2
4675,A6,308000,4675,4.0,2.6,2007MM09,94.6
4676,A6,308000,4676,6.4,2.3,2007MM10,96.8
4677,A6,308000,4677,7.4,0.7,2007MM11,97.5
4678,A6,308000,4678,6.6,0.0,2007MM12,97.5
4680,A6,308000,4680,8.1,-0.1,2008MM01,97.4
4681,A6,308000,4681,8.0,0.3,2008MM02,97.7
4682,A6,308000,4682,8.8,0.2,2008MM03,97.9
4683,A6,308000,4683,7.6,0.2,2008MM04,98.1
4684,A6,308000,4684,8.8,0.7,2008MM05,98.9
4685,A6,308000,4685,9.6,1.0,2008MM06,99.9
4686,A6,308000,4686,10.3,0.6,2008MM07,100.5
4687,A6,308000,4687,10.2,1.1,2008MM08,101.7
4688,A6,308000,4688,8.8,1.3,2008MM09,103.0
4689,A6,308000,4689,7.3,0.9,2008MM10,103.9
4690,A6,308000,4690,4.7,-1.7,2008MM11,102.1
4691,A6,308000,4691,4.0,-0.6,2008MM12,101.4
4693,A6,308000,4693,2.8,-1.3,2009MM01,100.1
4694,A6,308000,4694,0.7,-1.8,2009MM02,98.4
4695,A6,308000,4695,-0.1,-0.5,2009MM03,97.8
4696,A6,308000,4696,-1.0,-0.7,2009MM04,97.1
4697,A6,308000,4697,-1.8,0.0,2009MM05,97.1
4698,A6,308000,4698,-3.1,-0.3,2009MM06,96.8
4699,A6,308000,4699,-3.0,0.7,2009MM07,97.5
4700,A6,308000,4700,-3.3,0.8,2009MM08,98.3
4701,A6,308000,4701,-4.6,0.0,2009MM09,98.3
4702,A6,308000,4702,-6.0,-0.7,2009MM10,97.6
4703,A6,308000,4703,-4.3,0.1,2009MM11,97.7
4704,A6,308000,4704,-2.6,1.1,2009MM12,98.8
4706,A6,308000,4706,-1.5,-0.1,2010MM01,98.7
4707,A6,308000,4707,0.3,0.0,2010MM02,98.6
4708,A6,308000,4708,0.8,0.0,2010MM03,98.6
4709,A6,308000,4709,1.8,0.2,2010MM04,98.8
4710,A6,308000,4710,1.8,0.0,2010MM05,98.8
4711,A6,308000,4711,3.1,0.9,2010MM06,99.8
4712,A6,308000,4712,1.6,-0.7,2010MM07,99.1
4713,A6,308000,4713,0.8,0.0,2010MM08,99.1
4714,A6,308000,4714,2.3,1.5,2010MM09,100.6
4715,A6,308000,4715,4.1,1.0,2010MM10,101.6
4716,A6,308000,4716,5.1,1.1,2010MM11,102.6
4717,A6,308000,4717,5.0,1.1,2010MM12,103.7
4719,A6,308000,4719,6.1,0.9,2011MM01,104.7
4720,A6,308000,4720,6.7,0.6,2011MM02,105.3
4721,A6,308000,4721,8.7,1.9,2011MM03,107.2
4722,A6,308000,4722,11.4,2.7,2011MM04,110.1
4723,A6,308000,4723,10.6,-0.7,2011MM05,109.3
4724,A6,308000,4724,7.5,-1.9,2011MM06,107.2
4725,A6,308000,4725,9.7,1.3,2011MM07,108.7
4726,A6,308000,4726,10.2,0.4,2011MM08,109.1
4727,A6,308000,4727,9.9,1.3,2011MM09,110.6
4728,A6,308000,4728,9.2,0.3,2011MM10,110.9
4729,A6,308000,4729,10.9,2.6,2011MM11,113.8
4730,A6,308000,4730,12.3,2.4,2011MM12,116.5
4732,A6,308000,4732,11.4,0.0,2012MM01,116.6
4733,A6,308000,4733,10.9,0.2,2012MM02,116.8
4734,A6,308000,4734,8.4,-0.5,2012MM03,116.2
4735,A6,308000,4735,5.6,0.0,2012MM04,116.2
4736,A6,308000,4736,6.4,0.1,2012MM05,116.3
4737,A6,308000,4737,8.3,-0.2,2012MM06,116.1
4738,A6,308000,4738,7.1,0.2,2012MM07,116.3
4739,A6,308000,4739,7.2,0.6,2012MM08,117.0
4740,A6,308000,4740,6.9,1.0,2012MM09,118.2
4741,A6,308000,4741,7.6,1.0,2012MM10,119.3
4742,A6,308000,4742,5.3,0.4,2012MM11,119.9
4743,A6,308000,4743,2.6,-0.3,2012MM12,119.5
4745,A6,308000,4745,2.2,-0.4,2013MM01,119.1
4746,A6,308000,4746,1.0,-1.0,2013MM02,117.9
4747,A6,308000,4747,1.0,-0.4,2013MM03,117.4
4748,A6,308000,4748,0.2,-0.8,2013MM04,116.4
4749,A6,308000,4749,-0.8,-0.8,2013MM05,115.4
4750,A6,308000,4750,-0.8,-0.3,2013MM06,115.1
4751,A6,308000,4751,-0.4,0.6,2013MM07,115.9
4752,A6,308000,4752,-0.2,0.8,2013MM08,116.8
4753,A6,308000,4753,-0.5,0.7,2013MM09,117.6
4754,A6,308000,4754,-1.5,-0.1,2013MM10,117.5
4755,A6,308000,4755,-1.4,0.6,2013MM11,118.2
4756,A6,308000,4756,-0.2,1.0,2013MM12,119.3
4758,A6,308000,4758,-0.3,-0.5,2014MM01,118.8
4759,A6,308000,4759,-0.4,-1.2,2014MM02,117.4
4760,A6,308000,4760,-0.9,-0.9,2014MM03,116.4
4761,A6,308000,4761,0.4,0.4,2014MM04,116.9
4762,A6,308000,4762,0.8,-0.4,2014MM05,116.4
4763,A6,308000,4763,0.1,-0.9,2014MM06,115.3
4764,A6,308000,4764,-0.6,-0.2,2014MM07,115.1
4765,A6,308000,4765,-1.2,0.2,2014MM08,115.3
4766,A6,308000,4766,-1.8,0.1,2014MM09,115.4
4767,A6,308000,4767,-2.5,-0.8,2014MM10,114.5
4768,A6,308000,4768,-3.2,-0.1,2014MM11,114.4
4769,A6,308000,4769,-3.8,0.3,2014MM12,114.8
4771,A6,308000,4771,-4.7,-1.3,2015MM01,113.2
4772,A6,308000,4772,-4.1,-0.6,2015MM02,112.5
4773,A6,308000,4773,-3.5,-0.2,2015MM03,112.3
4774,A6,308000,4774,-4.0,0.0,2015MM04,112.2
4775,A6,308000,4775,-4.0,-0.4,2015MM05,111.8
4776,A6,308000,4776,-2.5,0.5,2015MM06,112.4
4777,A6,308000,4777,-3.6,-1.3,2015MM07,110.9
4778,A6,308000,4778,-4.5,-0.7,2015MM08,110.1
4779,A6,308000,4779,-4.0,0.7,2015MM09,110.8
4780,A6,308000,4780,-3.0,0.3,2015MM10,111.1
4781,A6,308000,4781,0.5,3.5,2015MM11,115.0
4782,A6,308000,4782,-0.1,-0.4,2015MM12,114.6
4784,A6,308000,4784,0.3,-0.9,2016MM01,113.6
4785,A6,308000,4785,0.8,-0.1,2016MM02,113.5
4786,A6,308000,4786,3.2,2.1,2016MM03,115.8
4787,A6,308000,4787,1.1,-2.0,2016MM04,113.5
4788,A6,308000,4788,2.3,0.7,2016MM05,114.3
4789,A6,308000,4789,5.1,3.3,2016MM06,118.1
4790,A6,308000,4790,7.2,0.6,2016MM07,118.9
4791,A6,308000,4791,8.6,0.6,2016MM08,119.6
4792,A6,308000,4792,8.2,0.3,2016MM09,119.9
4793,A6,308000,4793,9.3,1.3,2016MM10,121.4
4794,A6,308000,4794,6.4,0.8,2016MM11,122.3
4795,A6,308000,4795,7.0,0.2,2016MM12,122.6
4797,A6,308000,4797,8.0,0.0,2017MM01,122.6
4798,A6,308000,4798,7.4,-0.6,2017MM02,121.9
4799,A6,308000,4799,5.9,0.6,2017MM03,122.6
4800,A6,308000,4800,8.9,0.8,2017MM04,123.6
4801,A6,308000,4801,9.1,0.9,2017MM05,124.7
4802,A6,308000,4802,4.0,-1.5,2017MM06,122.9
4803,A6,308000,4803,2.7,-0.6,2017MM07,122.1
4804,A6,308000,4804,1.8,-0.3,2017MM08,121.7
4805,A6,308000,4805,2.6,1.0,2017MM09,123.0
4806,A6,308000,4806,2.1,0.8,2017MM10,123.9
4807,A6,308000,4807,1.3,0.0,2017MM11,124.0
4808,A6,308000,4808,1.4,0.2,2017MM12,124.3
