,Afzet,BedrijfstakkenBranchesSBI2008,ID,OntwikkelingTOV1JaarEerder_2,OntwikkelingTOV1MaandEerder_3,Perioden,ProducentenprijsindexPPI_1
68783,A5,308000,68783,1.1049833887,-0.116551724138,1981MM01,119.113148789
68784,A5,308000,68784,1.10996677741,-0.133103448276,1981MM02,119.026297578
68785,A5,308000,68785,1.11495016611,-0.149655172414,1981MM03,118.939446367
68786,A5,308000,68786,1.11993355482,-0.166206896552,1981MM04,118.852595156
68787,A5,308000,68787,1.12491694352,-0.18275862069,1981MM05,118.765743945
68788,A5,308000,68788,1.12990033223,-0.199310344828,1981MM06,118.678892734
68789,A5,308000,68789,1.13488372093,-0.215862068966,1981MM07,118.592041522
68790,A5,308000,68790,1.13986710963,-0.232413793103,1981MM08,118.505190311
68791,A5,308000,68791,1.14485049834,-0.248965517241,1981MM09,118.4183391
68792,A5,308000,68792,1.14983388704,-0.265517241379,1981MM10,118.331487889
68793,A5,308000,68793,1.15481727575,-0.282068965517,1981MM11,118.244636678
68794,A5,308000,68794,1.15980066445,-0.298620689655,1981MM12,118.157785467
68796,A5,308000,68796,1.16478405316,-0.315172413793,1982MM01,118.070934256
68797,A5,308000,68797,1.16976744186,-0.331724137931,1982MM02,117.984083045
68798,A5,308000,68798,1.17475083056,-0.348275862069,1982MM03,117.897231834
68799,A5,308000,68799,1.17973421927,-0.364827586207,1982MM04,117.810380623
68800,A5,308000,68800,1.18471760797,-0.381379310345,1982MM05,117.723529412
68801,A5,308000,68801,1.18970099668,-0.397931034483,1982MM06,117.636678201
68802,A5,308000,68802,1.19468438538,-0.414482758621,1982MM07,117.54982699
68803,A5,308000,68803,1.19966777409,-0.431034482759,1982MM08,117.462975779
68804,A5,308000,68804,1.20465116279,-0.447586206897,1982MM09,117.376124567
68805,A5,308000,68805,1.2096345515,-0.464137931034,1982MM10,117.289273356
68806,A5,308000,68806,1.2146179402,-0.480689655172,1982MM11,117.202422145
68807,A5,308000,68807,1.2196013289,-0.49724137931,1982MM12,117.115570934
68809,A5,308000,68809,1.22458471761,-0.513793103448,1983MM01,117.028719723
68810,A5,308000,68810,1.22956810631,-0.530344827586,1983MM02,116.941868512
68811,A5,308000,68811,1.23455149502,-0.546896551724,1983MM03,116.855017301
68812,A5,308000,68812,1.23953488372,-0.563448275862,1983MM04,116.76816609
68813,A5,308000,68813,1.24451827243,-0.58,1983MM05,116.681314879
68814,A5,308000,68814,1.24950166113,-0.596551724138,1983MM06,116.594463668
68815,A5,308000,68815,1.25448504983,-0.613103448276,1983MM07,116.507612457
68816,A5,308000,68816,1.25946843854,-0.629655172414,1983MM08,116.420761246
68817,A5,308000,68817,1.26445182724,-0.646206896552,1983MM09,116.333910035
68818,A5,308000,68818,1.26943521595,-0.66275862069,1983MM10,116.247058824
68819,A5,308000,68819,1.27441860465,-0.679310344828,1983MM11,116.160207612
68820,A5,308000,68820,1.27940199336,-0.695862068966,1983MM12,116.073356401
68822,A5,308000,68822,1.28438538206,-0.712413793103,1984MM01,115.98650519
68823,A5,308000,68823,1.28936877076,-0.728965517241,1984MM02,115.899653979
68824,A5,308000,68824,1.29435215947,-0.745517241379,1984MM03,115.812802768
68825,A5,308000,68825,1.29933554817,-0.762068965517,1984MM04,115.725951557
68826,A5,308000,68826,1.30431893688,-0.778620689655,1984MM05,115.639100346
68827,A5,308000,68827,1.30930232558,-0.795172413793,1984MM06,115.552249135
68828,A5,308000,68828,1.31428571429,-0.811724137931,1984MM07,115.465397924
68829,A5,308000,68829,1.31926910299,-0.828275862069,1984MM08,115.378546713
68830,A5,308000,68830,1.32425249169,-0.844827586207,1984MM09,115.291695502
68831,A5,308000,68831,1.3292358804,-0.861379310345,1984MM10,115.204844291
68832,A5,308000,68832,1.3342192691,-0.877931034483,1984MM11,115.11799308
68833,A5,308000,68833,1.33920265781,-0.894482758621,1984MM12,115.031141869
68835,A5,308000,68835,1.34418604651,-0.911034482759,1985MM01,114.944290657
68836,A5,308000,68836,1.34916943522,-0.927586206897,1985MM02,114.857439446
68837,A5,308000,68837,1.35415282392,-0.944137931034,1985MM03,114.770588235
68838,A5,308000,68838,1.35913621262,-0.960689655172,1985MM04,114.683737024
68839,A5,308000,68839,1.36411960133,-0.97724137931,1985MM05,114.596885813
68840,A5,308000,68840,1.36910299003,-0.993793103448,1985MM06,114.510034602
68841,A5,308000,68841,1.37408637874,-1.01034482759,1985MM07,114.423183391
68842,A5,308000,68842,1.37906976744,-1.02689655172,1985MM08,114.33633218
68843,A5,308000,68843,1.38405315615,-1.04344827586,1985MM09,114.249480969
68844,A5,308000,68844,1.38903654485,-1.06,1985MM10,114.162629758
68845,A5,308000,68845,1.39401993355,-1.07655172414,1985MM11,114.075778547
68846,A5,308000,68846,1.39900332226,-1.09310344828,1985MM12,113.988927336
68848,A5,308000,68848,1.40398671096,-1.10965517241,1986MM01,113.902076125
68849,A5,308000,68849,1.40897009967,-1.12620689655,1986MM02,113.815224913
68850,A5,308000,68850,1.41395348837,-1.14275862069,1986MM03,113.728373702
68851,A5,308000,68851,1.41893687708,-1.15931034483,1986MM04,113.641522491
68852,A5,308000,68852,1.42392026578,-1.17586206897,1986MM05,113.55467128
68853,A5,308000,68853,1.42890365449,-1.1924137931,1986MM06,113.467820069
68854,A5,308000,68854,1.43388704319,-1.20896551724,1986MM07,113.380968858
68855,A5,308000,68855,1.43887043189,-1.22551724138,1986MM08,113.294117647
68856,A5,308000,68856,1.4438538206,-1.24206896552,1986MM09,113.207266436
68857,A5,308000,68857,1.4488372093,-1.25862068966,1986MM10,113.120415225
68858,A5,308000,68858,1.45382059801,-1.27517241379,1986MM11,113.033564014
68859,A5,308000,68859,1.45880398671,-1.29172413793,1986MM12,112.946712803
68861,A5,308000,68861,1.46378737542,-1.30827586207,1987MM01,112.859861592
68862,A5,308000,68862,1.46877076412,-1.32482758621,1987MM02,112.773010381
68863,A5,308000,68863,1.47375415282,-1.34137931034,1987MM03,112.68615917
68864,A5,308000,68864,1.47873754153,-1.35793103448,1987MM04,112.599307958
68865,A5,308000,68865,1.48372093023,-1.37448275862,1987MM05,112.512456747
68866,A5,308000,68866,1.48870431894,-1.39103448276,1987MM06,112.425605536
68867,A5,308000,68867,1.49368770764,-1.4075862069,1987MM07,112.338754325
68868,A5,308000,68868,1.49867109635,-1.42413793103,1987MM08,112.251903114
68869,A5,308000,68869,1.50365448505,-1.44068965517,1987MM09,112.165051903
68870,A5,308000,68870,1.50863787375,-1.45724137931,1987MM10,112.078200692
68871,A5,308000,68871,1.51362126246,-1.47379310345,1987MM11,111.991349481
68872,A5,308000,68872,1.51860465116,-1.49034482759,1987MM12,111.90449827
68874,A5,308000,68874,1.52358803987,-1.50689655172,1988MM01,111.817647059
68875,A5,308000,68875,1.52857142857,-1.52344827586,1988MM02,111.730795848
68876,A5,308000,68876,1.53355481728,-1.54,1988MM03,111.643944637
68877,A5,308000,68877,1.53853820598,-1.55655172414,1988MM04,111.557093426
68878,A5,308000,68878,1.54352159468,-1.57310344828,1988MM05,111.470242215
68879,A5,308000,68879,1.54850498339,-1.58965517241,1988MM06,111.383391003
68880,A5,308000,68880,1.55348837209,-1.60620689655,1988MM07,111.296539792
68881,A5,308000,68881,1.5584717608,-1.62275862069,1988MM08,111.209688581
68882,A5,308000,68882,1.5634551495,-1.63931034483,1988MM09,111.12283737
68883,A5,308000,68883,1.56843853821,-1.65586206897,1988MM10,111.035986159
68884,A5,308000,68884,1.57342192691,-1.6724137931,1988MM11,110.949134948
68885,A5,308000,68885,1.57840531561,-1.68896551724,1988MM12,110.862283737
68887,A5,308000,68887,1.58338870432,-1.70551724138,1989MM01,110.775432526
68888,A5,308000,68888,1.58837209302,-1.72206896552,1989MM02,110.688581315
68889,A5,308000,68889,1.59335548173,-1.73862068966,1989MM03,110.601730104
68890,A5,308000,68890,1.59833887043,-1.75517241379,1989MM04,110.514878893
68891,A5,308000,68891,1.60332225914,-1.77172413793,1989MM05,110.428027682
68892,A5,308000,68892,1.60830564784,-1.78827586207,1989MM06,110.341176471
68893,A5,308000,68893,1.61328903654,-1.80482758621,1989MM07,110.25432526
68894,A5,308000,68894,1.61827242525,-1.82137931034,1989MM08,110.167474048
68895,A5,308000,68895,1.62325581395,-1.83793103448,1989MM09,110.080622837
68896,A5,308000,68896,1.62823920266,-1.85448275862,1989MM10,109.993771626
68897,A5,308000,68897,1.63322259136,-1.87103448276,1989MM11,109.906920415
68898,A5,308000,68898,1.63820598007,-1.8875862069,1989MM12,109.820069204
68900,A5,308000,68900,1.64318936877,-1.90413793103,1990MM01,109.733217993
68901,A5,308000,68901,1.64817275748,-1.92068965517,1990MM02,109.646366782
68902,A5,308000,68902,1.65315614618,-1.93724137931,1990MM03,109.559515571
68903,A5,308000,68903,1.65813953488,-1.95379310345,1990MM04,109.47266436
68904,A5,308000,68904,1.66312292359,-1.97034482759,1990MM05,109.385813149
68905,A5,308000,68905,1.66810631229,-1.98689655172,1990MM06,109.298961938
68906,A5,308000,68906,1.673089701,-2.00344827586,1990MM07,109.212110727
68907,A5,308000,68907,1.6780730897,-2.02,1990MM08,109.125259516
68908,A5,308000,68908,1.68305647841,-2.03655172414,1990MM09,109.038408304
68909,A5,308000,68909,1.68803986711,-2.05310344828,1990MM10,108.951557093
68910,A5,308000,68910,1.69302325581,-2.06965517241,1990MM11,108.864705882
68911,A5,308000,68911,1.69800664452,-2.08620689655,1990MM12,108.777854671
68913,A5,308000,68913,1.70299003322,-2.10275862069,1991MM01,108.69100346
68914,A5,308000,68914,1.70797342193,-2.11931034483,1991MM02,108.604152249
68915,A5,308000,68915,1.71295681063,-2.13586206897,1991MM03,108.517301038
68916,A5,308000,68916,1.71794019934,-2.1524137931,1991MM04,108.430449827
68917,A5,308000,68917,1.72292358804,-2.16896551724,1991MM05,108.343598616
68918,A5,308000,68918,1.72790697674,-2.18551724138,1991MM06,108.256747405
68919,A5,308000,68919,1.73289036545,-2.20206896552,1991MM07,108.169896194
68920,A5,308000,68920,1.73787375415,-2.21862068966,1991MM08,108.083044983
68921,A5,308000,68921,1.74285714286,-2.23517241379,1991MM09,107.996193772
68922,A5,308000,68922,1.74784053156,-2.25172413793,1991MM10,107.909342561
68923,A5,308000,68923,1.75282392027,-2.26827586207,1991MM11,107.822491349
68924,A5,308000,68924,1.75780730897,-2.28482758621,1991MM12,107.735640138
68926,A5,308000,68926,1.76279069767,-2.30137931034,1992MM01,107.648788927
68927,A5,308000,68927,1.76777408638,-2.31793103448,1992MM02,107.561937716
68928,A5,308000,68928,1.77275747508,-2.33448275862,1992MM03,107.475086505
68929,A5,308000,68929,1.77774086379,-2.35103448276,1992MM04,107.388235294
68930,A5,308000,68930,1.78272425249,-2.3675862069,1992MM05,107.301384083
68931,A5,308000,68931,1.7877076412,-2.38413793103,1992MM06,107.214532872
68932,A5,308000,68932,1.7926910299,-2.40068965517,1992MM07,107.127681661
68933,A5,308000,68933,1.7976744186,-2.41724137931,1992MM08,107.04083045
68934,A5,308000,68934,1.80265780731,-2.43379310345,1992MM09,106.953979239
68935,A5,308000,68935,1.80764119601,-2.45034482759,1992MM10,106.867128028
68936,A5,308000,68936,1.81262458472,-2.46689655172,1992MM11,106.780276817
68937,A5,308000,68937,1.81760797342,-2.48344827586,1992MM12,106.693425606
68939,A5,308000,68939,1.82259136213,-2.5,1993MM01,106.606574394
68940,A5,308000,68940,1.82757475083,-2.51655172414,1993MM02,106.519723183
68941,A5,308000,68941,1.83255813953,-2.53310344828,1993MM03,106.432871972
68942,A5,308000,68942,1.83754152824,-2.54965517241,1993MM04,106.346020761
68943,A5,308000,68943,1.84252491694,-2.56620689655,1993MM05,106.25916955
68944,A5,308000,68944,1.84750830565,-2.58275862069,1993MM06,106.172318339
68945,A5,308000,68945,1.85249169435,-2.59931034483,1993MM07,106.085467128
68946,A5,308000,68946,1.85747508306,-2.61586206897,1993MM08,105.998615917
68947,A5,308000,68947,1.86245847176,-2.6324137931,1993MM09,105.911764706
68948,A5,308000,68948,1.86744186047,-2.64896551724,1993MM10,105.824913495
68949,A5,308000,68949,1.87242524917,-2.66551724138,1993MM11,105.738062284
68950,A5,308000,68950,1.87740863787,-2.68206896552,1993MM12,105.651211073
68952,A5,308000,68952,1.88239202658,-2.69862068966,1994MM01,105.564359862
68953,A5,308000,68953,1.88737541528,-2.71517241379,1994MM02,105.477508651
68954,A5,308000,68954,1.89235880399,-2.73172413793,1994MM03,105.390657439
68955,A5,308000,68955,1.89734219269,-2.74827586207,1994MM04,105.303806228
68956,A5,308000,68956,1.9023255814,-2.76482758621,1994MM05,105.216955017
68957,A5,308000,68957,1.9073089701,-2.78137931034,1994MM06,105.130103806
68958,A5,308000,68958,1.9122923588,-2.79793103448,1994MM07,105.043252595
68959,A5,308000,68959,1.91727574751,-2.81448275862,1994MM08,104.956401384
68960,A5,308000,68960,1.92225913621,-2.83103448276,1994MM09,104.869550173
68961,A5,308000,68961,1.92724252492,-2.8475862069,1994MM10,104.782698962
68962,A5,308000,68962,1.93222591362,-2.86413793103,1994MM11,104.695847751
68963,A5,308000,68963,1.93720930233,-2.88068965517,1994MM12,104.60899654
68965,A5,308000,68965,1.94219269103,-2.89724137931,1995MM01,104.522145329
68966,A5,308000,68966,1.94717607973,-2.91379310345,1995MM02,104.435294118
68967,A5,308000,68967,1.95215946844,-2.93034482759,1995MM03,104.348442907
68968,A5,308000,68968,1.95714285714,-2.94689655172,1995MM04,104.261591696
68969,A5,308000,68969,1.96212624585,-2.96344827586,1995MM05,104.174740484
68970,A5,308000,68970,1.96710963455,-2.98,1995MM06,104.087889273
68971,A5,308000,68971,1.97209302326,-2.99655172414,1995MM07,104.001038062
68972,A5,308000,68972,1.97707641196,-3.01310344828,1995MM08,103.914186851
68973,A5,308000,68973,1.98205980066,-3.02965517241,1995MM09,103.82733564
68974,A5,308000,68974,1.98704318937,-3.04620689655,1995MM10,103.740484429
68975,A5,308000,68975,1.99202657807,-3.06275862069,1995MM11,103.653633218
68976,A5,308000,68976,1.99700996678,-3.07931034483,1995MM12,103.566782007
68978,A5,308000,68978,2.00199335548,-3.09586206897,1996MM01,103.479930796
68979,A5,308000,68979,2.00697674419,-3.1124137931,1996MM02,103.393079585
68980,A5,308000,68980,2.01196013289,-3.12896551724,1996MM03,103.306228374
68981,A5,308000,68981,2.01694352159,-3.14551724138,1996MM04,103.219377163
68982,A5,308000,68982,2.0219269103,-3.16206896552,1996MM05,103.132525952
68983,A5,308000,68983,2.026910299,-3.17862068966,1996MM06,103.04567474
68984,A5,308000,68984,2.03189368771,-3.19517241379,1996MM07,102.958823529
68985,A5,308000,68985,2.03687707641,-3.21172413793,1996MM08,102.871972318
68986,A5,308000,68986,2.04186046512,-3.22827586207,1996MM09,102.785121107
68987,A5,308000,68987,2.04684385382,-3.24482758621,1996MM10,102.698269896
68988,A5,308000,68988,2.05182724252,-3.26137931034,1996MM11,102.611418685
68989,A5,308000,68989,2.05681063123,-3.27793103448,1996MM12,102.524567474
68991,A5,308000,68991,2.06179401993,-3.29448275862,1997MM01,102.437716263
68992,A5,308000,68992,2.06677740864,-3.31103448276,1997MM02,102.350865052
68993,A5,308000,68993,2.07176079734,-3.3275862069,1997MM03,102.264013841
68994,A5,308000,68994,2.07674418605,-3.34413793103,1997MM04,102.17716263
68995,A5,308000,68995,2.08172757475,-3.36068965517,1997MM05,102.090311419
68996,A5,308000,68996,2.08671096346,-3.37724137931,1997MM06,102.003460208
68997,A5,308000,68997,2.09169435216,-3.39379310345,1997MM07,101.916608997
68998,A5,308000,68998,2.09667774086,-3.41034482759,1997MM08,101.829757785
68999,A5,308000,68999,2.10166112957,-3.42689655172,1997MM09,101.742906574
69000,A5,308000,69000,2.10664451827,-3.44344827586,1997MM10,101.656055363
69001,A5,308000,69001,2.11162790698,-3.46,1997MM11,101.569204152
69002,A5,308000,69002,2.11661129568,-3.47655172414,1997MM12,101.482352941
69004,A5,308000,69004,2.12159468439,-3.49310344828,1998MM01,101.39550173
69005,A5,308000,69005,2.12657807309,-3.50965517241,1998MM02,101.308650519
69006,A5,308000,69006,2.13156146179,-3.52620689655,1998MM03,101.221799308
69007,A5,308000,69007,2.1365448505,-3.54275862069,1998MM04,101.134948097
69008,A5,308000,69008,2.1415282392,-3.55931034483,1998MM05,101.048096886
69009,A5,308000,69009,2.14651162791,-3.57586206897,1998MM06,100.961245675
69010,A5,308000,69010,2.15149501661,-3.5924137931,1998MM07,100.874394464
69011,A5,308000,69011,2.15647840532,-3.60896551724,1998MM08,100.787543253
69012,A5,308000,69012,2.16146179402,-3.62551724138,1998MM09,100.700692042
69013,A5,308000,69013,2.16644518272,-3.64206896552,1998MM10,100.61384083
69014,A5,308000,69014,2.17142857143,-3.65862068966,1998MM11,100.526989619
69015,A5,308000,69015,2.17641196013,-3.67517241379,1998MM12,100.440138408
69017,A5,308000,69017,2.18139534884,-3.69172413793,1999MM01,100.353287197
69018,A5,308000,69018,2.18637873754,-3.70827586207,1999MM02,100.266435986
69019,A5,308000,69019,2.19136212625,-3.72482758621,1999MM03,100.179584775
69020,A5,308000,69020,2.19634551495,-3.74137931034,1999MM04,100.092733564
69021,A5,308000,69021,2.20132890365,-3.75793103448,1999MM05,100.005882353
69022,A5,308000,69022,2.20631229236,-3.77448275862,1999MM06,99.9190311419
69023,A5,308000,69023,2.21129568106,-3.79103448276,1999MM07,99.8321799308
69024,A5,308000,69024,2.21627906977,-3.8075862069,1999MM08,99.7453287197
69025,A5,308000,69025,2.22126245847,-3.82413793103,1999MM09,99.6584775087
69026,A5,308000,69026,2.22624584718,-3.84068965517,1999MM10,99.5716262976
69027,A5,308000,69027,2.23122923588,-3.85724137931,1999MM11,99.4847750865
69028,A5,308000,69028,2.23621262458,-3.87379310345,1999MM12,99.3979238754
69030,A5,308000,69030,2.24119601329,-3.89034482759,2000MM01,99.3110726644
69031,A5,308000,69031,2.24617940199,-3.90689655172,2000MM02,99.2242214533
69032,A5,308000,69032,2.2511627907,-3.92344827586,2000MM03,99.1373702422
69033,A5,308000,69033,2.2561461794,-3.94,2000MM04,99.0505190311
69034,A5,308000,69034,2.26112956811,-3.95655172414,2000MM05,98.9636678201
69035,A5,308000,69035,2.26611295681,-3.97310344828,2000MM06,98.876816609
69036,A5,308000,69036,2.27109634551,-3.98965517241,2000MM07,98.7899653979
69037,A5,308000,69037,2.27607973422,-4.00620689655,2000MM08,98.7031141869
69038,A5,308000,69038,2.28106312292,-4.02275862069,2000MM09,98.6162629758
69039,A5,308000,69039,2.28604651163,-4.03931034483,2000MM10,98.5294117647
69040,A5,308000,69040,2.29102990033,-4.05586206897,2000MM11,98.4425605536
69041,A5,308000,69041,2.29601328904,-4.0724137931,2000MM12,98.3557093426
69043,A5,308000,69043,2.30099667774,-4.08896551724,2001MM01,98.2688581315
69044,A5,308000,69044,2.30598006645,-4.10551724138,2001MM02,98.1820069204
69045,A5,308000,69045,2.31096345515,-4.12206896552,2001MM03,98.0951557093
69046,A5,308000,69046,2.31594684385,-4.13862068966,2001MM04,98.0083044983
69047,A5,308000,69047,2.32093023256,-4.15517241379,2001MM05,97.9214532872
69048,A5,308000,69048,2.32591362126,-4.17172413793,2001MM06,97.8346020761
69049,A5,308000,69049,2.33089700997,-4.18827586207,2001MM07,97.7477508651
69050,A5,308000,69050,2.33588039867,-4.20482758621,2001MM08,97.660899654
69051,A5,308000,69051,2.34086378738,-4.22137931034,2001MM09,97.5740484429
69052,A5,308000,69052,2.34584717608,-4.23793103448,2001MM10,97.4871972318
69053,A5,308000,69053,2.35083056478,-4.25448275862,2001MM11,97.4003460208
69054,A5,308000,69054,2.35581395349,-4.27103448276,2001MM12,97.3134948097
69056,A5,308000,69056,2.36079734219,-4.2875862069,2002MM01,97.2266435986
69057,A5,308000,69057,2.3657807309,-4.30413793103,2002MM02,97.1397923875
69058,A5,308000,69058,2.3707641196,-4.32068965517,2002MM03,97.0529411765
69059,A5,308000,69059,2.37574750831,-4.33724137931,2002MM04,96.9660899654
69060,A5,308000,69060,2.38073089701,-4.35379310345,2002MM05,96.8792387543
69061,A5,308000,69061,2.38571428571,-4.37034482759,2002MM06,96.7923875433
69062,A5,308000,69062,2.39069767442,-4.38689655172,2002MM07,96.7055363322
69063,A5,308000,69063,2.39568106312,-4.40344827586,2002MM08,96.6186851211
69064,A5,308000,69064,2.40066445183,-4.42,2002MM09,96.53183391
69065,A5,308000,69065,2.40564784053,-4.43655172414,2002MM10,96.444982699
69066,A5,308000,69066,2.41063122924,-4.45310344828,2002MM11,96.3581314879
69067,A5,308000,69067,2.41561461794,-4.46965517241,2002MM12,96.2712802768
69069,A5,308000,69069,2.42059800664,-4.48620689655,2003MM01,96.1844290657
69070,A5,308000,69070,2.42558139535,-4.50275862069,2003MM02,96.0975778547
69071,A5,308000,69071,2.43056478405,-4.51931034483,2003MM03,96.0107266436
69072,A5,308000,69072,2.43554817276,-4.53586206897,2003MM04,95.9238754325
69073,A5,308000,69073,2.44053156146,-4.5524137931,2003MM05,95.8370242215
69074,A5,308000,69074,2.44551495017,-4.56896551724,2003MM06,95.7501730104
69075,A5,308000,69075,2.45049833887,-4.58551724138,2003MM07,95.6633217993
69076,A5,308000,69076,2.45548172757,-4.60206896552,2003MM08,95.5764705882
69077,A5,308000,69077,2.46046511628,-4.61862068966,2003MM09,95.4896193772
69078,A5,308000,69078,2.46544850498,-4.63517241379,2003MM10,95.4027681661
69079,A5,308000,69079,2.47043189369,-4.65172413793,2003MM11,95.315916955
69080,A5,308000,69080,2.47541528239,-4.66827586207,2003MM12,95.2290657439
69082,A5,308000,69082,2.4803986711,-4.68482758621,2004MM01,95.1422145329
69083,A5,308000,69083,2.4853820598,-4.70137931034,2004MM02,95.0553633218
69084,A5,308000,69084,2.4903654485,-4.71793103448,2004MM03,94.9685121107
69085,A5,308000,69085,2.49534883721,-4.73448275862,2004MM04,94.8816608997
69086,A5,308000,69086,2.50033222591,-4.75103448276,2004MM05,94.7948096886
69087,A5,308000,69087,2.50531561462,-4.7675862069,2004MM06,94.7079584775
69088,A5,308000,69088,2.51029900332,-4.78413793103,2004MM07,94.6211072664
69089,A5,308000,69089,2.51528239203,-4.80068965517,2004MM08,94.5342560554
69090,A5,308000,69090,2.52026578073,-4.81724137931,2004MM09,94.4474048443
69091,A5,308000,69091,2.52524916944,-4.83379310345,2004MM10,94.3605536332
69092,A5,308000,69092,2.53023255814,-4.85034482759,2004MM11,94.2737024221
69093,A5,308000,69093,2.53521594684,-4.86689655172,2004MM12,94.1868512111
69095,A5,308000,69095,2.54019933555,-4.88344827586,2005MM01,94.1
69096,A5,308000,69096,2.54518272425,-4.9,2005MM02,89.6
69097,A5,308000,69097,2.55016611296,-2.7,2005MM03,87.2
69098,A5,308000,69098,2.55514950166,-4.4,2005MM04,83.3
69099,A5,308000,69099,2.56013289037,1.9,2005MM05,84.9
69100,A5,308000,69100,2.56511627907,1.7,2005MM06,86.3
69101,A5,308000,69101,2.57009966777,-0.3,2005MM07,86.0
69102,A5,308000,69102,2.57508305648,1.3,2005MM08,87.2
69103,A5,308000,69103,2.58006644518,2.6,2005MM09,89.5
69104,A5,308000,69104,2.58504983389,3.2,2005MM10,92.4
69105,A5,308000,69105,2.59003322259,1.5,2005MM11,93.7
69106,A5,308000,69106,2.5950166113,2.7,2005MM12,96.3
69108,A5,308000,69108,2.6,0.3,2006MM01,96.6
69109,A5,308000,69109,7.1,-0.7,2006MM02,95.9
69110,A5,308000,69110,10.0,0.0,2006MM03,95.9
69111,A5,308000,69111,14.8,-0.3,2006MM04,95.6
69112,A5,308000,69112,10.9,-1.5,2006MM05,94.1
69113,A5,308000,69113,7.5,-1.4,2006MM06,92.8
69114,A5,308000,69114,5.1,-2.6,2006MM07,90.4
69115,A5,308000,69115,5.0,1.3,2006MM08,91.6
69116,A5,308000,69116,5.1,2.7,2006MM09,94.1
69117,A5,308000,69117,1.6,-0.2,2006MM10,93.9
69118,A5,308000,69118,0.4,0.2,2006MM11,94.1
69119,A5,308000,69119,-0.7,1.7,2006MM12,95.6
69121,A5,308000,69121,-3.9,-3.0,2007MM01,92.8
69122,A5,308000,69122,-2.3,1.0,2007MM02,93.7
69123,A5,308000,69123,-3.2,-0.9,2007MM03,92.9
69124,A5,308000,69124,-0.5,2.4,2007MM04,95.1
69125,A5,308000,69125,-0.1,-1.1,2007MM05,94.1
69126,A5,308000,69126,1.6,0.3,2007MM06,94.3
69127,A5,308000,69127,3.8,-0.5,2007MM07,93.8
69128,A5,308000,69128,5.1,2.6,2007MM08,96.2
69129,A5,308000,69129,8.0,5.6,2007MM09,101.6
69130,A5,308000,69130,9.8,1.4,2007MM10,103.0
69131,A5,308000,69131,11.4,1.7,2007MM11,104.8
69132,A5,308000,69132,9.4,-0.2,2007MM12,104.6
69134,A5,308000,69134,10.2,-2.2,2008MM01,102.3
69135,A5,308000,69135,9.7,0.5,2008MM02,102.8
69136,A5,308000,69136,10.5,-0.2,2008MM03,102.6
69137,A5,308000,69137,6.9,-0.9,2008MM04,101.7
69138,A5,308000,69138,8.5,0.4,2008MM05,102.1
69139,A5,308000,69139,9.4,1.1,2008MM06,103.2
69140,A5,308000,69140,10.0,0.0,2008MM07,103.2
69141,A5,308000,69141,9.5,2.1,2008MM08,105.4
69142,A5,308000,69142,6.2,2.4,2008MM09,107.9
69143,A5,308000,69143,6.9,2.1,2008MM10,110.1
69144,A5,308000,69144,2.4,-2.6,2008MM11,107.3
69145,A5,308000,69145,2.1,-0.5,2008MM12,106.8
69147,A5,308000,69147,1.5,-2.8,2009MM01,103.8
69148,A5,308000,69148,-2.2,-3.1,2009MM02,100.6
69149,A5,308000,69149,-3.5,-1.5,2009MM03,99.0
69150,A5,308000,69150,-5.0,-2.5,2009MM04,96.6
69151,A5,308000,69151,-6.1,-0.8,2009MM05,95.8
69152,A5,308000,69152,-8.2,-1.2,2009MM06,94.7
69153,A5,308000,69153,-7.3,1.0,2009MM07,95.6
69154,A5,308000,69154,-7.8,1.6,2009MM08,97.2
69155,A5,308000,69155,-10.0,0.0,2009MM09,97.1
69156,A5,308000,69156,-12.3,-0.6,2009MM10,96.6
69157,A5,308000,69157,-9.4,0.7,2009MM11,97.2
69158,A5,308000,69158,-6.3,3.0,2009MM12,100.1
69160,A5,308000,69160,-4.1,-0.6,2010MM01,99.6
69161,A5,308000,69161,-1.9,-0.9,2010MM02,98.7
69162,A5,308000,69162,-0.9,-0.5,2010MM03,98.2
69163,A5,308000,69163,1.9,0.2,2010MM04,98.4
69164,A5,308000,69164,2.1,-0.6,2010MM05,97.8
69165,A5,308000,69165,4.3,1.0,2010MM06,98.8
69166,A5,308000,69166,1.3,-1.9,2010MM07,96.9
69167,A5,308000,69167,0.1,0.4,2010MM08,97.3
69168,A5,308000,69168,3.1,2.9,2010MM09,100.1
69169,A5,308000,69169,6.2,2.4,2010MM10,102.5
69170,A5,308000,69170,7.7,2.2,2010MM11,104.7
69171,A5,308000,69171,6.8,2.1,2010MM12,107.0
69173,A5,308000,69173,8.3,0.9,2011MM01,107.9
69174,A5,308000,69174,9.4,0.1,2011MM02,108.0
69175,A5,308000,69175,13.2,2.9,2011MM03,111.1
69176,A5,308000,69176,16.6,3.2,2011MM04,114.7
69177,A5,308000,69177,15.0,-1.9,2011MM05,112.5
69178,A5,308000,69178,10.2,-3.2,2011MM06,108.9
69179,A5,308000,69179,14.4,1.8,2011MM07,110.8
69180,A5,308000,69180,15.3,1.3,2011MM08,112.2
69181,A5,308000,69181,14.4,2.1,2011MM09,114.6
69182,A5,308000,69182,12.4,0.6,2011MM10,115.2
69183,A5,308000,69183,14.9,4.5,2011MM11,120.4
69184,A5,308000,69184,17.7,4.6,2011MM12,125.9
69186,A5,308000,69186,15.3,-1.3,2012MM01,124.3
69187,A5,308000,69187,14.1,-0.9,2012MM02,123.2
69188,A5,308000,69188,9.7,-1.1,2012MM03,121.9
69189,A5,308000,69189,5.4,-0.8,2012MM04,120.9
69190,A5,308000,69190,7.3,-0.2,2012MM05,120.7
69191,A5,308000,69191,10.1,-0.7,2012MM06,119.9
69192,A5,308000,69192,8.5,0.3,2012MM07,120.2
69193,A5,308000,69193,8.9,1.7,2012MM08,122.3
69194,A5,308000,69194,8.4,1.6,2012MM09,124.2
69195,A5,308000,69195,10.2,2.2,2012MM10,126.9
69196,A5,308000,69196,6.5,1.1,2012MM11,128.3
69197,A5,308000,69197,2.4,0.5,2012MM12,128.9
69199,A5,308000,69199,1.9,-1.7,2013MM01,126.7
69200,A5,308000,69200,0.8,-2.0,2013MM02,124.2
69201,A5,308000,69201,1.2,-0.7,2013MM03,123.4
69202,A5,308000,69202,0.2,-1.8,2013MM04,121.1
69203,A5,308000,69203,-1.3,-1.7,2013MM05,119.1
69204,A5,308000,69204,-1.2,-0.6,2013MM06,118.4
69205,A5,308000,69205,-0.5,1.0,2013MM07,119.7
69206,A5,308000,69206,-1.1,1.0,2013MM08,120.9
69207,A5,308000,69207,-1.5,1.2,2013MM09,122.4
69208,A5,308000,69208,-3.4,0.2,2013MM10,122.6
69209,A5,308000,69209,-3.0,1.5,2013MM11,124.4
69210,A5,308000,69210,-1.1,2.5,2013MM12,127.5
69212,A5,308000,69212,-1.4,-1.9,2014MM01,125.0
69213,A5,308000,69213,-1.0,-1.7,2014MM02,122.9
69214,A5,308000,69214,-2.3,-1.9,2014MM03,120.5
69215,A5,308000,69215,-0.5,0.0,2014MM04,120.6
69216,A5,308000,69216,0.7,-0.6,2014MM05,119.9
69217,A5,308000,69217,-0.9,-2.2,2014MM06,117.3
69218,A5,308000,69218,-2.4,-0.5,2014MM07,116.7
69219,A5,308000,69219,-3.0,0.4,2014MM08,117.2
69220,A5,308000,69220,-3.6,0.7,2014MM09,118.0
69221,A5,308000,69221,-4.6,-0.9,2014MM10,116.9
69222,A5,308000,69222,-5.9,0.1,2014MM11,117.0
69223,A5,308000,69223,-6.4,2.0,2014MM12,119.4
69225,A5,308000,69225,-7.4,-3.1,2015MM01,115.7
69226,A5,308000,69226,-7.1,-1.4,2015MM02,114.1
69227,A5,308000,69227,-5.4,-0.1,2015MM03,114.0
69228,A5,308000,69228,-5.5,0.0,2015MM04,114.0
69229,A5,308000,69229,-5.9,-1.0,2015MM05,112.8
69230,A5,308000,69230,-3.1,0.8,2015MM06,113.7
69231,A5,308000,69231,-5.7,-3.2,2015MM07,110.1
69232,A5,308000,69232,-7.9,-1.9,2015MM08,108.0
69233,A5,308000,69233,-7.0,1.7,2015MM09,109.8
69234,A5,308000,69234,-4.9,1.2,2015MM10,111.2
69235,A5,308000,69235,1.5,6.8,2015MM11,118.7
69236,A5,308000,69236,-1.6,-1.0,2015MM12,117.5
69238,A5,308000,69238,-0.8,-2.4,2016MM01,114.7
69239,A5,308000,69239,0.3,-0.2,2016MM02,114.5
69240,A5,308000,69240,5.3,4.8,2016MM03,120.1
69241,A5,308000,69241,-1.0,-6.1,2016MM04,112.8
69242,A5,308000,69242,0.8,0.8,2016MM05,113.7
69243,A5,308000,69243,5.0,5.0,2016MM06,119.4
69244,A5,308000,69244,9.4,0.9,2016MM07,120.4
69245,A5,308000,69245,11.7,0.2,2016MM08,120.6
69246,A5,308000,69246,11.0,1.0,2016MM09,121.9
69247,A5,308000,69247,12.5,2.6,2016MM10,125.1
69248,A5,308000,69248,7.2,1.8,2016MM11,127.3
69249,A5,308000,69249,10.3,1.7,2016MM12,129.6
69251,A5,308000,69251,11.7,-1.1,2017MM01,128.2
69252,A5,308000,69252,10.1,-1.6,2017MM02,126.1
69253,A5,308000,69253,6.0,0.9,2017MM03,127.2
69254,A5,308000,69254,13.8,0.9,2017MM04,128.3
69255,A5,308000,69255,14.5,1.4,2017MM05,130.2
69256,A5,308000,69256,5.6,-3.1,2017MM06,126.1
69257,A5,308000,69257,3.6,-1.1,2017MM07,124.8
69258,A5,308000,69258,3.3,-0.1,2017MM08,124.6
69259,A5,308000,69259,4.7,2.4,2017MM09,127.6
69260,A5,308000,69260,4.0,2.0,2017MM10,130.1
69261,A5,308000,69261,2.8,0.6,2017MM11,130.9
69262,A5,308000,69262,1.8,0.7,2017MM12,131.9
