,Afzet,BedrijfstakkenBranchesSBI2008,ID,OntwikkelingTOV1JaarEerder_2,OntwikkelingTOV1MaandEerder_3,Perioden,ProducentenprijsindexPPI_1
36556,A4,308000,36556,1.39368770764,0.199310344828,1981MM01,124.171280277
36557,A4,308000,36557,1.38737541528,0.198620689655,1981MM02,124.042560554
36558,A4,308000,36558,1.38106312292,0.197931034483,1981MM03,123.91384083
36559,A4,308000,36559,1.37475083056,0.19724137931,1981MM04,123.785121107
36560,A4,308000,36560,1.36843853821,0.196551724138,1981MM05,123.656401384
36561,A4,308000,36561,1.36212624585,0.195862068966,1981MM06,123.527681661
36562,A4,308000,36562,1.35581395349,0.195172413793,1981MM07,123.398961938
36563,A4,308000,36563,1.34950166113,0.194482758621,1981MM08,123.270242215
36564,A4,308000,36564,1.34318936877,0.193793103448,1981MM09,123.141522491
36565,A4,308000,36565,1.33687707641,0.193103448276,1981MM10,123.012802768
36566,A4,308000,36566,1.33056478405,0.192413793103,1981MM11,122.884083045
36567,A4,308000,36567,1.32425249169,0.191724137931,1981MM12,122.755363322
36569,A4,308000,36569,1.31794019934,0.191034482759,1982MM01,122.626643599
36570,A4,308000,36570,1.31162790698,0.190344827586,1982MM02,122.497923875
36571,A4,308000,36571,1.30531561462,0.189655172414,1982MM03,122.369204152
36572,A4,308000,36572,1.29900332226,0.188965517241,1982MM04,122.240484429
36573,A4,308000,36573,1.2926910299,0.188275862069,1982MM05,122.111764706
36574,A4,308000,36574,1.28637873754,0.187586206897,1982MM06,121.983044983
36575,A4,308000,36575,1.28006644518,0.186896551724,1982MM07,121.85432526
36576,A4,308000,36576,1.27375415282,0.186206896552,1982MM08,121.725605536
36577,A4,308000,36577,1.26744186047,0.185517241379,1982MM09,121.596885813
36578,A4,308000,36578,1.26112956811,0.184827586207,1982MM10,121.46816609
36579,A4,308000,36579,1.25481727575,0.184137931034,1982MM11,121.339446367
36580,A4,308000,36580,1.24850498339,0.183448275862,1982MM12,121.210726644
36582,A4,308000,36582,1.24219269103,0.18275862069,1983MM01,121.08200692
36583,A4,308000,36583,1.23588039867,0.182068965517,1983MM02,120.953287197
36584,A4,308000,36584,1.22956810631,0.181379310345,1983MM03,120.824567474
36585,A4,308000,36585,1.22325581395,0.180689655172,1983MM04,120.695847751
36586,A4,308000,36586,1.21694352159,0.18,1983MM05,120.567128028
36587,A4,308000,36587,1.21063122924,0.179310344828,1983MM06,120.438408304
36588,A4,308000,36588,1.20431893688,0.178620689655,1983MM07,120.309688581
36589,A4,308000,36589,1.19800664452,0.177931034483,1983MM08,120.180968858
36590,A4,308000,36590,1.19169435216,0.17724137931,1983MM09,120.052249135
36591,A4,308000,36591,1.1853820598,0.176551724138,1983MM10,119.923529412
36592,A4,308000,36592,1.17906976744,0.175862068966,1983MM11,119.794809689
36593,A4,308000,36593,1.17275747508,0.175172413793,1983MM12,119.666089965
36595,A4,308000,36595,1.16644518272,0.174482758621,1984MM01,119.537370242
36596,A4,308000,36596,1.16013289037,0.173793103448,1984MM02,119.408650519
36597,A4,308000,36597,1.15382059801,0.173103448276,1984MM03,119.279930796
36598,A4,308000,36598,1.14750830565,0.172413793103,1984MM04,119.151211073
36599,A4,308000,36599,1.14119601329,0.171724137931,1984MM05,119.022491349
36600,A4,308000,36600,1.13488372093,0.171034482759,1984MM06,118.893771626
36601,A4,308000,36601,1.12857142857,0.170344827586,1984MM07,118.765051903
36602,A4,308000,36602,1.12225913621,0.169655172414,1984MM08,118.63633218
36603,A4,308000,36603,1.11594684385,0.168965517241,1984MM09,118.507612457
36604,A4,308000,36604,1.1096345515,0.168275862069,1984MM10,118.378892734
36605,A4,308000,36605,1.10332225914,0.167586206897,1984MM11,118.25017301
36606,A4,308000,36606,1.09700996678,0.166896551724,1984MM12,118.121453287
36608,A4,308000,36608,1.09069767442,0.166206896552,1985MM01,117.992733564
36609,A4,308000,36609,1.08438538206,0.165517241379,1985MM02,117.864013841
36610,A4,308000,36610,1.0780730897,0.164827586207,1985MM03,117.735294118
36611,A4,308000,36611,1.07176079734,0.164137931034,1985MM04,117.606574394
36612,A4,308000,36612,1.06544850498,0.163448275862,1985MM05,117.477854671
36613,A4,308000,36613,1.05913621262,0.16275862069,1985MM06,117.349134948
36614,A4,308000,36614,1.05282392027,0.162068965517,1985MM07,117.220415225
36615,A4,308000,36615,1.04651162791,0.161379310345,1985MM08,117.091695502
36616,A4,308000,36616,1.04019933555,0.160689655172,1985MM09,116.962975779
36617,A4,308000,36617,1.03388704319,0.16,1985MM10,116.834256055
36618,A4,308000,36618,1.02757475083,0.159310344828,1985MM11,116.705536332
36619,A4,308000,36619,1.02126245847,0.158620689655,1985MM12,116.576816609
36621,A4,308000,36621,1.01495016611,0.157931034483,1986MM01,116.448096886
36622,A4,308000,36622,1.00863787375,0.15724137931,1986MM02,116.319377163
36623,A4,308000,36623,1.0023255814,0.156551724138,1986MM03,116.190657439
36624,A4,308000,36624,0.996013289037,0.155862068966,1986MM04,116.061937716
36625,A4,308000,36625,0.989700996678,0.155172413793,1986MM05,115.933217993
36626,A4,308000,36626,0.983388704319,0.154482758621,1986MM06,115.80449827
36627,A4,308000,36627,0.97707641196,0.153793103448,1986MM07,115.675778547
36628,A4,308000,36628,0.970764119601,0.153103448276,1986MM08,115.547058824
36629,A4,308000,36629,0.964451827243,0.152413793103,1986MM09,115.4183391
36630,A4,308000,36630,0.958139534884,0.151724137931,1986MM10,115.289619377
36631,A4,308000,36631,0.951827242525,0.151034482759,1986MM11,115.160899654
36632,A4,308000,36632,0.945514950166,0.150344827586,1986MM12,115.032179931
36634,A4,308000,36634,0.939202657807,0.149655172414,1987MM01,114.903460208
36635,A4,308000,36635,0.932890365449,0.148965517241,1987MM02,114.774740484
36636,A4,308000,36636,0.92657807309,0.148275862069,1987MM03,114.646020761
36637,A4,308000,36637,0.920265780731,0.147586206897,1987MM04,114.517301038
36638,A4,308000,36638,0.913953488372,0.146896551724,1987MM05,114.388581315
36639,A4,308000,36639,0.907641196013,0.146206896552,1987MM06,114.259861592
36640,A4,308000,36640,0.901328903654,0.145517241379,1987MM07,114.131141869
36641,A4,308000,36641,0.895016611296,0.144827586207,1987MM08,114.002422145
36642,A4,308000,36642,0.888704318937,0.144137931034,1987MM09,113.873702422
36643,A4,308000,36643,0.882392026578,0.143448275862,1987MM10,113.744982699
36644,A4,308000,36644,0.876079734219,0.14275862069,1987MM11,113.616262976
36645,A4,308000,36645,0.86976744186,0.142068965517,1987MM12,113.487543253
36647,A4,308000,36647,0.863455149502,0.141379310345,1988MM01,113.358823529
36648,A4,308000,36648,0.857142857143,0.140689655172,1988MM02,113.230103806
36649,A4,308000,36649,0.850830564784,0.14,1988MM03,113.101384083
36650,A4,308000,36650,0.844518272425,0.139310344828,1988MM04,112.97266436
36651,A4,308000,36651,0.838205980066,0.138620689655,1988MM05,112.843944637
36652,A4,308000,36652,0.831893687708,0.137931034483,1988MM06,112.715224913
36653,A4,308000,36653,0.825581395349,0.13724137931,1988MM07,112.58650519
36654,A4,308000,36654,0.81926910299,0.136551724138,1988MM08,112.457785467
36655,A4,308000,36655,0.812956810631,0.135862068966,1988MM09,112.329065744
36656,A4,308000,36656,0.806644518272,0.135172413793,1988MM10,112.200346021
36657,A4,308000,36657,0.800332225914,0.134482758621,1988MM11,112.071626298
36658,A4,308000,36658,0.794019933555,0.133793103448,1988MM12,111.942906574
36660,A4,308000,36660,0.787707641196,0.133103448276,1989MM01,111.814186851
36661,A4,308000,36661,0.781395348837,0.132413793103,1989MM02,111.685467128
36662,A4,308000,36662,0.775083056478,0.131724137931,1989MM03,111.556747405
36663,A4,308000,36663,0.76877076412,0.131034482759,1989MM04,111.428027682
36664,A4,308000,36664,0.762458471761,0.130344827586,1989MM05,111.299307958
36665,A4,308000,36665,0.756146179402,0.129655172414,1989MM06,111.170588235
36666,A4,308000,36666,0.749833887043,0.128965517241,1989MM07,111.041868512
36667,A4,308000,36667,0.743521594684,0.128275862069,1989MM08,110.913148789
36668,A4,308000,36668,0.737209302326,0.127586206897,1989MM09,110.784429066
36669,A4,308000,36669,0.730897009967,0.126896551724,1989MM10,110.655709343
36670,A4,308000,36670,0.724584717608,0.126206896552,1989MM11,110.526989619
36671,A4,308000,36671,0.718272425249,0.125517241379,1989MM12,110.398269896
36673,A4,308000,36673,0.71196013289,0.124827586207,1990MM01,110.269550173
36674,A4,308000,36674,0.705647840532,0.124137931034,1990MM02,110.14083045
36675,A4,308000,36675,0.699335548173,0.123448275862,1990MM03,110.012110727
36676,A4,308000,36676,0.693023255814,0.12275862069,1990MM04,109.883391003
36677,A4,308000,36677,0.686710963455,0.122068965517,1990MM05,109.75467128
36678,A4,308000,36678,0.680398671096,0.121379310345,1990MM06,109.625951557
36679,A4,308000,36679,0.674086378738,0.120689655172,1990MM07,109.497231834
36680,A4,308000,36680,0.667774086379,0.12,1990MM08,109.368512111
36681,A4,308000,36681,0.66146179402,0.119310344828,1990MM09,109.239792388
36682,A4,308000,36682,0.655149501661,0.118620689655,1990MM10,109.111072664
36683,A4,308000,36683,0.648837209302,0.117931034483,1990MM11,108.982352941
36684,A4,308000,36684,0.642524916944,0.11724137931,1990MM12,108.853633218
36686,A4,308000,36686,0.636212624585,0.116551724138,1991MM01,108.724913495
36687,A4,308000,36687,0.629900332226,0.115862068966,1991MM02,108.596193772
36688,A4,308000,36688,0.623588039867,0.115172413793,1991MM03,108.467474048
36689,A4,308000,36689,0.617275747508,0.114482758621,1991MM04,108.338754325
36690,A4,308000,36690,0.61096345515,0.113793103448,1991MM05,108.210034602
36691,A4,308000,36691,0.604651162791,0.113103448276,1991MM06,108.081314879
36692,A4,308000,36692,0.598338870432,0.112413793103,1991MM07,107.952595156
36693,A4,308000,36693,0.592026578073,0.111724137931,1991MM08,107.823875433
36694,A4,308000,36694,0.585714285714,0.111034482759,1991MM09,107.695155709
36695,A4,308000,36695,0.579401993355,0.110344827586,1991MM10,107.566435986
36696,A4,308000,36696,0.573089700997,0.109655172414,1991MM11,107.437716263
36697,A4,308000,36697,0.566777408638,0.108965517241,1991MM12,107.30899654
36699,A4,308000,36699,0.560465116279,0.108275862069,1992MM01,107.180276817
36700,A4,308000,36700,0.55415282392,0.107586206897,1992MM02,107.051557093
36701,A4,308000,36701,0.547840531561,0.106896551724,1992MM03,106.92283737
36702,A4,308000,36702,0.541528239203,0.106206896552,1992MM04,106.794117647
36703,A4,308000,36703,0.535215946844,0.105517241379,1992MM05,106.665397924
36704,A4,308000,36704,0.528903654485,0.104827586207,1992MM06,106.536678201
36705,A4,308000,36705,0.522591362126,0.104137931034,1992MM07,106.407958478
36706,A4,308000,36706,0.516279069767,0.103448275862,1992MM08,106.279238754
36707,A4,308000,36707,0.509966777409,0.10275862069,1992MM09,106.150519031
36708,A4,308000,36708,0.50365448505,0.102068965517,1992MM10,106.021799308
36709,A4,308000,36709,0.497342192691,0.101379310345,1992MM11,105.893079585
36710,A4,308000,36710,0.491029900332,0.100689655172,1992MM12,105.764359862
36712,A4,308000,36712,0.484717607973,0.1,1993MM01,105.635640138
36713,A4,308000,36713,0.478405315615,0.0993103448276,1993MM02,105.506920415
36714,A4,308000,36714,0.472093023256,0.0986206896552,1993MM03,105.378200692
36715,A4,308000,36715,0.465780730897,0.0979310344828,1993MM04,105.249480969
36716,A4,308000,36716,0.459468438538,0.0972413793103,1993MM05,105.120761246
36717,A4,308000,36717,0.453156146179,0.0965517241379,1993MM06,104.992041522
36718,A4,308000,36718,0.446843853821,0.0958620689655,1993MM07,104.863321799
36719,A4,308000,36719,0.440531561462,0.0951724137931,1993MM08,104.734602076
36720,A4,308000,36720,0.434219269103,0.0944827586207,1993MM09,104.605882353
36721,A4,308000,36721,0.427906976744,0.0937931034483,1993MM10,104.47716263
36722,A4,308000,36722,0.421594684385,0.0931034482759,1993MM11,104.348442907
36723,A4,308000,36723,0.415282392027,0.0924137931034,1993MM12,104.219723183
36725,A4,308000,36725,0.408970099668,0.091724137931,1994MM01,104.09100346
36726,A4,308000,36726,0.402657807309,0.0910344827586,1994MM02,103.962283737
36727,A4,308000,36727,0.39634551495,0.0903448275862,1994MM03,103.833564014
36728,A4,308000,36728,0.390033222591,0.0896551724138,1994MM04,103.704844291
36729,A4,308000,36729,0.383720930233,0.0889655172414,1994MM05,103.576124567
36730,A4,308000,36730,0.377408637874,0.088275862069,1994MM06,103.447404844
36731,A4,308000,36731,0.371096345515,0.0875862068966,1994MM07,103.318685121
36732,A4,308000,36732,0.364784053156,0.0868965517241,1994MM08,103.189965398
36733,A4,308000,36733,0.358471760797,0.0862068965517,1994MM09,103.061245675
36734,A4,308000,36734,0.352159468439,0.0855172413793,1994MM10,102.932525952
36735,A4,308000,36735,0.34584717608,0.0848275862069,1994MM11,102.803806228
36736,A4,308000,36736,0.339534883721,0.0841379310345,1994MM12,102.675086505
36738,A4,308000,36738,0.333222591362,0.0834482758621,1995MM01,102.546366782
36739,A4,308000,36739,0.326910299003,0.0827586206897,1995MM02,102.417647059
36740,A4,308000,36740,0.320598006645,0.0820689655172,1995MM03,102.288927336
36741,A4,308000,36741,0.314285714286,0.0813793103448,1995MM04,102.160207612
36742,A4,308000,36742,0.307973421927,0.0806896551724,1995MM05,102.031487889
36743,A4,308000,36743,0.301661129568,0.08,1995MM06,101.902768166
36744,A4,308000,36744,0.295348837209,0.0793103448276,1995MM07,101.774048443
36745,A4,308000,36745,0.28903654485,0.0786206896552,1995MM08,101.64532872
36746,A4,308000,36746,0.282724252492,0.0779310344828,1995MM09,101.516608997
36747,A4,308000,36747,0.276411960133,0.0772413793103,1995MM10,101.387889273
36748,A4,308000,36748,0.270099667774,0.0765517241379,1995MM11,101.25916955
36749,A4,308000,36749,0.263787375415,0.0758620689655,1995MM12,101.130449827
36751,A4,308000,36751,0.257475083056,0.0751724137931,1996MM01,101.001730104
36752,A4,308000,36752,0.251162790698,0.0744827586207,1996MM02,100.873010381
36753,A4,308000,36753,0.244850498339,0.0737931034483,1996MM03,100.744290657
36754,A4,308000,36754,0.23853820598,0.0731034482759,1996MM04,100.615570934
36755,A4,308000,36755,0.232225913621,0.0724137931034,1996MM05,100.486851211
36756,A4,308000,36756,0.225913621262,0.071724137931,1996MM06,100.358131488
36757,A4,308000,36757,0.219601328904,0.0710344827586,1996MM07,100.229411765
36758,A4,308000,36758,0.213289036545,0.0703448275862,1996MM08,100.100692042
36759,A4,308000,36759,0.206976744186,0.0696551724138,1996MM09,99.9719723183
36760,A4,308000,36760,0.200664451827,0.0689655172414,1996MM10,99.8432525952
36761,A4,308000,36761,0.194352159468,0.068275862069,1996MM11,99.714532872
36762,A4,308000,36762,0.18803986711,0.0675862068966,1996MM12,99.5858131488
36764,A4,308000,36764,0.181727574751,0.0668965517241,1997MM01,99.4570934256
36765,A4,308000,36765,0.175415282392,0.0662068965517,1997MM02,99.3283737024
36766,A4,308000,36766,0.169102990033,0.0655172413793,1997MM03,99.1996539792
36767,A4,308000,36767,0.162790697674,0.0648275862069,1997MM04,99.0709342561
36768,A4,308000,36768,0.156478405316,0.0641379310345,1997MM05,98.9422145329
36769,A4,308000,36769,0.150166112957,0.0634482758621,1997MM06,98.8134948097
36770,A4,308000,36770,0.143853820598,0.0627586206897,1997MM07,98.6847750865
36771,A4,308000,36771,0.137541528239,0.0620689655172,1997MM08,98.5560553633
36772,A4,308000,36772,0.13122923588,0.0613793103448,1997MM09,98.4273356401
36773,A4,308000,36773,0.124916943522,0.0606896551724,1997MM10,98.298615917
36774,A4,308000,36774,0.118604651163,0.06,1997MM11,98.1698961938
36775,A4,308000,36775,0.112292358804,0.0593103448276,1997MM12,98.0411764706
36777,A4,308000,36777,0.105980066445,0.0586206896552,1998MM01,97.9124567474
36778,A4,308000,36778,0.0996677740864,0.0579310344828,1998MM02,97.7837370242
36779,A4,308000,36779,0.0933554817276,0.0572413793103,1998MM03,97.655017301
36780,A4,308000,36780,0.0870431893688,0.0565517241379,1998MM04,97.5262975779
36781,A4,308000,36781,0.08073089701,0.0558620689655,1998MM05,97.3975778547
36782,A4,308000,36782,0.0744186046512,0.0551724137931,1998MM06,97.2688581315
36783,A4,308000,36783,0.0681063122924,0.0544827586207,1998MM07,97.1401384083
36784,A4,308000,36784,0.0617940199336,0.0537931034483,1998MM08,97.0114186851
36785,A4,308000,36785,0.0554817275748,0.0531034482759,1998MM09,96.8826989619
36786,A4,308000,36786,0.0491694352159,0.0524137931034,1998MM10,96.7539792388
36787,A4,308000,36787,0.0428571428571,0.051724137931,1998MM11,96.6252595156
36788,A4,308000,36788,0.0365448504983,0.0510344827586,1998MM12,96.4965397924
36790,A4,308000,36790,0.0302325581395,0.0503448275862,1999MM01,96.3678200692
36791,A4,308000,36791,0.0239202657807,0.0496551724138,1999MM02,96.239100346
36792,A4,308000,36792,0.0176079734219,0.0489655172414,1999MM03,96.1103806228
36793,A4,308000,36793,0.0112956810631,0.048275862069,1999MM04,95.9816608997
36794,A4,308000,36794,0.00498338870432,0.0475862068966,1999MM05,95.8529411765
36795,A4,308000,36795,-0.00132890365449,0.0468965517241,1999MM06,95.7242214533
36796,A4,308000,36796,-0.00764119601329,0.0462068965517,1999MM07,95.5955017301
36797,A4,308000,36797,-0.0139534883721,0.0455172413793,1999MM08,95.4667820069
36798,A4,308000,36798,-0.0202657807309,0.0448275862069,1999MM09,95.3380622837
36799,A4,308000,36799,-0.0265780730897,0.0441379310345,1999MM10,95.2093425606
36800,A4,308000,36800,-0.0328903654485,0.0434482758621,1999MM11,95.0806228374
36801,A4,308000,36801,-0.0392026578073,0.0427586206897,1999MM12,94.9519031142
36803,A4,308000,36803,-0.0455149501661,0.0420689655172,2000MM01,94.823183391
36804,A4,308000,36804,-0.0518272425249,0.0413793103448,2000MM02,94.6944636678
36805,A4,308000,36805,-0.0581395348837,0.0406896551724,2000MM03,94.5657439446
36806,A4,308000,36806,-0.0644518272425,0.04,2000MM04,94.4370242215
36807,A4,308000,36807,-0.0707641196013,0.0393103448276,2000MM05,94.3083044983
36808,A4,308000,36808,-0.0770764119601,0.0386206896552,2000MM06,94.1795847751
36809,A4,308000,36809,-0.0833887043189,0.0379310344828,2000MM07,94.0508650519
36810,A4,308000,36810,-0.0897009966777,0.0372413793103,2000MM08,93.9221453287
36811,A4,308000,36811,-0.0960132890365,0.0365517241379,2000MM09,93.7934256055
36812,A4,308000,36812,-0.102325581395,0.0358620689655,2000MM10,93.6647058824
36813,A4,308000,36813,-0.108637873754,0.0351724137931,2000MM11,93.5359861592
36814,A4,308000,36814,-0.114950166113,0.0344827586207,2000MM12,93.407266436
36816,A4,308000,36816,-0.121262458472,0.0337931034483,2001MM01,93.2785467128
36817,A4,308000,36817,-0.127574750831,0.0331034482759,2001MM02,93.1498269896
36818,A4,308000,36818,-0.133887043189,0.0324137931034,2001MM03,93.0211072664
36819,A4,308000,36819,-0.140199335548,0.031724137931,2001MM04,92.8923875433
36820,A4,308000,36820,-0.146511627907,0.0310344827586,2001MM05,92.7636678201
36821,A4,308000,36821,-0.152823920266,0.0303448275862,2001MM06,92.6349480969
36822,A4,308000,36822,-0.159136212625,0.0296551724138,2001MM07,92.5062283737
36823,A4,308000,36823,-0.165448504983,0.0289655172414,2001MM08,92.3775086505
36824,A4,308000,36824,-0.171760797342,0.028275862069,2001MM09,92.2487889273
36825,A4,308000,36825,-0.178073089701,0.0275862068966,2001MM10,92.1200692042
36826,A4,308000,36826,-0.18438538206,0.0268965517241,2001MM11,91.991349481
36827,A4,308000,36827,-0.190697674419,0.0262068965517,2001MM12,91.8626297578
36829,A4,308000,36829,-0.197009966777,0.0255172413793,2002MM01,91.7339100346
36830,A4,308000,36830,-0.203322259136,0.0248275862069,2002MM02,91.6051903114
36831,A4,308000,36831,-0.209634551495,0.0241379310345,2002MM03,91.4764705882
36832,A4,308000,36832,-0.215946843854,0.0234482758621,2002MM04,91.3477508651
36833,A4,308000,36833,-0.222259136213,0.0227586206897,2002MM05,91.2190311419
36834,A4,308000,36834,-0.228571428571,0.0220689655172,2002MM06,91.0903114187
36835,A4,308000,36835,-0.23488372093,0.0213793103448,2002MM07,90.9615916955
36836,A4,308000,36836,-0.241196013289,0.0206896551724,2002MM08,90.8328719723
36837,A4,308000,36837,-0.247508305648,0.02,2002MM09,90.7041522491
36838,A4,308000,36838,-0.253820598007,0.0193103448276,2002MM10,90.575432526
36839,A4,308000,36839,-0.260132890365,0.0186206896552,2002MM11,90.4467128028
36840,A4,308000,36840,-0.266445182724,0.0179310344828,2002MM12,90.3179930796
36842,A4,308000,36842,-0.272757475083,0.0172413793103,2003MM01,90.1892733564
36843,A4,308000,36843,-0.279069767442,0.0165517241379,2003MM02,90.0605536332
36844,A4,308000,36844,-0.285382059801,0.0158620689655,2003MM03,89.93183391
36845,A4,308000,36845,-0.291694352159,0.0151724137931,2003MM04,89.8031141869
36846,A4,308000,36846,-0.298006644518,0.0144827586207,2003MM05,89.6743944637
36847,A4,308000,36847,-0.304318936877,0.0137931034483,2003MM06,89.5456747405
36848,A4,308000,36848,-0.310631229236,0.0131034482759,2003MM07,89.4169550173
36849,A4,308000,36849,-0.316943521595,0.0124137931034,2003MM08,89.2882352941
36850,A4,308000,36850,-0.323255813953,0.011724137931,2003MM09,89.1595155709
36851,A4,308000,36851,-0.329568106312,0.0110344827586,2003MM10,89.0307958478
36852,A4,308000,36852,-0.335880398671,0.0103448275862,2003MM11,88.9020761246
36853,A4,308000,36853,-0.34219269103,0.00965517241379,2003MM12,88.7733564014
36855,A4,308000,36855,-0.348504983389,0.00896551724138,2004MM01,88.6446366782
36856,A4,308000,36856,-0.354817275748,0.00827586206897,2004MM02,88.515916955
36857,A4,308000,36857,-0.361129568106,0.00758620689655,2004MM03,88.3871972318
36858,A4,308000,36858,-0.367441860465,0.00689655172414,2004MM04,88.2584775087
36859,A4,308000,36859,-0.373754152824,0.00620689655172,2004MM05,88.1297577855
36860,A4,308000,36860,-0.380066445183,0.00551724137931,2004MM06,88.0010380623
36861,A4,308000,36861,-0.386378737542,0.0048275862069,2004MM07,87.8723183391
36862,A4,308000,36862,-0.3926910299,0.00413793103448,2004MM08,87.7435986159
36863,A4,308000,36863,-0.399003322259,0.00344827586207,2004MM09,87.6148788927
36864,A4,308000,36864,-0.405315614618,0.00275862068966,2004MM10,87.4861591696
36865,A4,308000,36865,-0.411627906977,0.00206896551724,2004MM11,87.3574394464
36866,A4,308000,36866,-0.417940199336,0.00137931034483,2004MM12,87.2287197232
36868,A4,308000,36868,-0.424252491694,0.000689655172414,2005MM01,87.1
36869,A4,308000,36869,-0.430564784053,0.0,2005MM02,87.1
36870,A4,308000,36870,-0.436877076412,-0.6,2005MM03,86.7
36871,A4,308000,36871,-0.443189368771,0.6,2005MM04,87.2
36872,A4,308000,36872,-0.44950166113,0.1,2005MM05,87.3
36873,A4,308000,36873,-0.455813953488,0.3,2005MM06,87.6
36874,A4,308000,36874,-0.462126245847,0.1,2005MM07,87.6
36875,A4,308000,36875,-0.468438538206,0.3,2005MM08,87.9
36876,A4,308000,36876,-0.474750830565,0.0,2005MM09,87.9
36877,A4,308000,36877,-0.481063122924,-0.4,2005MM10,87.6
36878,A4,308000,36878,-0.487375415282,-0.5,2005MM11,87.1
36879,A4,308000,36879,-0.493687707641,0.1,2005MM12,87.2
36881,A4,308000,36881,-0.5,-0.6,2006MM01,86.7
36882,A4,308000,36882,-0.3,0.3,2006MM02,86.9
36883,A4,308000,36883,0.6,0.3,2006MM03,87.2
36884,A4,308000,36884,0.1,0.2,2006MM04,87.3
36885,A4,308000,36885,0.6,0.5,2006MM05,87.8
36886,A4,308000,36886,0.5,0.3,2006MM06,88.0
36887,A4,308000,36887,0.8,0.3,2006MM07,88.3
36888,A4,308000,36888,1.1,0.6,2006MM08,88.9
36889,A4,308000,36889,1.0,0.0,2006MM09,88.8
36890,A4,308000,36890,1.6,0.2,2006MM10,89.0
36891,A4,308000,36891,1.7,-0.5,2006MM11,88.6
36892,A4,308000,36892,1.7,0.1,2006MM12,88.7
36894,A4,308000,36894,1.9,-0.4,2007MM01,88.3
36895,A4,308000,36895,1.7,0.1,2007MM02,88.4
36896,A4,308000,36896,1.1,-0.3,2007MM03,88.1
36897,A4,308000,36897,1.5,0.5,2007MM04,88.6
36898,A4,308000,36898,1.1,0.2,2007MM05,88.8
36899,A4,308000,36899,1.1,0.2,2007MM06,89.0
36900,A4,308000,36900,1.1,0.4,2007MM07,89.3
36901,A4,308000,36901,0.8,0.3,2007MM08,89.6
36902,A4,308000,36902,1.2,0.4,2007MM09,89.9
36903,A4,308000,36903,4.1,3.0,2007MM10,92.6
36904,A4,308000,36904,4.6,0.0,2007MM11,92.6
36905,A4,308000,36905,4.6,0.2,2007MM12,92.8
36907,A4,308000,36907,6.6,1.5,2008MM01,94.2
36908,A4,308000,36908,6.7,0.1,2008MM02,94.3
36909,A4,308000,36909,7.6,0.5,2008MM03,94.8
36910,A4,308000,36910,8.1,1.0,2008MM04,95.8
36911,A4,308000,36911,8.9,1.0,2008MM05,96.7
36912,A4,308000,36912,9.8,1.0,2008MM06,97.7
36913,A4,308000,36913,10.5,1.1,2008MM07,98.7
36914,A4,308000,36914,10.7,0.5,2008MM08,99.2
36915,A4,308000,36915,10.8,0.5,2008MM09,99.7
36916,A4,308000,36916,7.6,0.0,2008MM10,99.7
36917,A4,308000,36917,6.5,-1.1,2008MM11,98.6
36918,A4,308000,36918,5.5,-0.7,2008MM12,97.9
36920,A4,308000,36920,3.7,-0.2,2009MM01,97.7
36921,A4,308000,36921,2.7,-0.8,2009MM02,96.9
36922,A4,308000,36922,2.4,0.2,2009MM03,97.0
36923,A4,308000,36923,1.8,0.5,2009MM04,97.5
36924,A4,308000,36924,1.3,0.5,2009MM05,98.0
36925,A4,308000,36925,0.5,0.2,2009MM06,98.1
36926,A4,308000,36926,0.0,0.6,2009MM07,98.7
36927,A4,308000,36927,-0.2,0.3,2009MM08,99.0
36928,A4,308000,36928,-0.6,0.0,2009MM09,99.0
36929,A4,308000,36929,-1.4,-0.8,2009MM10,98.3
36930,A4,308000,36930,-0.6,-0.3,2009MM11,98.0
36931,A4,308000,36931,0.0,-0.1,2009MM12,97.9
36933,A4,308000,36933,0.4,0.2,2010MM01,98.1
36934,A4,308000,36934,1.8,0.6,2010MM02,98.6
36935,A4,308000,36935,1.9,0.3,2010MM03,98.9
36936,A4,308000,36936,1.7,0.2,2010MM04,99.1
36937,A4,308000,36937,1.6,0.4,2010MM05,99.5
36938,A4,308000,36938,2.3,0.9,2010MM06,100.4
36939,A4,308000,36939,1.9,0.1,2010MM07,100.6
36940,A4,308000,36940,1.2,-0.4,2010MM08,100.2
36941,A4,308000,36941,1.8,0.6,2010MM09,100.9
36942,A4,308000,36942,2.6,0.1,2010MM10,100.9
36943,A4,308000,36943,3.3,0.3,2010MM11,101.2
36944,A4,308000,36944,3.7,0.4,2010MM12,101.6
36946,A4,308000,36946,4.6,0.9,2011MM01,102.5
36947,A4,308000,36947,4.9,0.9,2011MM02,103.4
36948,A4,308000,36948,5.7,1.1,2011MM03,104.6
36949,A4,308000,36949,8.0,2.4,2011MM04,107.1
36950,A4,308000,36950,7.7,0.1,2011MM05,107.2
36951,A4,308000,36951,5.7,-1.0,2011MM06,106.1
36952,A4,308000,36952,6.6,1.0,2011MM07,107.2
36953,A4,308000,36953,6.8,-0.2,2011MM08,107.0
36954,A4,308000,36954,7.0,0.8,2011MM09,107.9
36955,A4,308000,36955,7.1,0.2,2011MM10,108.1
36956,A4,308000,36956,8.0,1.2,2011MM11,109.4
36957,A4,308000,36957,8.5,0.8,2011MM12,110.3
36959,A4,308000,36959,8.6,1.0,2012MM01,111.4
36960,A4,308000,36960,8.8,1.0,2012MM02,112.5
36961,A4,308000,36961,7.5,-0.1,2012MM03,112.4
36962,A4,308000,36962,5.6,0.6,2012MM04,113.1
36963,A4,308000,36963,5.8,0.3,2012MM05,113.4
36964,A4,308000,36964,7.0,0.1,2012MM06,113.6
36965,A4,308000,36965,6.1,0.1,2012MM07,113.7
36966,A4,308000,36966,6.0,-0.3,2012MM08,113.5
36967,A4,308000,36967,5.7,0.6,2012MM09,114.1
36968,A4,308000,36968,5.7,0.1,2012MM10,114.2
36969,A4,308000,36969,4.5,0.0,2012MM11,114.2
36970,A4,308000,36970,2.7,-0.8,2012MM12,113.3
36972,A4,308000,36972,2.3,0.6,2013MM01,114.0
36973,A4,308000,36973,1.1,-0.3,2013MM02,113.7
36974,A4,308000,36974,0.9,-0.3,2013MM03,113.4
36975,A4,308000,36975,0.1,-0.1,2013MM04,113.3
36976,A4,308000,36976,-0.4,-0.2,2013MM05,113.0
36977,A4,308000,36977,-0.6,0.0,2013MM06,113.0
36978,A4,308000,36978,-0.3,0.3,2013MM07,113.3
36979,A4,308000,36979,0.5,0.6,2013MM08,114.0
36980,A4,308000,36980,0.3,0.3,2013MM09,114.4
36981,A4,308000,36981,-0.1,-0.3,2013MM10,114.1
36982,A4,308000,36982,-0.2,-0.1,2013MM11,114.0
36983,A4,308000,36983,0.6,-0.1,2013MM12,113.9
36985,A4,308000,36985,0.6,0.6,2014MM01,114.6
36986,A4,308000,36986,0.0,-0.8,2014MM02,113.7
36987,A4,308000,36987,0.2,-0.1,2014MM03,113.6
36988,A4,308000,36988,1.0,0.7,2014MM04,114.4
36989,A4,308000,36989,0.9,-0.3,2014MM05,114.0
36990,A4,308000,36990,0.9,-0.1,2014MM06,114.0
36991,A4,308000,36991,0.6,0.1,2014MM07,114.0
36992,A4,308000,36992,0.0,0.0,2014MM08,114.1
36993,A4,308000,36993,-0.6,-0.3,2014MM09,113.7
36994,A4,308000,36994,-1.0,-0.7,2014MM10,112.9
36995,A4,308000,36995,-1.2,-0.2,2014MM11,112.7
36996,A4,308000,36996,-1.9,-0.8,2014MM12,111.7
36998,A4,308000,36998,-2.7,-0.1,2015MM01,111.6
36999,A4,308000,36999,-2.0,-0.1,2015MM02,111.5
37000,A4,308000,37000,-2.2,-0.3,2015MM03,111.1
37001,A4,308000,37001,-2.9,0.0,2015MM04,111.1
37002,A4,308000,37002,-2.6,0.0,2015MM05,111.1
37003,A4,308000,37003,-2.2,0.4,2015MM06,111.5
37004,A4,308000,37004,-2.2,0.0,2015MM07,111.5
37005,A4,308000,37005,-2.2,0.0,2015MM08,111.5
37006,A4,308000,37006,-1.9,0.0,2015MM09,111.5
37007,A4,308000,37007,-1.6,-0.4,2015MM10,111.1
37008,A4,308000,37008,-0.1,1.3,2015MM11,112.6
37009,A4,308000,37009,0.9,0.1,2015MM12,112.7
37011,A4,308000,37011,1.1,0.1,2016MM01,112.8
37012,A4,308000,37012,1.2,0.0,2016MM02,112.8
37013,A4,308000,37013,1.7,0.2,2016MM03,113.0
37014,A4,308000,37014,2.6,0.9,2016MM04,114.0
37015,A4,308000,37015,3.3,0.7,2016MM05,114.7
37016,A4,308000,37016,5.2,2.2,2016MM06,117.3
37017,A4,308000,37017,5.7,0.5,2016MM07,117.8
37018,A4,308000,37018,6.6,0.9,2016MM08,118.9
37019,A4,308000,37019,6.3,-0.3,2016MM09,118.5
37020,A4,308000,37020,7.1,0.4,2016MM10,119.0
37021,A4,308000,37021,5.7,0.0,2016MM11,119.0
37022,A4,308000,37022,4.7,-0.9,2016MM12,118.0
37024,A4,308000,37024,5.4,0.8,2017MM01,118.9
37025,A4,308000,37025,5.6,0.2,2017MM02,119.1
37026,A4,308000,37026,5.8,0.4,2017MM03,119.5
37027,A4,308000,37027,5.7,0.8,2017MM04,120.5
37028,A4,308000,37028,5.5,0.5,2017MM05,121.1
37029,A4,308000,37029,2.9,-0.3,2017MM06,120.7
37030,A4,308000,37030,2.1,-0.4,2017MM07,120.3
37031,A4,308000,37031,0.8,-0.4,2017MM08,119.8
37032,A4,308000,37032,1.1,0.1,2017MM09,119.9
37033,A4,308000,37033,0.7,-0.1,2017MM10,119.8
37034,A4,308000,37034,0.3,-0.4,2017MM11,119.3
37035,A4,308000,37035,1.1,-0.1,2017MM12,119.2
