,Afzet,BedrijfstakkenBranchesSBI2008,ID,OntwikkelingTOV1JaarEerder_2,OntwikkelingTOV1MaandEerder_3,Perioden,ProducentenprijsindexPPI_1
5122,A6,308100,5122,,,2005MM01,92.3
5123,A6,308100,5123,,1.8,2005MM02,94.0
5124,A6,308100,5124,,-1.1,2005MM03,93.0
5125,A6,308100,5125,,-1.6,2005MM04,91.5
5126,A6,308100,5126,,0.2,2005MM05,91.7
5127,A6,308100,5127,,3.3,2005MM06,94.7
5128,A6,308100,5128,,-0.7,2005MM07,94.1
5129,A6,308100,5129,,1.3,2005MM08,95.3
5130,A6,308100,5130,,-1.5,2005MM09,93.8
5131,A6,308100,5131,,2.4,2005MM10,96.1
5132,A6,308100,5132,,1.4,2005MM11,97.4
5133,A6,308100,5133,,-2.0,2005MM12,95.5
5135,A6,308100,5135,2.5,-0.9,2006MM01,94.6
5136,A6,308100,5136,1.3,0.7,2006MM02,95.3
5137,A6,308100,5137,5.0,2.5,2006MM03,97.7
5138,A6,308100,5138,5.2,-1.4,2006MM04,96.3
5139,A6,308100,5139,3.1,-1.8,2006MM05,94.6
5140,A6,308100,5140,0.5,0.6,2006MM06,95.2
5141,A6,308100,5141,2.6,1.4,2006MM07,96.5
5142,A6,308100,5142,0.8,-0.4,2006MM08,96.1
5143,A6,308100,5143,3.9,1.5,2006MM09,97.5
5144,A6,308100,5144,0.9,-0.6,2006MM10,97.0
5145,A6,308100,5145,0.7,1.2,2006MM11,98.1
5146,A6,308100,5146,3.1,0.3,2006MM12,98.4
5148,A6,308100,5148,4.3,0.2,2007MM01,98.7
5149,A6,308100,5149,5.1,1.5,2007MM02,100.1
5150,A6,308100,5150,2.9,0.4,2007MM03,100.5
5151,A6,308100,5151,3.2,-1.2,2007MM04,99.3
5152,A6,308100,5152,2.0,-2.9,2007MM05,96.5
5153,A6,308100,5153,1.3,-0.1,2007MM06,96.4
5154,A6,308100,5154,0.2,0.4,2007MM07,96.7
5155,A6,308100,5155,0.8,0.2,2007MM08,96.9
5156,A6,308100,5156,-2.4,-1.8,2007MM09,95.2
5157,A6,308100,5157,-1.7,0.1,2007MM10,95.3
5158,A6,308100,5158,-1.8,1.1,2007MM11,96.4
5159,A6,308100,5159,-2.6,-0.5,2007MM12,95.9
5161,A6,308100,5161,0.7,3.6,2008MM01,99.4
5162,A6,308100,5162,1.2,2.0,2008MM02,101.3
5163,A6,308100,5163,-0.7,-1.5,2008MM03,99.8
5164,A6,308100,5164,0.2,-0.3,2008MM04,99.6
5165,A6,308100,5165,2.0,-1.2,2008MM05,98.4
5166,A6,308100,5166,3.3,1.1,2008MM06,99.5
5167,A6,308100,5167,2.1,-0.7,2008MM07,98.8
5168,A6,308100,5168,2.5,0.5,2008MM08,99.3
5169,A6,308100,5169,3.5,-0.8,2008MM09,98.5
5170,A6,308100,5170,6.3,2.8,2008MM10,101.3
5171,A6,308100,5171,4.7,-0.3,2008MM11,100.9
5172,A6,308100,5172,5.2,0.0,2008MM12,100.9
5174,A6,308100,5174,0.3,-1.2,2009MM01,99.7
5175,A6,308100,5175,-1.6,0.0,2009MM02,99.7
5176,A6,308100,5176,-1.2,-1.1,2009MM03,98.6
5177,A6,308100,5177,-2.5,-1.6,2009MM04,97.0
5178,A6,308100,5178,-2.0,-0.7,2009MM05,96.4
5179,A6,308100,5179,-2.3,0.8,2009MM06,97.2
5180,A6,308100,5180,-1.6,0.0,2009MM07,97.2
5181,A6,308100,5181,-1.5,0.5,2009MM08,97.8
5182,A6,308100,5182,-1.0,-0.2,2009MM09,97.5
5183,A6,308100,5183,-4.1,-0.4,2009MM10,97.1
5184,A6,308100,5184,-3.5,0.2,2009MM11,97.4
5185,A6,308100,5185,-2.5,1.1,2009MM12,98.4
5187,A6,308100,5187,-3.5,-2.2,2010MM01,96.3
5188,A6,308100,5188,-2.2,1.3,2010MM02,97.5
5189,A6,308100,5189,-0.3,0.8,2010MM03,98.3
5190,A6,308100,5190,2.1,0.8,2010MM04,99.1
5191,A6,308100,5191,4.5,1.6,2010MM05,100.7
5192,A6,308100,5192,4.5,0.8,2010MM06,101.5
5193,A6,308100,5193,3.9,-0.5,2010MM07,101.0
5194,A6,308100,5194,3.2,-0.1,2010MM08,100.9
5195,A6,308100,5195,2.7,-0.8,2010MM09,100.1
5196,A6,308100,5196,3.9,0.7,2010MM10,100.9
5197,A6,308100,5197,4.1,0.5,2010MM11,101.3
5198,A6,308100,5198,4.0,1.0,2010MM12,102.3
5200,A6,308100,5200,6.3,0.0,2011MM01,102.3
5201,A6,308100,5201,5.5,0.5,2011MM02,102.9
5202,A6,308100,5202,4.5,-0.2,2011MM03,102.7
5203,A6,308100,5203,4.2,0.5,2011MM04,103.2
5204,A6,308100,5204,2.1,-0.4,2011MM05,102.8
5205,A6,308100,5205,1.9,0.6,2011MM06,103.4
5206,A6,308100,5206,3.1,0.7,2011MM07,104.1
5207,A6,308100,5207,3.2,0.1,2011MM08,104.2
5208,A6,308100,5208,4.0,-0.1,2011MM09,104.1
5209,A6,308100,5209,3.2,0.0,2011MM10,104.1
5210,A6,308100,5210,1.8,-0.9,2011MM11,103.1
5211,A6,308100,5211,2.0,1.2,2011MM12,104.4
5213,A6,308100,5213,0.7,-1.3,2012MM01,103.0
5214,A6,308100,5214,-0.1,-0.2,2012MM02,102.8
5215,A6,308100,5215,-0.1,-0.2,2012MM03,102.6
5216,A6,308100,5216,-0.4,0.2,2012MM04,102.8
5217,A6,308100,5217,0.1,0.1,2012MM05,103.0
5218,A6,308100,5218,-1.2,-0.8,2012MM06,102.2
5219,A6,308100,5219,-0.6,1.3,2012MM07,103.5
5220,A6,308100,5220,-0.3,0.4,2012MM08,103.9
5221,A6,308100,5221,0.3,0.5,2012MM09,104.4
5222,A6,308100,5222,1.2,0.9,2012MM10,105.4
5223,A6,308100,5223,1.7,-0.5,2012MM11,104.8
5224,A6,308100,5224,1.55,-0.466666666667,2012MM12,104.6
5226,A6,308100,5226,1.4,-0.433333333333,2013MM01,104.4
5227,A6,308100,5227,1.2,-0.4,2013MM02,104.0
5228,A6,308100,5228,1.4,0.1,2013MM03,104.1
5229,A6,308100,5229,0.6,-0.7,2013MM04,103.4
5230,A6,308100,5230,0.6,0.2,2013MM05,103.6
5231,A6,308100,5231,1.4,-0.1,2013MM06,103.5
5232,A6,308100,5232,1.5,1.5,2013MM07,105.1
5233,A6,308100,5233,1.8,0.7,2013MM08,105.8
5234,A6,308100,5234,0.6,-0.7,2013MM09,105.1
5235,A6,308100,5235,-0.6,-0.3,2013MM10,104.7
5236,A6,308100,5236,0.0,0.2,2013MM11,104.9
5237,A6,308100,5237,0.6,-0.1,2013MM12,104.8
5239,A6,308100,5239,1.2,0.8,2014MM01,105.7
5240,A6,308100,5240,1.6,0.0,2014MM02,105.7
5241,A6,308100,5241,0.5,-1.0,2014MM03,104.6
5242,A6,308100,5242,1.0,-0.2,2014MM04,104.5
5243,A6,308100,5243,1.4,0.6,2014MM05,105.1
5244,A6,308100,5244,2.6,1.1,2014MM06,106.3
5245,A6,308100,5245,-0.3,-1.4,2014MM07,104.7
5246,A6,308100,5246,-0.4,0.6,2014MM08,105.4
5247,A6,308100,5247,0.4,0.1,2014MM09,105.5
5248,A6,308100,5248,1.1,0.4,2014MM10,105.9
5249,A6,308100,5249,1.1,0.1,2014MM11,106.0
5250,A6,308100,5250,2.6,1.5,2014MM12,107.6
5252,A6,308100,5252,1.0,-0.8,2015MM01,106.7
5253,A6,308100,5253,0.4,-0.6,2015MM02,106.1
5254,A6,308100,5254,1.9,0.5,2015MM03,106.6
5255,A6,308100,5255,3.5,1.4,2015MM04,108.1
5256,A6,308100,5256,2.8,-0.1,2015MM05,108.0
5257,A6,308100,5257,2.0,0.3,2015MM06,108.3
5258,A6,308100,5258,2.1,-1.3,2015MM07,106.9
5259,A6,308100,5259,3.0,1.5,2015MM08,108.5
5260,A6,308100,5260,3.2,0.3,2015MM09,108.8
5261,A6,308100,5261,2.5,-0.3,2015MM10,108.5
5262,A6,308100,5262,3.7,1.3,2015MM11,110.0
5263,A6,308100,5263,2.6,0.4,2015MM12,110.4
5265,A6,308100,5265,3.1,-0.3,2016MM01,110.0
5266,A6,308100,5266,4.2,0.5,2016MM02,110.6
5267,A6,308100,5267,2.5,-1.2,2016MM03,109.3
5268,A6,308100,5268,0.7,-0.4,2016MM04,108.8
5269,A6,308100,5269,1.6,0.8,2016MM05,109.7
5270,A6,308100,5270,0.3,-1.0,2016MM06,108.6
5271,A6,308100,5271,1.5,-0.1,2016MM07,108.5
5272,A6,308100,5272,2.2,2.2,2016MM08,111.0
5273,A6,308100,5273,2.3,0.4,2016MM09,111.4
5274,A6,308100,5274,3.7,1.1,2016MM10,112.5
5275,A6,308100,5275,2.2,-0.1,2016MM11,112.4
5276,A6,308100,5276,2.7,0.8,2016MM12,113.4
5278,A6,308100,5278,4.1,1.0,2017MM01,114.5
5279,A6,308100,5279,4.1,0.5,2017MM02,115.1
5280,A6,308100,5280,5.1,-0.1,2017MM03,114.9
5281,A6,308100,5281,6.0,0.4,2017MM04,115.4
5282,A6,308100,5282,3.6,-1.5,2017MM05,113.7
5283,A6,308100,5283,3.2,-1.3,2017MM06,112.2
5284,A6,308100,5284,3.5,0.1,2017MM07,112.3
5285,A6,308100,5285,2.7,1.5,2017MM08,114.0
5286,A6,308100,5286,2.3,-0.1,2017MM09,113.9
5287,A6,308100,5287,1.0,-0.2,2017MM10,113.7
5288,A6,308100,5288,1.6,0.4,2017MM11,114.2
5289,A6,308100,5289,1.6,0.8,2017MM12,115.2
