,Afzet,BedrijfstakkenBranchesSBI2008,ID,OntwikkelingTOV1JaarEerder_2,OntwikkelingTOV1MaandEerder_3,Perioden,ProducentenprijsindexPPI_1
69264,A5,308100,69264,1.40332225914,0.306206896552,1981MM01,113.828373702
69265,A5,308100,69265,1.40664451827,0.312413793103,1981MM02,113.756747405
69266,A5,308100,69266,1.40996677741,0.318620689655,1981MM03,113.685121107
69267,A5,308100,69267,1.41328903654,0.324827586207,1981MM04,113.61349481
69268,A5,308100,69268,1.41661129568,0.331034482759,1981MM05,113.541868512
69269,A5,308100,69269,1.41993355482,0.33724137931,1981MM06,113.470242215
69270,A5,308100,69270,1.42325581395,0.343448275862,1981MM07,113.398615917
69271,A5,308100,69271,1.42657807309,0.349655172414,1981MM08,113.326989619
69272,A5,308100,69272,1.42990033223,0.355862068966,1981MM09,113.255363322
69273,A5,308100,69273,1.43322259136,0.362068965517,1981MM10,113.183737024
69274,A5,308100,69274,1.4365448505,0.368275862069,1981MM11,113.112110727
69275,A5,308100,69275,1.43986710963,0.374482758621,1981MM12,113.040484429
69277,A5,308100,69277,1.44318936877,0.380689655172,1982MM01,112.968858131
69278,A5,308100,69278,1.44651162791,0.386896551724,1982MM02,112.897231834
69279,A5,308100,69279,1.44983388704,0.393103448276,1982MM03,112.825605536
69280,A5,308100,69280,1.45315614618,0.399310344828,1982MM04,112.753979239
69281,A5,308100,69281,1.45647840532,0.405517241379,1982MM05,112.682352941
69282,A5,308100,69282,1.45980066445,0.411724137931,1982MM06,112.610726644
69283,A5,308100,69283,1.46312292359,0.417931034483,1982MM07,112.539100346
69284,A5,308100,69284,1.46644518272,0.424137931034,1982MM08,112.467474048
69285,A5,308100,69285,1.46976744186,0.430344827586,1982MM09,112.395847751
69286,A5,308100,69286,1.473089701,0.436551724138,1982MM10,112.324221453
69287,A5,308100,69287,1.47641196013,0.44275862069,1982MM11,112.252595156
69288,A5,308100,69288,1.47973421927,0.448965517241,1982MM12,112.180968858
69290,A5,308100,69290,1.48305647841,0.455172413793,1983MM01,112.109342561
69291,A5,308100,69291,1.48637873754,0.461379310345,1983MM02,112.037716263
69292,A5,308100,69292,1.48970099668,0.467586206897,1983MM03,111.966089965
69293,A5,308100,69293,1.49302325581,0.473793103448,1983MM04,111.894463668
69294,A5,308100,69294,1.49634551495,0.48,1983MM05,111.82283737
69295,A5,308100,69295,1.49966777409,0.486206896552,1983MM06,111.751211073
69296,A5,308100,69296,1.50299003322,0.492413793103,1983MM07,111.679584775
69297,A5,308100,69297,1.50631229236,0.498620689655,1983MM08,111.607958478
69298,A5,308100,69298,1.5096345515,0.504827586207,1983MM09,111.53633218
69299,A5,308100,69299,1.51295681063,0.511034482759,1983MM10,111.464705882
69300,A5,308100,69300,1.51627906977,0.51724137931,1983MM11,111.393079585
69301,A5,308100,69301,1.5196013289,0.523448275862,1983MM12,111.321453287
69303,A5,308100,69303,1.52292358804,0.529655172414,1984MM01,111.24982699
69304,A5,308100,69304,1.52624584718,0.535862068966,1984MM02,111.178200692
69305,A5,308100,69305,1.52956810631,0.542068965517,1984MM03,111.106574394
69306,A5,308100,69306,1.53289036545,0.548275862069,1984MM04,111.034948097
69307,A5,308100,69307,1.53621262458,0.554482758621,1984MM05,110.963321799
69308,A5,308100,69308,1.53953488372,0.560689655172,1984MM06,110.891695502
69309,A5,308100,69309,1.54285714286,0.566896551724,1984MM07,110.820069204
69310,A5,308100,69310,1.54617940199,0.573103448276,1984MM08,110.748442907
69311,A5,308100,69311,1.54950166113,0.579310344828,1984MM09,110.676816609
69312,A5,308100,69312,1.55282392027,0.585517241379,1984MM10,110.605190311
69313,A5,308100,69313,1.5561461794,0.591724137931,1984MM11,110.533564014
69314,A5,308100,69314,1.55946843854,0.597931034483,1984MM12,110.461937716
69316,A5,308100,69316,1.56279069767,0.604137931034,1985MM01,110.390311419
69317,A5,308100,69317,1.56611295681,0.610344827586,1985MM02,110.318685121
69318,A5,308100,69318,1.56943521595,0.616551724138,1985MM03,110.247058824
69319,A5,308100,69319,1.57275747508,0.62275862069,1985MM04,110.175432526
69320,A5,308100,69320,1.57607973422,0.628965517241,1985MM05,110.103806228
69321,A5,308100,69321,1.57940199336,0.635172413793,1985MM06,110.032179931
69322,A5,308100,69322,1.58272425249,0.641379310345,1985MM07,109.960553633
69323,A5,308100,69323,1.58604651163,0.647586206897,1985MM08,109.888927336
69324,A5,308100,69324,1.58936877076,0.653793103448,1985MM09,109.817301038
69325,A5,308100,69325,1.5926910299,0.66,1985MM10,109.74567474
69326,A5,308100,69326,1.59601328904,0.666206896552,1985MM11,109.674048443
69327,A5,308100,69327,1.59933554817,0.672413793103,1985MM12,109.602422145
69329,A5,308100,69329,1.60265780731,0.678620689655,1986MM01,109.530795848
69330,A5,308100,69330,1.60598006645,0.684827586207,1986MM02,109.45916955
69331,A5,308100,69331,1.60930232558,0.691034482759,1986MM03,109.387543253
69332,A5,308100,69332,1.61262458472,0.69724137931,1986MM04,109.315916955
69333,A5,308100,69333,1.61594684385,0.703448275862,1986MM05,109.244290657
69334,A5,308100,69334,1.61926910299,0.709655172414,1986MM06,109.17266436
69335,A5,308100,69335,1.62259136213,0.715862068966,1986MM07,109.101038062
69336,A5,308100,69336,1.62591362126,0.722068965517,1986MM08,109.029411765
69337,A5,308100,69337,1.6292358804,0.728275862069,1986MM09,108.957785467
69338,A5,308100,69338,1.63255813953,0.734482758621,1986MM10,108.88615917
69339,A5,308100,69339,1.63588039867,0.740689655172,1986MM11,108.814532872
69340,A5,308100,69340,1.63920265781,0.746896551724,1986MM12,108.742906574
69342,A5,308100,69342,1.64252491694,0.753103448276,1987MM01,108.671280277
69343,A5,308100,69343,1.64584717608,0.759310344828,1987MM02,108.599653979
69344,A5,308100,69344,1.64916943522,0.765517241379,1987MM03,108.528027682
69345,A5,308100,69345,1.65249169435,0.771724137931,1987MM04,108.456401384
69346,A5,308100,69346,1.65581395349,0.777931034483,1987MM05,108.384775087
69347,A5,308100,69347,1.65913621262,0.784137931034,1987MM06,108.313148789
69348,A5,308100,69348,1.66245847176,0.790344827586,1987MM07,108.241522491
69349,A5,308100,69349,1.6657807309,0.796551724138,1987MM08,108.169896194
69350,A5,308100,69350,1.66910299003,0.80275862069,1987MM09,108.098269896
69351,A5,308100,69351,1.67242524917,0.808965517241,1987MM10,108.026643599
69352,A5,308100,69352,1.67574750831,0.815172413793,1987MM11,107.955017301
69353,A5,308100,69353,1.67906976744,0.821379310345,1987MM12,107.883391003
69355,A5,308100,69355,1.68239202658,0.827586206897,1988MM01,107.811764706
69356,A5,308100,69356,1.68571428571,0.833793103448,1988MM02,107.740138408
69357,A5,308100,69357,1.68903654485,0.84,1988MM03,107.668512111
69358,A5,308100,69358,1.69235880399,0.846206896552,1988MM04,107.596885813
69359,A5,308100,69359,1.69568106312,0.852413793103,1988MM05,107.525259516
69360,A5,308100,69360,1.69900332226,0.858620689655,1988MM06,107.453633218
69361,A5,308100,69361,1.7023255814,0.864827586207,1988MM07,107.38200692
69362,A5,308100,69362,1.70564784053,0.871034482759,1988MM08,107.310380623
69363,A5,308100,69363,1.70897009967,0.87724137931,1988MM09,107.238754325
69364,A5,308100,69364,1.7122923588,0.883448275862,1988MM10,107.167128028
69365,A5,308100,69365,1.71561461794,0.889655172414,1988MM11,107.09550173
69366,A5,308100,69366,1.71893687708,0.895862068966,1988MM12,107.023875433
69368,A5,308100,69368,1.72225913621,0.902068965517,1989MM01,106.952249135
69369,A5,308100,69369,1.72558139535,0.908275862069,1989MM02,106.880622837
69370,A5,308100,69370,1.72890365449,0.914482758621,1989MM03,106.80899654
69371,A5,308100,69371,1.73222591362,0.920689655172,1989MM04,106.737370242
69372,A5,308100,69372,1.73554817276,0.926896551724,1989MM05,106.665743945
69373,A5,308100,69373,1.73887043189,0.933103448276,1989MM06,106.594117647
69374,A5,308100,69374,1.74219269103,0.939310344828,1989MM07,106.522491349
69375,A5,308100,69375,1.74551495017,0.945517241379,1989MM08,106.450865052
69376,A5,308100,69376,1.7488372093,0.951724137931,1989MM09,106.379238754
69377,A5,308100,69377,1.75215946844,0.957931034483,1989MM10,106.307612457
69378,A5,308100,69378,1.75548172757,0.964137931034,1989MM11,106.235986159
69379,A5,308100,69379,1.75880398671,0.970344827586,1989MM12,106.164359862
69381,A5,308100,69381,1.76212624585,0.976551724138,1990MM01,106.092733564
69382,A5,308100,69382,1.76544850498,0.98275862069,1990MM02,106.021107266
69383,A5,308100,69383,1.76877076412,0.988965517241,1990MM03,105.949480969
69384,A5,308100,69384,1.77209302326,0.995172413793,1990MM04,105.877854671
69385,A5,308100,69385,1.77541528239,1.00137931034,1990MM05,105.806228374
69386,A5,308100,69386,1.77873754153,1.0075862069,1990MM06,105.734602076
69387,A5,308100,69387,1.78205980066,1.01379310345,1990MM07,105.662975779
69388,A5,308100,69388,1.7853820598,1.02,1990MM08,105.591349481
69389,A5,308100,69389,1.78870431894,1.02620689655,1990MM09,105.519723183
69390,A5,308100,69390,1.79202657807,1.0324137931,1990MM10,105.448096886
69391,A5,308100,69391,1.79534883721,1.03862068966,1990MM11,105.376470588
69392,A5,308100,69392,1.79867109635,1.04482758621,1990MM12,105.304844291
69394,A5,308100,69394,1.80199335548,1.05103448276,1991MM01,105.233217993
69395,A5,308100,69395,1.80531561462,1.05724137931,1991MM02,105.161591696
69396,A5,308100,69396,1.80863787375,1.06344827586,1991MM03,105.089965398
69397,A5,308100,69397,1.81196013289,1.06965517241,1991MM04,105.0183391
69398,A5,308100,69398,1.81528239203,1.07586206897,1991MM05,104.946712803
69399,A5,308100,69399,1.81860465116,1.08206896552,1991MM06,104.875086505
69400,A5,308100,69400,1.8219269103,1.08827586207,1991MM07,104.803460208
69401,A5,308100,69401,1.82524916944,1.09448275862,1991MM08,104.73183391
69402,A5,308100,69402,1.82857142857,1.10068965517,1991MM09,104.660207612
69403,A5,308100,69403,1.83189368771,1.10689655172,1991MM10,104.588581315
69404,A5,308100,69404,1.83521594684,1.11310344828,1991MM11,104.516955017
69405,A5,308100,69405,1.83853820598,1.11931034483,1991MM12,104.44532872
69407,A5,308100,69407,1.84186046512,1.12551724138,1992MM01,104.373702422
69408,A5,308100,69408,1.84518272425,1.13172413793,1992MM02,104.302076125
69409,A5,308100,69409,1.84850498339,1.13793103448,1992MM03,104.230449827
69410,A5,308100,69410,1.85182724252,1.14413793103,1992MM04,104.158823529
69411,A5,308100,69411,1.85514950166,1.15034482759,1992MM05,104.087197232
69412,A5,308100,69412,1.8584717608,1.15655172414,1992MM06,104.015570934
69413,A5,308100,69413,1.86179401993,1.16275862069,1992MM07,103.943944637
69414,A5,308100,69414,1.86511627907,1.16896551724,1992MM08,103.872318339
69415,A5,308100,69415,1.86843853821,1.17517241379,1992MM09,103.800692042
69416,A5,308100,69416,1.87176079734,1.18137931034,1992MM10,103.729065744
69417,A5,308100,69417,1.87508305648,1.1875862069,1992MM11,103.657439446
69418,A5,308100,69418,1.87840531561,1.19379310345,1992MM12,103.585813149
69420,A5,308100,69420,1.88172757475,1.2,1993MM01,103.514186851
69421,A5,308100,69421,1.88504983389,1.20620689655,1993MM02,103.442560554
69422,A5,308100,69422,1.88837209302,1.2124137931,1993MM03,103.370934256
69423,A5,308100,69423,1.89169435216,1.21862068966,1993MM04,103.299307958
69424,A5,308100,69424,1.8950166113,1.22482758621,1993MM05,103.227681661
69425,A5,308100,69425,1.89833887043,1.23103448276,1993MM06,103.156055363
69426,A5,308100,69426,1.90166112957,1.23724137931,1993MM07,103.084429066
69427,A5,308100,69427,1.9049833887,1.24344827586,1993MM08,103.012802768
69428,A5,308100,69428,1.90830564784,1.24965517241,1993MM09,102.941176471
69429,A5,308100,69429,1.91162790698,1.25586206897,1993MM10,102.869550173
69430,A5,308100,69430,1.91495016611,1.26206896552,1993MM11,102.797923875
69431,A5,308100,69431,1.91827242525,1.26827586207,1993MM12,102.726297578
69433,A5,308100,69433,1.92159468439,1.27448275862,1994MM01,102.65467128
69434,A5,308100,69434,1.92491694352,1.28068965517,1994MM02,102.583044983
69435,A5,308100,69435,1.92823920266,1.28689655172,1994MM03,102.511418685
69436,A5,308100,69436,1.93156146179,1.29310344828,1994MM04,102.439792388
69437,A5,308100,69437,1.93488372093,1.29931034483,1994MM05,102.36816609
69438,A5,308100,69438,1.93820598007,1.30551724138,1994MM06,102.296539792
69439,A5,308100,69439,1.9415282392,1.31172413793,1994MM07,102.224913495
69440,A5,308100,69440,1.94485049834,1.31793103448,1994MM08,102.153287197
69441,A5,308100,69441,1.94817275748,1.32413793103,1994MM09,102.0816609
69442,A5,308100,69442,1.95149501661,1.33034482759,1994MM10,102.010034602
69443,A5,308100,69443,1.95481727575,1.33655172414,1994MM11,101.938408304
69444,A5,308100,69444,1.95813953488,1.34275862069,1994MM12,101.866782007
69446,A5,308100,69446,1.96146179402,1.34896551724,1995MM01,101.795155709
69447,A5,308100,69447,1.96478405316,1.35517241379,1995MM02,101.723529412
69448,A5,308100,69448,1.96810631229,1.36137931034,1995MM03,101.651903114
69449,A5,308100,69449,1.97142857143,1.3675862069,1995MM04,101.580276817
69450,A5,308100,69450,1.97475083056,1.37379310345,1995MM05,101.508650519
69451,A5,308100,69451,1.9780730897,1.38,1995MM06,101.437024221
69452,A5,308100,69452,1.98139534884,1.38620689655,1995MM07,101.365397924
69453,A5,308100,69453,1.98471760797,1.3924137931,1995MM08,101.293771626
69454,A5,308100,69454,1.98803986711,1.39862068966,1995MM09,101.222145329
69455,A5,308100,69455,1.99136212625,1.40482758621,1995MM10,101.150519031
69456,A5,308100,69456,1.99468438538,1.41103448276,1995MM11,101.078892734
69457,A5,308100,69457,1.99800664452,1.41724137931,1995MM12,101.007266436
69459,A5,308100,69459,2.00132890365,1.42344827586,1996MM01,100.935640138
69460,A5,308100,69460,2.00465116279,1.42965517241,1996MM02,100.864013841
69461,A5,308100,69461,2.00797342193,1.43586206897,1996MM03,100.792387543
69462,A5,308100,69462,2.01129568106,1.44206896552,1996MM04,100.720761246
69463,A5,308100,69463,2.0146179402,1.44827586207,1996MM05,100.649134948
69464,A5,308100,69464,2.01794019934,1.45448275862,1996MM06,100.577508651
69465,A5,308100,69465,2.02126245847,1.46068965517,1996MM07,100.505882353
69466,A5,308100,69466,2.02458471761,1.46689655172,1996MM08,100.434256055
69467,A5,308100,69467,2.02790697674,1.47310344828,1996MM09,100.362629758
69468,A5,308100,69468,2.03122923588,1.47931034483,1996MM10,100.29100346
69469,A5,308100,69469,2.03455149502,1.48551724138,1996MM11,100.219377163
69470,A5,308100,69470,2.03787375415,1.49172413793,1996MM12,100.147750865
69472,A5,308100,69472,2.04119601329,1.49793103448,1997MM01,100.076124567
69473,A5,308100,69473,2.04451827243,1.50413793103,1997MM02,100.00449827
69474,A5,308100,69474,2.04784053156,1.51034482759,1997MM03,99.9328719723
69475,A5,308100,69475,2.0511627907,1.51655172414,1997MM04,99.8612456747
69476,A5,308100,69476,2.05448504983,1.52275862069,1997MM05,99.7896193772
69477,A5,308100,69477,2.05780730897,1.52896551724,1997MM06,99.7179930796
69478,A5,308100,69478,2.06112956811,1.53517241379,1997MM07,99.646366782
69479,A5,308100,69479,2.06445182724,1.54137931034,1997MM08,99.5747404844
69480,A5,308100,69480,2.06777408638,1.5475862069,1997MM09,99.5031141869
69481,A5,308100,69481,2.07109634551,1.55379310345,1997MM10,99.4314878893
69482,A5,308100,69482,2.07441860465,1.56,1997MM11,99.3598615917
69483,A5,308100,69483,2.07774086379,1.56620689655,1997MM12,99.2882352941
69485,A5,308100,69485,2.08106312292,1.5724137931,1998MM01,99.2166089965
69486,A5,308100,69486,2.08438538206,1.57862068966,1998MM02,99.144982699
69487,A5,308100,69487,2.0877076412,1.58482758621,1998MM03,99.0733564014
69488,A5,308100,69488,2.09102990033,1.59103448276,1998MM04,99.0017301038
69489,A5,308100,69489,2.09435215947,1.59724137931,1998MM05,98.9301038062
69490,A5,308100,69490,2.0976744186,1.60344827586,1998MM06,98.8584775087
69491,A5,308100,69491,2.10099667774,1.60965517241,1998MM07,98.7868512111
69492,A5,308100,69492,2.10431893688,1.61586206897,1998MM08,98.7152249135
69493,A5,308100,69493,2.10764119601,1.62206896552,1998MM09,98.6435986159
69494,A5,308100,69494,2.11096345515,1.62827586207,1998MM10,98.5719723183
69495,A5,308100,69495,2.11428571429,1.63448275862,1998MM11,98.5003460208
69496,A5,308100,69496,2.11760797342,1.64068965517,1998MM12,98.4287197232
69498,A5,308100,69498,2.12093023256,1.64689655172,1999MM01,98.3570934256
69499,A5,308100,69499,2.12425249169,1.65310344828,1999MM02,98.285467128
69500,A5,308100,69500,2.12757475083,1.65931034483,1999MM03,98.2138408304
69501,A5,308100,69501,2.13089700997,1.66551724138,1999MM04,98.1422145329
69502,A5,308100,69502,2.1342192691,1.67172413793,1999MM05,98.0705882353
69503,A5,308100,69503,2.13754152824,1.67793103448,1999MM06,97.9989619377
69504,A5,308100,69504,2.14086378738,1.68413793103,1999MM07,97.9273356401
69505,A5,308100,69505,2.14418604651,1.69034482759,1999MM08,97.8557093426
69506,A5,308100,69506,2.14750830565,1.69655172414,1999MM09,97.784083045
69507,A5,308100,69507,2.15083056478,1.70275862069,1999MM10,97.7124567474
69508,A5,308100,69508,2.15415282392,1.70896551724,1999MM11,97.6408304498
69509,A5,308100,69509,2.15747508306,1.71517241379,1999MM12,97.5692041522
69511,A5,308100,69511,2.16079734219,1.72137931034,2000MM01,97.4975778547
69512,A5,308100,69512,2.16411960133,1.7275862069,2000MM02,97.4259515571
69513,A5,308100,69513,2.16744186047,1.73379310345,2000MM03,97.3543252595
69514,A5,308100,69514,2.1707641196,1.74,2000MM04,97.2826989619
69515,A5,308100,69515,2.17408637874,1.74620689655,2000MM05,97.2110726644
69516,A5,308100,69516,2.17740863787,1.7524137931,2000MM06,97.1394463668
69517,A5,308100,69517,2.18073089701,1.75862068966,2000MM07,97.0678200692
69518,A5,308100,69518,2.18405315615,1.76482758621,2000MM08,96.9961937716
69519,A5,308100,69519,2.18737541528,1.77103448276,2000MM09,96.924567474
69520,A5,308100,69520,2.19069767442,1.77724137931,2000MM10,96.8529411765
69521,A5,308100,69521,2.19401993355,1.78344827586,2000MM11,96.7813148789
69522,A5,308100,69522,2.19734219269,1.78965517241,2000MM12,96.7096885813
69524,A5,308100,69524,2.20066445183,1.79586206897,2001MM01,96.6380622837
69525,A5,308100,69525,2.20398671096,1.80206896552,2001MM02,96.5664359862
69526,A5,308100,69526,2.2073089701,1.80827586207,2001MM03,96.4948096886
69527,A5,308100,69527,2.21063122924,1.81448275862,2001MM04,96.423183391
69528,A5,308100,69528,2.21395348837,1.82068965517,2001MM05,96.3515570934
69529,A5,308100,69529,2.21727574751,1.82689655172,2001MM06,96.2799307958
69530,A5,308100,69530,2.22059800664,1.83310344828,2001MM07,96.2083044983
69531,A5,308100,69531,2.22392026578,1.83931034483,2001MM08,96.1366782007
69532,A5,308100,69532,2.22724252492,1.84551724138,2001MM09,96.0650519031
69533,A5,308100,69533,2.23056478405,1.85172413793,2001MM10,95.9934256055
69534,A5,308100,69534,2.23388704319,1.85793103448,2001MM11,95.921799308
69535,A5,308100,69535,2.23720930233,1.86413793103,2001MM12,95.8501730104
69537,A5,308100,69537,2.24053156146,1.87034482759,2002MM01,95.7785467128
69538,A5,308100,69538,2.2438538206,1.87655172414,2002MM02,95.7069204152
69539,A5,308100,69539,2.24717607973,1.88275862069,2002MM03,95.6352941176
69540,A5,308100,69540,2.25049833887,1.88896551724,2002MM04,95.5636678201
69541,A5,308100,69541,2.25382059801,1.89517241379,2002MM05,95.4920415225
69542,A5,308100,69542,2.25714285714,1.90137931034,2002MM06,95.4204152249
69543,A5,308100,69543,2.26046511628,1.9075862069,2002MM07,95.3487889273
69544,A5,308100,69544,2.26378737542,1.91379310345,2002MM08,95.2771626298
69545,A5,308100,69545,2.26710963455,1.92,2002MM09,95.2055363322
69546,A5,308100,69546,2.27043189369,1.92620689655,2002MM10,95.1339100346
69547,A5,308100,69547,2.27375415282,1.9324137931,2002MM11,95.062283737
69548,A5,308100,69548,2.27707641196,1.93862068966,2002MM12,94.9906574394
69550,A5,308100,69550,2.2803986711,1.94482758621,2003MM01,94.9190311419
69551,A5,308100,69551,2.28372093023,1.95103448276,2003MM02,94.8474048443
69552,A5,308100,69552,2.28704318937,1.95724137931,2003MM03,94.7757785467
69553,A5,308100,69553,2.2903654485,1.96344827586,2003MM04,94.7041522491
69554,A5,308100,69554,2.29368770764,1.96965517241,2003MM05,94.6325259516
69555,A5,308100,69555,2.29700996678,1.97586206897,2003MM06,94.560899654
69556,A5,308100,69556,2.30033222591,1.98206896552,2003MM07,94.4892733564
69557,A5,308100,69557,2.30365448505,1.98827586207,2003MM08,94.4176470588
69558,A5,308100,69558,2.30697674419,1.99448275862,2003MM09,94.3460207612
69559,A5,308100,69559,2.31029900332,2.00068965517,2003MM10,94.2743944637
69560,A5,308100,69560,2.31362126246,2.00689655172,2003MM11,94.2027681661
69561,A5,308100,69561,2.31694352159,2.01310344828,2003MM12,94.1311418685
69563,A5,308100,69563,2.32026578073,2.01931034483,2004MM01,94.0595155709
69564,A5,308100,69564,2.32358803987,2.02551724138,2004MM02,93.9878892734
69565,A5,308100,69565,2.326910299,2.03172413793,2004MM03,93.9162629758
69566,A5,308100,69566,2.33023255814,2.03793103448,2004MM04,93.8446366782
69567,A5,308100,69567,2.33355481728,2.04413793103,2004MM05,93.7730103806
69568,A5,308100,69568,2.33687707641,2.05034482759,2004MM06,93.701384083
69569,A5,308100,69569,2.34019933555,2.05655172414,2004MM07,93.6297577855
69570,A5,308100,69570,2.34352159468,2.06275862069,2004MM08,93.5581314879
69571,A5,308100,69571,2.34684385382,2.06896551724,2004MM09,93.4865051903
69572,A5,308100,69572,2.35016611296,2.07517241379,2004MM10,93.4148788927
69573,A5,308100,69573,2.35348837209,2.08137931034,2004MM11,93.3432525952
69574,A5,308100,69574,2.35681063123,2.0875862069,2004MM12,93.2716262976
69576,A5,308100,69576,2.36013289037,2.09379310345,2005MM01,93.2
69577,A5,308100,69577,2.3634551495,2.1,2005MM02,95.2
69578,A5,308100,69578,2.36677740864,-1.2,2005MM03,94.0
69579,A5,308100,69579,2.37009966777,-1.9,2005MM04,92.2
69580,A5,308100,69580,2.37342192691,0.2,2005MM05,92.4
69581,A5,308100,69581,2.37674418605,3.7,2005MM06,95.8
69582,A5,308100,69582,2.38006644518,-0.8,2005MM07,95.0
69583,A5,308100,69583,2.38338870432,1.4,2005MM08,96.4
69584,A5,308100,69584,2.38671096346,-1.7,2005MM09,94.7
69585,A5,308100,69585,2.39003322259,2.7,2005MM10,97.3
69586,A5,308100,69586,2.39335548173,1.6,2005MM11,98.8
69587,A5,308100,69587,2.39667774086,-2.3,2005MM12,96.6
69589,A5,308100,69589,2.4,-1.1,2006MM01,95.5
69590,A5,308100,69590,1.1,0.8,2006MM02,96.3
69591,A5,308100,69591,5.3,2.8,2006MM03,99.0
69592,A5,308100,69592,5.7,-1.6,2006MM04,97.4
69593,A5,308100,69593,3.3,-2.0,2006MM05,95.4
69594,A5,308100,69594,0.3,0.7,2006MM06,96.1
69595,A5,308100,69595,2.7,1.6,2006MM07,97.6
69596,A5,308100,69596,0.8,-0.5,2006MM08,97.1
69597,A5,308100,69597,4.3,1.7,2006MM09,98.7
69598,A5,308100,69598,0.8,-0.7,2006MM10,98.1
69599,A5,308100,69599,0.6,1.3,2006MM11,99.4
69600,A5,308100,69600,3.2,0.4,2006MM12,99.8
69602,A5,308100,69602,4.7,0.2,2007MM01,100.0
69603,A5,308100,69603,5.6,1.7,2007MM02,101.7
69604,A5,308100,69604,3.2,0.4,2007MM03,102.1
69605,A5,308100,69605,3.4,-1.3,2007MM04,100.7
69606,A5,308100,69606,2.2,-3.2,2007MM05,97.5
69607,A5,308100,69607,1.3,-0.1,2007MM06,97.4
69608,A5,308100,69608,0.1,0.4,2007MM07,97.7
69609,A5,308100,69609,0.9,0.2,2007MM08,98.0
69610,A5,308100,69610,-2.8,-2.0,2007MM09,96.0
69611,A5,308100,69611,-2.8,-0.7,2007MM10,95.3
69612,A5,308100,69612,-2.9,1.3,2007MM11,96.5
69613,A5,308100,69613,-3.7,-0.5,2007MM12,96.0
69615,A5,308100,69615,-0.2,3.9,2008MM01,99.8
69616,A5,308100,69616,0.4,2.2,2008MM02,102.0
69617,A5,308100,69617,-1.8,-1.7,2008MM03,100.3
69618,A5,308100,69618,-0.9,-0.4,2008MM04,99.9
69619,A5,308100,69619,1.1,-1.4,2008MM05,98.5
69620,A5,308100,69620,2.5,1.3,2008MM06,99.8
69621,A5,308100,69621,1.1,-1.0,2008MM07,98.8
69622,A5,308100,69622,1.5,0.6,2008MM08,99.4
69623,A5,308100,69623,2.6,-0.9,2008MM09,98.5
69624,A5,308100,69624,6.6,3.2,2008MM10,101.7
69625,A5,308100,69625,4.9,-0.4,2008MM11,101.3
69626,A5,308100,69626,5.4,0.0,2008MM12,101.3
69628,A5,308100,69628,0.0,-1.5,2009MM01,99.8
69629,A5,308100,69629,-2.2,0.0,2009MM02,99.8
69630,A5,308100,69630,-1.8,-1.3,2009MM03,98.5
69631,A5,308100,69631,-3.2,-1.8,2009MM04,96.7
69632,A5,308100,69632,-2.6,-0.7,2009MM05,96.0
69633,A5,308100,69633,-2.9,1.0,2009MM06,96.9
69634,A5,308100,69634,-2.0,0.0,2009MM07,96.9
69635,A5,308100,69635,-1.9,0.6,2009MM08,97.5
69636,A5,308100,69636,-1.3,-0.3,2009MM09,97.2
69637,A5,308100,69637,-4.8,-0.5,2009MM10,96.8
69638,A5,308100,69638,-4.2,0.3,2009MM11,97.0
69639,A5,308100,69639,-3.0,1.2,2009MM12,98.2
69641,A5,308100,69641,-4.1,-2.5,2010MM01,95.7
69642,A5,308100,69642,-2.6,1.5,2010MM02,97.2
69643,A5,308100,69643,-0.5,0.9,2010MM03,98.1
69644,A5,308100,69644,2.3,0.9,2010MM04,98.9
69645,A5,308100,69645,5.0,1.9,2010MM05,100.8
69646,A5,308100,69646,5.0,1.0,2010MM06,101.7
69647,A5,308100,69647,4.4,-0.6,2010MM07,101.1
69648,A5,308100,69648,3.6,-0.1,2010MM08,101.0
69649,A5,308100,69649,3.0,-0.9,2010MM09,100.1
69650,A5,308100,69650,4.4,0.9,2010MM10,101.0
69651,A5,308100,69651,4.7,0.5,2010MM11,101.6
69652,A5,308100,69652,4.6,1.1,2010MM12,102.7
69654,A5,308100,69654,7.2,-0.1,2011MM01,102.6
69655,A5,308100,69655,6.3,0.6,2011MM02,103.3
69656,A5,308100,69656,5.1,-0.2,2011MM03,103.1
69657,A5,308100,69657,4.4,0.2,2011MM04,103.3
69658,A5,308100,69658,2.1,-0.4,2011MM05,102.9
69659,A5,308100,69659,1.8,0.7,2011MM06,103.6
69660,A5,308100,69660,3.2,0.7,2011MM07,104.3
69661,A5,308100,69661,3.3,0.1,2011MM08,104.4
69662,A5,308100,69662,4.2,-0.1,2011MM09,104.3
69663,A5,308100,69663,3.1,-0.2,2011MM10,104.1
69664,A5,308100,69664,1.4,-1.1,2011MM11,103.0
69665,A5,308100,69665,1.7,1.4,2011MM12,104.5
69667,A5,308100,69667,0.0,-1.7,2012MM01,102.7
69668,A5,308100,69668,-0.8,-0.2,2012MM02,102.4
69669,A5,308100,69669,-0.8,-0.2,2012MM03,102.3
69670,A5,308100,69670,-0.8,0.2,2012MM04,102.4
69671,A5,308100,69671,-0.3,0.2,2012MM05,102.6
69672,A5,308100,69672,-1.8,-0.9,2012MM06,101.7
69673,A5,308100,69673,-1.0,1.6,2012MM07,103.3
69674,A5,308100,69674,-0.7,0.4,2012MM08,103.7
69675,A5,308100,69675,0.0,0.6,2012MM09,104.3
69676,A5,308100,69676,1.2,1.0,2012MM10,105.4
69677,A5,308100,69677,1.7,-0.6,2012MM11,104.8
69678,A5,308100,69678,1.45,-0.533333333333,2012MM12,104.35
69680,A5,308100,69680,1.2,-0.466666666667,2013MM01,103.9
69681,A5,308100,69681,1.0,-0.4,2013MM02,103.4
69682,A5,308100,69682,1.2,0.1,2013MM03,103.5
69683,A5,308100,69683,0.3,-0.8,2013MM04,102.7
69684,A5,308100,69684,0.3,0.2,2013MM05,102.9
69685,A5,308100,69685,1.2,-0.1,2013MM06,102.9
69686,A5,308100,69686,1.3,1.7,2013MM07,104.6
69687,A5,308100,69687,1.7,0.8,2013MM08,105.4
69688,A5,308100,69688,0.2,-0.8,2013MM09,104.5
69689,A5,308100,69689,-1.2,-0.4,2013MM10,104.2
69690,A5,308100,69690,-0.4,0.2,2013MM11,104.3
69691,A5,308100,69691,0.35,-0.1,2013MM12,104.2
69693,A5,308100,69693,1.1,0.8,2014MM01,105.1
69694,A5,308100,69694,1.6,0.0,2014MM02,105.1
69695,A5,308100,69695,0.3,-1.2,2014MM03,103.9
69696,A5,308100,69696,0.9,-0.2,2014MM04,103.6
69697,A5,308100,69697,1.4,0.7,2014MM05,104.4
69698,A5,308100,69698,2.7,1.3,2014MM06,105.7
69699,A5,308100,69699,-0.6,-1.7,2014MM07,104.0
69700,A5,308100,69700,-0.7,0.7,2014MM08,104.7
69701,A5,308100,69701,0.3,0.1,2014MM09,104.8
69702,A5,308100,69702,1.0,0.4,2014MM10,105.2
69703,A5,308100,69703,1.0,0.2,2014MM11,105.4
69704,A5,308100,69704,2.8,1.7,2014MM12,107.2
69706,A5,308100,69706,1.0,-1.0,2015MM01,106.1
69707,A5,308100,69707,0.3,-0.7,2015MM02,105.4
69708,A5,308100,69708,2.1,0.6,2015MM03,106.0
69709,A5,308100,69709,3.9,1.6,2015MM04,107.7
69710,A5,308100,69710,3.1,-0.1,2015MM05,107.6
69711,A5,308100,69711,2.2,0.4,2015MM06,108.0
69712,A5,308100,69712,2.4,-1.5,2015MM07,106.4
69713,A5,308100,69713,3.4,1.7,2015MM08,108.2
69714,A5,308100,69714,3.5,0.3,2015MM09,108.5
69715,A5,308100,69715,2.8,-0.3,2015MM10,108.2
69716,A5,308100,69716,4.2,1.5,2015MM11,109.8
69717,A5,308100,69717,2.9,0.4,2015MM12,110.3
69719,A5,308100,69719,3.4,-0.4,2016MM01,109.8
69720,A5,308100,69720,4.7,0.6,2016MM02,110.4
69721,A5,308100,69721,2.7,-1.4,2016MM03,108.9
69722,A5,308100,69722,0.7,-0.4,2016MM04,108.4
69723,A5,308100,69723,1.7,0.9,2016MM05,109.4
69724,A5,308100,69724,0.2,-1.1,2016MM06,108.2
69725,A5,308100,69725,1.5,-0.1,2016MM07,108.1
69726,A5,308100,69726,2.4,2.5,2016MM08,110.8
69727,A5,308100,69727,2.5,0.4,2016MM09,111.2
69728,A5,308100,69728,4.1,1.2,2016MM10,112.6
69729,A5,308100,69729,2.4,-0.1,2016MM11,112.4
69730,A5,308100,69730,2.9,0.9,2016MM12,113.5
69732,A5,308100,69732,4.6,1.2,2017MM01,114.8
69733,A5,308100,69733,4.6,0.6,2017MM02,115.4
69734,A5,308100,69734,5.8,-0.2,2017MM03,115.3
69735,A5,308100,69735,6.7,0.4,2017MM04,115.7
69736,A5,308100,69736,4.0,-1.7,2017MM05,113.8
69737,A5,308100,69737,3.5,-1.5,2017MM06,112.0
69738,A5,308100,69738,3.8,0.2,2017MM07,112.2
69739,A5,308100,69739,3.0,1.7,2017MM08,114.1
69740,A5,308100,69740,2.4,-0.1,2017MM09,114.0
69741,A5,308100,69741,1.0,-0.3,2017MM10,113.7
69742,A5,308100,69742,1.7,0.5,2017MM11,114.3
69743,A5,308100,69743,1.6,0.9,2017MM12,115.3
