,Afzet,BedrijfstakkenBranchesSBI2008,ID,OntwikkelingTOV1JaarEerder_2,OntwikkelingTOV1MaandEerder_3,Perioden,ProducentenprijsindexPPI_1
37037,A4,308100,37037,1.60398671096,0.79724137931,1981MM01,115.097923875
37038,A4,308100,37038,1.60797342193,0.794482758621,1981MM02,114.995847751
37039,A4,308100,37039,1.61196013289,0.791724137931,1981MM03,114.893771626
37040,A4,308100,37040,1.61594684385,0.788965517241,1981MM04,114.791695502
37041,A4,308100,37041,1.61993355482,0.786206896552,1981MM05,114.689619377
37042,A4,308100,37042,1.62392026578,0.783448275862,1981MM06,114.587543253
37043,A4,308100,37043,1.62790697674,0.780689655172,1981MM07,114.485467128
37044,A4,308100,37044,1.63189368771,0.777931034483,1981MM08,114.383391003
37045,A4,308100,37045,1.63588039867,0.775172413793,1981MM09,114.281314879
37046,A4,308100,37046,1.63986710963,0.772413793103,1981MM10,114.179238754
37047,A4,308100,37047,1.6438538206,0.769655172414,1981MM11,114.07716263
37048,A4,308100,37048,1.64784053156,0.766896551724,1981MM12,113.975086505
37050,A4,308100,37050,1.65182724252,0.764137931034,1982MM01,113.873010381
37051,A4,308100,37051,1.65581395349,0.761379310345,1982MM02,113.770934256
37052,A4,308100,37052,1.65980066445,0.758620689655,1982MM03,113.668858131
37053,A4,308100,37053,1.66378737542,0.755862068966,1982MM04,113.566782007
37054,A4,308100,37054,1.66777408638,0.753103448276,1982MM05,113.464705882
37055,A4,308100,37055,1.67176079734,0.750344827586,1982MM06,113.362629758
37056,A4,308100,37056,1.67574750831,0.747586206897,1982MM07,113.260553633
37057,A4,308100,37057,1.67973421927,0.744827586207,1982MM08,113.158477509
37058,A4,308100,37058,1.68372093023,0.742068965517,1982MM09,113.056401384
37059,A4,308100,37059,1.6877076412,0.739310344828,1982MM10,112.95432526
37060,A4,308100,37060,1.69169435216,0.736551724138,1982MM11,112.852249135
37061,A4,308100,37061,1.69568106312,0.733793103448,1982MM12,112.75017301
37063,A4,308100,37063,1.69966777409,0.731034482759,1983MM01,112.648096886
37064,A4,308100,37064,1.70365448505,0.728275862069,1983MM02,112.546020761
37065,A4,308100,37065,1.70764119601,0.725517241379,1983MM03,112.443944637
37066,A4,308100,37066,1.71162790698,0.72275862069,1983MM04,112.341868512
37067,A4,308100,37067,1.71561461794,0.72,1983MM05,112.239792388
37068,A4,308100,37068,1.7196013289,0.71724137931,1983MM06,112.137716263
37069,A4,308100,37069,1.72358803987,0.714482758621,1983MM07,112.035640138
37070,A4,308100,37070,1.72757475083,0.711724137931,1983MM08,111.933564014
37071,A4,308100,37071,1.73156146179,0.708965517241,1983MM09,111.831487889
37072,A4,308100,37072,1.73554817276,0.706206896552,1983MM10,111.729411765
37073,A4,308100,37073,1.73953488372,0.703448275862,1983MM11,111.62733564
37074,A4,308100,37074,1.74352159468,0.700689655172,1983MM12,111.525259516
37076,A4,308100,37076,1.74750830565,0.697931034483,1984MM01,111.423183391
37077,A4,308100,37077,1.75149501661,0.695172413793,1984MM02,111.321107266
37078,A4,308100,37078,1.75548172757,0.692413793103,1984MM03,111.219031142
37079,A4,308100,37079,1.75946843854,0.689655172414,1984MM04,111.116955017
37080,A4,308100,37080,1.7634551495,0.686896551724,1984MM05,111.014878893
37081,A4,308100,37081,1.76744186047,0.684137931034,1984MM06,110.912802768
37082,A4,308100,37082,1.77142857143,0.681379310345,1984MM07,110.810726644
37083,A4,308100,37083,1.77541528239,0.678620689655,1984MM08,110.708650519
37084,A4,308100,37084,1.77940199336,0.675862068966,1984MM09,110.606574394
37085,A4,308100,37085,1.78338870432,0.673103448276,1984MM10,110.50449827
37086,A4,308100,37086,1.78737541528,0.670344827586,1984MM11,110.402422145
37087,A4,308100,37087,1.79136212625,0.667586206897,1984MM12,110.300346021
37089,A4,308100,37089,1.79534883721,0.664827586207,1985MM01,110.198269896
37090,A4,308100,37090,1.79933554817,0.662068965517,1985MM02,110.096193772
37091,A4,308100,37091,1.80332225914,0.659310344828,1985MM03,109.994117647
37092,A4,308100,37092,1.8073089701,0.656551724138,1985MM04,109.892041522
37093,A4,308100,37093,1.81129568106,0.653793103448,1985MM05,109.789965398
37094,A4,308100,37094,1.81528239203,0.651034482759,1985MM06,109.687889273
37095,A4,308100,37095,1.81926910299,0.648275862069,1985MM07,109.585813149
37096,A4,308100,37096,1.82325581395,0.645517241379,1985MM08,109.483737024
37097,A4,308100,37097,1.82724252492,0.64275862069,1985MM09,109.3816609
37098,A4,308100,37098,1.83122923588,0.64,1985MM10,109.279584775
37099,A4,308100,37099,1.83521594684,0.63724137931,1985MM11,109.177508651
37100,A4,308100,37100,1.83920265781,0.634482758621,1985MM12,109.075432526
37102,A4,308100,37102,1.84318936877,0.631724137931,1986MM01,108.973356401
37103,A4,308100,37103,1.84717607973,0.628965517241,1986MM02,108.871280277
37104,A4,308100,37104,1.8511627907,0.626206896552,1986MM03,108.769204152
37105,A4,308100,37105,1.85514950166,0.623448275862,1986MM04,108.667128028
37106,A4,308100,37106,1.85913621262,0.620689655172,1986MM05,108.565051903
37107,A4,308100,37107,1.86312292359,0.617931034483,1986MM06,108.462975779
37108,A4,308100,37108,1.86710963455,0.615172413793,1986MM07,108.360899654
37109,A4,308100,37109,1.87109634551,0.612413793103,1986MM08,108.258823529
37110,A4,308100,37110,1.87508305648,0.609655172414,1986MM09,108.156747405
37111,A4,308100,37111,1.87906976744,0.606896551724,1986MM10,108.05467128
37112,A4,308100,37112,1.88305647841,0.604137931034,1986MM11,107.952595156
37113,A4,308100,37113,1.88704318937,0.601379310345,1986MM12,107.850519031
37115,A4,308100,37115,1.89102990033,0.598620689655,1987MM01,107.748442907
37116,A4,308100,37116,1.8950166113,0.595862068966,1987MM02,107.646366782
37117,A4,308100,37117,1.89900332226,0.593103448276,1987MM03,107.544290657
37118,A4,308100,37118,1.90299003322,0.590344827586,1987MM04,107.442214533
37119,A4,308100,37119,1.90697674419,0.587586206897,1987MM05,107.340138408
37120,A4,308100,37120,1.91096345515,0.584827586207,1987MM06,107.238062284
37121,A4,308100,37121,1.91495016611,0.582068965517,1987MM07,107.135986159
37122,A4,308100,37122,1.91893687708,0.579310344828,1987MM08,107.033910035
37123,A4,308100,37123,1.92292358804,0.576551724138,1987MM09,106.93183391
37124,A4,308100,37124,1.926910299,0.573793103448,1987MM10,106.829757785
37125,A4,308100,37125,1.93089700997,0.571034482759,1987MM11,106.727681661
37126,A4,308100,37126,1.93488372093,0.568275862069,1987MM12,106.625605536
37128,A4,308100,37128,1.93887043189,0.565517241379,1988MM01,106.523529412
37129,A4,308100,37129,1.94285714286,0.56275862069,1988MM02,106.421453287
37130,A4,308100,37130,1.94684385382,0.56,1988MM03,106.319377163
37131,A4,308100,37131,1.95083056478,0.55724137931,1988MM04,106.217301038
37132,A4,308100,37132,1.95481727575,0.554482758621,1988MM05,106.115224913
37133,A4,308100,37133,1.95880398671,0.551724137931,1988MM06,106.013148789
37134,A4,308100,37134,1.96279069767,0.548965517241,1988MM07,105.911072664
37135,A4,308100,37135,1.96677740864,0.546206896552,1988MM08,105.80899654
37136,A4,308100,37136,1.9707641196,0.543448275862,1988MM09,105.706920415
37137,A4,308100,37137,1.97475083056,0.540689655172,1988MM10,105.604844291
37138,A4,308100,37138,1.97873754153,0.537931034483,1988MM11,105.502768166
37139,A4,308100,37139,1.98272425249,0.535172413793,1988MM12,105.400692042
37141,A4,308100,37141,1.98671096346,0.532413793103,1989MM01,105.298615917
37142,A4,308100,37142,1.99069767442,0.529655172414,1989MM02,105.196539792
37143,A4,308100,37143,1.99468438538,0.526896551724,1989MM03,105.094463668
37144,A4,308100,37144,1.99867109635,0.524137931034,1989MM04,104.992387543
37145,A4,308100,37145,2.00265780731,0.521379310345,1989MM05,104.890311419
37146,A4,308100,37146,2.00664451827,0.518620689655,1989MM06,104.788235294
37147,A4,308100,37147,2.01063122924,0.515862068966,1989MM07,104.68615917
37148,A4,308100,37148,2.0146179402,0.513103448276,1989MM08,104.584083045
37149,A4,308100,37149,2.01860465116,0.510344827586,1989MM09,104.48200692
37150,A4,308100,37150,2.02259136213,0.507586206897,1989MM10,104.379930796
37151,A4,308100,37151,2.02657807309,0.504827586207,1989MM11,104.277854671
37152,A4,308100,37152,2.03056478405,0.502068965517,1989MM12,104.175778547
37154,A4,308100,37154,2.03455149502,0.499310344828,1990MM01,104.073702422
37155,A4,308100,37155,2.03853820598,0.496551724138,1990MM02,103.971626298
37156,A4,308100,37156,2.04252491694,0.493793103448,1990MM03,103.869550173
37157,A4,308100,37157,2.04651162791,0.491034482759,1990MM04,103.767474048
37158,A4,308100,37158,2.05049833887,0.488275862069,1990MM05,103.665397924
37159,A4,308100,37159,2.05448504983,0.485517241379,1990MM06,103.563321799
37160,A4,308100,37160,2.0584717608,0.48275862069,1990MM07,103.461245675
37161,A4,308100,37161,2.06245847176,0.48,1990MM08,103.35916955
37162,A4,308100,37162,2.06644518272,0.47724137931,1990MM09,103.257093426
37163,A4,308100,37163,2.07043189369,0.474482758621,1990MM10,103.155017301
37164,A4,308100,37164,2.07441860465,0.471724137931,1990MM11,103.052941176
37165,A4,308100,37165,2.07840531561,0.468965517241,1990MM12,102.950865052
37167,A4,308100,37167,2.08239202658,0.466206896552,1991MM01,102.848788927
37168,A4,308100,37168,2.08637873754,0.463448275862,1991MM02,102.746712803
37169,A4,308100,37169,2.0903654485,0.460689655172,1991MM03,102.644636678
37170,A4,308100,37170,2.09435215947,0.457931034483,1991MM04,102.542560554
37171,A4,308100,37171,2.09833887043,0.455172413793,1991MM05,102.440484429
37172,A4,308100,37172,2.1023255814,0.452413793103,1991MM06,102.338408304
37173,A4,308100,37173,2.10631229236,0.449655172414,1991MM07,102.23633218
37174,A4,308100,37174,2.11029900332,0.446896551724,1991MM08,102.134256055
37175,A4,308100,37175,2.11428571429,0.444137931034,1991MM09,102.032179931
37176,A4,308100,37176,2.11827242525,0.441379310345,1991MM10,101.930103806
37177,A4,308100,37177,2.12225913621,0.438620689655,1991MM11,101.828027682
37178,A4,308100,37178,2.12624584718,0.435862068966,1991MM12,101.725951557
37180,A4,308100,37180,2.13023255814,0.433103448276,1992MM01,101.623875433
37181,A4,308100,37181,2.1342192691,0.430344827586,1992MM02,101.521799308
37182,A4,308100,37182,2.13820598007,0.427586206897,1992MM03,101.419723183
37183,A4,308100,37183,2.14219269103,0.424827586207,1992MM04,101.317647059
37184,A4,308100,37184,2.14617940199,0.422068965517,1992MM05,101.215570934
37185,A4,308100,37185,2.15016611296,0.419310344828,1992MM06,101.11349481
37186,A4,308100,37186,2.15415282392,0.416551724138,1992MM07,101.011418685
37187,A4,308100,37187,2.15813953488,0.413793103448,1992MM08,100.909342561
37188,A4,308100,37188,2.16212624585,0.411034482759,1992MM09,100.807266436
37189,A4,308100,37189,2.16611295681,0.408275862069,1992MM10,100.705190311
37190,A4,308100,37190,2.17009966777,0.405517241379,1992MM11,100.603114187
37191,A4,308100,37191,2.17408637874,0.40275862069,1992MM12,100.501038062
37193,A4,308100,37193,2.1780730897,0.4,1993MM01,100.398961938
37194,A4,308100,37194,2.18205980066,0.39724137931,1993MM02,100.296885813
37195,A4,308100,37195,2.18604651163,0.394482758621,1993MM03,100.194809689
37196,A4,308100,37196,2.19003322259,0.391724137931,1993MM04,100.092733564
37197,A4,308100,37197,2.19401993355,0.388965517241,1993MM05,99.9906574394
37198,A4,308100,37198,2.19800664452,0.386206896552,1993MM06,99.8885813149
37199,A4,308100,37199,2.20199335548,0.383448275862,1993MM07,99.7865051903
37200,A4,308100,37200,2.20598006645,0.380689655172,1993MM08,99.6844290657
37201,A4,308100,37201,2.20996677741,0.377931034483,1993MM09,99.5823529412
37202,A4,308100,37202,2.21395348837,0.375172413793,1993MM10,99.4802768166
37203,A4,308100,37203,2.21794019934,0.372413793103,1993MM11,99.378200692
37204,A4,308100,37204,2.2219269103,0.369655172414,1993MM12,99.2761245675
37206,A4,308100,37206,2.22591362126,0.366896551724,1994MM01,99.1740484429
37207,A4,308100,37207,2.22990033223,0.364137931034,1994MM02,99.0719723183
37208,A4,308100,37208,2.23388704319,0.361379310345,1994MM03,98.9698961938
37209,A4,308100,37209,2.23787375415,0.358620689655,1994MM04,98.8678200692
37210,A4,308100,37210,2.24186046512,0.355862068966,1994MM05,98.7657439446
37211,A4,308100,37211,2.24584717608,0.353103448276,1994MM06,98.6636678201
37212,A4,308100,37212,2.24983388704,0.350344827586,1994MM07,98.5615916955
37213,A4,308100,37213,2.25382059801,0.347586206897,1994MM08,98.4595155709
37214,A4,308100,37214,2.25780730897,0.344827586207,1994MM09,98.3574394464
37215,A4,308100,37215,2.26179401993,0.342068965517,1994MM10,98.2553633218
37216,A4,308100,37216,2.2657807309,0.339310344828,1994MM11,98.1532871972
37217,A4,308100,37217,2.26976744186,0.336551724138,1994MM12,98.0512110727
37219,A4,308100,37219,2.27375415282,0.333793103448,1995MM01,97.9491349481
37220,A4,308100,37220,2.27774086379,0.331034482759,1995MM02,97.8470588235
37221,A4,308100,37221,2.28172757475,0.328275862069,1995MM03,97.744982699
37222,A4,308100,37222,2.28571428571,0.325517241379,1995MM04,97.6429065744
37223,A4,308100,37223,2.28970099668,0.32275862069,1995MM05,97.5408304498
37224,A4,308100,37224,2.29368770764,0.32,1995MM06,97.4387543253
37225,A4,308100,37225,2.2976744186,0.31724137931,1995MM07,97.3366782007
37226,A4,308100,37226,2.30166112957,0.314482758621,1995MM08,97.2346020761
37227,A4,308100,37227,2.30564784053,0.311724137931,1995MM09,97.1325259516
37228,A4,308100,37228,2.3096345515,0.308965517241,1995MM10,97.030449827
37229,A4,308100,37229,2.31362126246,0.306206896552,1995MM11,96.9283737024
37230,A4,308100,37230,2.31760797342,0.303448275862,1995MM12,96.8262975779
37232,A4,308100,37232,2.32159468439,0.300689655172,1996MM01,96.7242214533
37233,A4,308100,37233,2.32558139535,0.297931034483,1996MM02,96.6221453287
37234,A4,308100,37234,2.32956810631,0.295172413793,1996MM03,96.5200692042
37235,A4,308100,37235,2.33355481728,0.292413793103,1996MM04,96.4179930796
37236,A4,308100,37236,2.33754152824,0.289655172414,1996MM05,96.315916955
37237,A4,308100,37237,2.3415282392,0.286896551724,1996MM06,96.2138408304
37238,A4,308100,37238,2.34551495017,0.284137931034,1996MM07,96.1117647059
37239,A4,308100,37239,2.34950166113,0.281379310345,1996MM08,96.0096885813
37240,A4,308100,37240,2.35348837209,0.278620689655,1996MM09,95.9076124567
37241,A4,308100,37241,2.35747508306,0.275862068966,1996MM10,95.8055363322
37242,A4,308100,37242,2.36146179402,0.273103448276,1996MM11,95.7034602076
37243,A4,308100,37243,2.36544850498,0.270344827586,1996MM12,95.601384083
37245,A4,308100,37245,2.36943521595,0.267586206897,1997MM01,95.4993079585
37246,A4,308100,37246,2.37342192691,0.264827586207,1997MM02,95.3972318339
37247,A4,308100,37247,2.37740863787,0.262068965517,1997MM03,95.2951557093
37248,A4,308100,37248,2.38139534884,0.259310344828,1997MM04,95.1930795848
37249,A4,308100,37249,2.3853820598,0.256551724138,1997MM05,95.0910034602
37250,A4,308100,37250,2.38936877076,0.253793103448,1997MM06,94.9889273356
37251,A4,308100,37251,2.39335548173,0.251034482759,1997MM07,94.8868512111
37252,A4,308100,37252,2.39734219269,0.248275862069,1997MM08,94.7847750865
37253,A4,308100,37253,2.40132890365,0.245517241379,1997MM09,94.6826989619
37254,A4,308100,37254,2.40531561462,0.24275862069,1997MM10,94.5806228374
37255,A4,308100,37255,2.40930232558,0.24,1997MM11,94.4785467128
37256,A4,308100,37256,2.41328903654,0.23724137931,1997MM12,94.3764705882
37258,A4,308100,37258,2.41727574751,0.234482758621,1998MM01,94.2743944637
37259,A4,308100,37259,2.42126245847,0.231724137931,1998MM02,94.1723183391
37260,A4,308100,37260,2.42524916944,0.228965517241,1998MM03,94.0702422145
37261,A4,308100,37261,2.4292358804,0.226206896552,1998MM04,93.96816609
37262,A4,308100,37262,2.43322259136,0.223448275862,1998MM05,93.8660899654
37263,A4,308100,37263,2.43720930233,0.220689655172,1998MM06,93.7640138408
37264,A4,308100,37264,2.44119601329,0.217931034483,1998MM07,93.6619377163
37265,A4,308100,37265,2.44518272425,0.215172413793,1998MM08,93.5598615917
37266,A4,308100,37266,2.44916943522,0.212413793103,1998MM09,93.4577854671
37267,A4,308100,37267,2.45315614618,0.209655172414,1998MM10,93.3557093426
37268,A4,308100,37268,2.45714285714,0.206896551724,1998MM11,93.253633218
37269,A4,308100,37269,2.46112956811,0.204137931034,1998MM12,93.1515570934
37271,A4,308100,37271,2.46511627907,0.201379310345,1999MM01,93.0494809689
37272,A4,308100,37272,2.46910299003,0.198620689655,1999MM02,92.9474048443
37273,A4,308100,37273,2.473089701,0.195862068966,1999MM03,92.8453287197
37274,A4,308100,37274,2.47707641196,0.193103448276,1999MM04,92.7432525952
37275,A4,308100,37275,2.48106312292,0.190344827586,1999MM05,92.6411764706
37276,A4,308100,37276,2.48504983389,0.187586206897,1999MM06,92.539100346
37277,A4,308100,37277,2.48903654485,0.184827586207,1999MM07,92.4370242215
37278,A4,308100,37278,2.49302325581,0.182068965517,1999MM08,92.3349480969
37279,A4,308100,37279,2.49700996678,0.179310344828,1999MM09,92.2328719723
37280,A4,308100,37280,2.50099667774,0.176551724138,1999MM10,92.1307958478
37281,A4,308100,37281,2.5049833887,0.173793103448,1999MM11,92.0287197232
37282,A4,308100,37282,2.50897009967,0.171034482759,1999MM12,91.9266435986
37284,A4,308100,37284,2.51295681063,0.168275862069,2000MM01,91.824567474
37285,A4,308100,37285,2.51694352159,0.165517241379,2000MM02,91.7224913495
37286,A4,308100,37286,2.52093023256,0.16275862069,2000MM03,91.6204152249
37287,A4,308100,37287,2.52491694352,0.16,2000MM04,91.5183391003
37288,A4,308100,37288,2.52890365449,0.15724137931,2000MM05,91.4162629758
37289,A4,308100,37289,2.53289036545,0.154482758621,2000MM06,91.3141868512
37290,A4,308100,37290,2.53687707641,0.151724137931,2000MM07,91.2121107266
37291,A4,308100,37291,2.54086378738,0.148965517241,2000MM08,91.1100346021
37292,A4,308100,37292,2.54485049834,0.146206896552,2000MM09,91.0079584775
37293,A4,308100,37293,2.5488372093,0.143448275862,2000MM10,90.9058823529
37294,A4,308100,37294,2.55282392027,0.140689655172,2000MM11,90.8038062284
37295,A4,308100,37295,2.55681063123,0.137931034483,2000MM12,90.7017301038
37297,A4,308100,37297,2.56079734219,0.135172413793,2001MM01,90.5996539792
37298,A4,308100,37298,2.56478405316,0.132413793103,2001MM02,90.4975778547
37299,A4,308100,37299,2.56877076412,0.129655172414,2001MM03,90.3955017301
37300,A4,308100,37300,2.57275747508,0.126896551724,2001MM04,90.2934256055
37301,A4,308100,37301,2.57674418605,0.124137931034,2001MM05,90.191349481
37302,A4,308100,37302,2.58073089701,0.121379310345,2001MM06,90.0892733564
37303,A4,308100,37303,2.58471760797,0.118620689655,2001MM07,89.9871972318
37304,A4,308100,37304,2.58870431894,0.115862068966,2001MM08,89.8851211073
37305,A4,308100,37305,2.5926910299,0.113103448276,2001MM09,89.7830449827
37306,A4,308100,37306,2.59667774086,0.110344827586,2001MM10,89.6809688581
37307,A4,308100,37307,2.60066445183,0.107586206897,2001MM11,89.5788927336
37308,A4,308100,37308,2.60465116279,0.104827586207,2001MM12,89.476816609
37310,A4,308100,37310,2.60863787375,0.102068965517,2002MM01,89.3747404844
37311,A4,308100,37311,2.61262458472,0.0993103448276,2002MM02,89.2726643599
37312,A4,308100,37312,2.61661129568,0.0965517241379,2002MM03,89.1705882353
37313,A4,308100,37313,2.62059800664,0.0937931034483,2002MM04,89.0685121107
37314,A4,308100,37314,2.62458471761,0.0910344827586,2002MM05,88.9664359862
37315,A4,308100,37315,2.62857142857,0.088275862069,2002MM06,88.8643598616
37316,A4,308100,37316,2.63255813953,0.0855172413793,2002MM07,88.762283737
37317,A4,308100,37317,2.6365448505,0.0827586206897,2002MM08,88.6602076125
37318,A4,308100,37318,2.64053156146,0.08,2002MM09,88.5581314879
37319,A4,308100,37319,2.64451827243,0.0772413793103,2002MM10,88.4560553633
37320,A4,308100,37320,2.64850498339,0.0744827586207,2002MM11,88.3539792388
37321,A4,308100,37321,2.65249169435,0.071724137931,2002MM12,88.2519031142
37323,A4,308100,37323,2.65647840532,0.0689655172414,2003MM01,88.1498269896
37324,A4,308100,37324,2.66046511628,0.0662068965517,2003MM02,88.0477508651
37325,A4,308100,37325,2.66445182724,0.0634482758621,2003MM03,87.9456747405
37326,A4,308100,37326,2.66843853821,0.0606896551724,2003MM04,87.8435986159
37327,A4,308100,37327,2.67242524917,0.0579310344828,2003MM05,87.7415224913
37328,A4,308100,37328,2.67641196013,0.0551724137931,2003MM06,87.6394463668
37329,A4,308100,37329,2.6803986711,0.0524137931034,2003MM07,87.5373702422
37330,A4,308100,37330,2.68438538206,0.0496551724138,2003MM08,87.4352941176
37331,A4,308100,37331,2.68837209302,0.0468965517241,2003MM09,87.3332179931
37332,A4,308100,37332,2.69235880399,0.0441379310345,2003MM10,87.2311418685
37333,A4,308100,37333,2.69634551495,0.0413793103448,2003MM11,87.1290657439
37334,A4,308100,37334,2.70033222591,0.0386206896552,2003MM12,87.0269896194
37336,A4,308100,37336,2.70431893688,0.0358620689655,2004MM01,86.9249134948
37337,A4,308100,37337,2.70830564784,0.0331034482759,2004MM02,86.8228373702
37338,A4,308100,37338,2.7122923588,0.0303448275862,2004MM03,86.7207612457
37339,A4,308100,37339,2.71627906977,0.0275862068966,2004MM04,86.6186851211
37340,A4,308100,37340,2.72026578073,0.0248275862069,2004MM05,86.5166089965
37341,A4,308100,37341,2.72425249169,0.0220689655172,2004MM06,86.414532872
37342,A4,308100,37342,2.72823920266,0.0193103448276,2004MM07,86.3124567474
37343,A4,308100,37343,2.73222591362,0.0165517241379,2004MM08,86.2103806228
37344,A4,308100,37344,2.73621262458,0.0137931034483,2004MM09,86.1083044983
37345,A4,308100,37345,2.74019933555,0.0110344827586,2004MM10,86.0062283737
37346,A4,308100,37346,2.74418604651,0.00827586206897,2004MM11,85.9041522491
37347,A4,308100,37347,2.74817275748,0.00551724137931,2004MM12,85.8020761246
37349,A4,308100,37349,2.75215946844,0.00275862068966,2005MM01,85.7
37350,A4,308100,37350,2.7561461794,0.0,2005MM02,85.8
37351,A4,308100,37351,2.76013289037,0.1,2005MM03,85.9
37352,A4,308100,37352,2.76411960133,1.1,2005MM04,86.8
37353,A4,308100,37353,2.76810631229,0.0,2005MM05,86.9
37354,A4,308100,37354,2.77209302326,0.0,2005MM06,86.9
37355,A4,308100,37355,2.77607973422,0.7,2005MM07,87.5
37356,A4,308100,37356,2.78006644518,0.0,2005MM08,87.5
37357,A4,308100,37357,2.78405315615,-0.1,2005MM09,87.4
37358,A4,308100,37358,2.78803986711,-0.3,2005MM10,87.2
37359,A4,308100,37359,2.79202657807,0.1,2005MM11,87.2
37360,A4,308100,37360,2.79601328904,0.0,2005MM12,87.3
37362,A4,308100,37362,2.8,1.0,2006MM01,88.2
37363,A4,308100,37363,2.8,0.1,2006MM02,88.2
37364,A4,308100,37364,2.8,0.1,2006MM03,88.3
37365,A4,308100,37365,1.6,-0.1,2006MM04,88.3
37366,A4,308100,37366,1.7,0.1,2006MM05,88.3
37367,A4,308100,37367,1.7,0.0,2006MM06,88.3
37368,A4,308100,37368,1.5,0.5,2006MM07,88.8
37369,A4,308100,37369,1.5,0.0,2006MM08,88.8
37370,A4,308100,37370,1.5,-0.1,2006MM09,88.7
37371,A4,308100,37371,1.8,0.0,2006MM10,88.8
37372,A4,308100,37372,1.9,0.1,2006MM11,88.9
37373,A4,308100,37373,1.8,-0.1,2006MM12,88.8
37375,A4,308100,37375,1.1,0.4,2007MM01,89.2
37376,A4,308100,37376,0.9,-0.1,2007MM02,89.0
37377,A4,308100,37377,0.8,0.0,2007MM03,89.0
37378,A4,308100,37378,1.1,0.2,2007MM04,89.2
37379,A4,308100,37379,0.9,-0.1,2007MM05,89.1
37380,A4,308100,37380,0.9,0.0,2007MM06,89.1
37381,A4,308100,37381,0.5,0.1,2007MM07,89.2
37382,A4,308100,37382,0.4,-0.1,2007MM08,89.2
37383,A4,308100,37383,0.5,0.0,2007MM09,89.2
37384,A4,308100,37384,6.9,6.4,2007MM10,94.9
37385,A4,308100,37385,6.8,0.0,2007MM11,95.0
37386,A4,308100,37386,6.9,0.0,2007MM12,95.0
37388,A4,308100,37388,8.1,1.4,2008MM01,96.3
37389,A4,308100,37389,8.2,0.0,2008MM02,96.3
37390,A4,308100,37390,8.3,0.1,2008MM03,96.5
37391,A4,308100,37391,9.2,1.0,2008MM04,97.4
37392,A4,308100,37392,9.3,0.0,2008MM05,97.4
37393,A4,308100,37393,9.3,0.0,2008MM06,97.4
37394,A4,308100,37394,10.4,1.1,2008MM07,98.5
37395,A4,308100,37395,10.4,0.0,2008MM08,98.4
37396,A4,308100,37396,10.4,0.0,2008MM09,98.4
37397,A4,308100,37397,3.7,0.0,2008MM10,98.4
37398,A4,308100,37398,3.6,0.0,2008MM11,98.4
37399,A4,308100,37399,3.6,0.0,2008MM12,98.4
37401,A4,308100,37401,3.0,0.9,2009MM01,99.2
37402,A4,308100,37402,3.0,0.0,2009MM02,99.2
37403,A4,308100,37403,3.0,0.1,2009MM03,99.4
37404,A4,308100,37404,2.1,0.0,2009MM04,99.4
37405,A4,308100,37405,1.9,-0.1,2009MM05,99.3
37406,A4,308100,37406,1.8,-0.1,2009MM06,99.2
37407,A4,308100,37407,1.3,0.6,2009MM07,99.8
37408,A4,308100,37408,1.3,-0.1,2009MM08,99.7
37409,A4,308100,37409,1.3,0.0,2009MM09,99.8
37410,A4,308100,37410,1.4,0.0,2009MM10,99.8
37411,A4,308100,37411,1.4,-0.1,2009MM11,99.7
37412,A4,308100,37412,1.5,0.1,2009MM12,99.8
37414,A4,308100,37414,0.9,0.3,2010MM01,100.1
37415,A4,308100,37415,0.8,-0.1,2010MM02,100.0
37416,A4,308100,37416,0.8,0.1,2010MM03,100.1
37417,A4,308100,37417,0.8,0.1,2010MM04,100.2
37418,A4,308100,37418,0.9,-0.1,2010MM05,100.1
37419,A4,308100,37419,1.0,0.0,2010MM06,100.1
37420,A4,308100,37420,0.4,0.0,2010MM07,100.1
37421,A4,308100,37421,0.5,0.0,2010MM08,100.2
37422,A4,308100,37422,0.4,0.0,2010MM09,100.2
37423,A4,308100,37423,-0.2,-0.6,2010MM10,99.6
37424,A4,308100,37424,-0.1,0.0,2010MM11,99.6
37425,A4,308100,37425,-0.2,0.0,2010MM12,99.6
37427,A4,308100,37427,0.0,0.4,2011MM01,100.1
37428,A4,308100,37428,0.1,0.1,2011MM02,100.1
37429,A4,308100,37429,0.1,0.1,2011MM03,100.2
37430,A4,308100,37430,2.4,2.4,2011MM04,102.6
37431,A4,308100,37431,2.4,-0.1,2011MM05,102.5
37432,A4,308100,37432,2.4,0.1,2011MM06,102.6
37433,A4,308100,37433,2.6,0.1,2011MM07,102.7
37434,A4,308100,37434,2.5,0.0,2011MM08,102.7
37435,A4,308100,37435,2.5,-0.1,2011MM09,102.6
37436,A4,308100,37436,4.3,1.2,2011MM10,103.9
37437,A4,308100,37437,4.3,0.0,2011MM11,103.9
37438,A4,308100,37438,4.2,0.0,2011MM12,103.9
37440,A4,308100,37440,5.4,1.5,2012MM01,105.4
37441,A4,308100,37441,5.2,-0.1,2012MM02,105.3
37442,A4,308100,37442,5.0,-0.1,2012MM03,105.3
37443,A4,308100,37443,2.8,0.2,2012MM04,105.4
37444,A4,308100,37444,2.9,0.1,2012MM05,105.5
37445,A4,308100,37445,3.0,0.1,2012MM06,105.6
37446,A4,308100,37446,2.7,-0.1,2012MM07,105.5
37447,A4,308100,37447,2.6,-0.1,2012MM08,105.4
37448,A4,308100,37448,2.6,-0.1,2012MM09,105.3
37449,A4,308100,37449,1.5,0.1,2012MM10,105.4
37450,A4,308100,37450,1.4,-0.1,2012MM11,105.3
37451,A4,308100,37451,1.3,-0.2,2012MM12,105.2
37453,A4,308100,37453,2.5,2.7,2013MM01,108.0
37454,A4,308100,37454,2.7,0.1,2013MM02,108.1
37455,A4,308100,37455,2.8,0.0,2013MM03,108.2
37456,A4,308100,37456,2.8,0.1,2013MM04,108.4
37457,A4,308100,37457,2.6,-0.1,2013MM05,108.3
37458,A4,308100,37458,2.4,-0.1,2013MM06,108.2
37459,A4,308100,37459,2.8,0.2,2013MM07,108.4
37460,A4,308100,37460,3.0,0.2,2013MM08,108.6
37461,A4,308100,37461,3.3,0.2,2013MM09,108.8
37462,A4,308100,37462,3.1,-0.1,2013MM10,108.7
37463,A4,308100,37463,3.4,0.2,2013MM11,108.9
37464,A4,308100,37464,3.7,0.1,2013MM12,109.1
37466,A4,308100,37466,1.7,0.7,2014MM01,109.8
37467,A4,308100,37467,1.6,0.1,2014MM02,109.9
37468,A4,308100,37468,1.6,0.0,2014MM03,110.0
37469,A4,308100,37469,1.8,0.3,2014MM04,110.3
37470,A4,308100,37470,1.8,0.0,2014MM05,110.2
37471,A4,308100,37471,1.9,0.0,2014MM06,110.2
37472,A4,308100,37472,1.7,0.0,2014MM07,110.3
37473,A4,308100,37473,1.7,0.2,2014MM08,110.5
37474,A4,308100,37474,1.4,-0.2,2014MM09,110.3
37475,A4,308100,37475,1.7,0.3,2014MM10,110.6
37476,A4,308100,37476,1.4,-0.2,2014MM11,110.4
37477,A4,308100,37477,1.2,-0.1,2014MM12,110.4
37479,A4,308100,37479,1.0,0.6,2015MM01,111.0
37480,A4,308100,37480,0.7,-0.2,2015MM02,110.7
37481,A4,308100,37481,0.9,0.2,2015MM03,111.0
37482,A4,308100,37482,0.6,0.0,2015MM04,111.0
37483,A4,308100,37483,0.7,0.0,2015MM05,111.0
37484,A4,308100,37484,0.4,-0.3,2015MM06,110.7
37485,A4,308100,37485,0.3,0.0,2015MM07,110.7
37486,A4,308100,37486,0.4,0.3,2015MM08,110.9
37487,A4,308100,37487,0.7,0.2,2015MM09,111.1
37488,A4,308100,37488,0.5,0.0,2015MM10,111.1
37489,A4,308100,37489,0.7,0.0,2015MM11,111.1
37490,A4,308100,37490,0.8,0.0,2015MM12,111.2
37492,A4,308100,37492,0.5,0.4,2016MM01,111.6
37493,A4,308100,37493,0.8,0.0,2016MM02,111.6
37494,A4,308100,37494,0.8,0.2,2016MM03,111.9
37495,A4,308100,37495,0.7,-0.1,2016MM04,111.7
37496,A4,308100,37496,0.8,0.1,2016MM05,111.8
37497,A4,308100,37497,1.0,0.0,2016MM06,111.8
37498,A4,308100,37498,1.1,0.1,2016MM07,111.9
37499,A4,308100,37499,1.2,0.3,2016MM08,112.2
37500,A4,308100,37500,1.0,0.0,2016MM09,112.2
37501,A4,308100,37501,1.1,0.2,2016MM10,112.4
37502,A4,308100,37502,1.2,0.1,2016MM11,112.4
37503,A4,308100,37503,1.1,0.0,2016MM12,112.4
37505,A4,308100,37505,0.9,0.2,2017MM01,112.6
37506,A4,308100,37506,0.7,-0.2,2017MM02,112.4
37507,A4,308100,37507,0.4,0.0,2017MM03,112.3
37508,A4,308100,37508,1.2,0.7,2017MM04,113.1
37509,A4,308100,37509,1.1,-0.1,2017MM05,113.0
37510,A4,308100,37510,1.2,0.1,2017MM06,113.2
37511,A4,308100,37511,1.0,-0.1,2017MM07,113.1
37512,A4,308100,37512,0.8,0.0,2017MM08,113.1
37513,A4,308100,37513,1.1,0.3,2017MM09,113.4
37514,A4,308100,37514,1.4,0.5,2017MM10,114.0
37515,A4,308100,37515,1.0,-0.4,2017MM11,113.5
37516,A4,308100,37516,1.4,0.3,2017MM12,113.9
