,Afzet,BedrijfstakkenBranchesSBI2008,ID,OntwikkelingTOV1JaarEerder_2,OntwikkelingTOV1MaandEerder_3,Perioden,ProducentenprijsindexPPI_1
5603,A6,308300,5603,,,2005MM01,91.8
5604,A6,308300,5604,,-0.9,2005MM02,91.0
5605,A6,308300,5605,,-0.2,2005MM03,90.8
5606,A6,308300,5606,,0.1,2005MM04,90.9
5607,A6,308300,5607,,0.4,2005MM05,91.3
5608,A6,308300,5608,,-0.8,2005MM06,90.5
5609,A6,308300,5609,,0.2,2005MM07,90.7
5610,A6,308300,5610,,-0.5,2005MM08,90.2
5611,A6,308300,5611,,1.3,2005MM09,91.4
5612,A6,308300,5612,,-0.4,2005MM10,91.0
5613,A6,308300,5613,,-0.1,2005MM11,90.9
5614,A6,308300,5614,,0.9,2005MM12,91.7
5616,A6,308300,5616,1.2,1.4,2006MM01,93.0
5617,A6,308300,5617,1.7,-0.4,2006MM02,92.6
5618,A6,308300,5618,2.3,0.4,2006MM03,92.9
5619,A6,308300,5619,2.3,0.1,2006MM04,93.0
5620,A6,308300,5620,2.0,0.1,2006MM05,93.1
5621,A6,308300,5621,2.8,0.0,2006MM06,93.1
5622,A6,308300,5622,2.3,-0.3,2006MM07,92.7
5623,A6,308300,5623,3.9,1.0,2006MM08,93.7
5624,A6,308300,5624,4.0,1.4,2006MM09,95.0
5625,A6,308300,5625,9.7,5.1,2006MM10,99.9
5626,A6,308300,5626,9.6,-0.2,2006MM11,99.6
5627,A6,308300,5627,11.0,2.2,2006MM12,101.9
5629,A6,308300,5629,17.6,7.4,2007MM01,109.4
5630,A6,308300,5630,18.9,0.7,2007MM02,110.1
5631,A6,308300,5631,18.1,-0.3,2007MM03,109.8
5632,A6,308300,5632,19.6,1.3,2007MM04,111.2
5633,A6,308300,5633,19.2,-0.2,2007MM05,111.0
5634,A6,308300,5634,19.0,-0.2,2007MM06,110.7
5635,A6,308300,5635,19.5,0.2,2007MM07,110.9
5636,A6,308300,5636,19.5,0.9,2007MM08,111.9
5637,A6,308300,5637,17.0,-0.7,2007MM09,111.1
5638,A6,308300,5638,7.4,-3.4,2007MM10,107.3
5639,A6,308300,5639,7.9,0.2,2007MM11,107.5
5640,A6,308300,5640,4.5,-1.0,2007MM12,106.4
5642,A6,308300,5642,-1.9,0.8,2008MM01,107.3
5643,A6,308300,5643,-2.4,0.2,2008MM02,107.5
5644,A6,308300,5644,-3.0,-0.9,2008MM03,106.5
5645,A6,308300,5645,-4.9,-0.7,2008MM04,105.8
5646,A6,308300,5646,-4.5,0.1,2008MM05,105.9
5647,A6,308300,5647,-4.5,-0.2,2008MM06,105.7
5648,A6,308300,5648,-4.2,0.6,2008MM07,106.3
5649,A6,308300,5649,-5.2,-0.1,2008MM08,106.1
5650,A6,308300,5650,-5.8,-1.4,2008MM09,104.6
5651,A6,308300,5651,-1.1,1.4,2008MM10,106.1
5652,A6,308300,5652,-2.1,-0.8,2008MM11,105.2
5653,A6,308300,5653,-0.2,0.9,2008MM12,106.2
5655,A6,308300,5655,-0.8,0.2,2009MM01,106.4
5656,A6,308300,5656,-0.1,0.9,2009MM02,107.4
5657,A6,308300,5657,0.5,-0.3,2009MM03,107.0
5658,A6,308300,5658,0.7,-0.4,2009MM04,106.6
5659,A6,308300,5659,0.6,0.0,2009MM05,106.6
5660,A6,308300,5660,0.8,0.0,2009MM06,106.5
5661,A6,308300,5661,0.0,-0.3,2009MM07,106.2
5662,A6,308300,5662,-0.7,-0.8,2009MM08,105.4
5663,A6,308300,5663,-1.5,-2.2,2009MM09,103.1
5664,A6,308300,5664,-3.5,-0.7,2009MM10,102.4
5665,A6,308300,5665,-3.3,-0.6,2009MM11,101.8
5666,A6,308300,5666,-3.8,0.3,2009MM12,102.1
5668,A6,308300,5668,-6.6,-2.7,2010MM01,99.4
5669,A6,308300,5669,-7.5,-0.1,2010MM02,99.3
5670,A6,308300,5670,-7.2,0.0,2010MM03,99.4
5671,A6,308300,5671,-6.6,0.2,2010MM04,99.5
5672,A6,308300,5672,-6.6,0.1,2010MM05,99.6
5673,A6,308300,5673,-6.6,-0.1,2010MM06,99.5
5674,A6,308300,5674,-6.2,0.1,2010MM07,99.6
5675,A6,308300,5675,-5.5,0.0,2010MM08,99.6
5676,A6,308300,5676,-3.3,0.0,2010MM09,99.6
5677,A6,308300,5677,-1.1,1.6,2010MM10,101.3
5678,A6,308300,5678,-0.5,0.1,2010MM11,101.4
5679,A6,308300,5679,-0.2,0.5,2010MM12,101.9
5681,A6,308300,5681,4.9,2.3,2011MM01,104.3
5682,A6,308300,5682,5.8,0.8,2011MM02,105.1
5683,A6,308300,5683,6.2,0.4,2011MM03,105.6
5684,A6,308300,5684,8.2,2.0,2011MM04,107.6
5685,A6,308300,5685,8.3,0.2,2011MM05,107.8
5686,A6,308300,5686,8.4,0.0,2011MM06,107.9
5687,A6,308300,5687,7.6,-0.7,2011MM07,107.2
5688,A6,308300,5688,7.4,-0.2,2011MM08,107.0
5689,A6,308300,5689,7.4,0.0,2011MM09,107.0
5690,A6,308300,5690,5.9,0.2,2011MM10,107.2
5691,A6,308300,5691,5.8,0.0,2011MM11,107.2
5692,A6,308300,5692,5.3,0.1,2011MM12,107.3
5694,A6,308300,5694,5.3,2.3,2012MM01,109.8
5695,A6,308300,5695,4.4,-0.1,2012MM02,109.7
5696,A6,308300,5696,4.0,0.0,2012MM03,109.8
5697,A6,308300,5697,2.1,0.1,2012MM04,109.9
5698,A6,308300,5698,2.3,0.4,2012MM05,110.4
5699,A6,308300,5699,2.3,0.0,2012MM06,110.3
5700,A6,308300,5700,3.4,0.4,2012MM07,110.8
5701,A6,308300,5701,3.8,0.3,2012MM08,111.1
5702,A6,308300,5702,4.5,0.7,2012MM09,111.8
5703,A6,308300,5703,6.1,1.7,2012MM10,113.8
5704,A6,308300,5704,6.5,0.4,2012MM11,114.2
5705,A6,308300,5705,6.1,-0.3,2012MM12,113.8
5707,A6,308300,5707,5.7,2.0,2013MM01,116.1
5708,A6,308300,5708,5.4,-0.4,2013MM02,115.7
5709,A6,308300,5709,5.6,0.2,2013MM03,115.9
5710,A6,308300,5710,5.5,0.1,2013MM04,116.0
5711,A6,308300,5711,4.9,-0.1,2013MM05,115.8
5712,A6,308300,5712,5.0,0.0,2013MM06,115.9
5713,A6,308300,5713,3.6,-0.9,2013MM07,114.8
5714,A6,308300,5714,3.1,-0.2,2013MM08,114.6
5715,A6,308300,5715,2.3,-0.2,2013MM09,114.4
5716,A6,308300,5716,0.7,0.1,2013MM10,114.5
5717,A6,308300,5717,0.8,0.5,2013MM11,115.1
5718,A6,308300,5718,1.0,-0.1,2013MM12,114.9
5720,A6,308300,5720,-1.1,-0.1,2014MM01,114.9
5721,A6,308300,5721,-0.8,-0.1,2014MM02,114.8
5722,A6,308300,5722,-1.1,-0.1,2014MM03,114.7
5723,A6,308300,5723,-1.3,-0.2,2014MM04,114.4
5724,A6,308300,5724,-1.5,-0.4,2014MM05,114.0
5725,A6,308300,5725,-1.7,-0.2,2014MM06,113.9
5726,A6,308300,5726,-1.3,-0.4,2014MM07,113.4
5727,A6,308300,5727,-1.1,0.0,2014MM08,113.3
5728,A6,308300,5728,-1.1,-0.2,2014MM09,113.1
5729,A6,308300,5729,-2.9,-1.7,2014MM10,111.2
5730,A6,308300,5730,-3.1,0.3,2014MM11,111.5
5731,A6,308300,5731,-3.2,-0.2,2014MM12,111.3
5733,A6,308300,5733,-3.9,-0.8,2015MM01,110.4
5734,A6,308300,5734,-3.8,0.0,2015MM02,110.4
5735,A6,308300,5735,-3.6,0.1,2015MM03,110.5
5736,A6,308300,5736,-2.6,0.9,2015MM04,111.5
5737,A6,308300,5737,-2.5,-0.3,2015MM05,111.2
5738,A6,308300,5738,-2.3,0.1,2015MM06,111.3
5739,A6,308300,5739,-1.3,0.6,2015MM07,111.9
5740,A6,308300,5740,-1.0,0.2,2015MM08,112.2
5741,A6,308300,5741,-0.8,0.0,2015MM09,112.2
5742,A6,308300,5742,1.4,0.5,2015MM10,112.8
5743,A6,308300,5743,1.5,0.3,2015MM11,113.2
5744,A6,308300,5744,2.0,0.3,2015MM12,113.5
5746,A6,308300,5746,2.9,0.1,2016MM01,113.6
5747,A6,308300,5747,3.0,0.1,2016MM02,113.7
5748,A6,308300,5748,2.8,-0.1,2016MM03,113.6
5749,A6,308300,5749,2.6,0.7,2016MM04,114.4
5750,A6,308300,5750,2.7,-0.2,2016MM05,114.2
5751,A6,308300,5751,3.0,0.3,2016MM06,114.6
5752,A6,308300,5752,2.8,0.5,2016MM07,115.1
5753,A6,308300,5753,2.7,0.0,2016MM08,115.1
5754,A6,308300,5754,2.7,0.1,2016MM09,115.2
5755,A6,308300,5755,2.9,0.7,2016MM10,116.0
5756,A6,308300,5756,2.6,0.1,2016MM11,116.1
5757,A6,308300,5757,2.5,0.2,2016MM12,116.3
5759,A6,308300,5759,3.9,1.5,2017MM01,118.1
5760,A6,308300,5760,3.8,0.0,2017MM02,118.1
5761,A6,308300,5761,4.0,0.0,2017MM03,118.1
5762,A6,308300,5762,2.8,-0.4,2017MM04,117.6
5763,A6,308300,5763,3.2,0.2,2017MM05,117.8
5764,A6,308300,5764,2.8,0.0,2017MM06,117.8
5765,A6,308300,5765,0.7,-1.6,2017MM07,115.9
5766,A6,308300,5766,0.4,-0.3,2017MM08,115.6
5767,A6,308300,5767,0.5,0.2,2017MM09,115.8
5768,A6,308300,5768,-1.3,-1.1,2017MM10,114.5
5769,A6,308300,5769,-1.2,0.2,2017MM11,114.8
5770,A6,308300,5770,-1.2,0.2,2017MM12,114.9
