,Afzet,BedrijfstakkenBranchesSBI2008,ID,OntwikkelingTOV1JaarEerder_2,OntwikkelingTOV1MaandEerder_3,Perioden,ProducentenprijsindexPPI_1
69745,A5,308300,69745,0.800332225914,0.394827586207,1981MM01,115.419377163
69746,A5,308300,69746,0.800664451827,0.389655172414,1981MM02,115.338754325
69747,A5,308300,69747,0.800996677741,0.384482758621,1981MM03,115.258131488
69748,A5,308300,69748,0.801328903654,0.379310344828,1981MM04,115.177508651
69749,A5,308300,69749,0.801661129568,0.374137931034,1981MM05,115.096885813
69750,A5,308300,69750,0.801993355482,0.368965517241,1981MM06,115.016262976
69751,A5,308300,69751,0.802325581395,0.363793103448,1981MM07,114.935640138
69752,A5,308300,69752,0.802657807309,0.358620689655,1981MM08,114.855017301
69753,A5,308300,69753,0.802990033223,0.353448275862,1981MM09,114.774394464
69754,A5,308300,69754,0.803322259136,0.348275862069,1981MM10,114.693771626
69755,A5,308300,69755,0.80365448505,0.343103448276,1981MM11,114.613148789
69756,A5,308300,69756,0.803986710963,0.337931034483,1981MM12,114.532525952
69758,A5,308300,69758,0.804318936877,0.33275862069,1982MM01,114.451903114
69759,A5,308300,69759,0.804651162791,0.327586206897,1982MM02,114.371280277
69760,A5,308300,69760,0.804983388704,0.322413793103,1982MM03,114.290657439
69761,A5,308300,69761,0.805315614618,0.31724137931,1982MM04,114.210034602
69762,A5,308300,69762,0.805647840532,0.312068965517,1982MM05,114.129411765
69763,A5,308300,69763,0.805980066445,0.306896551724,1982MM06,114.048788927
69764,A5,308300,69764,0.806312292359,0.301724137931,1982MM07,113.96816609
69765,A5,308300,69765,0.806644518272,0.296551724138,1982MM08,113.887543253
69766,A5,308300,69766,0.806976744186,0.291379310345,1982MM09,113.806920415
69767,A5,308300,69767,0.8073089701,0.286206896552,1982MM10,113.726297578
69768,A5,308300,69768,0.807641196013,0.281034482759,1982MM11,113.64567474
69769,A5,308300,69769,0.807973421927,0.275862068966,1982MM12,113.565051903
69771,A5,308300,69771,0.808305647841,0.270689655172,1983MM01,113.484429066
69772,A5,308300,69772,0.808637873754,0.265517241379,1983MM02,113.403806228
69773,A5,308300,69773,0.808970099668,0.260344827586,1983MM03,113.323183391
69774,A5,308300,69774,0.809302325581,0.255172413793,1983MM04,113.242560554
69775,A5,308300,69775,0.809634551495,0.25,1983MM05,113.161937716
69776,A5,308300,69776,0.809966777409,0.244827586207,1983MM06,113.081314879
69777,A5,308300,69777,0.810299003322,0.239655172414,1983MM07,113.000692042
69778,A5,308300,69778,0.810631229236,0.234482758621,1983MM08,112.920069204
69779,A5,308300,69779,0.81096345515,0.229310344828,1983MM09,112.839446367
69780,A5,308300,69780,0.811295681063,0.224137931034,1983MM10,112.758823529
69781,A5,308300,69781,0.811627906977,0.218965517241,1983MM11,112.678200692
69782,A5,308300,69782,0.81196013289,0.213793103448,1983MM12,112.597577855
69784,A5,308300,69784,0.812292358804,0.208620689655,1984MM01,112.516955017
69785,A5,308300,69785,0.812624584718,0.203448275862,1984MM02,112.43633218
69786,A5,308300,69786,0.812956810631,0.198275862069,1984MM03,112.355709343
69787,A5,308300,69787,0.813289036545,0.193103448276,1984MM04,112.275086505
69788,A5,308300,69788,0.813621262458,0.187931034483,1984MM05,112.194463668
69789,A5,308300,69789,0.813953488372,0.18275862069,1984MM06,112.11384083
69790,A5,308300,69790,0.814285714286,0.177586206897,1984MM07,112.033217993
69791,A5,308300,69791,0.814617940199,0.172413793103,1984MM08,111.952595156
69792,A5,308300,69792,0.814950166113,0.16724137931,1984MM09,111.871972318
69793,A5,308300,69793,0.815282392027,0.162068965517,1984MM10,111.791349481
69794,A5,308300,69794,0.81561461794,0.156896551724,1984MM11,111.710726644
69795,A5,308300,69795,0.815946843854,0.151724137931,1984MM12,111.630103806
69797,A5,308300,69797,0.816279069767,0.146551724138,1985MM01,111.549480969
69798,A5,308300,69798,0.816611295681,0.141379310345,1985MM02,111.468858131
69799,A5,308300,69799,0.816943521595,0.136206896552,1985MM03,111.388235294
69800,A5,308300,69800,0.817275747508,0.131034482759,1985MM04,111.307612457
69801,A5,308300,69801,0.817607973422,0.125862068966,1985MM05,111.226989619
69802,A5,308300,69802,0.817940199336,0.120689655172,1985MM06,111.146366782
69803,A5,308300,69803,0.818272425249,0.115517241379,1985MM07,111.065743945
69804,A5,308300,69804,0.818604651163,0.110344827586,1985MM08,110.985121107
69805,A5,308300,69805,0.818936877076,0.105172413793,1985MM09,110.90449827
69806,A5,308300,69806,0.81926910299,0.1,1985MM10,110.823875433
69807,A5,308300,69807,0.819601328904,0.0948275862069,1985MM11,110.743252595
69808,A5,308300,69808,0.819933554817,0.0896551724138,1985MM12,110.662629758
69810,A5,308300,69810,0.820265780731,0.0844827586207,1986MM01,110.58200692
69811,A5,308300,69811,0.820598006645,0.0793103448276,1986MM02,110.501384083
69812,A5,308300,69812,0.820930232558,0.0741379310345,1986MM03,110.420761246
69813,A5,308300,69813,0.821262458472,0.0689655172414,1986MM04,110.340138408
69814,A5,308300,69814,0.821594684385,0.0637931034483,1986MM05,110.259515571
69815,A5,308300,69815,0.821926910299,0.0586206896552,1986MM06,110.178892734
69816,A5,308300,69816,0.822259136213,0.0534482758621,1986MM07,110.098269896
69817,A5,308300,69817,0.822591362126,0.048275862069,1986MM08,110.017647059
69818,A5,308300,69818,0.82292358804,0.0431034482759,1986MM09,109.937024221
69819,A5,308300,69819,0.823255813953,0.0379310344828,1986MM10,109.856401384
69820,A5,308300,69820,0.823588039867,0.0327586206897,1986MM11,109.775778547
69821,A5,308300,69821,0.823920265781,0.0275862068966,1986MM12,109.695155709
69823,A5,308300,69823,0.824252491694,0.0224137931034,1987MM01,109.614532872
69824,A5,308300,69824,0.824584717608,0.0172413793103,1987MM02,109.533910035
69825,A5,308300,69825,0.824916943522,0.0120689655172,1987MM03,109.453287197
69826,A5,308300,69826,0.825249169435,0.00689655172414,1987MM04,109.37266436
69827,A5,308300,69827,0.825581395349,0.00172413793103,1987MM05,109.292041522
69828,A5,308300,69828,0.825913621262,-0.00344827586207,1987MM06,109.211418685
69829,A5,308300,69829,0.826245847176,-0.00862068965517,1987MM07,109.130795848
69830,A5,308300,69830,0.82657807309,-0.0137931034483,1987MM08,109.05017301
69831,A5,308300,69831,0.826910299003,-0.0189655172414,1987MM09,108.969550173
69832,A5,308300,69832,0.827242524917,-0.0241379310345,1987MM10,108.888927336
69833,A5,308300,69833,0.827574750831,-0.0293103448276,1987MM11,108.808304498
69834,A5,308300,69834,0.827906976744,-0.0344827586207,1987MM12,108.727681661
69836,A5,308300,69836,0.828239202658,-0.0396551724138,1988MM01,108.647058824
69837,A5,308300,69837,0.828571428571,-0.0448275862069,1988MM02,108.566435986
69838,A5,308300,69838,0.828903654485,-0.05,1988MM03,108.485813149
69839,A5,308300,69839,0.829235880399,-0.0551724137931,1988MM04,108.405190311
69840,A5,308300,69840,0.829568106312,-0.0603448275862,1988MM05,108.324567474
69841,A5,308300,69841,0.829900332226,-0.0655172413793,1988MM06,108.243944637
69842,A5,308300,69842,0.83023255814,-0.0706896551724,1988MM07,108.163321799
69843,A5,308300,69843,0.830564784053,-0.0758620689655,1988MM08,108.082698962
69844,A5,308300,69844,0.830897009967,-0.0810344827586,1988MM09,108.002076125
69845,A5,308300,69845,0.83122923588,-0.0862068965517,1988MM10,107.921453287
69846,A5,308300,69846,0.831561461794,-0.0913793103448,1988MM11,107.84083045
69847,A5,308300,69847,0.831893687708,-0.0965517241379,1988MM12,107.760207612
69849,A5,308300,69849,0.832225913621,-0.101724137931,1989MM01,107.679584775
69850,A5,308300,69850,0.832558139535,-0.106896551724,1989MM02,107.598961938
69851,A5,308300,69851,0.832890365449,-0.112068965517,1989MM03,107.5183391
69852,A5,308300,69852,0.833222591362,-0.11724137931,1989MM04,107.437716263
69853,A5,308300,69853,0.833554817276,-0.122413793103,1989MM05,107.357093426
69854,A5,308300,69854,0.833887043189,-0.127586206897,1989MM06,107.276470588
69855,A5,308300,69855,0.834219269103,-0.13275862069,1989MM07,107.195847751
69856,A5,308300,69856,0.834551495017,-0.137931034483,1989MM08,107.115224913
69857,A5,308300,69857,0.83488372093,-0.143103448276,1989MM09,107.034602076
69858,A5,308300,69858,0.835215946844,-0.148275862069,1989MM10,106.953979239
69859,A5,308300,69859,0.835548172757,-0.153448275862,1989MM11,106.873356401
69860,A5,308300,69860,0.835880398671,-0.158620689655,1989MM12,106.792733564
69862,A5,308300,69862,0.836212624585,-0.163793103448,1990MM01,106.712110727
69863,A5,308300,69863,0.836544850498,-0.168965517241,1990MM02,106.631487889
69864,A5,308300,69864,0.836877076412,-0.174137931034,1990MM03,106.550865052
69865,A5,308300,69865,0.837209302326,-0.179310344828,1990MM04,106.470242215
69866,A5,308300,69866,0.837541528239,-0.184482758621,1990MM05,106.389619377
69867,A5,308300,69867,0.837873754153,-0.189655172414,1990MM06,106.30899654
69868,A5,308300,69868,0.838205980066,-0.194827586207,1990MM07,106.228373702
69869,A5,308300,69869,0.83853820598,-0.2,1990MM08,106.147750865
69870,A5,308300,69870,0.838870431894,-0.205172413793,1990MM09,106.067128028
69871,A5,308300,69871,0.839202657807,-0.210344827586,1990MM10,105.98650519
69872,A5,308300,69872,0.839534883721,-0.215517241379,1990MM11,105.905882353
69873,A5,308300,69873,0.839867109635,-0.220689655172,1990MM12,105.825259516
69875,A5,308300,69875,0.840199335548,-0.225862068966,1991MM01,105.744636678
69876,A5,308300,69876,0.840531561462,-0.231034482759,1991MM02,105.664013841
69877,A5,308300,69877,0.840863787375,-0.236206896552,1991MM03,105.583391003
69878,A5,308300,69878,0.841196013289,-0.241379310345,1991MM04,105.502768166
69879,A5,308300,69879,0.841528239203,-0.246551724138,1991MM05,105.422145329
69880,A5,308300,69880,0.841860465116,-0.251724137931,1991MM06,105.341522491
69881,A5,308300,69881,0.84219269103,-0.256896551724,1991MM07,105.260899654
69882,A5,308300,69882,0.842524916944,-0.262068965517,1991MM08,105.180276817
69883,A5,308300,69883,0.842857142857,-0.26724137931,1991MM09,105.099653979
69884,A5,308300,69884,0.843189368771,-0.272413793103,1991MM10,105.019031142
69885,A5,308300,69885,0.843521594684,-0.277586206897,1991MM11,104.938408304
69886,A5,308300,69886,0.843853820598,-0.28275862069,1991MM12,104.857785467
69888,A5,308300,69888,0.844186046512,-0.287931034483,1992MM01,104.77716263
69889,A5,308300,69889,0.844518272425,-0.293103448276,1992MM02,104.696539792
69890,A5,308300,69890,0.844850498339,-0.298275862069,1992MM03,104.615916955
69891,A5,308300,69891,0.845182724252,-0.303448275862,1992MM04,104.535294118
69892,A5,308300,69892,0.845514950166,-0.308620689655,1992MM05,104.45467128
69893,A5,308300,69893,0.84584717608,-0.313793103448,1992MM06,104.374048443
69894,A5,308300,69894,0.846179401993,-0.318965517241,1992MM07,104.293425606
69895,A5,308300,69895,0.846511627907,-0.324137931034,1992MM08,104.212802768
69896,A5,308300,69896,0.846843853821,-0.329310344828,1992MM09,104.132179931
69897,A5,308300,69897,0.847176079734,-0.334482758621,1992MM10,104.051557093
69898,A5,308300,69898,0.847508305648,-0.339655172414,1992MM11,103.970934256
69899,A5,308300,69899,0.847840531561,-0.344827586207,1992MM12,103.890311419
69901,A5,308300,69901,0.848172757475,-0.35,1993MM01,103.809688581
69902,A5,308300,69902,0.848504983389,-0.355172413793,1993MM02,103.729065744
69903,A5,308300,69903,0.848837209302,-0.360344827586,1993MM03,103.648442907
69904,A5,308300,69904,0.849169435216,-0.365517241379,1993MM04,103.567820069
69905,A5,308300,69905,0.84950166113,-0.370689655172,1993MM05,103.487197232
69906,A5,308300,69906,0.849833887043,-0.375862068966,1993MM06,103.406574394
69907,A5,308300,69907,0.850166112957,-0.381034482759,1993MM07,103.325951557
69908,A5,308300,69908,0.85049833887,-0.386206896552,1993MM08,103.24532872
69909,A5,308300,69909,0.850830564784,-0.391379310345,1993MM09,103.164705882
69910,A5,308300,69910,0.851162790698,-0.396551724138,1993MM10,103.084083045
69911,A5,308300,69911,0.851495016611,-0.401724137931,1993MM11,103.003460208
69912,A5,308300,69912,0.851827242525,-0.406896551724,1993MM12,102.92283737
69914,A5,308300,69914,0.852159468439,-0.412068965517,1994MM01,102.842214533
69915,A5,308300,69915,0.852491694352,-0.41724137931,1994MM02,102.761591696
69916,A5,308300,69916,0.852823920266,-0.422413793103,1994MM03,102.680968858
69917,A5,308300,69917,0.853156146179,-0.427586206897,1994MM04,102.600346021
69918,A5,308300,69918,0.853488372093,-0.43275862069,1994MM05,102.519723183
69919,A5,308300,69919,0.853820598007,-0.437931034483,1994MM06,102.439100346
69920,A5,308300,69920,0.85415282392,-0.443103448276,1994MM07,102.358477509
69921,A5,308300,69921,0.854485049834,-0.448275862069,1994MM08,102.277854671
69922,A5,308300,69922,0.854817275748,-0.453448275862,1994MM09,102.197231834
69923,A5,308300,69923,0.855149501661,-0.458620689655,1994MM10,102.116608997
69924,A5,308300,69924,0.855481727575,-0.463793103448,1994MM11,102.035986159
69925,A5,308300,69925,0.855813953488,-0.468965517241,1994MM12,101.955363322
69927,A5,308300,69927,0.856146179402,-0.474137931034,1995MM01,101.874740484
69928,A5,308300,69928,0.856478405316,-0.479310344828,1995MM02,101.794117647
69929,A5,308300,69929,0.856810631229,-0.484482758621,1995MM03,101.71349481
69930,A5,308300,69930,0.857142857143,-0.489655172414,1995MM04,101.632871972
69931,A5,308300,69931,0.857475083056,-0.494827586207,1995MM05,101.552249135
69932,A5,308300,69932,0.85780730897,-0.5,1995MM06,101.471626298
69933,A5,308300,69933,0.858139534884,-0.505172413793,1995MM07,101.39100346
69934,A5,308300,69934,0.858471760797,-0.510344827586,1995MM08,101.310380623
69935,A5,308300,69935,0.858803986711,-0.515517241379,1995MM09,101.229757785
69936,A5,308300,69936,0.859136212625,-0.520689655172,1995MM10,101.149134948
69937,A5,308300,69937,0.859468438538,-0.525862068966,1995MM11,101.068512111
69938,A5,308300,69938,0.859800664452,-0.531034482759,1995MM12,100.987889273
69940,A5,308300,69940,0.860132890365,-0.536206896552,1996MM01,100.907266436
69941,A5,308300,69941,0.860465116279,-0.541379310345,1996MM02,100.826643599
69942,A5,308300,69942,0.860797342193,-0.546551724138,1996MM03,100.746020761
69943,A5,308300,69943,0.861129568106,-0.551724137931,1996MM04,100.665397924
69944,A5,308300,69944,0.86146179402,-0.556896551724,1996MM05,100.584775087
69945,A5,308300,69945,0.861794019934,-0.562068965517,1996MM06,100.504152249
69946,A5,308300,69946,0.862126245847,-0.56724137931,1996MM07,100.423529412
69947,A5,308300,69947,0.862458471761,-0.572413793103,1996MM08,100.342906574
69948,A5,308300,69948,0.862790697674,-0.577586206897,1996MM09,100.262283737
69949,A5,308300,69949,0.863122923588,-0.58275862069,1996MM10,100.1816609
69950,A5,308300,69950,0.863455149502,-0.587931034483,1996MM11,100.101038062
69951,A5,308300,69951,0.863787375415,-0.593103448276,1996MM12,100.020415225
69953,A5,308300,69953,0.864119601329,-0.598275862069,1997MM01,99.9397923875
69954,A5,308300,69954,0.864451827243,-0.603448275862,1997MM02,99.8591695502
69955,A5,308300,69955,0.864784053156,-0.608620689655,1997MM03,99.7785467128
69956,A5,308300,69956,0.86511627907,-0.613793103448,1997MM04,99.6979238754
69957,A5,308300,69957,0.865448504983,-0.618965517241,1997MM05,99.6173010381
69958,A5,308300,69958,0.865780730897,-0.624137931034,1997MM06,99.5366782007
69959,A5,308300,69959,0.866112956811,-0.629310344828,1997MM07,99.4560553633
69960,A5,308300,69960,0.866445182724,-0.634482758621,1997MM08,99.375432526
69961,A5,308300,69961,0.866777408638,-0.639655172414,1997MM09,99.2948096886
69962,A5,308300,69962,0.867109634551,-0.644827586207,1997MM10,99.2141868512
69963,A5,308300,69963,0.867441860465,-0.65,1997MM11,99.1335640138
69964,A5,308300,69964,0.867774086379,-0.655172413793,1997MM12,99.0529411765
69966,A5,308300,69966,0.868106312292,-0.660344827586,1998MM01,98.9723183391
69967,A5,308300,69967,0.868438538206,-0.665517241379,1998MM02,98.8916955017
69968,A5,308300,69968,0.86877076412,-0.670689655172,1998MM03,98.8110726644
69969,A5,308300,69969,0.869102990033,-0.675862068966,1998MM04,98.730449827
69970,A5,308300,69970,0.869435215947,-0.681034482759,1998MM05,98.6498269896
69971,A5,308300,69971,0.86976744186,-0.686206896552,1998MM06,98.5692041522
69972,A5,308300,69972,0.870099667774,-0.691379310345,1998MM07,98.4885813149
69973,A5,308300,69973,0.870431893688,-0.696551724138,1998MM08,98.4079584775
69974,A5,308300,69974,0.870764119601,-0.701724137931,1998MM09,98.3273356401
69975,A5,308300,69975,0.871096345515,-0.706896551724,1998MM10,98.2467128028
69976,A5,308300,69976,0.871428571429,-0.712068965517,1998MM11,98.1660899654
69977,A5,308300,69977,0.871760797342,-0.71724137931,1998MM12,98.085467128
69979,A5,308300,69979,0.872093023256,-0.722413793103,1999MM01,98.0048442907
69980,A5,308300,69980,0.872425249169,-0.727586206897,1999MM02,97.9242214533
69981,A5,308300,69981,0.872757475083,-0.73275862069,1999MM03,97.8435986159
69982,A5,308300,69982,0.873089700997,-0.737931034483,1999MM04,97.7629757785
69983,A5,308300,69983,0.87342192691,-0.743103448276,1999MM05,97.6823529412
69984,A5,308300,69984,0.873754152824,-0.748275862069,1999MM06,97.6017301038
69985,A5,308300,69985,0.874086378738,-0.753448275862,1999MM07,97.5211072664
69986,A5,308300,69986,0.874418604651,-0.758620689655,1999MM08,97.4404844291
69987,A5,308300,69987,0.874750830565,-0.763793103448,1999MM09,97.3598615917
69988,A5,308300,69988,0.875083056478,-0.768965517241,1999MM10,97.2792387543
69989,A5,308300,69989,0.875415282392,-0.774137931034,1999MM11,97.198615917
69990,A5,308300,69990,0.875747508306,-0.779310344828,1999MM12,97.1179930796
69992,A5,308300,69992,0.876079734219,-0.784482758621,2000MM01,97.0373702422
69993,A5,308300,69993,0.876411960133,-0.789655172414,2000MM02,96.9567474048
69994,A5,308300,69994,0.876744186047,-0.794827586207,2000MM03,96.8761245675
69995,A5,308300,69995,0.87707641196,-0.8,2000MM04,96.7955017301
69996,A5,308300,69996,0.877408637874,-0.805172413793,2000MM05,96.7148788927
69997,A5,308300,69997,0.877740863787,-0.810344827586,2000MM06,96.6342560554
69998,A5,308300,69998,0.878073089701,-0.815517241379,2000MM07,96.553633218
69999,A5,308300,69999,0.878405315615,-0.820689655172,2000MM08,96.4730103806
70000,A5,308300,70000,0.878737541528,-0.825862068966,2000MM09,96.3923875433
70001,A5,308300,70001,0.879069767442,-0.831034482759,2000MM10,96.3117647059
70002,A5,308300,70002,0.879401993355,-0.836206896552,2000MM11,96.2311418685
70003,A5,308300,70003,0.879734219269,-0.841379310345,2000MM12,96.1505190311
70005,A5,308300,70005,0.880066445183,-0.846551724138,2001MM01,96.0698961938
70006,A5,308300,70006,0.880398671096,-0.851724137931,2001MM02,95.9892733564
70007,A5,308300,70007,0.88073089701,-0.856896551724,2001MM03,95.908650519
70008,A5,308300,70008,0.881063122924,-0.862068965517,2001MM04,95.8280276817
70009,A5,308300,70009,0.881395348837,-0.86724137931,2001MM05,95.7474048443
70010,A5,308300,70010,0.881727574751,-0.872413793103,2001MM06,95.6667820069
70011,A5,308300,70011,0.882059800664,-0.877586206897,2001MM07,95.5861591696
70012,A5,308300,70012,0.882392026578,-0.88275862069,2001MM08,95.5055363322
70013,A5,308300,70013,0.882724252492,-0.887931034483,2001MM09,95.4249134948
70014,A5,308300,70014,0.883056478405,-0.893103448276,2001MM10,95.3442906574
70015,A5,308300,70015,0.883388704319,-0.898275862069,2001MM11,95.2636678201
70016,A5,308300,70016,0.883720930233,-0.903448275862,2001MM12,95.1830449827
70018,A5,308300,70018,0.884053156146,-0.908620689655,2002MM01,95.1024221453
70019,A5,308300,70019,0.88438538206,-0.913793103448,2002MM02,95.021799308
70020,A5,308300,70020,0.884717607973,-0.918965517241,2002MM03,94.9411764706
70021,A5,308300,70021,0.885049833887,-0.924137931034,2002MM04,94.8605536332
70022,A5,308300,70022,0.885382059801,-0.929310344828,2002MM05,94.7799307958
70023,A5,308300,70023,0.885714285714,-0.934482758621,2002MM06,94.6993079585
70024,A5,308300,70024,0.886046511628,-0.939655172414,2002MM07,94.6186851211
70025,A5,308300,70025,0.886378737542,-0.944827586207,2002MM08,94.5380622837
70026,A5,308300,70026,0.886710963455,-0.95,2002MM09,94.4574394464
70027,A5,308300,70027,0.887043189369,-0.955172413793,2002MM10,94.376816609
70028,A5,308300,70028,0.887375415282,-0.960344827586,2002MM11,94.2961937716
70029,A5,308300,70029,0.887707641196,-0.965517241379,2002MM12,94.2155709343
70031,A5,308300,70031,0.88803986711,-0.970689655172,2003MM01,94.1349480969
70032,A5,308300,70032,0.888372093023,-0.975862068966,2003MM02,94.0543252595
70033,A5,308300,70033,0.888704318937,-0.981034482759,2003MM03,93.9737024221
70034,A5,308300,70034,0.88903654485,-0.986206896552,2003MM04,93.8930795848
70035,A5,308300,70035,0.889368770764,-0.991379310345,2003MM05,93.8124567474
70036,A5,308300,70036,0.889700996678,-0.996551724138,2003MM06,93.73183391
70037,A5,308300,70037,0.890033222591,-1.00172413793,2003MM07,93.6512110727
70038,A5,308300,70038,0.890365448505,-1.00689655172,2003MM08,93.5705882353
70039,A5,308300,70039,0.890697674419,-1.01206896552,2003MM09,93.4899653979
70040,A5,308300,70040,0.891029900332,-1.01724137931,2003MM10,93.4093425606
70041,A5,308300,70041,0.891362126246,-1.0224137931,2003MM11,93.3287197232
70042,A5,308300,70042,0.891694352159,-1.0275862069,2003MM12,93.2480968858
70044,A5,308300,70044,0.892026578073,-1.03275862069,2004MM01,93.1674740484
70045,A5,308300,70045,0.892358803987,-1.03793103448,2004MM02,93.0868512111
70046,A5,308300,70046,0.8926910299,-1.04310344828,2004MM03,93.0062283737
70047,A5,308300,70047,0.893023255814,-1.04827586207,2004MM04,92.9256055363
70048,A5,308300,70048,0.893355481728,-1.05344827586,2004MM05,92.844982699
70049,A5,308300,70049,0.893687707641,-1.05862068966,2004MM06,92.7643598616
70050,A5,308300,70050,0.894019933555,-1.06379310345,2004MM07,92.6837370242
70051,A5,308300,70051,0.894352159468,-1.06896551724,2004MM08,92.6031141869
70052,A5,308300,70052,0.894684385382,-1.07413793103,2004MM09,92.5224913495
70053,A5,308300,70053,0.895016611296,-1.07931034483,2004MM10,92.4418685121
70054,A5,308300,70054,0.895348837209,-1.08448275862,2004MM11,92.3612456747
70055,A5,308300,70055,0.895681063123,-1.08965517241,2004MM12,92.2806228374
70057,A5,308300,70057,0.896013289037,-1.09482758621,2005MM01,92.2
70058,A5,308300,70058,0.89634551495,-1.1,2005MM02,91.2
70059,A5,308300,70059,0.896677740864,-0.3,2005MM03,90.9
70060,A5,308300,70060,0.897009966777,0.4,2005MM04,91.3
70061,A5,308300,70061,0.897342192691,0.4,2005MM05,91.6
70062,A5,308300,70062,0.897674418605,-1.2,2005MM06,90.5
70063,A5,308300,70063,0.898006644518,0.2,2005MM07,90.7
70064,A5,308300,70064,0.898338870432,-0.9,2005MM08,89.8
70065,A5,308300,70065,0.898671096346,2.2,2005MM09,91.8
70066,A5,308300,70066,0.899003322259,-0.5,2005MM10,91.4
70067,A5,308300,70067,0.899335548173,-0.3,2005MM11,91.1
70068,A5,308300,70068,0.899667774086,1.4,2005MM12,92.4
70070,A5,308300,70070,0.9,0.7,2006MM01,93.0
70071,A5,308300,70071,1.4,-0.6,2006MM02,92.5
70072,A5,308300,70072,2.3,0.6,2006MM03,93.0
70073,A5,308300,70073,2.2,0.3,2006MM04,93.3
70074,A5,308300,70074,1.6,-0.2,2006MM05,93.1
70075,A5,308300,70075,2.9,0.1,2006MM06,93.1
70076,A5,308300,70076,2.5,-0.3,2006MM07,92.9
70077,A5,308300,70077,4.9,1.4,2006MM08,94.2
70078,A5,308300,70078,4.9,2.2,2006MM09,96.3
70079,A5,308300,70079,14.2,8.4,2006MM10,104.4
70080,A5,308300,70080,14.5,-0.1,2006MM11,104.3
70081,A5,308300,70081,15.7,2.5,2006MM12,106.9
70083,A5,308300,70083,24.5,8.3,2007MM01,115.8
70084,A5,308300,70084,26.6,1.1,2007MM02,117.1
70085,A5,308300,70085,25.5,-0.3,2007MM03,116.7
70086,A5,308300,70086,27.3,1.8,2007MM04,118.8
70087,A5,308300,70087,27.8,0.1,2007MM05,118.9
70088,A5,308300,70088,27.0,-0.5,2007MM06,118.3
70089,A5,308300,70089,27.8,0.4,2007MM07,118.7
70090,A5,308300,70090,28.8,2.2,2007MM08,121.4
70091,A5,308300,70091,25.2,-0.7,2007MM09,120.5
70092,A5,308300,70092,8.0,-6.5,2007MM10,112.7
70093,A5,308300,70093,8.7,0.5,2007MM11,113.3
70094,A5,308300,70094,3.2,-2.6,2007MM12,110.4
70096,A5,308300,70096,-3.8,1.0,2008MM01,111.4
70097,A5,308300,70097,-3.6,1.2,2008MM02,112.8
70098,A5,308300,70098,-4.3,-1.0,2008MM03,111.6
70099,A5,308300,70099,-7.1,-1.2,2008MM04,110.3
70100,A5,308300,70100,-7.2,0.0,2008MM05,110.3
70101,A5,308300,70101,-7.0,-0.3,2008MM06,110.1
70102,A5,308300,70102,-6.4,0.9,2008MM07,111.1
70103,A5,308300,70103,-8.4,0.1,2008MM08,111.2
70104,A5,308300,70104,-9.9,-2.3,2008MM09,108.6
70105,A5,308300,70105,-1.5,2.2,2008MM10,111.0
70106,A5,308300,70106,-3.3,-1.3,2008MM11,109.6
70107,A5,308300,70107,0.9,1.6,2008MM12,111.3
70109,A5,308300,70109,-0.7,-0.6,2009MM01,110.6
70110,A5,308300,70110,-1.4,0.6,2009MM02,111.3
70111,A5,308300,70111,-1.0,-0.6,2009MM03,110.6
70112,A5,308300,70112,-0.3,-0.6,2009MM04,109.9
70113,A5,308300,70113,-0.3,0.1,2009MM05,110.0
70114,A5,308300,70114,-0.2,-0.1,2009MM06,109.9
70115,A5,308300,70115,-1.7,-0.6,2009MM07,109.2
70116,A5,308300,70116,-2.7,-1.0,2009MM08,108.2
70117,A5,308300,70117,-4.3,-3.9,2009MM09,103.9
70118,A5,308300,70118,-7.2,-0.9,2009MM10,103.0
70119,A5,308300,70119,-6.7,-0.8,2009MM11,102.2
70120,A5,308300,70120,-7.7,0.6,2009MM12,102.7
70122,A5,308300,70122,-10.3,-3.4,2010MM01,99.3
70123,A5,308300,70123,-10.8,0.0,2010MM02,99.3
70124,A5,308300,70124,-10.3,-0.2,2010MM03,99.1
70125,A5,308300,70125,-9.4,0.4,2010MM04,99.5
70126,A5,308300,70126,-9.3,0.3,2010MM05,99.8
70127,A5,308300,70127,-9.1,0.1,2010MM06,99.9
70128,A5,308300,70128,-8.6,-0.1,2010MM07,99.8
70129,A5,308300,70129,-7.6,0.1,2010MM08,99.9
70130,A5,308300,70130,-4.1,-0.3,2010MM09,99.7
70131,A5,308300,70131,-1.8,1.5,2010MM10,101.1
70132,A5,308300,70132,-1.0,0.0,2010MM11,101.1
70133,A5,308300,70133,-1.3,0.3,2010MM12,101.4
70135,A5,308300,70135,5.4,3.2,2011MM01,104.6
70136,A5,308300,70136,6.5,1.1,2011MM02,105.8
70137,A5,308300,70137,7.3,0.6,2011MM03,106.4
70138,A5,308300,70138,9.5,2.4,2011MM04,109.0
70139,A5,308300,70139,9.6,0.3,2011MM05,109.3
70140,A5,308300,70140,9.5,0.0,2011MM06,109.4
70141,A5,308300,70141,8.3,-1.1,2011MM07,108.1
70142,A5,308300,70142,7.9,-0.3,2011MM08,107.8
70143,A5,308300,70143,8.1,0.0,2011MM09,107.8
70144,A5,308300,70144,6.6,0.0,2011MM10,107.8
70145,A5,308300,70145,6.5,-0.1,2011MM11,107.7
70146,A5,308300,70146,6.4,0.2,2011MM12,107.9
70148,A5,308300,70148,3.8,0.6,2012MM01,108.5
70149,A5,308300,70149,2.4,-0.2,2012MM02,108.3
70150,A5,308300,70150,1.9,0.1,2012MM03,108.5
70151,A5,308300,70151,-1.0,-0.6,2012MM04,107.9
70152,A5,308300,70152,-0.7,0.6,2012MM05,108.5
70153,A5,308300,70153,-0.9,-0.1,2012MM06,108.4
70154,A5,308300,70154,0.8,0.5,2012MM07,109.0
70155,A5,308300,70155,1.5,0.4,2012MM08,109.4
70156,A5,308300,70156,2.3,0.8,2012MM09,110.2
70157,A5,308300,70157,4.5,2.2,2012MM10,112.6
70158,A5,308300,70158,5.1,0.5,2012MM11,113.2
70159,A5,308300,70159,4.5,-0.4,2012MM12,112.8
70161,A5,308300,70161,5.8,1.9,2013MM01,114.9
70162,A5,308300,70162,5.7,-0.3,2013MM02,114.5
70163,A5,308300,70163,5.7,0.2,2013MM03,114.7
70164,A5,308300,70164,6.5,0.2,2013MM04,114.9
70165,A5,308300,70165,5.6,-0.3,2013MM05,114.6
70166,A5,308300,70166,5.7,0.0,2013MM06,114.6
70167,A5,308300,70167,3.2,-1.9,2013MM07,112.5
70168,A5,308300,70168,2.5,-0.3,2013MM08,112.2
70169,A5,308300,70169,1.6,-0.1,2013MM09,112.0
70170,A5,308300,70170,-0.5,0.0,2013MM10,112.0
70171,A5,308300,70171,-0.4,0.6,2013MM11,112.7
70172,A5,308300,70172,-0.1,-0.1,2013MM12,112.6
70174,A5,308300,70174,-1.8,0.2,2014MM01,112.8
70175,A5,308300,70175,-1.5,-0.1,2014MM02,112.7
70176,A5,308300,70176,-1.6,0.1,2014MM03,112.8
70177,A5,308300,70177,-2.2,-0.4,2014MM04,112.4
70178,A5,308300,70178,-2.5,-0.6,2014MM05,111.8
70179,A5,308300,70179,-2.4,0.1,2014MM06,111.9
70180,A5,308300,70180,-1.3,-0.8,2014MM07,111.0
70181,A5,308300,70181,-1.1,-0.1,2014MM08,110.9
70182,A5,308300,70182,-1.0,0.0,2014MM09,110.9
70183,A5,308300,70183,-3.6,-2.6,2014MM10,108.0
70184,A5,308300,70184,-3.6,0.6,2014MM11,108.6
70185,A5,308300,70185,-3.5,0.1,2014MM12,108.7
70187,A5,308300,70187,-3.0,0.7,2015MM01,109.5
70188,A5,308300,70188,-2.9,0.0,2015MM02,109.4
70189,A5,308300,70189,-2.8,0.2,2015MM03,109.6
70190,A5,308300,70190,-1.0,1.5,2015MM04,111.2
70191,A5,308300,70191,-0.9,-0.4,2015MM05,110.8
70192,A5,308300,70192,-1.0,0.0,2015MM06,110.8
70193,A5,308300,70193,0.9,1.1,2015MM07,112.0
70194,A5,308300,70194,1.2,0.2,2015MM08,112.3
70195,A5,308300,70195,1.4,0.2,2015MM09,112.5
70196,A5,308300,70196,5.5,1.4,2015MM10,114.0
70197,A5,308300,70197,5.4,0.5,2015MM11,114.5
70198,A5,308300,70198,5.5,0.1,2015MM12,114.7
70200,A5,308300,70200,4.3,-0.5,2016MM01,114.1
70201,A5,308300,70201,4.5,0.2,2016MM02,114.4
70202,A5,308300,70202,4.1,-0.2,2016MM03,114.2
70203,A5,308300,70203,3.6,0.9,2016MM04,115.2
70204,A5,308300,70204,3.6,-0.4,2016MM05,114.8
70205,A5,308300,70205,4.0,0.3,2016MM06,115.2
70206,A5,308300,70206,3.6,0.8,2016MM07,116.1
70207,A5,308300,70207,3.3,0.0,2016MM08,116.0
70208,A5,308300,70208,3.4,0.2,2016MM09,116.3
70209,A5,308300,70209,2.8,0.8,2016MM10,117.2
70210,A5,308300,70210,2.5,0.1,2016MM11,117.3
70211,A5,308300,70211,2.5,0.2,2016MM12,117.6
70213,A5,308300,70213,4.2,1.2,2017MM01,119.0
70214,A5,308300,70214,3.9,-0.1,2017MM02,118.8
70215,A5,308300,70215,4.2,0.1,2017MM03,118.9
70216,A5,308300,70216,3.2,0.0,2017MM04,118.9
70217,A5,308300,70217,3.7,0.1,2017MM05,119.0
70218,A5,308300,70218,3.4,0.0,2017MM06,119.0
70219,A5,308300,70219,0.3,-2.2,2017MM07,116.4
70220,A5,308300,70220,0.0,-0.3,2017MM08,116.1
70221,A5,308300,70221,-0.1,0.0,2017MM09,116.1
70222,A5,308300,70222,-2.7,-1.8,2017MM10,114.0
70223,A5,308300,70223,-2.4,0.5,2017MM11,114.5
70224,A5,308300,70224,-2.6,0.0,2017MM12,114.5
