,Afzet,BedrijfstakkenBranchesSBI2008,ID,OntwikkelingTOV1JaarEerder_2,OntwikkelingTOV1MaandEerder_3,Perioden,ProducentenprijsindexPPI_1
37518,A4,308300,37518,-1.1903654485,0.19724137931,1981MM01,114.818685121
37519,A4,308300,37519,-1.18073089701,0.194482758621,1981MM02,114.737370242
37520,A4,308300,37520,-1.17109634551,0.191724137931,1981MM03,114.656055363
37521,A4,308300,37521,-1.16146179402,0.188965517241,1981MM04,114.574740484
37522,A4,308300,37522,-1.15182724252,0.186206896552,1981MM05,114.493425606
37523,A4,308300,37523,-1.14219269103,0.183448275862,1981MM06,114.412110727
37524,A4,308300,37524,-1.13255813953,0.180689655172,1981MM07,114.330795848
37525,A4,308300,37525,-1.12292358804,0.177931034483,1981MM08,114.249480969
37526,A4,308300,37526,-1.11328903654,0.175172413793,1981MM09,114.16816609
37527,A4,308300,37527,-1.10365448505,0.172413793103,1981MM10,114.086851211
37528,A4,308300,37528,-1.09401993355,0.169655172414,1981MM11,114.005536332
37529,A4,308300,37529,-1.08438538206,0.166896551724,1981MM12,113.924221453
37531,A4,308300,37531,-1.07475083056,0.164137931034,1982MM01,113.842906574
37532,A4,308300,37532,-1.06511627907,0.161379310345,1982MM02,113.761591696
37533,A4,308300,37533,-1.05548172757,0.158620689655,1982MM03,113.680276817
37534,A4,308300,37534,-1.04584717608,0.155862068966,1982MM04,113.598961938
37535,A4,308300,37535,-1.03621262458,0.153103448276,1982MM05,113.517647059
37536,A4,308300,37536,-1.02657807309,0.150344827586,1982MM06,113.43633218
37537,A4,308300,37537,-1.01694352159,0.147586206897,1982MM07,113.355017301
37538,A4,308300,37538,-1.0073089701,0.144827586207,1982MM08,113.273702422
37539,A4,308300,37539,-0.997674418605,0.142068965517,1982MM09,113.192387543
37540,A4,308300,37540,-0.98803986711,0.139310344828,1982MM10,113.111072664
37541,A4,308300,37541,-0.978405315615,0.136551724138,1982MM11,113.029757785
37542,A4,308300,37542,-0.96877076412,0.133793103448,1982MM12,112.948442907
37544,A4,308300,37544,-0.959136212625,0.131034482759,1983MM01,112.867128028
37545,A4,308300,37545,-0.94950166113,0.128275862069,1983MM02,112.785813149
37546,A4,308300,37546,-0.939867109635,0.125517241379,1983MM03,112.70449827
37547,A4,308300,37547,-0.93023255814,0.12275862069,1983MM04,112.623183391
37548,A4,308300,37548,-0.920598006645,0.12,1983MM05,112.541868512
37549,A4,308300,37549,-0.91096345515,0.11724137931,1983MM06,112.460553633
37550,A4,308300,37550,-0.901328903654,0.114482758621,1983MM07,112.379238754
37551,A4,308300,37551,-0.891694352159,0.111724137931,1983MM08,112.297923875
37552,A4,308300,37552,-0.882059800664,0.108965517241,1983MM09,112.216608997
37553,A4,308300,37553,-0.872425249169,0.106206896552,1983MM10,112.135294118
37554,A4,308300,37554,-0.862790697674,0.103448275862,1983MM11,112.053979239
37555,A4,308300,37555,-0.853156146179,0.100689655172,1983MM12,111.97266436
37557,A4,308300,37557,-0.843521594684,0.0979310344828,1984MM01,111.891349481
37558,A4,308300,37558,-0.833887043189,0.0951724137931,1984MM02,111.810034602
37559,A4,308300,37559,-0.824252491694,0.0924137931034,1984MM03,111.728719723
37560,A4,308300,37560,-0.814617940199,0.0896551724138,1984MM04,111.647404844
37561,A4,308300,37561,-0.804983388704,0.0868965517241,1984MM05,111.566089965
37562,A4,308300,37562,-0.795348837209,0.0841379310345,1984MM06,111.484775087
37563,A4,308300,37563,-0.785714285714,0.0813793103448,1984MM07,111.403460208
37564,A4,308300,37564,-0.776079734219,0.0786206896552,1984MM08,111.322145329
37565,A4,308300,37565,-0.766445182724,0.0758620689655,1984MM09,111.24083045
37566,A4,308300,37566,-0.756810631229,0.0731034482759,1984MM10,111.159515571
37567,A4,308300,37567,-0.747176079734,0.0703448275862,1984MM11,111.078200692
37568,A4,308300,37568,-0.737541528239,0.0675862068966,1984MM12,110.996885813
37570,A4,308300,37570,-0.727906976744,0.0648275862069,1985MM01,110.915570934
37571,A4,308300,37571,-0.718272425249,0.0620689655172,1985MM02,110.834256055
37572,A4,308300,37572,-0.708637873754,0.0593103448276,1985MM03,110.752941176
37573,A4,308300,37573,-0.699003322259,0.0565517241379,1985MM04,110.671626298
37574,A4,308300,37574,-0.689368770764,0.0537931034483,1985MM05,110.590311419
37575,A4,308300,37575,-0.679734219269,0.0510344827586,1985MM06,110.50899654
37576,A4,308300,37576,-0.670099667774,0.048275862069,1985MM07,110.427681661
37577,A4,308300,37577,-0.660465116279,0.0455172413793,1985MM08,110.346366782
37578,A4,308300,37578,-0.650830564784,0.0427586206897,1985MM09,110.265051903
37579,A4,308300,37579,-0.641196013289,0.04,1985MM10,110.183737024
37580,A4,308300,37580,-0.631561461794,0.0372413793103,1985MM11,110.102422145
37581,A4,308300,37581,-0.621926910299,0.0344827586207,1985MM12,110.021107266
37583,A4,308300,37583,-0.612292358804,0.031724137931,1986MM01,109.939792388
37584,A4,308300,37584,-0.602657807309,0.0289655172414,1986MM02,109.858477509
37585,A4,308300,37585,-0.593023255814,0.0262068965517,1986MM03,109.77716263
37586,A4,308300,37586,-0.583388704319,0.0234482758621,1986MM04,109.695847751
37587,A4,308300,37587,-0.573754152824,0.0206896551724,1986MM05,109.614532872
37588,A4,308300,37588,-0.564119601329,0.0179310344828,1986MM06,109.533217993
37589,A4,308300,37589,-0.554485049834,0.0151724137931,1986MM07,109.451903114
37590,A4,308300,37590,-0.544850498339,0.0124137931034,1986MM08,109.370588235
37591,A4,308300,37591,-0.535215946844,0.00965517241379,1986MM09,109.289273356
37592,A4,308300,37592,-0.525581395349,0.00689655172414,1986MM10,109.207958478
37593,A4,308300,37593,-0.515946843854,0.00413793103448,1986MM11,109.126643599
37594,A4,308300,37594,-0.506312292359,0.00137931034483,1986MM12,109.04532872
37596,A4,308300,37596,-0.496677740864,-0.00137931034483,1987MM01,108.964013841
37597,A4,308300,37597,-0.487043189369,-0.00413793103448,1987MM02,108.882698962
37598,A4,308300,37598,-0.477408637874,-0.00689655172414,1987MM03,108.801384083
37599,A4,308300,37599,-0.467774086379,-0.00965517241379,1987MM04,108.720069204
37600,A4,308300,37600,-0.458139534884,-0.0124137931034,1987MM05,108.638754325
37601,A4,308300,37601,-0.448504983389,-0.0151724137931,1987MM06,108.557439446
37602,A4,308300,37602,-0.438870431894,-0.0179310344828,1987MM07,108.476124567
37603,A4,308300,37603,-0.429235880399,-0.0206896551724,1987MM08,108.394809689
37604,A4,308300,37604,-0.419601328904,-0.0234482758621,1987MM09,108.31349481
37605,A4,308300,37605,-0.409966777409,-0.0262068965517,1987MM10,108.232179931
37606,A4,308300,37606,-0.400332225914,-0.0289655172414,1987MM11,108.150865052
37607,A4,308300,37607,-0.390697674419,-0.031724137931,1987MM12,108.069550173
37609,A4,308300,37609,-0.381063122924,-0.0344827586207,1988MM01,107.988235294
37610,A4,308300,37610,-0.371428571429,-0.0372413793103,1988MM02,107.906920415
37611,A4,308300,37611,-0.361794019934,-0.04,1988MM03,107.825605536
37612,A4,308300,37612,-0.352159468439,-0.0427586206897,1988MM04,107.744290657
37613,A4,308300,37613,-0.342524916944,-0.0455172413793,1988MM05,107.662975779
37614,A4,308300,37614,-0.332890365449,-0.048275862069,1988MM06,107.5816609
37615,A4,308300,37615,-0.323255813953,-0.0510344827586,1988MM07,107.500346021
37616,A4,308300,37616,-0.313621262458,-0.0537931034483,1988MM08,107.419031142
37617,A4,308300,37617,-0.303986710963,-0.0565517241379,1988MM09,107.337716263
37618,A4,308300,37618,-0.294352159468,-0.0593103448276,1988MM10,107.256401384
37619,A4,308300,37619,-0.284717607973,-0.0620689655172,1988MM11,107.175086505
37620,A4,308300,37620,-0.275083056478,-0.0648275862069,1988MM12,107.093771626
37622,A4,308300,37622,-0.265448504983,-0.0675862068966,1989MM01,107.012456747
37623,A4,308300,37623,-0.255813953488,-0.0703448275862,1989MM02,106.931141869
37624,A4,308300,37624,-0.246179401993,-0.0731034482759,1989MM03,106.84982699
37625,A4,308300,37625,-0.236544850498,-0.0758620689655,1989MM04,106.768512111
37626,A4,308300,37626,-0.226910299003,-0.0786206896552,1989MM05,106.687197232
37627,A4,308300,37627,-0.217275747508,-0.0813793103448,1989MM06,106.605882353
37628,A4,308300,37628,-0.207641196013,-0.0841379310345,1989MM07,106.524567474
37629,A4,308300,37629,-0.198006644518,-0.0868965517241,1989MM08,106.443252595
37630,A4,308300,37630,-0.188372093023,-0.0896551724138,1989MM09,106.361937716
37631,A4,308300,37631,-0.178737541528,-0.0924137931034,1989MM10,106.280622837
37632,A4,308300,37632,-0.169102990033,-0.0951724137931,1989MM11,106.199307958
37633,A4,308300,37633,-0.159468438538,-0.0979310344828,1989MM12,106.11799308
37635,A4,308300,37635,-0.149833887043,-0.100689655172,1990MM01,106.036678201
37636,A4,308300,37636,-0.140199335548,-0.103448275862,1990MM02,105.955363322
37637,A4,308300,37637,-0.130564784053,-0.106206896552,1990MM03,105.874048443
37638,A4,308300,37638,-0.120930232558,-0.108965517241,1990MM04,105.792733564
37639,A4,308300,37639,-0.111295681063,-0.111724137931,1990MM05,105.711418685
37640,A4,308300,37640,-0.101661129568,-0.114482758621,1990MM06,105.630103806
37641,A4,308300,37641,-0.0920265780731,-0.11724137931,1990MM07,105.548788927
37642,A4,308300,37642,-0.0823920265781,-0.12,1990MM08,105.467474048
37643,A4,308300,37643,-0.0727574750831,-0.12275862069,1990MM09,105.38615917
37644,A4,308300,37644,-0.063122923588,-0.125517241379,1990MM10,105.304844291
37645,A4,308300,37645,-0.053488372093,-0.128275862069,1990MM11,105.223529412
37646,A4,308300,37646,-0.043853820598,-0.131034482759,1990MM12,105.142214533
37648,A4,308300,37648,-0.034219269103,-0.133793103448,1991MM01,105.060899654
37649,A4,308300,37649,-0.024584717608,-0.136551724138,1991MM02,104.979584775
37650,A4,308300,37650,-0.014950166113,-0.139310344828,1991MM03,104.898269896
37651,A4,308300,37651,-0.00531561461794,-0.142068965517,1991MM04,104.816955017
37652,A4,308300,37652,0.00431893687708,-0.144827586207,1991MM05,104.735640138
37653,A4,308300,37653,0.0139534883721,-0.147586206897,1991MM06,104.65432526
37654,A4,308300,37654,0.0235880398671,-0.150344827586,1991MM07,104.573010381
37655,A4,308300,37655,0.0332225913621,-0.153103448276,1991MM08,104.491695502
37656,A4,308300,37656,0.0428571428571,-0.155862068966,1991MM09,104.410380623
37657,A4,308300,37657,0.0524916943522,-0.158620689655,1991MM10,104.329065744
37658,A4,308300,37658,0.0621262458472,-0.161379310345,1991MM11,104.247750865
37659,A4,308300,37659,0.0717607973422,-0.164137931034,1991MM12,104.166435986
37661,A4,308300,37661,0.0813953488372,-0.166896551724,1992MM01,104.085121107
37662,A4,308300,37662,0.0910299003322,-0.169655172414,1992MM02,104.003806228
37663,A4,308300,37663,0.100664451827,-0.172413793103,1992MM03,103.922491349
37664,A4,308300,37664,0.110299003322,-0.175172413793,1992MM04,103.841176471
37665,A4,308300,37665,0.119933554817,-0.177931034483,1992MM05,103.759861592
37666,A4,308300,37666,0.129568106312,-0.180689655172,1992MM06,103.678546713
37667,A4,308300,37667,0.139202657807,-0.183448275862,1992MM07,103.597231834
37668,A4,308300,37668,0.148837209302,-0.186206896552,1992MM08,103.515916955
37669,A4,308300,37669,0.158471760797,-0.188965517241,1992MM09,103.434602076
37670,A4,308300,37670,0.168106312292,-0.191724137931,1992MM10,103.353287197
37671,A4,308300,37671,0.177740863787,-0.194482758621,1992MM11,103.271972318
37672,A4,308300,37672,0.187375415282,-0.19724137931,1992MM12,103.190657439
37674,A4,308300,37674,0.197009966777,-0.2,1993MM01,103.109342561
37675,A4,308300,37675,0.206644518272,-0.20275862069,1993MM02,103.028027682
37676,A4,308300,37676,0.216279069767,-0.205517241379,1993MM03,102.946712803
37677,A4,308300,37677,0.225913621262,-0.208275862069,1993MM04,102.865397924
37678,A4,308300,37678,0.235548172757,-0.211034482759,1993MM05,102.784083045
37679,A4,308300,37679,0.245182724252,-0.213793103448,1993MM06,102.702768166
37680,A4,308300,37680,0.254817275748,-0.216551724138,1993MM07,102.621453287
37681,A4,308300,37681,0.264451827243,-0.219310344828,1993MM08,102.540138408
37682,A4,308300,37682,0.274086378738,-0.222068965517,1993MM09,102.458823529
37683,A4,308300,37683,0.283720930233,-0.224827586207,1993MM10,102.377508651
37684,A4,308300,37684,0.293355481728,-0.227586206897,1993MM11,102.296193772
37685,A4,308300,37685,0.302990033223,-0.230344827586,1993MM12,102.214878893
37687,A4,308300,37687,0.312624584718,-0.233103448276,1994MM01,102.133564014
37688,A4,308300,37688,0.322259136213,-0.235862068966,1994MM02,102.052249135
37689,A4,308300,37689,0.331893687708,-0.238620689655,1994MM03,101.970934256
37690,A4,308300,37690,0.341528239203,-0.241379310345,1994MM04,101.889619377
37691,A4,308300,37691,0.351162790698,-0.244137931034,1994MM05,101.808304498
37692,A4,308300,37692,0.360797342193,-0.246896551724,1994MM06,101.726989619
37693,A4,308300,37693,0.370431893688,-0.249655172414,1994MM07,101.64567474
37694,A4,308300,37694,0.380066445183,-0.252413793103,1994MM08,101.564359862
37695,A4,308300,37695,0.389700996678,-0.255172413793,1994MM09,101.483044983
37696,A4,308300,37696,0.399335548173,-0.257931034483,1994MM10,101.401730104
37697,A4,308300,37697,0.408970099668,-0.260689655172,1994MM11,101.320415225
37698,A4,308300,37698,0.418604651163,-0.263448275862,1994MM12,101.239100346
37700,A4,308300,37700,0.428239202658,-0.266206896552,1995MM01,101.157785467
37701,A4,308300,37701,0.437873754153,-0.268965517241,1995MM02,101.076470588
37702,A4,308300,37702,0.447508305648,-0.271724137931,1995MM03,100.995155709
37703,A4,308300,37703,0.457142857143,-0.274482758621,1995MM04,100.91384083
37704,A4,308300,37704,0.466777408638,-0.27724137931,1995MM05,100.832525952
37705,A4,308300,37705,0.476411960133,-0.28,1995MM06,100.751211073
37706,A4,308300,37706,0.486046511628,-0.28275862069,1995MM07,100.669896194
37707,A4,308300,37707,0.495681063123,-0.285517241379,1995MM08,100.588581315
37708,A4,308300,37708,0.505315614618,-0.288275862069,1995MM09,100.507266436
37709,A4,308300,37709,0.514950166113,-0.291034482759,1995MM10,100.425951557
37710,A4,308300,37710,0.524584717608,-0.293793103448,1995MM11,100.344636678
37711,A4,308300,37711,0.534219269103,-0.296551724138,1995MM12,100.263321799
37713,A4,308300,37713,0.543853820598,-0.299310344828,1996MM01,100.18200692
37714,A4,308300,37714,0.553488372093,-0.302068965517,1996MM02,100.100692042
37715,A4,308300,37715,0.563122923588,-0.304827586207,1996MM03,100.019377163
37716,A4,308300,37716,0.572757475083,-0.307586206897,1996MM04,99.9380622837
37717,A4,308300,37717,0.582392026578,-0.310344827586,1996MM05,99.8567474048
37718,A4,308300,37718,0.592026578073,-0.313103448276,1996MM06,99.775432526
37719,A4,308300,37719,0.601661129568,-0.315862068966,1996MM07,99.6941176471
37720,A4,308300,37720,0.611295681063,-0.318620689655,1996MM08,99.6128027682
37721,A4,308300,37721,0.620930232558,-0.321379310345,1996MM09,99.5314878893
37722,A4,308300,37722,0.630564784053,-0.324137931034,1996MM10,99.4501730104
37723,A4,308300,37723,0.640199335548,-0.326896551724,1996MM11,99.3688581315
37724,A4,308300,37724,0.649833887043,-0.329655172414,1996MM12,99.2875432526
37726,A4,308300,37726,0.659468438538,-0.332413793103,1997MM01,99.2062283737
37727,A4,308300,37727,0.669102990033,-0.335172413793,1997MM02,99.1249134948
37728,A4,308300,37728,0.678737541528,-0.337931034483,1997MM03,99.0435986159
37729,A4,308300,37729,0.688372093023,-0.340689655172,1997MM04,98.962283737
37730,A4,308300,37730,0.698006644518,-0.343448275862,1997MM05,98.8809688581
37731,A4,308300,37731,0.707641196013,-0.346206896552,1997MM06,98.7996539792
37732,A4,308300,37732,0.717275747508,-0.348965517241,1997MM07,98.7183391003
37733,A4,308300,37733,0.726910299003,-0.351724137931,1997MM08,98.6370242215
37734,A4,308300,37734,0.736544850498,-0.354482758621,1997MM09,98.5557093426
37735,A4,308300,37735,0.746179401993,-0.35724137931,1997MM10,98.4743944637
37736,A4,308300,37736,0.755813953488,-0.36,1997MM11,98.3930795848
37737,A4,308300,37737,0.765448504983,-0.36275862069,1997MM12,98.3117647059
37739,A4,308300,37739,0.775083056478,-0.365517241379,1998MM01,98.230449827
37740,A4,308300,37740,0.784717607973,-0.368275862069,1998MM02,98.1491349481
37741,A4,308300,37741,0.794352159468,-0.371034482759,1998MM03,98.0678200692
37742,A4,308300,37742,0.803986710963,-0.373793103448,1998MM04,97.9865051903
37743,A4,308300,37743,0.813621262458,-0.376551724138,1998MM05,97.9051903114
37744,A4,308300,37744,0.823255813953,-0.379310344828,1998MM06,97.8238754325
37745,A4,308300,37745,0.832890365449,-0.382068965517,1998MM07,97.7425605536
37746,A4,308300,37746,0.842524916944,-0.384827586207,1998MM08,97.6612456747
37747,A4,308300,37747,0.852159468439,-0.387586206897,1998MM09,97.5799307958
37748,A4,308300,37748,0.861794019934,-0.390344827586,1998MM10,97.498615917
37749,A4,308300,37749,0.871428571429,-0.393103448276,1998MM11,97.4173010381
37750,A4,308300,37750,0.881063122924,-0.395862068966,1998MM12,97.3359861592
37752,A4,308300,37752,0.890697674419,-0.398620689655,1999MM01,97.2546712803
37753,A4,308300,37753,0.900332225914,-0.401379310345,1999MM02,97.1733564014
37754,A4,308300,37754,0.909966777409,-0.404137931034,1999MM03,97.0920415225
37755,A4,308300,37755,0.919601328904,-0.406896551724,1999MM04,97.0107266436
37756,A4,308300,37756,0.929235880399,-0.409655172414,1999MM05,96.9294117647
37757,A4,308300,37757,0.938870431894,-0.412413793103,1999MM06,96.8480968858
37758,A4,308300,37758,0.948504983389,-0.415172413793,1999MM07,96.7667820069
37759,A4,308300,37759,0.958139534884,-0.417931034483,1999MM08,96.685467128
37760,A4,308300,37760,0.967774086379,-0.420689655172,1999MM09,96.6041522491
37761,A4,308300,37761,0.977408637874,-0.423448275862,1999MM10,96.5228373702
37762,A4,308300,37762,0.987043189369,-0.426206896552,1999MM11,96.4415224913
37763,A4,308300,37763,0.996677740864,-0.428965517241,1999MM12,96.3602076125
37765,A4,308300,37765,1.00631229236,-0.431724137931,2000MM01,96.2788927336
37766,A4,308300,37766,1.01594684385,-0.434482758621,2000MM02,96.1975778547
37767,A4,308300,37767,1.02558139535,-0.43724137931,2000MM03,96.1162629758
37768,A4,308300,37768,1.03521594684,-0.44,2000MM04,96.0349480969
37769,A4,308300,37769,1.04485049834,-0.44275862069,2000MM05,95.953633218
37770,A4,308300,37770,1.05448504983,-0.445517241379,2000MM06,95.8723183391
37771,A4,308300,37771,1.06411960133,-0.448275862069,2000MM07,95.7910034602
37772,A4,308300,37772,1.07375415282,-0.451034482759,2000MM08,95.7096885813
37773,A4,308300,37773,1.08338870432,-0.453793103448,2000MM09,95.6283737024
37774,A4,308300,37774,1.09302325581,-0.456551724138,2000MM10,95.5470588235
37775,A4,308300,37775,1.10265780731,-0.459310344828,2000MM11,95.4657439446
37776,A4,308300,37776,1.1122923588,-0.462068965517,2000MM12,95.3844290657
37778,A4,308300,37778,1.1219269103,-0.464827586207,2001MM01,95.3031141869
37779,A4,308300,37779,1.13156146179,-0.467586206897,2001MM02,95.221799308
37780,A4,308300,37780,1.14119601329,-0.470344827586,2001MM03,95.1404844291
37781,A4,308300,37781,1.15083056478,-0.473103448276,2001MM04,95.0591695502
37782,A4,308300,37782,1.16046511628,-0.475862068966,2001MM05,94.9778546713
37783,A4,308300,37783,1.17009966777,-0.478620689655,2001MM06,94.8965397924
37784,A4,308300,37784,1.17973421927,-0.481379310345,2001MM07,94.8152249135
37785,A4,308300,37785,1.18936877076,-0.484137931034,2001MM08,94.7339100346
37786,A4,308300,37786,1.19900332226,-0.486896551724,2001MM09,94.6525951557
37787,A4,308300,37787,1.20863787375,-0.489655172414,2001MM10,94.5712802768
37788,A4,308300,37788,1.21827242525,-0.492413793103,2001MM11,94.4899653979
37789,A4,308300,37789,1.22790697674,-0.495172413793,2001MM12,94.408650519
37791,A4,308300,37791,1.23754152824,-0.497931034483,2002MM01,94.3273356401
37792,A4,308300,37792,1.24717607973,-0.500689655172,2002MM02,94.2460207612
37793,A4,308300,37793,1.25681063123,-0.503448275862,2002MM03,94.1647058824
37794,A4,308300,37794,1.26644518272,-0.506206896552,2002MM04,94.0833910035
37795,A4,308300,37795,1.27607973422,-0.508965517241,2002MM05,94.0020761246
37796,A4,308300,37796,1.28571428571,-0.511724137931,2002MM06,93.9207612457
37797,A4,308300,37797,1.29534883721,-0.514482758621,2002MM07,93.8394463668
37798,A4,308300,37798,1.3049833887,-0.51724137931,2002MM08,93.7581314879
37799,A4,308300,37799,1.3146179402,-0.52,2002MM09,93.676816609
37800,A4,308300,37800,1.32425249169,-0.52275862069,2002MM10,93.5955017301
37801,A4,308300,37801,1.33388704319,-0.525517241379,2002MM11,93.5141868512
37802,A4,308300,37802,1.34352159468,-0.528275862069,2002MM12,93.4328719723
37804,A4,308300,37804,1.35315614618,-0.531034482759,2003MM01,93.3515570934
37805,A4,308300,37805,1.36279069767,-0.533793103448,2003MM02,93.2702422145
37806,A4,308300,37806,1.37242524917,-0.536551724138,2003MM03,93.1889273356
37807,A4,308300,37807,1.38205980066,-0.539310344828,2003MM04,93.1076124567
37808,A4,308300,37808,1.39169435216,-0.542068965517,2003MM05,93.0262975779
37809,A4,308300,37809,1.40132890365,-0.544827586207,2003MM06,92.944982699
37810,A4,308300,37810,1.41096345515,-0.547586206897,2003MM07,92.8636678201
37811,A4,308300,37811,1.42059800664,-0.550344827586,2003MM08,92.7823529412
37812,A4,308300,37812,1.43023255814,-0.553103448276,2003MM09,92.7010380623
37813,A4,308300,37813,1.43986710963,-0.555862068966,2003MM10,92.6197231834
37814,A4,308300,37814,1.44950166113,-0.558620689655,2003MM11,92.5384083045
37815,A4,308300,37815,1.45913621262,-0.561379310345,2003MM12,92.4570934256
37817,A4,308300,37817,1.46877076412,-0.564137931034,2004MM01,92.3757785467
37818,A4,308300,37818,1.47840531561,-0.566896551724,2004MM02,92.2944636678
37819,A4,308300,37819,1.48803986711,-0.569655172414,2004MM03,92.2131487889
37820,A4,308300,37820,1.4976744186,-0.572413793103,2004MM04,92.13183391
37821,A4,308300,37821,1.5073089701,-0.575172413793,2004MM05,92.0505190311
37822,A4,308300,37822,1.51694352159,-0.577931034483,2004MM06,91.9692041522
37823,A4,308300,37823,1.52657807309,-0.580689655172,2004MM07,91.8878892734
37824,A4,308300,37824,1.53621262458,-0.583448275862,2004MM08,91.8065743945
37825,A4,308300,37825,1.54584717608,-0.586206896552,2004MM09,91.7252595156
37826,A4,308300,37826,1.55548172757,-0.588965517241,2004MM10,91.6439446367
37827,A4,308300,37827,1.56511627907,-0.591724137931,2004MM11,91.5626297578
37828,A4,308300,37828,1.57475083056,-0.594482758621,2004MM12,91.4813148789
37830,A4,308300,37830,1.58438538206,-0.59724137931,2005MM01,91.4
37831,A4,308300,37831,1.59401993355,-0.6,2005MM02,90.8
37832,A4,308300,37832,1.60365448505,0.0,2005MM03,90.7
37833,A4,308300,37833,1.61328903654,-0.2,2005MM04,90.5
37834,A4,308300,37834,1.62292358804,0.3,2005MM05,90.8
37835,A4,308300,37835,1.63255813953,-0.3,2005MM06,90.5
37836,A4,308300,37836,1.64219269103,0.1,2005MM07,90.7
37837,A4,308300,37837,1.65182724252,0.0,2005MM08,90.6
37838,A4,308300,37838,1.66146179402,0.1,2005MM09,90.7
37839,A4,308300,37839,1.67109634551,-0.3,2005MM10,90.5
37840,A4,308300,37840,1.68073089701,0.2,2005MM11,90.7
37841,A4,308300,37841,1.6903654485,0.2,2005MM12,90.8
37843,A4,308300,37843,1.7,2.3,2006MM01,92.9
37844,A4,308300,37844,2.2,-0.2,2006MM02,92.8
37845,A4,308300,37845,2.4,0.2,2006MM03,92.9
37846,A4,308300,37846,2.4,-0.2,2006MM04,92.7
37847,A4,308300,37847,2.5,0.5,2006MM05,93.1
37848,A4,308300,37848,2.6,-0.2,2006MM06,92.9
37849,A4,308300,37849,2.1,-0.4,2006MM07,92.6
37850,A4,308300,37850,2.6,0.4,2006MM08,93.0
37851,A4,308300,37851,2.9,0.4,2006MM09,93.3
37852,A4,308300,37852,3.8,0.7,2006MM10,94.0
37853,A4,308300,37853,3.2,-0.4,2006MM11,93.6
37854,A4,308300,37854,4.8,1.8,2006MM12,95.2
37856,A4,308300,37856,8.7,6.1,2007MM01,101.0
37857,A4,308300,37857,8.9,0.0,2007MM02,101.0
37858,A4,308300,37858,8.4,-0.3,2007MM03,100.7
37859,A4,308300,37859,9.3,0.6,2007MM04,101.3
37860,A4,308300,37860,7.9,-0.8,2007MM05,100.5
37861,A4,308300,37861,8.4,0.2,2007MM06,100.7
37862,A4,308300,37862,8.6,-0.2,2007MM07,100.5
37863,A4,308300,37863,7.0,-1.1,2007MM08,99.5
37864,A4,308300,37864,5.9,-0.7,2007MM09,98.8
37865,A4,308300,37865,6.6,1.4,2007MM10,100.2
37866,A4,308300,37866,6.7,-0.4,2007MM11,99.8
37867,A4,308300,37867,6.3,1.4,2007MM12,101.2
37869,A4,308300,37869,0.8,0.6,2008MM01,101.8
37870,A4,308300,37870,-0.5,-1.2,2008MM02,100.6
37871,A4,308300,37871,-0.9,-0.7,2008MM03,99.8
37872,A4,308300,37872,-1.4,0.1,2008MM04,99.9
37873,A4,308300,37873,-0.4,0.2,2008MM05,100.1
37874,A4,308300,37874,-0.8,-0.2,2008MM06,99.9
37875,A4,308300,37875,-0.6,0.0,2008MM07,99.9
37876,A4,308300,37876,0.1,-0.4,2008MM08,99.5
37877,A4,308300,37877,0.6,-0.1,2008MM09,99.4
37878,A4,308300,37878,-0.5,0.3,2008MM10,99.7
37879,A4,308300,37879,-0.2,-0.1,2008MM11,99.6
37880,A4,308300,37880,-1.8,-0.2,2008MM12,99.4
37882,A4,308300,37882,-0.9,1.5,2009MM01,100.9
37883,A4,308300,37883,1.7,1.4,2009MM02,102.3
37884,A4,308300,37884,2.6,0.2,2009MM03,102.4
37885,A4,308300,37885,2.3,-0.2,2009MM04,102.3
37886,A4,308300,37886,2.0,-0.1,2009MM05,102.1
37887,A4,308300,37887,2.3,0.1,2009MM06,102.2
37888,A4,308300,37888,2.4,0.1,2009MM07,102.3
37889,A4,308300,37889,2.2,-0.6,2009MM08,101.7
37890,A4,308300,37890,2.6,0.3,2009MM09,101.9
37891,A4,308300,37891,1.9,-0.4,2009MM10,101.6
37892,A4,308300,37892,1.8,-0.2,2009MM11,101.4
37893,A4,308300,37893,1.9,0.0,2009MM12,101.3
37895,A4,308300,37895,-1.4,-1.8,2010MM01,99.5
37896,A4,308300,37896,-2.9,-0.2,2010MM02,99.3
37897,A4,308300,37897,-2.7,0.3,2010MM03,99.7
37898,A4,308300,37898,-2.7,-0.1,2010MM04,99.5
37899,A4,308300,37899,-2.8,-0.2,2010MM05,99.3
37900,A4,308300,37900,-3.1,-0.3,2010MM06,99.0
37901,A4,308300,37901,-2.9,0.2,2010MM07,99.3
37902,A4,308300,37902,-2.5,-0.1,2010MM08,99.2
37903,A4,308300,37903,-2.4,0.4,2010MM09,99.5
37904,A4,308300,37904,-0.1,1.9,2010MM10,101.4
37905,A4,308300,37905,0.3,0.2,2010MM11,101.7
37906,A4,308300,37906,1.2,0.8,2010MM12,102.5
37908,A4,308300,37908,4.3,1.2,2011MM01,103.8
37909,A4,308300,37909,4.9,0.4,2011MM02,104.3
37910,A4,308300,37910,4.8,0.2,2011MM03,104.4
37911,A4,308300,37911,6.4,1.4,2011MM04,105.9
37912,A4,308300,37912,6.6,0.0,2011MM05,105.9
37913,A4,308300,37913,6.9,0.0,2011MM06,105.9
37914,A4,308300,37914,6.7,0.0,2011MM07,105.9
37915,A4,308300,37915,6.8,0.1,2011MM08,105.9
37916,A4,308300,37916,6.4,0.0,2011MM09,105.9
37917,A4,308300,37917,4.9,0.5,2011MM10,106.5
37918,A4,308300,37918,4.8,0.1,2011MM11,106.6
37919,A4,308300,37919,3.9,-0.1,2011MM12,106.5
37921,A4,308300,37921,7.4,4.7,2012MM01,111.5
37922,A4,308300,37922,7.0,0.0,2012MM02,111.5
37923,A4,308300,37923,6.7,-0.1,2012MM03,111.4
37924,A4,308300,37924,6.3,1.0,2012MM04,112.6
37925,A4,308300,37925,6.5,0.2,2012MM05,112.8
37926,A4,308300,37926,6.6,0.1,2012MM06,112.9
37927,A4,308300,37927,6.9,0.3,2012MM07,113.2
37928,A4,308300,37928,7.0,0.1,2012MM08,113.3
37929,A4,308300,37929,7.5,0.5,2012MM09,113.9
37930,A4,308300,37930,8.2,1.1,2012MM10,115.2
37931,A4,308300,37931,8.4,0.2,2012MM11,115.5
37932,A4,308300,37932,8.2,-0.2,2012MM12,115.3
37934,A4,308300,37934,5.5,2.1,2013MM01,117.7
37935,A4,308300,37935,5.1,-0.4,2013MM02,117.2
37936,A4,308300,37936,5.5,0.3,2013MM03,117.5
37937,A4,308300,37937,4.3,-0.1,2013MM04,117.4
37938,A4,308300,37938,4.1,0.0,2013MM05,117.4
37939,A4,308300,37939,4.2,0.1,2013MM06,117.6
37940,A4,308300,37940,4.1,0.2,2013MM07,117.9
37941,A4,308300,37941,3.9,-0.1,2013MM08,117.7
37942,A4,308300,37942,3.1,-0.2,2013MM09,117.5
37943,A4,308300,37943,2.2,0.3,2013MM10,117.8
37944,A4,308300,37944,2.4,0.4,2013MM11,118.3
37945,A4,308300,37945,2.3,-0.2,2013MM12,118.0
37947,A4,308300,37947,-0.1,-0.4,2014MM01,117.5
37948,A4,308300,37948,0.2,-0.1,2014MM02,117.4
37949,A4,308300,37949,-0.4,-0.3,2014MM03,117.1
37950,A4,308300,37950,-0.2,0.0,2014MM04,117.1
37951,A4,308300,37951,-0.4,-0.1,2014MM05,117.0
37952,A4,308300,37952,-1.0,-0.5,2014MM06,116.4
37953,A4,308300,37953,-1.2,0.0,2014MM07,116.4
37954,A4,308300,37954,-1.1,0.0,2014MM08,116.4
37955,A4,308300,37955,-1.3,-0.4,2014MM09,116.0
37956,A4,308300,37956,-2.1,-0.6,2014MM10,115.4
37957,A4,308300,37957,-2.5,-0.1,2014MM11,115.3
37958,A4,308300,37958,-2.8,-0.5,2014MM12,114.7
37960,A4,308300,37960,-5.0,-2.6,2015MM01,111.7
37961,A4,308300,37961,-5.0,-0.1,2015MM02,111.6
37962,A4,308300,37962,-4.6,0.1,2015MM03,111.7
37963,A4,308300,37963,-4.5,0.1,2015MM04,111.8
37964,A4,308300,37964,-4.5,-0.1,2015MM05,111.7
37965,A4,308300,37965,-3.9,0.2,2015MM06,111.9
37966,A4,308300,37966,-4.0,-0.1,2015MM07,111.8
37967,A4,308300,37967,-3.8,0.2,2015MM08,112.0
37968,A4,308300,37968,-3.6,-0.1,2015MM09,111.9
37969,A4,308300,37969,-3.6,-0.6,2015MM10,111.2
37970,A4,308300,37970,-3.4,0.2,2015MM11,111.4
37971,A4,308300,37971,-2.4,0.5,2015MM12,112.0
37973,A4,308300,37973,1.2,0.9,2016MM01,113.0
37974,A4,308300,37974,1.1,-0.1,2016MM02,112.9
37975,A4,308300,37975,1.0,0.0,2016MM03,112.8
37976,A4,308300,37976,1.3,0.4,2016MM04,113.3
37977,A4,308300,37977,1.5,0.1,2016MM05,113.4
37978,A4,308300,37978,1.7,0.4,2016MM06,113.8
37979,A4,308300,37979,1.8,0.0,2016MM07,113.9
37980,A4,308300,37980,1.8,0.1,2016MM08,114.0
37981,A4,308300,37981,1.8,-0.1,2016MM09,113.9
37982,A4,308300,37982,3.0,0.5,2016MM10,114.5
37983,A4,308300,37983,2.8,0.1,2016MM11,114.6
37984,A4,308300,37984,2.4,0.1,2016MM12,114.7
37986,A4,308300,37986,3.5,2.0,2017MM01,117.0
37987,A4,308300,37987,3.8,0.1,2017MM02,117.1
37988,A4,308300,37988,3.8,0.0,2017MM03,117.1
37989,A4,308300,37989,2.3,-1.0,2017MM04,115.9
37990,A4,308300,37990,2.5,0.3,2017MM05,116.3
37991,A4,308300,37991,2.2,0.0,2017MM06,116.3
37992,A4,308300,37992,1.3,-0.8,2017MM07,115.3
37993,A4,308300,37993,0.9,-0.2,2017MM08,115.0
37994,A4,308300,37994,1.4,0.4,2017MM09,115.5
37995,A4,308300,37995,0.7,-0.2,2017MM10,115.3
37996,A4,308300,37996,0.5,-0.2,2017MM11,115.1
37997,A4,308300,37997,0.8,0.4,2017MM12,115.5
