,Afzet,BedrijfstakkenBranchesSBI2008,ID,OntwikkelingTOV1JaarEerder_2,OntwikkelingTOV1MaandEerder_3,Perioden,ProducentenprijsindexPPI_1
37999,A4,308400,37999,-0.29634551495,0.388965517241,1981MM01,118.415570934
38000,A4,308400,38000,-0.2926910299,0.377931034483,1981MM02,118.331141869
38001,A4,308400,38001,-0.28903654485,0.366896551724,1981MM03,118.246712803
38002,A4,308400,38002,-0.285382059801,0.355862068966,1981MM04,118.162283737
38003,A4,308400,38003,-0.281727574751,0.344827586207,1981MM05,118.077854671
38004,A4,308400,38004,-0.278073089701,0.333793103448,1981MM06,117.993425606
38005,A4,308400,38005,-0.274418604651,0.32275862069,1981MM07,117.90899654
38006,A4,308400,38006,-0.270764119601,0.311724137931,1981MM08,117.824567474
38007,A4,308400,38007,-0.267109634551,0.300689655172,1981MM09,117.740138408
38008,A4,308400,38008,-0.263455149502,0.289655172414,1981MM10,117.655709343
38009,A4,308400,38009,-0.259800664452,0.278620689655,1981MM11,117.571280277
38010,A4,308400,38010,-0.256146179402,0.267586206897,1981MM12,117.486851211
38012,A4,308400,38012,-0.252491694352,0.256551724138,1982MM01,117.402422145
38013,A4,308400,38013,-0.248837209302,0.245517241379,1982MM02,117.31799308
38014,A4,308400,38014,-0.245182724252,0.234482758621,1982MM03,117.233564014
38015,A4,308400,38015,-0.241528239203,0.223448275862,1982MM04,117.149134948
38016,A4,308400,38016,-0.237873754153,0.212413793103,1982MM05,117.064705882
38017,A4,308400,38017,-0.234219269103,0.201379310345,1982MM06,116.980276817
38018,A4,308400,38018,-0.230564784053,0.190344827586,1982MM07,116.895847751
38019,A4,308400,38019,-0.226910299003,0.179310344828,1982MM08,116.811418685
38020,A4,308400,38020,-0.223255813953,0.168275862069,1982MM09,116.726989619
38021,A4,308400,38021,-0.219601328904,0.15724137931,1982MM10,116.642560554
38022,A4,308400,38022,-0.215946843854,0.146206896552,1982MM11,116.558131488
38023,A4,308400,38023,-0.212292358804,0.135172413793,1982MM12,116.473702422
38025,A4,308400,38025,-0.208637873754,0.124137931034,1983MM01,116.389273356
38026,A4,308400,38026,-0.204983388704,0.113103448276,1983MM02,116.304844291
38027,A4,308400,38027,-0.201328903654,0.102068965517,1983MM03,116.220415225
38028,A4,308400,38028,-0.197674418605,0.0910344827586,1983MM04,116.135986159
38029,A4,308400,38029,-0.194019933555,0.08,1983MM05,116.051557093
38030,A4,308400,38030,-0.190365448505,0.0689655172414,1983MM06,115.967128028
38031,A4,308400,38031,-0.186710963455,0.0579310344828,1983MM07,115.882698962
38032,A4,308400,38032,-0.183056478405,0.0468965517241,1983MM08,115.798269896
38033,A4,308400,38033,-0.179401993355,0.0358620689655,1983MM09,115.71384083
38034,A4,308400,38034,-0.175747508306,0.0248275862069,1983MM10,115.629411765
38035,A4,308400,38035,-0.172093023256,0.0137931034483,1983MM11,115.544982699
38036,A4,308400,38036,-0.168438538206,0.00275862068966,1983MM12,115.460553633
38038,A4,308400,38038,-0.164784053156,-0.00827586206897,1984MM01,115.376124567
38039,A4,308400,38039,-0.161129568106,-0.0193103448276,1984MM02,115.291695502
38040,A4,308400,38040,-0.157475083056,-0.0303448275862,1984MM03,115.207266436
38041,A4,308400,38041,-0.153820598007,-0.0413793103448,1984MM04,115.12283737
38042,A4,308400,38042,-0.150166112957,-0.0524137931034,1984MM05,115.038408304
38043,A4,308400,38043,-0.146511627907,-0.0634482758621,1984MM06,114.953979239
38044,A4,308400,38044,-0.142857142857,-0.0744827586207,1984MM07,114.869550173
38045,A4,308400,38045,-0.139202657807,-0.0855172413793,1984MM08,114.785121107
38046,A4,308400,38046,-0.135548172757,-0.0965517241379,1984MM09,114.700692042
38047,A4,308400,38047,-0.131893687708,-0.107586206897,1984MM10,114.616262976
38048,A4,308400,38048,-0.128239202658,-0.118620689655,1984MM11,114.53183391
38049,A4,308400,38049,-0.124584717608,-0.129655172414,1984MM12,114.447404844
38051,A4,308400,38051,-0.120930232558,-0.140689655172,1985MM01,114.362975779
38052,A4,308400,38052,-0.117275747508,-0.151724137931,1985MM02,114.278546713
38053,A4,308400,38053,-0.113621262458,-0.16275862069,1985MM03,114.194117647
38054,A4,308400,38054,-0.109966777409,-0.173793103448,1985MM04,114.109688581
38055,A4,308400,38055,-0.106312292359,-0.184827586207,1985MM05,114.025259516
38056,A4,308400,38056,-0.102657807309,-0.195862068966,1985MM06,113.94083045
38057,A4,308400,38057,-0.0990033222591,-0.206896551724,1985MM07,113.856401384
38058,A4,308400,38058,-0.0953488372093,-0.217931034483,1985MM08,113.771972318
38059,A4,308400,38059,-0.0916943521595,-0.228965517241,1985MM09,113.687543253
38060,A4,308400,38060,-0.0880398671096,-0.24,1985MM10,113.603114187
38061,A4,308400,38061,-0.0843853820598,-0.251034482759,1985MM11,113.518685121
38062,A4,308400,38062,-0.08073089701,-0.262068965517,1985MM12,113.434256055
38064,A4,308400,38064,-0.0770764119601,-0.273103448276,1986MM01,113.34982699
38065,A4,308400,38065,-0.0734219269103,-0.284137931034,1986MM02,113.265397924
38066,A4,308400,38066,-0.0697674418605,-0.295172413793,1986MM03,113.180968858
38067,A4,308400,38067,-0.0661129568106,-0.306206896552,1986MM04,113.096539792
38068,A4,308400,38068,-0.0624584717608,-0.31724137931,1986MM05,113.012110727
38069,A4,308400,38069,-0.058803986711,-0.328275862069,1986MM06,112.927681661
38070,A4,308400,38070,-0.0551495016611,-0.339310344828,1986MM07,112.843252595
38071,A4,308400,38071,-0.0514950166113,-0.350344827586,1986MM08,112.758823529
38072,A4,308400,38072,-0.0478405315615,-0.361379310345,1986MM09,112.674394464
38073,A4,308400,38073,-0.0441860465116,-0.372413793103,1986MM10,112.589965398
38074,A4,308400,38074,-0.0405315614618,-0.383448275862,1986MM11,112.505536332
38075,A4,308400,38075,-0.036877076412,-0.394482758621,1986MM12,112.421107266
38077,A4,308400,38077,-0.0332225913621,-0.405517241379,1987MM01,112.336678201
38078,A4,308400,38078,-0.0295681063123,-0.416551724138,1987MM02,112.252249135
38079,A4,308400,38079,-0.0259136212625,-0.427586206897,1987MM03,112.167820069
38080,A4,308400,38080,-0.0222591362126,-0.438620689655,1987MM04,112.083391003
38081,A4,308400,38081,-0.0186046511628,-0.449655172414,1987MM05,111.998961938
38082,A4,308400,38082,-0.014950166113,-0.460689655172,1987MM06,111.914532872
38083,A4,308400,38083,-0.0112956810631,-0.471724137931,1987MM07,111.830103806
38084,A4,308400,38084,-0.00764119601329,-0.48275862069,1987MM08,111.74567474
38085,A4,308400,38085,-0.00398671096346,-0.493793103448,1987MM09,111.661245675
38086,A4,308400,38086,-0.000332225913621,-0.504827586207,1987MM10,111.576816609
38087,A4,308400,38087,0.00332225913621,-0.515862068966,1987MM11,111.492387543
38088,A4,308400,38088,0.00697674418605,-0.526896551724,1987MM12,111.407958478
38090,A4,308400,38090,0.0106312292359,-0.537931034483,1988MM01,111.323529412
38091,A4,308400,38091,0.0142857142857,-0.548965517241,1988MM02,111.239100346
38092,A4,308400,38092,0.0179401993355,-0.56,1988MM03,111.15467128
38093,A4,308400,38093,0.0215946843854,-0.571034482759,1988MM04,111.070242215
38094,A4,308400,38094,0.0252491694352,-0.582068965517,1988MM05,110.985813149
38095,A4,308400,38095,0.028903654485,-0.593103448276,1988MM06,110.901384083
38096,A4,308400,38096,0.0325581395349,-0.604137931034,1988MM07,110.816955017
38097,A4,308400,38097,0.0362126245847,-0.615172413793,1988MM08,110.732525952
38098,A4,308400,38098,0.0398671096346,-0.626206896552,1988MM09,110.648096886
38099,A4,308400,38099,0.0435215946844,-0.63724137931,1988MM10,110.56366782
38100,A4,308400,38100,0.0471760797342,-0.648275862069,1988MM11,110.479238754
38101,A4,308400,38101,0.0508305647841,-0.659310344828,1988MM12,110.394809689
38103,A4,308400,38103,0.0544850498339,-0.670344827586,1989MM01,110.310380623
38104,A4,308400,38104,0.0581395348837,-0.681379310345,1989MM02,110.225951557
38105,A4,308400,38105,0.0617940199336,-0.692413793103,1989MM03,110.141522491
38106,A4,308400,38106,0.0654485049834,-0.703448275862,1989MM04,110.057093426
38107,A4,308400,38107,0.0691029900332,-0.714482758621,1989MM05,109.97266436
38108,A4,308400,38108,0.0727574750831,-0.725517241379,1989MM06,109.888235294
38109,A4,308400,38109,0.0764119601329,-0.736551724138,1989MM07,109.803806228
38110,A4,308400,38110,0.0800664451827,-0.747586206897,1989MM08,109.719377163
38111,A4,308400,38111,0.0837209302326,-0.758620689655,1989MM09,109.634948097
38112,A4,308400,38112,0.0873754152824,-0.769655172414,1989MM10,109.550519031
38113,A4,308400,38113,0.0910299003322,-0.780689655172,1989MM11,109.466089965
38114,A4,308400,38114,0.0946843853821,-0.791724137931,1989MM12,109.3816609
38116,A4,308400,38116,0.0983388704319,-0.80275862069,1990MM01,109.297231834
38117,A4,308400,38117,0.101993355482,-0.813793103448,1990MM02,109.212802768
38118,A4,308400,38118,0.105647840532,-0.824827586207,1990MM03,109.128373702
38119,A4,308400,38119,0.109302325581,-0.835862068966,1990MM04,109.043944637
38120,A4,308400,38120,0.112956810631,-0.846896551724,1990MM05,108.959515571
38121,A4,308400,38121,0.116611295681,-0.857931034483,1990MM06,108.875086505
38122,A4,308400,38122,0.120265780731,-0.868965517241,1990MM07,108.790657439
38123,A4,308400,38123,0.123920265781,-0.88,1990MM08,108.706228374
38124,A4,308400,38124,0.127574750831,-0.891034482759,1990MM09,108.621799308
38125,A4,308400,38125,0.13122923588,-0.902068965517,1990MM10,108.537370242
38126,A4,308400,38126,0.13488372093,-0.913103448276,1990MM11,108.452941176
38127,A4,308400,38127,0.13853820598,-0.924137931034,1990MM12,108.368512111
38129,A4,308400,38129,0.14219269103,-0.935172413793,1991MM01,108.284083045
38130,A4,308400,38130,0.14584717608,-0.946206896552,1991MM02,108.199653979
38131,A4,308400,38131,0.14950166113,-0.95724137931,1991MM03,108.115224913
38132,A4,308400,38132,0.153156146179,-0.968275862069,1991MM04,108.030795848
38133,A4,308400,38133,0.156810631229,-0.979310344828,1991MM05,107.946366782
38134,A4,308400,38134,0.160465116279,-0.990344827586,1991MM06,107.861937716
38135,A4,308400,38135,0.164119601329,-1.00137931034,1991MM07,107.777508651
38136,A4,308400,38136,0.167774086379,-1.0124137931,1991MM08,107.693079585
38137,A4,308400,38137,0.171428571429,-1.02344827586,1991MM09,107.608650519
38138,A4,308400,38138,0.175083056478,-1.03448275862,1991MM10,107.524221453
38139,A4,308400,38139,0.178737541528,-1.04551724138,1991MM11,107.439792388
38140,A4,308400,38140,0.182392026578,-1.05655172414,1991MM12,107.355363322
38142,A4,308400,38142,0.186046511628,-1.0675862069,1992MM01,107.270934256
38143,A4,308400,38143,0.189700996678,-1.07862068966,1992MM02,107.18650519
38144,A4,308400,38144,0.193355481728,-1.08965517241,1992MM03,107.102076125
38145,A4,308400,38145,0.197009966777,-1.10068965517,1992MM04,107.017647059
38146,A4,308400,38146,0.200664451827,-1.11172413793,1992MM05,106.933217993
38147,A4,308400,38147,0.204318936877,-1.12275862069,1992MM06,106.848788927
38148,A4,308400,38148,0.207973421927,-1.13379310345,1992MM07,106.764359862
38149,A4,308400,38149,0.211627906977,-1.14482758621,1992MM08,106.679930796
38150,A4,308400,38150,0.215282392027,-1.15586206897,1992MM09,106.59550173
38151,A4,308400,38151,0.218936877076,-1.16689655172,1992MM10,106.511072664
38152,A4,308400,38152,0.222591362126,-1.17793103448,1992MM11,106.426643599
38153,A4,308400,38153,0.226245847176,-1.18896551724,1992MM12,106.342214533
38155,A4,308400,38155,0.229900332226,-1.2,1993MM01,106.257785467
38156,A4,308400,38156,0.233554817276,-1.21103448276,1993MM02,106.173356401
38157,A4,308400,38157,0.237209302326,-1.22206896552,1993MM03,106.088927336
38158,A4,308400,38158,0.240863787375,-1.23310344828,1993MM04,106.00449827
38159,A4,308400,38159,0.244518272425,-1.24413793103,1993MM05,105.920069204
38160,A4,308400,38160,0.248172757475,-1.25517241379,1993MM06,105.835640138
38161,A4,308400,38161,0.251827242525,-1.26620689655,1993MM07,105.751211073
38162,A4,308400,38162,0.255481727575,-1.27724137931,1993MM08,105.666782007
38163,A4,308400,38163,0.259136212625,-1.28827586207,1993MM09,105.582352941
38164,A4,308400,38164,0.262790697674,-1.29931034483,1993MM10,105.497923875
38165,A4,308400,38165,0.266445182724,-1.31034482759,1993MM11,105.41349481
38166,A4,308400,38166,0.270099667774,-1.32137931034,1993MM12,105.329065744
38168,A4,308400,38168,0.273754152824,-1.3324137931,1994MM01,105.244636678
38169,A4,308400,38169,0.277408637874,-1.34344827586,1994MM02,105.160207612
38170,A4,308400,38170,0.281063122924,-1.35448275862,1994MM03,105.075778547
38171,A4,308400,38171,0.284717607973,-1.36551724138,1994MM04,104.991349481
38172,A4,308400,38172,0.288372093023,-1.37655172414,1994MM05,104.906920415
38173,A4,308400,38173,0.292026578073,-1.3875862069,1994MM06,104.822491349
38174,A4,308400,38174,0.295681063123,-1.39862068966,1994MM07,104.738062284
38175,A4,308400,38175,0.299335548173,-1.40965517241,1994MM08,104.653633218
38176,A4,308400,38176,0.302990033223,-1.42068965517,1994MM09,104.569204152
38177,A4,308400,38177,0.306644518272,-1.43172413793,1994MM10,104.484775087
38178,A4,308400,38178,0.310299003322,-1.44275862069,1994MM11,104.400346021
38179,A4,308400,38179,0.313953488372,-1.45379310345,1994MM12,104.315916955
38181,A4,308400,38181,0.317607973422,-1.46482758621,1995MM01,104.231487889
38182,A4,308400,38182,0.321262458472,-1.47586206897,1995MM02,104.147058824
38183,A4,308400,38183,0.324916943522,-1.48689655172,1995MM03,104.062629758
38184,A4,308400,38184,0.328571428571,-1.49793103448,1995MM04,103.978200692
38185,A4,308400,38185,0.332225913621,-1.50896551724,1995MM05,103.893771626
38186,A4,308400,38186,0.335880398671,-1.52,1995MM06,103.809342561
38187,A4,308400,38187,0.339534883721,-1.53103448276,1995MM07,103.724913495
38188,A4,308400,38188,0.343189368771,-1.54206896552,1995MM08,103.640484429
38189,A4,308400,38189,0.346843853821,-1.55310344828,1995MM09,103.556055363
38190,A4,308400,38190,0.35049833887,-1.56413793103,1995MM10,103.471626298
38191,A4,308400,38191,0.35415282392,-1.57517241379,1995MM11,103.387197232
38192,A4,308400,38192,0.35780730897,-1.58620689655,1995MM12,103.302768166
38194,A4,308400,38194,0.36146179402,-1.59724137931,1996MM01,103.2183391
38195,A4,308400,38195,0.36511627907,-1.60827586207,1996MM02,103.133910035
38196,A4,308400,38196,0.36877076412,-1.61931034483,1996MM03,103.049480969
38197,A4,308400,38197,0.372425249169,-1.63034482759,1996MM04,102.965051903
38198,A4,308400,38198,0.376079734219,-1.64137931034,1996MM05,102.880622837
38199,A4,308400,38199,0.379734219269,-1.6524137931,1996MM06,102.796193772
38200,A4,308400,38200,0.383388704319,-1.66344827586,1996MM07,102.711764706
38201,A4,308400,38201,0.387043189369,-1.67448275862,1996MM08,102.62733564
38202,A4,308400,38202,0.390697674419,-1.68551724138,1996MM09,102.542906574
38203,A4,308400,38203,0.394352159468,-1.69655172414,1996MM10,102.458477509
38204,A4,308400,38204,0.398006644518,-1.7075862069,1996MM11,102.374048443
38205,A4,308400,38205,0.401661129568,-1.71862068966,1996MM12,102.289619377
38207,A4,308400,38207,0.405315614618,-1.72965517241,1997MM01,102.205190311
38208,A4,308400,38208,0.408970099668,-1.74068965517,1997MM02,102.120761246
38209,A4,308400,38209,0.412624584718,-1.75172413793,1997MM03,102.03633218
38210,A4,308400,38210,0.416279069767,-1.76275862069,1997MM04,101.951903114
38211,A4,308400,38211,0.419933554817,-1.77379310345,1997MM05,101.867474048
38212,A4,308400,38212,0.423588039867,-1.78482758621,1997MM06,101.783044983
38213,A4,308400,38213,0.427242524917,-1.79586206897,1997MM07,101.698615917
38214,A4,308400,38214,0.430897009967,-1.80689655172,1997MM08,101.614186851
38215,A4,308400,38215,0.434551495017,-1.81793103448,1997MM09,101.529757785
38216,A4,308400,38216,0.438205980066,-1.82896551724,1997MM10,101.44532872
38217,A4,308400,38217,0.441860465116,-1.84,1997MM11,101.360899654
38218,A4,308400,38218,0.445514950166,-1.85103448276,1997MM12,101.276470588
38220,A4,308400,38220,0.449169435216,-1.86206896552,1998MM01,101.192041522
38221,A4,308400,38221,0.452823920266,-1.87310344828,1998MM02,101.107612457
38222,A4,308400,38222,0.456478405316,-1.88413793103,1998MM03,101.023183391
38223,A4,308400,38223,0.460132890365,-1.89517241379,1998MM04,100.938754325
38224,A4,308400,38224,0.463787375415,-1.90620689655,1998MM05,100.85432526
38225,A4,308400,38225,0.467441860465,-1.91724137931,1998MM06,100.769896194
38226,A4,308400,38226,0.471096345515,-1.92827586207,1998MM07,100.685467128
38227,A4,308400,38227,0.474750830565,-1.93931034483,1998MM08,100.601038062
38228,A4,308400,38228,0.478405315615,-1.95034482759,1998MM09,100.516608997
38229,A4,308400,38229,0.482059800664,-1.96137931034,1998MM10,100.432179931
38230,A4,308400,38230,0.485714285714,-1.9724137931,1998MM11,100.347750865
38231,A4,308400,38231,0.489368770764,-1.98344827586,1998MM12,100.263321799
38233,A4,308400,38233,0.493023255814,-1.99448275862,1999MM01,100.178892734
38234,A4,308400,38234,0.496677740864,-2.00551724138,1999MM02,100.094463668
38235,A4,308400,38235,0.500332225914,-2.01655172414,1999MM03,100.010034602
38236,A4,308400,38236,0.503986710963,-2.0275862069,1999MM04,99.9256055363
38237,A4,308400,38237,0.507641196013,-2.03862068966,1999MM05,99.8411764706
38238,A4,308400,38238,0.511295681063,-2.04965517241,1999MM06,99.7567474048
38239,A4,308400,38239,0.514950166113,-2.06068965517,1999MM07,99.6723183391
38240,A4,308400,38240,0.518604651163,-2.07172413793,1999MM08,99.5878892734
38241,A4,308400,38241,0.522259136213,-2.08275862069,1999MM09,99.5034602076
38242,A4,308400,38242,0.525913621262,-2.09379310345,1999MM10,99.4190311419
38243,A4,308400,38243,0.529568106312,-2.10482758621,1999MM11,99.3346020761
38244,A4,308400,38244,0.533222591362,-2.11586206897,1999MM12,99.2501730104
38246,A4,308400,38246,0.536877076412,-2.12689655172,2000MM01,99.1657439446
38247,A4,308400,38247,0.540531561462,-2.13793103448,2000MM02,99.0813148789
38248,A4,308400,38248,0.544186046512,-2.14896551724,2000MM03,98.9968858131
38249,A4,308400,38249,0.547840531561,-2.16,2000MM04,98.9124567474
38250,A4,308400,38250,0.551495016611,-2.17103448276,2000MM05,98.8280276817
38251,A4,308400,38251,0.555149501661,-2.18206896552,2000MM06,98.7435986159
38252,A4,308400,38252,0.558803986711,-2.19310344828,2000MM07,98.6591695502
38253,A4,308400,38253,0.562458471761,-2.20413793103,2000MM08,98.5747404844
38254,A4,308400,38254,0.566112956811,-2.21517241379,2000MM09,98.4903114187
38255,A4,308400,38255,0.56976744186,-2.22620689655,2000MM10,98.4058823529
38256,A4,308400,38256,0.57342192691,-2.23724137931,2000MM11,98.3214532872
38257,A4,308400,38257,0.57707641196,-2.24827586207,2000MM12,98.2370242215
38259,A4,308400,38259,0.58073089701,-2.25931034483,2001MM01,98.1525951557
38260,A4,308400,38260,0.58438538206,-2.27034482759,2001MM02,98.06816609
38261,A4,308400,38261,0.58803986711,-2.28137931034,2001MM03,97.9837370242
38262,A4,308400,38262,0.591694352159,-2.2924137931,2001MM04,97.8993079585
38263,A4,308400,38263,0.595348837209,-2.30344827586,2001MM05,97.8148788927
38264,A4,308400,38264,0.599003322259,-2.31448275862,2001MM06,97.730449827
38265,A4,308400,38265,0.602657807309,-2.32551724138,2001MM07,97.6460207612
38266,A4,308400,38266,0.606312292359,-2.33655172414,2001MM08,97.5615916955
38267,A4,308400,38267,0.609966777409,-2.3475862069,2001MM09,97.4771626298
38268,A4,308400,38268,0.613621262458,-2.35862068966,2001MM10,97.392733564
38269,A4,308400,38269,0.617275747508,-2.36965517241,2001MM11,97.3083044983
38270,A4,308400,38270,0.620930232558,-2.38068965517,2001MM12,97.2238754325
38272,A4,308400,38272,0.624584717608,-2.39172413793,2002MM01,97.1394463668
38273,A4,308400,38273,0.628239202658,-2.40275862069,2002MM02,97.055017301
38274,A4,308400,38274,0.631893687708,-2.41379310345,2002MM03,96.9705882353
38275,A4,308400,38275,0.635548172757,-2.42482758621,2002MM04,96.8861591696
38276,A4,308400,38276,0.639202657807,-2.43586206897,2002MM05,96.8017301038
38277,A4,308400,38277,0.642857142857,-2.44689655172,2002MM06,96.7173010381
38278,A4,308400,38278,0.646511627907,-2.45793103448,2002MM07,96.6328719723
38279,A4,308400,38279,0.650166112957,-2.46896551724,2002MM08,96.5484429066
38280,A4,308400,38280,0.653820598007,-2.48,2002MM09,96.4640138408
38281,A4,308400,38281,0.657475083056,-2.49103448276,2002MM10,96.3795847751
38282,A4,308400,38282,0.661129568106,-2.50206896552,2002MM11,96.2951557093
38283,A4,308400,38283,0.664784053156,-2.51310344828,2002MM12,96.2107266436
38285,A4,308400,38285,0.668438538206,-2.52413793103,2003MM01,96.1262975779
38286,A4,308400,38286,0.672093023256,-2.53517241379,2003MM02,96.0418685121
38287,A4,308400,38287,0.675747508306,-2.54620689655,2003MM03,95.9574394464
38288,A4,308400,38288,0.679401993355,-2.55724137931,2003MM04,95.8730103806
38289,A4,308400,38289,0.683056478405,-2.56827586207,2003MM05,95.7885813149
38290,A4,308400,38290,0.686710963455,-2.57931034483,2003MM06,95.7041522491
38291,A4,308400,38291,0.690365448505,-2.59034482759,2003MM07,95.6197231834
38292,A4,308400,38292,0.694019933555,-2.60137931034,2003MM08,95.5352941176
38293,A4,308400,38293,0.697674418605,-2.6124137931,2003MM09,95.4508650519
38294,A4,308400,38294,0.701328903654,-2.62344827586,2003MM10,95.3664359862
38295,A4,308400,38295,0.704983388704,-2.63448275862,2003MM11,95.2820069204
38296,A4,308400,38296,0.708637873754,-2.64551724138,2003MM12,95.1975778547
38298,A4,308400,38298,0.712292358804,-2.65655172414,2004MM01,95.1131487889
38299,A4,308400,38299,0.715946843854,-2.6675862069,2004MM02,95.0287197232
38300,A4,308400,38300,0.719601328904,-2.67862068966,2004MM03,94.9442906574
38301,A4,308400,38301,0.723255813953,-2.68965517241,2004MM04,94.8598615917
38302,A4,308400,38302,0.726910299003,-2.70068965517,2004MM05,94.775432526
38303,A4,308400,38303,0.730564784053,-2.71172413793,2004MM06,94.6910034602
38304,A4,308400,38304,0.734219269103,-2.72275862069,2004MM07,94.6065743945
38305,A4,308400,38305,0.737873754153,-2.73379310345,2004MM08,94.5221453287
38306,A4,308400,38306,0.741528239203,-2.74482758621,2004MM09,94.437716263
38307,A4,308400,38307,0.745182724252,-2.75586206897,2004MM10,94.3532871972
38308,A4,308400,38308,0.748837209302,-2.76689655172,2004MM11,94.2688581315
38309,A4,308400,38309,0.752491694352,-2.77793103448,2004MM12,94.1844290657
38311,A4,308400,38311,0.756146179402,-2.78896551724,2005MM01,94.1
38312,A4,308400,38312,0.759800664452,-2.8,2005MM02,91.5
38313,A4,308400,38313,0.763455149502,0.1,2005MM03,91.6
38314,A4,308400,38314,0.767109634551,-1.5,2005MM04,90.2
38315,A4,308400,38315,0.770764119601,1.4,2005MM05,91.4
38316,A4,308400,38316,0.774418604651,-1.0,2005MM06,90.5
38317,A4,308400,38317,0.778073089701,-0.3,2005MM07,90.2
38318,A4,308400,38318,0.781727574751,-0.3,2005MM08,89.9
38319,A4,308400,38319,0.785382059801,0.6,2005MM09,90.5
38320,A4,308400,38320,0.78903654485,-0.1,2005MM10,90.4
38321,A4,308400,38321,0.7926910299,0.7,2005MM11,91.0
38322,A4,308400,38322,0.79634551495,0.5,2005MM12,91.5
38324,A4,308400,38324,0.8,3.7,2006MM01,94.9
38325,A4,308400,38325,2.6,-1.0,2006MM02,93.9
38326,A4,308400,38326,3.8,1.2,2006MM03,95.0
38327,A4,308400,38327,4.4,-0.8,2006MM04,94.2
38328,A4,308400,38328,4.3,1.2,2006MM05,95.4
38329,A4,308400,38329,4.2,-1.1,2006MM06,94.3
38330,A4,308400,38330,2.0,-2.5,2006MM07,92.0
38331,A4,308400,38331,4.6,2.3,2006MM08,94.1
38332,A4,308400,38332,5.8,1.7,2006MM09,95.7
38333,A4,308400,38333,8.5,2.5,2006MM10,98.1
38334,A4,308400,38334,5.4,-2.2,2006MM11,96.0
38335,A4,308400,38335,12.4,7.1,2006MM12,102.8
38337,A4,308400,38337,29.1,19.1,2007MM01,122.4
38338,A4,308400,38338,30.4,0.0,2007MM02,122.5
38339,A4,308400,38339,27.5,-1.1,2007MM03,121.2
38340,A4,308400,38340,30.4,1.4,2007MM04,122.8
38341,A4,308400,38341,25.2,-2.8,2007MM05,119.4
38342,A4,308400,38342,25.6,-0.8,2007MM06,118.5
38343,A4,308400,38343,26.7,-1.6,2007MM07,116.6
38344,A4,308400,38344,18.8,-4.1,2007MM08,111.8
38345,A4,308400,38345,13.0,-3.3,2007MM09,108.1
38346,A4,308400,38346,8.8,-1.2,2007MM10,106.7
38347,A4,308400,38347,10.5,-0.7,2007MM11,106.0
38348,A4,308400,38348,6.6,3.4,2007MM12,109.6
38350,A4,308400,38350,-12.4,-2.1,2008MM01,107.3
38351,A4,308400,38351,-17.5,-5.8,2008MM02,101.1
38352,A4,308400,38352,-19.9,-4.0,2008MM03,97.1
38353,A4,308400,38353,-21.3,-0.5,2008MM04,96.6
38354,A4,308400,38354,-18.8,0.3,2008MM05,96.9
38355,A4,308400,38355,-19.2,-1.3,2008MM06,95.7
38356,A4,308400,38356,-18.4,-0.6,2008MM07,95.1
38357,A4,308400,38357,-16.0,-1.3,2008MM08,93.9
38358,A4,308400,38358,-13.3,-0.2,2008MM09,93.7
38359,A4,308400,38359,-11.6,0.8,2008MM10,94.4
38360,A4,308400,38360,-10.8,0.2,2008MM11,94.5
38361,A4,308400,38361,-13.4,0.4,2008MM12,94.9
38363,A4,308400,38363,-10.8,0.8,2009MM01,95.7
38364,A4,308400,38364,1.0,6.7,2009MM02,102.1
38365,A4,308400,38365,5.5,0.3,2009MM03,102.4
38366,A4,308400,38366,6.6,0.5,2009MM04,102.9
38367,A4,308400,38367,6.0,-0.2,2009MM05,102.7
38368,A4,308400,38368,7.3,-0.1,2009MM06,102.7
38369,A4,308400,38369,8.5,0.5,2009MM07,103.2
38370,A4,308400,38370,6.8,-2.9,2009MM08,100.2
38371,A4,308400,38371,8.6,1.5,2009MM09,101.7
38372,A4,308400,38372,6.8,-0.9,2009MM10,100.8
38373,A4,308400,38373,6.1,-0.5,2009MM11,100.3
38374,A4,308400,38374,5.4,-0.3,2009MM12,100.1
38376,A4,308400,38376,4.1,-0.4,2010MM01,99.6
38377,A4,308400,38377,-3.4,-1.0,2010MM02,98.6
38378,A4,308400,38378,-2.5,1.3,2010MM03,99.9
38379,A4,308400,38379,-3.5,-0.5,2010MM04,99.4
38380,A4,308400,38380,-4.1,-0.8,2010MM05,98.6
38381,A4,308400,38381,-4.7,-0.7,2010MM06,97.9
38382,A4,308400,38382,-3.7,1.5,2010MM07,99.3
38383,A4,308400,38383,-1.5,-0.6,2010MM08,98.7
38384,A4,308400,38384,-1.4,1.6,2010MM09,100.3
38385,A4,308400,38385,0.1,0.6,2010MM10,100.9
38386,A4,308400,38386,1.3,0.8,2010MM11,101.7
38387,A4,308400,38387,5.2,3.5,2010MM12,105.3
38389,A4,308400,38389,7.5,1.7,2011MM01,107.1
38390,A4,308400,38390,10.2,1.5,2011MM02,108.7
38391,A4,308400,38391,9.4,0.6,2011MM03,109.3
38392,A4,308400,38392,11.4,1.3,2011MM04,110.7
38393,A4,308400,38393,12.3,0.0,2011MM05,110.7
38394,A4,308400,38394,13.3,0.2,2011MM06,110.9
38395,A4,308400,38395,10.6,-1.0,2011MM07,109.8
38396,A4,308400,38396,11.7,0.3,2011MM08,110.2
38397,A4,308400,38397,10.0,0.1,2011MM09,110.3
38398,A4,308400,38398,8.6,-0.7,2011MM10,109.5
38399,A4,308400,38399,7.5,-0.2,2011MM11,109.3
38400,A4,308400,38400,3.2,-0.6,2011MM12,108.7
38402,A4,308400,38402,4.1,2.5,2012MM01,111.4
38403,A4,308400,38403,2.7,0.1,2012MM02,111.6
38404,A4,308400,38404,1.9,-0.2,2012MM03,111.3
38405,A4,308400,38405,-0.8,-1.3,2012MM04,109.9
38406,A4,308400,38406,0.2,0.9,2012MM05,110.9
38407,A4,308400,38407,0.1,0.2,2012MM06,111.1
38408,A4,308400,38408,1.8,0.7,2012MM07,111.8
38409,A4,308400,38409,1.8,0.3,2012MM08,112.2
38410,A4,308400,38410,2.6,0.9,2012MM09,113.2
38411,A4,308400,38411,5.4,1.9,2012MM10,115.4
38412,A4,308400,38412,6.6,1.0,2012MM11,116.5
38413,A4,308400,38413,6.9,-0.3,2012MM12,116.2
38415,A4,308400,38415,7.2,2.8,2013MM01,119.5
38416,A4,308400,38416,5.7,-1.3,2013MM02,117.9
38417,A4,308400,38417,7.0,1.1,2013MM03,119.2
38418,A4,308400,38418,7.5,-0.9,2013MM04,118.1
38419,A4,308400,38419,6.4,-0.1,2013MM05,117.9
38420,A4,308400,38420,6.7,0.5,2013MM06,118.5
38421,A4,308400,38421,6.6,0.5,2013MM07,119.2
38422,A4,308400,38422,5.3,-0.9,2013MM08,118.1
38423,A4,308400,38423,3.2,-1.1,2013MM09,116.8
38424,A4,308400,38424,2.4,1.2,2013MM10,118.1
38425,A4,308400,38425,2.4,1.0,2013MM11,119.3
38426,A4,308400,38426,1.5,-1.2,2013MM12,117.9
38428,A4,308400,38428,0.8,2.1,2014MM01,120.4
38429,A4,308400,38429,2.5,0.4,2014MM02,120.8
38430,A4,308400,38430,0.1,-1.3,2014MM03,119.2
38431,A4,308400,38431,1.2,0.3,2014MM04,119.6
38432,A4,308400,38432,2.0,0.6,2014MM05,120.3
38433,A4,308400,38433,-0.7,-2.2,2014MM06,117.7
38434,A4,308400,38434,-1.3,-0.1,2014MM07,117.6
38435,A4,308400,38435,-0.3,0.1,2014MM08,117.7
38436,A4,308400,38436,-0.8,-1.6,2014MM09,115.8
38437,A4,308400,38437,-2.3,-0.4,2014MM10,115.4
38438,A4,308400,38438,-3.5,-0.3,2014MM11,115.1
38439,A4,308400,38439,-4.3,-2.0,2014MM12,112.8
38441,A4,308400,38441,-8.2,-2.0,2015MM01,110.5
38442,A4,308400,38442,-8.1,0.5,2015MM02,111.1
38443,A4,308400,38443,-7.0,-0.2,2015MM03,110.9
38444,A4,308400,38444,-7.2,0.1,2015MM04,110.9
38445,A4,308400,38445,-7.7,0.1,2015MM05,111.1
38446,A4,308400,38446,-5.0,0.7,2015MM06,111.8
38447,A4,308400,38447,-5.4,-0.5,2015MM07,111.3
38448,A4,308400,38448,-5.0,0.5,2015MM08,111.9
38449,A4,308400,38449,-3.1,0.3,2015MM09,112.2
38450,A4,308400,38450,-3.4,-0.7,2015MM10,111.5
38451,A4,308400,38451,-2.7,0.5,2015MM11,112.0
38452,A4,308400,38452,0.6,1.3,2015MM12,113.4
38454,A4,308400,38454,3.1,0.4,2016MM01,113.9
38455,A4,308400,38455,1.8,-0.7,2016MM02,113.1
38456,A4,308400,38456,1.7,-0.3,2016MM03,112.7
38457,A4,308400,38457,2.1,0.5,2016MM04,113.2
38458,A4,308400,38458,2.4,0.4,2016MM05,113.7
38459,A4,308400,38459,2.9,1.2,2016MM06,115.0
38460,A4,308400,38460,2.8,-0.6,2016MM07,114.4
38461,A4,308400,38461,2.4,0.2,2016MM08,114.6
38462,A4,308400,38462,1.9,-0.2,2016MM09,114.3
38463,A4,308400,38463,3.2,0.6,2016MM10,115.0
38464,A4,308400,38464,3.0,0.3,2016MM11,115.3
38465,A4,308400,38465,1.8,0.2,2016MM12,115.5
38467,A4,308400,38467,2.8,1.3,2017MM01,117.1
38468,A4,308400,38468,3.7,0.2,2017MM02,117.3
38469,A4,308400,38469,4.1,0.0,2017MM03,117.3
38470,A4,308400,38470,2.3,-1.3,2017MM04,115.9
38471,A4,308400,38471,2.9,1.0,2017MM05,117.0
38472,A4,308400,38472,1.8,0.0,2017MM06,117.0
38473,A4,308400,38473,1.9,-0.4,2017MM07,116.5
38474,A4,308400,38474,0.5,-1.2,2017MM08,115.1
38475,A4,308400,38475,2.4,1.7,2017MM09,117.1
38476,A4,308400,38476,0.9,-1.0,2017MM10,116.0
38477,A4,308400,38477,0.0,-0.6,2017MM11,115.3
38478,A4,308400,38478,1.4,1.6,2017MM12,117.1
