,Afzet,BedrijfstakkenBranchesSBI2008,ID,OntwikkelingTOV1JaarEerder_2,OntwikkelingTOV1MaandEerder_3,Perioden,ProducentenprijsindexPPI_1
70226,A5,308400,70226,1.40631229236,1.58724137931,1981MM01,117.005882353
70227,A5,308400,70227,1.41262458472,1.57448275862,1981MM02,116.911764706
70228,A5,308400,70228,1.41893687708,1.56172413793,1981MM03,116.817647059
70229,A5,308400,70229,1.42524916944,1.54896551724,1981MM04,116.723529412
70230,A5,308400,70230,1.43156146179,1.53620689655,1981MM05,116.629411765
70231,A5,308400,70231,1.43787375415,1.52344827586,1981MM06,116.535294118
70232,A5,308400,70232,1.44418604651,1.51068965517,1981MM07,116.441176471
70233,A5,308400,70233,1.45049833887,1.49793103448,1981MM08,116.347058824
70234,A5,308400,70234,1.45681063123,1.48517241379,1981MM09,116.252941176
70235,A5,308400,70235,1.46312292359,1.4724137931,1981MM10,116.158823529
70236,A5,308400,70236,1.46943521595,1.45965517241,1981MM11,116.064705882
70237,A5,308400,70237,1.47574750831,1.44689655172,1981MM12,115.970588235
70239,A5,308400,70239,1.48205980066,1.43413793103,1982MM01,115.876470588
70240,A5,308400,70240,1.48837209302,1.42137931034,1982MM02,115.782352941
70241,A5,308400,70241,1.49468438538,1.40862068966,1982MM03,115.688235294
70242,A5,308400,70242,1.50099667774,1.39586206897,1982MM04,115.594117647
70243,A5,308400,70243,1.5073089701,1.38310344828,1982MM05,115.5
70244,A5,308400,70244,1.51362126246,1.37034482759,1982MM06,115.405882353
70245,A5,308400,70245,1.51993355482,1.3575862069,1982MM07,115.311764706
70246,A5,308400,70246,1.52624584718,1.34482758621,1982MM08,115.217647059
70247,A5,308400,70247,1.53255813953,1.33206896552,1982MM09,115.123529412
70248,A5,308400,70248,1.53887043189,1.31931034483,1982MM10,115.029411765
70249,A5,308400,70249,1.54518272425,1.30655172414,1982MM11,114.935294118
70250,A5,308400,70250,1.55149501661,1.29379310345,1982MM12,114.841176471
70252,A5,308400,70252,1.55780730897,1.28103448276,1983MM01,114.747058824
70253,A5,308400,70253,1.56411960133,1.26827586207,1983MM02,114.652941176
70254,A5,308400,70254,1.57043189369,1.25551724138,1983MM03,114.558823529
70255,A5,308400,70255,1.57674418605,1.24275862069,1983MM04,114.464705882
70256,A5,308400,70256,1.58305647841,1.23,1983MM05,114.370588235
70257,A5,308400,70257,1.58936877076,1.21724137931,1983MM06,114.276470588
70258,A5,308400,70258,1.59568106312,1.20448275862,1983MM07,114.182352941
70259,A5,308400,70259,1.60199335548,1.19172413793,1983MM08,114.088235294
70260,A5,308400,70260,1.60830564784,1.17896551724,1983MM09,113.994117647
70261,A5,308400,70261,1.6146179402,1.16620689655,1983MM10,113.9
70262,A5,308400,70262,1.62093023256,1.15344827586,1983MM11,113.805882353
70263,A5,308400,70263,1.62724252492,1.14068965517,1983MM12,113.711764706
70265,A5,308400,70265,1.63355481728,1.12793103448,1984MM01,113.617647059
70266,A5,308400,70266,1.63986710963,1.11517241379,1984MM02,113.523529412
70267,A5,308400,70267,1.64617940199,1.1024137931,1984MM03,113.429411765
70268,A5,308400,70268,1.65249169435,1.08965517241,1984MM04,113.335294118
70269,A5,308400,70269,1.65880398671,1.07689655172,1984MM05,113.241176471
70270,A5,308400,70270,1.66511627907,1.06413793103,1984MM06,113.147058824
70271,A5,308400,70271,1.67142857143,1.05137931034,1984MM07,113.052941176
70272,A5,308400,70272,1.67774086379,1.03862068966,1984MM08,112.958823529
70273,A5,308400,70273,1.68405315615,1.02586206897,1984MM09,112.864705882
70274,A5,308400,70274,1.6903654485,1.01310344828,1984MM10,112.770588235
70275,A5,308400,70275,1.69667774086,1.00034482759,1984MM11,112.676470588
70276,A5,308400,70276,1.70299003322,0.987586206897,1984MM12,112.582352941
70278,A5,308400,70278,1.70930232558,0.974827586207,1985MM01,112.488235294
70279,A5,308400,70279,1.71561461794,0.962068965517,1985MM02,112.394117647
70280,A5,308400,70280,1.7219269103,0.949310344828,1985MM03,112.3
70281,A5,308400,70281,1.72823920266,0.936551724138,1985MM04,112.205882353
70282,A5,308400,70282,1.73455149502,0.923793103448,1985MM05,112.111764706
70283,A5,308400,70283,1.74086378738,0.911034482759,1985MM06,112.017647059
70284,A5,308400,70284,1.74717607973,0.898275862069,1985MM07,111.923529412
70285,A5,308400,70285,1.75348837209,0.885517241379,1985MM08,111.829411765
70286,A5,308400,70286,1.75980066445,0.87275862069,1985MM09,111.735294118
70287,A5,308400,70287,1.76611295681,0.86,1985MM10,111.641176471
70288,A5,308400,70288,1.77242524917,0.84724137931,1985MM11,111.547058824
70289,A5,308400,70289,1.77873754153,0.834482758621,1985MM12,111.452941176
70291,A5,308400,70291,1.78504983389,0.821724137931,1986MM01,111.358823529
70292,A5,308400,70292,1.79136212625,0.808965517241,1986MM02,111.264705882
70293,A5,308400,70293,1.7976744186,0.796206896552,1986MM03,111.170588235
70294,A5,308400,70294,1.80398671096,0.783448275862,1986MM04,111.076470588
70295,A5,308400,70295,1.81029900332,0.770689655172,1986MM05,110.982352941
70296,A5,308400,70296,1.81661129568,0.757931034483,1986MM06,110.888235294
70297,A5,308400,70297,1.82292358804,0.745172413793,1986MM07,110.794117647
70298,A5,308400,70298,1.8292358804,0.732413793103,1986MM08,110.7
70299,A5,308400,70299,1.83554817276,0.719655172414,1986MM09,110.605882353
70300,A5,308400,70300,1.84186046512,0.706896551724,1986MM10,110.511764706
70301,A5,308400,70301,1.84817275748,0.694137931034,1986MM11,110.417647059
70302,A5,308400,70302,1.85448504983,0.681379310345,1986MM12,110.323529412
70304,A5,308400,70304,1.86079734219,0.668620689655,1987MM01,110.229411765
70305,A5,308400,70305,1.86710963455,0.655862068966,1987MM02,110.135294118
70306,A5,308400,70306,1.87342192691,0.643103448276,1987MM03,110.041176471
70307,A5,308400,70307,1.87973421927,0.630344827586,1987MM04,109.947058824
70308,A5,308400,70308,1.88604651163,0.617586206897,1987MM05,109.852941176
70309,A5,308400,70309,1.89235880399,0.604827586207,1987MM06,109.758823529
70310,A5,308400,70310,1.89867109635,0.592068965517,1987MM07,109.664705882
70311,A5,308400,70311,1.9049833887,0.579310344828,1987MM08,109.570588235
70312,A5,308400,70312,1.91129568106,0.566551724138,1987MM09,109.476470588
70313,A5,308400,70313,1.91760797342,0.553793103448,1987MM10,109.382352941
70314,A5,308400,70314,1.92392026578,0.541034482759,1987MM11,109.288235294
70315,A5,308400,70315,1.93023255814,0.528275862069,1987MM12,109.194117647
70317,A5,308400,70317,1.9365448505,0.515517241379,1988MM01,109.1
70318,A5,308400,70318,1.94285714286,0.50275862069,1988MM02,109.005882353
70319,A5,308400,70319,1.94916943522,0.49,1988MM03,108.911764706
70320,A5,308400,70320,1.95548172757,0.47724137931,1988MM04,108.817647059
70321,A5,308400,70321,1.96179401993,0.464482758621,1988MM05,108.723529412
70322,A5,308400,70322,1.96810631229,0.451724137931,1988MM06,108.629411765
70323,A5,308400,70323,1.97441860465,0.438965517241,1988MM07,108.535294118
70324,A5,308400,70324,1.98073089701,0.426206896552,1988MM08,108.441176471
70325,A5,308400,70325,1.98704318937,0.413448275862,1988MM09,108.347058824
70326,A5,308400,70326,1.99335548173,0.400689655172,1988MM10,108.252941176
70327,A5,308400,70327,1.99966777409,0.387931034483,1988MM11,108.158823529
70328,A5,308400,70328,2.00598006645,0.375172413793,1988MM12,108.064705882
70330,A5,308400,70330,2.0122923588,0.362413793103,1989MM01,107.970588235
70331,A5,308400,70331,2.01860465116,0.349655172414,1989MM02,107.876470588
70332,A5,308400,70332,2.02491694352,0.336896551724,1989MM03,107.782352941
70333,A5,308400,70333,2.03122923588,0.324137931034,1989MM04,107.688235294
70334,A5,308400,70334,2.03754152824,0.311379310345,1989MM05,107.594117647
70335,A5,308400,70335,2.0438538206,0.298620689655,1989MM06,107.5
70336,A5,308400,70336,2.05016611296,0.285862068966,1989MM07,107.405882353
70337,A5,308400,70337,2.05647840532,0.273103448276,1989MM08,107.311764706
70338,A5,308400,70338,2.06279069767,0.260344827586,1989MM09,107.217647059
70339,A5,308400,70339,2.06910299003,0.247586206897,1989MM10,107.123529412
70340,A5,308400,70340,2.07541528239,0.234827586207,1989MM11,107.029411765
70341,A5,308400,70341,2.08172757475,0.222068965517,1989MM12,106.935294118
70343,A5,308400,70343,2.08803986711,0.209310344828,1990MM01,106.841176471
70344,A5,308400,70344,2.09435215947,0.196551724138,1990MM02,106.747058824
70345,A5,308400,70345,2.10066445183,0.183793103448,1990MM03,106.652941176
70346,A5,308400,70346,2.10697674419,0.171034482759,1990MM04,106.558823529
70347,A5,308400,70347,2.11328903654,0.158275862069,1990MM05,106.464705882
70348,A5,308400,70348,2.1196013289,0.145517241379,1990MM06,106.370588235
70349,A5,308400,70349,2.12591362126,0.13275862069,1990MM07,106.276470588
70350,A5,308400,70350,2.13222591362,0.12,1990MM08,106.182352941
70351,A5,308400,70351,2.13853820598,0.10724137931,1990MM09,106.088235294
70352,A5,308400,70352,2.14485049834,0.0944827586207,1990MM10,105.994117647
70353,A5,308400,70353,2.1511627907,0.081724137931,1990MM11,105.9
70354,A5,308400,70354,2.15747508306,0.0689655172414,1990MM12,105.805882353
70356,A5,308400,70356,2.16378737542,0.0562068965517,1991MM01,105.711764706
70357,A5,308400,70357,2.17009966777,0.0434482758621,1991MM02,105.617647059
70358,A5,308400,70358,2.17641196013,0.0306896551724,1991MM03,105.523529412
70359,A5,308400,70359,2.18272425249,0.0179310344828,1991MM04,105.429411765
70360,A5,308400,70360,2.18903654485,0.0051724137931,1991MM05,105.335294118
70361,A5,308400,70361,2.19534883721,-0.00758620689655,1991MM06,105.241176471
70362,A5,308400,70362,2.20166112957,-0.0203448275862,1991MM07,105.147058824
70363,A5,308400,70363,2.20797342193,-0.0331034482759,1991MM08,105.052941176
70364,A5,308400,70364,2.21428571429,-0.0458620689655,1991MM09,104.958823529
70365,A5,308400,70365,2.22059800664,-0.0586206896552,1991MM10,104.864705882
70366,A5,308400,70366,2.226910299,-0.0713793103448,1991MM11,104.770588235
70367,A5,308400,70367,2.23322259136,-0.0841379310345,1991MM12,104.676470588
70369,A5,308400,70369,2.23953488372,-0.0968965517241,1992MM01,104.582352941
70370,A5,308400,70370,2.24584717608,-0.109655172414,1992MM02,104.488235294
70371,A5,308400,70371,2.25215946844,-0.122413793103,1992MM03,104.394117647
70372,A5,308400,70372,2.2584717608,-0.135172413793,1992MM04,104.3
70373,A5,308400,70373,2.26478405316,-0.147931034483,1992MM05,104.205882353
70374,A5,308400,70374,2.27109634551,-0.160689655172,1992MM06,104.111764706
70375,A5,308400,70375,2.27740863787,-0.173448275862,1992MM07,104.017647059
70376,A5,308400,70376,2.28372093023,-0.186206896552,1992MM08,103.923529412
70377,A5,308400,70377,2.29003322259,-0.198965517241,1992MM09,103.829411765
70378,A5,308400,70378,2.29634551495,-0.211724137931,1992MM10,103.735294118
70379,A5,308400,70379,2.30265780731,-0.224482758621,1992MM11,103.641176471
70380,A5,308400,70380,2.30897009967,-0.23724137931,1992MM12,103.547058824
70382,A5,308400,70382,2.31528239203,-0.25,1993MM01,103.452941176
70383,A5,308400,70383,2.32159468439,-0.26275862069,1993MM02,103.358823529
70384,A5,308400,70384,2.32790697674,-0.275517241379,1993MM03,103.264705882
70385,A5,308400,70385,2.3342192691,-0.288275862069,1993MM04,103.170588235
70386,A5,308400,70386,2.34053156146,-0.301034482759,1993MM05,103.076470588
70387,A5,308400,70387,2.34684385382,-0.313793103448,1993MM06,102.982352941
70388,A5,308400,70388,2.35315614618,-0.326551724138,1993MM07,102.888235294
70389,A5,308400,70389,2.35946843854,-0.339310344828,1993MM08,102.794117647
70390,A5,308400,70390,2.3657807309,-0.352068965517,1993MM09,102.7
70391,A5,308400,70391,2.37209302326,-0.364827586207,1993MM10,102.605882353
70392,A5,308400,70392,2.37840531561,-0.377586206897,1993MM11,102.511764706
70393,A5,308400,70393,2.38471760797,-0.390344827586,1993MM12,102.417647059
70395,A5,308400,70395,2.39102990033,-0.403103448276,1994MM01,102.323529412
70396,A5,308400,70396,2.39734219269,-0.415862068966,1994MM02,102.229411765
70397,A5,308400,70397,2.40365448505,-0.428620689655,1994MM03,102.135294118
70398,A5,308400,70398,2.40996677741,-0.441379310345,1994MM04,102.041176471
70399,A5,308400,70399,2.41627906977,-0.454137931034,1994MM05,101.947058824
70400,A5,308400,70400,2.42259136213,-0.466896551724,1994MM06,101.852941176
70401,A5,308400,70401,2.42890365449,-0.479655172414,1994MM07,101.758823529
70402,A5,308400,70402,2.43521594684,-0.492413793103,1994MM08,101.664705882
70403,A5,308400,70403,2.4415282392,-0.505172413793,1994MM09,101.570588235
70404,A5,308400,70404,2.44784053156,-0.517931034483,1994MM10,101.476470588
70405,A5,308400,70405,2.45415282392,-0.530689655172,1994MM11,101.382352941
70406,A5,308400,70406,2.46046511628,-0.543448275862,1994MM12,101.288235294
70408,A5,308400,70408,2.46677740864,-0.556206896552,1995MM01,101.194117647
70409,A5,308400,70409,2.473089701,-0.568965517241,1995MM02,101.1
70410,A5,308400,70410,2.47940199336,-0.581724137931,1995MM03,101.005882353
70411,A5,308400,70411,2.48571428571,-0.594482758621,1995MM04,100.911764706
70412,A5,308400,70412,2.49202657807,-0.60724137931,1995MM05,100.817647059
70413,A5,308400,70413,2.49833887043,-0.62,1995MM06,100.723529412
70414,A5,308400,70414,2.50465116279,-0.63275862069,1995MM07,100.629411765
70415,A5,308400,70415,2.51096345515,-0.645517241379,1995MM08,100.535294118
70416,A5,308400,70416,2.51727574751,-0.658275862069,1995MM09,100.441176471
70417,A5,308400,70417,2.52358803987,-0.671034482759,1995MM10,100.347058824
70418,A5,308400,70418,2.52990033223,-0.683793103448,1995MM11,100.252941176
70419,A5,308400,70419,2.53621262458,-0.696551724138,1995MM12,100.158823529
70421,A5,308400,70421,2.54252491694,-0.709310344828,1996MM01,100.064705882
70422,A5,308400,70422,2.5488372093,-0.722068965517,1996MM02,99.9705882353
70423,A5,308400,70423,2.55514950166,-0.734827586207,1996MM03,99.8764705882
70424,A5,308400,70424,2.56146179402,-0.747586206897,1996MM04,99.7823529412
70425,A5,308400,70425,2.56777408638,-0.760344827586,1996MM05,99.6882352941
70426,A5,308400,70426,2.57408637874,-0.773103448276,1996MM06,99.5941176471
70427,A5,308400,70427,2.5803986711,-0.785862068966,1996MM07,99.5
70428,A5,308400,70428,2.58671096346,-0.798620689655,1996MM08,99.4058823529
70429,A5,308400,70429,2.59302325581,-0.811379310345,1996MM09,99.3117647059
70430,A5,308400,70430,2.59933554817,-0.824137931034,1996MM10,99.2176470588
70431,A5,308400,70431,2.60564784053,-0.836896551724,1996MM11,99.1235294118
70432,A5,308400,70432,2.61196013289,-0.849655172414,1996MM12,99.0294117647
70434,A5,308400,70434,2.61827242525,-0.862413793103,1997MM01,98.9352941176
70435,A5,308400,70435,2.62458471761,-0.875172413793,1997MM02,98.8411764706
70436,A5,308400,70436,2.63089700997,-0.887931034483,1997MM03,98.7470588235
70437,A5,308400,70437,2.63720930233,-0.900689655172,1997MM04,98.6529411765
70438,A5,308400,70438,2.64352159468,-0.913448275862,1997MM05,98.5588235294
70439,A5,308400,70439,2.64983388704,-0.926206896552,1997MM06,98.4647058824
70440,A5,308400,70440,2.6561461794,-0.938965517241,1997MM07,98.3705882353
70441,A5,308400,70441,2.66245847176,-0.951724137931,1997MM08,98.2764705882
70442,A5,308400,70442,2.66877076412,-0.964482758621,1997MM09,98.1823529412
70443,A5,308400,70443,2.67508305648,-0.97724137931,1997MM10,98.0882352941
70444,A5,308400,70444,2.68139534884,-0.99,1997MM11,97.9941176471
70445,A5,308400,70445,2.6877076412,-1.00275862069,1997MM12,97.9
70447,A5,308400,70447,2.69401993355,-1.01551724138,1998MM01,97.8058823529
70448,A5,308400,70448,2.70033222591,-1.02827586207,1998MM02,97.7117647059
70449,A5,308400,70449,2.70664451827,-1.04103448276,1998MM03,97.6176470588
70450,A5,308400,70450,2.71295681063,-1.05379310345,1998MM04,97.5235294118
70451,A5,308400,70451,2.71926910299,-1.06655172414,1998MM05,97.4294117647
70452,A5,308400,70452,2.72558139535,-1.07931034483,1998MM06,97.3352941176
70453,A5,308400,70453,2.73189368771,-1.09206896552,1998MM07,97.2411764706
70454,A5,308400,70454,2.73820598007,-1.10482758621,1998MM08,97.1470588235
70455,A5,308400,70455,2.74451827243,-1.1175862069,1998MM09,97.0529411765
70456,A5,308400,70456,2.75083056478,-1.13034482759,1998MM10,96.9588235294
70457,A5,308400,70457,2.75714285714,-1.14310344828,1998MM11,96.8647058824
70458,A5,308400,70458,2.7634551495,-1.15586206897,1998MM12,96.7705882353
70460,A5,308400,70460,2.76976744186,-1.16862068966,1999MM01,96.6764705882
70461,A5,308400,70461,2.77607973422,-1.18137931034,1999MM02,96.5823529412
70462,A5,308400,70462,2.78239202658,-1.19413793103,1999MM03,96.4882352941
70463,A5,308400,70463,2.78870431894,-1.20689655172,1999MM04,96.3941176471
70464,A5,308400,70464,2.7950166113,-1.21965517241,1999MM05,96.3
70465,A5,308400,70465,2.80132890365,-1.2324137931,1999MM06,96.2058823529
70466,A5,308400,70466,2.80764119601,-1.24517241379,1999MM07,96.1117647059
70467,A5,308400,70467,2.81395348837,-1.25793103448,1999MM08,96.0176470588
70468,A5,308400,70468,2.82026578073,-1.27068965517,1999MM09,95.9235294118
70469,A5,308400,70469,2.82657807309,-1.28344827586,1999MM10,95.8294117647
70470,A5,308400,70470,2.83289036545,-1.29620689655,1999MM11,95.7352941176
70471,A5,308400,70471,2.83920265781,-1.30896551724,1999MM12,95.6411764706
70473,A5,308400,70473,2.84551495017,-1.32172413793,2000MM01,95.5470588235
70474,A5,308400,70474,2.85182724252,-1.33448275862,2000MM02,95.4529411765
70475,A5,308400,70475,2.85813953488,-1.34724137931,2000MM03,95.3588235294
70476,A5,308400,70476,2.86445182724,-1.36,2000MM04,95.2647058824
70477,A5,308400,70477,2.8707641196,-1.37275862069,2000MM05,95.1705882353
70478,A5,308400,70478,2.87707641196,-1.38551724138,2000MM06,95.0764705882
70479,A5,308400,70479,2.88338870432,-1.39827586207,2000MM07,94.9823529412
70480,A5,308400,70480,2.88970099668,-1.41103448276,2000MM08,94.8882352941
70481,A5,308400,70481,2.89601328904,-1.42379310345,2000MM09,94.7941176471
70482,A5,308400,70482,2.9023255814,-1.43655172414,2000MM10,94.7
70483,A5,308400,70483,2.90863787375,-1.44931034483,2000MM11,94.6058823529
70484,A5,308400,70484,2.91495016611,-1.46206896552,2000MM12,94.5117647059
70486,A5,308400,70486,2.92126245847,-1.47482758621,2001MM01,94.4176470588
70487,A5,308400,70487,2.92757475083,-1.4875862069,2001MM02,94.3235294118
70488,A5,308400,70488,2.93388704319,-1.50034482759,2001MM03,94.2294117647
70489,A5,308400,70489,2.94019933555,-1.51310344828,2001MM04,94.1352941176
70490,A5,308400,70490,2.94651162791,-1.52586206897,2001MM05,94.0411764706
70491,A5,308400,70491,2.95282392027,-1.53862068966,2001MM06,93.9470588235
70492,A5,308400,70492,2.95913621262,-1.55137931034,2001MM07,93.8529411765
70493,A5,308400,70493,2.96544850498,-1.56413793103,2001MM08,93.7588235294
70494,A5,308400,70494,2.97176079734,-1.57689655172,2001MM09,93.6647058824
70495,A5,308400,70495,2.9780730897,-1.58965517241,2001MM10,93.5705882353
70496,A5,308400,70496,2.98438538206,-1.6024137931,2001MM11,93.4764705882
70497,A5,308400,70497,2.99069767442,-1.61517241379,2001MM12,93.3823529412
70499,A5,308400,70499,2.99700996678,-1.62793103448,2002MM01,93.2882352941
70500,A5,308400,70500,3.00332225914,-1.64068965517,2002MM02,93.1941176471
70501,A5,308400,70501,3.0096345515,-1.65344827586,2002MM03,93.1
70502,A5,308400,70502,3.01594684385,-1.66620689655,2002MM04,93.0058823529
70503,A5,308400,70503,3.02225913621,-1.67896551724,2002MM05,92.9117647059
70504,A5,308400,70504,3.02857142857,-1.69172413793,2002MM06,92.8176470588
70505,A5,308400,70505,3.03488372093,-1.70448275862,2002MM07,92.7235294118
70506,A5,308400,70506,3.04119601329,-1.71724137931,2002MM08,92.6294117647
70507,A5,308400,70507,3.04750830565,-1.73,2002MM09,92.5352941176
70508,A5,308400,70508,3.05382059801,-1.74275862069,2002MM10,92.4411764706
70509,A5,308400,70509,3.06013289037,-1.75551724138,2002MM11,92.3470588235
70510,A5,308400,70510,3.06644518272,-1.76827586207,2002MM12,92.2529411765
70512,A5,308400,70512,3.07275747508,-1.78103448276,2003MM01,92.1588235294
70513,A5,308400,70513,3.07906976744,-1.79379310345,2003MM02,92.0647058824
70514,A5,308400,70514,3.0853820598,-1.80655172414,2003MM03,91.9705882353
70515,A5,308400,70515,3.09169435216,-1.81931034483,2003MM04,91.8764705882
70516,A5,308400,70516,3.09800664452,-1.83206896552,2003MM05,91.7823529412
70517,A5,308400,70517,3.10431893688,-1.84482758621,2003MM06,91.6882352941
70518,A5,308400,70518,3.11063122924,-1.8575862069,2003MM07,91.5941176471
70519,A5,308400,70519,3.11694352159,-1.87034482759,2003MM08,91.5
70520,A5,308400,70520,3.12325581395,-1.88310344828,2003MM09,91.4058823529
70521,A5,308400,70521,3.12956810631,-1.89586206897,2003MM10,91.3117647059
70522,A5,308400,70522,3.13588039867,-1.90862068966,2003MM11,91.2176470588
70523,A5,308400,70523,3.14219269103,-1.92137931034,2003MM12,91.1235294118
70525,A5,308400,70525,3.14850498339,-1.93413793103,2004MM01,91.0294117647
70526,A5,308400,70526,3.15481727575,-1.94689655172,2004MM02,90.9352941176
70527,A5,308400,70527,3.16112956811,-1.95965517241,2004MM03,90.8411764706
70528,A5,308400,70528,3.16744186047,-1.9724137931,2004MM04,90.7470588235
70529,A5,308400,70529,3.17375415282,-1.98517241379,2004MM05,90.6529411765
70530,A5,308400,70530,3.18006644518,-1.99793103448,2004MM06,90.5588235294
70531,A5,308400,70531,3.18637873754,-2.01068965517,2004MM07,90.4647058824
70532,A5,308400,70532,3.1926910299,-2.02344827586,2004MM08,90.3705882353
70533,A5,308400,70533,3.19900332226,-2.03620689655,2004MM09,90.2764705882
70534,A5,308400,70534,3.20531561462,-2.04896551724,2004MM10,90.1823529412
70535,A5,308400,70535,3.21162790698,-2.06172413793,2004MM11,90.0882352941
70536,A5,308400,70536,3.21794019934,-2.07448275862,2004MM12,89.9941176471
70538,A5,308400,70538,3.22425249169,-2.08724137931,2005MM01,89.9
70539,A5,308400,70539,3.23056478405,-2.1,2005MM02,88.0
70540,A5,308400,70540,3.23687707641,0.2,2005MM03,88.2
70541,A5,308400,70541,3.24318936877,1.2,2005MM04,89.3
70542,A5,308400,70542,3.24950166113,-0.6,2005MM05,88.7
70543,A5,308400,70543,3.25581395349,-0.7,2005MM06,88.1
70544,A5,308400,70544,3.26212624585,-0.4,2005MM07,87.7
70545,A5,308400,70545,3.26843853821,0.3,2005MM08,88.0
70546,A5,308400,70546,3.27475083056,3.7,2005MM09,91.3
70547,A5,308400,70547,3.28106312292,-1.3,2005MM10,90.0
70548,A5,308400,70548,3.28737541528,0.1,2005MM11,90.1
70549,A5,308400,70549,3.29368770764,1.2,2005MM12,91.2
70551,A5,308400,70551,3.3,1.8,2006MM01,92.9
70552,A5,308400,70552,5.1,-0.4,2006MM02,92.5
70553,A5,308400,70553,6.3,1.4,2006MM03,93.8
70554,A5,308400,70554,4.5,-0.5,2006MM04,93.3
70555,A5,308400,70555,5.6,0.4,2006MM05,93.7
70556,A5,308400,70556,5.7,-0.6,2006MM06,93.1
70557,A5,308400,70557,5.3,-0.8,2006MM07,92.3
70558,A5,308400,70558,7.6,2.6,2006MM08,94.7
70559,A5,308400,70559,6.5,2.7,2006MM09,97.2
70560,A5,308400,70560,23.3,14.2,2006MM10,111.0
70561,A5,308400,70561,22.6,-0.5,2006MM11,110.5
70562,A5,308400,70562,26.8,4.6,2006MM12,115.6
70564,A5,308400,70564,38.2,11.0,2007MM01,128.4
70565,A5,308400,70565,39.6,0.6,2007MM02,129.1
70566,A5,308400,70566,37.9,0.2,2007MM03,129.3
70567,A5,308400,70567,42.1,2.5,2007MM04,132.6
70568,A5,308400,70568,41.3,-0.2,2007MM05,132.3
70569,A5,308400,70569,42.2,0.1,2007MM06,132.4
70570,A5,308400,70570,39.5,-2.7,2007MM07,128.8
70571,A5,308400,70571,33.4,-1.9,2007MM08,126.3
70572,A5,308400,70572,25.5,-3.4,2007MM09,122.0
70573,A5,308400,70573,1.9,-7.2,2007MM10,113.2
70574,A5,308400,70574,1.7,-0.8,2007MM11,112.3
70575,A5,308400,70575,-2.8,0.1,2007MM12,112.4
70577,A5,308400,70577,-14.8,-2.7,2008MM01,109.4
70578,A5,308400,70578,-15.0,0.3,2008MM02,109.7
70579,A5,308400,70579,-17.1,-2.2,2008MM03,107.2
70580,A5,308400,70580,-20.6,-1.8,2008MM04,105.3
70581,A5,308400,70581,-20.7,-0.3,2008MM05,105.0
70582,A5,308400,70582,-20.6,0.1,2008MM06,105.0
70583,A5,308400,70583,-17.3,1.4,2008MM07,106.5
70584,A5,308400,70584,-15.7,0.0,2008MM08,106.5
70585,A5,308400,70585,-13.1,-0.5,2008MM09,106.0
70586,A5,308400,70586,-3.8,2.8,2008MM10,108.9
70587,A5,308400,70587,-2.7,0.3,2008MM11,109.2
70588,A5,308400,70588,-2.7,0.1,2008MM12,109.3
70590,A5,308400,70590,-0.5,-0.4,2009MM01,108.9
70591,A5,308400,70591,0.0,0.8,2009MM02,109.7
70592,A5,308400,70592,2.1,-0.2,2009MM03,109.4
70593,A5,308400,70593,3.0,-1.0,2009MM04,108.4
70594,A5,308400,70594,3.4,0.1,2009MM05,108.5
70595,A5,308400,70595,3.2,-0.1,2009MM06,108.4
70596,A5,308400,70596,1.3,-0.5,2009MM07,107.8
70597,A5,308400,70597,1.4,0.2,2009MM08,108.0
70598,A5,308400,70598,1.2,-0.7,2009MM09,107.3
70599,A5,308400,70599,-3.5,-2.0,2009MM10,105.1
70600,A5,308400,70600,-4.5,-0.8,2009MM11,104.3
70601,A5,308400,70601,-4.8,-0.2,2009MM12,104.1
70603,A5,308400,70603,-9.0,-4.8,2010MM01,99.1
70604,A5,308400,70604,-9.8,-0.1,2010MM02,99.0
70605,A5,308400,70605,-9.7,-0.1,2010MM03,98.9
70606,A5,308400,70606,-7.8,1.1,2010MM04,99.9
70607,A5,308400,70607,-7.8,0.1,2010MM05,100.0
70608,A5,308400,70608,-7.7,0.0,2010MM06,100.0
70609,A5,308400,70609,-7.9,-0.7,2010MM07,99.4
70610,A5,308400,70610,-7.9,0.1,2010MM08,99.5
70611,A5,308400,70611,-7.1,0.2,2010MM09,99.7
70612,A5,308400,70612,-3.6,1.6,2010MM10,101.3
70613,A5,308400,70613,-2.8,0.1,2010MM11,101.4
70614,A5,308400,70614,-2.2,0.4,2010MM12,101.8
70616,A5,308400,70616,8.1,5.2,2011MM01,107.1
70617,A5,308400,70617,9.9,1.6,2011MM02,108.8
70618,A5,308400,70618,11.1,0.9,2011MM03,109.8
70619,A5,308400,70619,13.8,3.6,2011MM04,113.8
70620,A5,308400,70620,13.9,0.2,2011MM05,113.9
70621,A5,308400,70621,14.0,0.1,2011MM06,114.0
70622,A5,308400,70622,12.1,-2.3,2011MM07,111.4
70623,A5,308400,70623,11.6,-0.3,2011MM08,111.0
70624,A5,308400,70624,11.5,0.2,2011MM09,111.2
70625,A5,308400,70625,7.4,-2.1,2011MM10,108.8
70626,A5,308400,70626,7.0,-0.3,2011MM11,108.5
70627,A5,308400,70627,6.8,0.2,2011MM12,108.7
70629,A5,308400,70629,0.7,-0.8,2012MM01,107.9
70630,A5,308400,70630,-0.8,0.1,2012MM02,107.9
70631,A5,308400,70631,-1.6,0.2,2012MM03,108.1
70632,A5,308400,70632,-6.0,-1.1,2012MM04,106.9
70633,A5,308400,70633,-5.6,0.7,2012MM05,107.6
70634,A5,308400,70634,-5.7,-0.1,2012MM06,107.5
70635,A5,308400,70635,-3.2,0.3,2012MM07,107.9
70636,A5,308400,70636,-2.1,0.8,2012MM08,108.7
70637,A5,308400,70637,-0.7,1.6,2012MM09,110.4
70638,A5,308400,70638,5.9,4.4,2012MM10,115.3
70639,A5,308400,70639,6.9,0.6,2012MM11,116.0
70640,A5,308400,70640,6.3,-0.4,2012MM12,115.6
70642,A5,308400,70642,10.6,3.2,2013MM01,119.2
70643,A5,308400,70643,10.0,-0.4,2013MM02,118.7
70644,A5,308400,70644,10.1,0.3,2013MM03,119.0
70645,A5,308400,70645,12.1,0.7,2013MM04,119.9
70646,A5,308400,70646,11.5,0.1,2013MM05,120.0
70647,A5,308400,70647,11.6,0.0,2013MM06,120.0
70648,A5,308400,70648,8.0,-2.9,2013MM07,116.5
70649,A5,308400,70649,7.1,-0.1,2013MM08,116.4
70650,A5,308400,70650,5.3,-0.1,2013MM09,116.3
70651,A5,308400,70651,1.5,0.6,2013MM10,117.0
70652,A5,308400,70652,0.8,0.0,2013MM11,117.0
70653,A5,308400,70653,1.2,0.0,2013MM12,116.9
70655,A5,308400,70655,-1.5,0.4,2014MM01,117.4
70656,A5,308400,70656,-1.2,-0.1,2014MM02,117.3
70657,A5,308400,70657,-1.3,0.2,2014MM03,117.5
70658,A5,308400,70658,-2.4,-0.5,2014MM04,117.0
70659,A5,308400,70659,-2.5,0.0,2014MM05,116.9
70660,A5,308400,70660,-2.5,0.0,2014MM06,117.0
70661,A5,308400,70661,-0.6,-1.0,2014MM07,115.7
70662,A5,308400,70662,-0.8,-0.2,2014MM08,115.5
70663,A5,308400,70663,-0.6,0.0,2014MM09,115.6
70664,A5,308400,70664,-2.6,-1.3,2014MM10,114.0
70665,A5,308400,70665,-2.7,-0.2,2014MM11,113.8
70666,A5,308400,70666,-2.5,0.1,2014MM12,114.0
70668,A5,308400,70668,-1.9,1.1,2015MM01,115.2
70669,A5,308400,70669,-1.8,0.0,2015MM02,115.2
70670,A5,308400,70670,-2.0,-0.1,2015MM03,115.1
70671,A5,308400,70671,-2.4,-0.9,2015MM04,114.1
70672,A5,308400,70672,-2.3,0.1,2015MM05,114.2
70673,A5,308400,70673,-2.3,0.0,2015MM06,114.3
70674,A5,308400,70674,1.3,2.6,2015MM07,117.2
70675,A5,308400,70675,1.6,0.2,2015MM08,117.4
70676,A5,308400,70676,1.6,0.0,2015MM09,117.4
70677,A5,308400,70677,4.9,1.9,2015MM10,119.6
70678,A5,308400,70678,5.3,0.1,2015MM11,119.8
70679,A5,308400,70679,5.1,0.0,2015MM12,119.8
70681,A5,308400,70681,3.1,-0.9,2016MM01,118.7
70682,A5,308400,70682,3.1,0.0,2016MM02,118.8
70683,A5,308400,70683,3.1,0.0,2016MM03,118.7
70684,A5,308400,70684,3.8,-0.3,2016MM04,118.4
70685,A5,308400,70685,3.7,0.0,2016MM05,118.5
70686,A5,308400,70686,3.7,0.0,2016MM06,118.5
70687,A5,308400,70687,1.0,0.0,2016MM07,118.4
70688,A5,308400,70688,0.8,0.0,2016MM08,118.4
70689,A5,308400,70689,1.0,0.2,2016MM09,118.6
70690,A5,308400,70690,0.1,1.0,2016MM10,119.7
70691,A5,308400,70691,0.0,0.1,2016MM11,119.9
70692,A5,308400,70692,0.1,0.0,2016MM12,119.9
70694,A5,308400,70694,3.6,2.6,2017MM01,123.0
70695,A5,308400,70695,3.5,-0.1,2017MM02,122.9
70696,A5,308400,70696,3.4,-0.1,2017MM03,122.8
70697,A5,308400,70697,3.8,0.1,2017MM04,123.0
70698,A5,308400,70698,3.8,0.0,2017MM05,123.0
70699,A5,308400,70699,3.7,-0.1,2017MM06,122.8
70700,A5,308400,70700,2.6,-1.1,2017MM07,121.5
70701,A5,308400,70701,2.5,-0.2,2017MM08,121.4
70702,A5,308400,70702,2.4,0.0,2017MM09,121.4
70703,A5,308400,70703,-0.7,-2.1,2017MM10,118.8
70704,A5,308400,70704,-0.9,0.0,2017MM11,118.8
70705,A5,308400,70705,-0.8,0.0,2017MM12,118.9
