,Afzet,BedrijfstakkenBranchesSBI2008,ID,OntwikkelingTOV1JaarEerder_2,OntwikkelingTOV1MaandEerder_3,Perioden,ProducentenprijsindexPPI_1
6084,A6,308400,6084,,,2005MM01,90.9
6085,A6,308400,6085,,-2.2,2005MM02,88.8
6086,A6,308400,6086,,0.2,2005MM03,89.0
6087,A6,308400,6087,,0.6,2005MM04,89.5
6088,A6,308400,6088,,-0.2,2005MM05,89.4
6089,A6,308400,6089,,-0.8,2005MM06,88.6
6090,A6,308400,6090,,-0.4,2005MM07,88.3
6091,A6,308400,6091,,0.2,2005MM08,88.4
6092,A6,308400,6092,,3.0,2005MM09,91.1
6093,A6,308400,6093,,-1.0,2005MM10,90.1
6094,A6,308400,6094,,0.2,2005MM11,90.3
6095,A6,308400,6095,,1.0,2005MM12,91.3
6097,A6,308400,6097,2.7,2.3,2006MM01,93.3
6098,A6,308400,6098,4.5,-0.5,2006MM02,92.8
6099,A6,308400,6099,5.7,1.3,2006MM03,94.1
6100,A6,308400,6100,4.5,-0.6,2006MM04,93.5
6101,A6,308400,6101,5.3,0.6,2006MM05,94.1
6102,A6,308400,6102,5.3,-0.7,2006MM06,93.4
6103,A6,308400,6103,4.5,-1.2,2006MM07,92.3
6104,A6,308400,6104,6.9,2.5,2006MM08,94.6
6105,A6,308400,6105,6.4,2.4,2006MM09,96.9
6106,A6,308400,6106,19.8,11.5,2006MM10,108.0
6107,A6,308400,6107,18.6,-0.9,2006MM11,107.1
6108,A6,308400,6108,23.4,5.2,2006MM12,112.6
6110,A6,308400,6110,36.1,12.8,2007MM01,127.0
6111,A6,308400,6111,37.4,0.5,2007MM02,127.6
6112,A6,308400,6112,35.5,-0.1,2007MM03,127.4
6113,A6,308400,6113,39.3,2.3,2007MM04,130.3
6114,A6,308400,6114,37.4,-0.8,2007MM05,129.3
6115,A6,308400,6115,38.3,-0.1,2007MM06,129.1
6116,A6,308400,6116,36.5,-2.5,2007MM07,125.9
6117,A6,308400,6117,30.0,-2.4,2007MM08,122.9
6118,A6,308400,6118,22.6,-3.4,2007MM09,118.7
6119,A6,308400,6119,3.4,-6.0,2007MM10,111.7
6120,A6,308400,6120,3.5,-0.7,2007MM11,110.8
6121,A6,308400,6121,-0.8,0.8,2007MM12,111.7
6123,A6,308400,6123,-14.2,-2.6,2008MM01,108.9
6124,A6,308400,6124,-15.6,-1.1,2008MM02,107.7
6125,A6,308400,6125,-17.7,-2.6,2008MM03,104.9
6126,A6,308400,6126,-20.8,-1.5,2008MM04,103.2
6127,A6,308400,6127,-20.3,-0.2,2008MM05,103.1
6128,A6,308400,6128,-20.3,-0.2,2008MM06,102.9
6129,A6,308400,6129,-17.6,0.9,2008MM07,103.8
6130,A6,308400,6130,-15.8,-0.2,2008MM08,103.6
6131,A6,308400,6131,-13.2,-0.5,2008MM09,103.1
6132,A6,308400,6132,-5.5,2.3,2008MM10,105.5
6133,A6,308400,6133,-4.6,0.3,2008MM11,105.8
6134,A6,308400,6134,-5.2,0.2,2008MM12,106.0
6136,A6,308400,6136,-2.8,-0.2,2009MM01,105.8
6137,A6,308400,6137,0.2,2.0,2009MM02,107.9
6138,A6,308400,6138,2.8,-0.1,2009MM03,107.8
6139,A6,308400,6139,3.8,-0.6,2009MM04,107.1
6140,A6,308400,6140,3.9,0.0,2009MM05,107.1
6141,A6,308400,6141,4.1,-0.1,2009MM06,107.1
6142,A6,308400,6142,2.8,-0.3,2009MM07,106.7
6143,A6,308400,6143,2.6,-0.5,2009MM08,106.2
6144,A6,308400,6144,2.8,-0.2,2009MM09,106.0
6145,A6,308400,6145,-1.3,-1.8,2009MM10,104.1
6146,A6,308400,6146,-2.3,-0.7,2009MM11,103.4
6147,A6,308400,6147,-2.6,-0.2,2009MM12,103.2
6149,A6,308400,6149,-6.2,-3.8,2010MM01,99.2
6150,A6,308400,6150,-8.4,-0.3,2010MM02,98.9
6151,A6,308400,6151,-8.1,0.2,2010MM03,99.1
6152,A6,308400,6152,-6.8,0.7,2010MM04,99.8
6153,A6,308400,6153,-7.0,-0.1,2010MM05,99.7
6154,A6,308400,6154,-7.1,-0.1,2010MM06,99.5
6155,A6,308400,6155,-6.9,-0.2,2010MM07,99.4
6156,A6,308400,6156,-6.5,0.0,2010MM08,99.3
6157,A6,308400,6157,-5.8,0.5,2010MM09,99.8
6158,A6,308400,6158,-2.8,1.4,2010MM10,101.2
6159,A6,308400,6159,-1.8,0.3,2010MM11,101.5
6160,A6,308400,6160,-0.5,1.1,2010MM12,102.6
6162,A6,308400,6162,8.0,4.4,2011MM01,107.1
6163,A6,308400,6163,10.0,1.6,2011MM02,108.8
6164,A6,308400,6164,10.7,0.8,2011MM03,109.7
6165,A6,308400,6165,13.3,3.0,2011MM04,113.1
6166,A6,308400,6166,13.6,0.1,2011MM05,113.2
6167,A6,308400,6167,13.9,0.1,2011MM06,113.3
6168,A6,308400,6168,11.7,-2.0,2011MM07,111.0
6169,A6,308400,6169,11.6,-0.2,2011MM08,110.8
6170,A6,308400,6170,11.2,0.2,2011MM09,111.0
6171,A6,308400,6171,7.7,-1.8,2011MM10,109.0
6172,A6,308400,6172,7.1,-0.3,2011MM11,108.7
6173,A6,308400,6173,6.0,0.0,2011MM12,108.7
6175,A6,308400,6175,1.5,0.0,2012MM01,108.7
6176,A6,308400,6176,0.0,0.1,2012MM02,108.8
6177,A6,308400,6177,-0.8,0.1,2012MM03,108.9
6178,A6,308400,6178,-4.8,-1.2,2012MM04,107.6
6179,A6,308400,6179,-4.2,0.7,2012MM05,108.4
6180,A6,308400,6180,-4.4,0.0,2012MM06,108.4
6181,A6,308400,6181,-2.0,0.4,2012MM07,108.8
6182,A6,308400,6182,-1.2,0.7,2012MM08,109.5
6183,A6,308400,6183,0.1,1.4,2012MM09,111.1
6184,A6,308400,6184,5.8,3.8,2012MM10,115.3
6185,A6,308400,6185,6.8,0.7,2012MM11,116.1
6186,A6,308400,6186,6.4,-0.3,2012MM12,115.7
6188,A6,308400,6188,9.8,3.1,2013MM01,119.3
6189,A6,308400,6189,9.0,-0.7,2013MM02,118.5
6190,A6,308400,6190,9.4,0.5,2013MM03,119.1
6191,A6,308400,6191,11.0,0.3,2013MM04,119.5
6192,A6,308400,6192,10.2,0.0,2013MM05,119.5
6193,A6,308400,6193,10.4,0.1,2013MM06,119.6
6194,A6,308400,6194,7.7,-2.1,2013MM07,117.1
6195,A6,308400,6195,6.7,-0.3,2013MM08,116.8
6196,A6,308400,6196,4.8,-0.4,2013MM09,116.4
6197,A6,308400,6197,1.7,0.8,2013MM10,117.3
6198,A6,308400,6198,1.2,0.2,2013MM11,117.5
6199,A6,308400,6199,1.3,-0.3,2013MM12,117.2
6201,A6,308400,6201,-1.0,0.8,2014MM01,118.1
6202,A6,308400,6202,-0.3,0.0,2014MM02,118.1
6203,A6,308400,6203,-1.0,-0.2,2014MM03,117.9
6204,A6,308400,6204,-1.6,-0.3,2014MM04,117.6
6205,A6,308400,6205,-1.5,0.1,2014MM05,117.7
6206,A6,308400,6206,-2.1,-0.5,2014MM06,117.1
6207,A6,308400,6207,-0.8,-0.8,2014MM07,116.2
6208,A6,308400,6208,-0.7,-0.1,2014MM08,116.0
6209,A6,308400,6209,-0.7,-0.4,2014MM09,115.6
6210,A6,308400,6210,-2.5,-1.1,2014MM10,114.3
6211,A6,308400,6211,-2.9,-0.2,2014MM11,114.1
6212,A6,308400,6212,-3.0,-0.4,2014MM12,113.7
6214,A6,308400,6214,-3.4,0.4,2015MM01,114.1
6215,A6,308400,6215,-3.3,0.1,2015MM02,114.2
6216,A6,308400,6216,-3.2,-0.1,2015MM03,114.1
6217,A6,308400,6217,-3.6,-0.6,2015MM04,113.4
6218,A6,308400,6218,-3.6,0.1,2015MM05,113.5
6219,A6,308400,6219,-2.9,0.2,2015MM06,113.7
6220,A6,308400,6220,-0.3,1.9,2015MM07,115.8
6221,A6,308400,6221,0.1,0.2,2015MM08,116.1
6222,A6,308400,6222,0.5,0.1,2015MM09,116.2
6223,A6,308400,6223,3.0,1.3,2015MM10,117.7
6224,A6,308400,6224,3.4,0.2,2015MM11,118.0
6225,A6,308400,6225,4.1,0.3,2015MM12,118.3
6227,A6,308400,6227,3.1,-0.6,2016MM01,117.6
6228,A6,308400,6228,2.8,-0.1,2016MM02,117.4
6229,A6,308400,6229,2.8,-0.1,2016MM03,117.3
6230,A6,308400,6230,3.4,-0.1,2016MM04,117.2
6231,A6,308400,6231,3.4,0.1,2016MM05,117.4
6232,A6,308400,6232,3.5,0.3,2016MM06,117.7
6233,A6,308400,6233,1.4,-0.2,2016MM07,117.5
6234,A6,308400,6234,1.2,0.0,2016MM08,117.5
6235,A6,308400,6235,1.2,0.1,2016MM09,117.6
6236,A6,308400,6236,0.8,0.9,2016MM10,118.6
6237,A6,308400,6237,0.7,0.1,2016MM11,118.8
6238,A6,308400,6238,0.5,0.1,2016MM12,118.9
6240,A6,308400,6240,3.4,2.3,2017MM01,121.6
6241,A6,308400,6241,3.5,0.0,2017MM02,121.6
6242,A6,308400,6242,3.6,0.0,2017MM03,121.5
6243,A6,308400,6243,3.5,-0.2,2017MM04,121.3
6244,A6,308400,6244,3.6,0.3,2017MM05,121.6
6245,A6,308400,6245,3.2,-0.1,2017MM06,121.5
6246,A6,308400,6246,2.5,-0.9,2017MM07,120.4
6247,A6,308400,6247,2.1,-0.4,2017MM08,119.9
6248,A6,308400,6248,2.4,0.4,2017MM09,120.4
6249,A6,308400,6249,-0.4,-1.8,2017MM10,118.2
6250,A6,308400,6250,-0.7,-0.1,2017MM11,118.0
6251,A6,308400,6251,-0.3,0.4,2017MM12,118.5
