,Afzet,BedrijfstakkenBranchesSBI2008,ID,OntwikkelingTOV1JaarEerder_2,OntwikkelingTOV1MaandEerder_3,Perioden,ProducentenprijsindexPPI_1
38480,A4,308500,38480,-6.36810631229,-0.199310344828,1981MM01,111.128719723
38481,A4,308500,38481,-6.33621262458,-0.198620689655,1981MM02,111.057439446
38482,A4,308500,38482,-6.30431893688,-0.197931034483,1981MM03,110.98615917
38483,A4,308500,38483,-6.27242524917,-0.19724137931,1981MM04,110.914878893
38484,A4,308500,38484,-6.24053156146,-0.196551724138,1981MM05,110.843598616
38485,A4,308500,38485,-6.20863787375,-0.195862068966,1981MM06,110.772318339
38486,A4,308500,38486,-6.17674418605,-0.195172413793,1981MM07,110.701038062
38487,A4,308500,38487,-6.14485049834,-0.194482758621,1981MM08,110.629757785
38488,A4,308500,38488,-6.11295681063,-0.193793103448,1981MM09,110.558477509
38489,A4,308500,38489,-6.08106312292,-0.193103448276,1981MM10,110.487197232
38490,A4,308500,38490,-6.04916943522,-0.192413793103,1981MM11,110.415916955
38491,A4,308500,38491,-6.01727574751,-0.191724137931,1981MM12,110.344636678
38493,A4,308500,38493,-5.9853820598,-0.191034482759,1982MM01,110.273356401
38494,A4,308500,38494,-5.95348837209,-0.190344827586,1982MM02,110.202076125
38495,A4,308500,38495,-5.92159468439,-0.189655172414,1982MM03,110.130795848
38496,A4,308500,38496,-5.88970099668,-0.188965517241,1982MM04,110.059515571
38497,A4,308500,38497,-5.85780730897,-0.188275862069,1982MM05,109.988235294
38498,A4,308500,38498,-5.82591362126,-0.187586206897,1982MM06,109.916955017
38499,A4,308500,38499,-5.79401993355,-0.186896551724,1982MM07,109.84567474
38500,A4,308500,38500,-5.76212624585,-0.186206896552,1982MM08,109.774394464
38501,A4,308500,38501,-5.73023255814,-0.185517241379,1982MM09,109.703114187
38502,A4,308500,38502,-5.69833887043,-0.184827586207,1982MM10,109.63183391
38503,A4,308500,38503,-5.66644518272,-0.184137931034,1982MM11,109.560553633
38504,A4,308500,38504,-5.63455149502,-0.183448275862,1982MM12,109.489273356
38506,A4,308500,38506,-5.60265780731,-0.18275862069,1983MM01,109.41799308
38507,A4,308500,38507,-5.5707641196,-0.182068965517,1983MM02,109.346712803
38508,A4,308500,38508,-5.53887043189,-0.181379310345,1983MM03,109.275432526
38509,A4,308500,38509,-5.50697674419,-0.180689655172,1983MM04,109.204152249
38510,A4,308500,38510,-5.47508305648,-0.18,1983MM05,109.132871972
38511,A4,308500,38511,-5.44318936877,-0.179310344828,1983MM06,109.061591696
38512,A4,308500,38512,-5.41129568106,-0.178620689655,1983MM07,108.990311419
38513,A4,308500,38513,-5.37940199336,-0.177931034483,1983MM08,108.919031142
38514,A4,308500,38514,-5.34750830565,-0.17724137931,1983MM09,108.847750865
38515,A4,308500,38515,-5.31561461794,-0.176551724138,1983MM10,108.776470588
38516,A4,308500,38516,-5.28372093023,-0.175862068966,1983MM11,108.705190311
38517,A4,308500,38517,-5.25182724252,-0.175172413793,1983MM12,108.633910035
38519,A4,308500,38519,-5.21993355482,-0.174482758621,1984MM01,108.562629758
38520,A4,308500,38520,-5.18803986711,-0.173793103448,1984MM02,108.491349481
38521,A4,308500,38521,-5.1561461794,-0.173103448276,1984MM03,108.420069204
38522,A4,308500,38522,-5.12425249169,-0.172413793103,1984MM04,108.348788927
38523,A4,308500,38523,-5.09235880399,-0.171724137931,1984MM05,108.277508651
38524,A4,308500,38524,-5.06046511628,-0.171034482759,1984MM06,108.206228374
38525,A4,308500,38525,-5.02857142857,-0.170344827586,1984MM07,108.134948097
38526,A4,308500,38526,-4.99667774086,-0.169655172414,1984MM08,108.06366782
38527,A4,308500,38527,-4.96478405316,-0.168965517241,1984MM09,107.992387543
38528,A4,308500,38528,-4.93289036545,-0.168275862069,1984MM10,107.921107266
38529,A4,308500,38529,-4.90099667774,-0.167586206897,1984MM11,107.84982699
38530,A4,308500,38530,-4.86910299003,-0.166896551724,1984MM12,107.778546713
38532,A4,308500,38532,-4.83720930233,-0.166206896552,1985MM01,107.707266436
38533,A4,308500,38533,-4.80531561462,-0.165517241379,1985MM02,107.635986159
38534,A4,308500,38534,-4.77342192691,-0.164827586207,1985MM03,107.564705882
38535,A4,308500,38535,-4.7415282392,-0.164137931034,1985MM04,107.493425606
38536,A4,308500,38536,-4.7096345515,-0.163448275862,1985MM05,107.422145329
38537,A4,308500,38537,-4.67774086379,-0.16275862069,1985MM06,107.350865052
38538,A4,308500,38538,-4.64584717608,-0.162068965517,1985MM07,107.279584775
38539,A4,308500,38539,-4.61395348837,-0.161379310345,1985MM08,107.208304498
38540,A4,308500,38540,-4.58205980066,-0.160689655172,1985MM09,107.137024221
38541,A4,308500,38541,-4.55016611296,-0.16,1985MM10,107.065743945
38542,A4,308500,38542,-4.51827242525,-0.159310344828,1985MM11,106.994463668
38543,A4,308500,38543,-4.48637873754,-0.158620689655,1985MM12,106.923183391
38545,A4,308500,38545,-4.45448504983,-0.157931034483,1986MM01,106.851903114
38546,A4,308500,38546,-4.42259136213,-0.15724137931,1986MM02,106.780622837
38547,A4,308500,38547,-4.39069767442,-0.156551724138,1986MM03,106.709342561
38548,A4,308500,38548,-4.35880398671,-0.155862068966,1986MM04,106.638062284
38549,A4,308500,38549,-4.326910299,-0.155172413793,1986MM05,106.566782007
38550,A4,308500,38550,-4.2950166113,-0.154482758621,1986MM06,106.49550173
38551,A4,308500,38551,-4.26312292359,-0.153793103448,1986MM07,106.424221453
38552,A4,308500,38552,-4.23122923588,-0.153103448276,1986MM08,106.352941176
38553,A4,308500,38553,-4.19933554817,-0.152413793103,1986MM09,106.2816609
38554,A4,308500,38554,-4.16744186047,-0.151724137931,1986MM10,106.210380623
38555,A4,308500,38555,-4.13554817276,-0.151034482759,1986MM11,106.139100346
38556,A4,308500,38556,-4.10365448505,-0.150344827586,1986MM12,106.067820069
38558,A4,308500,38558,-4.07176079734,-0.149655172414,1987MM01,105.996539792
38559,A4,308500,38559,-4.03986710963,-0.148965517241,1987MM02,105.925259516
38560,A4,308500,38560,-4.00797342193,-0.148275862069,1987MM03,105.853979239
38561,A4,308500,38561,-3.97607973422,-0.147586206897,1987MM04,105.782698962
38562,A4,308500,38562,-3.94418604651,-0.146896551724,1987MM05,105.711418685
38563,A4,308500,38563,-3.9122923588,-0.146206896552,1987MM06,105.640138408
38564,A4,308500,38564,-3.8803986711,-0.145517241379,1987MM07,105.568858131
38565,A4,308500,38565,-3.84850498339,-0.144827586207,1987MM08,105.497577855
38566,A4,308500,38566,-3.81661129568,-0.144137931034,1987MM09,105.426297578
38567,A4,308500,38567,-3.78471760797,-0.143448275862,1987MM10,105.355017301
38568,A4,308500,38568,-3.75282392027,-0.14275862069,1987MM11,105.283737024
38569,A4,308500,38569,-3.72093023256,-0.142068965517,1987MM12,105.212456747
38571,A4,308500,38571,-3.68903654485,-0.141379310345,1988MM01,105.141176471
38572,A4,308500,38572,-3.65714285714,-0.140689655172,1988MM02,105.069896194
38573,A4,308500,38573,-3.62524916944,-0.14,1988MM03,104.998615917
38574,A4,308500,38574,-3.59335548173,-0.139310344828,1988MM04,104.92733564
38575,A4,308500,38575,-3.56146179402,-0.138620689655,1988MM05,104.856055363
38576,A4,308500,38576,-3.52956810631,-0.137931034483,1988MM06,104.784775087
38577,A4,308500,38577,-3.4976744186,-0.13724137931,1988MM07,104.71349481
38578,A4,308500,38578,-3.4657807309,-0.136551724138,1988MM08,104.642214533
38579,A4,308500,38579,-3.43388704319,-0.135862068966,1988MM09,104.570934256
38580,A4,308500,38580,-3.40199335548,-0.135172413793,1988MM10,104.499653979
38581,A4,308500,38581,-3.37009966777,-0.134482758621,1988MM11,104.428373702
38582,A4,308500,38582,-3.33820598007,-0.133793103448,1988MM12,104.357093426
38584,A4,308500,38584,-3.30631229236,-0.133103448276,1989MM01,104.285813149
38585,A4,308500,38585,-3.27441860465,-0.132413793103,1989MM02,104.214532872
38586,A4,308500,38586,-3.24252491694,-0.131724137931,1989MM03,104.143252595
38587,A4,308500,38587,-3.21063122924,-0.131034482759,1989MM04,104.071972318
38588,A4,308500,38588,-3.17873754153,-0.130344827586,1989MM05,104.000692042
38589,A4,308500,38589,-3.14684385382,-0.129655172414,1989MM06,103.929411765
38590,A4,308500,38590,-3.11495016611,-0.128965517241,1989MM07,103.858131488
38591,A4,308500,38591,-3.08305647841,-0.128275862069,1989MM08,103.786851211
38592,A4,308500,38592,-3.0511627907,-0.127586206897,1989MM09,103.715570934
38593,A4,308500,38593,-3.01926910299,-0.126896551724,1989MM10,103.644290657
38594,A4,308500,38594,-2.98737541528,-0.126206896552,1989MM11,103.573010381
38595,A4,308500,38595,-2.95548172757,-0.125517241379,1989MM12,103.501730104
38597,A4,308500,38597,-2.92358803987,-0.124827586207,1990MM01,103.430449827
38598,A4,308500,38598,-2.89169435216,-0.124137931034,1990MM02,103.35916955
38599,A4,308500,38599,-2.85980066445,-0.123448275862,1990MM03,103.287889273
38600,A4,308500,38600,-2.82790697674,-0.12275862069,1990MM04,103.216608997
38601,A4,308500,38601,-2.79601328904,-0.122068965517,1990MM05,103.14532872
38602,A4,308500,38602,-2.76411960133,-0.121379310345,1990MM06,103.074048443
38603,A4,308500,38603,-2.73222591362,-0.120689655172,1990MM07,103.002768166
38604,A4,308500,38604,-2.70033222591,-0.12,1990MM08,102.931487889
38605,A4,308500,38605,-2.66843853821,-0.119310344828,1990MM09,102.860207612
38606,A4,308500,38606,-2.6365448505,-0.118620689655,1990MM10,102.788927336
38607,A4,308500,38607,-2.60465116279,-0.117931034483,1990MM11,102.717647059
38608,A4,308500,38608,-2.57275747508,-0.11724137931,1990MM12,102.646366782
38610,A4,308500,38610,-2.54086378738,-0.116551724138,1991MM01,102.575086505
38611,A4,308500,38611,-2.50897009967,-0.115862068966,1991MM02,102.503806228
38612,A4,308500,38612,-2.47707641196,-0.115172413793,1991MM03,102.432525952
38613,A4,308500,38613,-2.44518272425,-0.114482758621,1991MM04,102.361245675
38614,A4,308500,38614,-2.41328903654,-0.113793103448,1991MM05,102.289965398
38615,A4,308500,38615,-2.38139534884,-0.113103448276,1991MM06,102.218685121
38616,A4,308500,38616,-2.34950166113,-0.112413793103,1991MM07,102.147404844
38617,A4,308500,38617,-2.31760797342,-0.111724137931,1991MM08,102.076124567
38618,A4,308500,38618,-2.28571428571,-0.111034482759,1991MM09,102.004844291
38619,A4,308500,38619,-2.25382059801,-0.110344827586,1991MM10,101.933564014
38620,A4,308500,38620,-2.2219269103,-0.109655172414,1991MM11,101.862283737
38621,A4,308500,38621,-2.19003322259,-0.108965517241,1991MM12,101.79100346
38623,A4,308500,38623,-2.15813953488,-0.108275862069,1992MM01,101.719723183
38624,A4,308500,38624,-2.12624584718,-0.107586206897,1992MM02,101.648442907
38625,A4,308500,38625,-2.09435215947,-0.106896551724,1992MM03,101.57716263
38626,A4,308500,38626,-2.06245847176,-0.106206896552,1992MM04,101.505882353
38627,A4,308500,38627,-2.03056478405,-0.105517241379,1992MM05,101.434602076
38628,A4,308500,38628,-1.99867109635,-0.104827586207,1992MM06,101.363321799
38629,A4,308500,38629,-1.96677740864,-0.104137931034,1992MM07,101.292041522
38630,A4,308500,38630,-1.93488372093,-0.103448275862,1992MM08,101.220761246
38631,A4,308500,38631,-1.90299003322,-0.10275862069,1992MM09,101.149480969
38632,A4,308500,38632,-1.87109634551,-0.102068965517,1992MM10,101.078200692
38633,A4,308500,38633,-1.83920265781,-0.101379310345,1992MM11,101.006920415
38634,A4,308500,38634,-1.8073089701,-0.100689655172,1992MM12,100.935640138
38636,A4,308500,38636,-1.77541528239,-0.1,1993MM01,100.864359862
38637,A4,308500,38637,-1.74352159468,-0.0993103448276,1993MM02,100.793079585
38638,A4,308500,38638,-1.71162790698,-0.0986206896552,1993MM03,100.721799308
38639,A4,308500,38639,-1.67973421927,-0.0979310344828,1993MM04,100.650519031
38640,A4,308500,38640,-1.64784053156,-0.0972413793103,1993MM05,100.579238754
38641,A4,308500,38641,-1.61594684385,-0.0965517241379,1993MM06,100.507958478
38642,A4,308500,38642,-1.58405315615,-0.0958620689655,1993MM07,100.436678201
38643,A4,308500,38643,-1.55215946844,-0.0951724137931,1993MM08,100.365397924
38644,A4,308500,38644,-1.52026578073,-0.0944827586207,1993MM09,100.294117647
38645,A4,308500,38645,-1.48837209302,-0.0937931034483,1993MM10,100.22283737
38646,A4,308500,38646,-1.45647840532,-0.0931034482759,1993MM11,100.151557093
38647,A4,308500,38647,-1.42458471761,-0.0924137931034,1993MM12,100.080276817
38649,A4,308500,38649,-1.3926910299,-0.091724137931,1994MM01,100.00899654
38650,A4,308500,38650,-1.36079734219,-0.0910344827586,1994MM02,99.937716263
38651,A4,308500,38651,-1.32890365449,-0.0903448275862,1994MM03,99.8664359862
38652,A4,308500,38652,-1.29700996678,-0.0896551724138,1994MM04,99.7951557093
38653,A4,308500,38653,-1.26511627907,-0.0889655172414,1994MM05,99.7238754325
38654,A4,308500,38654,-1.23322259136,-0.088275862069,1994MM06,99.6525951557
38655,A4,308500,38655,-1.20132890365,-0.0875862068966,1994MM07,99.5813148789
38656,A4,308500,38656,-1.16943521595,-0.0868965517241,1994MM08,99.5100346021
38657,A4,308500,38657,-1.13754152824,-0.0862068965517,1994MM09,99.4387543253
38658,A4,308500,38658,-1.10564784053,-0.0855172413793,1994MM10,99.3674740484
38659,A4,308500,38659,-1.07375415282,-0.0848275862069,1994MM11,99.2961937716
38660,A4,308500,38660,-1.04186046512,-0.0841379310345,1994MM12,99.2249134948
38662,A4,308500,38662,-1.00996677741,-0.0834482758621,1995MM01,99.153633218
38663,A4,308500,38663,-0.978073089701,-0.0827586206897,1995MM02,99.0823529412
38664,A4,308500,38664,-0.946179401993,-0.0820689655172,1995MM03,99.0110726644
38665,A4,308500,38665,-0.914285714286,-0.0813793103448,1995MM04,98.9397923875
38666,A4,308500,38666,-0.882392026578,-0.0806896551724,1995MM05,98.8685121107
38667,A4,308500,38667,-0.85049833887,-0.08,1995MM06,98.7972318339
38668,A4,308500,38668,-0.818604651163,-0.0793103448276,1995MM07,98.7259515571
38669,A4,308500,38669,-0.786710963455,-0.0786206896552,1995MM08,98.6546712803
38670,A4,308500,38670,-0.754817275748,-0.0779310344828,1995MM09,98.5833910035
38671,A4,308500,38671,-0.72292358804,-0.0772413793103,1995MM10,98.5121107266
38672,A4,308500,38672,-0.691029900332,-0.0765517241379,1995MM11,98.4408304498
38673,A4,308500,38673,-0.659136212625,-0.0758620689655,1995MM12,98.369550173
38675,A4,308500,38675,-0.627242524917,-0.0751724137931,1996MM01,98.2982698962
38676,A4,308500,38676,-0.595348837209,-0.0744827586207,1996MM02,98.2269896194
38677,A4,308500,38677,-0.563455149502,-0.0737931034483,1996MM03,98.1557093426
38678,A4,308500,38678,-0.531561461794,-0.0731034482759,1996MM04,98.0844290657
38679,A4,308500,38679,-0.499667774086,-0.0724137931034,1996MM05,98.0131487889
38680,A4,308500,38680,-0.467774086379,-0.071724137931,1996MM06,97.9418685121
38681,A4,308500,38681,-0.435880398671,-0.0710344827586,1996MM07,97.8705882353
38682,A4,308500,38682,-0.403986710963,-0.0703448275862,1996MM08,97.7993079585
38683,A4,308500,38683,-0.372093023256,-0.0696551724138,1996MM09,97.7280276817
38684,A4,308500,38684,-0.340199335548,-0.0689655172414,1996MM10,97.6567474048
38685,A4,308500,38685,-0.308305647841,-0.068275862069,1996MM11,97.585467128
38686,A4,308500,38686,-0.276411960133,-0.0675862068966,1996MM12,97.5141868512
38688,A4,308500,38688,-0.244518272425,-0.0668965517241,1997MM01,97.4429065744
38689,A4,308500,38689,-0.212624584718,-0.0662068965517,1997MM02,97.3716262976
38690,A4,308500,38690,-0.18073089701,-0.0655172413793,1997MM03,97.3003460208
38691,A4,308500,38691,-0.148837209302,-0.0648275862069,1997MM04,97.2290657439
38692,A4,308500,38692,-0.116943521595,-0.0641379310345,1997MM05,97.1577854671
38693,A4,308500,38693,-0.085049833887,-0.0634482758621,1997MM06,97.0865051903
38694,A4,308500,38694,-0.0531561461794,-0.0627586206897,1997MM07,97.0152249135
38695,A4,308500,38695,-0.0212624584718,-0.0620689655172,1997MM08,96.9439446367
38696,A4,308500,38696,0.0106312292359,-0.0613793103448,1997MM09,96.8726643599
38697,A4,308500,38697,0.0425249169435,-0.0606896551724,1997MM10,96.801384083
38698,A4,308500,38698,0.0744186046512,-0.06,1997MM11,96.7301038062
38699,A4,308500,38699,0.106312292359,-0.0593103448276,1997MM12,96.6588235294
38701,A4,308500,38701,0.138205980066,-0.0586206896552,1998MM01,96.5875432526
38702,A4,308500,38702,0.170099667774,-0.0579310344828,1998MM02,96.5162629758
38703,A4,308500,38703,0.201993355482,-0.0572413793103,1998MM03,96.444982699
38704,A4,308500,38704,0.233887043189,-0.0565517241379,1998MM04,96.3737024221
38705,A4,308500,38705,0.265780730897,-0.0558620689655,1998MM05,96.3024221453
38706,A4,308500,38706,0.297674418605,-0.0551724137931,1998MM06,96.2311418685
38707,A4,308500,38707,0.329568106312,-0.0544827586207,1998MM07,96.1598615917
38708,A4,308500,38708,0.36146179402,-0.0537931034483,1998MM08,96.0885813149
38709,A4,308500,38709,0.393355481728,-0.0531034482759,1998MM09,96.0173010381
38710,A4,308500,38710,0.425249169435,-0.0524137931034,1998MM10,95.9460207612
38711,A4,308500,38711,0.457142857143,-0.051724137931,1998MM11,95.8747404844
38712,A4,308500,38712,0.48903654485,-0.0510344827586,1998MM12,95.8034602076
38714,A4,308500,38714,0.520930232558,-0.0503448275862,1999MM01,95.7321799308
38715,A4,308500,38715,0.552823920266,-0.0496551724138,1999MM02,95.660899654
38716,A4,308500,38716,0.584717607973,-0.0489655172414,1999MM03,95.5896193772
38717,A4,308500,38717,0.616611295681,-0.048275862069,1999MM04,95.5183391003
38718,A4,308500,38718,0.648504983389,-0.0475862068966,1999MM05,95.4470588235
38719,A4,308500,38719,0.680398671096,-0.0468965517241,1999MM06,95.3757785467
38720,A4,308500,38720,0.712292358804,-0.0462068965517,1999MM07,95.3044982699
38721,A4,308500,38721,0.744186046512,-0.0455172413793,1999MM08,95.2332179931
38722,A4,308500,38722,0.776079734219,-0.0448275862069,1999MM09,95.1619377163
38723,A4,308500,38723,0.807973421927,-0.0441379310345,1999MM10,95.0906574394
38724,A4,308500,38724,0.839867109635,-0.0434482758621,1999MM11,95.0193771626
38725,A4,308500,38725,0.871760797342,-0.0427586206897,1999MM12,94.9480968858
38727,A4,308500,38727,0.90365448505,-0.0420689655172,2000MM01,94.876816609
38728,A4,308500,38728,0.935548172757,-0.0413793103448,2000MM02,94.8055363322
38729,A4,308500,38729,0.967441860465,-0.0406896551724,2000MM03,94.7342560554
38730,A4,308500,38730,0.999335548173,-0.04,2000MM04,94.6629757785
38731,A4,308500,38731,1.03122923588,-0.0393103448276,2000MM05,94.5916955017
38732,A4,308500,38732,1.06312292359,-0.0386206896552,2000MM06,94.5204152249
38733,A4,308500,38733,1.0950166113,-0.0379310344828,2000MM07,94.4491349481
38734,A4,308500,38734,1.126910299,-0.0372413793103,2000MM08,94.3778546713
38735,A4,308500,38735,1.15880398671,-0.0365517241379,2000MM09,94.3065743945
38736,A4,308500,38736,1.19069767442,-0.0358620689655,2000MM10,94.2352941176
38737,A4,308500,38737,1.22259136213,-0.0351724137931,2000MM11,94.1640138408
38738,A4,308500,38738,1.25448504983,-0.0344827586207,2000MM12,94.092733564
38740,A4,308500,38740,1.28637873754,-0.0337931034483,2001MM01,94.0214532872
38741,A4,308500,38741,1.31827242525,-0.0331034482759,2001MM02,93.9501730104
38742,A4,308500,38742,1.35016611296,-0.0324137931034,2001MM03,93.8788927336
38743,A4,308500,38743,1.38205980066,-0.031724137931,2001MM04,93.8076124567
38744,A4,308500,38744,1.41395348837,-0.0310344827586,2001MM05,93.7363321799
38745,A4,308500,38745,1.44584717608,-0.0303448275862,2001MM06,93.6650519031
38746,A4,308500,38746,1.47774086379,-0.0296551724138,2001MM07,93.5937716263
38747,A4,308500,38747,1.5096345515,-0.0289655172414,2001MM08,93.5224913495
38748,A4,308500,38748,1.5415282392,-0.028275862069,2001MM09,93.4512110727
38749,A4,308500,38749,1.57342192691,-0.0275862068966,2001MM10,93.3799307958
38750,A4,308500,38750,1.60531561462,-0.0268965517241,2001MM11,93.308650519
38751,A4,308500,38751,1.63720930233,-0.0262068965517,2001MM12,93.2373702422
38753,A4,308500,38753,1.66910299003,-0.0255172413793,2002MM01,93.1660899654
38754,A4,308500,38754,1.70099667774,-0.0248275862069,2002MM02,93.0948096886
38755,A4,308500,38755,1.73289036545,-0.0241379310345,2002MM03,93.0235294118
38756,A4,308500,38756,1.76478405316,-0.0234482758621,2002MM04,92.9522491349
38757,A4,308500,38757,1.79667774086,-0.0227586206897,2002MM05,92.8809688581
38758,A4,308500,38758,1.82857142857,-0.0220689655172,2002MM06,92.8096885813
38759,A4,308500,38759,1.86046511628,-0.0213793103448,2002MM07,92.7384083045
38760,A4,308500,38760,1.89235880399,-0.0206896551724,2002MM08,92.6671280277
38761,A4,308500,38761,1.92425249169,-0.02,2002MM09,92.5958477509
38762,A4,308500,38762,1.9561461794,-0.0193103448276,2002MM10,92.524567474
38763,A4,308500,38763,1.98803986711,-0.0186206896552,2002MM11,92.4532871972
38764,A4,308500,38764,2.01993355482,-0.0179310344828,2002MM12,92.3820069204
38766,A4,308500,38766,2.05182724252,-0.0172413793103,2003MM01,92.3107266436
38767,A4,308500,38767,2.08372093023,-0.0165517241379,2003MM02,92.2394463668
38768,A4,308500,38768,2.11561461794,-0.0158620689655,2003MM03,92.16816609
38769,A4,308500,38769,2.14750830565,-0.0151724137931,2003MM04,92.0968858131
38770,A4,308500,38770,2.17940199336,-0.0144827586207,2003MM05,92.0256055363
38771,A4,308500,38771,2.21129568106,-0.0137931034483,2003MM06,91.9543252595
38772,A4,308500,38772,2.24318936877,-0.0131034482759,2003MM07,91.8830449827
38773,A4,308500,38773,2.27508305648,-0.0124137931034,2003MM08,91.8117647059
38774,A4,308500,38774,2.30697674419,-0.011724137931,2003MM09,91.7404844291
38775,A4,308500,38775,2.33887043189,-0.0110344827586,2003MM10,91.6692041522
38776,A4,308500,38776,2.3707641196,-0.0103448275862,2003MM11,91.5979238754
38777,A4,308500,38777,2.40265780731,-0.00965517241379,2003MM12,91.5266435986
38779,A4,308500,38779,2.43455149502,-0.00896551724138,2004MM01,91.4553633218
38780,A4,308500,38780,2.46644518272,-0.00827586206897,2004MM02,91.384083045
38781,A4,308500,38781,2.49833887043,-0.00758620689655,2004MM03,91.3128027682
38782,A4,308500,38782,2.53023255814,-0.00689655172414,2004MM04,91.2415224913
38783,A4,308500,38783,2.56212624585,-0.00620689655172,2004MM05,91.1702422145
38784,A4,308500,38784,2.59401993355,-0.00551724137931,2004MM06,91.0989619377
38785,A4,308500,38785,2.62591362126,-0.0048275862069,2004MM07,91.0276816609
38786,A4,308500,38786,2.65780730897,-0.00413793103448,2004MM08,90.9564013841
38787,A4,308500,38787,2.68970099668,-0.00344827586207,2004MM09,90.8851211073
38788,A4,308500,38788,2.72159468439,-0.00275862068966,2004MM10,90.8138408304
38789,A4,308500,38789,2.75348837209,-0.00206896551724,2004MM11,90.7425605536
38790,A4,308500,38790,2.7853820598,-0.00137931034483,2004MM12,90.6712802768
38792,A4,308500,38792,2.81727574751,-0.000689655172414,2005MM01,90.6
38793,A4,308500,38793,2.84916943522,0.0,2005MM02,90.6
38794,A4,308500,38794,2.88106312292,0.0,2005MM03,90.6
38795,A4,308500,38795,2.91295681063,-0.1,2005MM04,90.5
38796,A4,308500,38796,2.94485049834,0.2,2005MM05,90.6
38797,A4,308500,38797,2.97674418605,-0.1,2005MM06,90.5
38798,A4,308500,38798,3.00863787375,0.0,2005MM07,90.6
38799,A4,308500,38799,3.04053156146,0.0,2005MM08,90.5
38800,A4,308500,38800,3.07242524917,0.1,2005MM09,90.6
38801,A4,308500,38801,3.10431893688,-0.1,2005MM10,90.5
38802,A4,308500,38802,3.13621262458,0.2,2005MM11,90.7
38803,A4,308500,38803,3.16810631229,0.2,2005MM12,90.8
38805,A4,308500,38805,3.2,2.9,2006MM01,93.5
38806,A4,308500,38806,3.3,0.2,2006MM02,93.6
38807,A4,308500,38807,3.2,-0.1,2006MM03,93.5
38808,A4,308500,38808,3.3,-0.1,2006MM04,93.4
38809,A4,308500,38809,3.2,0.2,2006MM05,93.6
38810,A4,308500,38810,3.5,0.2,2006MM06,93.7
38811,A4,308500,38811,3.4,-0.1,2006MM07,93.6
38812,A4,308500,38812,3.3,-0.1,2006MM08,93.5
38813,A4,308500,38813,3.2,0.0,2006MM09,93.5
38814,A4,308500,38814,3.5,0.2,2006MM10,93.7
38815,A4,308500,38815,3.3,0.0,2006MM11,93.7
38816,A4,308500,38816,3.4,0.2,2006MM12,93.9
38818,A4,308500,38818,3.9,3.4,2007MM01,97.1
38819,A4,308500,38819,3.9,0.2,2007MM02,97.3
38820,A4,308500,38820,4.0,0.0,2007MM03,97.2
38821,A4,308500,38821,4.4,0.3,2007MM04,97.5
38822,A4,308500,38822,4.1,-0.1,2007MM05,97.4
38823,A4,308500,38823,4.9,0.9,2007MM06,98.3
38824,A4,308500,38824,5.5,0.4,2007MM07,98.7
38825,A4,308500,38825,5.6,0.0,2007MM08,98.7
38826,A4,308500,38826,5.7,0.2,2007MM09,98.9
38827,A4,308500,38827,6.3,0.7,2007MM10,99.6
38828,A4,308500,38828,5.7,-0.6,2007MM11,99.0
38829,A4,308500,38829,6.9,1.4,2007MM12,100.4
38831,A4,308500,38831,4.7,1.3,2008MM01,101.7
38832,A4,308500,38832,4.9,0.3,2008MM02,102.0
38833,A4,308500,38833,5.2,0.3,2008MM03,102.3
38834,A4,308500,38834,4.9,0.0,2008MM04,102.3
38835,A4,308500,38835,5.1,0.0,2008MM05,102.3
38836,A4,308500,38836,4.5,0.4,2008MM06,102.7
38837,A4,308500,38837,3.5,-0.5,2008MM07,102.2
38838,A4,308500,38838,3.3,-0.2,2008MM08,102.0
38839,A4,308500,38839,2.9,-0.2,2008MM09,101.7
38840,A4,308500,38840,2.3,0.2,2008MM10,101.9
38841,A4,308500,38841,2.7,-0.2,2008MM11,101.7
38842,A4,308500,38842,0.8,-0.5,2008MM12,101.2
38844,A4,308500,38844,2.0,2.5,2009MM01,103.7
38845,A4,308500,38845,1.6,-0.1,2009MM02,103.6
38846,A4,308500,38846,1.4,0.1,2009MM03,103.7
38847,A4,308500,38847,0.7,-0.7,2009MM04,103.0
38848,A4,308500,38848,0.8,0.1,2009MM05,103.2
38849,A4,308500,38849,0.7,0.2,2009MM06,103.4
38850,A4,308500,38850,0.8,-0.4,2009MM07,103.0
38851,A4,308500,38851,1.0,0.0,2009MM08,103.0
38852,A4,308500,38852,1.1,-0.1,2009MM09,102.9
38853,A4,308500,38853,0.4,-0.6,2009MM10,102.3
38854,A4,308500,38854,0.6,0.0,2009MM11,102.3
38855,A4,308500,38855,1.2,0.1,2009MM12,102.4
38857,A4,308500,38857,-4.6,-3.4,2010MM01,98.9
38858,A4,308500,38858,-4.5,0.0,2010MM02,99.0
38859,A4,308500,38859,-4.5,0.1,2010MM03,99.1
38860,A4,308500,38860,-4.2,-0.4,2010MM04,98.7
38861,A4,308500,38861,-4.3,0.0,2010MM05,98.7
38862,A4,308500,38862,-4.5,0.0,2010MM06,98.7
38863,A4,308500,38863,-4.1,0.0,2010MM07,98.7
38864,A4,308500,38864,-4.0,0.1,2010MM08,98.9
38865,A4,308500,38865,-3.8,0.1,2010MM09,99.0
38866,A4,308500,38866,1.1,4.5,2010MM10,103.4
38867,A4,308500,38867,1.1,0.1,2010MM11,103.5
38868,A4,308500,38868,1.1,0.0,2010MM12,103.5
38870,A4,308500,38870,6.0,1.3,2011MM01,104.9
38871,A4,308500,38871,6.0,0.0,2011MM02,104.9
38872,A4,308500,38872,6.0,0.1,2011MM03,105.0
38873,A4,308500,38873,7.7,1.3,2011MM04,106.3
38874,A4,308500,38874,7.7,0.0,2011MM05,106.3
38875,A4,308500,38875,7.8,0.0,2011MM06,106.4
38876,A4,308500,38876,8.1,0.3,2011MM07,106.7
38877,A4,308500,38877,7.9,0.0,2011MM08,106.7
38878,A4,308500,38878,7.8,0.0,2011MM09,106.7
38879,A4,308500,38879,3.8,0.5,2011MM10,107.3
38880,A4,308500,38880,3.9,0.2,2011MM11,107.5
38881,A4,308500,38881,3.9,0.0,2011MM12,107.6
38883,A4,308500,38883,9.7,7.0,2012MM01,115.1
38884,A4,308500,38884,9.7,0.0,2012MM02,115.1
38885,A4,308500,38885,9.6,0.0,2012MM03,115.0
38886,A4,308500,38886,10.9,2.5,2012MM04,117.9
38887,A4,308500,38887,10.9,0.0,2012MM05,117.9
38888,A4,308500,38888,10.9,0.0,2012MM06,117.9
38889,A4,308500,38889,10.9,0.3,2012MM07,118.3
38890,A4,308500,38890,11.0,0.1,2012MM08,118.4
38891,A4,308500,38891,11.0,0.0,2012MM09,118.5
38892,A4,308500,38892,12.2,1.6,2012MM10,120.3
38893,A4,308500,38893,11.9,0.0,2012MM11,120.3
38894,A4,308500,38894,11.7,-0.1,2012MM12,120.2
38896,A4,308500,38896,6.2,1.7,2013MM01,122.2
38897,A4,308500,38897,6.0,-0.2,2013MM02,122.0
38898,A4,308500,38898,6.1,0.0,2013MM03,122.0
38899,A4,308500,38899,3.7,0.2,2013MM04,122.2
38900,A4,308500,38900,3.7,0.1,2013MM05,122.3
38901,A4,308500,38901,3.7,0.0,2013MM06,122.3
38902,A4,308500,38902,3.5,0.2,2013MM07,122.5
38903,A4,308500,38903,3.5,0.0,2013MM08,122.6
38904,A4,308500,38904,3.5,0.0,2013MM09,122.6
38905,A4,308500,38905,1.9,0.0,2013MM10,122.6
38906,A4,308500,38906,2.3,0.4,2013MM11,123.1
38907,A4,308500,38907,2.5,0.0,2013MM12,123.2
38909,A4,308500,38909,-1.6,-2.3,2014MM01,120.3
38910,A4,308500,38910,-1.8,-0.4,2014MM02,119.8
38911,A4,308500,38911,-1.8,0.0,2014MM03,119.9
38912,A4,308500,38912,-2.1,-0.2,2014MM04,119.7
38913,A4,308500,38913,-2.8,-0.6,2014MM05,118.9
38914,A4,308500,38914,-2.8,0.1,2014MM06,118.9
38915,A4,308500,38915,-3.0,0.0,2014MM07,118.9
38916,A4,308500,38916,-3.1,-0.1,2014MM08,118.8
38917,A4,308500,38917,-3.1,0.0,2014MM09,118.8
38918,A4,308500,38918,-4.0,-0.9,2014MM10,117.8
38919,A4,308500,38919,-4.3,0.1,2014MM11,117.9
38920,A4,308500,38920,-4.3,0.0,2014MM12,117.8
38922,A4,308500,38922,-6.4,-4.4,2015MM01,112.6
38923,A4,308500,38923,-6.2,-0.2,2015MM02,112.4
38924,A4,308500,38924,-6.1,0.2,2015MM03,112.5
38925,A4,308500,38925,-5.8,0.2,2015MM04,112.8
38926,A4,308500,38926,-5.4,-0.3,2015MM05,112.4
38927,A4,308500,38927,-5.5,0.0,2015MM06,112.4
38928,A4,308500,38928,-5.4,0.0,2015MM07,112.4
38929,A4,308500,38929,-5.2,0.1,2015MM08,112.6
38930,A4,308500,38930,-5.5,-0.3,2015MM09,112.3
38931,A4,308500,38931,-5.7,-1.1,2015MM10,111.1
38932,A4,308500,38932,-5.7,0.0,2015MM11,111.1
38933,A4,308500,38933,-5.4,0.3,2015MM12,111.4
38935,A4,308500,38935,0.5,1.6,2016MM01,113.2
38936,A4,308500,38936,0.8,0.0,2016MM02,113.2
38937,A4,308500,38937,0.7,0.1,2016MM03,113.3
38938,A4,308500,38938,1.2,0.7,2016MM04,114.2
38939,A4,308500,38939,1.5,0.0,2016MM05,114.1
38940,A4,308500,38940,1.7,0.2,2016MM06,114.3
38941,A4,308500,38941,1.9,0.3,2016MM07,114.6
38942,A4,308500,38942,1.9,0.1,2016MM08,114.7
38943,A4,308500,38943,2.1,0.0,2016MM09,114.7
38944,A4,308500,38944,4.0,0.7,2016MM10,115.5
38945,A4,308500,38945,4.0,0.0,2016MM11,115.5
38946,A4,308500,38946,3.7,0.0,2016MM12,115.5
38948,A4,308500,38948,6.0,3.9,2017MM01,120.0
38949,A4,308500,38949,6.0,0.0,2017MM02,120.0
38950,A4,308500,38950,5.9,0.0,2017MM03,120.0
38951,A4,308500,38951,3.1,-1.9,2017MM04,117.7
38952,A4,308500,38952,3.3,0.2,2017MM05,117.9
38953,A4,308500,38953,3.1,0.0,2017MM06,117.9
38954,A4,308500,38954,1.2,-1.7,2017MM07,116.0
38955,A4,308500,38955,1.2,0.1,2017MM08,116.1
38956,A4,308500,38956,1.2,0.0,2017MM09,116.2
38957,A4,308500,38957,0.6,0.1,2017MM10,116.3
38958,A4,308500,38958,0.8,0.1,2017MM11,116.4
38959,A4,308500,38959,0.5,-0.3,2017MM12,116.1
