,Afzet,BedrijfstakkenBranchesSBI2008,ID,OntwikkelingTOV1JaarEerder_2,OntwikkelingTOV1MaandEerder_3,Perioden,ProducentenprijsindexPPI_1
6565,A6,308500,6565,,,2005MM01,93.8
6566,A6,308500,6566,,1.0,2005MM02,94.7
6567,A6,308500,6567,,-1.1,2005MM03,93.7
6568,A6,308500,6568,,-0.5,2005MM04,93.2
6569,A6,308500,6569,,1.5,2005MM05,94.6
6570,A6,308500,6570,,-1.5,2005MM06,93.2
6571,A6,308500,6571,,0.6,2005MM07,93.8
6572,A6,308500,6572,,-1.8,2005MM08,92.1
6573,A6,308500,6573,,0.5,2005MM09,92.6
6574,A6,308500,6574,,0.2,2005MM10,92.8
6575,A6,308500,6575,,-0.6,2005MM11,92.3
6576,A6,308500,6576,,1.7,2005MM12,93.8
6578,A6,308500,6578,1.0,1.0,2006MM01,94.8
6579,A6,308500,6579,-0.8,-0.8,2006MM02,94.0
6580,A6,308500,6580,0.6,0.3,2006MM03,94.3
6581,A6,308500,6581,2.1,1.0,2006MM04,95.2
6582,A6,308500,6582,0.8,0.2,2006MM05,95.4
6583,A6,308500,6583,3.0,0.6,2006MM06,96.0
6584,A6,308500,6584,2.3,-0.1,2006MM07,95.9
6585,A6,308500,6585,4.1,0.0,2006MM08,95.9
6586,A6,308500,6586,4.7,1.1,2006MM09,97.0
6587,A6,308500,6587,4.6,0.1,2006MM10,97.0
6588,A6,308500,6588,5.5,0.3,2006MM11,97.3
6589,A6,308500,6589,3.3,-0.4,2006MM12,96.9
6591,A6,308500,6591,7.7,5.3,2007MM01,102.1
6592,A6,308500,6592,10.7,1.9,2007MM02,104.0
6593,A6,308500,6593,8.9,-1.3,2007MM03,102.6
6594,A6,308500,6594,8.0,0.3,2007MM04,102.9
6595,A6,308500,6595,9.8,1.8,2007MM05,104.7
6596,A6,308500,6596,7.7,-1.3,2007MM06,103.4
6597,A6,308500,6597,12.0,3.9,2007MM07,107.4
6598,A6,308500,6598,19.3,6.5,2007MM08,114.4
6599,A6,308500,6599,20.9,2.5,2007MM09,117.2
6600,A6,308500,6600,14.0,-5.6,2007MM10,110.6
6601,A6,308500,6601,15.2,1.3,2007MM11,112.1
6602,A6,308500,6602,10.1,-4.7,2007MM12,106.8
6604,A6,308500,6604,10.5,5.7,2008MM01,112.8
6605,A6,308500,6605,10.4,1.8,2008MM02,114.8
6606,A6,308500,6606,11.8,-0.1,2008MM03,114.7
6607,A6,308500,6607,11.1,-0.4,2008MM04,114.3
6608,A6,308500,6608,10.5,1.3,2008MM05,115.7
6609,A6,308500,6609,11.7,-0.2,2008MM06,115.5
6610,A6,308500,6610,7.9,0.4,2008MM07,116.0
6611,A6,308500,6611,1.4,0.1,2008MM08,116.0
6612,A6,308500,6612,-5.1,-4.1,2008MM09,111.3
6613,A6,308500,6613,0.6,0.1,2008MM10,111.3
6614,A6,308500,6614,-3.4,-2.8,2008MM11,108.3
6615,A6,308500,6615,4.5,3.0,2008MM12,111.5
6617,A6,308500,6617,-0.6,0.6,2009MM01,112.2
6618,A6,308500,6618,-2.0,0.4,2009MM02,112.6
6619,A6,308500,6619,-2.5,-0.7,2009MM03,111.8
6620,A6,308500,6620,-2.9,-0.8,2009MM04,111.0
6621,A6,308500,6621,-3.7,0.4,2009MM05,111.4
6622,A6,308500,6622,-3.6,0.0,2009MM06,111.4
6623,A6,308500,6623,-4.5,-0.6,2009MM07,110.7
6624,A6,308500,6624,-6.3,-1.8,2009MM08,108.7
6625,A6,308500,6625,-8.7,-6.5,2009MM09,101.6
6626,A6,308500,6626,-8.0,0.8,2009MM10,102.4
6627,A6,308500,6627,-6.3,-1.0,2009MM11,101.4
6628,A6,308500,6628,-8.2,1.0,2009MM12,102.4
6630,A6,308500,6630,-11.9,-3.4,2010MM01,98.8
6631,A6,308500,6631,-12.0,0.2,2010MM02,99.0
6632,A6,308500,6632,-11.4,0.1,2010MM03,99.1
6633,A6,308500,6633,-11.3,-0.7,2010MM04,98.4
6634,A6,308500,6634,-11.7,0.0,2010MM05,98.4
6635,A6,308500,6635,-11.7,0.0,2010MM06,98.4
6636,A6,308500,6636,-10.5,0.7,2010MM07,99.1
6637,A6,308500,6637,-8.5,0.3,2010MM08,99.4
6638,A6,308500,6638,-2.2,0.0,2010MM09,99.4
6639,A6,308500,6639,0.9,3.9,2010MM10,103.3
6640,A6,308500,6640,1.9,-0.1,2010MM11,103.3
6641,A6,308500,6641,0.8,-0.1,2010MM12,103.2
6643,A6,308500,6643,5.7,1.2,2011MM01,104.4
6644,A6,308500,6644,5.4,-0.1,2011MM02,104.4
6645,A6,308500,6645,5.7,0.4,2011MM03,104.7
6646,A6,308500,6646,8.3,1.8,2011MM04,106.6
6647,A6,308500,6647,8.5,0.1,2011MM05,106.7
6648,A6,308500,6648,8.8,0.3,2011MM06,107.0
6649,A6,308500,6649,8.4,0.4,2011MM07,107.5
6650,A6,308500,6650,7.7,-0.3,2011MM08,107.1
6651,A6,308500,6651,7.3,-0.4,2011MM09,106.7
6652,A6,308500,6652,5.9,2.5,2011MM10,109.4
6653,A6,308500,6653,6.3,0.4,2011MM11,109.8
6654,A6,308500,6654,6.4,-0.1,2011MM12,109.8
6656,A6,308500,6656,10.5,5.1,2012MM01,115.4
6657,A6,308500,6657,10.1,-0.5,2012MM02,114.9
6658,A6,308500,6658,9.7,0.0,2012MM03,114.9
6659,A6,308500,6659,9.4,1.5,2012MM04,116.7
6660,A6,308500,6660,9.6,0.2,2012MM05,116.9
6661,A6,308500,6661,9.1,-0.1,2012MM06,116.8
6662,A6,308500,6662,9.3,0.5,2012MM07,117.4
6663,A6,308500,6663,9.4,-0.2,2012MM08,117.2
6664,A6,308500,6664,9.7,-0.1,2012MM09,117.1
6665,A6,308500,6665,7.6,0.6,2012MM10,117.8
6666,A6,308500,6666,7.2,0.0,2012MM11,117.8
6667,A6,308500,6667,7.1,-0.2,2012MM12,117.5
6669,A6,308500,6669,3.1,1.2,2013MM01,119.0
6670,A6,308500,6670,3.3,-0.2,2013MM02,118.7
6671,A6,308500,6671,3.4,0.1,2013MM03,118.8
6672,A6,308500,6672,1.5,-0.3,2013MM04,118.4
6673,A6,308500,6673,1.0,-0.2,2013MM05,118.2
6674,A6,308500,6674,1.1,0.0,2013MM06,118.1
6675,A6,308500,6675,0.4,-0.2,2013MM07,118.0
6676,A6,308500,6676,0.6,0.0,2013MM08,118.0
6677,A6,308500,6677,0.7,0.0,2013MM09,117.9
6678,A6,308500,6678,-0.9,-1.0,2013MM10,116.7
6679,A6,308500,6679,-0.6,0.3,2013MM11,117.1
6680,A6,308500,6680,-0.4,0.0,2013MM12,117.1
6682,A6,308500,6682,-3.3,-1.7,2014MM01,115.0
6683,A6,308500,6683,-3.3,-0.3,2014MM02,114.7
6684,A6,308500,6684,-3.4,0.0,2014MM03,114.8
6685,A6,308500,6685,-3.4,-0.3,2014MM04,114.4
6686,A6,308500,6686,-3.5,-0.4,2014MM05,114.0
6687,A6,308500,6687,-3.5,0.0,2014MM06,114.0
6688,A6,308500,6688,-3.6,-0.2,2014MM07,113.7
6689,A6,308500,6689,-3.7,-0.1,2014MM08,113.6
6690,A6,308500,6690,-3.6,0.0,2014MM09,113.7
6691,A6,308500,6691,-6.0,-3.4,2014MM10,109.8
6692,A6,308500,6692,-6.2,0.1,2014MM11,109.9
6693,A6,308500,6693,-6.2,0.0,2014MM12,109.8
6695,A6,308500,6695,-7.9,-3.5,2015MM01,106.0
6696,A6,308500,6696,-7.9,-0.3,2015MM02,105.7
6697,A6,308500,6697,-7.4,0.5,2015MM03,106.3
6698,A6,308500,6698,-3.7,3.7,2015MM04,110.2
6699,A6,308500,6699,-3.6,-0.4,2015MM05,109.8
6700,A6,308500,6700,-3.7,-0.1,2015MM06,109.7
6701,A6,308500,6701,-3.1,0.4,2015MM07,110.1
6702,A6,308500,6702,-2.8,0.2,2015MM08,110.4
6703,A6,308500,6703,-2.7,0.2,2015MM09,110.6
6704,A6,308500,6704,0.1,-0.7,2015MM10,109.8
6705,A6,308500,6705,-0.1,0.0,2015MM11,109.8
6706,A6,308500,6706,0.5,0.5,2015MM12,110.4
6708,A6,308500,6708,5.5,1.3,2016MM01,111.8
6709,A6,308500,6709,6.3,0.5,2016MM02,112.4
6710,A6,308500,6710,5.4,-0.3,2016MM03,112.0
6711,A6,308500,6711,4.8,3.1,2016MM04,115.5
6712,A6,308500,6712,5.0,-0.2,2016MM05,115.3
6713,A6,308500,6713,5.3,0.2,2016MM06,115.5
6714,A6,308500,6714,6.7,1.7,2016MM07,117.5
6715,A6,308500,6715,6.5,0.1,2016MM08,117.6
6716,A6,308500,6716,6.3,0.0,2016MM09,117.6
6717,A6,308500,6717,7.7,0.6,2016MM10,118.3
6718,A6,308500,6718,7.7,0.0,2016MM11,118.3
6719,A6,308500,6719,7.7,0.5,2016MM12,118.9
6721,A6,308500,6721,7.3,0.9,2017MM01,120.0
6722,A6,308500,6722,6.7,-0.1,2017MM02,119.9
6723,A6,308500,6723,7.1,0.1,2017MM03,120.0
6724,A6,308500,6724,2.0,-1.8,2017MM04,117.9
6725,A6,308500,6725,2.3,0.1,2017MM05,117.9
6726,A6,308500,6726,2.4,0.3,2017MM06,118.2
6727,A6,308500,6727,-4.1,-4.7,2017MM07,112.7
6728,A6,308500,6728,-4.5,-0.3,2017MM08,112.4
6729,A6,308500,6729,-4.4,0.1,2017MM09,112.5
6730,A6,308500,6730,-5.8,-0.9,2017MM10,111.4
6731,A6,308500,6731,-5.8,0.0,2017MM11,111.5
6732,A6,308500,6732,-6.4,-0.2,2017MM12,111.2
