,Afzet,BedrijfstakkenBranchesSBI2008,ID,OntwikkelingTOV1JaarEerder_2,OntwikkelingTOV1MaandEerder_3,Perioden,ProducentenprijsindexPPI_1
70707,A5,308500,70707,0.489700996678,-0.29,1981MM01,116.043252595
70708,A5,308500,70708,0.479401993355,-0.28,1981MM02,115.98650519
70709,A5,308500,70709,0.469102990033,-0.27,1981MM03,115.929757785
70710,A5,308500,70710,0.458803986711,-0.26,1981MM04,115.873010381
70711,A5,308500,70711,0.448504983389,-0.25,1981MM05,115.816262976
70712,A5,308500,70712,0.438205980066,-0.24,1981MM06,115.759515571
70713,A5,308500,70713,0.427906976744,-0.23,1981MM07,115.702768166
70714,A5,308500,70714,0.417607973422,-0.22,1981MM08,115.646020761
70715,A5,308500,70715,0.4073089701,-0.21,1981MM09,115.589273356
70716,A5,308500,70716,0.397009966777,-0.2,1981MM10,115.532525952
70717,A5,308500,70717,0.386710963455,-0.19,1981MM11,115.475778547
70718,A5,308500,70718,0.376411960133,-0.18,1981MM12,115.419031142
70720,A5,308500,70720,0.366112956811,-0.17,1982MM01,115.362283737
70721,A5,308500,70721,0.355813953488,-0.16,1982MM02,115.305536332
70722,A5,308500,70722,0.345514950166,-0.15,1982MM03,115.248788927
70723,A5,308500,70723,0.335215946844,-0.14,1982MM04,115.192041522
70724,A5,308500,70724,0.324916943522,-0.13,1982MM05,115.135294118
70725,A5,308500,70725,0.314617940199,-0.12,1982MM06,115.078546713
70726,A5,308500,70726,0.304318936877,-0.11,1982MM07,115.021799308
70727,A5,308500,70727,0.294019933555,-0.1,1982MM08,114.965051903
70728,A5,308500,70728,0.283720930233,-0.09,1982MM09,114.908304498
70729,A5,308500,70729,0.27342192691,-0.08,1982MM10,114.851557093
70730,A5,308500,70730,0.263122923588,-0.07,1982MM11,114.794809689
70731,A5,308500,70731,0.252823920266,-0.06,1982MM12,114.738062284
70733,A5,308500,70733,0.242524916944,-0.05,1983MM01,114.681314879
70734,A5,308500,70734,0.232225913621,-0.04,1983MM02,114.624567474
70735,A5,308500,70735,0.221926910299,-0.03,1983MM03,114.567820069
70736,A5,308500,70736,0.211627906977,-0.02,1983MM04,114.511072664
70737,A5,308500,70737,0.201328903654,-0.01,1983MM05,114.45432526
70738,A5,308500,70738,0.191029900332,0.0,1983MM06,114.397577855
70739,A5,308500,70739,0.18073089701,0.01,1983MM07,114.34083045
70740,A5,308500,70740,0.170431893688,0.02,1983MM08,114.284083045
70741,A5,308500,70741,0.160132890365,0.03,1983MM09,114.22733564
70742,A5,308500,70742,0.149833887043,0.04,1983MM10,114.170588235
70743,A5,308500,70743,0.139534883721,0.05,1983MM11,114.11384083
70744,A5,308500,70744,0.129235880399,0.06,1983MM12,114.057093426
70746,A5,308500,70746,0.118936877076,0.07,1984MM01,114.000346021
70747,A5,308500,70747,0.108637873754,0.08,1984MM02,113.943598616
70748,A5,308500,70748,0.0983388704319,0.09,1984MM03,113.886851211
70749,A5,308500,70749,0.0880398671096,0.1,1984MM04,113.830103806
70750,A5,308500,70750,0.0777408637874,0.11,1984MM05,113.773356401
70751,A5,308500,70751,0.0674418604651,0.12,1984MM06,113.716608997
70752,A5,308500,70752,0.0571428571429,0.13,1984MM07,113.659861592
70753,A5,308500,70753,0.0468438538206,0.14,1984MM08,113.603114187
70754,A5,308500,70754,0.0365448504983,0.15,1984MM09,113.546366782
70755,A5,308500,70755,0.0262458471761,0.16,1984MM10,113.489619377
70756,A5,308500,70756,0.0159468438538,0.17,1984MM11,113.432871972
70757,A5,308500,70757,0.00564784053156,0.18,1984MM12,113.376124567
70759,A5,308500,70759,-0.0046511627907,0.19,1985MM01,113.319377163
70760,A5,308500,70760,-0.014950166113,0.2,1985MM02,113.262629758
70761,A5,308500,70761,-0.0252491694352,0.21,1985MM03,113.205882353
70762,A5,308500,70762,-0.0355481727575,0.22,1985MM04,113.149134948
70763,A5,308500,70763,-0.0458471760797,0.23,1985MM05,113.092387543
70764,A5,308500,70764,-0.056146179402,0.24,1985MM06,113.035640138
70765,A5,308500,70765,-0.0664451827243,0.25,1985MM07,112.978892734
70766,A5,308500,70766,-0.0767441860465,0.26,1985MM08,112.922145329
70767,A5,308500,70767,-0.0870431893688,0.27,1985MM09,112.865397924
70768,A5,308500,70768,-0.097342192691,0.28,1985MM10,112.808650519
70769,A5,308500,70769,-0.107641196013,0.29,1985MM11,112.751903114
70770,A5,308500,70770,-0.117940199336,0.3,1985MM12,112.695155709
70772,A5,308500,70772,-0.128239202658,0.31,1986MM01,112.638408304
70773,A5,308500,70773,-0.13853820598,0.32,1986MM02,112.5816609
70774,A5,308500,70774,-0.148837209302,0.33,1986MM03,112.524913495
70775,A5,308500,70775,-0.159136212625,0.34,1986MM04,112.46816609
70776,A5,308500,70776,-0.169435215947,0.35,1986MM05,112.411418685
70777,A5,308500,70777,-0.179734219269,0.36,1986MM06,112.35467128
70778,A5,308500,70778,-0.190033222591,0.37,1986MM07,112.297923875
70779,A5,308500,70779,-0.200332225914,0.38,1986MM08,112.241176471
70780,A5,308500,70780,-0.210631229236,0.39,1986MM09,112.184429066
70781,A5,308500,70781,-0.220930232558,0.4,1986MM10,112.127681661
70782,A5,308500,70782,-0.23122923588,0.41,1986MM11,112.070934256
70783,A5,308500,70783,-0.241528239203,0.42,1986MM12,112.014186851
70785,A5,308500,70785,-0.251827242525,0.43,1987MM01,111.957439446
70786,A5,308500,70786,-0.262126245847,0.44,1987MM02,111.900692042
70787,A5,308500,70787,-0.272425249169,0.45,1987MM03,111.843944637
70788,A5,308500,70788,-0.282724252492,0.46,1987MM04,111.787197232
70789,A5,308500,70789,-0.293023255814,0.47,1987MM05,111.730449827
70790,A5,308500,70790,-0.303322259136,0.48,1987MM06,111.673702422
70791,A5,308500,70791,-0.313621262458,0.49,1987MM07,111.616955017
70792,A5,308500,70792,-0.323920265781,0.5,1987MM08,111.560207612
70793,A5,308500,70793,-0.334219269103,0.51,1987MM09,111.503460208
70794,A5,308500,70794,-0.344518272425,0.52,1987MM10,111.446712803
70795,A5,308500,70795,-0.354817275748,0.53,1987MM11,111.389965398
70796,A5,308500,70796,-0.36511627907,0.54,1987MM12,111.333217993
70798,A5,308500,70798,-0.375415282392,0.55,1988MM01,111.276470588
70799,A5,308500,70799,-0.385714285714,0.56,1988MM02,111.219723183
70800,A5,308500,70800,-0.396013289037,0.57,1988MM03,111.162975779
70801,A5,308500,70801,-0.406312292359,0.58,1988MM04,111.106228374
70802,A5,308500,70802,-0.416611295681,0.59,1988MM05,111.049480969
70803,A5,308500,70803,-0.426910299003,0.6,1988MM06,110.992733564
70804,A5,308500,70804,-0.437209302326,0.61,1988MM07,110.935986159
70805,A5,308500,70805,-0.447508305648,0.62,1988MM08,110.879238754
70806,A5,308500,70806,-0.45780730897,0.63,1988MM09,110.822491349
70807,A5,308500,70807,-0.468106312292,0.64,1988MM10,110.765743945
70808,A5,308500,70808,-0.478405315615,0.65,1988MM11,110.70899654
70809,A5,308500,70809,-0.488704318937,0.66,1988MM12,110.652249135
70811,A5,308500,70811,-0.499003322259,0.67,1989MM01,110.59550173
70812,A5,308500,70812,-0.509302325581,0.68,1989MM02,110.538754325
70813,A5,308500,70813,-0.519601328904,0.69,1989MM03,110.48200692
70814,A5,308500,70814,-0.529900332226,0.7,1989MM04,110.425259516
70815,A5,308500,70815,-0.540199335548,0.71,1989MM05,110.368512111
70816,A5,308500,70816,-0.55049833887,0.72,1989MM06,110.311764706
70817,A5,308500,70817,-0.560797342193,0.73,1989MM07,110.255017301
70818,A5,308500,70818,-0.571096345515,0.74,1989MM08,110.198269896
70819,A5,308500,70819,-0.581395348837,0.75,1989MM09,110.141522491
70820,A5,308500,70820,-0.591694352159,0.76,1989MM10,110.084775087
70821,A5,308500,70821,-0.601993355482,0.77,1989MM11,110.028027682
70822,A5,308500,70822,-0.612292358804,0.78,1989MM12,109.971280277
70824,A5,308500,70824,-0.622591362126,0.79,1990MM01,109.914532872
70825,A5,308500,70825,-0.632890365449,0.8,1990MM02,109.857785467
70826,A5,308500,70826,-0.643189368771,0.81,1990MM03,109.801038062
70827,A5,308500,70827,-0.653488372093,0.82,1990MM04,109.744290657
70828,A5,308500,70828,-0.663787375415,0.83,1990MM05,109.687543253
70829,A5,308500,70829,-0.674086378738,0.84,1990MM06,109.630795848
70830,A5,308500,70830,-0.68438538206,0.85,1990MM07,109.574048443
70831,A5,308500,70831,-0.694684385382,0.86,1990MM08,109.517301038
70832,A5,308500,70832,-0.704983388704,0.87,1990MM09,109.460553633
70833,A5,308500,70833,-0.715282392027,0.88,1990MM10,109.403806228
70834,A5,308500,70834,-0.725581395349,0.89,1990MM11,109.347058824
70835,A5,308500,70835,-0.735880398671,0.9,1990MM12,109.290311419
70837,A5,308500,70837,-0.746179401993,0.91,1991MM01,109.233564014
70838,A5,308500,70838,-0.756478405316,0.92,1991MM02,109.176816609
70839,A5,308500,70839,-0.766777408638,0.93,1991MM03,109.120069204
70840,A5,308500,70840,-0.77707641196,0.94,1991MM04,109.063321799
70841,A5,308500,70841,-0.787375415282,0.95,1991MM05,109.006574394
70842,A5,308500,70842,-0.797674418605,0.96,1991MM06,108.94982699
70843,A5,308500,70843,-0.807973421927,0.97,1991MM07,108.893079585
70844,A5,308500,70844,-0.818272425249,0.98,1991MM08,108.83633218
70845,A5,308500,70845,-0.828571428571,0.99,1991MM09,108.779584775
70846,A5,308500,70846,-0.838870431894,1.0,1991MM10,108.72283737
70847,A5,308500,70847,-0.849169435216,1.01,1991MM11,108.666089965
70848,A5,308500,70848,-0.859468438538,1.02,1991MM12,108.609342561
70850,A5,308500,70850,-0.86976744186,1.03,1992MM01,108.552595156
70851,A5,308500,70851,-0.880066445183,1.04,1992MM02,108.495847751
70852,A5,308500,70852,-0.890365448505,1.05,1992MM03,108.439100346
70853,A5,308500,70853,-0.900664451827,1.06,1992MM04,108.382352941
70854,A5,308500,70854,-0.91096345515,1.07,1992MM05,108.325605536
70855,A5,308500,70855,-0.921262458472,1.08,1992MM06,108.268858131
70856,A5,308500,70856,-0.931561461794,1.09,1992MM07,108.212110727
70857,A5,308500,70857,-0.941860465116,1.1,1992MM08,108.155363322
70858,A5,308500,70858,-0.952159468439,1.11,1992MM09,108.098615917
70859,A5,308500,70859,-0.962458471761,1.12,1992MM10,108.041868512
70860,A5,308500,70860,-0.972757475083,1.13,1992MM11,107.985121107
70861,A5,308500,70861,-0.983056478405,1.14,1992MM12,107.928373702
70863,A5,308500,70863,-0.993355481728,1.15,1993MM01,107.871626298
70864,A5,308500,70864,-1.00365448505,1.16,1993MM02,107.814878893
70865,A5,308500,70865,-1.01395348837,1.17,1993MM03,107.758131488
70866,A5,308500,70866,-1.02425249169,1.18,1993MM04,107.701384083
70867,A5,308500,70867,-1.03455149502,1.19,1993MM05,107.644636678
70868,A5,308500,70868,-1.04485049834,1.2,1993MM06,107.587889273
70869,A5,308500,70869,-1.05514950166,1.21,1993MM07,107.531141869
70870,A5,308500,70870,-1.06544850498,1.22,1993MM08,107.474394464
70871,A5,308500,70871,-1.07574750831,1.23,1993MM09,107.417647059
70872,A5,308500,70872,-1.08604651163,1.24,1993MM10,107.360899654
70873,A5,308500,70873,-1.09634551495,1.25,1993MM11,107.304152249
70874,A5,308500,70874,-1.10664451827,1.26,1993MM12,107.247404844
70876,A5,308500,70876,-1.11694352159,1.27,1994MM01,107.190657439
70877,A5,308500,70877,-1.12724252492,1.28,1994MM02,107.133910035
70878,A5,308500,70878,-1.13754152824,1.29,1994MM03,107.07716263
70879,A5,308500,70879,-1.14784053156,1.3,1994MM04,107.020415225
70880,A5,308500,70880,-1.15813953488,1.31,1994MM05,106.96366782
70881,A5,308500,70881,-1.16843853821,1.32,1994MM06,106.906920415
70882,A5,308500,70882,-1.17873754153,1.33,1994MM07,106.85017301
70883,A5,308500,70883,-1.18903654485,1.34,1994MM08,106.793425606
70884,A5,308500,70884,-1.19933554817,1.35,1994MM09,106.736678201
70885,A5,308500,70885,-1.2096345515,1.36,1994MM10,106.679930796
70886,A5,308500,70886,-1.21993355482,1.37,1994MM11,106.623183391
70887,A5,308500,70887,-1.23023255814,1.38,1994MM12,106.566435986
70889,A5,308500,70889,-1.24053156146,1.39,1995MM01,106.509688581
70890,A5,308500,70890,-1.25083056478,1.4,1995MM02,106.452941176
70891,A5,308500,70891,-1.26112956811,1.41,1995MM03,106.396193772
70892,A5,308500,70892,-1.27142857143,1.42,1995MM04,106.339446367
70893,A5,308500,70893,-1.28172757475,1.43,1995MM05,106.282698962
70894,A5,308500,70894,-1.29202657807,1.44,1995MM06,106.225951557
70895,A5,308500,70895,-1.3023255814,1.45,1995MM07,106.169204152
70896,A5,308500,70896,-1.31262458472,1.46,1995MM08,106.112456747
70897,A5,308500,70897,-1.32292358804,1.47,1995MM09,106.055709343
70898,A5,308500,70898,-1.33322259136,1.48,1995MM10,105.998961938
70899,A5,308500,70899,-1.34352159468,1.49,1995MM11,105.942214533
70900,A5,308500,70900,-1.35382059801,1.5,1995MM12,105.885467128
70902,A5,308500,70902,-1.36411960133,1.51,1996MM01,105.828719723
70903,A5,308500,70903,-1.37441860465,1.52,1996MM02,105.771972318
70904,A5,308500,70904,-1.38471760797,1.53,1996MM03,105.715224913
70905,A5,308500,70905,-1.3950166113,1.54,1996MM04,105.658477509
70906,A5,308500,70906,-1.40531561462,1.55,1996MM05,105.601730104
70907,A5,308500,70907,-1.41561461794,1.56,1996MM06,105.544982699
70908,A5,308500,70908,-1.42591362126,1.57,1996MM07,105.488235294
70909,A5,308500,70909,-1.43621262458,1.58,1996MM08,105.431487889
70910,A5,308500,70910,-1.44651162791,1.59,1996MM09,105.374740484
70911,A5,308500,70911,-1.45681063123,1.6,1996MM10,105.31799308
70912,A5,308500,70912,-1.46710963455,1.61,1996MM11,105.261245675
70913,A5,308500,70913,-1.47740863787,1.62,1996MM12,105.20449827
70915,A5,308500,70915,-1.4877076412,1.63,1997MM01,105.147750865
70916,A5,308500,70916,-1.49800664452,1.64,1997MM02,105.09100346
70917,A5,308500,70917,-1.50830564784,1.65,1997MM03,105.034256055
70918,A5,308500,70918,-1.51860465116,1.66,1997MM04,104.977508651
70919,A5,308500,70919,-1.52890365449,1.67,1997MM05,104.920761246
70920,A5,308500,70920,-1.53920265781,1.68,1997MM06,104.864013841
70921,A5,308500,70921,-1.54950166113,1.69,1997MM07,104.807266436
70922,A5,308500,70922,-1.55980066445,1.7,1997MM08,104.750519031
70923,A5,308500,70923,-1.57009966777,1.71,1997MM09,104.693771626
70924,A5,308500,70924,-1.5803986711,1.72,1997MM10,104.637024221
70925,A5,308500,70925,-1.59069767442,1.73,1997MM11,104.580276817
70926,A5,308500,70926,-1.60099667774,1.74,1997MM12,104.523529412
70928,A5,308500,70928,-1.61129568106,1.75,1998MM01,104.466782007
70929,A5,308500,70929,-1.62159468439,1.76,1998MM02,104.410034602
70930,A5,308500,70930,-1.63189368771,1.77,1998MM03,104.353287197
70931,A5,308500,70931,-1.64219269103,1.78,1998MM04,104.296539792
70932,A5,308500,70932,-1.65249169435,1.79,1998MM05,104.239792388
70933,A5,308500,70933,-1.66279069767,1.8,1998MM06,104.183044983
70934,A5,308500,70934,-1.673089701,1.81,1998MM07,104.126297578
70935,A5,308500,70935,-1.68338870432,1.82,1998MM08,104.069550173
70936,A5,308500,70936,-1.69368770764,1.83,1998MM09,104.012802768
70937,A5,308500,70937,-1.70398671096,1.84,1998MM10,103.956055363
70938,A5,308500,70938,-1.71428571429,1.85,1998MM11,103.899307958
70939,A5,308500,70939,-1.72458471761,1.86,1998MM12,103.842560554
70941,A5,308500,70941,-1.73488372093,1.87,1999MM01,103.785813149
70942,A5,308500,70942,-1.74518272425,1.88,1999MM02,103.729065744
70943,A5,308500,70943,-1.75548172757,1.89,1999MM03,103.672318339
70944,A5,308500,70944,-1.7657807309,1.9,1999MM04,103.615570934
70945,A5,308500,70945,-1.77607973422,1.91,1999MM05,103.558823529
70946,A5,308500,70946,-1.78637873754,1.92,1999MM06,103.502076125
70947,A5,308500,70947,-1.79667774086,1.93,1999MM07,103.44532872
70948,A5,308500,70948,-1.80697674419,1.94,1999MM08,103.388581315
70949,A5,308500,70949,-1.81727574751,1.95,1999MM09,103.33183391
70950,A5,308500,70950,-1.82757475083,1.96,1999MM10,103.275086505
70951,A5,308500,70951,-1.83787375415,1.97,1999MM11,103.2183391
70952,A5,308500,70952,-1.84817275748,1.98,1999MM12,103.161591696
70954,A5,308500,70954,-1.8584717608,1.99,2000MM01,103.104844291
70955,A5,308500,70955,-1.86877076412,2.0,2000MM02,103.048096886
70956,A5,308500,70956,-1.87906976744,2.01,2000MM03,102.991349481
70957,A5,308500,70957,-1.88936877076,2.02,2000MM04,102.934602076
70958,A5,308500,70958,-1.89966777409,2.03,2000MM05,102.877854671
70959,A5,308500,70959,-1.90996677741,2.04,2000MM06,102.821107266
70960,A5,308500,70960,-1.92026578073,2.05,2000MM07,102.764359862
70961,A5,308500,70961,-1.93056478405,2.06,2000MM08,102.707612457
70962,A5,308500,70962,-1.94086378738,2.07,2000MM09,102.650865052
70963,A5,308500,70963,-1.9511627907,2.08,2000MM10,102.594117647
70964,A5,308500,70964,-1.96146179402,2.09,2000MM11,102.537370242
70965,A5,308500,70965,-1.97176079734,2.1,2000MM12,102.480622837
70967,A5,308500,70967,-1.98205980066,2.11,2001MM01,102.423875433
70968,A5,308500,70968,-1.99235880399,2.12,2001MM02,102.367128028
70969,A5,308500,70969,-2.00265780731,2.13,2001MM03,102.310380623
70970,A5,308500,70970,-2.01295681063,2.14,2001MM04,102.253633218
70971,A5,308500,70971,-2.02325581395,2.15,2001MM05,102.196885813
70972,A5,308500,70972,-2.03355481728,2.16,2001MM06,102.140138408
70973,A5,308500,70973,-2.0438538206,2.17,2001MM07,102.083391003
70974,A5,308500,70974,-2.05415282392,2.18,2001MM08,102.026643599
70975,A5,308500,70975,-2.06445182724,2.19,2001MM09,101.969896194
70976,A5,308500,70976,-2.07475083056,2.2,2001MM10,101.913148789
70977,A5,308500,70977,-2.08504983389,2.21,2001MM11,101.856401384
70978,A5,308500,70978,-2.09534883721,2.22,2001MM12,101.799653979
70980,A5,308500,70980,-2.10564784053,2.23,2002MM01,101.742906574
70981,A5,308500,70981,-2.11594684385,2.24,2002MM02,101.68615917
70982,A5,308500,70982,-2.12624584718,2.25,2002MM03,101.629411765
70983,A5,308500,70983,-2.1365448505,2.26,2002MM04,101.57266436
70984,A5,308500,70984,-2.14684385382,2.27,2002MM05,101.515916955
70985,A5,308500,70985,-2.15714285714,2.28,2002MM06,101.45916955
70986,A5,308500,70986,-2.16744186047,2.29,2002MM07,101.402422145
70987,A5,308500,70987,-2.17774086379,2.3,2002MM08,101.34567474
70988,A5,308500,70988,-2.18803986711,2.31,2002MM09,101.288927336
70989,A5,308500,70989,-2.19833887043,2.32,2002MM10,101.232179931
70990,A5,308500,70990,-2.20863787375,2.33,2002MM11,101.175432526
70991,A5,308500,70991,-2.21893687708,2.34,2002MM12,101.118685121
70993,A5,308500,70993,-2.2292358804,2.35,2003MM01,101.061937716
70994,A5,308500,70994,-2.23953488372,2.36,2003MM02,101.005190311
70995,A5,308500,70995,-2.24983388704,2.37,2003MM03,100.948442907
70996,A5,308500,70996,-2.26013289037,2.38,2003MM04,100.891695502
70997,A5,308500,70997,-2.27043189369,2.39,2003MM05,100.834948097
70998,A5,308500,70998,-2.28073089701,2.4,2003MM06,100.778200692
70999,A5,308500,70999,-2.29102990033,2.41,2003MM07,100.721453287
71000,A5,308500,71000,-2.30132890365,2.42,2003MM08,100.664705882
71001,A5,308500,71001,-2.31162790698,2.43,2003MM09,100.607958478
71002,A5,308500,71002,-2.3219269103,2.44,2003MM10,100.551211073
71003,A5,308500,71003,-2.33222591362,2.45,2003MM11,100.494463668
71004,A5,308500,71004,-2.34252491694,2.46,2003MM12,100.437716263
71006,A5,308500,71006,-2.35282392027,2.47,2004MM01,100.380968858
71007,A5,308500,71007,-2.36312292359,2.48,2004MM02,100.324221453
71008,A5,308500,71008,-2.37342192691,2.49,2004MM03,100.267474048
71009,A5,308500,71009,-2.38372093023,2.5,2004MM04,100.210726644
71010,A5,308500,71010,-2.39401993355,2.51,2004MM05,100.153979239
71011,A5,308500,71011,-2.40431893688,2.52,2004MM06,100.097231834
71012,A5,308500,71012,-2.4146179402,2.53,2004MM07,100.040484429
71013,A5,308500,71013,-2.42491694352,2.54,2004MM08,99.9837370242
71014,A5,308500,71014,-2.43521594684,2.55,2004MM09,99.9269896194
71015,A5,308500,71015,-2.44551495017,2.56,2004MM10,99.8702422145
71016,A5,308500,71016,-2.45581395349,2.57,2004MM11,99.8134948097
71017,A5,308500,71017,-2.46611295681,2.58,2004MM12,99.7567474048
71019,A5,308500,71019,-2.47641196013,2.59,2005MM01,99.7
71020,A5,308500,71020,-2.48671096346,2.6,2005MM02,102.3
71021,A5,308500,71021,-2.49700996678,-2.7,2005MM03,99.5
71022,A5,308500,71022,-2.5073089701,-1.1,2005MM04,98.4
71023,A5,308500,71023,-2.51760797342,3.8,2005MM05,102.1
71024,A5,308500,71024,-2.52790697674,-3.8,2005MM06,98.2
71025,A5,308500,71025,-2.53820598007,1.6,2005MM07,99.8
71026,A5,308500,71026,-2.54850498339,-4.7,2005MM08,95.1
71027,A5,308500,71027,-2.55880398671,1.3,2005MM09,96.3
71028,A5,308500,71028,-2.56910299003,0.9,2005MM10,97.1
71029,A5,308500,71029,-2.57940199336,-1.9,2005MM11,95.3
71030,A5,308500,71030,-2.58970099668,4.5,2005MM12,99.5
71032,A5,308500,71032,-2.6,-2.3,2006MM01,97.2
71033,A5,308500,71033,-7.5,-2.6,2006MM02,94.6
71034,A5,308500,71034,-3.9,1.1,2006MM03,95.7
71035,A5,308500,71035,0.2,3.0,2006MM04,98.6
71036,A5,308500,71036,-3.2,0.2,2006MM05,98.8
71037,A5,308500,71037,2.0,1.4,2006MM06,100.2
71038,A5,308500,71038,0.4,0.0,2006MM07,100.2
71039,A5,308500,71039,5.5,0.1,2006MM08,100.3
71040,A5,308500,71040,7.4,3.1,2006MM09,103.4
71041,A5,308500,71041,6.3,-0.1,2006MM10,103.3
71042,A5,308500,71042,9.3,0.8,2006MM11,104.1
71043,A5,308500,71043,3.1,-1.4,2006MM12,102.6
71045,A5,308500,71045,14.7,8.6,2007MM01,111.5
71046,A5,308500,71046,23.3,4.6,2007MM02,116.6
71047,A5,308500,71047,17.8,-3.4,2007MM03,112.7
71048,A5,308500,71048,14.5,0.2,2007MM04,112.9
71049,A5,308500,71049,19.9,4.9,2007MM05,118.5
71050,A5,308500,71050,12.8,-4.7,2007MM06,113.0
71051,A5,308500,71051,23.5,9.6,2007MM07,123.7
71052,A5,308500,71052,43.4,16.2,2007MM08,143.8
71053,A5,308500,71053,46.6,5.4,2007MM09,151.6
71054,A5,308500,71054,27.2,-13.3,2007MM10,131.4
71055,A5,308500,71055,31.2,3.9,2007MM11,136.6
71056,A5,308500,71056,15.6,-13.1,2007MM12,118.7
71058,A5,308500,71058,20.0,12.7,2008MM01,133.7
71059,A5,308500,71059,19.1,3.8,2008MM02,138.9
71060,A5,308500,71060,22.4,-0.7,2008MM03,137.9
71061,A5,308500,71061,21.1,-0.9,2008MM04,136.7
71062,A5,308500,71062,18.9,3.0,2008MM05,140.9
71063,A5,308500,71063,23.6,-0.9,2008MM06,139.6
71064,A5,308500,71064,14.6,1.6,2008MM07,141.8
71065,A5,308500,71065,-1.0,0.4,2008MM08,142.4
71066,A5,308500,71066,-14.8,-9.3,2008MM09,129.2
71067,A5,308500,71067,-1.8,-0.1,2008MM10,129.0
71068,A5,308500,71068,-11.7,-6.6,2008MM11,120.6
71069,A5,308500,71069,10.3,8.6,2008MM12,130.9
71071,A5,308500,71071,-4.3,-2.2,2009MM01,128.0
71072,A5,308500,71072,-6.8,1.1,2009MM02,129.4
71073,A5,308500,71073,-7.9,-1.8,2009MM03,127.0
71074,A5,308500,71074,-8.0,-0.9,2009MM04,125.8
71075,A5,308500,71075,-10.0,0.8,2009MM05,126.8
71076,A5,308500,71076,-9.4,-0.2,2009MM06,126.5
71077,A5,308500,71077,-11.6,-0.9,2009MM07,125.3
71078,A5,308500,71078,-16.1,-4.7,2009MM08,119.5
71079,A5,308500,71079,-23.2,-16.9,2009MM09,99.3
71080,A5,308500,71080,-20.5,3.4,2009MM10,102.6
71081,A5,308500,71081,-17.4,-2.9,2009MM11,99.6
71082,A5,308500,71082,-21.9,2.6,2009MM12,102.3
71084,A5,308500,71084,-23.0,-3.6,2010MM01,98.6
71085,A5,308500,71085,-23.4,0.5,2010MM02,99.1
71086,A5,308500,71086,-21.9,0.1,2010MM03,99.2
71087,A5,308500,71087,-22.2,-1.3,2010MM04,97.9
71088,A5,308500,71088,-22.9,-0.1,2010MM05,97.8
71089,A5,308500,71089,-22.7,0.0,2010MM06,97.8
71090,A5,308500,71090,-20.3,2.2,2010MM07,99.9
71091,A5,308500,71091,-15.8,0.6,2010MM08,100.5
71092,A5,308500,71092,1.1,-0.2,2010MM09,100.3
71093,A5,308500,71093,0.7,3.0,2010MM10,103.3
71094,A5,308500,71094,3.3,-0.3,2010MM11,102.9
71095,A5,308500,71095,0.3,-0.4,2010MM12,102.6
71097,A5,308500,71097,5.1,1.0,2011MM01,103.6
71098,A5,308500,71098,4.2,-0.3,2011MM02,103.3
71099,A5,308500,71099,5.1,0.9,2011MM03,104.3
71100,A5,308500,71100,9.4,2.7,2011MM04,107.1
71101,A5,308500,71101,9.9,0.4,2011MM05,107.5
71102,A5,308500,71102,10.7,0.7,2011MM06,108.2
71103,A5,308500,71103,8.9,0.6,2011MM07,108.8
71104,A5,308500,71104,7.3,-0.9,2011MM08,107.9
71105,A5,308500,71105,6.4,-1.1,2011MM09,106.7
71106,A5,308500,71106,9.8,6.3,2011MM10,113.4
71107,A5,308500,71107,10.9,0.7,2011MM11,114.2
71108,A5,308500,71108,11.1,-0.2,2011MM12,113.9
71110,A5,308500,71110,12.0,1.9,2012MM01,116.1
71111,A5,308500,71111,10.9,-1.3,2012MM02,114.6
71112,A5,308500,71112,10.0,0.1,2012MM03,114.7
71113,A5,308500,71113,6.7,-0.3,2012MM04,114.3
71114,A5,308500,71114,7.0,0.7,2012MM05,115.1
71115,A5,308500,71115,6.0,-0.3,2012MM06,114.7
71116,A5,308500,71116,6.4,1.0,2012MM07,115.8
71117,A5,308500,71117,6.6,-0.7,2012MM08,115.0
71118,A5,308500,71118,7.3,-0.4,2012MM09,114.5
71119,A5,308500,71119,-0.4,-1.3,2012MM10,112.9
71120,A5,308500,71120,-1.1,0.0,2012MM11,112.9
71121,A5,308500,71121,-1.2,-0.4,2012MM12,112.5
71123,A5,308500,71123,-2.8,0.2,2013MM01,112.8
71124,A5,308500,71124,-1.8,-0.3,2013MM02,112.5
71125,A5,308500,71125,-1.7,0.2,2013MM03,112.7
71126,A5,308500,71126,-2.7,-1.3,2013MM04,111.2
71127,A5,308500,71127,-4.1,-0.8,2013MM05,110.4
71128,A5,308500,71128,-3.8,-0.1,2013MM06,110.3
71129,A5,308500,71129,-5.5,-0.8,2013MM07,109.4
71130,A5,308500,71130,-4.9,-0.1,2013MM08,109.3
71131,A5,308500,71131,-4.7,-0.2,2013MM09,109.1
71132,A5,308500,71132,-6.5,-3.1,2013MM10,105.7
71133,A5,308500,71133,-6.3,0.1,2013MM11,105.8
71134,A5,308500,71134,-6.1,-0.1,2013MM12,105.6
71136,A5,308500,71136,-6.8,-0.4,2014MM01,105.2
71137,A5,308500,71137,-6.5,0.0,2014MM02,105.1
71138,A5,308500,71138,-6.6,0.1,2014MM03,105.2
71139,A5,308500,71139,-5.9,-0.6,2014MM04,104.6
71140,A5,308500,71140,-5.1,0.1,2014MM05,104.8
71141,A5,308500,71141,-5.1,0.0,2014MM06,104.7
71142,A5,308500,71142,-4.9,-0.6,2014MM07,104.0
71143,A5,308500,71143,-4.8,0.0,2014MM08,104.0
71144,A5,308500,71144,-4.7,-0.1,2014MM09,103.9
71145,A5,308500,71145,-10.4,-8.9,2014MM10,94.7
71146,A5,308500,71146,-10.3,0.2,2014MM11,94.9
71147,A5,308500,71147,-10.3,-0.1,2014MM12,94.8
71149,A5,308500,71149,-11.1,-1.3,2015MM01,93.5
71150,A5,308500,71150,-11.3,-0.3,2015MM02,93.2
71151,A5,308500,71151,-10.1,1.4,2015MM03,94.6
71152,A5,308500,71152,0.9,11.6,2015MM04,105.5
71153,A5,308500,71153,0.3,-0.5,2015MM05,105.0
71154,A5,308500,71154,0.0,-0.3,2015MM06,104.7
71155,A5,308500,71155,1.8,1.1,2015MM07,105.9
71156,A5,308500,71156,2.3,0.5,2015MM08,106.3
71157,A5,308500,71157,3.4,1.0,2015MM09,107.4
71158,A5,308500,71158,13.5,0.0,2015MM10,107.5
71159,A5,308500,71159,13.2,-0.1,2015MM11,107.3
71160,A5,308500,71160,14.4,1.0,2015MM12,108.4
71162,A5,308500,71162,16.6,0.6,2016MM01,109.1
71163,A5,308500,71163,18.8,1.5,2016MM02,110.7
71164,A5,308500,71164,16.0,-1.0,2016MM03,109.7
71165,A5,308500,71165,11.9,7.7,2016MM04,118.1
71166,A5,308500,71166,11.9,-0.5,2016MM05,117.6
71167,A5,308500,71167,12.4,0.1,2016MM06,117.7
71168,A5,308500,71168,16.1,4.4,2016MM07,122.9
71169,A5,308500,71169,15.7,0.1,2016MM08,123.1
71170,A5,308500,71170,14.5,-0.1,2016MM09,123.0
71171,A5,308500,71171,14.8,0.3,2016MM10,123.4
71172,A5,308500,71172,15.0,0.1,2016MM11,123.5
71173,A5,308500,71173,15.4,1.3,2016MM12,125.1
71175,A5,308500,71175,9.9,-4.1,2017MM01,119.9
71176,A5,308500,71176,8.1,-0.2,2017MM02,119.7
71177,A5,308500,71177,9.5,0.3,2017MM03,120.0
71178,A5,308500,71178,0.1,-1.5,2017MM04,118.2
71179,A5,308500,71179,0.4,-0.2,2017MM05,118.0
71180,A5,308500,71180,1.0,0.7,2017MM06,118.9
71181,A5,308500,71181,-13.3,-10.4,2017MM07,106.5
71182,A5,308500,71182,-14.4,-1.1,2017MM08,105.3
71183,A5,308500,71183,-14.1,0.3,2017MM09,105.6
71184,A5,308500,71184,-17.1,-3.1,2017MM10,102.4
71185,A5,308500,71185,-17.3,-0.2,2017MM11,102.1
71186,A5,308500,71186,-18.4,0.0,2017MM12,102.1
