,Afzet,BedrijfstakkenBranchesSBI2008,ID,OntwikkelingTOV1JaarEerder_2,OntwikkelingTOV1MaandEerder_3,Perioden,ProducentenprijsindexPPI_1
71188,A5,308600,71188,0.692026578073,0.293793103448,1981MM01,114.025951557
71189,A5,308600,71189,0.684053156146,0.287586206897,1981MM02,113.951903114
71190,A5,308600,71190,0.676079734219,0.281379310345,1981MM03,113.877854671
71191,A5,308600,71191,0.668106312292,0.275172413793,1981MM04,113.803806228
71192,A5,308600,71192,0.660132890365,0.268965517241,1981MM05,113.729757785
71193,A5,308600,71193,0.652159468439,0.26275862069,1981MM06,113.655709343
71194,A5,308600,71194,0.644186046512,0.256551724138,1981MM07,113.5816609
71195,A5,308600,71195,0.636212624585,0.250344827586,1981MM08,113.507612457
71196,A5,308600,71196,0.628239202658,0.244137931034,1981MM09,113.433564014
71197,A5,308600,71197,0.620265780731,0.237931034483,1981MM10,113.359515571
71198,A5,308600,71198,0.612292358804,0.231724137931,1981MM11,113.285467128
71199,A5,308600,71199,0.604318936877,0.225517241379,1981MM12,113.211418685
71201,A5,308600,71201,0.59634551495,0.219310344828,1982MM01,113.137370242
71202,A5,308600,71202,0.588372093023,0.213103448276,1982MM02,113.063321799
71203,A5,308600,71203,0.580398671096,0.206896551724,1982MM03,112.989273356
71204,A5,308600,71204,0.572425249169,0.200689655172,1982MM04,112.915224913
71205,A5,308600,71205,0.564451827243,0.194482758621,1982MM05,112.841176471
71206,A5,308600,71206,0.556478405316,0.188275862069,1982MM06,112.767128028
71207,A5,308600,71207,0.548504983389,0.182068965517,1982MM07,112.693079585
71208,A5,308600,71208,0.540531561462,0.175862068966,1982MM08,112.619031142
71209,A5,308600,71209,0.532558139535,0.169655172414,1982MM09,112.544982699
71210,A5,308600,71210,0.524584717608,0.163448275862,1982MM10,112.470934256
71211,A5,308600,71211,0.516611295681,0.15724137931,1982MM11,112.396885813
71212,A5,308600,71212,0.508637873754,0.151034482759,1982MM12,112.32283737
71214,A5,308600,71214,0.500664451827,0.144827586207,1983MM01,112.248788927
71215,A5,308600,71215,0.4926910299,0.138620689655,1983MM02,112.174740484
71216,A5,308600,71216,0.484717607973,0.132413793103,1983MM03,112.100692042
71217,A5,308600,71217,0.476744186047,0.126206896552,1983MM04,112.026643599
71218,A5,308600,71218,0.46877076412,0.12,1983MM05,111.952595156
71219,A5,308600,71219,0.460797342193,0.113793103448,1983MM06,111.878546713
71220,A5,308600,71220,0.452823920266,0.107586206897,1983MM07,111.80449827
71221,A5,308600,71221,0.444850498339,0.101379310345,1983MM08,111.730449827
71222,A5,308600,71222,0.436877076412,0.0951724137931,1983MM09,111.656401384
71223,A5,308600,71223,0.428903654485,0.0889655172414,1983MM10,111.582352941
71224,A5,308600,71224,0.420930232558,0.0827586206897,1983MM11,111.508304498
71225,A5,308600,71225,0.412956810631,0.0765517241379,1983MM12,111.434256055
71227,A5,308600,71227,0.404983388704,0.0703448275862,1984MM01,111.360207612
71228,A5,308600,71228,0.397009966777,0.0641379310345,1984MM02,111.28615917
71229,A5,308600,71229,0.38903654485,0.0579310344828,1984MM03,111.212110727
71230,A5,308600,71230,0.381063122924,0.051724137931,1984MM04,111.138062284
71231,A5,308600,71231,0.373089700997,0.0455172413793,1984MM05,111.064013841
71232,A5,308600,71232,0.36511627907,0.0393103448276,1984MM06,110.989965398
71233,A5,308600,71233,0.357142857143,0.0331034482759,1984MM07,110.915916955
71234,A5,308600,71234,0.349169435216,0.0268965517241,1984MM08,110.841868512
71235,A5,308600,71235,0.341196013289,0.0206896551724,1984MM09,110.767820069
71236,A5,308600,71236,0.333222591362,0.0144827586207,1984MM10,110.693771626
71237,A5,308600,71237,0.325249169435,0.00827586206897,1984MM11,110.619723183
71238,A5,308600,71238,0.317275747508,0.00206896551724,1984MM12,110.54567474
71240,A5,308600,71240,0.309302325581,-0.00413793103448,1985MM01,110.471626298
71241,A5,308600,71241,0.301328903654,-0.0103448275862,1985MM02,110.397577855
71242,A5,308600,71242,0.293355481728,-0.0165517241379,1985MM03,110.323529412
71243,A5,308600,71243,0.285382059801,-0.0227586206897,1985MM04,110.249480969
71244,A5,308600,71244,0.277408637874,-0.0289655172414,1985MM05,110.175432526
71245,A5,308600,71245,0.269435215947,-0.0351724137931,1985MM06,110.101384083
71246,A5,308600,71246,0.26146179402,-0.0413793103448,1985MM07,110.02733564
71247,A5,308600,71247,0.253488372093,-0.0475862068966,1985MM08,109.953287197
71248,A5,308600,71248,0.245514950166,-0.0537931034483,1985MM09,109.879238754
71249,A5,308600,71249,0.237541528239,-0.06,1985MM10,109.805190311
71250,A5,308600,71250,0.229568106312,-0.0662068965517,1985MM11,109.731141869
71251,A5,308600,71251,0.221594684385,-0.0724137931034,1985MM12,109.657093426
71253,A5,308600,71253,0.213621262458,-0.0786206896552,1986MM01,109.583044983
71254,A5,308600,71254,0.205647840532,-0.0848275862069,1986MM02,109.50899654
71255,A5,308600,71255,0.197674418605,-0.0910344827586,1986MM03,109.434948097
71256,A5,308600,71256,0.189700996678,-0.0972413793103,1986MM04,109.360899654
71257,A5,308600,71257,0.181727574751,-0.103448275862,1986MM05,109.286851211
71258,A5,308600,71258,0.173754152824,-0.109655172414,1986MM06,109.212802768
71259,A5,308600,71259,0.165780730897,-0.115862068966,1986MM07,109.138754325
71260,A5,308600,71260,0.15780730897,-0.122068965517,1986MM08,109.064705882
71261,A5,308600,71261,0.149833887043,-0.128275862069,1986MM09,108.990657439
71262,A5,308600,71262,0.141860465116,-0.134482758621,1986MM10,108.916608997
71263,A5,308600,71263,0.133887043189,-0.140689655172,1986MM11,108.842560554
71264,A5,308600,71264,0.125913621262,-0.146896551724,1986MM12,108.768512111
71266,A5,308600,71266,0.117940199336,-0.153103448276,1987MM01,108.694463668
71267,A5,308600,71267,0.109966777409,-0.159310344828,1987MM02,108.620415225
71268,A5,308600,71268,0.101993355482,-0.165517241379,1987MM03,108.546366782
71269,A5,308600,71269,0.0940199335548,-0.171724137931,1987MM04,108.472318339
71270,A5,308600,71270,0.0860465116279,-0.177931034483,1987MM05,108.398269896
71271,A5,308600,71271,0.078073089701,-0.184137931034,1987MM06,108.324221453
71272,A5,308600,71272,0.0700996677741,-0.190344827586,1987MM07,108.25017301
71273,A5,308600,71273,0.0621262458472,-0.196551724138,1987MM08,108.176124567
71274,A5,308600,71274,0.0541528239203,-0.20275862069,1987MM09,108.102076125
71275,A5,308600,71275,0.0461794019934,-0.208965517241,1987MM10,108.028027682
71276,A5,308600,71276,0.0382059800664,-0.215172413793,1987MM11,107.953979239
71277,A5,308600,71277,0.0302325581395,-0.221379310345,1987MM12,107.879930796
71279,A5,308600,71279,0.0222591362126,-0.227586206897,1988MM01,107.805882353
71280,A5,308600,71280,0.0142857142857,-0.233793103448,1988MM02,107.73183391
71281,A5,308600,71281,0.0063122923588,-0.24,1988MM03,107.657785467
71282,A5,308600,71282,-0.00166112956811,-0.246206896552,1988MM04,107.583737024
71283,A5,308600,71283,-0.00963455149502,-0.252413793103,1988MM05,107.509688581
71284,A5,308600,71284,-0.0176079734219,-0.258620689655,1988MM06,107.435640138
71285,A5,308600,71285,-0.0255813953488,-0.264827586207,1988MM07,107.361591696
71286,A5,308600,71286,-0.0335548172757,-0.271034482759,1988MM08,107.287543253
71287,A5,308600,71287,-0.0415282392027,-0.27724137931,1988MM09,107.21349481
71288,A5,308600,71288,-0.0495016611296,-0.283448275862,1988MM10,107.139446367
71289,A5,308600,71289,-0.0574750830565,-0.289655172414,1988MM11,107.065397924
71290,A5,308600,71290,-0.0654485049834,-0.295862068966,1988MM12,106.991349481
71292,A5,308600,71292,-0.0734219269103,-0.302068965517,1989MM01,106.917301038
71293,A5,308600,71293,-0.0813953488372,-0.308275862069,1989MM02,106.843252595
71294,A5,308600,71294,-0.0893687707641,-0.314482758621,1989MM03,106.769204152
71295,A5,308600,71295,-0.097342192691,-0.320689655172,1989MM04,106.695155709
71296,A5,308600,71296,-0.105315614618,-0.326896551724,1989MM05,106.621107266
71297,A5,308600,71297,-0.113289036545,-0.333103448276,1989MM06,106.547058824
71298,A5,308600,71298,-0.121262458472,-0.339310344828,1989MM07,106.473010381
71299,A5,308600,71299,-0.129235880399,-0.345517241379,1989MM08,106.398961938
71300,A5,308600,71300,-0.137209302326,-0.351724137931,1989MM09,106.324913495
71301,A5,308600,71301,-0.145182724252,-0.357931034483,1989MM10,106.250865052
71302,A5,308600,71302,-0.153156146179,-0.364137931034,1989MM11,106.176816609
71303,A5,308600,71303,-0.161129568106,-0.370344827586,1989MM12,106.102768166
71305,A5,308600,71305,-0.169102990033,-0.376551724138,1990MM01,106.028719723
71306,A5,308600,71306,-0.17707641196,-0.38275862069,1990MM02,105.95467128
71307,A5,308600,71307,-0.185049833887,-0.388965517241,1990MM03,105.880622837
71308,A5,308600,71308,-0.193023255814,-0.395172413793,1990MM04,105.806574394
71309,A5,308600,71309,-0.200996677741,-0.401379310345,1990MM05,105.732525952
71310,A5,308600,71310,-0.208970099668,-0.407586206897,1990MM06,105.658477509
71311,A5,308600,71311,-0.216943521595,-0.413793103448,1990MM07,105.584429066
71312,A5,308600,71312,-0.224916943522,-0.42,1990MM08,105.510380623
71313,A5,308600,71313,-0.232890365449,-0.426206896552,1990MM09,105.43633218
71314,A5,308600,71314,-0.240863787375,-0.432413793103,1990MM10,105.362283737
71315,A5,308600,71315,-0.248837209302,-0.438620689655,1990MM11,105.288235294
71316,A5,308600,71316,-0.256810631229,-0.444827586207,1990MM12,105.214186851
71318,A5,308600,71318,-0.264784053156,-0.451034482759,1991MM01,105.140138408
71319,A5,308600,71319,-0.272757475083,-0.45724137931,1991MM02,105.066089965
71320,A5,308600,71320,-0.28073089701,-0.463448275862,1991MM03,104.992041522
71321,A5,308600,71321,-0.288704318937,-0.469655172414,1991MM04,104.91799308
71322,A5,308600,71322,-0.296677740864,-0.475862068966,1991MM05,104.843944637
71323,A5,308600,71323,-0.304651162791,-0.482068965517,1991MM06,104.769896194
71324,A5,308600,71324,-0.312624584718,-0.488275862069,1991MM07,104.695847751
71325,A5,308600,71325,-0.320598006645,-0.494482758621,1991MM08,104.621799308
71326,A5,308600,71326,-0.328571428571,-0.500689655172,1991MM09,104.547750865
71327,A5,308600,71327,-0.336544850498,-0.506896551724,1991MM10,104.473702422
71328,A5,308600,71328,-0.344518272425,-0.513103448276,1991MM11,104.399653979
71329,A5,308600,71329,-0.352491694352,-0.519310344828,1991MM12,104.325605536
71331,A5,308600,71331,-0.360465116279,-0.525517241379,1992MM01,104.251557093
71332,A5,308600,71332,-0.368438538206,-0.531724137931,1992MM02,104.177508651
71333,A5,308600,71333,-0.376411960133,-0.537931034483,1992MM03,104.103460208
71334,A5,308600,71334,-0.38438538206,-0.544137931034,1992MM04,104.029411765
71335,A5,308600,71335,-0.392358803987,-0.550344827586,1992MM05,103.955363322
71336,A5,308600,71336,-0.400332225914,-0.556551724138,1992MM06,103.881314879
71337,A5,308600,71337,-0.408305647841,-0.56275862069,1992MM07,103.807266436
71338,A5,308600,71338,-0.416279069767,-0.568965517241,1992MM08,103.733217993
71339,A5,308600,71339,-0.424252491694,-0.575172413793,1992MM09,103.65916955
71340,A5,308600,71340,-0.432225913621,-0.581379310345,1992MM10,103.585121107
71341,A5,308600,71341,-0.440199335548,-0.587586206897,1992MM11,103.511072664
71342,A5,308600,71342,-0.448172757475,-0.593793103448,1992MM12,103.437024221
71344,A5,308600,71344,-0.456146179402,-0.6,1993MM01,103.362975779
71345,A5,308600,71345,-0.464119601329,-0.606206896552,1993MM02,103.288927336
71346,A5,308600,71346,-0.472093023256,-0.612413793103,1993MM03,103.214878893
71347,A5,308600,71347,-0.480066445183,-0.618620689655,1993MM04,103.14083045
71348,A5,308600,71348,-0.48803986711,-0.624827586207,1993MM05,103.066782007
71349,A5,308600,71349,-0.496013289037,-0.631034482759,1993MM06,102.992733564
71350,A5,308600,71350,-0.503986710963,-0.63724137931,1993MM07,102.918685121
71351,A5,308600,71351,-0.51196013289,-0.643448275862,1993MM08,102.844636678
71352,A5,308600,71352,-0.519933554817,-0.649655172414,1993MM09,102.770588235
71353,A5,308600,71353,-0.527906976744,-0.655862068966,1993MM10,102.696539792
71354,A5,308600,71354,-0.535880398671,-0.662068965517,1993MM11,102.622491349
71355,A5,308600,71355,-0.543853820598,-0.668275862069,1993MM12,102.548442907
71357,A5,308600,71357,-0.551827242525,-0.674482758621,1994MM01,102.474394464
71358,A5,308600,71358,-0.559800664452,-0.680689655172,1994MM02,102.400346021
71359,A5,308600,71359,-0.567774086379,-0.686896551724,1994MM03,102.326297578
71360,A5,308600,71360,-0.575747508306,-0.693103448276,1994MM04,102.252249135
71361,A5,308600,71361,-0.583720930233,-0.699310344828,1994MM05,102.178200692
71362,A5,308600,71362,-0.591694352159,-0.705517241379,1994MM06,102.104152249
71363,A5,308600,71363,-0.599667774086,-0.711724137931,1994MM07,102.030103806
71364,A5,308600,71364,-0.607641196013,-0.717931034483,1994MM08,101.956055363
71365,A5,308600,71365,-0.61561461794,-0.724137931034,1994MM09,101.88200692
71366,A5,308600,71366,-0.623588039867,-0.730344827586,1994MM10,101.807958478
71367,A5,308600,71367,-0.631561461794,-0.736551724138,1994MM11,101.733910035
71368,A5,308600,71368,-0.639534883721,-0.74275862069,1994MM12,101.659861592
71370,A5,308600,71370,-0.647508305648,-0.748965517241,1995MM01,101.585813149
71371,A5,308600,71371,-0.655481727575,-0.755172413793,1995MM02,101.511764706
71372,A5,308600,71372,-0.663455149502,-0.761379310345,1995MM03,101.437716263
71373,A5,308600,71373,-0.671428571429,-0.767586206897,1995MM04,101.36366782
71374,A5,308600,71374,-0.679401993355,-0.773793103448,1995MM05,101.289619377
71375,A5,308600,71375,-0.687375415282,-0.78,1995MM06,101.215570934
71376,A5,308600,71376,-0.695348837209,-0.786206896552,1995MM07,101.141522491
71377,A5,308600,71377,-0.703322259136,-0.792413793103,1995MM08,101.067474048
71378,A5,308600,71378,-0.711295681063,-0.798620689655,1995MM09,100.993425606
71379,A5,308600,71379,-0.71926910299,-0.804827586207,1995MM10,100.919377163
71380,A5,308600,71380,-0.727242524917,-0.811034482759,1995MM11,100.84532872
71381,A5,308600,71381,-0.735215946844,-0.81724137931,1995MM12,100.771280277
71383,A5,308600,71383,-0.743189368771,-0.823448275862,1996MM01,100.697231834
71384,A5,308600,71384,-0.751162790698,-0.829655172414,1996MM02,100.623183391
71385,A5,308600,71385,-0.759136212625,-0.835862068966,1996MM03,100.549134948
71386,A5,308600,71386,-0.767109634551,-0.842068965517,1996MM04,100.475086505
71387,A5,308600,71387,-0.775083056478,-0.848275862069,1996MM05,100.401038062
71388,A5,308600,71388,-0.783056478405,-0.854482758621,1996MM06,100.326989619
71389,A5,308600,71389,-0.791029900332,-0.860689655172,1996MM07,100.252941176
71390,A5,308600,71390,-0.799003322259,-0.866896551724,1996MM08,100.178892734
71391,A5,308600,71391,-0.806976744186,-0.873103448276,1996MM09,100.104844291
71392,A5,308600,71392,-0.814950166113,-0.879310344828,1996MM10,100.030795848
71393,A5,308600,71393,-0.82292358804,-0.885517241379,1996MM11,99.9567474048
71394,A5,308600,71394,-0.830897009967,-0.891724137931,1996MM12,99.8826989619
71396,A5,308600,71396,-0.838870431894,-0.897931034483,1997MM01,99.808650519
71397,A5,308600,71397,-0.846843853821,-0.904137931034,1997MM02,99.7346020761
71398,A5,308600,71398,-0.854817275748,-0.910344827586,1997MM03,99.6605536332
71399,A5,308600,71399,-0.862790697674,-0.916551724138,1997MM04,99.5865051903
71400,A5,308600,71400,-0.870764119601,-0.92275862069,1997MM05,99.5124567474
71401,A5,308600,71401,-0.878737541528,-0.928965517241,1997MM06,99.4384083045
71402,A5,308600,71402,-0.886710963455,-0.935172413793,1997MM07,99.3643598616
71403,A5,308600,71403,-0.894684385382,-0.941379310345,1997MM08,99.2903114187
71404,A5,308600,71404,-0.902657807309,-0.947586206897,1997MM09,99.2162629758
71405,A5,308600,71405,-0.910631229236,-0.953793103448,1997MM10,99.1422145329
71406,A5,308600,71406,-0.918604651163,-0.96,1997MM11,99.06816609
71407,A5,308600,71407,-0.92657807309,-0.966206896552,1997MM12,98.9941176471
71409,A5,308600,71409,-0.934551495017,-0.972413793103,1998MM01,98.9200692042
71410,A5,308600,71410,-0.942524916944,-0.978620689655,1998MM02,98.8460207612
71411,A5,308600,71411,-0.95049833887,-0.984827586207,1998MM03,98.7719723183
71412,A5,308600,71412,-0.958471760797,-0.991034482759,1998MM04,98.6979238754
71413,A5,308600,71413,-0.966445182724,-0.99724137931,1998MM05,98.6238754325
71414,A5,308600,71414,-0.974418604651,-1.00344827586,1998MM06,98.5498269896
71415,A5,308600,71415,-0.982392026578,-1.00965517241,1998MM07,98.4757785467
71416,A5,308600,71416,-0.990365448505,-1.01586206897,1998MM08,98.4017301038
71417,A5,308600,71417,-0.998338870432,-1.02206896552,1998MM09,98.3276816609
71418,A5,308600,71418,-1.00631229236,-1.02827586207,1998MM10,98.253633218
71419,A5,308600,71419,-1.01428571429,-1.03448275862,1998MM11,98.1795847751
71420,A5,308600,71420,-1.02225913621,-1.04068965517,1998MM12,98.1055363322
71422,A5,308600,71422,-1.03023255814,-1.04689655172,1999MM01,98.0314878893
71423,A5,308600,71423,-1.03820598007,-1.05310344828,1999MM02,97.9574394464
71424,A5,308600,71424,-1.04617940199,-1.05931034483,1999MM03,97.8833910035
71425,A5,308600,71425,-1.05415282392,-1.06551724138,1999MM04,97.8093425606
71426,A5,308600,71426,-1.06212624585,-1.07172413793,1999MM05,97.7352941176
71427,A5,308600,71427,-1.07009966777,-1.07793103448,1999MM06,97.6612456747
71428,A5,308600,71428,-1.0780730897,-1.08413793103,1999MM07,97.5871972318
71429,A5,308600,71429,-1.08604651163,-1.09034482759,1999MM08,97.5131487889
71430,A5,308600,71430,-1.09401993355,-1.09655172414,1999MM09,97.439100346
71431,A5,308600,71431,-1.10199335548,-1.10275862069,1999MM10,97.3650519031
71432,A5,308600,71432,-1.10996677741,-1.10896551724,1999MM11,97.2910034602
71433,A5,308600,71433,-1.11794019934,-1.11517241379,1999MM12,97.2169550173
71435,A5,308600,71435,-1.12591362126,-1.12137931034,2000MM01,97.1429065744
71436,A5,308600,71436,-1.13388704319,-1.1275862069,2000MM02,97.0688581315
71437,A5,308600,71437,-1.14186046512,-1.13379310345,2000MM03,96.9948096886
71438,A5,308600,71438,-1.14983388704,-1.14,2000MM04,96.9207612457
71439,A5,308600,71439,-1.15780730897,-1.14620689655,2000MM05,96.8467128028
71440,A5,308600,71440,-1.1657807309,-1.1524137931,2000MM06,96.7726643599
71441,A5,308600,71441,-1.17375415282,-1.15862068966,2000MM07,96.698615917
71442,A5,308600,71442,-1.18172757475,-1.16482758621,2000MM08,96.624567474
71443,A5,308600,71443,-1.18970099668,-1.17103448276,2000MM09,96.5505190311
71444,A5,308600,71444,-1.1976744186,-1.17724137931,2000MM10,96.4764705882
71445,A5,308600,71445,-1.20564784053,-1.18344827586,2000MM11,96.4024221453
71446,A5,308600,71446,-1.21362126246,-1.18965517241,2000MM12,96.3283737024
71448,A5,308600,71448,-1.22159468439,-1.19586206897,2001MM01,96.2543252595
71449,A5,308600,71449,-1.22956810631,-1.20206896552,2001MM02,96.1802768166
71450,A5,308600,71450,-1.23754152824,-1.20827586207,2001MM03,96.1062283737
71451,A5,308600,71451,-1.24551495017,-1.21448275862,2001MM04,96.0321799308
71452,A5,308600,71452,-1.25348837209,-1.22068965517,2001MM05,95.9581314879
71453,A5,308600,71453,-1.26146179402,-1.22689655172,2001MM06,95.884083045
71454,A5,308600,71454,-1.26943521595,-1.23310344828,2001MM07,95.8100346021
71455,A5,308600,71455,-1.27740863787,-1.23931034483,2001MM08,95.7359861592
71456,A5,308600,71456,-1.2853820598,-1.24551724138,2001MM09,95.6619377163
71457,A5,308600,71457,-1.29335548173,-1.25172413793,2001MM10,95.5878892734
71458,A5,308600,71458,-1.30132890365,-1.25793103448,2001MM11,95.5138408304
71459,A5,308600,71459,-1.30930232558,-1.26413793103,2001MM12,95.4397923875
71461,A5,308600,71461,-1.31727574751,-1.27034482759,2002MM01,95.3657439446
71462,A5,308600,71462,-1.32524916944,-1.27655172414,2002MM02,95.2916955017
71463,A5,308600,71463,-1.33322259136,-1.28275862069,2002MM03,95.2176470588
71464,A5,308600,71464,-1.34119601329,-1.28896551724,2002MM04,95.1435986159
71465,A5,308600,71465,-1.34916943522,-1.29517241379,2002MM05,95.069550173
71466,A5,308600,71466,-1.35714285714,-1.30137931034,2002MM06,94.9955017301
71467,A5,308600,71467,-1.36511627907,-1.3075862069,2002MM07,94.9214532872
71468,A5,308600,71468,-1.373089701,-1.31379310345,2002MM08,94.8474048443
71469,A5,308600,71469,-1.38106312292,-1.32,2002MM09,94.7733564014
71470,A5,308600,71470,-1.38903654485,-1.32620689655,2002MM10,94.6993079585
71471,A5,308600,71471,-1.39700996678,-1.3324137931,2002MM11,94.6252595156
71472,A5,308600,71472,-1.4049833887,-1.33862068966,2002MM12,94.5512110727
71474,A5,308600,71474,-1.41295681063,-1.34482758621,2003MM01,94.4771626298
71475,A5,308600,71475,-1.42093023256,-1.35103448276,2003MM02,94.4031141869
71476,A5,308600,71476,-1.42890365449,-1.35724137931,2003MM03,94.3290657439
71477,A5,308600,71477,-1.43687707641,-1.36344827586,2003MM04,94.255017301
71478,A5,308600,71478,-1.44485049834,-1.36965517241,2003MM05,94.1809688581
71479,A5,308600,71479,-1.45282392027,-1.37586206897,2003MM06,94.1069204152
71480,A5,308600,71480,-1.46079734219,-1.38206896552,2003MM07,94.0328719723
71481,A5,308600,71481,-1.46877076412,-1.38827586207,2003MM08,93.9588235294
71482,A5,308600,71482,-1.47674418605,-1.39448275862,2003MM09,93.8847750865
71483,A5,308600,71483,-1.48471760797,-1.40068965517,2003MM10,93.8107266436
71484,A5,308600,71484,-1.4926910299,-1.40689655172,2003MM11,93.7366782007
71485,A5,308600,71485,-1.50066445183,-1.41310344828,2003MM12,93.6626297578
71487,A5,308600,71487,-1.50863787375,-1.41931034483,2004MM01,93.5885813149
71488,A5,308600,71488,-1.51661129568,-1.42551724138,2004MM02,93.514532872
71489,A5,308600,71489,-1.52458471761,-1.43172413793,2004MM03,93.4404844291
71490,A5,308600,71490,-1.53255813953,-1.43793103448,2004MM04,93.3664359862
71491,A5,308600,71491,-1.54053156146,-1.44413793103,2004MM05,93.2923875433
71492,A5,308600,71492,-1.54850498339,-1.45034482759,2004MM06,93.2183391003
71493,A5,308600,71493,-1.55647840532,-1.45655172414,2004MM07,93.1442906574
71494,A5,308600,71494,-1.56445182724,-1.46275862069,2004MM08,93.0702422145
71495,A5,308600,71495,-1.57242524917,-1.46896551724,2004MM09,92.9961937716
71496,A5,308600,71496,-1.5803986711,-1.47517241379,2004MM10,92.9221453287
71497,A5,308600,71497,-1.58837209302,-1.48137931034,2004MM11,92.8480968858
71498,A5,308600,71498,-1.59634551495,-1.4875862069,2004MM12,92.7740484429
71500,A5,308600,71500,-1.60431893688,-1.49379310345,2005MM01,92.7
71501,A5,308600,71501,-1.6122923588,-1.5,2005MM02,91.3
71502,A5,308600,71502,-1.62026578073,0.2,2005MM03,91.5
71503,A5,308600,71503,-1.62823920266,-0.3,2005MM04,91.2
71504,A5,308600,71504,-1.63621262458,0.3,2005MM05,91.5
71505,A5,308600,71505,-1.64418604651,-0.4,2005MM06,91.1
71506,A5,308600,71506,-1.65215946844,0.5,2005MM07,91.6
71507,A5,308600,71507,-1.66013289037,-1.0,2005MM08,90.6
71508,A5,308600,71508,-1.66810631229,0.0,2005MM09,90.6
71509,A5,308600,71509,-1.67607973422,0.4,2005MM10,91.0
71510,A5,308600,71510,-1.68405315615,-0.2,2005MM11,90.7
71511,A5,308600,71511,-1.69202657807,0.2,2005MM12,91.0
71513,A5,308600,71513,-1.7,0.2,2006MM01,91.1
71514,A5,308600,71514,-0.1,0.1,2006MM02,91.2
71515,A5,308600,71515,-1.7,-1.4,2006MM03,90.0
71516,A5,308600,71516,-0.9,0.5,2006MM04,90.4
71517,A5,308600,71517,-2.9,-1.7,2006MM05,88.9
71518,A5,308600,71518,-1.7,0.7,2006MM06,89.5
71519,A5,308600,71519,-1.6,0.6,2006MM07,90.1
71520,A5,308600,71520,-0.5,0.0,2006MM08,90.1
71521,A5,308600,71521,0.2,0.7,2006MM09,90.8
71522,A5,308600,71522,1.2,1.5,2006MM10,92.1
71523,A5,308600,71523,1.9,0.4,2006MM11,92.5
71524,A5,308600,71524,1.7,0.1,2006MM12,92.5
71526,A5,308600,71526,3.1,1.5,2007MM01,93.9
71527,A5,308600,71527,3.2,0.2,2007MM02,94.1
71528,A5,308600,71528,5.0,0.4,2007MM03,94.4
71529,A5,308600,71529,5.3,0.9,2007MM04,95.3
71530,A5,308600,71530,5.1,-1.9,2007MM05,93.5
71531,A5,308600,71531,5.1,0.7,2007MM06,94.1
71532,A5,308600,71532,7.4,2.9,2007MM07,96.8
71533,A5,308600,71533,11.0,3.4,2007MM08,100.0
71534,A5,308600,71534,11.6,1.2,2007MM09,101.3
71535,A5,308600,71535,10.6,0.6,2007MM10,101.9
71536,A5,308600,71536,11.3,1.0,2007MM11,102.9
71537,A5,308600,71537,10.3,-0.8,2007MM12,102.1
71539,A5,308600,71539,10.3,1.4,2008MM01,103.6
71540,A5,308600,71540,11.6,1.4,2008MM02,105.0
71541,A5,308600,71541,12.4,1.1,2008MM03,106.2
71542,A5,308600,71542,11.2,-0.2,2008MM04,105.9
71543,A5,308600,71543,11.8,-1.3,2008MM05,104.5
71544,A5,308600,71544,10.6,-0.4,2008MM06,104.0
71545,A5,308600,71545,7.2,-0.3,2008MM07,103.7
71546,A5,308600,71546,3.6,-0.1,2008MM08,103.6
71547,A5,308600,71547,1.6,-0.7,2008MM09,102.9
71548,A5,308600,71548,3.7,2.7,2008MM10,105.6
71549,A5,308600,71549,1.4,-1.2,2008MM11,104.4
71550,A5,308600,71550,2.7,0.5,2008MM12,104.9
71552,A5,308600,71552,1.2,0.0,2009MM01,104.8
71553,A5,308600,71553,-0.3,-0.2,2009MM02,104.6
71554,A5,308600,71554,-2.1,-0.6,2009MM03,104.0
71555,A5,308600,71555,-1.5,0.4,2009MM04,104.4
71556,A5,308600,71556,-0.5,-0.4,2009MM05,104.0
71557,A5,308600,71557,-0.2,-0.1,2009MM06,103.8
71558,A5,308600,71558,-0.3,-0.4,2009MM07,103.4
71559,A5,308600,71559,-1.1,-0.9,2009MM08,102.4
71560,A5,308600,71560,-2.9,-2.4,2009MM09,99.9
71561,A5,308600,71561,-6.1,-0.8,2009MM10,99.2
71562,A5,308600,71562,-4.7,0.3,2009MM11,99.5
71563,A5,308600,71563,-4.3,0.9,2009MM12,100.4
71565,A5,308600,71565,-4.6,-0.4,2010MM01,100.0
71566,A5,308600,71566,-4.4,0.0,2010MM02,100.0
71567,A5,308600,71567,-4.2,-0.4,2010MM03,99.6
71568,A5,308600,71568,-4.5,0.0,2010MM04,99.6
71569,A5,308600,71569,-3.4,0.8,2010MM05,100.4
71570,A5,308600,71570,-3.0,0.3,2010MM06,100.7
71571,A5,308600,71571,-2.6,-0.1,2010MM07,100.6
71572,A5,308600,71572,-1.9,-0.2,2010MM08,100.5
71573,A5,308600,71573,-0.7,-1.2,2010MM09,99.3
71574,A5,308600,71574,0.4,0.3,2010MM10,99.6
71575,A5,308600,71575,0.2,0.0,2010MM11,99.6
71576,A5,308600,71576,-0.3,0.4,2010MM12,100.0
71578,A5,308600,71578,0.3,0.3,2011MM01,100.3
71579,A5,308600,71579,1.1,0.9,2011MM02,101.1
71580,A5,308600,71580,1.4,-0.1,2011MM03,101.0
71581,A5,308600,71581,1.3,-0.2,2011MM04,100.9
71582,A5,308600,71582,1.0,0.5,2011MM05,101.4
71583,A5,308600,71583,0.3,-0.4,2011MM06,101.0
71584,A5,308600,71584,0.9,0.5,2011MM07,101.5
71585,A5,308600,71585,1.1,0.1,2011MM08,101.6
71586,A5,308600,71586,2.5,0.1,2011MM09,101.8
71587,A5,308600,71587,3.3,1.1,2011MM10,102.9
71588,A5,308600,71588,3.1,-0.2,2011MM11,102.7
71589,A5,308600,71589,3.2,0.5,2011MM12,103.2
71591,A5,308600,71591,5.6,2.6,2012MM01,105.9
71592,A5,308600,71592,4.7,0.0,2012MM02,105.9
71593,A5,308600,71593,4.8,0.1,2012MM03,105.9
71594,A5,308600,71594,5.4,0.4,2012MM04,106.4
71595,A5,308600,71595,5.3,0.4,2012MM05,106.8
71596,A5,308600,71596,5.7,-0.1,2012MM06,106.7
71597,A5,308600,71597,5.9,0.7,2012MM07,107.5
71598,A5,308600,71598,6.0,0.3,2012MM08,107.8
71599,A5,308600,71599,5.8,-0.1,2012MM09,107.6
71600,A5,308600,71600,4.4,-0.2,2012MM10,107.4
71601,A5,308600,71601,5.2,0.6,2012MM11,108.0
71602,A5,308600,71602,4.2,-0.5,2012MM12,107.5
71604,A5,308600,71604,1.6,0.1,2013MM01,107.6
71605,A5,308600,71605,1.5,-0.1,2013MM02,107.5
71606,A5,308600,71606,1.5,0.0,2013MM03,107.5
71607,A5,308600,71607,0.9,-0.2,2013MM04,107.3
71608,A5,308600,71608,-0.2,-0.6,2013MM05,106.6
71609,A5,308600,71609,-0.2,0.0,2013MM06,106.5
71610,A5,308600,71610,-1.1,-0.2,2013MM07,106.3
71611,A5,308600,71611,-2.1,-0.8,2013MM08,105.5
71612,A5,308600,71612,-2.1,-0.1,2013MM09,105.4
71613,A5,308600,71613,-1.4,0.5,2013MM10,105.9
71614,A5,308600,71614,0.2,2.2,2013MM11,108.2
71615,A5,308600,71615,0.6,-0.1,2013MM12,108.1
71617,A5,308600,71617,0.4,0.0,2014MM01,108.0
71618,A5,308600,71618,0.4,-0.1,2014MM02,107.9
71619,A5,308600,71619,0.4,-0.1,2014MM03,107.9
71620,A5,308600,71620,0.5,-0.1,2014MM04,107.7
71621,A5,308600,71621,-0.9,-2.0,2014MM05,105.6
71622,A5,308600,71622,-0.6,0.3,2014MM06,105.9
71623,A5,308600,71623,-0.7,-0.3,2014MM07,105.6
71624,A5,308600,71624,0.2,0.1,2014MM08,105.7
71625,A5,308600,71625,0.4,0.1,2014MM09,105.8
71626,A5,308600,71626,-2.2,-2.1,2014MM10,103.6
71627,A5,308600,71627,-2.1,2.3,2014MM11,105.9
71628,A5,308600,71628,-2.0,0.0,2014MM12,105.9
71630,A5,308600,71630,-1.1,0.8,2015MM01,106.8
71631,A5,308600,71631,-1.0,0.1,2015MM02,106.9
71632,A5,308600,71632,-0.8,0.1,2015MM03,107.0
71633,A5,308600,71633,0.9,1.6,2015MM04,108.7
71634,A5,308600,71634,1.5,-1.4,2015MM05,107.2
71635,A5,308600,71635,1.3,0.1,2015MM06,107.3
71636,A5,308600,71636,-0.3,-1.9,2015MM07,105.3
71637,A5,308600,71637,-0.1,0.3,2015MM08,105.6
71638,A5,308600,71638,-0.2,-0.1,2015MM09,105.6
71639,A5,308600,71639,2.9,1.0,2015MM10,106.6
71640,A5,308600,71640,2.1,1.4,2015MM11,108.1
71641,A5,308600,71641,2.1,0.0,2015MM12,108.1
71643,A5,308600,71643,1.1,-0.2,2016MM01,107.9
71644,A5,308600,71644,1.0,0.0,2016MM02,107.9
71645,A5,308600,71645,0.7,-0.2,2016MM03,107.8
71646,A5,308600,71646,-1.2,-0.3,2016MM04,107.4
71647,A5,308600,71647,-0.8,-1.1,2016MM05,106.3
71648,A5,308600,71648,0.2,1.2,2016MM06,107.5
71649,A5,308600,71649,2.5,0.4,2016MM07,107.9
71650,A5,308600,71650,2.1,-0.1,2016MM08,107.8
71651,A5,308600,71651,2.6,0.4,2016MM09,108.3
71652,A5,308600,71652,2.2,0.6,2016MM10,108.9
71653,A5,308600,71653,1.0,0.2,2016MM11,109.1
71654,A5,308600,71654,0.9,0.0,2016MM12,109.1
71656,A5,308600,71656,2.6,1.5,2017MM01,110.7
71657,A5,308600,71657,2.3,-0.2,2017MM02,110.5
71658,A5,308600,71658,2.8,0.3,2017MM03,110.8
71659,A5,308600,71659,3.6,0.5,2017MM04,111.4
71660,A5,308600,71660,5.2,0.4,2017MM05,111.8
71661,A5,308600,71661,4.0,0.0,2017MM06,111.8
71662,A5,308600,71662,3.6,0.0,2017MM07,111.8
71663,A5,308600,71663,3.6,-0.2,2017MM08,111.7
71664,A5,308600,71664,3.0,-0.1,2017MM09,111.5
71665,A5,308600,71665,1.6,-0.7,2017MM10,110.7
71666,A5,308600,71666,3.3,1.8,2017MM11,112.7
71667,A5,308600,71667,3.3,0.0,2017MM12,112.7
