,Afzet,BedrijfstakkenBranchesSBI2008,ID,OntwikkelingTOV1JaarEerder_2,OntwikkelingTOV1MaandEerder_3,Perioden,ProducentenprijsindexPPI_1
7046,A6,308600,7046,,,2005MM01,91.6
7047,A6,308600,7047,,-0.7,2005MM02,90.9
7048,A6,308600,7048,,0.0,2005MM03,91.0
7049,A6,308600,7049,,0.0,2005MM04,91.0
7050,A6,308600,7050,,0.1,2005MM05,91.1
7051,A6,308600,7051,,-0.3,2005MM06,90.9
7052,A6,308600,7052,,0.5,2005MM07,91.3
7053,A6,308600,7053,,-0.4,2005MM08,90.9
7054,A6,308600,7054,,-0.1,2005MM09,90.8
7055,A6,308600,7055,,0.0,2005MM10,90.8
7056,A6,308600,7056,,-0.2,2005MM11,90.6
7057,A6,308600,7057,,0.1,2005MM12,90.7
7059,A6,308600,7059,-0.4,0.6,2006MM01,91.3
7060,A6,308600,7060,0.4,0.0,2006MM02,91.3
7061,A6,308600,7061,-0.4,-0.7,2006MM03,90.6
7062,A6,308600,7062,-0.2,0.2,2006MM04,90.8
7063,A6,308600,7063,-1.0,-0.7,2006MM05,90.2
7064,A6,308600,7064,-0.4,0.4,2006MM06,90.5
7065,A6,308600,7065,-0.3,0.5,2006MM07,91.0
7066,A6,308600,7066,0.1,0.0,2006MM08,91.0
7067,A6,308600,7067,0.6,0.4,2006MM09,91.3
7068,A6,308600,7068,1.4,0.8,2006MM10,92.0
7069,A6,308600,7069,1.8,0.3,2006MM11,92.3
7070,A6,308600,7070,1.8,0.1,2006MM12,92.4
7072,A6,308600,7072,2.3,1.0,2007MM01,93.3
7073,A6,308600,7073,2.3,0.0,2007MM02,93.4
7074,A6,308600,7074,3.3,0.2,2007MM03,93.5
7075,A6,308600,7075,3.6,0.5,2007MM04,94.0
7076,A6,308600,7076,3.3,-0.9,2007MM05,93.2
7077,A6,308600,7077,3.4,0.4,2007MM06,93.6
7078,A6,308600,7078,4.4,1.5,2007MM07,95.0
7079,A6,308600,7079,6.1,1.7,2007MM08,96.6
7080,A6,308600,7080,6.5,0.8,2007MM09,97.3
7081,A6,308600,7081,8.1,2.2,2007MM10,99.5
7082,A6,308600,7082,8.3,0.5,2007MM11,99.9
7083,A6,308600,7083,7.9,-0.3,2007MM12,99.7
7085,A6,308600,7085,8.4,1.5,2008MM01,101.2
7086,A6,308600,7086,9.1,0.7,2008MM02,101.9
7087,A6,308600,7087,9.6,0.6,2008MM03,102.5
7088,A6,308600,7088,9.2,0.1,2008MM04,102.7
7089,A6,308600,7089,9.6,-0.6,2008MM05,102.1
7090,A6,308600,7090,8.8,-0.3,2008MM06,101.8
7091,A6,308600,7091,7.4,0.3,2008MM07,102.0
7092,A6,308600,7092,5.6,-0.1,2008MM08,101.9
7093,A6,308600,7093,4.4,-0.3,2008MM09,101.6
7094,A6,308600,7094,3.5,1.4,2008MM10,103.0
7095,A6,308600,7095,2.4,-0.6,2008MM11,102.3
7096,A6,308600,7096,2.9,0.2,2008MM12,102.5
7098,A6,308600,7098,1.8,0.4,2009MM01,102.9
7099,A6,308600,7099,0.9,-0.1,2009MM02,102.8
7100,A6,308600,7100,0.0,-0.3,2009MM03,102.6
7101,A6,308600,7101,0.1,0.2,2009MM04,102.7
7102,A6,308600,7102,0.3,-0.4,2009MM05,102.3
7103,A6,308600,7103,0.5,-0.1,2009MM06,102.3
7104,A6,308600,7104,0.2,-0.1,2009MM07,102.2
7105,A6,308600,7105,-0.1,-0.4,2009MM08,101.8
7106,A6,308600,7106,-1.0,-1.2,2009MM09,100.6
7107,A6,308600,7107,-2.6,-0.3,2009MM10,100.3
7108,A6,308600,7108,-2.0,0.0,2009MM11,100.3
7109,A6,308600,7109,-1.7,0.5,2009MM12,100.7
7111,A6,308600,7111,-2.9,-0.7,2010MM01,100.0
7112,A6,308600,7112,-2.7,0.1,2010MM02,100.1
7113,A6,308600,7113,-2.6,-0.2,2010MM03,99.9
7114,A6,308600,7114,-2.7,0.1,2010MM04,100.0
7115,A6,308600,7115,-1.9,0.4,2010MM05,100.4
7116,A6,308600,7116,-1.9,0.0,2010MM06,100.3
7117,A6,308600,7117,-2.0,-0.1,2010MM07,100.2
7118,A6,308600,7118,-1.7,-0.1,2010MM08,100.1
7119,A6,308600,7119,-1.1,-0.6,2010MM09,99.5
7120,A6,308600,7120,-0.5,0.3,2010MM10,99.8
7121,A6,308600,7121,-0.5,0.0,2010MM11,99.8
7122,A6,308600,7122,-0.7,0.3,2010MM12,100.1
7124,A6,308600,7124,0.6,0.6,2011MM01,100.6
7125,A6,308600,7125,1.1,0.5,2011MM02,101.2
7126,A6,308600,7126,1.2,0.0,2011MM03,101.1
7127,A6,308600,7127,1.8,0.7,2011MM04,101.8
7128,A6,308600,7128,1.7,0.3,2011MM05,102.1
7129,A6,308600,7129,1.5,-0.3,2011MM06,101.8
7130,A6,308600,7130,2.0,0.4,2011MM07,102.2
7131,A6,308600,7131,2.2,0.0,2011MM08,102.3
7132,A6,308600,7132,2.8,0.0,2011MM09,102.3
7133,A6,308600,7133,3.7,1.1,2011MM10,103.5
7134,A6,308600,7134,3.6,0.0,2011MM11,103.4
7135,A6,308600,7135,3.7,0.3,2011MM12,103.7
7137,A6,308600,7137,6.4,3.2,2012MM01,107.0
7138,A6,308600,7138,5.8,0.0,2012MM02,107.0
7139,A6,308600,7139,5.8,0.0,2012MM03,107.0
7140,A6,308600,7140,5.8,0.6,2012MM04,107.7
7141,A6,308600,7141,5.7,0.2,2012MM05,107.9
7142,A6,308600,7142,6.0,0.0,2012MM06,107.9
7143,A6,308600,7143,5.9,0.4,2012MM07,108.3
7144,A6,308600,7144,6.1,0.2,2012MM08,108.5
7145,A6,308600,7145,6.4,0.4,2012MM09,108.9
7146,A6,308600,7146,5.3,0.0,2012MM10,108.9
7147,A6,308600,7147,5.6,0.3,2012MM11,109.2
7148,A6,308600,7148,4.9,-0.3,2012MM12,108.8
7150,A6,308600,7150,2.8,1.1,2013MM01,110.0
7151,A6,308600,7151,2.8,0.0,2013MM02,110.0
7152,A6,308600,7152,2.8,0.0,2013MM03,110.0
7153,A6,308600,7153,2.1,0.0,2013MM04,110.0
7154,A6,308600,7154,1.6,-0.3,2013MM05,109.6
7155,A6,308600,7155,1.6,0.0,2013MM06,109.6
7156,A6,308600,7156,1.2,0.0,2013MM07,109.6
7157,A6,308600,7157,0.7,-0.3,2013MM08,109.3
7158,A6,308600,7158,0.4,0.0,2013MM09,109.3
7159,A6,308600,7159,0.6,0.2,2013MM10,109.6
7160,A6,308600,7160,1.4,1.1,2013MM11,110.7
7161,A6,308600,7161,1.7,0.0,2013MM12,110.7
7163,A6,308600,7163,0.6,0.0,2014MM01,110.7
7164,A6,308600,7164,0.6,0.0,2014MM02,110.7
7165,A6,308600,7165,0.6,0.0,2014MM03,110.7
7166,A6,308600,7166,0.6,0.0,2014MM04,110.7
7167,A6,308600,7167,0.0,-1.0,2014MM05,109.6
7168,A6,308600,7168,0.1,0.1,2014MM06,109.7
7169,A6,308600,7169,0.0,-0.1,2014MM07,109.6
7170,A6,308600,7170,0.4,0.1,2014MM08,109.7
7171,A6,308600,7171,0.3,0.0,2014MM09,109.7
7172,A6,308600,7172,-1.0,-1.1,2014MM10,108.4
7173,A6,308600,7173,-1.1,1.0,2014MM11,109.5
7174,A6,308600,7174,-1.1,0.0,2014MM12,109.5
7176,A6,308600,7176,-1.4,-0.3,2015MM01,109.2
7177,A6,308600,7177,-1.4,-0.1,2015MM02,109.1
7178,A6,308600,7178,-1.2,0.2,2015MM03,109.3
7179,A6,308600,7179,-0.5,0.7,2015MM04,110.1
7180,A6,308600,7180,-0.2,-0.7,2015MM05,109.4
7181,A6,308600,7181,-0.3,0.1,2015MM06,109.4
7182,A6,308600,7182,-1.0,-0.9,2015MM07,108.5
7183,A6,308600,7183,-1.0,0.1,2015MM08,108.6
7184,A6,308600,7184,-1.1,-0.1,2015MM09,108.5
7185,A6,308600,7185,0.4,0.4,2015MM10,108.9
7186,A6,308600,7186,0.2,0.8,2015MM11,109.8
7187,A6,308600,7187,0.4,0.2,2015MM12,110.0
7189,A6,308600,7189,0.9,0.2,2016MM01,110.2
7190,A6,308600,7190,1.0,0.0,2016MM02,110.2
7191,A6,308600,7191,0.8,0.0,2016MM03,110.2
7192,A6,308600,7192,-0.1,-0.1,2016MM04,110.0
7193,A6,308600,7193,0.1,-0.5,2016MM05,109.5
7194,A6,308600,7194,0.6,0.6,2016MM06,110.1
7195,A6,308600,7195,1.8,0.3,2016MM07,110.4
7196,A6,308600,7196,1.7,0.0,2016MM08,110.4
7197,A6,308600,7197,2.0,0.2,2016MM09,110.6
7198,A6,308600,7198,2.1,0.5,2016MM10,111.2
7199,A6,308600,7199,1.3,0.1,2016MM11,111.2
7200,A6,308600,7200,1.2,0.0,2016MM12,111.3
7202,A6,308600,7202,2.0,1.0,2017MM01,112.4
7203,A6,308600,7203,2.0,0.0,2017MM02,112.4
7204,A6,308600,7204,2.1,0.1,2017MM03,112.5
7205,A6,308600,7205,2.5,0.3,2017MM04,112.8
7206,A6,308600,7206,3.3,0.2,2017MM05,113.1
7207,A6,308600,7207,2.7,0.0,2017MM06,113.1
7208,A6,308600,7208,2.3,-0.1,2017MM07,112.9
7209,A6,308600,7209,2.1,-0.1,2017MM08,112.8
7210,A6,308600,7210,1.9,0.0,2017MM09,112.8
7211,A6,308600,7211,1.1,-0.4,2017MM10,112.4
7212,A6,308600,7212,1.8,0.8,2017MM11,113.2
7213,A6,308600,7213,1.9,0.2,2017MM12,113.4
