,Afzet,BedrijfstakkenBranchesSBI2008,ID,OntwikkelingTOV1JaarEerder_2,OntwikkelingTOV1MaandEerder_3,Perioden,ProducentenprijsindexPPI_1
38961,A4,308600,38961,1.89667774086,0.199310344828,1981MM01,113.320761246
38962,A4,308600,38962,1.89335548173,0.198620689655,1981MM02,113.241522491
38963,A4,308600,38963,1.89003322259,0.197931034483,1981MM03,113.162283737
38964,A4,308600,38964,1.88671096346,0.19724137931,1981MM04,113.083044983
38965,A4,308600,38965,1.88338870432,0.196551724138,1981MM05,113.003806228
38966,A4,308600,38966,1.88006644518,0.195862068966,1981MM06,112.924567474
38967,A4,308600,38967,1.87674418605,0.195172413793,1981MM07,112.84532872
38968,A4,308600,38968,1.87342192691,0.194482758621,1981MM08,112.766089965
38969,A4,308600,38969,1.87009966777,0.193793103448,1981MM09,112.686851211
38970,A4,308600,38970,1.86677740864,0.193103448276,1981MM10,112.607612457
38971,A4,308600,38971,1.8634551495,0.192413793103,1981MM11,112.528373702
38972,A4,308600,38972,1.86013289037,0.191724137931,1981MM12,112.449134948
38974,A4,308600,38974,1.85681063123,0.191034482759,1982MM01,112.369896194
38975,A4,308600,38975,1.85348837209,0.190344827586,1982MM02,112.290657439
38976,A4,308600,38976,1.85016611296,0.189655172414,1982MM03,112.211418685
38977,A4,308600,38977,1.84684385382,0.188965517241,1982MM04,112.132179931
38978,A4,308600,38978,1.84352159468,0.188275862069,1982MM05,112.052941176
38979,A4,308600,38979,1.84019933555,0.187586206897,1982MM06,111.973702422
38980,A4,308600,38980,1.83687707641,0.186896551724,1982MM07,111.894463668
38981,A4,308600,38981,1.83355481728,0.186206896552,1982MM08,111.815224913
38982,A4,308600,38982,1.83023255814,0.185517241379,1982MM09,111.735986159
38983,A4,308600,38983,1.826910299,0.184827586207,1982MM10,111.656747405
38984,A4,308600,38984,1.82358803987,0.184137931034,1982MM11,111.577508651
38985,A4,308600,38985,1.82026578073,0.183448275862,1982MM12,111.498269896
38987,A4,308600,38987,1.81694352159,0.18275862069,1983MM01,111.419031142
38988,A4,308600,38988,1.81362126246,0.182068965517,1983MM02,111.339792388
38989,A4,308600,38989,1.81029900332,0.181379310345,1983MM03,111.260553633
38990,A4,308600,38990,1.80697674419,0.180689655172,1983MM04,111.181314879
38991,A4,308600,38991,1.80365448505,0.18,1983MM05,111.102076125
38992,A4,308600,38992,1.80033222591,0.179310344828,1983MM06,111.02283737
38993,A4,308600,38993,1.79700996678,0.178620689655,1983MM07,110.943598616
38994,A4,308600,38994,1.79368770764,0.177931034483,1983MM08,110.864359862
38995,A4,308600,38995,1.7903654485,0.17724137931,1983MM09,110.785121107
38996,A4,308600,38996,1.78704318937,0.176551724138,1983MM10,110.705882353
38997,A4,308600,38997,1.78372093023,0.175862068966,1983MM11,110.626643599
38998,A4,308600,38998,1.7803986711,0.175172413793,1983MM12,110.547404844
39000,A4,308600,39000,1.77707641196,0.174482758621,1984MM01,110.46816609
39001,A4,308600,39001,1.77375415282,0.173793103448,1984MM02,110.388927336
39002,A4,308600,39002,1.77043189369,0.173103448276,1984MM03,110.309688581
39003,A4,308600,39003,1.76710963455,0.172413793103,1984MM04,110.230449827
39004,A4,308600,39004,1.76378737542,0.171724137931,1984MM05,110.151211073
39005,A4,308600,39005,1.76046511628,0.171034482759,1984MM06,110.071972318
39006,A4,308600,39006,1.75714285714,0.170344827586,1984MM07,109.992733564
39007,A4,308600,39007,1.75382059801,0.169655172414,1984MM08,109.91349481
39008,A4,308600,39008,1.75049833887,0.168965517241,1984MM09,109.834256055
39009,A4,308600,39009,1.74717607973,0.168275862069,1984MM10,109.755017301
39010,A4,308600,39010,1.7438538206,0.167586206897,1984MM11,109.675778547
39011,A4,308600,39011,1.74053156146,0.166896551724,1984MM12,109.596539792
39013,A4,308600,39013,1.73720930233,0.166206896552,1985MM01,109.517301038
39014,A4,308600,39014,1.73388704319,0.165517241379,1985MM02,109.438062284
39015,A4,308600,39015,1.73056478405,0.164827586207,1985MM03,109.358823529
39016,A4,308600,39016,1.72724252492,0.164137931034,1985MM04,109.279584775
39017,A4,308600,39017,1.72392026578,0.163448275862,1985MM05,109.200346021
39018,A4,308600,39018,1.72059800664,0.16275862069,1985MM06,109.121107266
39019,A4,308600,39019,1.71727574751,0.162068965517,1985MM07,109.041868512
39020,A4,308600,39020,1.71395348837,0.161379310345,1985MM08,108.962629758
39021,A4,308600,39021,1.71063122924,0.160689655172,1985MM09,108.883391003
39022,A4,308600,39022,1.7073089701,0.16,1985MM10,108.804152249
39023,A4,308600,39023,1.70398671096,0.159310344828,1985MM11,108.724913495
39024,A4,308600,39024,1.70066445183,0.158620689655,1985MM12,108.64567474
39026,A4,308600,39026,1.69734219269,0.157931034483,1986MM01,108.566435986
39027,A4,308600,39027,1.69401993355,0.15724137931,1986MM02,108.487197232
39028,A4,308600,39028,1.69069767442,0.156551724138,1986MM03,108.407958478
39029,A4,308600,39029,1.68737541528,0.155862068966,1986MM04,108.328719723
39030,A4,308600,39030,1.68405315615,0.155172413793,1986MM05,108.249480969
39031,A4,308600,39031,1.68073089701,0.154482758621,1986MM06,108.170242215
39032,A4,308600,39032,1.67740863787,0.153793103448,1986MM07,108.09100346
39033,A4,308600,39033,1.67408637874,0.153103448276,1986MM08,108.011764706
39034,A4,308600,39034,1.6707641196,0.152413793103,1986MM09,107.932525952
39035,A4,308600,39035,1.66744186047,0.151724137931,1986MM10,107.853287197
39036,A4,308600,39036,1.66411960133,0.151034482759,1986MM11,107.774048443
39037,A4,308600,39037,1.66079734219,0.150344827586,1986MM12,107.694809689
39039,A4,308600,39039,1.65747508306,0.149655172414,1987MM01,107.615570934
39040,A4,308600,39040,1.65415282392,0.148965517241,1987MM02,107.53633218
39041,A4,308600,39041,1.65083056478,0.148275862069,1987MM03,107.457093426
39042,A4,308600,39042,1.64750830565,0.147586206897,1987MM04,107.377854671
39043,A4,308600,39043,1.64418604651,0.146896551724,1987MM05,107.298615917
39044,A4,308600,39044,1.64086378738,0.146206896552,1987MM06,107.219377163
39045,A4,308600,39045,1.63754152824,0.145517241379,1987MM07,107.140138408
39046,A4,308600,39046,1.6342192691,0.144827586207,1987MM08,107.060899654
39047,A4,308600,39047,1.63089700997,0.144137931034,1987MM09,106.9816609
39048,A4,308600,39048,1.62757475083,0.143448275862,1987MM10,106.902422145
39049,A4,308600,39049,1.62425249169,0.14275862069,1987MM11,106.823183391
39050,A4,308600,39050,1.62093023256,0.142068965517,1987MM12,106.743944637
39052,A4,308600,39052,1.61760797342,0.141379310345,1988MM01,106.664705882
39053,A4,308600,39053,1.61428571429,0.140689655172,1988MM02,106.585467128
39054,A4,308600,39054,1.61096345515,0.14,1988MM03,106.506228374
39055,A4,308600,39055,1.60764119601,0.139310344828,1988MM04,106.426989619
39056,A4,308600,39056,1.60431893688,0.138620689655,1988MM05,106.347750865
39057,A4,308600,39057,1.60099667774,0.137931034483,1988MM06,106.268512111
39058,A4,308600,39058,1.5976744186,0.13724137931,1988MM07,106.189273356
39059,A4,308600,39059,1.59435215947,0.136551724138,1988MM08,106.110034602
39060,A4,308600,39060,1.59102990033,0.135862068966,1988MM09,106.030795848
39061,A4,308600,39061,1.5877076412,0.135172413793,1988MM10,105.951557093
39062,A4,308600,39062,1.58438538206,0.134482758621,1988MM11,105.872318339
39063,A4,308600,39063,1.58106312292,0.133793103448,1988MM12,105.793079585
39065,A4,308600,39065,1.57774086379,0.133103448276,1989MM01,105.71384083
39066,A4,308600,39066,1.57441860465,0.132413793103,1989MM02,105.634602076
39067,A4,308600,39067,1.57109634551,0.131724137931,1989MM03,105.555363322
39068,A4,308600,39068,1.56777408638,0.131034482759,1989MM04,105.476124567
39069,A4,308600,39069,1.56445182724,0.130344827586,1989MM05,105.396885813
39070,A4,308600,39070,1.56112956811,0.129655172414,1989MM06,105.317647059
39071,A4,308600,39071,1.55780730897,0.128965517241,1989MM07,105.238408304
39072,A4,308600,39072,1.55448504983,0.128275862069,1989MM08,105.15916955
39073,A4,308600,39073,1.5511627907,0.127586206897,1989MM09,105.079930796
39074,A4,308600,39074,1.54784053156,0.126896551724,1989MM10,105.000692042
39075,A4,308600,39075,1.54451827243,0.126206896552,1989MM11,104.921453287
39076,A4,308600,39076,1.54119601329,0.125517241379,1989MM12,104.842214533
39078,A4,308600,39078,1.53787375415,0.124827586207,1990MM01,104.762975779
39079,A4,308600,39079,1.53455149502,0.124137931034,1990MM02,104.683737024
39080,A4,308600,39080,1.53122923588,0.123448275862,1990MM03,104.60449827
39081,A4,308600,39081,1.52790697674,0.12275862069,1990MM04,104.525259516
39082,A4,308600,39082,1.52458471761,0.122068965517,1990MM05,104.446020761
39083,A4,308600,39083,1.52126245847,0.121379310345,1990MM06,104.366782007
39084,A4,308600,39084,1.51794019934,0.120689655172,1990MM07,104.287543253
39085,A4,308600,39085,1.5146179402,0.12,1990MM08,104.208304498
39086,A4,308600,39086,1.51129568106,0.119310344828,1990MM09,104.129065744
39087,A4,308600,39087,1.50797342193,0.118620689655,1990MM10,104.04982699
39088,A4,308600,39088,1.50465116279,0.117931034483,1990MM11,103.970588235
39089,A4,308600,39089,1.50132890365,0.11724137931,1990MM12,103.891349481
39091,A4,308600,39091,1.49800664452,0.116551724138,1991MM01,103.812110727
39092,A4,308600,39092,1.49468438538,0.115862068966,1991MM02,103.732871972
39093,A4,308600,39093,1.49136212625,0.115172413793,1991MM03,103.653633218
39094,A4,308600,39094,1.48803986711,0.114482758621,1991MM04,103.574394464
39095,A4,308600,39095,1.48471760797,0.113793103448,1991MM05,103.495155709
39096,A4,308600,39096,1.48139534884,0.113103448276,1991MM06,103.415916955
39097,A4,308600,39097,1.4780730897,0.112413793103,1991MM07,103.336678201
39098,A4,308600,39098,1.47475083056,0.111724137931,1991MM08,103.257439446
39099,A4,308600,39099,1.47142857143,0.111034482759,1991MM09,103.178200692
39100,A4,308600,39100,1.46810631229,0.110344827586,1991MM10,103.098961938
39101,A4,308600,39101,1.46478405316,0.109655172414,1991MM11,103.019723183
39102,A4,308600,39102,1.46146179402,0.108965517241,1991MM12,102.940484429
39104,A4,308600,39104,1.45813953488,0.108275862069,1992MM01,102.861245675
39105,A4,308600,39105,1.45481727575,0.107586206897,1992MM02,102.78200692
39106,A4,308600,39106,1.45149501661,0.106896551724,1992MM03,102.702768166
39107,A4,308600,39107,1.44817275748,0.106206896552,1992MM04,102.623529412
39108,A4,308600,39108,1.44485049834,0.105517241379,1992MM05,102.544290657
39109,A4,308600,39109,1.4415282392,0.104827586207,1992MM06,102.465051903
39110,A4,308600,39110,1.43820598007,0.104137931034,1992MM07,102.385813149
39111,A4,308600,39111,1.43488372093,0.103448275862,1992MM08,102.306574394
39112,A4,308600,39112,1.43156146179,0.10275862069,1992MM09,102.22733564
39113,A4,308600,39113,1.42823920266,0.102068965517,1992MM10,102.148096886
39114,A4,308600,39114,1.42491694352,0.101379310345,1992MM11,102.068858131
39115,A4,308600,39115,1.42159468439,0.100689655172,1992MM12,101.989619377
39117,A4,308600,39117,1.41827242525,0.1,1993MM01,101.910380623
39118,A4,308600,39118,1.41495016611,0.0993103448276,1993MM02,101.831141869
39119,A4,308600,39119,1.41162790698,0.0986206896552,1993MM03,101.751903114
39120,A4,308600,39120,1.40830564784,0.0979310344828,1993MM04,101.67266436
39121,A4,308600,39121,1.4049833887,0.0972413793103,1993MM05,101.593425606
39122,A4,308600,39122,1.40166112957,0.0965517241379,1993MM06,101.514186851
39123,A4,308600,39123,1.39833887043,0.0958620689655,1993MM07,101.434948097
39124,A4,308600,39124,1.3950166113,0.0951724137931,1993MM08,101.355709343
39125,A4,308600,39125,1.39169435216,0.0944827586207,1993MM09,101.276470588
39126,A4,308600,39126,1.38837209302,0.0937931034483,1993MM10,101.197231834
39127,A4,308600,39127,1.38504983389,0.0931034482759,1993MM11,101.11799308
39128,A4,308600,39128,1.38172757475,0.0924137931034,1993MM12,101.038754325
39130,A4,308600,39130,1.37840531561,0.091724137931,1994MM01,100.959515571
39131,A4,308600,39131,1.37508305648,0.0910344827586,1994MM02,100.880276817
39132,A4,308600,39132,1.37176079734,0.0903448275862,1994MM03,100.801038062
39133,A4,308600,39133,1.36843853821,0.0896551724138,1994MM04,100.721799308
39134,A4,308600,39134,1.36511627907,0.0889655172414,1994MM05,100.642560554
39135,A4,308600,39135,1.36179401993,0.088275862069,1994MM06,100.563321799
39136,A4,308600,39136,1.3584717608,0.0875862068966,1994MM07,100.484083045
39137,A4,308600,39137,1.35514950166,0.0868965517241,1994MM08,100.404844291
39138,A4,308600,39138,1.35182724252,0.0862068965517,1994MM09,100.325605536
39139,A4,308600,39139,1.34850498339,0.0855172413793,1994MM10,100.246366782
39140,A4,308600,39140,1.34518272425,0.0848275862069,1994MM11,100.167128028
39141,A4,308600,39141,1.34186046512,0.0841379310345,1994MM12,100.087889273
39143,A4,308600,39143,1.33853820598,0.0834482758621,1995MM01,100.008650519
39144,A4,308600,39144,1.33521594684,0.0827586206897,1995MM02,99.9294117647
39145,A4,308600,39145,1.33189368771,0.0820689655172,1995MM03,99.8501730104
39146,A4,308600,39146,1.32857142857,0.0813793103448,1995MM04,99.7709342561
39147,A4,308600,39147,1.32524916944,0.0806896551724,1995MM05,99.6916955017
39148,A4,308600,39148,1.3219269103,0.08,1995MM06,99.6124567474
39149,A4,308600,39149,1.31860465116,0.0793103448276,1995MM07,99.5332179931
39150,A4,308600,39150,1.31528239203,0.0786206896552,1995MM08,99.4539792388
39151,A4,308600,39151,1.31196013289,0.0779310344828,1995MM09,99.3747404844
39152,A4,308600,39152,1.30863787375,0.0772413793103,1995MM10,99.2955017301
39153,A4,308600,39153,1.30531561462,0.0765517241379,1995MM11,99.2162629758
39154,A4,308600,39154,1.30199335548,0.0758620689655,1995MM12,99.1370242215
39156,A4,308600,39156,1.29867109635,0.0751724137931,1996MM01,99.0577854671
39157,A4,308600,39157,1.29534883721,0.0744827586207,1996MM02,98.9785467128
39158,A4,308600,39158,1.29202657807,0.0737931034483,1996MM03,98.8993079585
39159,A4,308600,39159,1.28870431894,0.0731034482759,1996MM04,98.8200692042
39160,A4,308600,39160,1.2853820598,0.0724137931034,1996MM05,98.7408304498
39161,A4,308600,39161,1.28205980066,0.071724137931,1996MM06,98.6615916955
39162,A4,308600,39162,1.27873754153,0.0710344827586,1996MM07,98.5823529412
39163,A4,308600,39163,1.27541528239,0.0703448275862,1996MM08,98.5031141869
39164,A4,308600,39164,1.27209302326,0.0696551724138,1996MM09,98.4238754325
39165,A4,308600,39165,1.26877076412,0.0689655172414,1996MM10,98.3446366782
39166,A4,308600,39166,1.26544850498,0.068275862069,1996MM11,98.2653979239
39167,A4,308600,39167,1.26212624585,0.0675862068966,1996MM12,98.1861591696
39169,A4,308600,39169,1.25880398671,0.0668965517241,1997MM01,98.1069204152
39170,A4,308600,39170,1.25548172757,0.0662068965517,1997MM02,98.0276816609
39171,A4,308600,39171,1.25215946844,0.0655172413793,1997MM03,97.9484429066
39172,A4,308600,39172,1.2488372093,0.0648275862069,1997MM04,97.8692041522
39173,A4,308600,39173,1.24551495017,0.0641379310345,1997MM05,97.7899653979
39174,A4,308600,39174,1.24219269103,0.0634482758621,1997MM06,97.7107266436
39175,A4,308600,39175,1.23887043189,0.0627586206897,1997MM07,97.6314878893
39176,A4,308600,39176,1.23554817276,0.0620689655172,1997MM08,97.5522491349
39177,A4,308600,39177,1.23222591362,0.0613793103448,1997MM09,97.4730103806
39178,A4,308600,39178,1.22890365449,0.0606896551724,1997MM10,97.3937716263
39179,A4,308600,39179,1.22558139535,0.06,1997MM11,97.314532872
39180,A4,308600,39180,1.22225913621,0.0593103448276,1997MM12,97.2352941176
39182,A4,308600,39182,1.21893687708,0.0586206896552,1998MM01,97.1560553633
39183,A4,308600,39183,1.21561461794,0.0579310344828,1998MM02,97.076816609
39184,A4,308600,39184,1.2122923588,0.0572413793103,1998MM03,96.9975778547
39185,A4,308600,39185,1.20897009967,0.0565517241379,1998MM04,96.9183391003
39186,A4,308600,39186,1.20564784053,0.0558620689655,1998MM05,96.839100346
39187,A4,308600,39187,1.2023255814,0.0551724137931,1998MM06,96.7598615917
39188,A4,308600,39188,1.19900332226,0.0544827586207,1998MM07,96.6806228374
39189,A4,308600,39189,1.19568106312,0.0537931034483,1998MM08,96.601384083
39190,A4,308600,39190,1.19235880399,0.0531034482759,1998MM09,96.5221453287
39191,A4,308600,39191,1.18903654485,0.0524137931034,1998MM10,96.4429065744
39192,A4,308600,39192,1.18571428571,0.051724137931,1998MM11,96.3636678201
39193,A4,308600,39193,1.18239202658,0.0510344827586,1998MM12,96.2844290657
39195,A4,308600,39195,1.17906976744,0.0503448275862,1999MM01,96.2051903114
39196,A4,308600,39196,1.17574750831,0.0496551724138,1999MM02,96.1259515571
39197,A4,308600,39197,1.17242524917,0.0489655172414,1999MM03,96.0467128028
39198,A4,308600,39198,1.16910299003,0.048275862069,1999MM04,95.9674740484
39199,A4,308600,39199,1.1657807309,0.0475862068966,1999MM05,95.8882352941
39200,A4,308600,39200,1.16245847176,0.0468965517241,1999MM06,95.8089965398
39201,A4,308600,39201,1.15913621262,0.0462068965517,1999MM07,95.7297577855
39202,A4,308600,39202,1.15581395349,0.0455172413793,1999MM08,95.6505190311
39203,A4,308600,39203,1.15249169435,0.0448275862069,1999MM09,95.5712802768
39204,A4,308600,39204,1.14916943522,0.0441379310345,1999MM10,95.4920415225
39205,A4,308600,39205,1.14584717608,0.0434482758621,1999MM11,95.4128027682
39206,A4,308600,39206,1.14252491694,0.0427586206897,1999MM12,95.3335640138
39208,A4,308600,39208,1.13920265781,0.0420689655172,2000MM01,95.2543252595
39209,A4,308600,39209,1.13588039867,0.0413793103448,2000MM02,95.1750865052
39210,A4,308600,39210,1.13255813953,0.0406896551724,2000MM03,95.0958477509
39211,A4,308600,39211,1.1292358804,0.04,2000MM04,95.0166089965
39212,A4,308600,39212,1.12591362126,0.0393103448276,2000MM05,94.9373702422
39213,A4,308600,39213,1.12259136213,0.0386206896552,2000MM06,94.8581314879
39214,A4,308600,39214,1.11926910299,0.0379310344828,2000MM07,94.7788927336
39215,A4,308600,39215,1.11594684385,0.0372413793103,2000MM08,94.6996539792
39216,A4,308600,39216,1.11262458472,0.0365517241379,2000MM09,94.6204152249
39217,A4,308600,39217,1.10930232558,0.0358620689655,2000MM10,94.5411764706
39218,A4,308600,39218,1.10598006645,0.0351724137931,2000MM11,94.4619377163
39219,A4,308600,39219,1.10265780731,0.0344827586207,2000MM12,94.3826989619
39221,A4,308600,39221,1.09933554817,0.0337931034483,2001MM01,94.3034602076
39222,A4,308600,39222,1.09601328904,0.0331034482759,2001MM02,94.2242214533
39223,A4,308600,39223,1.0926910299,0.0324137931034,2001MM03,94.144982699
39224,A4,308600,39224,1.08936877076,0.031724137931,2001MM04,94.0657439446
39225,A4,308600,39225,1.08604651163,0.0310344827586,2001MM05,93.9865051903
39226,A4,308600,39226,1.08272425249,0.0303448275862,2001MM06,93.907266436
39227,A4,308600,39227,1.07940199336,0.0296551724138,2001MM07,93.8280276817
39228,A4,308600,39228,1.07607973422,0.0289655172414,2001MM08,93.7487889273
39229,A4,308600,39229,1.07275747508,0.028275862069,2001MM09,93.669550173
39230,A4,308600,39230,1.06943521595,0.0275862068966,2001MM10,93.5903114187
39231,A4,308600,39231,1.06611295681,0.0268965517241,2001MM11,93.5110726644
39232,A4,308600,39232,1.06279069767,0.0262068965517,2001MM12,93.43183391
39234,A4,308600,39234,1.05946843854,0.0255172413793,2002MM01,93.3525951557
39235,A4,308600,39235,1.0561461794,0.0248275862069,2002MM02,93.2733564014
39236,A4,308600,39236,1.05282392027,0.0241379310345,2002MM03,93.1941176471
39237,A4,308600,39237,1.04950166113,0.0234482758621,2002MM04,93.1148788927
39238,A4,308600,39238,1.04617940199,0.0227586206897,2002MM05,93.0356401384
39239,A4,308600,39239,1.04285714286,0.0220689655172,2002MM06,92.9564013841
39240,A4,308600,39240,1.03953488372,0.0213793103448,2002MM07,92.8771626298
39241,A4,308600,39241,1.03621262458,0.0206896551724,2002MM08,92.7979238754
39242,A4,308600,39242,1.03289036545,0.02,2002MM09,92.7186851211
39243,A4,308600,39243,1.02956810631,0.0193103448276,2002MM10,92.6394463668
39244,A4,308600,39244,1.02624584718,0.0186206896552,2002MM11,92.5602076125
39245,A4,308600,39245,1.02292358804,0.0179310344828,2002MM12,92.4809688581
39247,A4,308600,39247,1.0196013289,0.0172413793103,2003MM01,92.4017301038
39248,A4,308600,39248,1.01627906977,0.0165517241379,2003MM02,92.3224913495
39249,A4,308600,39249,1.01295681063,0.0158620689655,2003MM03,92.2432525952
39250,A4,308600,39250,1.0096345515,0.0151724137931,2003MM04,92.1640138408
39251,A4,308600,39251,1.00631229236,0.0144827586207,2003MM05,92.0847750865
39252,A4,308600,39252,1.00299003322,0.0137931034483,2003MM06,92.0055363322
39253,A4,308600,39253,0.999667774086,0.0131034482759,2003MM07,91.9262975779
39254,A4,308600,39254,0.99634551495,0.0124137931034,2003MM08,91.8470588235
39255,A4,308600,39255,0.993023255814,0.011724137931,2003MM09,91.7678200692
39256,A4,308600,39256,0.989700996678,0.0110344827586,2003MM10,91.6885813149
39257,A4,308600,39257,0.986378737542,0.0103448275862,2003MM11,91.6093425606
39258,A4,308600,39258,0.983056478405,0.00965517241379,2003MM12,91.5301038062
39260,A4,308600,39260,0.979734219269,0.00896551724138,2004MM01,91.4508650519
39261,A4,308600,39261,0.976411960133,0.00827586206897,2004MM02,91.3716262976
39262,A4,308600,39262,0.973089700997,0.00758620689655,2004MM03,91.2923875433
39263,A4,308600,39263,0.96976744186,0.00689655172414,2004MM04,91.2131487889
39264,A4,308600,39264,0.966445182724,0.00620689655172,2004MM05,91.1339100346
39265,A4,308600,39265,0.963122923588,0.00551724137931,2004MM06,91.0546712803
39266,A4,308600,39266,0.959800664452,0.0048275862069,2004MM07,90.975432526
39267,A4,308600,39267,0.956478405316,0.00413793103448,2004MM08,90.8961937716
39268,A4,308600,39268,0.953156146179,0.00344827586207,2004MM09,90.8169550173
39269,A4,308600,39269,0.949833887043,0.00275862068966,2004MM10,90.737716263
39270,A4,308600,39270,0.946511627907,0.00206896551724,2004MM11,90.6584775087
39271,A4,308600,39271,0.943189368771,0.00137931034483,2004MM12,90.5792387543
39273,A4,308600,39273,0.939867109635,0.000689655172414,2005MM01,90.5
39274,A4,308600,39274,0.936544850498,0.0,2005MM02,90.5
39275,A4,308600,39275,0.933222591362,-0.1,2005MM03,90.5
39276,A4,308600,39276,0.929900332226,0.3,2005MM04,90.7
39277,A4,308600,39277,0.92657807309,-0.1,2005MM05,90.6
39278,A4,308600,39278,0.923255813953,-0.1,2005MM06,90.6
39279,A4,308600,39279,0.919933554817,0.4,2005MM07,91.0
39280,A4,308600,39280,0.916611295681,0.1,2005MM08,91.1
39281,A4,308600,39281,0.913289036545,-0.1,2005MM09,91.0
39282,A4,308600,39282,0.909966777409,-0.5,2005MM10,90.6
39283,A4,308600,39283,0.906644518272,-0.1,2005MM11,90.5
39284,A4,308600,39284,0.903322259136,0.0,2005MM12,90.5
39286,A4,308600,39286,0.9,1.0,2006MM01,91.4
39287,A4,308600,39287,0.9,0.0,2006MM02,91.3
39288,A4,308600,39288,0.8,-0.2,2006MM03,91.2
39289,A4,308600,39289,0.4,-0.1,2006MM04,91.1
39290,A4,308600,39290,0.8,0.3,2006MM05,91.4
39291,A4,308600,39291,0.9,0.0,2006MM06,91.4
39292,A4,308600,39292,0.9,0.5,2006MM07,91.8
39293,A4,308600,39293,0.8,0.0,2006MM08,91.8
39294,A4,308600,39294,0.9,0.0,2006MM09,91.8
39295,A4,308600,39295,1.5,0.1,2006MM10,91.9
39296,A4,308600,39296,1.8,0.2,2006MM11,92.1
39297,A4,308600,39297,1.9,0.1,2006MM12,92.2
39299,A4,308600,39299,1.5,0.6,2007MM01,92.8
39300,A4,308600,39300,1.5,-0.1,2007MM02,92.7
39301,A4,308600,39301,1.7,0.0,2007MM03,92.7
39302,A4,308600,39302,2.0,0.2,2007MM04,92.9
39303,A4,308600,39303,1.6,0.0,2007MM05,92.9
39304,A4,308600,39304,1.8,0.2,2007MM06,93.1
39305,A4,308600,39305,1.6,0.2,2007MM07,93.3
39306,A4,308600,39306,1.6,0.0,2007MM08,93.3
39307,A4,308600,39307,1.8,0.3,2007MM09,93.5
39308,A4,308600,39308,5.6,3.9,2007MM10,97.1
39309,A4,308600,39309,5.5,0.0,2007MM11,97.1
39310,A4,308600,39310,5.6,0.2,2007MM12,97.3
39312,A4,308600,39312,6.6,1.6,2008MM01,98.9
39313,A4,308600,39313,6.7,0.0,2008MM02,98.9
39314,A4,308600,39314,6.8,0.1,2008MM03,99.0
39315,A4,308600,39315,7.2,0.5,2008MM04,99.5
39316,A4,308600,39316,7.4,0.2,2008MM05,99.8
39317,A4,308600,39317,7.0,-0.1,2008MM06,99.6
39318,A4,308600,39318,7.7,0.8,2008MM07,100.4
39319,A4,308600,39319,7.6,-0.1,2008MM08,100.3
39320,A4,308600,39320,7.3,0.0,2008MM09,100.4
39321,A4,308600,39321,3.4,0.1,2008MM10,100.5
39322,A4,308600,39322,3.4,-0.1,2008MM11,100.4
39323,A4,308600,39323,3.0,-0.1,2008MM12,100.3
39325,A4,308600,39325,2.3,0.9,2009MM01,101.1
39326,A4,308600,39326,2.2,0.0,2009MM02,101.1
39327,A4,308600,39327,2.2,0.1,2009MM03,101.2
39328,A4,308600,39328,1.6,-0.1,2009MM04,101.2
39329,A4,308600,39329,1.0,-0.4,2009MM05,100.8
39330,A4,308600,39330,1.2,0.0,2009MM06,100.8
39331,A4,308600,39331,0.6,0.3,2009MM07,101.1
39332,A4,308600,39332,0.9,0.1,2009MM08,101.2
39333,A4,308600,39333,0.8,0.0,2009MM09,101.2
39334,A4,308600,39334,0.9,0.2,2009MM10,101.4
39335,A4,308600,39335,0.6,-0.3,2009MM11,101.0
39336,A4,308600,39336,0.8,0.0,2009MM12,101.1
39338,A4,308600,39338,-1.1,-1.0,2010MM01,100.0
39339,A4,308600,39339,-1.0,0.1,2010MM02,100.1
39340,A4,308600,39340,-1.1,0.0,2010MM03,100.1
39341,A4,308600,39341,-0.8,0.2,2010MM04,100.3
39342,A4,308600,39342,-0.5,0.0,2010MM05,100.3
39343,A4,308600,39343,-0.8,-0.3,2010MM06,100.0
39344,A4,308600,39344,-1.3,-0.2,2010MM07,99.8
39345,A4,308600,39345,-1.5,0.0,2010MM08,99.7
39346,A4,308600,39346,-1.5,0.0,2010MM09,99.7
39347,A4,308600,39347,-1.4,0.2,2010MM10,99.9
39348,A4,308600,39348,-1.1,0.0,2010MM11,100.0
39349,A4,308600,39349,-1.0,0.1,2010MM12,100.1
39351,A4,308600,39351,1.0,0.9,2011MM01,101.0
39352,A4,308600,39352,1.0,0.2,2011MM02,101.2
39353,A4,308600,39353,1.1,0.0,2011MM03,101.2
39354,A4,308600,39354,2.3,1.5,2011MM04,102.7
39355,A4,308600,39355,2.5,0.1,2011MM05,102.8
39356,A4,308600,39356,2.7,-0.1,2011MM06,102.7
39357,A4,308600,39357,3.1,0.2,2011MM07,102.9
39358,A4,308600,39358,3.2,0.0,2011MM08,102.9
39359,A4,308600,39359,3.1,-0.1,2011MM09,102.8
39360,A4,308600,39360,4.1,1.2,2011MM10,104.0
39361,A4,308600,39361,4.2,0.2,2011MM11,104.2
39362,A4,308600,39362,4.2,0.1,2011MM12,104.3
39364,A4,308600,39364,7.1,3.7,2012MM01,108.2
39365,A4,308600,39365,6.9,0.0,2012MM02,108.1
39366,A4,308600,39366,6.8,-0.1,2012MM03,108.1
39367,A4,308600,39367,6.1,0.8,2012MM04,109.0
39368,A4,308600,39368,6.0,0.0,2012MM05,109.0
39369,A4,308600,39369,6.2,0.1,2012MM06,109.0
39370,A4,308600,39370,6.0,0.0,2012MM07,109.1
39371,A4,308600,39371,6.1,0.1,2012MM08,109.1
39372,A4,308600,39372,7.1,0.9,2012MM09,110.1
39373,A4,308600,39373,6.1,0.2,2012MM10,110.3
39374,A4,308600,39374,6.0,0.0,2012MM11,110.4
39375,A4,308600,39375,5.6,-0.2,2012MM12,110.1
39377,A4,308600,39377,3.9,2.0,2013MM01,112.4
39378,A4,308600,39378,3.9,0.0,2013MM02,112.4
39379,A4,308600,39379,4.0,0.0,2013MM03,112.4
39380,A4,308600,39380,3.3,0.1,2013MM04,112.5
39381,A4,308600,39381,3.3,0.0,2013MM05,112.5
39382,A4,308600,39382,3.2,0.0,2013MM06,112.5
39383,A4,308600,39383,3.4,0.2,2013MM07,112.7
39384,A4,308600,39384,3.4,0.1,2013MM08,112.8
39385,A4,308600,39385,2.7,0.2,2013MM09,113.0
39386,A4,308600,39386,2.4,0.0,2013MM10,113.0
39387,A4,308600,39387,2.5,0.1,2013MM11,113.1
39388,A4,308600,39388,2.7,0.0,2013MM12,113.2
39390,A4,308600,39390,0.8,0.1,2014MM01,113.3
39391,A4,308600,39391,0.8,0.0,2014MM02,113.3
39392,A4,308600,39392,0.8,0.1,2014MM03,113.3
39393,A4,308600,39393,0.8,0.1,2014MM04,113.4
39394,A4,308600,39394,0.8,0.0,2014MM05,113.4
39395,A4,308600,39395,0.8,0.0,2014MM06,113.4
39396,A4,308600,39396,0.6,0.0,2014MM07,113.4
39397,A4,308600,39397,0.6,0.1,2014MM08,113.5
39398,A4,308600,39398,0.3,-0.1,2014MM09,113.4
39399,A4,308600,39399,0.0,-0.3,2014MM10,113.0
39400,A4,308600,39400,-0.2,-0.1,2014MM11,112.9
39401,A4,308600,39401,-0.3,-0.1,2014MM12,112.8
39403,A4,308600,39403,-1.6,-1.2,2015MM01,111.4
39404,A4,308600,39404,-1.8,-0.2,2015MM02,111.2
39405,A4,308600,39405,-1.7,0.2,2015MM03,111.5
39406,A4,308600,39406,-1.8,0.0,2015MM04,111.4
39407,A4,308600,39407,-1.7,0.0,2015MM05,111.4
39408,A4,308600,39408,-1.7,0.0,2015MM06,111.5
39409,A4,308600,39409,-1.7,0.0,2015MM07,111.5
39410,A4,308600,39410,-1.8,0.0,2015MM08,111.4
39411,A4,308600,39411,-1.9,-0.2,2015MM09,111.2
39412,A4,308600,39412,-1.7,-0.1,2015MM10,111.1
39413,A4,308600,39413,-1.4,0.2,2015MM11,111.4
39414,A4,308600,39414,-1.0,0.3,2015MM12,111.7
39416,A4,308600,39416,0.8,0.5,2016MM01,112.3
39417,A4,308600,39417,1.0,0.1,2016MM02,112.4
39418,A4,308600,39418,0.9,0.1,2016MM03,112.5
39419,A4,308600,39419,0.9,0.0,2016MM04,112.5
39420,A4,308600,39420,1.0,0.0,2016MM05,112.5
39421,A4,308600,39421,1.1,0.1,2016MM06,112.7
39422,A4,308600,39422,1.2,0.2,2016MM07,112.8
39423,A4,308600,39423,1.4,0.1,2016MM08,113.0
39424,A4,308600,39424,1.5,-0.1,2016MM09,112.9
39425,A4,308600,39425,1.9,0.4,2016MM10,113.3
39426,A4,308600,39426,1.7,0.0,2016MM11,113.2
39427,A4,308600,39427,1.5,0.1,2016MM12,113.3
39429,A4,308600,39429,1.5,0.6,2017MM01,114.0
39430,A4,308600,39430,1.7,0.2,2017MM02,114.3
39431,A4,308600,39431,1.5,-0.1,2017MM03,114.2
39432,A4,308600,39432,1.5,0.0,2017MM04,114.2
39433,A4,308600,39433,1.5,0.0,2017MM05,114.3
39434,A4,308600,39434,1.4,0.0,2017MM06,114.3
39435,A4,308600,39435,1.0,-0.3,2017MM07,114.0
39436,A4,308600,39436,0.8,0.0,2017MM08,113.9
39437,A4,308600,39437,1.0,0.0,2017MM09,114.0
39438,A4,308600,39438,0.6,0.0,2017MM10,113.9
39439,A4,308600,39439,0.4,-0.2,2017MM11,113.7
39440,A4,308600,39440,0.7,0.3,2017MM12,114.1
