,Afzet,BedrijfstakkenBranchesSBI2008,ID,OntwikkelingTOV1JaarEerder_2,OntwikkelingTOV1MaandEerder_3,Perioden,ProducentenprijsindexPPI_1
7527,A6,308700,7527,,,2005MM01,61.9
7528,A6,308700,7528,,5.0,2005MM02,65.0
7529,A6,308700,7529,,1.1,2005MM03,65.7
7530,A6,308700,7530,,-1.2,2005MM04,65.0
7531,A6,308700,7531,,-1.1,2005MM05,64.2
7532,A6,308700,7532,,2.9,2005MM06,66.1
7533,A6,308700,7533,,-0.3,2005MM07,65.9
7534,A6,308700,7534,,-0.3,2005MM08,65.7
7535,A6,308700,7535,,1.5,2005MM09,66.7
7536,A6,308700,7536,,1.0,2005MM10,67.4
7537,A6,308700,7537,,-1.4,2005MM11,66.4
7538,A6,308700,7538,,-0.4,2005MM12,66.1
7540,A6,308700,7540,7.0,0.2,2006MM01,66.3
7541,A6,308700,7541,2.9,1.0,2006MM02,66.9
7542,A6,308700,7542,0.4,-1.4,2006MM03,66.0
7543,A6,308700,7543,0.9,-0.7,2006MM04,65.5
7544,A6,308700,7544,-1.4,-3.4,2006MM05,63.3
7545,A6,308700,7545,-4.6,-0.4,2006MM06,63.0
7546,A6,308700,7546,-2.4,2.0,2006MM07,64.3
7547,A6,308700,7547,-1.9,0.1,2006MM08,64.4
7548,A6,308700,7548,-2.5,0.9,2006MM09,65.0
7549,A6,308700,7549,-0.3,3.3,2006MM10,67.2
7550,A6,308700,7550,1.0,0.0,2006MM11,67.1
7551,A6,308700,7551,4.5,3.0,2006MM12,69.2
7553,A6,308700,7553,6.0,1.6,2007MM01,70.2
7554,A6,308700,7554,6.4,1.4,2007MM02,71.2
7555,A6,308700,7555,10.5,2.5,2007MM03,73.0
7556,A6,308700,7556,10.9,-0.4,2007MM04,72.7
7557,A6,308700,7557,19.5,4.1,2007MM05,75.7
7558,A6,308700,7558,20.6,0.5,2007MM06,76.0
7559,A6,308700,7559,21.5,2.7,2007MM07,78.1
7560,A6,308700,7560,27.7,5.3,2007MM08,82.3
7561,A6,308700,7561,32.4,4.6,2007MM09,86.0
7562,A6,308700,7562,32.2,3.2,2007MM10,88.8
7563,A6,308700,7563,37.3,3.8,2007MM11,92.2
7564,A6,308700,7564,39.5,4.6,2007MM12,96.4
7566,A6,308700,7566,47.0,7.1,2008MM01,103.2
7567,A6,308700,7567,53.9,6.1,2008MM02,109.6
7568,A6,308700,7568,46.9,-2.1,2008MM03,107.2
7569,A6,308700,7569,49.9,1.6,2008MM04,109.0
7570,A6,308700,7570,44.2,0.1,2008MM05,109.1
7571,A6,308700,7571,43.9,0.3,2008MM06,109.4
7572,A6,308700,7572,36.9,-2.2,2008MM07,106.9
7573,A6,308700,7573,26.7,-2.5,2008MM08,104.2
7574,A6,308700,7574,14.0,-5.9,2008MM09,98.1
7575,A6,308700,7575,5.3,-4.7,2008MM10,93.5
7576,A6,308700,7576,-1.3,-2.7,2008MM11,91.0
7577,A6,308700,7577,-8.5,-3.0,2008MM12,88.2
7579,A6,308700,7579,-12.3,2.7,2009MM01,90.6
7580,A6,308700,7580,-16.2,1.3,2009MM02,91.8
7581,A6,308700,7581,-15.3,-1.1,2009MM03,90.8
7582,A6,308700,7582,-15.9,0.9,2009MM04,91.6
7583,A6,308700,7583,-16.2,-0.2,2009MM05,91.4
7584,A6,308700,7584,-17.3,-1.0,2009MM06,90.5
7585,A6,308700,7585,-17.0,-1.9,2009MM07,88.8
7586,A6,308700,7586,-15.5,-0.8,2009MM08,88.1
7587,A6,308700,7587,-11.4,-1.3,2009MM09,87.0
7588,A6,308700,7588,-7.3,-0.3,2009MM10,86.7
7589,A6,308700,7589,-3.5,1.2,2009MM11,87.7
7590,A6,308700,7590,1.0,1.5,2009MM12,89.1
7592,A6,308700,7592,-0.7,0.9,2010MM01,89.9
7593,A6,308700,7593,0.2,2.3,2010MM02,92.0
7594,A6,308700,7594,2.7,1.4,2010MM03,93.2
7595,A6,308700,7595,3.4,1.6,2010MM04,94.7
7596,A6,308700,7596,3.5,-0.2,2010MM05,94.6
7597,A6,308700,7597,6.9,2.2,2010MM06,96.7
7598,A6,308700,7598,9.6,0.6,2010MM07,97.3
7599,A6,308700,7599,16.1,5.1,2010MM08,102.2
7600,A6,308700,7600,19.5,1.6,2010MM09,103.9
7601,A6,308700,7601,21.9,1.7,2010MM10,105.7
7602,A6,308700,7602,27.0,5.4,2010MM11,111.4
7603,A6,308700,7603,32.8,6.1,2010MM12,118.3
7605,A6,308700,7605,36.5,3.7,2011MM01,122.7
7606,A6,308700,7606,33.0,-0.3,2011MM02,122.3
7607,A6,308700,7607,27.1,-3.1,2011MM03,118.5
7608,A6,308700,7608,21.2,-3.0,2011MM04,114.9
7609,A6,308700,7609,23.3,1.5,2011MM05,116.6
7610,A6,308700,7610,17.3,-2.7,2011MM06,113.5
7611,A6,308700,7611,16.4,-0.2,2011MM07,113.2
7612,A6,308700,7612,6.4,-3.9,2011MM08,108.8
7613,A6,308700,7613,3.0,-1.7,2011MM09,107.0
7614,A6,308700,7614,1.6,0.4,2011MM10,107.4
7615,A6,308700,7615,-2.7,1.0,2011MM11,108.5
7616,A6,308700,7616,-6.7,1.8,2011MM12,110.4
7618,A6,308700,7618,-10.6,-0.7,2012MM01,109.6
7619,A6,308700,7619,-9.2,1.3,2012MM02,111.0
7620,A6,308700,7620,-1.6,4.9,2012MM03,116.5
7621,A6,308700,7621,4.6,3.2,2012MM04,120.2
7622,A6,308700,7622,5.0,1.8,2012MM05,122.4
7623,A6,308700,7623,10.9,2.8,2012MM06,125.8
7624,A6,308700,7624,16.2,4.5,2012MM07,131.5
7625,A6,308700,7625,26.0,4.2,2012MM08,137.0
7626,A6,308700,7626,25.2,-2.3,2012MM09,133.9
7627,A6,308700,7627,21.8,-2.3,2012MM10,130.8
7628,A6,308700,7628,19.8,-0.7,2012MM11,129.9
7629,A6,308700,7629,15.8,-1.6,2012MM12,127.8
7631,A6,308700,7631,13.4,-2.8,2013MM01,124.3
7632,A6,308700,7632,10.8,-1.0,2013MM02,123.0
7633,A6,308700,7633,4.7,-0.8,2013MM03,122.0
7634,A6,308700,7634,1.3,-0.2,2013MM04,121.7
7635,A6,308700,7635,-1.2,-0.7,2013MM05,120.9
7636,A6,308700,7636,-5.1,-1.3,2013MM06,119.4
7637,A6,308700,7637,-10.8,-1.8,2013MM07,117.3
7638,A6,308700,7638,-16.7,-2.7,2013MM08,114.1
7639,A6,308700,7639,-15.0,-0.2,2013MM09,113.9
7640,A6,308700,7640,-13.9,-1.1,2013MM10,112.6
7641,A6,308700,7641,-8.8,5.2,2013MM11,118.4
7642,A6,308700,7642,-8.3,-1.0,2013MM12,117.2
7644,A6,308700,7644,-5.4,0.3,2014MM01,117.5
7645,A6,308700,7645,-2.3,2.2,2014MM02,120.1
7646,A6,308700,7646,-1.0,0.5,2014MM03,120.8
7647,A6,308700,7647,0.3,1.1,2014MM04,122.1
7648,A6,308700,7648,-1.6,-2.6,2014MM05,118.9
7649,A6,308700,7649,-1.8,-1.5,2014MM06,117.2
7650,A6,308700,7650,-1.7,-1.6,2014MM07,115.3
7651,A6,308700,7651,-1.7,-2.7,2014MM08,112.2
7652,A6,308700,7652,-2.1,-0.7,2014MM09,111.4
7653,A6,308700,7653,-0.4,0.6,2014MM10,112.1
7654,A6,308700,7654,-7.2,-1.9,2014MM11,109.9
7655,A6,308700,7655,-5.9,0.4,2014MM12,110.3
7657,A6,308700,7657,-4.5,1.7,2015MM01,112.2
7658,A6,308700,7658,-7.6,-1.1,2015MM02,111.0
7659,A6,308700,7659,-5.6,2.7,2015MM03,114.0
7660,A6,308700,7660,-6.2,0.4,2015MM04,114.5
7661,A6,308700,7661,-4.2,-0.5,2015MM05,114.0
7662,A6,308700,7662,-1.7,1.1,2015MM06,115.2
7663,A6,308700,7663,-1.7,-1.6,2015MM07,113.4
7664,A6,308700,7664,-1.9,-2.9,2015MM08,110.1
7665,A6,308700,7665,-2.9,-1.8,2015MM09,108.1
7666,A6,308700,7666,-3.8,-0.2,2015MM10,107.9
7667,A6,308700,7667,-1.9,0.0,2015MM11,107.9
7668,A6,308700,7668,-3.7,-1.5,2015MM12,106.3
7670,A6,308700,7670,-6.8,-1.6,2016MM01,104.6
7671,A6,308700,7671,-7.7,-2.0,2016MM02,102.5
7672,A6,308700,7672,-7.1,3.3,2016MM03,105.9
7673,A6,308700,7673,-5.9,1.8,2016MM04,107.7
7674,A6,308700,7674,-0.9,4.8,2016MM05,113.0
7675,A6,308700,7675,0.4,2.3,2016MM06,115.6
7676,A6,308700,7676,1.3,-0.7,2016MM07,114.9
7677,A6,308700,7677,1.8,-2.4,2016MM08,112.1
7678,A6,308700,7678,2.8,-0.8,2016MM09,111.1
7679,A6,308700,7679,2.9,-0.2,2016MM10,110.9
7680,A6,308700,7680,6.1,3.2,2016MM11,114.5
7681,A6,308700,7681,9.7,1.8,2016MM12,116.6
7683,A6,308700,7683,12.9,1.3,2017MM01,118.1
7684,A6,308700,7684,14.8,-0.4,2017MM02,117.6
7685,A6,308700,7685,10.7,-0.4,2017MM03,117.2
7686,A6,308700,7686,8.2,-0.5,2017MM04,116.6
7687,A6,308700,7687,1.0,-2.2,2017MM05,114.1
7688,A6,308700,7688,-5.6,-4.4,2017MM06,109.1
7689,A6,308700,7689,-5.7,-0.8,2017MM07,108.3
7690,A6,308700,7690,-5.0,-1.6,2017MM08,106.5
7691,A6,308700,7691,-5.6,-1.5,2017MM09,104.9
7692,A6,308700,7692,-4.2,1.4,2017MM10,106.3
7693,A6,308700,7693,-7.7,-0.6,2017MM11,105.6
7694,A6,308700,7694,-9.7,-0.4,2017MM12,105.2
