,Afzet,BedrijfstakkenBranchesSBI2008,ID,OntwikkelingTOV1JaarEerder_2,OntwikkelingTOV1MaandEerder_3,Perioden,ProducentenprijsindexPPI_1
39442,A4,308700,39442,-9.64617940199,-0.385517241379,1981MM01,105.049480969
39443,A4,308700,39443,-9.59235880399,-0.371034482759,1981MM02,104.898961938
39444,A4,308700,39444,-9.53853820598,-0.356551724138,1981MM03,104.748442907
39445,A4,308700,39445,-9.48471760797,-0.342068965517,1981MM04,104.597923875
39446,A4,308700,39446,-9.43089700997,-0.327586206897,1981MM05,104.447404844
39447,A4,308700,39447,-9.37707641196,-0.313103448276,1981MM06,104.296885813
39448,A4,308700,39448,-9.32325581395,-0.298620689655,1981MM07,104.146366782
39449,A4,308700,39449,-9.26943521595,-0.284137931034,1981MM08,103.995847751
39450,A4,308700,39450,-9.21561461794,-0.269655172414,1981MM09,103.84532872
39451,A4,308700,39451,-9.16179401993,-0.255172413793,1981MM10,103.694809689
39452,A4,308700,39452,-9.10797342193,-0.240689655172,1981MM11,103.544290657
39453,A4,308700,39453,-9.05415282392,-0.226206896552,1981MM12,103.393771626
39455,A4,308700,39455,-9.00033222591,-0.211724137931,1982MM01,103.243252595
39456,A4,308700,39456,-8.94651162791,-0.19724137931,1982MM02,103.092733564
39457,A4,308700,39457,-8.8926910299,-0.18275862069,1982MM03,102.942214533
39458,A4,308700,39458,-8.83887043189,-0.168275862069,1982MM04,102.791695502
39459,A4,308700,39459,-8.78504983389,-0.153793103448,1982MM05,102.641176471
39460,A4,308700,39460,-8.73122923588,-0.139310344828,1982MM06,102.490657439
39461,A4,308700,39461,-8.67740863787,-0.124827586207,1982MM07,102.340138408
39462,A4,308700,39462,-8.62358803987,-0.110344827586,1982MM08,102.189619377
39463,A4,308700,39463,-8.56976744186,-0.0958620689655,1982MM09,102.039100346
39464,A4,308700,39464,-8.51594684385,-0.0813793103448,1982MM10,101.888581315
39465,A4,308700,39465,-8.46212624585,-0.0668965517241,1982MM11,101.738062284
39466,A4,308700,39466,-8.40830564784,-0.0524137931034,1982MM12,101.587543253
39468,A4,308700,39468,-8.35448504983,-0.0379310344828,1983MM01,101.437024221
39469,A4,308700,39469,-8.30066445183,-0.0234482758621,1983MM02,101.28650519
39470,A4,308700,39470,-8.24684385382,-0.00896551724138,1983MM03,101.135986159
39471,A4,308700,39471,-8.19302325581,0.00551724137931,1983MM04,100.985467128
39472,A4,308700,39472,-8.13920265781,0.02,1983MM05,100.834948097
39473,A4,308700,39473,-8.0853820598,0.0344827586207,1983MM06,100.684429066
39474,A4,308700,39474,-8.03156146179,0.0489655172414,1983MM07,100.533910035
39475,A4,308700,39475,-7.97774086379,0.0634482758621,1983MM08,100.383391003
39476,A4,308700,39476,-7.92392026578,0.0779310344828,1983MM09,100.232871972
39477,A4,308700,39477,-7.87009966777,0.0924137931034,1983MM10,100.082352941
39478,A4,308700,39478,-7.81627906977,0.106896551724,1983MM11,99.93183391
39479,A4,308700,39479,-7.76245847176,0.121379310345,1983MM12,99.7813148789
39481,A4,308700,39481,-7.70863787375,0.135862068966,1984MM01,99.6307958478
39482,A4,308700,39482,-7.65481727575,0.150344827586,1984MM02,99.4802768166
39483,A4,308700,39483,-7.60099667774,0.164827586207,1984MM03,99.3297577855
39484,A4,308700,39484,-7.54717607973,0.179310344828,1984MM04,99.1792387543
39485,A4,308700,39485,-7.49335548173,0.193793103448,1984MM05,99.0287197232
39486,A4,308700,39486,-7.43953488372,0.208275862069,1984MM06,98.878200692
39487,A4,308700,39487,-7.38571428571,0.22275862069,1984MM07,98.7276816609
39488,A4,308700,39488,-7.33189368771,0.23724137931,1984MM08,98.5771626298
39489,A4,308700,39489,-7.2780730897,0.251724137931,1984MM09,98.4266435986
39490,A4,308700,39490,-7.22425249169,0.266206896552,1984MM10,98.2761245675
39491,A4,308700,39491,-7.17043189369,0.280689655172,1984MM11,98.1256055363
39492,A4,308700,39492,-7.11661129568,0.295172413793,1984MM12,97.9750865052
39494,A4,308700,39494,-7.06279069767,0.309655172414,1985MM01,97.824567474
39495,A4,308700,39495,-7.00897009967,0.324137931034,1985MM02,97.6740484429
39496,A4,308700,39496,-6.95514950166,0.338620689655,1985MM03,97.5235294118
39497,A4,308700,39497,-6.90132890365,0.353103448276,1985MM04,97.3730103806
39498,A4,308700,39498,-6.84750830565,0.367586206897,1985MM05,97.2224913495
39499,A4,308700,39499,-6.79368770764,0.382068965517,1985MM06,97.0719723183
39500,A4,308700,39500,-6.73986710963,0.396551724138,1985MM07,96.9214532872
39501,A4,308700,39501,-6.68604651163,0.411034482759,1985MM08,96.7709342561
39502,A4,308700,39502,-6.63222591362,0.425517241379,1985MM09,96.6204152249
39503,A4,308700,39503,-6.57840531561,0.44,1985MM10,96.4698961938
39504,A4,308700,39504,-6.52458471761,0.454482758621,1985MM11,96.3193771626
39505,A4,308700,39505,-6.4707641196,0.468965517241,1985MM12,96.1688581315
39507,A4,308700,39507,-6.41694352159,0.483448275862,1986MM01,96.0183391003
39508,A4,308700,39508,-6.36312292359,0.497931034483,1986MM02,95.8678200692
39509,A4,308700,39509,-6.30930232558,0.512413793103,1986MM03,95.7173010381
39510,A4,308700,39510,-6.25548172757,0.526896551724,1986MM04,95.5667820069
39511,A4,308700,39511,-6.20166112957,0.541379310345,1986MM05,95.4162629758
39512,A4,308700,39512,-6.14784053156,0.555862068966,1986MM06,95.2657439446
39513,A4,308700,39513,-6.09401993355,0.570344827586,1986MM07,95.1152249135
39514,A4,308700,39514,-6.04019933555,0.584827586207,1986MM08,94.9647058824
39515,A4,308700,39515,-5.98637873754,0.599310344828,1986MM09,94.8141868512
39516,A4,308700,39516,-5.93255813953,0.613793103448,1986MM10,94.6636678201
39517,A4,308700,39517,-5.87873754153,0.628275862069,1986MM11,94.5131487889
39518,A4,308700,39518,-5.82491694352,0.64275862069,1986MM12,94.3626297578
39520,A4,308700,39520,-5.77109634551,0.65724137931,1987MM01,94.2121107266
39521,A4,308700,39521,-5.71727574751,0.671724137931,1987MM02,94.0615916955
39522,A4,308700,39522,-5.6634551495,0.686206896552,1987MM03,93.9110726644
39523,A4,308700,39523,-5.6096345515,0.700689655172,1987MM04,93.7605536332
39524,A4,308700,39524,-5.55581395349,0.715172413793,1987MM05,93.6100346021
39525,A4,308700,39525,-5.50199335548,0.729655172414,1987MM06,93.4595155709
39526,A4,308700,39526,-5.44817275748,0.744137931034,1987MM07,93.3089965398
39527,A4,308700,39527,-5.39435215947,0.758620689655,1987MM08,93.1584775087
39528,A4,308700,39528,-5.34053156146,0.773103448276,1987MM09,93.0079584775
39529,A4,308700,39529,-5.28671096346,0.787586206897,1987MM10,92.8574394464
39530,A4,308700,39530,-5.23289036545,0.802068965517,1987MM11,92.7069204152
39531,A4,308700,39531,-5.17906976744,0.816551724138,1987MM12,92.5564013841
39533,A4,308700,39533,-5.12524916944,0.831034482759,1988MM01,92.4058823529
39534,A4,308700,39534,-5.07142857143,0.845517241379,1988MM02,92.2553633218
39535,A4,308700,39535,-5.01760797342,0.86,1988MM03,92.1048442907
39536,A4,308700,39536,-4.96378737542,0.874482758621,1988MM04,91.9543252595
39537,A4,308700,39537,-4.90996677741,0.888965517241,1988MM05,91.8038062284
39538,A4,308700,39538,-4.8561461794,0.903448275862,1988MM06,91.6532871972
39539,A4,308700,39539,-4.8023255814,0.917931034483,1988MM07,91.5027681661
39540,A4,308700,39540,-4.74850498339,0.932413793103,1988MM08,91.3522491349
39541,A4,308700,39541,-4.69468438538,0.946896551724,1988MM09,91.2017301038
39542,A4,308700,39542,-4.64086378738,0.961379310345,1988MM10,91.0512110727
39543,A4,308700,39543,-4.58704318937,0.975862068966,1988MM11,90.9006920415
39544,A4,308700,39544,-4.53322259136,0.990344827586,1988MM12,90.7501730104
39546,A4,308700,39546,-4.47940199336,1.00482758621,1989MM01,90.5996539792
39547,A4,308700,39547,-4.42558139535,1.01931034483,1989MM02,90.4491349481
39548,A4,308700,39548,-4.37176079734,1.03379310345,1989MM03,90.298615917
39549,A4,308700,39549,-4.31794019934,1.04827586207,1989MM04,90.1480968858
39550,A4,308700,39550,-4.26411960133,1.06275862069,1989MM05,89.9975778547
39551,A4,308700,39551,-4.21029900332,1.07724137931,1989MM06,89.8470588235
39552,A4,308700,39552,-4.15647840532,1.09172413793,1989MM07,89.6965397924
39553,A4,308700,39553,-4.10265780731,1.10620689655,1989MM08,89.5460207612
39554,A4,308700,39554,-4.0488372093,1.12068965517,1989MM09,89.3955017301
39555,A4,308700,39555,-3.9950166113,1.13517241379,1989MM10,89.244982699
39556,A4,308700,39556,-3.94119601329,1.14965517241,1989MM11,89.0944636678
39557,A4,308700,39557,-3.88737541528,1.16413793103,1989MM12,88.9439446367
39559,A4,308700,39559,-3.83355481728,1.17862068966,1990MM01,88.7934256055
39560,A4,308700,39560,-3.77973421927,1.19310344828,1990MM02,88.6429065744
39561,A4,308700,39561,-3.72591362126,1.2075862069,1990MM03,88.4923875433
39562,A4,308700,39562,-3.67209302326,1.22206896552,1990MM04,88.3418685121
39563,A4,308700,39563,-3.61827242525,1.23655172414,1990MM05,88.191349481
39564,A4,308700,39564,-3.56445182724,1.25103448276,1990MM06,88.0408304498
39565,A4,308700,39565,-3.51063122924,1.26551724138,1990MM07,87.8903114187
39566,A4,308700,39566,-3.45681063123,1.28,1990MM08,87.7397923875
39567,A4,308700,39567,-3.40299003322,1.29448275862,1990MM09,87.5892733564
39568,A4,308700,39568,-3.34916943522,1.30896551724,1990MM10,87.4387543253
39569,A4,308700,39569,-3.29534883721,1.32344827586,1990MM11,87.2882352941
39570,A4,308700,39570,-3.2415282392,1.33793103448,1990MM12,87.137716263
39572,A4,308700,39572,-3.1877076412,1.3524137931,1991MM01,86.9871972318
39573,A4,308700,39573,-3.13388704319,1.36689655172,1991MM02,86.8366782007
39574,A4,308700,39574,-3.08006644518,1.38137931034,1991MM03,86.6861591696
39575,A4,308700,39575,-3.02624584718,1.39586206897,1991MM04,86.5356401384
39576,A4,308700,39576,-2.97242524917,1.41034482759,1991MM05,86.3851211073
39577,A4,308700,39577,-2.91860465116,1.42482758621,1991MM06,86.2346020761
39578,A4,308700,39578,-2.86478405316,1.43931034483,1991MM07,86.084083045
39579,A4,308700,39579,-2.81096345515,1.45379310345,1991MM08,85.9335640138
39580,A4,308700,39580,-2.75714285714,1.46827586207,1991MM09,85.7830449827
39581,A4,308700,39581,-2.70332225914,1.48275862069,1991MM10,85.6325259516
39582,A4,308700,39582,-2.64950166113,1.49724137931,1991MM11,85.4820069204
39583,A4,308700,39583,-2.59568106312,1.51172413793,1991MM12,85.3314878893
39585,A4,308700,39585,-2.54186046512,1.52620689655,1992MM01,85.1809688581
39586,A4,308700,39586,-2.48803986711,1.54068965517,1992MM02,85.030449827
39587,A4,308700,39587,-2.4342192691,1.55517241379,1992MM03,84.8799307958
39588,A4,308700,39588,-2.3803986711,1.56965517241,1992MM04,84.7294117647
39589,A4,308700,39589,-2.32657807309,1.58413793103,1992MM05,84.5788927336
39590,A4,308700,39590,-2.27275747508,1.59862068966,1992MM06,84.4283737024
39591,A4,308700,39591,-2.21893687708,1.61310344828,1992MM07,84.2778546713
39592,A4,308700,39592,-2.16511627907,1.6275862069,1992MM08,84.1273356401
39593,A4,308700,39593,-2.11129568106,1.64206896552,1992MM09,83.976816609
39594,A4,308700,39594,-2.05747508306,1.65655172414,1992MM10,83.8262975779
39595,A4,308700,39595,-2.00365448505,1.67103448276,1992MM11,83.6757785467
39596,A4,308700,39596,-1.94983388704,1.68551724138,1992MM12,83.5252595156
39598,A4,308700,39598,-1.89601328904,1.7,1993MM01,83.3747404844
39599,A4,308700,39599,-1.84219269103,1.71448275862,1993MM02,83.2242214533
39600,A4,308700,39600,-1.78837209302,1.72896551724,1993MM03,83.0737024221
39601,A4,308700,39601,-1.73455149502,1.74344827586,1993MM04,82.923183391
39602,A4,308700,39602,-1.68073089701,1.75793103448,1993MM05,82.7726643599
39603,A4,308700,39603,-1.626910299,1.7724137931,1993MM06,82.6221453287
39604,A4,308700,39604,-1.573089701,1.78689655172,1993MM07,82.4716262976
39605,A4,308700,39605,-1.51926910299,1.80137931034,1993MM08,82.3211072664
39606,A4,308700,39606,-1.46544850498,1.81586206897,1993MM09,82.1705882353
39607,A4,308700,39607,-1.41162790698,1.83034482759,1993MM10,82.0200692042
39608,A4,308700,39608,-1.35780730897,1.84482758621,1993MM11,81.869550173
39609,A4,308700,39609,-1.30398671096,1.85931034483,1993MM12,81.7190311419
39611,A4,308700,39611,-1.25016611296,1.87379310345,1994MM01,81.5685121107
39612,A4,308700,39612,-1.19634551495,1.88827586207,1994MM02,81.4179930796
39613,A4,308700,39613,-1.14252491694,1.90275862069,1994MM03,81.2674740484
39614,A4,308700,39614,-1.08870431894,1.91724137931,1994MM04,81.1169550173
39615,A4,308700,39615,-1.03488372093,1.93172413793,1994MM05,80.9664359862
39616,A4,308700,39616,-0.981063122924,1.94620689655,1994MM06,80.815916955
39617,A4,308700,39617,-0.927242524917,1.96068965517,1994MM07,80.6653979239
39618,A4,308700,39618,-0.87342192691,1.97517241379,1994MM08,80.5148788927
39619,A4,308700,39619,-0.819601328904,1.98965517241,1994MM09,80.3643598616
39620,A4,308700,39620,-0.765780730897,2.00413793103,1994MM10,80.2138408304
39621,A4,308700,39621,-0.71196013289,2.01862068966,1994MM11,80.0633217993
39622,A4,308700,39622,-0.658139534884,2.03310344828,1994MM12,79.9128027682
39624,A4,308700,39624,-0.604318936877,2.0475862069,1995MM01,79.762283737
39625,A4,308700,39625,-0.55049833887,2.06206896552,1995MM02,79.6117647059
39626,A4,308700,39626,-0.496677740864,2.07655172414,1995MM03,79.4612456747
39627,A4,308700,39627,-0.442857142857,2.09103448276,1995MM04,79.3107266436
39628,A4,308700,39628,-0.38903654485,2.10551724138,1995MM05,79.1602076125
39629,A4,308700,39629,-0.335215946844,2.12,1995MM06,79.0096885813
39630,A4,308700,39630,-0.281395348837,2.13448275862,1995MM07,78.8591695502
39631,A4,308700,39631,-0.227574750831,2.14896551724,1995MM08,78.708650519
39632,A4,308700,39632,-0.173754152824,2.16344827586,1995MM09,78.5581314879
39633,A4,308700,39633,-0.119933554817,2.17793103448,1995MM10,78.4076124567
39634,A4,308700,39634,-0.0661129568106,2.1924137931,1995MM11,78.2570934256
39635,A4,308700,39635,-0.012292358804,2.20689655172,1995MM12,78.1065743945
39637,A4,308700,39637,0.0415282392027,2.22137931034,1996MM01,77.9560553633
39638,A4,308700,39638,0.0953488372093,2.23586206897,1996MM02,77.8055363322
39639,A4,308700,39639,0.149169435216,2.25034482759,1996MM03,77.655017301
39640,A4,308700,39640,0.202990033223,2.26482758621,1996MM04,77.5044982699
39641,A4,308700,39641,0.256810631229,2.27931034483,1996MM05,77.3539792388
39642,A4,308700,39642,0.310631229236,2.29379310345,1996MM06,77.2034602076
39643,A4,308700,39643,0.364451827243,2.30827586207,1996MM07,77.0529411765
39644,A4,308700,39644,0.418272425249,2.32275862069,1996MM08,76.9024221453
39645,A4,308700,39645,0.472093023256,2.33724137931,1996MM09,76.7519031142
39646,A4,308700,39646,0.525913621262,2.35172413793,1996MM10,76.601384083
39647,A4,308700,39647,0.579734219269,2.36620689655,1996MM11,76.4508650519
39648,A4,308700,39648,0.633554817276,2.38068965517,1996MM12,76.3003460208
39650,A4,308700,39650,0.687375415282,2.39517241379,1997MM01,76.1498269896
39651,A4,308700,39651,0.741196013289,2.40965517241,1997MM02,75.9993079585
39652,A4,308700,39652,0.795016611296,2.42413793103,1997MM03,75.8487889273
39653,A4,308700,39653,0.848837209302,2.43862068966,1997MM04,75.6982698962
39654,A4,308700,39654,0.902657807309,2.45310344828,1997MM05,75.5477508651
39655,A4,308700,39655,0.956478405316,2.4675862069,1997MM06,75.3972318339
39656,A4,308700,39656,1.01029900332,2.48206896552,1997MM07,75.2467128028
39657,A4,308700,39657,1.06411960133,2.49655172414,1997MM08,75.0961937716
39658,A4,308700,39658,1.11794019934,2.51103448276,1997MM09,74.9456747405
39659,A4,308700,39659,1.17176079734,2.52551724138,1997MM10,74.7951557093
39660,A4,308700,39660,1.22558139535,2.54,1997MM11,74.6446366782
39661,A4,308700,39661,1.27940199336,2.55448275862,1997MM12,74.4941176471
39663,A4,308700,39663,1.33322259136,2.56896551724,1998MM01,74.3435986159
39664,A4,308700,39664,1.38704318937,2.58344827586,1998MM02,74.1930795848
39665,A4,308700,39665,1.44086378738,2.59793103448,1998MM03,74.0425605536
39666,A4,308700,39666,1.49468438538,2.6124137931,1998MM04,73.8920415225
39667,A4,308700,39667,1.54850498339,2.62689655172,1998MM05,73.7415224913
39668,A4,308700,39668,1.6023255814,2.64137931034,1998MM06,73.5910034602
39669,A4,308700,39669,1.6561461794,2.65586206897,1998MM07,73.4404844291
39670,A4,308700,39670,1.70996677741,2.67034482759,1998MM08,73.2899653979
39671,A4,308700,39671,1.76378737542,2.68482758621,1998MM09,73.1394463668
39672,A4,308700,39672,1.81760797342,2.69931034483,1998MM10,72.9889273356
39673,A4,308700,39673,1.87142857143,2.71379310345,1998MM11,72.8384083045
39674,A4,308700,39674,1.92524916944,2.72827586207,1998MM12,72.6878892734
39676,A4,308700,39676,1.97906976744,2.74275862069,1999MM01,72.5373702422
39677,A4,308700,39677,2.03289036545,2.75724137931,1999MM02,72.3868512111
39678,A4,308700,39678,2.08671096346,2.77172413793,1999MM03,72.2363321799
39679,A4,308700,39679,2.14053156146,2.78620689655,1999MM04,72.0858131488
39680,A4,308700,39680,2.19435215947,2.80068965517,1999MM05,71.9352941176
39681,A4,308700,39681,2.24817275748,2.81517241379,1999MM06,71.7847750865
39682,A4,308700,39682,2.30199335548,2.82965517241,1999MM07,71.6342560554
39683,A4,308700,39683,2.35581395349,2.84413793103,1999MM08,71.4837370242
39684,A4,308700,39684,2.4096345515,2.85862068966,1999MM09,71.3332179931
39685,A4,308700,39685,2.4634551495,2.87310344828,1999MM10,71.1826989619
39686,A4,308700,39686,2.51727574751,2.8875862069,1999MM11,71.0321799308
39687,A4,308700,39687,2.57109634551,2.90206896552,1999MM12,70.8816608997
39689,A4,308700,39689,2.62491694352,2.91655172414,2000MM01,70.7311418685
39690,A4,308700,39690,2.67873754153,2.93103448276,2000MM02,70.5806228374
39691,A4,308700,39691,2.73255813953,2.94551724138,2000MM03,70.4301038062
39692,A4,308700,39692,2.78637873754,2.96,2000MM04,70.2795847751
39693,A4,308700,39693,2.84019933555,2.97448275862,2000MM05,70.1290657439
39694,A4,308700,39694,2.89401993355,2.98896551724,2000MM06,69.9785467128
39695,A4,308700,39695,2.94784053156,3.00344827586,2000MM07,69.8280276817
39696,A4,308700,39696,3.00166112957,3.01793103448,2000MM08,69.6775086505
39697,A4,308700,39697,3.05548172757,3.0324137931,2000MM09,69.5269896194
39698,A4,308700,39698,3.10930232558,3.04689655172,2000MM10,69.3764705882
39699,A4,308700,39699,3.16312292359,3.06137931034,2000MM11,69.2259515571
39700,A4,308700,39700,3.21694352159,3.07586206897,2000MM12,69.075432526
39702,A4,308700,39702,3.2707641196,3.09034482759,2001MM01,68.9249134948
39703,A4,308700,39703,3.32458471761,3.10482758621,2001MM02,68.7743944637
39704,A4,308700,39704,3.37840531561,3.11931034483,2001MM03,68.6238754325
39705,A4,308700,39705,3.43222591362,3.13379310345,2001MM04,68.4733564014
39706,A4,308700,39706,3.48604651163,3.14827586207,2001MM05,68.3228373702
39707,A4,308700,39707,3.53986710963,3.16275862069,2001MM06,68.1723183391
39708,A4,308700,39708,3.59368770764,3.17724137931,2001MM07,68.021799308
39709,A4,308700,39709,3.64750830565,3.19172413793,2001MM08,67.8712802768
39710,A4,308700,39710,3.70132890365,3.20620689655,2001MM09,67.7207612457
39711,A4,308700,39711,3.75514950166,3.22068965517,2001MM10,67.5702422145
39712,A4,308700,39712,3.80897009967,3.23517241379,2001MM11,67.4197231834
39713,A4,308700,39713,3.86279069767,3.24965517241,2001MM12,67.2692041522
39715,A4,308700,39715,3.91661129568,3.26413793103,2002MM01,67.1186851211
39716,A4,308700,39716,3.97043189369,3.27862068966,2002MM02,66.96816609
39717,A4,308700,39717,4.02425249169,3.29310344828,2002MM03,66.8176470588
39718,A4,308700,39718,4.0780730897,3.3075862069,2002MM04,66.6671280277
39719,A4,308700,39719,4.13189368771,3.32206896552,2002MM05,66.5166089965
39720,A4,308700,39720,4.18571428571,3.33655172414,2002MM06,66.3660899654
39721,A4,308700,39721,4.23953488372,3.35103448276,2002MM07,66.2155709343
39722,A4,308700,39722,4.29335548173,3.36551724138,2002MM08,66.0650519031
39723,A4,308700,39723,4.34717607973,3.38,2002MM09,65.914532872
39724,A4,308700,39724,4.40099667774,3.39448275862,2002MM10,65.7640138408
39725,A4,308700,39725,4.45481727575,3.40896551724,2002MM11,65.6134948097
39726,A4,308700,39726,4.50863787375,3.42344827586,2002MM12,65.4629757785
39728,A4,308700,39728,4.56245847176,3.43793103448,2003MM01,65.3124567474
39729,A4,308700,39729,4.61627906977,3.4524137931,2003MM02,65.1619377163
39730,A4,308700,39730,4.67009966777,3.46689655172,2003MM03,65.0114186851
39731,A4,308700,39731,4.72392026578,3.48137931034,2003MM04,64.860899654
39732,A4,308700,39732,4.77774086379,3.49586206897,2003MM05,64.7103806228
39733,A4,308700,39733,4.83156146179,3.51034482759,2003MM06,64.5598615917
39734,A4,308700,39734,4.8853820598,3.52482758621,2003MM07,64.4093425606
39735,A4,308700,39735,4.93920265781,3.53931034483,2003MM08,64.2588235294
39736,A4,308700,39736,4.99302325581,3.55379310345,2003MM09,64.1083044983
39737,A4,308700,39737,5.04684385382,3.56827586207,2003MM10,63.9577854671
39738,A4,308700,39738,5.10066445183,3.58275862069,2003MM11,63.807266436
39739,A4,308700,39739,5.15448504983,3.59724137931,2003MM12,63.6567474048
39741,A4,308700,39741,5.20830564784,3.61172413793,2004MM01,63.5062283737
39742,A4,308700,39742,5.26212624585,3.62620689655,2004MM02,63.3557093426
39743,A4,308700,39743,5.31594684385,3.64068965517,2004MM03,63.2051903114
39744,A4,308700,39744,5.36976744186,3.65517241379,2004MM04,63.0546712803
39745,A4,308700,39745,5.42358803987,3.66965517241,2004MM05,62.9041522491
39746,A4,308700,39746,5.47740863787,3.68413793103,2004MM06,62.753633218
39747,A4,308700,39747,5.53122923588,3.69862068966,2004MM07,62.6031141869
39748,A4,308700,39748,5.58504983389,3.71310344828,2004MM08,62.4525951557
39749,A4,308700,39749,5.63887043189,3.7275862069,2004MM09,62.3020761246
39750,A4,308700,39750,5.6926910299,3.74206896552,2004MM10,62.1515570934
39751,A4,308700,39751,5.74651162791,3.75655172414,2004MM11,62.0010380623
39752,A4,308700,39752,5.80033222591,3.77103448276,2004MM12,61.8505190311
39754,A4,308700,39754,5.85415282392,3.78551724138,2005MM01,61.7
39755,A4,308700,39755,5.90797342193,3.8,2005MM02,64.1
39756,A4,308700,39756,5.96179401993,1.5,2005MM03,65.0
39757,A4,308700,39757,6.01561461794,-1.1,2005MM04,64.3
39758,A4,308700,39758,6.06943521595,-0.8,2005MM05,63.8
39759,A4,308700,39759,6.12325581395,3.7,2005MM06,66.2
39760,A4,308700,39760,6.17707641196,-0.5,2005MM07,65.9
39761,A4,308700,39761,6.23089700997,-0.2,2005MM08,65.7
39762,A4,308700,39762,6.28471760797,1.6,2005MM09,66.8
39763,A4,308700,39763,6.33853820598,1.7,2005MM10,67.9
39764,A4,308700,39764,6.39235880399,-2.5,2005MM11,66.2
39765,A4,308700,39765,6.44617940199,-0.5,2005MM12,65.9
39767,A4,308700,39767,6.5,-0.3,2006MM01,65.7
39768,A4,308700,39768,3.8,1.1,2006MM02,66.5
39769,A4,308700,39769,0.3,-1.8,2006MM03,65.2
39770,A4,308700,39770,1.4,0.0,2006MM04,65.3
39771,A4,308700,39771,-0.8,-3.0,2006MM05,63.3
39772,A4,308700,39772,-4.8,-0.5,2006MM06,63.0
39773,A4,308700,39773,-2.8,1.7,2006MM07,64.0
39774,A4,308700,39774,-3.3,-0.8,2006MM08,63.5
39775,A4,308700,39775,-4.6,0.3,2006MM09,63.7
39776,A4,308700,39776,-3.0,3.4,2006MM10,65.9
39777,A4,308700,39777,0.3,0.8,2006MM11,66.4
39778,A4,308700,39778,3.1,2.3,2006MM12,67.9
39780,A4,308700,39780,4.6,1.2,2007MM01,68.7
39781,A4,308700,39781,5.1,1.7,2007MM02,69.8
39782,A4,308700,39782,9.6,2.4,2007MM03,71.5
39783,A4,308700,39783,10.2,0.5,2007MM04,71.9
39784,A4,308700,39784,17.9,3.8,2007MM05,74.6
39785,A4,308700,39785,19.2,0.6,2007MM06,75.1
39786,A4,308700,39786,20.1,2.5,2007MM07,76.9
39787,A4,308700,39787,27.0,4.9,2007MM08,80.7
39788,A4,308700,39788,32.2,4.4,2007MM09,84.2
39789,A4,308700,39789,32.4,3.6,2007MM10,87.3
39790,A4,308700,39790,39.3,6.0,2007MM11,92.5
39791,A4,308700,39791,42.9,4.9,2007MM12,97.0
39793,A4,308700,39793,50.4,6.5,2008MM01,103.3
39794,A4,308700,39794,56.8,6.0,2008MM02,109.6
39795,A4,308700,39795,50.1,-2.0,2008MM03,107.4
39796,A4,308700,39796,51.3,1.3,2008MM04,108.8
39797,A4,308700,39797,46.0,0.2,2008MM05,109.0
39798,A4,308700,39798,45.0,-0.1,2008MM06,108.8
39799,A4,308700,39799,40.4,-0.8,2008MM07,108.0
39800,A4,308700,39800,30.3,-2.6,2008MM08,105.1
39801,A4,308700,39801,16.6,-6.5,2008MM09,98.3
39802,A4,308700,39802,6.9,-5.0,2008MM10,93.3
39803,A4,308700,39803,-2.4,-3.3,2008MM11,90.3
39804,A4,308700,39804,-9.8,-3.1,2008MM12,87.5
39806,A4,308700,39806,-14.3,1.2,2009MM01,88.6
39807,A4,308700,39807,-17.8,1.7,2009MM02,90.1
39808,A4,308700,39808,-16.1,0.0,2009MM03,90.1
39809,A4,308700,39809,-16.6,0.7,2009MM04,90.7
39810,A4,308700,39810,-16.4,0.4,2009MM05,91.1
39811,A4,308700,39811,-16.5,-0.2,2009MM06,90.9
39812,A4,308700,39812,-16.7,-1.0,2009MM07,90.0
39813,A4,308700,39813,-15.6,-1.4,2009MM08,88.7
39814,A4,308700,39814,-10.5,-0.9,2009MM09,88.0
39815,A4,308700,39815,-6.2,-0.5,2009MM10,87.6
39816,A4,308700,39816,-3.2,-0.2,2009MM11,87.4
39817,A4,308700,39817,1.9,2.0,2009MM12,89.2
39819,A4,308700,39819,1.7,1.0,2010MM01,90.1
39820,A4,308700,39820,3.0,3.0,2010MM02,92.8
39821,A4,308700,39821,4.0,1.0,2010MM03,93.7
39822,A4,308700,39822,4.6,1.3,2010MM04,94.9
39823,A4,308700,39823,3.7,-0.4,2010MM05,94.5
39824,A4,308700,39824,5.9,1.9,2010MM06,96.3
39825,A4,308700,39825,7.6,0.6,2010MM07,96.8
39826,A4,308700,39826,14.4,4.8,2010MM08,101.5
39827,A4,308700,39827,17.9,2.1,2010MM09,103.7
39828,A4,308700,39828,21.0,2.2,2010MM10,106.0
39829,A4,308700,39829,27.6,5.2,2010MM11,111.5
39830,A4,308700,39830,32.8,6.1,2010MM12,118.4
39832,A4,308700,39832,35.3,3.0,2011MM01,121.9
39833,A4,308700,39833,31.9,0.4,2011MM02,122.4
39834,A4,308700,39834,27.1,-2.7,2011MM03,119.1
39835,A4,308700,39835,21.1,-3.5,2011MM04,114.9
39836,A4,308700,39836,23.4,1.5,2011MM05,116.6
39837,A4,308700,39837,18.3,-2.3,2011MM06,113.9
39838,A4,308700,39838,18.2,0.5,2011MM07,114.5
39839,A4,308700,39839,7.5,-4.7,2011MM08,109.1
39840,A4,308700,39840,3.9,-1.3,2011MM09,107.7
39841,A4,308700,39841,1.8,0.2,2011MM10,107.9
39842,A4,308700,39842,-1.9,1.4,2011MM11,109.4
39843,A4,308700,39843,-6.4,1.2,2011MM12,110.8
39845,A4,308700,39845,-11.0,-2.1,2012MM01,108.4
39846,A4,308700,39846,-10.6,0.9,2012MM02,109.4
39847,A4,308700,39847,-5.3,3.1,2012MM03,112.8
39848,A4,308700,39848,2.2,4.1,2012MM04,117.4
39849,A4,308700,39849,2.8,2.1,2012MM05,119.9
39850,A4,308700,39850,5.8,0.6,2012MM06,120.5
39851,A4,308700,39851,9.0,3.6,2012MM07,124.8
39852,A4,308700,39852,20.4,5.3,2012MM08,131.4
39853,A4,308700,39853,22.8,0.6,2012MM09,132.2
39854,A4,308700,39854,20.8,-1.4,2012MM10,130.4
39855,A4,308700,39855,17.2,-1.6,2012MM11,128.3
39856,A4,308700,39856,14.4,-1.3,2012MM12,126.7
39858,A4,308700,39858,14.1,-2.3,2013MM01,123.7
39859,A4,308700,39859,12.1,-0.8,2013MM02,122.7
39860,A4,308700,39860,8.1,-0.7,2013MM03,121.9
39861,A4,308700,39861,1.2,-2.6,2013MM04,118.8
39862,A4,308700,39862,-3.0,-2.1,2013MM05,116.2
39863,A4,308700,39863,-3.4,0.1,2013MM06,116.4
39864,A4,308700,39864,-6.9,-0.2,2013MM07,116.2
39865,A4,308700,39865,-12.7,-1.2,2013MM08,114.8
39866,A4,308700,39866,-13.8,-0.7,2013MM09,114.0
39867,A4,308700,39867,-14.4,-2.1,2013MM10,111.6
39868,A4,308700,39868,-7.4,6.4,2013MM11,118.8
39869,A4,308700,39869,-7.0,-0.8,2013MM12,117.8
39871,A4,308700,39871,-3.5,1.3,2014MM01,119.3
39872,A4,308700,39872,-1.4,1.4,2014MM02,121.0
39873,A4,308700,39873,-0.3,0.5,2014MM03,121.5
39874,A4,308700,39874,5.1,2.7,2014MM04,124.9
39875,A4,308700,39875,3.3,-3.8,2014MM05,120.1
39876,A4,308700,39876,2.3,-0.8,2014MM06,119.1
39877,A4,308700,39877,1.8,-0.7,2014MM07,118.3
39878,A4,308700,39878,-0.3,-3.3,2014MM08,114.4
39879,A4,308700,39879,-0.2,-0.5,2014MM09,113.8
39880,A4,308700,39880,1.7,-0.3,2014MM10,113.5
39881,A4,308700,39881,-6.6,-2.3,2014MM11,110.9
39882,A4,308700,39882,-5.6,0.3,2014MM12,111.2
39884,A4,308700,39884,-5.5,1.4,2015MM01,112.8
39885,A4,308700,39885,-7.8,-1.2,2015MM02,111.5
39886,A4,308700,39886,-6.6,1.8,2015MM03,113.5
39887,A4,308700,39887,-8.3,0.9,2015MM04,114.4
39888,A4,308700,39888,-4.0,0.8,2015MM05,115.4
39889,A4,308700,39889,-0.3,3.0,2015MM06,118.8
39890,A4,308700,39890,-3.4,-3.8,2015MM07,114.3
39891,A4,308700,39891,-4.0,-3.8,2015MM08,109.9
39892,A4,308700,39892,-5.5,-2.1,2015MM09,107.5
39893,A4,308700,39893,-5.9,-0.7,2015MM10,106.8
39894,A4,308700,39894,-3.0,0.8,2015MM11,107.6
39895,A4,308700,39895,-6.1,-3.0,2015MM12,104.4
39897,A4,308700,39897,-8.9,-1.7,2016MM01,102.7
39898,A4,308700,39898,-10.7,-3.1,2016MM02,99.6
39899,A4,308700,39899,-8.0,4.8,2016MM03,104.3
39900,A4,308700,39900,-6.7,2.4,2016MM04,106.8
39901,A4,308700,39901,1.3,9.4,2016MM05,116.8
39902,A4,308700,39902,-1.6,0.0,2016MM06,116.9
39903,A4,308700,39903,-1.3,-3.5,2016MM07,112.8
39904,A4,308700,39904,-0.6,-3.2,2016MM08,109.2
39905,A4,308700,39905,0.6,-1.0,2016MM09,108.2
39906,A4,308700,39906,1.9,0.6,2016MM10,108.9
39907,A4,308700,39907,4.4,3.2,2016MM11,112.4
39908,A4,308700,39908,9.4,1.7,2016MM12,114.3
39910,A4,308700,39910,12.3,0.9,2017MM01,115.3
39911,A4,308700,39911,16.1,0.3,2017MM02,115.6
39912,A4,308700,39912,10.6,-0.2,2017MM03,115.4
39913,A4,308700,39913,7.7,-0.3,2017MM04,115.0
39914,A4,308700,39914,-3.2,-1.7,2017MM05,113.1
39915,A4,308700,39915,-7.6,-4.5,2017MM06,108.0
39916,A4,308700,39916,-5.6,-1.4,2017MM07,106.5
39917,A4,308700,39917,-4.0,-1.5,2017MM08,104.8
39918,A4,308700,39918,-4.8,-1.7,2017MM09,103.0
39919,A4,308700,39919,-3.7,1.8,2017MM10,104.8
39920,A4,308700,39920,-7.1,-0.4,2017MM11,104.4
39921,A4,308700,39921,-9.3,-0.7,2017MM12,103.6
