,Afzet,BedrijfstakkenBranchesSBI2008,ID,OntwikkelingTOV1JaarEerder_2,OntwikkelingTOV1MaandEerder_3,Perioden,ProducentenprijsindexPPI_1
71669,A5,308700,71669,-9.24451827243,-0.676206896552,1981MM01,103.456747405
71670,A5,308700,71670,-9.18903654485,-0.652413793103,1981MM02,103.31349481
71671,A5,308700,71671,-9.13355481728,-0.628620689655,1981MM03,103.170242215
71672,A5,308700,71672,-9.0780730897,-0.604827586207,1981MM04,103.026989619
71673,A5,308700,71673,-9.02259136213,-0.581034482759,1981MM05,102.883737024
71674,A5,308700,71674,-8.96710963455,-0.55724137931,1981MM06,102.740484429
71675,A5,308700,71675,-8.91162790698,-0.533448275862,1981MM07,102.597231834
71676,A5,308700,71676,-8.8561461794,-0.509655172414,1981MM08,102.453979239
71677,A5,308700,71677,-8.80066445183,-0.485862068966,1981MM09,102.310726644
71678,A5,308700,71678,-8.74518272425,-0.462068965517,1981MM10,102.167474048
71679,A5,308700,71679,-8.68970099668,-0.438275862069,1981MM11,102.024221453
71680,A5,308700,71680,-8.6342192691,-0.414482758621,1981MM12,101.880968858
71682,A5,308700,71682,-8.57873754153,-0.390689655172,1982MM01,101.737716263
71683,A5,308700,71683,-8.52325581395,-0.366896551724,1982MM02,101.594463668
71684,A5,308700,71684,-8.46777408638,-0.343103448276,1982MM03,101.451211073
71685,A5,308700,71685,-8.4122923588,-0.319310344828,1982MM04,101.307958478
71686,A5,308700,71686,-8.35681063123,-0.295517241379,1982MM05,101.164705882
71687,A5,308700,71687,-8.30132890365,-0.271724137931,1982MM06,101.021453287
71688,A5,308700,71688,-8.24584717608,-0.247931034483,1982MM07,100.878200692
71689,A5,308700,71689,-8.1903654485,-0.224137931034,1982MM08,100.734948097
71690,A5,308700,71690,-8.13488372093,-0.200344827586,1982MM09,100.591695502
71691,A5,308700,71691,-8.07940199336,-0.176551724138,1982MM10,100.448442907
71692,A5,308700,71692,-8.02392026578,-0.15275862069,1982MM11,100.305190311
71693,A5,308700,71693,-7.96843853821,-0.128965517241,1982MM12,100.161937716
71695,A5,308700,71695,-7.91295681063,-0.105172413793,1983MM01,100.018685121
71696,A5,308700,71696,-7.85747508306,-0.0813793103448,1983MM02,99.875432526
71697,A5,308700,71697,-7.80199335548,-0.0575862068966,1983MM03,99.7321799308
71698,A5,308700,71698,-7.74651162791,-0.0337931034483,1983MM04,99.5889273356
71699,A5,308700,71699,-7.69102990033,-0.01,1983MM05,99.4456747405
71700,A5,308700,71700,-7.63554817276,0.0137931034483,1983MM06,99.3024221453
71701,A5,308700,71701,-7.58006644518,0.0375862068966,1983MM07,99.1591695502
71702,A5,308700,71702,-7.52458471761,0.0613793103448,1983MM08,99.015916955
71703,A5,308700,71703,-7.46910299003,0.0851724137931,1983MM09,98.8726643599
71704,A5,308700,71704,-7.41362126246,0.108965517241,1983MM10,98.7294117647
71705,A5,308700,71705,-7.35813953488,0.13275862069,1983MM11,98.5861591696
71706,A5,308700,71706,-7.30265780731,0.156551724138,1983MM12,98.4429065744
71708,A5,308700,71708,-7.24717607973,0.180344827586,1984MM01,98.2996539792
71709,A5,308700,71709,-7.19169435216,0.204137931034,1984MM02,98.1564013841
71710,A5,308700,71710,-7.13621262458,0.227931034483,1984MM03,98.0131487889
71711,A5,308700,71711,-7.08073089701,0.251724137931,1984MM04,97.8698961938
71712,A5,308700,71712,-7.02524916944,0.275517241379,1984MM05,97.7266435986
71713,A5,308700,71713,-6.96976744186,0.299310344828,1984MM06,97.5833910035
71714,A5,308700,71714,-6.91428571429,0.323103448276,1984MM07,97.4401384083
71715,A5,308700,71715,-6.85880398671,0.346896551724,1984MM08,97.2968858131
71716,A5,308700,71716,-6.80332225914,0.370689655172,1984MM09,97.153633218
71717,A5,308700,71717,-6.74784053156,0.394482758621,1984MM10,97.0103806228
71718,A5,308700,71718,-6.69235880399,0.418275862069,1984MM11,96.8671280277
71719,A5,308700,71719,-6.63687707641,0.442068965517,1984MM12,96.7238754325
71721,A5,308700,71721,-6.58139534884,0.465862068966,1985MM01,96.5806228374
71722,A5,308700,71722,-6.52591362126,0.489655172414,1985MM02,96.4373702422
71723,A5,308700,71723,-6.47043189369,0.513448275862,1985MM03,96.2941176471
71724,A5,308700,71724,-6.41495016611,0.53724137931,1985MM04,96.1508650519
71725,A5,308700,71725,-6.35946843854,0.561034482759,1985MM05,96.0076124567
71726,A5,308700,71726,-6.30398671096,0.584827586207,1985MM06,95.8643598616
71727,A5,308700,71727,-6.24850498339,0.608620689655,1985MM07,95.7211072664
71728,A5,308700,71728,-6.19302325581,0.632413793103,1985MM08,95.5778546713
71729,A5,308700,71729,-6.13754152824,0.656206896552,1985MM09,95.4346020761
71730,A5,308700,71730,-6.08205980066,0.68,1985MM10,95.291349481
71731,A5,308700,71731,-6.02657807309,0.703793103448,1985MM11,95.1480968858
71732,A5,308700,71732,-5.97109634551,0.727586206897,1985MM12,95.0048442907
71734,A5,308700,71734,-5.91561461794,0.751379310345,1986MM01,94.8615916955
71735,A5,308700,71735,-5.86013289037,0.775172413793,1986MM02,94.7183391003
71736,A5,308700,71736,-5.80465116279,0.798965517241,1986MM03,94.5750865052
71737,A5,308700,71737,-5.74916943522,0.82275862069,1986MM04,94.43183391
71738,A5,308700,71738,-5.69368770764,0.846551724138,1986MM05,94.2885813149
71739,A5,308700,71739,-5.63820598007,0.870344827586,1986MM06,94.1453287197
71740,A5,308700,71740,-5.58272425249,0.894137931034,1986MM07,94.0020761246
71741,A5,308700,71741,-5.52724252492,0.917931034483,1986MM08,93.8588235294
71742,A5,308700,71742,-5.47176079734,0.941724137931,1986MM09,93.7155709343
71743,A5,308700,71743,-5.41627906977,0.965517241379,1986MM10,93.5723183391
71744,A5,308700,71744,-5.36079734219,0.989310344828,1986MM11,93.4290657439
71745,A5,308700,71745,-5.30531561462,1.01310344828,1986MM12,93.2858131488
71747,A5,308700,71747,-5.24983388704,1.03689655172,1987MM01,93.1425605536
71748,A5,308700,71748,-5.19435215947,1.06068965517,1987MM02,92.9993079585
71749,A5,308700,71749,-5.13887043189,1.08448275862,1987MM03,92.8560553633
71750,A5,308700,71750,-5.08338870432,1.10827586207,1987MM04,92.7128027682
71751,A5,308700,71751,-5.02790697674,1.13206896552,1987MM05,92.569550173
71752,A5,308700,71752,-4.97242524917,1.15586206897,1987MM06,92.4262975779
71753,A5,308700,71753,-4.91694352159,1.17965517241,1987MM07,92.2830449827
71754,A5,308700,71754,-4.86146179402,1.20344827586,1987MM08,92.1397923875
71755,A5,308700,71755,-4.80598006645,1.22724137931,1987MM09,91.9965397924
71756,A5,308700,71756,-4.75049833887,1.25103448276,1987MM10,91.8532871972
71757,A5,308700,71757,-4.6950166113,1.27482758621,1987MM11,91.7100346021
71758,A5,308700,71758,-4.63953488372,1.29862068966,1987MM12,91.5667820069
71760,A5,308700,71760,-4.58405315615,1.3224137931,1988MM01,91.4235294118
71761,A5,308700,71761,-4.52857142857,1.34620689655,1988MM02,91.2802768166
71762,A5,308700,71762,-4.473089701,1.37,1988MM03,91.1370242215
71763,A5,308700,71763,-4.41760797342,1.39379310345,1988MM04,90.9937716263
71764,A5,308700,71764,-4.36212624585,1.4175862069,1988MM05,90.8505190311
71765,A5,308700,71765,-4.30664451827,1.44137931034,1988MM06,90.707266436
71766,A5,308700,71766,-4.2511627907,1.46517241379,1988MM07,90.5640138408
71767,A5,308700,71767,-4.19568106312,1.48896551724,1988MM08,90.4207612457
71768,A5,308700,71768,-4.14019933555,1.51275862069,1988MM09,90.2775086505
71769,A5,308700,71769,-4.08471760797,1.53655172414,1988MM10,90.1342560554
71770,A5,308700,71770,-4.0292358804,1.56034482759,1988MM11,89.9910034602
71771,A5,308700,71771,-3.97375415282,1.58413793103,1988MM12,89.8477508651
71773,A5,308700,71773,-3.91827242525,1.60793103448,1989MM01,89.7044982699
71774,A5,308700,71774,-3.86279069767,1.63172413793,1989MM02,89.5612456747
71775,A5,308700,71775,-3.8073089701,1.65551724138,1989MM03,89.4179930796
71776,A5,308700,71776,-3.75182724252,1.67931034483,1989MM04,89.2747404844
71777,A5,308700,71777,-3.69634551495,1.70310344828,1989MM05,89.1314878893
71778,A5,308700,71778,-3.64086378738,1.72689655172,1989MM06,88.9882352941
71779,A5,308700,71779,-3.5853820598,1.75068965517,1989MM07,88.844982699
71780,A5,308700,71780,-3.52990033223,1.77448275862,1989MM08,88.7017301038
71781,A5,308700,71781,-3.47441860465,1.79827586207,1989MM09,88.5584775087
71782,A5,308700,71782,-3.41893687708,1.82206896552,1989MM10,88.4152249135
71783,A5,308700,71783,-3.3634551495,1.84586206897,1989MM11,88.2719723183
71784,A5,308700,71784,-3.30797342193,1.86965517241,1989MM12,88.1287197232
71786,A5,308700,71786,-3.25249169435,1.89344827586,1990MM01,87.985467128
71787,A5,308700,71787,-3.19700996678,1.91724137931,1990MM02,87.8422145329
71788,A5,308700,71788,-3.1415282392,1.94103448276,1990MM03,87.6989619377
71789,A5,308700,71789,-3.08604651163,1.96482758621,1990MM04,87.5557093426
71790,A5,308700,71790,-3.03056478405,1.98862068966,1990MM05,87.4124567474
71791,A5,308700,71791,-2.97508305648,2.0124137931,1990MM06,87.2692041522
71792,A5,308700,71792,-2.9196013289,2.03620689655,1990MM07,87.1259515571
71793,A5,308700,71793,-2.86411960133,2.06,1990MM08,86.9826989619
71794,A5,308700,71794,-2.80863787375,2.08379310345,1990MM09,86.8394463668
71795,A5,308700,71795,-2.75315614618,2.1075862069,1990MM10,86.6961937716
71796,A5,308700,71796,-2.6976744186,2.13137931034,1990MM11,86.5529411765
71797,A5,308700,71797,-2.64219269103,2.15517241379,1990MM12,86.4096885813
71799,A5,308700,71799,-2.58671096346,2.17896551724,1991MM01,86.2664359862
71800,A5,308700,71800,-2.53122923588,2.20275862069,1991MM02,86.123183391
71801,A5,308700,71801,-2.47574750831,2.22655172414,1991MM03,85.9799307958
71802,A5,308700,71802,-2.42026578073,2.25034482759,1991MM04,85.8366782007
71803,A5,308700,71803,-2.36478405316,2.27413793103,1991MM05,85.6934256055
71804,A5,308700,71804,-2.30930232558,2.29793103448,1991MM06,85.5501730104
71805,A5,308700,71805,-2.25382059801,2.32172413793,1991MM07,85.4069204152
71806,A5,308700,71806,-2.19833887043,2.34551724138,1991MM08,85.2636678201
71807,A5,308700,71807,-2.14285714286,2.36931034483,1991MM09,85.1204152249
71808,A5,308700,71808,-2.08737541528,2.39310344828,1991MM10,84.9771626298
71809,A5,308700,71809,-2.03189368771,2.41689655172,1991MM11,84.8339100346
71810,A5,308700,71810,-1.97641196013,2.44068965517,1991MM12,84.6906574394
71812,A5,308700,71812,-1.92093023256,2.46448275862,1992MM01,84.5474048443
71813,A5,308700,71813,-1.86544850498,2.48827586207,1992MM02,84.4041522491
71814,A5,308700,71814,-1.80996677741,2.51206896552,1992MM03,84.260899654
71815,A5,308700,71815,-1.75448504983,2.53586206897,1992MM04,84.1176470588
71816,A5,308700,71816,-1.69900332226,2.55965517241,1992MM05,83.9743944637
71817,A5,308700,71817,-1.64352159468,2.58344827586,1992MM06,83.8311418685
71818,A5,308700,71818,-1.58803986711,2.60724137931,1992MM07,83.6878892734
71819,A5,308700,71819,-1.53255813953,2.63103448276,1992MM08,83.5446366782
71820,A5,308700,71820,-1.47707641196,2.65482758621,1992MM09,83.401384083
71821,A5,308700,71821,-1.42159468439,2.67862068966,1992MM10,83.2581314879
71822,A5,308700,71822,-1.36611295681,2.7024137931,1992MM11,83.1148788927
71823,A5,308700,71823,-1.31063122924,2.72620689655,1992MM12,82.9716262976
71825,A5,308700,71825,-1.25514950166,2.75,1993MM01,82.8283737024
71826,A5,308700,71826,-1.19966777409,2.77379310345,1993MM02,82.6851211073
71827,A5,308700,71827,-1.14418604651,2.7975862069,1993MM03,82.5418685121
71828,A5,308700,71828,-1.08870431894,2.82137931034,1993MM04,82.398615917
71829,A5,308700,71829,-1.03322259136,2.84517241379,1993MM05,82.2553633218
71830,A5,308700,71830,-0.977740863787,2.86896551724,1993MM06,82.1121107266
71831,A5,308700,71831,-0.922259136213,2.89275862069,1993MM07,81.9688581315
71832,A5,308700,71832,-0.866777408638,2.91655172414,1993MM08,81.8256055363
71833,A5,308700,71833,-0.811295681063,2.94034482759,1993MM09,81.6823529412
71834,A5,308700,71834,-0.755813953488,2.96413793103,1993MM10,81.539100346
71835,A5,308700,71835,-0.700332225914,2.98793103448,1993MM11,81.3958477509
71836,A5,308700,71836,-0.644850498339,3.01172413793,1993MM12,81.2525951557
71838,A5,308700,71838,-0.589368770764,3.03551724138,1994MM01,81.1093425606
71839,A5,308700,71839,-0.533887043189,3.05931034483,1994MM02,80.9660899654
71840,A5,308700,71840,-0.478405315615,3.08310344828,1994MM03,80.8228373702
71841,A5,308700,71841,-0.42292358804,3.10689655172,1994MM04,80.6795847751
71842,A5,308700,71842,-0.367441860465,3.13068965517,1994MM05,80.5363321799
71843,A5,308700,71843,-0.31196013289,3.15448275862,1994MM06,80.3930795848
71844,A5,308700,71844,-0.256478405316,3.17827586207,1994MM07,80.2498269896
71845,A5,308700,71845,-0.200996677741,3.20206896552,1994MM08,80.1065743945
71846,A5,308700,71846,-0.145514950166,3.22586206897,1994MM09,79.9633217993
71847,A5,308700,71847,-0.0900332225914,3.24965517241,1994MM10,79.8200692042
71848,A5,308700,71848,-0.0345514950166,3.27344827586,1994MM11,79.676816609
71849,A5,308700,71849,0.0209302325581,3.29724137931,1994MM12,79.5335640138
71851,A5,308700,71851,0.0764119601329,3.32103448276,1995MM01,79.3903114187
71852,A5,308700,71852,0.131893687708,3.34482758621,1995MM02,79.2470588235
71853,A5,308700,71853,0.187375415282,3.36862068966,1995MM03,79.1038062284
71854,A5,308700,71854,0.242857142857,3.3924137931,1995MM04,78.9605536332
71855,A5,308700,71855,0.298338870432,3.41620689655,1995MM05,78.8173010381
71856,A5,308700,71856,0.353820598007,3.44,1995MM06,78.6740484429
71857,A5,308700,71857,0.409302325581,3.46379310345,1995MM07,78.5307958478
71858,A5,308700,71858,0.464784053156,3.4875862069,1995MM08,78.3875432526
71859,A5,308700,71859,0.520265780731,3.51137931034,1995MM09,78.2442906574
71860,A5,308700,71860,0.575747508306,3.53517241379,1995MM10,78.1010380623
71861,A5,308700,71861,0.63122923588,3.55896551724,1995MM11,77.9577854671
71862,A5,308700,71862,0.686710963455,3.58275862069,1995MM12,77.814532872
71864,A5,308700,71864,0.74219269103,3.60655172414,1996MM01,77.6712802768
71865,A5,308700,71865,0.797674418605,3.63034482759,1996MM02,77.5280276817
71866,A5,308700,71866,0.853156146179,3.65413793103,1996MM03,77.3847750865
71867,A5,308700,71867,0.908637873754,3.67793103448,1996MM04,77.2415224913
71868,A5,308700,71868,0.964119601329,3.70172413793,1996MM05,77.0982698962
71869,A5,308700,71869,1.0196013289,3.72551724138,1996MM06,76.955017301
71870,A5,308700,71870,1.07508305648,3.74931034483,1996MM07,76.8117647059
71871,A5,308700,71871,1.13056478405,3.77310344828,1996MM08,76.6685121107
71872,A5,308700,71872,1.18604651163,3.79689655172,1996MM09,76.5252595156
71873,A5,308700,71873,1.2415282392,3.82068965517,1996MM10,76.3820069204
71874,A5,308700,71874,1.29700996678,3.84448275862,1996MM11,76.2387543253
71875,A5,308700,71875,1.35249169435,3.86827586207,1996MM12,76.0955017301
71877,A5,308700,71877,1.40797342193,3.89206896552,1997MM01,75.9522491349
71878,A5,308700,71878,1.4634551495,3.91586206897,1997MM02,75.8089965398
71879,A5,308700,71879,1.51893687708,3.93965517241,1997MM03,75.6657439446
71880,A5,308700,71880,1.57441860465,3.96344827586,1997MM04,75.5224913495
71881,A5,308700,71881,1.62990033223,3.98724137931,1997MM05,75.3792387543
71882,A5,308700,71882,1.6853820598,4.01103448276,1997MM06,75.2359861592
71883,A5,308700,71883,1.74086378738,4.03482758621,1997MM07,75.092733564
71884,A5,308700,71884,1.79634551495,4.05862068966,1997MM08,74.9494809689
71885,A5,308700,71885,1.85182724252,4.0824137931,1997MM09,74.8062283737
71886,A5,308700,71886,1.9073089701,4.10620689655,1997MM10,74.6629757785
71887,A5,308700,71887,1.96279069767,4.13,1997MM11,74.5197231834
71888,A5,308700,71888,2.01827242525,4.15379310345,1997MM12,74.3764705882
71890,A5,308700,71890,2.07375415282,4.1775862069,1998MM01,74.2332179931
71891,A5,308700,71891,2.1292358804,4.20137931034,1998MM02,74.0899653979
71892,A5,308700,71892,2.18471760797,4.22517241379,1998MM03,73.9467128028
71893,A5,308700,71893,2.24019933555,4.24896551724,1998MM04,73.8034602076
71894,A5,308700,71894,2.29568106312,4.27275862069,1998MM05,73.6602076125
71895,A5,308700,71895,2.3511627907,4.29655172414,1998MM06,73.5169550173
71896,A5,308700,71896,2.40664451827,4.32034482759,1998MM07,73.3737024221
71897,A5,308700,71897,2.46212624585,4.34413793103,1998MM08,73.230449827
71898,A5,308700,71898,2.51760797342,4.36793103448,1998MM09,73.0871972318
71899,A5,308700,71899,2.573089701,4.39172413793,1998MM10,72.9439446367
71900,A5,308700,71900,2.62857142857,4.41551724138,1998MM11,72.8006920415
71901,A5,308700,71901,2.68405315615,4.43931034483,1998MM12,72.6574394464
71903,A5,308700,71903,2.73953488372,4.46310344828,1999MM01,72.5141868512
71904,A5,308700,71904,2.7950166113,4.48689655172,1999MM02,72.3709342561
71905,A5,308700,71905,2.85049833887,4.51068965517,1999MM03,72.2276816609
71906,A5,308700,71906,2.90598006645,4.53448275862,1999MM04,72.0844290657
71907,A5,308700,71907,2.96146179402,4.55827586207,1999MM05,71.9411764706
71908,A5,308700,71908,3.01694352159,4.58206896552,1999MM06,71.7979238754
71909,A5,308700,71909,3.07242524917,4.60586206897,1999MM07,71.6546712803
71910,A5,308700,71910,3.12790697674,4.62965517241,1999MM08,71.5114186851
71911,A5,308700,71911,3.18338870432,4.65344827586,1999MM09,71.36816609
71912,A5,308700,71912,3.23887043189,4.67724137931,1999MM10,71.2249134948
71913,A5,308700,71913,3.29435215947,4.70103448276,1999MM11,71.0816608997
71914,A5,308700,71914,3.34983388704,4.72482758621,1999MM12,70.9384083045
71916,A5,308700,71916,3.40531561462,4.74862068966,2000MM01,70.7951557093
71917,A5,308700,71917,3.46079734219,4.7724137931,2000MM02,70.6519031142
71918,A5,308700,71918,3.51627906977,4.79620689655,2000MM03,70.508650519
71919,A5,308700,71919,3.57176079734,4.82,2000MM04,70.3653979239
71920,A5,308700,71920,3.62724252492,4.84379310345,2000MM05,70.2221453287
71921,A5,308700,71921,3.68272425249,4.8675862069,2000MM06,70.0788927336
71922,A5,308700,71922,3.73820598007,4.89137931034,2000MM07,69.9356401384
71923,A5,308700,71923,3.79368770764,4.91517241379,2000MM08,69.7923875433
71924,A5,308700,71924,3.84916943522,4.93896551724,2000MM09,69.6491349481
71925,A5,308700,71925,3.90465116279,4.96275862069,2000MM10,69.5058823529
71926,A5,308700,71926,3.96013289037,4.98655172414,2000MM11,69.3626297578
71927,A5,308700,71927,4.01561461794,5.01034482759,2000MM12,69.2193771626
71929,A5,308700,71929,4.07109634551,5.03413793103,2001MM01,69.0761245675
71930,A5,308700,71930,4.12657807309,5.05793103448,2001MM02,68.9328719723
71931,A5,308700,71931,4.18205980066,5.08172413793,2001MM03,68.7896193772
71932,A5,308700,71932,4.23754152824,5.10551724138,2001MM04,68.646366782
71933,A5,308700,71933,4.29302325581,5.12931034483,2001MM05,68.5031141869
71934,A5,308700,71934,4.34850498339,5.15310344828,2001MM06,68.3598615917
71935,A5,308700,71935,4.40398671096,5.17689655172,2001MM07,68.2166089965
71936,A5,308700,71936,4.45946843854,5.20068965517,2001MM08,68.0733564014
71937,A5,308700,71937,4.51495016611,5.22448275862,2001MM09,67.9301038062
71938,A5,308700,71938,4.57043189369,5.24827586207,2001MM10,67.7868512111
71939,A5,308700,71939,4.62591362126,5.27206896552,2001MM11,67.6435986159
71940,A5,308700,71940,4.68139534884,5.29586206897,2001MM12,67.5003460208
71942,A5,308700,71942,4.73687707641,5.31965517241,2002MM01,67.3570934256
71943,A5,308700,71943,4.79235880399,5.34344827586,2002MM02,67.2138408304
71944,A5,308700,71944,4.84784053156,5.36724137931,2002MM03,67.0705882353
71945,A5,308700,71945,4.90332225914,5.39103448276,2002MM04,66.9273356401
71946,A5,308700,71946,4.95880398671,5.41482758621,2002MM05,66.784083045
71947,A5,308700,71947,5.01428571429,5.43862068966,2002MM06,66.6408304498
71948,A5,308700,71948,5.06976744186,5.4624137931,2002MM07,66.4975778547
71949,A5,308700,71949,5.12524916944,5.48620689655,2002MM08,66.3543252595
71950,A5,308700,71950,5.18073089701,5.51,2002MM09,66.2110726644
71951,A5,308700,71951,5.23621262458,5.53379310345,2002MM10,66.0678200692
71952,A5,308700,71952,5.29169435216,5.5575862069,2002MM11,65.924567474
71953,A5,308700,71953,5.34717607973,5.58137931034,2002MM12,65.7813148789
71955,A5,308700,71955,5.40265780731,5.60517241379,2003MM01,65.6380622837
71956,A5,308700,71956,5.45813953488,5.62896551724,2003MM02,65.4948096886
71957,A5,308700,71957,5.51362126246,5.65275862069,2003MM03,65.3515570934
71958,A5,308700,71958,5.56910299003,5.67655172414,2003MM04,65.2083044983
71959,A5,308700,71959,5.62458471761,5.70034482759,2003MM05,65.0650519031
71960,A5,308700,71960,5.68006644518,5.72413793103,2003MM06,64.921799308
71961,A5,308700,71961,5.73554817276,5.74793103448,2003MM07,64.7785467128
71962,A5,308700,71962,5.79102990033,5.77172413793,2003MM08,64.6352941176
71963,A5,308700,71963,5.84651162791,5.79551724138,2003MM09,64.4920415225
71964,A5,308700,71964,5.90199335548,5.81931034483,2003MM10,64.3487889273
71965,A5,308700,71965,5.95747508306,5.84310344828,2003MM11,64.2055363322
71966,A5,308700,71966,6.01295681063,5.86689655172,2003MM12,64.062283737
71968,A5,308700,71968,6.06843853821,5.89068965517,2004MM01,63.9190311419
71969,A5,308700,71969,6.12392026578,5.91448275862,2004MM02,63.7757785467
71970,A5,308700,71970,6.17940199336,5.93827586207,2004MM03,63.6325259516
71971,A5,308700,71971,6.23488372093,5.96206896552,2004MM04,63.4892733564
71972,A5,308700,71972,6.2903654485,5.98586206897,2004MM05,63.3460207612
71973,A5,308700,71973,6.34584717608,6.00965517241,2004MM06,63.2027681661
71974,A5,308700,71974,6.40132890365,6.03344827586,2004MM07,63.0595155709
71975,A5,308700,71975,6.45681063123,6.05724137931,2004MM08,62.9162629758
71976,A5,308700,71976,6.5122923588,6.08103448276,2004MM09,62.7730103806
71977,A5,308700,71977,6.56777408638,6.10482758621,2004MM10,62.6297577855
71978,A5,308700,71978,6.62325581395,6.12862068966,2004MM11,62.4865051903
71979,A5,308700,71979,6.67873754153,6.1524137931,2004MM12,62.3432525952
71981,A5,308700,71981,6.7342192691,6.17620689655,2005MM01,62.2
71982,A5,308700,71982,6.78970099668,6.2,2005MM02,66.0
71983,A5,308700,71983,6.84518272425,0.6,2005MM03,66.4
71984,A5,308700,71984,6.90066445183,-1.3,2005MM04,65.6
71985,A5,308700,71985,6.9561461794,-1.4,2005MM05,64.6
71986,A5,308700,71986,7.01162790698,2.2,2005MM06,66.0
71987,A5,308700,71987,7.06710963455,-0.2,2005MM07,65.9
71988,A5,308700,71988,7.12259136213,-0.5,2005MM08,65.6
71989,A5,308700,71989,7.1780730897,1.4,2005MM09,66.6
71990,A5,308700,71990,7.23355481728,0.3,2005MM10,66.8
71991,A5,308700,71991,7.28903654485,-0.2,2005MM11,66.6
71992,A5,308700,71992,7.34451827243,-0.3,2005MM12,66.4
71994,A5,308700,71994,7.4,0.6,2006MM01,66.8
71995,A5,308700,71995,2.1,0.8,2006MM02,67.4
71996,A5,308700,71996,0.5,-0.9,2006MM03,66.7
71997,A5,308700,71997,0.4,-1.4,2006MM04,65.8
71998,A5,308700,71998,-1.9,-3.7,2006MM05,63.4
71999,A5,308700,71999,-4.4,-0.4,2006MM06,63.1
72000,A5,308700,72000,-2.0,2.3,2006MM07,64.6
72001,A5,308700,72001,-0.6,1.0,2006MM08,65.2
72002,A5,308700,72002,-0.5,1.5,2006MM09,66.2
72003,A5,308700,72003,2.4,3.2,2006MM10,68.4
72004,A5,308700,72004,1.8,-0.8,2006MM11,67.8
72005,A5,308700,72005,6.0,3.8,2006MM12,70.4
72007,A5,308700,72007,7.4,2.0,2007MM01,71.7
72008,A5,308700,72008,7.6,1.1,2007MM02,72.5
72009,A5,308700,72009,11.4,2.5,2007MM03,74.3
72010,A5,308700,72010,11.6,-1.2,2007MM04,73.5
72011,A5,308700,72011,21.1,4.4,2007MM05,76.7
72012,A5,308700,72012,22.0,0.4,2007MM06,77.0
72013,A5,308700,72013,22.8,3.0,2007MM07,79.3
72014,A5,308700,72014,28.4,5.6,2007MM08,83.8
72015,A5,308700,72015,32.5,4.8,2007MM09,87.8
72016,A5,308700,72016,32.0,2.8,2007MM10,90.3
72017,A5,308700,72017,35.4,1.8,2007MM11,91.8
72018,A5,308700,72018,36.3,4.4,2007MM12,95.9
72020,A5,308700,72020,43.8,7.6,2008MM01,103.2
72021,A5,308700,72021,51.1,6.2,2008MM02,109.5
72022,A5,308700,72022,44.0,-2.3,2008MM03,107.1
72023,A5,308700,72023,48.6,2.0,2008MM04,109.2
72024,A5,308700,72024,42.4,0.1,2008MM05,109.3
72025,A5,308700,72025,42.8,0.6,2008MM06,110.0
72026,A5,308700,72026,33.6,-3.6,2008MM07,105.9
72027,A5,308700,72027,23.4,-2.5,2008MM08,103.3
72028,A5,308700,72028,11.6,-5.2,2008MM09,98.0
72029,A5,308700,72029,3.8,-4.4,2008MM10,93.7
72030,A5,308700,72030,-0.3,-2.2,2008MM11,91.6
72031,A5,308700,72031,-7.3,-3.0,2008MM12,88.8
72033,A5,308700,72033,-10.4,4.0,2009MM01,92.4
72034,A5,308700,72034,-14.8,1.0,2009MM02,93.4
72035,A5,308700,72035,-14.6,-2.1,2009MM03,91.4
72036,A5,308700,72036,-15.3,1.1,2009MM04,92.5
72037,A5,308700,72037,-16.1,-0.8,2009MM05,91.7
72038,A5,308700,72038,-18.1,-1.8,2009MM06,90.1
72039,A5,308700,72039,-17.3,-2.8,2009MM07,87.6
72040,A5,308700,72040,-15.4,-0.2,2009MM08,87.5
72041,A5,308700,72041,-12.2,-1.7,2009MM09,86.0
72042,A5,308700,72042,-8.3,-0.2,2009MM10,85.9
72043,A5,308700,72043,-3.9,2.5,2009MM11,88.0
72044,A5,308700,72044,0.1,1.0,2009MM12,89.0
72046,A5,308700,72046,-2.9,0.9,2010MM01,89.7
72047,A5,308700,72047,-2.4,1.6,2010MM02,91.2
72048,A5,308700,72048,1.5,1.8,2010MM03,92.8
72049,A5,308700,72049,2.3,2.0,2010MM04,94.6
72050,A5,308700,72050,3.3,0.1,2010MM05,94.7
72051,A5,308700,72051,7.8,2.5,2010MM06,97.1
72052,A5,308700,72052,11.5,0.6,2010MM07,97.7
72053,A5,308700,72053,17.7,5.4,2010MM08,102.9
72054,A5,308700,72054,21.1,1.2,2010MM09,104.1
72055,A5,308700,72055,22.8,1.3,2010MM10,105.5
72056,A5,308700,72056,26.5,5.6,2010MM11,111.4
72057,A5,308700,72057,32.9,6.1,2010MM12,118.2
72059,A5,308700,72059,37.5,4.4,2011MM01,123.4
72060,A5,308700,72060,34.0,-1.0,2011MM02,122.2
72061,A5,308700,72061,27.0,-3.5,2011MM03,117.9
72062,A5,308700,72062,21.4,-2.6,2011MM04,114.9
72063,A5,308700,72063,23.1,1.6,2011MM05,116.6
72064,A5,308700,72064,16.4,-3.1,2011MM06,113.0
72065,A5,308700,72065,14.6,-0.9,2011MM07,111.9
72066,A5,308700,72066,5.4,-3.1,2011MM08,108.5
72067,A5,308700,72067,2.1,-2.0,2011MM09,106.3
72068,A5,308700,72068,1.3,0.5,2011MM10,106.8
72069,A5,308700,72069,-3.4,0.7,2011MM11,107.6
72070,A5,308700,72070,-6.9,2.3,2011MM12,110.1
72072,A5,308700,72072,-10.3,0.6,2012MM01,110.8
72073,A5,308700,72073,-7.8,1.6,2012MM02,112.6
72074,A5,308700,72074,1.9,6.7,2012MM03,120.1
72075,A5,308700,72075,7.0,2.3,2012MM04,122.9
72076,A5,308700,72076,7.0,1.6,2012MM05,124.9
72077,A5,308700,72077,15.8,4.8,2012MM06,130.9
72078,A5,308700,72078,23.2,5.4,2012MM07,137.9
72079,A5,308700,72079,31.3,3.3,2012MM08,142.5
72080,A5,308700,72080,27.5,-4.9,2012MM09,135.5
72081,A5,308700,72081,22.8,-3.2,2012MM10,131.2
72082,A5,308700,72082,22.3,0.2,2012MM11,131.5
72083,A5,308700,72083,17.2,-1.9,2012MM12,129.0
72085,A5,308700,72085,12.7,-3.2,2013MM01,124.8
72086,A5,308700,72086,9.5,-1.3,2013MM02,123.2
72087,A5,308700,72087,1.7,-0.9,2013MM03,122.1
72088,A5,308700,72088,1.4,2.0,2013MM04,124.6
72089,A5,308700,72089,0.4,0.6,2013MM05,125.4
72090,A5,308700,72090,-6.6,-2.5,2013MM06,122.3
72091,A5,308700,72091,-14.2,-3.3,2013MM07,118.3
72092,A5,308700,72092,-20.3,-4.0,2013MM08,113.5
72093,A5,308700,72093,-16.1,0.2,2013MM09,113.7
72094,A5,308700,72094,-13.5,-0.2,2013MM10,113.5
72095,A5,308700,72095,-10.2,4.0,2013MM11,118.0
72096,A5,308700,72096,-9.6,-1.2,2013MM12,116.6
72098,A5,308700,72098,-7.2,-0.7,2014MM01,115.8
72099,A5,308700,72099,-3.2,3.1,2014MM02,119.3
72100,A5,308700,72100,-1.8,0.6,2014MM03,120.0
72101,A5,308700,72101,-4.2,-0.5,2014MM04,119.4
72102,A5,308700,72102,-6.1,-1.4,2014MM05,117.8
72103,A5,308700,72103,-5.7,-2.1,2014MM06,115.3
72104,A5,308700,72104,-5.0,-2.6,2014MM07,112.4
72105,A5,308700,72105,-3.0,-2.0,2014MM08,110.1
72106,A5,308700,72106,-4.1,-0.9,2014MM09,109.1
72107,A5,308700,72107,-2.5,1.5,2014MM10,110.7
72108,A5,308700,72108,-7.7,-1.5,2014MM11,109.0
72109,A5,308700,72109,-6.1,0.5,2014MM12,109.5
72111,A5,308700,72111,-3.5,2.0,2015MM01,111.7
72112,A5,308700,72112,-7.4,-1.1,2015MM02,110.5
72113,A5,308700,72113,-4.6,3.6,2015MM03,114.5
72114,A5,308700,72114,-4.0,0.0,2015MM04,114.6
72115,A5,308700,72115,-4.4,-1.7,2015MM05,112.6
72116,A5,308700,72116,-3.1,-0.8,2015MM06,111.7
72117,A5,308700,72117,0.1,0.6,2015MM07,112.5
72118,A5,308700,72118,0.2,-1.9,2015MM08,110.3
72119,A5,308700,72119,-0.4,-1.5,2015MM09,108.7
72120,A5,308700,72120,-1.6,0.2,2015MM10,108.9
72121,A5,308700,72121,-0.7,-0.7,2015MM11,108.2
72122,A5,308700,72122,-1.3,-0.1,2015MM12,108.1
72124,A5,308700,72124,-4.7,-1.5,2016MM01,106.5
72125,A5,308700,72125,-4.7,-1.1,2016MM02,105.3
72126,A5,308700,72126,-6.3,1.9,2016MM03,107.4
72127,A5,308700,72127,-5.2,1.2,2016MM04,108.6
72128,A5,308700,72128,-3.0,0.5,2016MM05,109.2
72129,A5,308700,72129,2.4,4.7,2016MM06,114.4
72130,A5,308700,72130,3.9,2.2,2016MM07,116.9
72131,A5,308700,72131,4.1,-1.7,2016MM08,114.8
72132,A5,308700,72132,4.9,-0.7,2016MM09,114.0
72133,A5,308700,72133,3.7,-0.9,2016MM10,113.0
72134,A5,308700,72134,7.7,3.1,2016MM11,116.5
72135,A5,308700,72135,9.9,2.0,2016MM12,118.8
72137,A5,308700,72137,13.4,1.7,2017MM01,120.8
72138,A5,308700,72138,13.6,-0.9,2017MM02,119.6
72139,A5,308700,72139,10.8,-0.6,2017MM03,119.0
72140,A5,308700,72140,8.7,-0.7,2017MM04,118.1
72141,A5,308700,72141,5.4,-2.6,2017MM05,115.1
72142,A5,308700,72142,-3.6,-4.2,2017MM06,110.2
72143,A5,308700,72143,-5.8,-0.2,2017MM07,110.1
72144,A5,308700,72144,-5.8,-1.7,2017MM08,108.1
72145,A5,308700,72145,-6.4,-1.3,2017MM09,106.7
72146,A5,308700,72146,-4.6,1.0,2017MM10,107.8
72147,A5,308700,72147,-8.3,-0.8,2017MM11,106.8
72148,A5,308700,72148,-10.1,-0.1,2017MM12,106.8
