,Afzet,BedrijfstakkenBranchesSBI2008,ID,OntwikkelingTOV1JaarEerder_2,OntwikkelingTOV1MaandEerder_3,Perioden,ProducentenprijsindexPPI_1
72150,A5,308800,72150,-9.7365448505,-0.771379310345,1981MM01,102.84982699
72151,A5,308800,72151,-9.673089701,-0.74275862069,1981MM02,102.699653979
72152,A5,308800,72152,-9.6096345515,-0.714137931034,1981MM03,102.549480969
72153,A5,308800,72153,-9.54617940199,-0.685517241379,1981MM04,102.399307958
72154,A5,308800,72154,-9.48272425249,-0.656896551724,1981MM05,102.249134948
72155,A5,308800,72155,-9.41926910299,-0.628275862069,1981MM06,102.098961938
72156,A5,308800,72156,-9.35581395349,-0.599655172414,1981MM07,101.948788927
72157,A5,308800,72157,-9.29235880399,-0.571034482759,1981MM08,101.798615917
72158,A5,308800,72158,-9.22890365449,-0.542413793103,1981MM09,101.648442907
72159,A5,308800,72159,-9.16544850498,-0.513793103448,1981MM10,101.498269896
72160,A5,308800,72160,-9.10199335548,-0.485172413793,1981MM11,101.348096886
72161,A5,308800,72161,-9.03853820598,-0.456551724138,1981MM12,101.197923875
72163,A5,308800,72163,-8.97508305648,-0.427931034483,1982MM01,101.047750865
72164,A5,308800,72164,-8.91162790698,-0.399310344828,1982MM02,100.897577855
72165,A5,308800,72165,-8.84817275748,-0.370689655172,1982MM03,100.747404844
72166,A5,308800,72166,-8.78471760797,-0.342068965517,1982MM04,100.597231834
72167,A5,308800,72167,-8.72126245847,-0.313448275862,1982MM05,100.447058824
72168,A5,308800,72168,-8.65780730897,-0.284827586207,1982MM06,100.296885813
72169,A5,308800,72169,-8.59435215947,-0.256206896552,1982MM07,100.146712803
72170,A5,308800,72170,-8.53089700997,-0.227586206897,1982MM08,99.9965397924
72171,A5,308800,72171,-8.46744186047,-0.198965517241,1982MM09,99.846366782
72172,A5,308800,72172,-8.40398671096,-0.170344827586,1982MM10,99.6961937716
72173,A5,308800,72173,-8.34053156146,-0.141724137931,1982MM11,99.5460207612
72174,A5,308800,72174,-8.27707641196,-0.113103448276,1982MM12,99.3958477509
72176,A5,308800,72176,-8.21362126246,-0.0844827586207,1983MM01,99.2456747405
72177,A5,308800,72177,-8.15016611296,-0.0558620689655,1983MM02,99.0955017301
72178,A5,308800,72178,-8.08671096346,-0.0272413793103,1983MM03,98.9453287197
72179,A5,308800,72179,-8.02325581395,0.00137931034483,1983MM04,98.7951557093
72180,A5,308800,72180,-7.95980066445,0.03,1983MM05,98.644982699
72181,A5,308800,72181,-7.89634551495,0.0586206896552,1983MM06,98.4948096886
72182,A5,308800,72182,-7.83289036545,0.0872413793103,1983MM07,98.3446366782
72183,A5,308800,72183,-7.76943521595,0.115862068966,1983MM08,98.1944636678
72184,A5,308800,72184,-7.70598006645,0.144482758621,1983MM09,98.0442906574
72185,A5,308800,72185,-7.64252491694,0.173103448276,1983MM10,97.8941176471
72186,A5,308800,72186,-7.57906976744,0.201724137931,1983MM11,97.7439446367
72187,A5,308800,72187,-7.51561461794,0.230344827586,1983MM12,97.5937716263
72189,A5,308800,72189,-7.45215946844,0.258965517241,1984MM01,97.4435986159
72190,A5,308800,72190,-7.38870431894,0.287586206897,1984MM02,97.2934256055
72191,A5,308800,72191,-7.32524916944,0.316206896552,1984MM03,97.1432525952
72192,A5,308800,72192,-7.26179401993,0.344827586207,1984MM04,96.9930795848
72193,A5,308800,72193,-7.19833887043,0.373448275862,1984MM05,96.8429065744
72194,A5,308800,72194,-7.13488372093,0.402068965517,1984MM06,96.692733564
72195,A5,308800,72195,-7.07142857143,0.430689655172,1984MM07,96.5425605536
72196,A5,308800,72196,-7.00797342193,0.459310344828,1984MM08,96.3923875433
72197,A5,308800,72197,-6.94451827243,0.487931034483,1984MM09,96.2422145329
72198,A5,308800,72198,-6.88106312292,0.516551724138,1984MM10,96.0920415225
72199,A5,308800,72199,-6.81760797342,0.545172413793,1984MM11,95.9418685121
72200,A5,308800,72200,-6.75415282392,0.573793103448,1984MM12,95.7916955017
72202,A5,308800,72202,-6.69069767442,0.602413793103,1985MM01,95.6415224913
72203,A5,308800,72203,-6.62724252492,0.631034482759,1985MM02,95.491349481
72204,A5,308800,72204,-6.56378737542,0.659655172414,1985MM03,95.3411764706
72205,A5,308800,72205,-6.50033222591,0.688275862069,1985MM04,95.1910034602
72206,A5,308800,72206,-6.43687707641,0.716896551724,1985MM05,95.0408304498
72207,A5,308800,72207,-6.37342192691,0.745517241379,1985MM06,94.8906574394
72208,A5,308800,72208,-6.30996677741,0.774137931034,1985MM07,94.7404844291
72209,A5,308800,72209,-6.24651162791,0.80275862069,1985MM08,94.5903114187
72210,A5,308800,72210,-6.18305647841,0.831379310345,1985MM09,94.4401384083
72211,A5,308800,72211,-6.1196013289,0.86,1985MM10,94.2899653979
72212,A5,308800,72212,-6.0561461794,0.888620689655,1985MM11,94.1397923875
72213,A5,308800,72213,-5.9926910299,0.91724137931,1985MM12,93.9896193772
72215,A5,308800,72215,-5.9292358804,0.945862068966,1986MM01,93.8394463668
72216,A5,308800,72216,-5.8657807309,0.974482758621,1986MM02,93.6892733564
72217,A5,308800,72217,-5.8023255814,1.00310344828,1986MM03,93.539100346
72218,A5,308800,72218,-5.73887043189,1.03172413793,1986MM04,93.3889273356
72219,A5,308800,72219,-5.67541528239,1.06034482759,1986MM05,93.2387543253
72220,A5,308800,72220,-5.61196013289,1.08896551724,1986MM06,93.0885813149
72221,A5,308800,72221,-5.54850498339,1.1175862069,1986MM07,92.9384083045
72222,A5,308800,72222,-5.48504983389,1.14620689655,1986MM08,92.7882352941
72223,A5,308800,72223,-5.42159468439,1.17482758621,1986MM09,92.6380622837
72224,A5,308800,72224,-5.35813953488,1.20344827586,1986MM10,92.4878892734
72225,A5,308800,72225,-5.29468438538,1.23206896552,1986MM11,92.337716263
72226,A5,308800,72226,-5.23122923588,1.26068965517,1986MM12,92.1875432526
72228,A5,308800,72228,-5.16777408638,1.28931034483,1987MM01,92.0373702422
72229,A5,308800,72229,-5.10431893688,1.31793103448,1987MM02,91.8871972318
72230,A5,308800,72230,-5.04086378738,1.34655172414,1987MM03,91.7370242215
72231,A5,308800,72231,-4.97740863787,1.37517241379,1987MM04,91.5868512111
72232,A5,308800,72232,-4.91395348837,1.40379310345,1987MM05,91.4366782007
72233,A5,308800,72233,-4.85049833887,1.4324137931,1987MM06,91.2865051903
72234,A5,308800,72234,-4.78704318937,1.46103448276,1987MM07,91.1363321799
72235,A5,308800,72235,-4.72358803987,1.48965517241,1987MM08,90.9861591696
72236,A5,308800,72236,-4.66013289037,1.51827586207,1987MM09,90.8359861592
72237,A5,308800,72237,-4.59667774086,1.54689655172,1987MM10,90.6858131488
72238,A5,308800,72238,-4.53322259136,1.57551724138,1987MM11,90.5356401384
72239,A5,308800,72239,-4.46976744186,1.60413793103,1987MM12,90.385467128
72241,A5,308800,72241,-4.40631229236,1.63275862069,1988MM01,90.2352941176
72242,A5,308800,72242,-4.34285714286,1.66137931034,1988MM02,90.0851211073
72243,A5,308800,72243,-4.27940199336,1.69,1988MM03,89.9349480969
72244,A5,308800,72244,-4.21594684385,1.71862068966,1988MM04,89.7847750865
72245,A5,308800,72245,-4.15249169435,1.74724137931,1988MM05,89.6346020761
72246,A5,308800,72246,-4.08903654485,1.77586206897,1988MM06,89.4844290657
72247,A5,308800,72247,-4.02558139535,1.80448275862,1988MM07,89.3342560554
72248,A5,308800,72248,-3.96212624585,1.83310344828,1988MM08,89.184083045
72249,A5,308800,72249,-3.89867109635,1.86172413793,1988MM09,89.0339100346
72250,A5,308800,72250,-3.83521594684,1.89034482759,1988MM10,88.8837370242
72251,A5,308800,72251,-3.77176079734,1.91896551724,1988MM11,88.7335640138
72252,A5,308800,72252,-3.70830564784,1.9475862069,1988MM12,88.5833910035
72254,A5,308800,72254,-3.64485049834,1.97620689655,1989MM01,88.4332179931
72255,A5,308800,72255,-3.58139534884,2.00482758621,1989MM02,88.2830449827
72256,A5,308800,72256,-3.51794019934,2.03344827586,1989MM03,88.1328719723
72257,A5,308800,72257,-3.45448504983,2.06206896552,1989MM04,87.9826989619
72258,A5,308800,72258,-3.39102990033,2.09068965517,1989MM05,87.8325259516
72259,A5,308800,72259,-3.32757475083,2.11931034483,1989MM06,87.6823529412
72260,A5,308800,72260,-3.26411960133,2.14793103448,1989MM07,87.5321799308
72261,A5,308800,72261,-3.20066445183,2.17655172414,1989MM08,87.3820069204
72262,A5,308800,72262,-3.13720930233,2.20517241379,1989MM09,87.23183391
72263,A5,308800,72263,-3.07375415282,2.23379310345,1989MM10,87.0816608997
72264,A5,308800,72264,-3.01029900332,2.2624137931,1989MM11,86.9314878893
72265,A5,308800,72265,-2.94684385382,2.29103448276,1989MM12,86.7813148789
72267,A5,308800,72267,-2.88338870432,2.31965517241,1990MM01,86.6311418685
72268,A5,308800,72268,-2.81993355482,2.34827586207,1990MM02,86.4809688581
72269,A5,308800,72269,-2.75647840532,2.37689655172,1990MM03,86.3307958478
72270,A5,308800,72270,-2.69302325581,2.40551724138,1990MM04,86.1806228374
72271,A5,308800,72271,-2.62956810631,2.43413793103,1990MM05,86.030449827
72272,A5,308800,72272,-2.56611295681,2.46275862069,1990MM06,85.8802768166
72273,A5,308800,72273,-2.50265780731,2.49137931034,1990MM07,85.7301038062
72274,A5,308800,72274,-2.43920265781,2.52,1990MM08,85.5799307958
72275,A5,308800,72275,-2.37574750831,2.54862068966,1990MM09,85.4297577855
72276,A5,308800,72276,-2.3122923588,2.57724137931,1990MM10,85.2795847751
72277,A5,308800,72277,-2.2488372093,2.60586206897,1990MM11,85.1294117647
72278,A5,308800,72278,-2.1853820598,2.63448275862,1990MM12,84.9792387543
72280,A5,308800,72280,-2.1219269103,2.66310344828,1991MM01,84.8290657439
72281,A5,308800,72281,-2.0584717608,2.69172413793,1991MM02,84.6788927336
72282,A5,308800,72282,-1.9950166113,2.72034482759,1991MM03,84.5287197232
72283,A5,308800,72283,-1.93156146179,2.74896551724,1991MM04,84.3785467128
72284,A5,308800,72284,-1.86810631229,2.7775862069,1991MM05,84.2283737024
72285,A5,308800,72285,-1.80465116279,2.80620689655,1991MM06,84.078200692
72286,A5,308800,72286,-1.74119601329,2.83482758621,1991MM07,83.9280276817
72287,A5,308800,72287,-1.67774086379,2.86344827586,1991MM08,83.7778546713
72288,A5,308800,72288,-1.61428571429,2.89206896552,1991MM09,83.6276816609
72289,A5,308800,72289,-1.55083056478,2.92068965517,1991MM10,83.4775086505
72290,A5,308800,72290,-1.48737541528,2.94931034483,1991MM11,83.3273356401
72291,A5,308800,72291,-1.42392026578,2.97793103448,1991MM12,83.1771626298
72293,A5,308800,72293,-1.36046511628,3.00655172414,1992MM01,83.0269896194
72294,A5,308800,72294,-1.29700996678,3.03517241379,1992MM02,82.876816609
72295,A5,308800,72295,-1.23355481728,3.06379310345,1992MM03,82.7266435986
72296,A5,308800,72296,-1.17009966777,3.0924137931,1992MM04,82.5764705882
72297,A5,308800,72297,-1.10664451827,3.12103448276,1992MM05,82.4262975779
72298,A5,308800,72298,-1.04318936877,3.14965517241,1992MM06,82.2761245675
72299,A5,308800,72299,-0.979734219269,3.17827586207,1992MM07,82.1259515571
72300,A5,308800,72300,-0.916279069767,3.20689655172,1992MM08,81.9757785467
72301,A5,308800,72301,-0.852823920266,3.23551724138,1992MM09,81.8256055363
72302,A5,308800,72302,-0.789368770764,3.26413793103,1992MM10,81.675432526
72303,A5,308800,72303,-0.725913621262,3.29275862069,1992MM11,81.5252595156
72304,A5,308800,72304,-0.662458471761,3.32137931034,1992MM12,81.3750865052
72306,A5,308800,72306,-0.599003322259,3.35,1993MM01,81.2249134948
72307,A5,308800,72307,-0.535548172757,3.37862068966,1993MM02,81.0747404844
72308,A5,308800,72308,-0.472093023256,3.40724137931,1993MM03,80.924567474
72309,A5,308800,72309,-0.408637873754,3.43586206897,1993MM04,80.7743944637
72310,A5,308800,72310,-0.345182724252,3.46448275862,1993MM05,80.6242214533
72311,A5,308800,72311,-0.281727574751,3.49310344828,1993MM06,80.4740484429
72312,A5,308800,72312,-0.218272425249,3.52172413793,1993MM07,80.3238754325
72313,A5,308800,72313,-0.154817275748,3.55034482759,1993MM08,80.1737024221
72314,A5,308800,72314,-0.0913621262458,3.57896551724,1993MM09,80.0235294118
72315,A5,308800,72315,-0.0279069767442,3.6075862069,1993MM10,79.8733564014
72316,A5,308800,72316,0.0355481727575,3.63620689655,1993MM11,79.723183391
72317,A5,308800,72317,0.0990033222591,3.66482758621,1993MM12,79.5730103806
72319,A5,308800,72319,0.162458471761,3.69344827586,1994MM01,79.4228373702
72320,A5,308800,72320,0.225913621262,3.72206896552,1994MM02,79.2726643599
72321,A5,308800,72321,0.289368770764,3.75068965517,1994MM03,79.1224913495
72322,A5,308800,72322,0.352823920266,3.77931034483,1994MM04,78.9723183391
72323,A5,308800,72323,0.416279069767,3.80793103448,1994MM05,78.8221453287
72324,A5,308800,72324,0.479734219269,3.83655172414,1994MM06,78.6719723183
72325,A5,308800,72325,0.543189368771,3.86517241379,1994MM07,78.521799308
72326,A5,308800,72326,0.606644518272,3.89379310345,1994MM08,78.3716262976
72327,A5,308800,72327,0.670099667774,3.9224137931,1994MM09,78.2214532872
72328,A5,308800,72328,0.733554817276,3.95103448276,1994MM10,78.0712802768
72329,A5,308800,72329,0.797009966777,3.97965517241,1994MM11,77.9211072664
72330,A5,308800,72330,0.860465116279,4.00827586207,1994MM12,77.7709342561
72332,A5,308800,72332,0.923920265781,4.03689655172,1995MM01,77.6207612457
72333,A5,308800,72333,0.987375415282,4.06551724138,1995MM02,77.4705882353
72334,A5,308800,72334,1.05083056478,4.09413793103,1995MM03,77.3204152249
72335,A5,308800,72335,1.11428571429,4.12275862069,1995MM04,77.1702422145
72336,A5,308800,72336,1.17774086379,4.15137931034,1995MM05,77.0200692042
72337,A5,308800,72337,1.24119601329,4.18,1995MM06,76.8698961938
72338,A5,308800,72338,1.30465116279,4.20862068966,1995MM07,76.7197231834
72339,A5,308800,72339,1.36810631229,4.23724137931,1995MM08,76.569550173
72340,A5,308800,72340,1.43156146179,4.26586206897,1995MM09,76.4193771626
72341,A5,308800,72341,1.4950166113,4.29448275862,1995MM10,76.2692041522
72342,A5,308800,72342,1.5584717608,4.32310344828,1995MM11,76.1190311419
72343,A5,308800,72343,1.6219269103,4.35172413793,1995MM12,75.9688581315
72345,A5,308800,72345,1.6853820598,4.38034482759,1996MM01,75.8186851211
72346,A5,308800,72346,1.7488372093,4.40896551724,1996MM02,75.6685121107
72347,A5,308800,72347,1.8122923588,4.4375862069,1996MM03,75.5183391003
72348,A5,308800,72348,1.87574750831,4.46620689655,1996MM04,75.36816609
72349,A5,308800,72349,1.93920265781,4.49482758621,1996MM05,75.2179930796
72350,A5,308800,72350,2.00265780731,4.52344827586,1996MM06,75.0678200692
72351,A5,308800,72351,2.06611295681,4.55206896552,1996MM07,74.9176470588
72352,A5,308800,72352,2.12956810631,4.58068965517,1996MM08,74.7674740484
72353,A5,308800,72353,2.19302325581,4.60931034483,1996MM09,74.6173010381
72354,A5,308800,72354,2.25647840532,4.63793103448,1996MM10,74.4671280277
72355,A5,308800,72355,2.31993355482,4.66655172414,1996MM11,74.3169550173
72356,A5,308800,72356,2.38338870432,4.69517241379,1996MM12,74.1667820069
72358,A5,308800,72358,2.44684385382,4.72379310345,1997MM01,74.0166089965
72359,A5,308800,72359,2.51029900332,4.7524137931,1997MM02,73.8664359862
72360,A5,308800,72360,2.57375415282,4.78103448276,1997MM03,73.7162629758
72361,A5,308800,72361,2.63720930233,4.80965517241,1997MM04,73.5660899654
72362,A5,308800,72362,2.70066445183,4.83827586207,1997MM05,73.415916955
72363,A5,308800,72363,2.76411960133,4.86689655172,1997MM06,73.2657439446
72364,A5,308800,72364,2.82757475083,4.89551724138,1997MM07,73.1155709343
72365,A5,308800,72365,2.89102990033,4.92413793103,1997MM08,72.9653979239
72366,A5,308800,72366,2.95448504983,4.95275862069,1997MM09,72.8152249135
72367,A5,308800,72367,3.01794019934,4.98137931034,1997MM10,72.6650519031
72368,A5,308800,72368,3.08139534884,5.01,1997MM11,72.5148788927
72369,A5,308800,72369,3.14485049834,5.03862068966,1997MM12,72.3647058824
72371,A5,308800,72371,3.20830564784,5.06724137931,1998MM01,72.214532872
72372,A5,308800,72372,3.27176079734,5.09586206897,1998MM02,72.0643598616
72373,A5,308800,72373,3.33521594684,5.12448275862,1998MM03,71.9141868512
72374,A5,308800,72374,3.39867109635,5.15310344828,1998MM04,71.7640138408
72375,A5,308800,72375,3.46212624585,5.18172413793,1998MM05,71.6138408304
72376,A5,308800,72376,3.52558139535,5.21034482759,1998MM06,71.4636678201
72377,A5,308800,72377,3.58903654485,5.23896551724,1998MM07,71.3134948097
72378,A5,308800,72378,3.65249169435,5.2675862069,1998MM08,71.1633217993
72379,A5,308800,72379,3.71594684385,5.29620689655,1998MM09,71.0131487889
72380,A5,308800,72380,3.77940199336,5.32482758621,1998MM10,70.8629757785
72381,A5,308800,72381,3.84285714286,5.35344827586,1998MM11,70.7128027682
72382,A5,308800,72382,3.90631229236,5.38206896552,1998MM12,70.5626297578
72384,A5,308800,72384,3.96976744186,5.41068965517,1999MM01,70.4124567474
72385,A5,308800,72385,4.03322259136,5.43931034483,1999MM02,70.262283737
72386,A5,308800,72386,4.09667774086,5.46793103448,1999MM03,70.1121107266
72387,A5,308800,72387,4.16013289037,5.49655172414,1999MM04,69.9619377163
72388,A5,308800,72388,4.22358803987,5.52517241379,1999MM05,69.8117647059
72389,A5,308800,72389,4.28704318937,5.55379310345,1999MM06,69.6615916955
72390,A5,308800,72390,4.35049833887,5.5824137931,1999MM07,69.5114186851
72391,A5,308800,72391,4.41395348837,5.61103448276,1999MM08,69.3612456747
72392,A5,308800,72392,4.47740863787,5.63965517241,1999MM09,69.2110726644
72393,A5,308800,72393,4.54086378738,5.66827586207,1999MM10,69.060899654
72394,A5,308800,72394,4.60431893688,5.69689655172,1999MM11,68.9107266436
72395,A5,308800,72395,4.66777408638,5.72551724138,1999MM12,68.7605536332
72397,A5,308800,72397,4.73122923588,5.75413793103,2000MM01,68.6103806228
72398,A5,308800,72398,4.79468438538,5.78275862069,2000MM02,68.4602076125
72399,A5,308800,72399,4.85813953488,5.81137931034,2000MM03,68.3100346021
72400,A5,308800,72400,4.92159468439,5.84,2000MM04,68.1598615917
72401,A5,308800,72401,4.98504983389,5.86862068966,2000MM05,68.0096885813
72402,A5,308800,72402,5.04850498339,5.89724137931,2000MM06,67.8595155709
72403,A5,308800,72403,5.11196013289,5.92586206897,2000MM07,67.7093425606
72404,A5,308800,72404,5.17541528239,5.95448275862,2000MM08,67.5591695502
72405,A5,308800,72405,5.23887043189,5.98310344828,2000MM09,67.4089965398
72406,A5,308800,72406,5.3023255814,6.01172413793,2000MM10,67.2588235294
72407,A5,308800,72407,5.3657807309,6.04034482759,2000MM11,67.108650519
72408,A5,308800,72408,5.4292358804,6.06896551724,2000MM12,66.9584775087
72410,A5,308800,72410,5.4926910299,6.0975862069,2001MM01,66.8083044983
72411,A5,308800,72411,5.5561461794,6.12620689655,2001MM02,66.6581314879
72412,A5,308800,72412,5.6196013289,6.15482758621,2001MM03,66.5079584775
72413,A5,308800,72413,5.68305647841,6.18344827586,2001MM04,66.3577854671
72414,A5,308800,72414,5.74651162791,6.21206896552,2001MM05,66.2076124567
72415,A5,308800,72415,5.80996677741,6.24068965517,2001MM06,66.0574394464
72416,A5,308800,72416,5.87342192691,6.26931034483,2001MM07,65.907266436
72417,A5,308800,72417,5.93687707641,6.29793103448,2001MM08,65.7570934256
72418,A5,308800,72418,6.00033222591,6.32655172414,2001MM09,65.6069204152
72419,A5,308800,72419,6.06378737542,6.35517241379,2001MM10,65.4567474048
72420,A5,308800,72420,6.12724252492,6.38379310345,2001MM11,65.3065743945
72421,A5,308800,72421,6.19069767442,6.4124137931,2001MM12,65.1564013841
72423,A5,308800,72423,6.25415282392,6.44103448276,2002MM01,65.0062283737
72424,A5,308800,72424,6.31760797342,6.46965517241,2002MM02,64.8560553633
72425,A5,308800,72425,6.38106312292,6.49827586207,2002MM03,64.7058823529
72426,A5,308800,72426,6.44451827243,6.52689655172,2002MM04,64.5557093426
72427,A5,308800,72427,6.50797342193,6.55551724138,2002MM05,64.4055363322
72428,A5,308800,72428,6.57142857143,6.58413793103,2002MM06,64.2553633218
72429,A5,308800,72429,6.63488372093,6.61275862069,2002MM07,64.1051903114
72430,A5,308800,72430,6.69833887043,6.64137931034,2002MM08,63.955017301
72431,A5,308800,72431,6.76179401993,6.67,2002MM09,63.8048442907
72432,A5,308800,72432,6.82524916944,6.69862068966,2002MM10,63.6546712803
72433,A5,308800,72433,6.88870431894,6.72724137931,2002MM11,63.5044982699
72434,A5,308800,72434,6.95215946844,6.75586206897,2002MM12,63.3543252595
72436,A5,308800,72436,7.01561461794,6.78448275862,2003MM01,63.2041522491
72437,A5,308800,72437,7.07906976744,6.81310344828,2003MM02,63.0539792388
72438,A5,308800,72438,7.14252491694,6.84172413793,2003MM03,62.9038062284
72439,A5,308800,72439,7.20598006645,6.87034482759,2003MM04,62.753633218
72440,A5,308800,72440,7.26943521595,6.89896551724,2003MM05,62.6034602076
72441,A5,308800,72441,7.33289036545,6.9275862069,2003MM06,62.4532871972
72442,A5,308800,72442,7.39634551495,6.95620689655,2003MM07,62.3031141869
72443,A5,308800,72443,7.45980066445,6.98482758621,2003MM08,62.1529411765
72444,A5,308800,72444,7.52325581395,7.01344827586,2003MM09,62.0027681661
72445,A5,308800,72445,7.58671096346,7.04206896552,2003MM10,61.8525951557
72446,A5,308800,72446,7.65016611296,7.07068965517,2003MM11,61.7024221453
72447,A5,308800,72447,7.71362126246,7.09931034483,2003MM12,61.5522491349
72449,A5,308800,72449,7.77707641196,7.12793103448,2004MM01,61.4020761246
72450,A5,308800,72450,7.84053156146,7.15655172414,2004MM02,61.2519031142
72451,A5,308800,72451,7.90398671096,7.18517241379,2004MM03,61.1017301038
72452,A5,308800,72452,7.96744186047,7.21379310345,2004MM04,60.9515570934
72453,A5,308800,72453,8.03089700997,7.2424137931,2004MM05,60.801384083
72454,A5,308800,72454,8.09435215947,7.27103448276,2004MM06,60.6512110727
72455,A5,308800,72455,8.15780730897,7.29965517241,2004MM07,60.5010380623
72456,A5,308800,72456,8.22126245847,7.32827586207,2004MM08,60.3508650519
72457,A5,308800,72457,8.28471760797,7.35689655172,2004MM09,60.2006920415
72458,A5,308800,72458,8.34817275748,7.38551724138,2004MM10,60.0505190311
72459,A5,308800,72459,8.41162790698,7.41413793103,2004MM11,59.9003460208
72460,A5,308800,72460,8.47508305648,7.44275862069,2004MM12,59.7501730104
72462,A5,308800,72462,8.53853820598,7.47137931034,2005MM01,59.6
72463,A5,308800,72463,8.60199335548,7.5,2005MM02,64.0
72464,A5,308800,72464,8.66544850498,1.2,2005MM03,64.8
72465,A5,308800,72465,8.72890365449,-1.4,2005MM04,63.9
72466,A5,308800,72466,8.79235880399,-1.7,2005MM05,62.8
72467,A5,308800,72467,8.85581395349,2.4,2005MM06,64.3
72468,A5,308800,72468,8.91926910299,-0.2,2005MM07,64.2
72469,A5,308800,72469,8.98272425249,-0.4,2005MM08,64.0
72470,A5,308800,72470,9.04617940199,1.6,2005MM09,65.0
72471,A5,308800,72471,9.1096345515,0.2,2005MM10,65.1
72472,A5,308800,72472,9.173089701,-0.3,2005MM11,64.9
72473,A5,308800,72473,9.2365448505,-0.2,2005MM12,64.7
72475,A5,308800,72475,9.3,0.6,2006MM01,65.1
72476,A5,308800,72476,2.2,0.5,2006MM02,65.5
72477,A5,308800,72477,-0.7,-1.7,2006MM03,64.4
72478,A5,308800,72478,-0.1,-0.8,2006MM04,63.9
72479,A5,308800,72479,-3.0,-4.6,2006MM05,61.0
72480,A5,308800,72480,-5.7,-0.5,2006MM06,60.7
72481,A5,308800,72481,-3.0,2.7,2006MM07,62.3
72482,A5,308800,72482,-1.4,1.2,2006MM08,63.1
72483,A5,308800,72483,-1.1,1.8,2006MM09,64.3
72484,A5,308800,72484,2.1,3.4,2006MM10,66.5
72485,A5,308800,72485,1.4,-1.0,2006MM11,65.8
72486,A5,308800,72486,6.2,4.4,2006MM12,68.7
72488,A5,308800,72488,8.1,2.4,2007MM01,70.4
72489,A5,308800,72489,8.8,1.2,2007MM02,71.2
72490,A5,308800,72490,14.0,3.1,2007MM03,73.4
72491,A5,308800,72491,13.8,-1.0,2007MM04,72.7
72492,A5,308800,72492,25.3,5.1,2007MM05,76.4
72493,A5,308800,72493,26.5,0.5,2007MM06,76.7
72494,A5,308800,72494,27.1,3.2,2007MM07,79.2
72495,A5,308800,72495,33.8,6.6,2007MM08,84.5
72496,A5,308800,72496,38.8,5.6,2007MM09,89.2
72497,A5,308800,72497,38.6,3.3,2007MM10,92.1
72498,A5,308800,72498,42.7,2.0,2007MM11,93.9
72499,A5,308800,72499,43.1,4.7,2007MM12,98.3
72501,A5,308800,72501,49.1,6.7,2008MM01,105.0
72502,A5,308800,72502,57.7,7.0,2008MM02,112.3
72503,A5,308800,72503,48.9,-2.6,2008MM03,109.4
72504,A5,308800,72504,52.6,1.4,2008MM04,110.9
72505,A5,308800,72505,45.3,0.1,2008MM05,111.0
72506,A5,308800,72506,45.7,0.8,2008MM06,111.8
72507,A5,308800,72507,34.9,-4.4,2008MM07,106.9
72508,A5,308800,72508,22.8,-3.0,2008MM08,103.7
72509,A5,308800,72509,9.0,-6.2,2008MM09,97.2
72510,A5,308800,72510,-0.1,-5.3,2008MM10,92.0
72511,A5,308800,72511,-5.2,-3.3,2008MM11,89.0
72512,A5,308800,72512,-12.7,-3.5,2008MM12,85.8
72514,A5,308800,72514,-14.1,5.1,2009MM01,90.2
72515,A5,308800,72515,-18.6,1.3,2009MM02,91.4
72516,A5,308800,72516,-18.1,-2.0,2009MM03,89.5
72517,A5,308800,72517,-17.6,2.1,2009MM04,91.4
72518,A5,308800,72518,-18.2,-0.7,2009MM05,90.8
72519,A5,308800,72519,-20.6,-2.2,2009MM06,88.8
72520,A5,308800,72520,-19.7,-3.4,2009MM07,85.8
72521,A5,308800,72521,-17.4,-0.2,2009MM08,85.6
72522,A5,308800,72522,-13.7,-2.0,2009MM09,83.9
72523,A5,308800,72523,-8.9,-0.1,2009MM10,83.8
72524,A5,308800,72524,-2.7,3.3,2009MM11,86.6
72525,A5,308800,72525,2.2,1.3,2009MM12,87.7
72527,A5,308800,72527,-1.6,1.2,2010MM01,88.8
72528,A5,308800,72528,-1.0,1.9,2010MM02,90.4
72529,A5,308800,72529,3.0,2.0,2010MM03,92.2
72530,A5,308800,72530,3.2,2.3,2010MM04,94.3
72531,A5,308800,72531,3.9,0.0,2010MM05,94.3
72532,A5,308800,72532,9.4,3.0,2010MM06,97.2
72533,A5,308800,72533,13.0,-0.2,2010MM07,96.9
72534,A5,308800,72534,20.4,6.3,2010MM08,103.1
72535,A5,308800,72535,24.5,1.3,2010MM09,104.5
72536,A5,308800,72536,26.1,1.2,2010MM10,105.7
72537,A5,308800,72537,29.8,6.4,2010MM11,112.5
72538,A5,308800,72538,37.0,6.8,2010MM12,120.1
72540,A5,308800,72540,41.0,4.2,2011MM01,125.2
72541,A5,308800,72541,36.9,-1.1,2011MM02,123.8
72542,A5,308800,72542,28.9,-3.9,2011MM03,118.9
72543,A5,308800,72543,21.1,-3.9,2011MM04,114.2
72544,A5,308800,72544,23.1,1.7,2011MM05,116.1
72545,A5,308800,72545,15.3,-3.5,2011MM06,112.0
72546,A5,308800,72546,14.7,-0.8,2011MM07,111.2
72547,A5,308800,72547,3.8,-3.8,2011MM08,107.0
72548,A5,308800,72548,0.2,-2.2,2011MM09,104.7
72549,A5,308800,72549,-0.1,0.9,2011MM10,105.6
72550,A5,308800,72550,-5.6,0.6,2011MM11,106.2
72551,A5,308800,72551,-9.2,2.7,2011MM12,109.1
72553,A5,308800,72553,-11.7,1.3,2012MM01,110.5
72554,A5,308800,72554,-9.0,2.0,2012MM02,112.7
72555,A5,308800,72555,2.0,7.6,2012MM03,121.3
72556,A5,308800,72556,8.8,2.4,2012MM04,124.2
72557,A5,308800,72557,9.2,2.1,2012MM05,126.8
72558,A5,308800,72558,19.5,5.6,2012MM06,133.9
72559,A5,308800,72559,28.0,6.2,2012MM07,142.2
72560,A5,308800,72560,38.1,3.8,2012MM08,147.7
72561,A5,308800,72561,33.5,-5.4,2012MM09,139.7
72562,A5,308800,72562,27.8,-3.4,2012MM10,135.0
72563,A5,308800,72563,27.7,0.5,2012MM11,135.6
72564,A5,308800,72564,21.5,-2.3,2012MM12,132.5
72566,A5,308800,72566,15.2,-3.9,2013MM01,127.3
72567,A5,308800,72567,11.4,-1.4,2013MM02,125.5
72568,A5,308800,72568,2.5,-0.9,2013MM03,124.3
72569,A5,308800,72569,2.6,2.5,2013MM04,127.4
72570,A5,308800,72570,1.5,1.0,2013MM05,128.7
72571,A5,308800,72571,-6.7,-2.9,2013MM06,125.0
72572,A5,308800,72572,-15.3,-3.6,2013MM07,120.5
72573,A5,308800,72573,-22.4,-4.8,2013MM08,114.7
72574,A5,308800,72574,-18.0,0.0,2013MM09,114.6
72575,A5,308800,72575,-15.2,-0.1,2013MM10,114.5
72576,A5,308800,72576,-11.7,4.6,2013MM11,119.8
72577,A5,308800,72577,-11.1,-1.6,2013MM12,117.8
72579,A5,308800,72579,-7.7,-0.3,2014MM01,117.4
72580,A5,308800,72580,-3.2,3.5,2014MM02,121.5
72581,A5,308800,72581,-1.4,0.9,2014MM03,122.6
72582,A5,308800,72582,-4.9,-1.1,2014MM04,121.2
72583,A5,308800,72583,-7.4,-1.6,2014MM05,119.3
72584,A5,308800,72584,-6.9,-2.4,2014MM06,116.4
72585,A5,308800,72585,-6.2,-2.9,2014MM07,113.0
72586,A5,308800,72586,-3.9,-2.4,2014MM08,110.2
72587,A5,308800,72587,-5.0,-1.2,2014MM09,108.9
72588,A5,308800,72588,-3.1,1.9,2014MM10,111.0
72589,A5,308800,72589,-8.8,-1.6,2014MM11,109.2
72590,A5,308800,72590,-6.5,0.9,2014MM12,110.2
72592,A5,308800,72592,-4.1,2.2,2015MM01,112.6
72593,A5,308800,72593,-8.5,-1.3,2015MM02,111.1
72594,A5,308800,72594,-5.6,4.1,2015MM03,115.7
72595,A5,308800,72595,-4.8,-0.3,2015MM04,115.4
72596,A5,308800,72596,-5.5,-2.3,2015MM05,112.7
72597,A5,308800,72597,-4.0,-0.9,2015MM06,111.7
72598,A5,308800,72598,-0.1,1.0,2015MM07,112.9
72599,A5,308800,72599,0.5,-1.9,2015MM08,110.8
72600,A5,308800,72600,-0.7,-2.3,2015MM09,108.2
72601,A5,308800,72601,-2.2,0.3,2015MM10,108.5
72602,A5,308800,72602,-1.5,-0.8,2015MM11,107.6
72603,A5,308800,72603,-2.2,0.1,2015MM12,107.8
72605,A5,308800,72605,-5.6,-1.4,2016MM01,106.3
72606,A5,308800,72606,-6.1,-1.7,2016MM02,104.4
72607,A5,308800,72607,-8.4,1.6,2016MM03,106.1
72608,A5,308800,72608,-7.3,0.8,2016MM04,106.9
72609,A5,308800,72609,-4.8,0.3,2016MM05,107.3
72610,A5,308800,72610,1.4,5.7,2016MM06,113.3
72611,A5,308800,72611,2.1,1.7,2016MM07,115.3
72612,A5,308800,72612,2.4,-1.6,2016MM08,113.4
72613,A5,308800,72613,3.8,-0.9,2016MM09,112.3
72614,A5,308800,72614,2.2,-1.3,2016MM10,110.9
72615,A5,308800,72615,7.0,3.9,2016MM11,115.2
72616,A5,308800,72616,9.1,2.1,2016MM12,117.5
72618,A5,308800,72618,12.6,1.8,2017MM01,119.7
72619,A5,308800,72619,13.1,-1.3,2017MM02,118.1
72620,A5,308800,72620,11.1,-0.2,2017MM03,117.9
72621,A5,308800,72621,9.5,-0.7,2017MM04,117.1
72622,A5,308800,72622,6.0,-2.9,2017MM05,113.7
72623,A5,308800,72623,-3.6,-3.9,2017MM06,109.3
72624,A5,308800,72624,-5.3,-0.1,2017MM07,109.2
72625,A5,308800,72625,-5.6,-2.0,2017MM08,107.0
72626,A5,308800,72626,-6.6,-2.0,2017MM09,104.9
72627,A5,308800,72627,-3.9,1.6,2017MM10,106.5
72628,A5,308800,72628,-8.2,-0.8,2017MM11,105.7
72629,A5,308800,72629,-10.6,-0.6,2017MM12,105.1
