,Afzet,BedrijfstakkenBranchesSBI2008,ID,OntwikkelingTOV1JaarEerder_2,OntwikkelingTOV1MaandEerder_3,Perioden,ProducentenprijsindexPPI_1
39923,A4,308800,39923,-10.1428571429,-0.683448275862,1981MM01,103.849134948
39924,A4,308800,39924,-10.0857142857,-0.666896551724,1981MM02,103.698269896
39925,A4,308800,39925,-10.0285714286,-0.650344827586,1981MM03,103.547404844
39926,A4,308800,39926,-9.97142857143,-0.633793103448,1981MM04,103.396539792
39927,A4,308800,39927,-9.91428571429,-0.61724137931,1981MM05,103.24567474
39928,A4,308800,39928,-9.85714285714,-0.600689655172,1981MM06,103.094809689
39929,A4,308800,39929,-9.8,-0.584137931034,1981MM07,102.943944637
39930,A4,308800,39930,-9.74285714286,-0.567586206897,1981MM08,102.793079585
39931,A4,308800,39931,-9.68571428571,-0.551034482759,1981MM09,102.642214533
39932,A4,308800,39932,-9.62857142857,-0.534482758621,1981MM10,102.491349481
39933,A4,308800,39933,-9.57142857143,-0.517931034483,1981MM11,102.340484429
39934,A4,308800,39934,-9.51428571429,-0.501379310345,1981MM12,102.189619377
39936,A4,308800,39936,-9.45714285714,-0.484827586207,1982MM01,102.038754325
39937,A4,308800,39937,-9.4,-0.468275862069,1982MM02,101.887889273
39938,A4,308800,39938,-9.34285714286,-0.451724137931,1982MM03,101.737024221
39939,A4,308800,39939,-9.28571428571,-0.435172413793,1982MM04,101.58615917
39940,A4,308800,39940,-9.22857142857,-0.418620689655,1982MM05,101.435294118
39941,A4,308800,39941,-9.17142857143,-0.402068965517,1982MM06,101.284429066
39942,A4,308800,39942,-9.11428571429,-0.385517241379,1982MM07,101.133564014
39943,A4,308800,39943,-9.05714285714,-0.368965517241,1982MM08,100.982698962
39944,A4,308800,39944,-9.0,-0.352413793103,1982MM09,100.83183391
39945,A4,308800,39945,-8.94285714286,-0.335862068966,1982MM10,100.680968858
39946,A4,308800,39946,-8.88571428571,-0.319310344828,1982MM11,100.530103806
39947,A4,308800,39947,-8.82857142857,-0.30275862069,1982MM12,100.379238754
39949,A4,308800,39949,-8.77142857143,-0.286206896552,1983MM01,100.228373702
39950,A4,308800,39950,-8.71428571429,-0.269655172414,1983MM02,100.077508651
39951,A4,308800,39951,-8.65714285714,-0.253103448276,1983MM03,99.9266435986
39952,A4,308800,39952,-8.6,-0.236551724138,1983MM04,99.7757785467
39953,A4,308800,39953,-8.54285714286,-0.22,1983MM05,99.6249134948
39954,A4,308800,39954,-8.48571428571,-0.203448275862,1983MM06,99.4740484429
39955,A4,308800,39955,-8.42857142857,-0.186896551724,1983MM07,99.323183391
39956,A4,308800,39956,-8.37142857143,-0.170344827586,1983MM08,99.1723183391
39957,A4,308800,39957,-8.31428571429,-0.153793103448,1983MM09,99.0214532872
39958,A4,308800,39958,-8.25714285714,-0.13724137931,1983MM10,98.8705882353
39959,A4,308800,39959,-8.2,-0.120689655172,1983MM11,98.7197231834
39960,A4,308800,39960,-8.14285714286,-0.104137931034,1983MM12,98.5688581315
39962,A4,308800,39962,-8.08571428571,-0.0875862068966,1984MM01,98.4179930796
39963,A4,308800,39963,-8.02857142857,-0.0710344827586,1984MM02,98.2671280277
39964,A4,308800,39964,-7.97142857143,-0.0544827586207,1984MM03,98.1162629758
39965,A4,308800,39965,-7.91428571429,-0.0379310344828,1984MM04,97.9653979239
39966,A4,308800,39966,-7.85714285714,-0.0213793103448,1984MM05,97.814532872
39967,A4,308800,39967,-7.8,-0.0048275862069,1984MM06,97.6636678201
39968,A4,308800,39968,-7.74285714286,0.011724137931,1984MM07,97.5128027682
39969,A4,308800,39969,-7.68571428571,0.028275862069,1984MM08,97.3619377163
39970,A4,308800,39970,-7.62857142857,0.0448275862069,1984MM09,97.2110726644
39971,A4,308800,39971,-7.57142857143,0.0613793103448,1984MM10,97.0602076125
39972,A4,308800,39972,-7.51428571429,0.0779310344828,1984MM11,96.9093425606
39973,A4,308800,39973,-7.45714285714,0.0944827586207,1984MM12,96.7584775087
39975,A4,308800,39975,-7.4,0.111034482759,1985MM01,96.6076124567
39976,A4,308800,39976,-7.34285714286,0.127586206897,1985MM02,96.4567474048
39977,A4,308800,39977,-7.28571428571,0.144137931034,1985MM03,96.3058823529
39978,A4,308800,39978,-7.22857142857,0.160689655172,1985MM04,96.155017301
39979,A4,308800,39979,-7.17142857143,0.17724137931,1985MM05,96.0041522491
39980,A4,308800,39980,-7.11428571429,0.193793103448,1985MM06,95.8532871972
39981,A4,308800,39981,-7.05714285714,0.210344827586,1985MM07,95.7024221453
39982,A4,308800,39982,-7.0,0.226896551724,1985MM08,95.5515570934
39983,A4,308800,39983,-6.94285714286,0.243448275862,1985MM09,95.4006920415
39984,A4,308800,39984,-6.88571428571,0.26,1985MM10,95.2498269896
39985,A4,308800,39985,-6.82857142857,0.276551724138,1985MM11,95.0989619377
39986,A4,308800,39986,-6.77142857143,0.293103448276,1985MM12,94.9480968858
39988,A4,308800,39988,-6.71428571429,0.309655172414,1986MM01,94.7972318339
39989,A4,308800,39989,-6.65714285714,0.326206896552,1986MM02,94.646366782
39990,A4,308800,39990,-6.6,0.34275862069,1986MM03,94.4955017301
39991,A4,308800,39991,-6.54285714286,0.359310344828,1986MM04,94.3446366782
39992,A4,308800,39992,-6.48571428571,0.375862068966,1986MM05,94.1937716263
39993,A4,308800,39993,-6.42857142857,0.392413793103,1986MM06,94.0429065744
39994,A4,308800,39994,-6.37142857143,0.408965517241,1986MM07,93.8920415225
39995,A4,308800,39995,-6.31428571429,0.425517241379,1986MM08,93.7411764706
39996,A4,308800,39996,-6.25714285714,0.442068965517,1986MM09,93.5903114187
39997,A4,308800,39997,-6.2,0.458620689655,1986MM10,93.4394463668
39998,A4,308800,39998,-6.14285714286,0.475172413793,1986MM11,93.2885813149
39999,A4,308800,39999,-6.08571428571,0.491724137931,1986MM12,93.137716263
40001,A4,308800,40001,-6.02857142857,0.508275862069,1987MM01,92.9868512111
40002,A4,308800,40002,-5.97142857143,0.524827586207,1987MM02,92.8359861592
40003,A4,308800,40003,-5.91428571429,0.541379310345,1987MM03,92.6851211073
40004,A4,308800,40004,-5.85714285714,0.557931034483,1987MM04,92.5342560554
40005,A4,308800,40005,-5.8,0.574482758621,1987MM05,92.3833910035
40006,A4,308800,40006,-5.74285714286,0.591034482759,1987MM06,92.2325259516
40007,A4,308800,40007,-5.68571428571,0.607586206897,1987MM07,92.0816608997
40008,A4,308800,40008,-5.62857142857,0.624137931034,1987MM08,91.9307958478
40009,A4,308800,40009,-5.57142857143,0.640689655172,1987MM09,91.7799307958
40010,A4,308800,40010,-5.51428571429,0.65724137931,1987MM10,91.6290657439
40011,A4,308800,40011,-5.45714285714,0.673793103448,1987MM11,91.478200692
40012,A4,308800,40012,-5.4,0.690344827586,1987MM12,91.3273356401
40014,A4,308800,40014,-5.34285714286,0.706896551724,1988MM01,91.1764705882
40015,A4,308800,40015,-5.28571428571,0.723448275862,1988MM02,91.0256055363
40016,A4,308800,40016,-5.22857142857,0.74,1988MM03,90.8747404844
40017,A4,308800,40017,-5.17142857143,0.756551724138,1988MM04,90.7238754325
40018,A4,308800,40018,-5.11428571429,0.773103448276,1988MM05,90.5730103806
40019,A4,308800,40019,-5.05714285714,0.789655172414,1988MM06,90.4221453287
40020,A4,308800,40020,-5.0,0.806206896552,1988MM07,90.2712802768
40021,A4,308800,40021,-4.94285714286,0.82275862069,1988MM08,90.1204152249
40022,A4,308800,40022,-4.88571428571,0.839310344828,1988MM09,89.969550173
40023,A4,308800,40023,-4.82857142857,0.855862068966,1988MM10,89.8186851211
40024,A4,308800,40024,-4.77142857143,0.872413793103,1988MM11,89.6678200692
40025,A4,308800,40025,-4.71428571429,0.888965517241,1988MM12,89.5169550173
40027,A4,308800,40027,-4.65714285714,0.905517241379,1989MM01,89.3660899654
40028,A4,308800,40028,-4.6,0.922068965517,1989MM02,89.2152249135
40029,A4,308800,40029,-4.54285714286,0.938620689655,1989MM03,89.0643598616
40030,A4,308800,40030,-4.48571428571,0.955172413793,1989MM04,88.9134948097
40031,A4,308800,40031,-4.42857142857,0.971724137931,1989MM05,88.7626297578
40032,A4,308800,40032,-4.37142857143,0.988275862069,1989MM06,88.6117647059
40033,A4,308800,40033,-4.31428571429,1.00482758621,1989MM07,88.460899654
40034,A4,308800,40034,-4.25714285714,1.02137931034,1989MM08,88.3100346021
40035,A4,308800,40035,-4.2,1.03793103448,1989MM09,88.1591695502
40036,A4,308800,40036,-4.14285714286,1.05448275862,1989MM10,88.0083044983
40037,A4,308800,40037,-4.08571428571,1.07103448276,1989MM11,87.8574394464
40038,A4,308800,40038,-4.02857142857,1.0875862069,1989MM12,87.7065743945
40040,A4,308800,40040,-3.97142857143,1.10413793103,1990MM01,87.5557093426
40041,A4,308800,40041,-3.91428571429,1.12068965517,1990MM02,87.4048442907
40042,A4,308800,40042,-3.85714285714,1.13724137931,1990MM03,87.2539792388
40043,A4,308800,40043,-3.8,1.15379310345,1990MM04,87.1031141869
40044,A4,308800,40044,-3.74285714286,1.17034482759,1990MM05,86.9522491349
40045,A4,308800,40045,-3.68571428571,1.18689655172,1990MM06,86.801384083
40046,A4,308800,40046,-3.62857142857,1.20344827586,1990MM07,86.6505190311
40047,A4,308800,40047,-3.57142857143,1.22,1990MM08,86.4996539792
40048,A4,308800,40048,-3.51428571429,1.23655172414,1990MM09,86.3487889273
40049,A4,308800,40049,-3.45714285714,1.25310344828,1990MM10,86.1979238754
40050,A4,308800,40050,-3.4,1.26965517241,1990MM11,86.0470588235
40051,A4,308800,40051,-3.34285714286,1.28620689655,1990MM12,85.8961937716
40053,A4,308800,40053,-3.28571428571,1.30275862069,1991MM01,85.7453287197
40054,A4,308800,40054,-3.22857142857,1.31931034483,1991MM02,85.5944636678
40055,A4,308800,40055,-3.17142857143,1.33586206897,1991MM03,85.4435986159
40056,A4,308800,40056,-3.11428571429,1.3524137931,1991MM04,85.292733564
40057,A4,308800,40057,-3.05714285714,1.36896551724,1991MM05,85.1418685121
40058,A4,308800,40058,-3.0,1.38551724138,1991MM06,84.9910034602
40059,A4,308800,40059,-2.94285714286,1.40206896552,1991MM07,84.8401384083
40060,A4,308800,40060,-2.88571428571,1.41862068966,1991MM08,84.6892733564
40061,A4,308800,40061,-2.82857142857,1.43517241379,1991MM09,84.5384083045
40062,A4,308800,40062,-2.77142857143,1.45172413793,1991MM10,84.3875432526
40063,A4,308800,40063,-2.71428571429,1.46827586207,1991MM11,84.2366782007
40064,A4,308800,40064,-2.65714285714,1.48482758621,1991MM12,84.0858131488
40066,A4,308800,40066,-2.6,1.50137931034,1992MM01,83.9349480969
40067,A4,308800,40067,-2.54285714286,1.51793103448,1992MM02,83.784083045
40068,A4,308800,40068,-2.48571428571,1.53448275862,1992MM03,83.6332179931
40069,A4,308800,40069,-2.42857142857,1.55103448276,1992MM04,83.4823529412
40070,A4,308800,40070,-2.37142857143,1.5675862069,1992MM05,83.3314878893
40071,A4,308800,40071,-2.31428571429,1.58413793103,1992MM06,83.1806228374
40072,A4,308800,40072,-2.25714285714,1.60068965517,1992MM07,83.0297577855
40073,A4,308800,40073,-2.2,1.61724137931,1992MM08,82.8788927336
40074,A4,308800,40074,-2.14285714286,1.63379310345,1992MM09,82.7280276817
40075,A4,308800,40075,-2.08571428571,1.65034482759,1992MM10,82.5771626298
40076,A4,308800,40076,-2.02857142857,1.66689655172,1992MM11,82.4262975779
40077,A4,308800,40077,-1.97142857143,1.68344827586,1992MM12,82.275432526
40079,A4,308800,40079,-1.91428571429,1.7,1993MM01,82.124567474
40080,A4,308800,40080,-1.85714285714,1.71655172414,1993MM02,81.9737024221
40081,A4,308800,40081,-1.8,1.73310344828,1993MM03,81.8228373702
40082,A4,308800,40082,-1.74285714286,1.74965517241,1993MM04,81.6719723183
40083,A4,308800,40083,-1.68571428571,1.76620689655,1993MM05,81.5211072664
40084,A4,308800,40084,-1.62857142857,1.78275862069,1993MM06,81.3702422145
40085,A4,308800,40085,-1.57142857143,1.79931034483,1993MM07,81.2193771626
40086,A4,308800,40086,-1.51428571429,1.81586206897,1993MM08,81.0685121107
40087,A4,308800,40087,-1.45714285714,1.8324137931,1993MM09,80.9176470588
40088,A4,308800,40088,-1.4,1.84896551724,1993MM10,80.7667820069
40089,A4,308800,40089,-1.34285714286,1.86551724138,1993MM11,80.615916955
40090,A4,308800,40090,-1.28571428571,1.88206896552,1993MM12,80.4650519031
40092,A4,308800,40092,-1.22857142857,1.89862068966,1994MM01,80.3141868512
40093,A4,308800,40093,-1.17142857143,1.91517241379,1994MM02,80.1633217993
40094,A4,308800,40094,-1.11428571429,1.93172413793,1994MM03,80.0124567474
40095,A4,308800,40095,-1.05714285714,1.94827586207,1994MM04,79.8615916955
40096,A4,308800,40096,-1.0,1.96482758621,1994MM05,79.7107266436
40097,A4,308800,40097,-0.942857142857,1.98137931034,1994MM06,79.5598615917
40098,A4,308800,40098,-0.885714285714,1.99793103448,1994MM07,79.4089965398
40099,A4,308800,40099,-0.828571428571,2.01448275862,1994MM08,79.2581314879
40100,A4,308800,40100,-0.771428571429,2.03103448276,1994MM09,79.107266436
40101,A4,308800,40101,-0.714285714286,2.0475862069,1994MM10,78.9564013841
40102,A4,308800,40102,-0.657142857143,2.06413793103,1994MM11,78.8055363322
40103,A4,308800,40103,-0.6,2.08068965517,1994MM12,78.6546712803
40105,A4,308800,40105,-0.542857142857,2.09724137931,1995MM01,78.5038062284
40106,A4,308800,40106,-0.485714285714,2.11379310345,1995MM02,78.3529411765
40107,A4,308800,40107,-0.428571428571,2.13034482759,1995MM03,78.2020761246
40108,A4,308800,40108,-0.371428571429,2.14689655172,1995MM04,78.0512110727
40109,A4,308800,40109,-0.314285714286,2.16344827586,1995MM05,77.9003460208
40110,A4,308800,40110,-0.257142857143,2.18,1995MM06,77.7494809689
40111,A4,308800,40111,-0.2,2.19655172414,1995MM07,77.598615917
40112,A4,308800,40112,-0.142857142857,2.21310344828,1995MM08,77.4477508651
40113,A4,308800,40113,-0.0857142857143,2.22965517241,1995MM09,77.2968858131
40114,A4,308800,40114,-0.0285714285714,2.24620689655,1995MM10,77.1460207612
40115,A4,308800,40115,0.0285714285714,2.26275862069,1995MM11,76.9951557093
40116,A4,308800,40116,0.0857142857143,2.27931034483,1995MM12,76.8442906574
40118,A4,308800,40118,0.142857142857,2.29586206897,1996MM01,76.6934256055
40119,A4,308800,40119,0.2,2.3124137931,1996MM02,76.5425605536
40120,A4,308800,40120,0.257142857143,2.32896551724,1996MM03,76.3916955017
40121,A4,308800,40121,0.314285714286,2.34551724138,1996MM04,76.2408304498
40122,A4,308800,40122,0.371428571429,2.36206896552,1996MM05,76.0899653979
40123,A4,308800,40123,0.428571428571,2.37862068966,1996MM06,75.939100346
40124,A4,308800,40124,0.485714285714,2.39517241379,1996MM07,75.7882352941
40125,A4,308800,40125,0.542857142857,2.41172413793,1996MM08,75.6373702422
40126,A4,308800,40126,0.6,2.42827586207,1996MM09,75.4865051903
40127,A4,308800,40127,0.657142857143,2.44482758621,1996MM10,75.3356401384
40128,A4,308800,40128,0.714285714286,2.46137931034,1996MM11,75.1847750865
40129,A4,308800,40129,0.771428571429,2.47793103448,1996MM12,75.0339100346
40131,A4,308800,40131,0.828571428571,2.49448275862,1997MM01,74.8830449827
40132,A4,308800,40132,0.885714285714,2.51103448276,1997MM02,74.7321799308
40133,A4,308800,40133,0.942857142857,2.5275862069,1997MM03,74.5813148789
40134,A4,308800,40134,1.0,2.54413793103,1997MM04,74.430449827
40135,A4,308800,40135,1.05714285714,2.56068965517,1997MM05,74.2795847751
40136,A4,308800,40136,1.11428571429,2.57724137931,1997MM06,74.1287197232
40137,A4,308800,40137,1.17142857143,2.59379310345,1997MM07,73.9778546713
40138,A4,308800,40138,1.22857142857,2.61034482759,1997MM08,73.8269896194
40139,A4,308800,40139,1.28571428571,2.62689655172,1997MM09,73.6761245675
40140,A4,308800,40140,1.34285714286,2.64344827586,1997MM10,73.5252595156
40141,A4,308800,40141,1.4,2.66,1997MM11,73.3743944637
40142,A4,308800,40142,1.45714285714,2.67655172414,1997MM12,73.2235294118
40144,A4,308800,40144,1.51428571429,2.69310344828,1998MM01,73.0726643599
40145,A4,308800,40145,1.57142857143,2.70965517241,1998MM02,72.921799308
40146,A4,308800,40146,1.62857142857,2.72620689655,1998MM03,72.7709342561
40147,A4,308800,40147,1.68571428571,2.74275862069,1998MM04,72.6200692042
40148,A4,308800,40148,1.74285714286,2.75931034483,1998MM05,72.4692041522
40149,A4,308800,40149,1.8,2.77586206897,1998MM06,72.3183391003
40150,A4,308800,40150,1.85714285714,2.7924137931,1998MM07,72.1674740484
40151,A4,308800,40151,1.91428571429,2.80896551724,1998MM08,72.0166089965
40152,A4,308800,40152,1.97142857143,2.82551724138,1998MM09,71.8657439446
40153,A4,308800,40153,2.02857142857,2.84206896552,1998MM10,71.7148788927
40154,A4,308800,40154,2.08571428571,2.85862068966,1998MM11,71.5640138408
40155,A4,308800,40155,2.14285714286,2.87517241379,1998MM12,71.4131487889
40157,A4,308800,40157,2.2,2.89172413793,1999MM01,71.262283737
40158,A4,308800,40158,2.25714285714,2.90827586207,1999MM02,71.1114186851
40159,A4,308800,40159,2.31428571429,2.92482758621,1999MM03,70.9605536332
40160,A4,308800,40160,2.37142857143,2.94137931034,1999MM04,70.8096885813
40161,A4,308800,40161,2.42857142857,2.95793103448,1999MM05,70.6588235294
40162,A4,308800,40162,2.48571428571,2.97448275862,1999MM06,70.5079584775
40163,A4,308800,40163,2.54285714286,2.99103448276,1999MM07,70.3570934256
40164,A4,308800,40164,2.6,3.0075862069,1999MM08,70.2062283737
40165,A4,308800,40165,2.65714285714,3.02413793103,1999MM09,70.0553633218
40166,A4,308800,40166,2.71428571429,3.04068965517,1999MM10,69.9044982699
40167,A4,308800,40167,2.77142857143,3.05724137931,1999MM11,69.753633218
40168,A4,308800,40168,2.82857142857,3.07379310345,1999MM12,69.6027681661
40170,A4,308800,40170,2.88571428571,3.09034482759,2000MM01,69.4519031142
40171,A4,308800,40171,2.94285714286,3.10689655172,2000MM02,69.3010380623
40172,A4,308800,40172,3.0,3.12344827586,2000MM03,69.1501730104
40173,A4,308800,40173,3.05714285714,3.14,2000MM04,68.9993079585
40174,A4,308800,40174,3.11428571429,3.15655172414,2000MM05,68.8484429066
40175,A4,308800,40175,3.17142857143,3.17310344828,2000MM06,68.6975778547
40176,A4,308800,40176,3.22857142857,3.18965517241,2000MM07,68.5467128028
40177,A4,308800,40177,3.28571428571,3.20620689655,2000MM08,68.3958477509
40178,A4,308800,40178,3.34285714286,3.22275862069,2000MM09,68.244982699
40179,A4,308800,40179,3.4,3.23931034483,2000MM10,68.0941176471
40180,A4,308800,40180,3.45714285714,3.25586206897,2000MM11,67.9432525952
40181,A4,308800,40181,3.51428571429,3.2724137931,2000MM12,67.7923875433
40183,A4,308800,40183,3.57142857143,3.28896551724,2001MM01,67.6415224913
40184,A4,308800,40184,3.62857142857,3.30551724138,2001MM02,67.4906574394
40185,A4,308800,40185,3.68571428571,3.32206896552,2001MM03,67.3397923875
40186,A4,308800,40186,3.74285714286,3.33862068966,2001MM04,67.1889273356
40187,A4,308800,40187,3.8,3.35517241379,2001MM05,67.0380622837
40188,A4,308800,40188,3.85714285714,3.37172413793,2001MM06,66.8871972318
40189,A4,308800,40189,3.91428571429,3.38827586207,2001MM07,66.7363321799
40190,A4,308800,40190,3.97142857143,3.40482758621,2001MM08,66.585467128
40191,A4,308800,40191,4.02857142857,3.42137931034,2001MM09,66.4346020761
40192,A4,308800,40192,4.08571428571,3.43793103448,2001MM10,66.2837370242
40193,A4,308800,40193,4.14285714286,3.45448275862,2001MM11,66.1328719723
40194,A4,308800,40194,4.2,3.47103448276,2001MM12,65.9820069204
40196,A4,308800,40196,4.25714285714,3.4875862069,2002MM01,65.8311418685
40197,A4,308800,40197,4.31428571429,3.50413793103,2002MM02,65.6802768166
40198,A4,308800,40198,4.37142857143,3.52068965517,2002MM03,65.5294117647
40199,A4,308800,40199,4.42857142857,3.53724137931,2002MM04,65.3785467128
40200,A4,308800,40200,4.48571428571,3.55379310345,2002MM05,65.2276816609
40201,A4,308800,40201,4.54285714286,3.57034482759,2002MM06,65.076816609
40202,A4,308800,40202,4.6,3.58689655172,2002MM07,64.9259515571
40203,A4,308800,40203,4.65714285714,3.60344827586,2002MM08,64.7750865052
40204,A4,308800,40204,4.71428571429,3.62,2002MM09,64.6242214533
40205,A4,308800,40205,4.77142857143,3.63655172414,2002MM10,64.4733564014
40206,A4,308800,40206,4.82857142857,3.65310344828,2002MM11,64.3224913495
40207,A4,308800,40207,4.88571428571,3.66965517241,2002MM12,64.1716262976
40209,A4,308800,40209,4.94285714286,3.68620689655,2003MM01,64.0207612457
40210,A4,308800,40210,5.0,3.70275862069,2003MM02,63.8698961938
40211,A4,308800,40211,5.05714285714,3.71931034483,2003MM03,63.7190311419
40212,A4,308800,40212,5.11428571429,3.73586206897,2003MM04,63.56816609
40213,A4,308800,40213,5.17142857143,3.7524137931,2003MM05,63.4173010381
40214,A4,308800,40214,5.22857142857,3.76896551724,2003MM06,63.2664359862
40215,A4,308800,40215,5.28571428571,3.78551724138,2003MM07,63.1155709343
40216,A4,308800,40216,5.34285714286,3.80206896552,2003MM08,62.9647058824
40217,A4,308800,40217,5.4,3.81862068966,2003MM09,62.8138408304
40218,A4,308800,40218,5.45714285714,3.83517241379,2003MM10,62.6629757785
40219,A4,308800,40219,5.51428571429,3.85172413793,2003MM11,62.5121107266
40220,A4,308800,40220,5.57142857143,3.86827586207,2003MM12,62.3612456747
40222,A4,308800,40222,5.62857142857,3.88482758621,2004MM01,62.2103806228
40223,A4,308800,40223,5.68571428571,3.90137931034,2004MM02,62.0595155709
40224,A4,308800,40224,5.74285714286,3.91793103448,2004MM03,61.908650519
40225,A4,308800,40225,5.8,3.93448275862,2004MM04,61.7577854671
40226,A4,308800,40226,5.85714285714,3.95103448276,2004MM05,61.6069204152
40227,A4,308800,40227,5.91428571429,3.9675862069,2004MM06,61.4560553633
40228,A4,308800,40228,5.97142857143,3.98413793103,2004MM07,61.3051903114
40229,A4,308800,40229,6.02857142857,4.00068965517,2004MM08,61.1543252595
40230,A4,308800,40230,6.08571428571,4.01724137931,2004MM09,61.0034602076
40231,A4,308800,40231,6.14285714286,4.03379310345,2004MM10,60.8525951557
40232,A4,308800,40232,6.2,4.05034482759,2004MM11,60.7017301038
40233,A4,308800,40233,6.25714285714,4.06689655172,2004MM12,60.5508650519
40235,A4,308800,40235,6.31428571429,4.08344827586,2005MM01,60.4
40236,A4,308800,40236,6.37142857143,4.1,2005MM02,62.9
40237,A4,308800,40237,6.42857142857,1.6,2005MM03,64.0
40238,A4,308800,40238,6.48571428571,-1.2,2005MM04,63.2
40239,A4,308800,40239,6.54285714286,-0.8,2005MM05,62.7
40240,A4,308800,40240,6.6,4.0,2005MM06,65.2
40241,A4,308800,40241,6.65714285714,-0.5,2005MM07,64.9
40242,A4,308800,40242,6.71428571429,-0.2,2005MM08,64.7
40243,A4,308800,40243,6.77142857143,1.8,2005MM09,65.9
40244,A4,308800,40244,6.82857142857,1.9,2005MM10,67.1
40245,A4,308800,40245,6.88571428571,-2.8,2005MM11,65.2
40246,A4,308800,40246,6.94285714286,-0.6,2005MM12,64.9
40248,A4,308800,40248,7.0,-0.3,2006MM01,64.7
40249,A4,308800,40249,4.0,1.2,2006MM02,65.5
40250,A4,308800,40250,0.3,-2.0,2006MM03,64.1
40251,A4,308800,40251,1.5,0.0,2006MM04,64.2
40252,A4,308800,40252,-1.1,-3.3,2006MM05,62.0
40253,A4,308800,40253,-5.3,-0.5,2006MM06,61.7
40254,A4,308800,40254,-3.1,1.9,2006MM07,62.8
40255,A4,308800,40255,-3.7,-0.9,2006MM08,62.3
40256,A4,308800,40256,-5.1,0.3,2006MM09,62.5
40257,A4,308800,40257,-3.4,3.7,2006MM10,64.8
40258,A4,308800,40258,0.1,0.8,2006MM11,65.3
40259,A4,308800,40259,3.1,2.3,2006MM12,66.9
40261,A4,308800,40261,4.6,1.2,2007MM01,67.7
40262,A4,308800,40262,5.2,1.8,2007MM02,68.9
40263,A4,308800,40263,10.2,2.6,2007MM03,70.7
40264,A4,308800,40264,10.8,0.5,2007MM04,71.1
40265,A4,308800,40265,19.1,4.0,2007MM05,73.9
40266,A4,308800,40266,20.6,0.7,2007MM06,74.4
40267,A4,308800,40267,21.4,2.5,2007MM07,76.3
40268,A4,308800,40268,29.0,5.3,2007MM08,80.4
40269,A4,308800,40269,34.7,4.7,2007MM09,84.2
40270,A4,308800,40270,34.6,3.7,2007MM10,87.3
40271,A4,308800,40271,42.1,6.4,2007MM11,92.8
40272,A4,308800,40272,45.9,5.1,2007MM12,97.6
40274,A4,308800,40274,53.7,6.6,2008MM01,104.0
40275,A4,308800,40275,60.5,6.3,2008MM02,110.5
40276,A4,308800,40276,53.0,-2.1,2008MM03,108.2
40277,A4,308800,40277,54.2,1.3,2008MM04,109.6
40278,A4,308800,40278,48.5,0.1,2008MM05,109.7
40279,A4,308800,40279,47.4,0.0,2008MM06,109.7
40280,A4,308800,40280,42.1,-1.2,2008MM07,108.4
40281,A4,308800,40281,31.1,-2.8,2008MM08,105.4
40282,A4,308800,40282,16.5,-7.0,2008MM09,98.1
40283,A4,308800,40283,6.3,-5.4,2008MM10,92.8
40284,A4,308800,40284,-3.5,-3.4,2008MM11,89.6
40285,A4,308800,40285,-11.2,-3.3,2008MM12,86.7
40287,A4,308800,40287,-15.6,1.3,2009MM01,87.8
40288,A4,308800,40288,-19.0,1.9,2009MM02,89.5
40289,A4,308800,40289,-17.2,0.0,2009MM03,89.5
40290,A4,308800,40290,-17.7,0.7,2009MM04,90.1
40291,A4,308800,40291,-17.5,0.5,2009MM05,90.6
40292,A4,308800,40292,-17.6,-0.2,2009MM06,90.4
40293,A4,308800,40293,-17.5,-1.1,2009MM07,89.4
40294,A4,308800,40294,-16.4,-1.5,2009MM08,88.1
40295,A4,308800,40295,-11.0,-0.9,2009MM09,87.3
40296,A4,308800,40296,-6.3,-0.5,2009MM10,86.9
40297,A4,308800,40297,-3.2,-0.2,2009MM11,86.7
40298,A4,308800,40298,2.3,2.2,2009MM12,88.6
40300,A4,308800,40300,2.0,1.0,2010MM01,89.6
40301,A4,308800,40301,3.2,3.2,2010MM02,92.4
40302,A4,308800,40302,4.3,1.0,2010MM03,93.4
40303,A4,308800,40303,4.9,1.3,2010MM04,94.6
40304,A4,308800,40304,4.0,-0.4,2010MM05,94.2
40305,A4,308800,40305,6.3,2.0,2010MM06,96.1
40306,A4,308800,40306,8.0,0.6,2010MM07,96.6
40307,A4,308800,40307,15.3,5.2,2010MM08,101.6
40308,A4,308800,40308,19.0,2.3,2010MM09,103.9
40309,A4,308800,40309,22.3,2.2,2010MM10,106.3
40310,A4,308800,40310,29.3,5.5,2010MM11,112.1
40311,A4,308800,40311,34.6,6.4,2010MM12,119.3
40313,A4,308800,40313,37.2,2.9,2011MM01,122.8
40314,A4,308800,40314,33.4,0.3,2011MM02,123.2
40315,A4,308800,40315,28.2,-2.9,2011MM03,119.7
40316,A4,308800,40316,21.8,-3.8,2011MM04,115.2
40317,A4,308800,40317,24.2,1.5,2011MM05,116.9
40318,A4,308800,40318,18.9,-2.3,2011MM06,114.2
40319,A4,308800,40319,18.7,0.4,2011MM07,114.7
40320,A4,308800,40320,7.2,-5.0,2011MM08,109.0
40321,A4,308800,40321,3.5,-1.3,2011MM09,107.5
40322,A4,308800,40322,1.2,0.0,2011MM10,107.5
40323,A4,308800,40323,-2.6,1.5,2011MM11,109.1
40324,A4,308800,40324,-7.4,1.3,2011MM12,110.5
40326,A4,308800,40326,-12.1,-2.4,2012MM01,107.9
40327,A4,308800,40327,-11.6,1.0,2012MM02,109.0
40328,A4,308800,40328,-6.0,3.3,2012MM03,112.5
40329,A4,308800,40329,2.0,4.4,2012MM04,117.5
40330,A4,308800,40330,2.8,2.2,2012MM05,120.1
40331,A4,308800,40331,5.8,0.6,2012MM06,120.9
40332,A4,308800,40332,9.3,3.8,2012MM07,125.4
40333,A4,308800,40333,21.6,5.6,2012MM08,132.5
40334,A4,308800,40334,24.0,0.7,2012MM09,133.4
40335,A4,308800,40335,22.2,-1.5,2012MM10,131.4
40336,A4,308800,40336,18.5,-1.6,2012MM11,129.3
40337,A4,308800,40337,15.4,-1.3,2012MM12,127.6
40339,A4,308800,40339,15.4,-2.4,2013MM01,124.5
40340,A4,308800,40340,13.3,-0.9,2013MM02,123.4
40341,A4,308800,40341,8.9,-0.7,2013MM03,122.6
40342,A4,308800,40342,1.5,-2.7,2013MM04,119.3
40343,A4,308800,40343,-3.0,-2.3,2013MM05,116.5
40344,A4,308800,40344,-3.4,0.2,2013MM06,116.7
40345,A4,308800,40345,-7.0,-0.1,2013MM07,116.6
40346,A4,308800,40346,-13.2,-1.4,2013MM08,115.0
40347,A4,308800,40347,-14.4,-0.7,2013MM09,114.2
40348,A4,308800,40348,-15.0,-2.2,2013MM10,111.6
40349,A4,308800,40349,-7.7,6.9,2013MM11,119.3
40350,A4,308800,40350,-7.3,-0.9,2013MM12,118.2
40352,A4,308800,40352,-3.8,1.3,2014MM01,119.8
40353,A4,308800,40353,-1.5,1.4,2014MM02,121.5
40354,A4,308800,40354,-0.4,0.5,2014MM03,122.1
40355,A4,308800,40355,5.3,2.9,2014MM04,125.6
40356,A4,308800,40356,3.5,-4.0,2014MM05,120.6
40357,A4,308800,40357,2.4,-0.9,2014MM06,119.5
40358,A4,308800,40358,1.9,-0.6,2014MM07,118.8
40359,A4,308800,40359,-0.3,-3.5,2014MM08,114.6
40360,A4,308800,40360,-0.2,-0.6,2014MM09,114.0
40361,A4,308800,40361,1.8,-0.3,2014MM10,113.7
40362,A4,308800,40362,-7.0,-2.4,2014MM11,111.0
40363,A4,308800,40363,-5.8,0.3,2014MM12,111.3
40365,A4,308800,40365,-5.7,1.5,2015MM01,113.0
40366,A4,308800,40366,-8.1,-1.2,2015MM02,111.6
40367,A4,308800,40367,-6.9,1.9,2015MM03,113.7
40368,A4,308800,40368,-8.7,0.9,2015MM04,114.7
40369,A4,308800,40369,-4.1,0.8,2015MM05,115.7
40370,A4,308800,40370,-0.2,3.2,2015MM06,119.3
40371,A4,308800,40371,-3.7,-4.1,2015MM07,114.5
40372,A4,308800,40372,-4.2,-4.1,2015MM08,109.8
40373,A4,308800,40373,-5.9,-2.3,2015MM09,107.3
40374,A4,308800,40374,-6.3,-0.7,2015MM10,106.6
40375,A4,308800,40375,-3.2,0.8,2015MM11,107.4
40376,A4,308800,40376,-6.6,-3.2,2015MM12,104.0
40378,A4,308800,40378,-9.7,-1.9,2016MM01,102.1
40379,A4,308800,40379,-11.5,-3.3,2016MM02,98.7
40380,A4,308800,40380,-8.7,5.1,2016MM03,103.8
40381,A4,308800,40381,-7.2,2.5,2016MM04,106.4
40382,A4,308800,40382,1.3,10.1,2016MM05,117.1
40383,A4,308800,40383,-1.8,0.1,2016MM06,117.2
40384,A4,308800,40384,-1.5,-3.8,2016MM07,112.8
40385,A4,308800,40385,-0.8,-3.4,2016MM08,109.0
40386,A4,308800,40386,0.5,-1.0,2016MM09,107.8
40387,A4,308800,40387,1.8,0.6,2016MM10,108.5
40388,A4,308800,40388,4.4,3.4,2016MM11,112.2
40389,A4,308800,40389,9.8,1.8,2016MM12,114.2
40391,A4,308800,40391,12.8,0.8,2017MM01,115.2
40392,A4,308800,40392,17.0,0.3,2017MM02,115.5
40393,A4,308800,40393,11.1,-0.2,2017MM03,115.3
40394,A4,308800,40394,8.0,-0.3,2017MM04,115.0
40395,A4,308800,40395,-3.6,-1.8,2017MM05,112.9
40396,A4,308800,40396,-8.3,-4.8,2017MM06,107.5
40397,A4,308800,40397,-5.9,-1.3,2017MM07,106.1
40398,A4,308800,40398,-4.2,-1.6,2017MM08,104.4
40399,A4,308800,40399,-5.0,-1.9,2017MM09,102.4
40400,A4,308800,40400,-3.9,1.8,2017MM10,104.3
40401,A4,308800,40401,-7.5,-0.5,2017MM11,103.8
40402,A4,308800,40402,-9.8,-0.8,2017MM12,103.0
