,Afzet,BedrijfstakkenBranchesSBI2008,ID,OntwikkelingTOV1JaarEerder_2,OntwikkelingTOV1MaandEerder_3,Perioden,ProducentenprijsindexPPI_1
8008,A6,308800,8008,,,2005MM01,60.0
8009,A6,308800,8009,,5.7,2005MM02,63.5
8010,A6,308800,8010,,1.4,2005MM03,64.4
8011,A6,308800,8011,,-1.3,2005MM04,63.6
8012,A6,308800,8012,,-1.3,2005MM05,62.8
8013,A6,308800,8013,,3.2,2005MM06,64.8
8014,A6,308800,8014,,-0.3,2005MM07,64.6
8015,A6,308800,8015,,-0.3,2005MM08,64.4
8016,A6,308800,8016,,1.7,2005MM09,65.5
8017,A6,308800,8017,,1.1,2005MM10,66.2
8018,A6,308800,8018,,-1.6,2005MM11,65.1
8019,A6,308800,8019,,-0.4,2005MM12,64.8
8021,A6,308800,8021,8.1,0.1,2006MM01,64.9
8022,A6,308800,8022,3.2,0.9,2006MM02,65.5
8023,A6,308800,8023,-0.2,-1.8,2006MM03,64.3
8024,A6,308800,8024,0.7,-0.4,2006MM04,64.0
8025,A6,308800,8025,-2.0,-3.9,2006MM05,61.5
8026,A6,308800,8026,-5.5,-0.5,2006MM06,61.2
8027,A6,308800,8027,-3.0,2.3,2006MM07,62.6
8028,A6,308800,8028,-2.6,0.1,2006MM08,62.7
8029,A6,308800,8029,-3.2,1.0,2006MM09,63.3
8030,A6,308800,8030,-0.8,3.6,2006MM10,65.6
8031,A6,308800,8031,0.7,-0.1,2006MM11,65.6
8032,A6,308800,8032,4.6,3.4,2006MM12,67.8
8034,A6,308800,8034,6.3,1.8,2007MM01,69.0
8035,A6,308800,8035,6.9,1.5,2007MM02,70.0
8036,A6,308800,8036,12.0,2.9,2007MM03,72.0
8037,A6,308800,8037,12.2,-0.2,2007MM04,71.8
8038,A6,308800,8038,22.1,4.5,2007MM05,75.1
8039,A6,308800,8039,23.4,0.6,2007MM06,75.5
8040,A6,308800,8040,24.1,2.9,2007MM07,77.7
8041,A6,308800,8041,31.3,6.0,2007MM08,82.3
8042,A6,308800,8042,36.7,5.2,2007MM09,86.6
8043,A6,308800,8043,36.6,3.5,2007MM10,89.6
8044,A6,308800,8044,42.4,4.2,2007MM11,93.4
8045,A6,308800,8045,44.6,4.9,2007MM12,98.0
8047,A6,308800,8047,51.5,6.6,2008MM01,104.5
8048,A6,308800,8048,59.1,6.6,2008MM02,111.4
8049,A6,308800,8049,51.0,-2.4,2008MM03,108.7
8050,A6,308800,8050,53.4,1.4,2008MM04,110.2
8051,A6,308800,8051,46.9,0.1,2008MM05,110.3
8052,A6,308800,8052,46.6,0.4,2008MM06,110.7
8053,A6,308800,8053,38.6,-2.8,2008MM07,107.7
8054,A6,308800,8054,27.0,-2.9,2008MM08,104.6
8055,A6,308800,8055,12.8,-6.6,2008MM09,97.6
8056,A6,308800,8056,3.2,-5.3,2008MM10,92.4
8057,A6,308800,8057,-4.3,-3.4,2008MM11,89.3
8058,A6,308800,8058,-11.9,-3.4,2008MM12,86.3
8060,A6,308800,8060,-14.8,3.1,2009MM01,89.0
8061,A6,308800,8061,-18.8,1.6,2009MM02,90.4
8062,A6,308800,8062,-17.7,-1.0,2009MM03,89.5
8063,A6,308800,8063,-17.6,1.4,2009MM04,90.8
8064,A6,308800,8064,-17.8,-0.1,2009MM05,90.7
8065,A6,308800,8065,-19.0,-1.1,2009MM06,89.6
8066,A6,308800,8066,-18.5,-2.2,2009MM07,87.7
8067,A6,308800,8067,-16.9,-0.9,2009MM08,86.9
8068,A6,308800,8068,-12.3,-1.4,2009MM09,85.7
8069,A6,308800,8069,-7.6,-0.3,2009MM10,85.4
8070,A6,308800,8070,-2.9,1.5,2009MM11,86.7
8071,A6,308800,8071,2.2,1.8,2009MM12,88.2
8073,A6,308800,8073,0.2,1.1,2010MM01,89.2
8074,A6,308800,8074,1.2,2.6,2010MM02,91.5
8075,A6,308800,8075,3.7,1.5,2010MM03,92.8
8076,A6,308800,8076,4.1,1.8,2010MM04,94.5
8077,A6,308800,8077,3.9,-0.2,2010MM05,94.2
8078,A6,308800,8078,7.8,2.5,2010MM06,96.6
8079,A6,308800,8079,10.4,0.2,2010MM07,96.8
8080,A6,308800,8080,17.7,5.7,2010MM08,102.3
8081,A6,308800,8081,21.6,1.8,2010MM09,104.2
8082,A6,308800,8082,24.1,1.7,2010MM10,106.0
8083,A6,308800,8083,29.5,5.9,2010MM11,112.3
8084,A6,308800,8084,35.7,6.6,2010MM12,119.7
8086,A6,308800,8086,39.0,3.5,2011MM01,124.0
8087,A6,308800,8087,35.0,-0.4,2011MM02,123.5
8088,A6,308800,8088,28.6,-3.4,2011MM03,119.3
8089,A6,308800,8089,21.4,-3.9,2011MM04,114.7
8090,A6,308800,8090,23.7,1.6,2011MM05,116.5
8091,A6,308800,8091,17.2,-2.9,2011MM06,113.2
8092,A6,308800,8092,16.8,-0.1,2011MM07,113.0
8093,A6,308800,8093,5.6,-4.4,2011MM08,108.0
8094,A6,308800,8094,1.9,-1.7,2011MM09,106.2
8095,A6,308800,8095,0.6,0.4,2011MM10,106.6
8096,A6,308800,8096,-4.0,1.1,2011MM11,107.7
8097,A6,308800,8097,-8.2,2.0,2011MM12,109.8
8099,A6,308800,8099,-11.9,-0.6,2012MM01,109.2
8100,A6,308800,8100,-10.3,1.5,2012MM02,110.7
8101,A6,308800,8101,-2.2,5.4,2012MM03,116.7
8102,A6,308800,8102,5.2,3.4,2012MM04,120.7
8103,A6,308800,8103,5.8,2.2,2012MM05,123.3
8104,A6,308800,8104,12.3,3.1,2012MM06,127.1
8105,A6,308800,8105,18.1,5.0,2012MM07,133.5
8106,A6,308800,8106,29.4,4.7,2012MM08,139.8
8107,A6,308800,8107,28.5,-2.4,2012MM09,136.4
8108,A6,308800,8108,24.9,-2.4,2012MM10,133.1
8109,A6,308800,8109,22.8,-0.6,2012MM11,132.3
8110,A6,308800,8110,18.3,-1.8,2012MM12,129.9
8112,A6,308800,8112,15.3,-3.1,2013MM01,125.8
8113,A6,308800,8113,12.3,-1.1,2013MM02,124.4
8114,A6,308800,8114,5.7,-0.8,2013MM03,123.4
8115,A6,308800,8115,2.1,-0.2,2013MM04,123.2
8116,A6,308800,8116,-0.8,-0.7,2013MM05,122.4
8117,A6,308800,8117,-5.1,-1.4,2013MM06,120.7
8118,A6,308800,8118,-11.3,-1.9,2013MM07,118.5
8119,A6,308800,8119,-17.8,-3.1,2013MM08,114.8
8120,A6,308800,8120,-16.1,-0.4,2013MM09,114.4
8121,A6,308800,8121,-15.1,-1.2,2013MM10,113.0
8122,A6,308800,8122,-9.7,5.8,2013MM11,119.5
8123,A6,308800,8123,-9.1,-1.2,2013MM12,118.0
8125,A6,308800,8125,-5.7,0.5,2014MM01,118.7
8126,A6,308800,8126,-2.3,2.4,2014MM02,121.5
8127,A6,308800,8127,-0.9,0.7,2014MM03,122.4
8128,A6,308800,8128,0.2,0.9,2014MM04,123.5
8129,A6,308800,8129,-2.0,-2.9,2014MM05,120.0
8130,A6,308800,8130,-2.2,-1.6,2014MM06,118.0
8131,A6,308800,8131,-2.1,-1.7,2014MM07,116.0
8132,A6,308800,8132,-2.0,-3.0,2014MM08,112.5
8133,A6,308800,8133,-2.5,-0.8,2014MM09,111.6
8134,A6,308800,8134,-0.5,0.7,2014MM10,112.4
8135,A6,308800,8135,-7.9,-2.0,2014MM11,110.1
8136,A6,308800,8136,-6.1,0.6,2014MM12,110.8
8138,A6,308800,8138,-4.9,1.8,2015MM01,112.8
8139,A6,308800,8139,-8.3,-1.3,2015MM02,111.4
8140,A6,308800,8140,-6.3,3.0,2015MM03,114.7
8141,A6,308800,8141,-6.9,0.3,2015MM04,115.0
8142,A6,308800,8142,-4.8,-0.7,2015MM05,114.3
8143,A6,308800,8143,-2.0,1.3,2015MM06,115.7
8144,A6,308800,8144,-2.0,-1.7,2015MM07,113.7
8145,A6,308800,8145,-2.0,-3.0,2015MM08,110.3
8146,A6,308800,8146,-3.4,-2.3,2015MM09,107.7
8147,A6,308800,8147,-4.4,-0.2,2015MM10,107.5
8148,A6,308800,8148,-2.4,0.0,2015MM11,107.5
8149,A6,308800,8149,-4.5,-1.6,2015MM12,105.8
8151,A6,308800,8151,-7.7,-1.6,2016MM01,104.1
8152,A6,308800,8152,-8.9,-2.5,2016MM02,101.5
8153,A6,308800,8153,-8.6,3.4,2016MM03,104.9
8154,A6,308800,8154,-7.3,1.7,2016MM04,106.7
8155,A6,308800,8155,-1.6,5.4,2016MM05,112.4
8156,A6,308800,8156,-0.3,2.6,2016MM06,115.3
8157,A6,308800,8157,0.2,-1.2,2016MM07,114.0
8158,A6,308800,8158,0.7,-2.5,2016MM08,111.1
8159,A6,308800,8159,2.1,-1.0,2016MM09,110.0
8160,A6,308800,8160,2.0,-0.3,2016MM10,109.6
8161,A6,308800,8161,5.7,3.7,2016MM11,113.6
8162,A6,308800,8162,9.4,1.9,2016MM12,115.8
8164,A6,308800,8164,12.7,1.3,2017MM01,117.3
8165,A6,308800,8165,15.1,-0.5,2017MM02,116.7
8166,A6,308800,8166,11.1,-0.2,2017MM03,116.5
8167,A6,308800,8167,8.7,-0.5,2017MM04,116.0
8168,A6,308800,8168,0.8,-2.3,2017MM05,113.3
8169,A6,308800,8169,-6.1,-4.4,2017MM06,108.4
8170,A6,308800,8170,-5.6,-0.7,2017MM07,107.6
8171,A6,308800,8171,-4.9,-1.8,2017MM08,105.6
8172,A6,308800,8172,-5.8,-1.9,2017MM09,103.6
8173,A6,308800,8173,-3.9,1.7,2017MM10,105.4
8174,A6,308800,8174,-7.8,-0.6,2017MM11,104.7
8175,A6,308800,8175,-10.2,-0.7,2017MM12,104.0
