,Afzet,BedrijfstakkenBranchesSBI2008,ID,OntwikkelingTOV1JaarEerder_2,OntwikkelingTOV1MaandEerder_3,Perioden,ProducentenprijsindexPPI_1
72631,A5,309000,72631,-0.191362126246,-1.29655172414,1981MM01,121.967128028
72632,A5,309000,72632,-0.182724252492,-1.29310344828,1981MM02,121.834256055
72633,A5,309000,72633,-0.174086378738,-1.28965517241,1981MM03,121.701384083
72634,A5,309000,72634,-0.165448504983,-1.28620689655,1981MM04,121.568512111
72635,A5,309000,72635,-0.156810631229,-1.28275862069,1981MM05,121.435640138
72636,A5,309000,72636,-0.148172757475,-1.27931034483,1981MM06,121.302768166
72637,A5,309000,72637,-0.139534883721,-1.27586206897,1981MM07,121.169896194
72638,A5,309000,72638,-0.130897009967,-1.2724137931,1981MM08,121.037024221
72639,A5,309000,72639,-0.122259136213,-1.26896551724,1981MM09,120.904152249
72640,A5,309000,72640,-0.113621262458,-1.26551724138,1981MM10,120.771280277
72641,A5,309000,72641,-0.104983388704,-1.26206896552,1981MM11,120.638408304
72642,A5,309000,72642,-0.0963455149502,-1.25862068966,1981MM12,120.505536332
72644,A5,309000,72644,-0.087707641196,-1.25517241379,1982MM01,120.37266436
72645,A5,309000,72645,-0.0790697674419,-1.25172413793,1982MM02,120.239792388
72646,A5,309000,72646,-0.0704318936877,-1.24827586207,1982MM03,120.106920415
72647,A5,309000,72647,-0.0617940199336,-1.24482758621,1982MM04,119.974048443
72648,A5,309000,72648,-0.0531561461794,-1.24137931034,1982MM05,119.841176471
72649,A5,309000,72649,-0.0445182724252,-1.23793103448,1982MM06,119.708304498
72650,A5,309000,72650,-0.0358803986711,-1.23448275862,1982MM07,119.575432526
72651,A5,309000,72651,-0.0272425249169,-1.23103448276,1982MM08,119.442560554
72652,A5,309000,72652,-0.0186046511628,-1.2275862069,1982MM09,119.309688581
72653,A5,309000,72653,-0.00996677740864,-1.22413793103,1982MM10,119.176816609
72654,A5,309000,72654,-0.00132890365449,-1.22068965517,1982MM11,119.043944637
72655,A5,309000,72655,0.00730897009967,-1.21724137931,1982MM12,118.911072664
72657,A5,309000,72657,0.0159468438538,-1.21379310345,1983MM01,118.778200692
72658,A5,309000,72658,0.024584717608,-1.21034482759,1983MM02,118.64532872
72659,A5,309000,72659,0.0332225913621,-1.20689655172,1983MM03,118.512456747
72660,A5,309000,72660,0.0418604651163,-1.20344827586,1983MM04,118.379584775
72661,A5,309000,72661,0.0504983388704,-1.2,1983MM05,118.246712803
72662,A5,309000,72662,0.0591362126246,-1.19655172414,1983MM06,118.11384083
72663,A5,309000,72663,0.0677740863787,-1.19310344828,1983MM07,117.980968858
72664,A5,309000,72664,0.0764119601329,-1.18965517241,1983MM08,117.848096886
72665,A5,309000,72665,0.085049833887,-1.18620689655,1983MM09,117.715224913
72666,A5,309000,72666,0.0936877076412,-1.18275862069,1983MM10,117.582352941
72667,A5,309000,72667,0.102325581395,-1.17931034483,1983MM11,117.449480969
72668,A5,309000,72668,0.11096345515,-1.17586206897,1983MM12,117.316608997
72670,A5,309000,72670,0.119601328904,-1.1724137931,1984MM01,117.183737024
72671,A5,309000,72671,0.128239202658,-1.16896551724,1984MM02,117.050865052
72672,A5,309000,72672,0.136877076412,-1.16551724138,1984MM03,116.91799308
72673,A5,309000,72673,0.145514950166,-1.16206896552,1984MM04,116.785121107
72674,A5,309000,72674,0.15415282392,-1.15862068966,1984MM05,116.652249135
72675,A5,309000,72675,0.162790697674,-1.15517241379,1984MM06,116.519377163
72676,A5,309000,72676,0.171428571429,-1.15172413793,1984MM07,116.38650519
72677,A5,309000,72677,0.180066445183,-1.14827586207,1984MM08,116.253633218
72678,A5,309000,72678,0.188704318937,-1.14482758621,1984MM09,116.120761246
72679,A5,309000,72679,0.197342192691,-1.14137931034,1984MM10,115.987889273
72680,A5,309000,72680,0.205980066445,-1.13793103448,1984MM11,115.855017301
72681,A5,309000,72681,0.214617940199,-1.13448275862,1984MM12,115.722145329
72683,A5,309000,72683,0.223255813953,-1.13103448276,1985MM01,115.589273356
72684,A5,309000,72684,0.231893687708,-1.1275862069,1985MM02,115.456401384
72685,A5,309000,72685,0.240531561462,-1.12413793103,1985MM03,115.323529412
72686,A5,309000,72686,0.249169435216,-1.12068965517,1985MM04,115.190657439
72687,A5,309000,72687,0.25780730897,-1.11724137931,1985MM05,115.057785467
72688,A5,309000,72688,0.266445182724,-1.11379310345,1985MM06,114.924913495
72689,A5,309000,72689,0.275083056478,-1.11034482759,1985MM07,114.792041522
72690,A5,309000,72690,0.283720930233,-1.10689655172,1985MM08,114.65916955
72691,A5,309000,72691,0.292358803987,-1.10344827586,1985MM09,114.526297578
72692,A5,309000,72692,0.300996677741,-1.1,1985MM10,114.393425606
72693,A5,309000,72693,0.309634551495,-1.09655172414,1985MM11,114.260553633
72694,A5,309000,72694,0.318272425249,-1.09310344828,1985MM12,114.127681661
72696,A5,309000,72696,0.326910299003,-1.08965517241,1986MM01,113.994809689
72697,A5,309000,72697,0.335548172757,-1.08620689655,1986MM02,113.861937716
72698,A5,309000,72698,0.344186046512,-1.08275862069,1986MM03,113.729065744
72699,A5,309000,72699,0.352823920266,-1.07931034483,1986MM04,113.596193772
72700,A5,309000,72700,0.36146179402,-1.07586206897,1986MM05,113.463321799
72701,A5,309000,72701,0.370099667774,-1.0724137931,1986MM06,113.330449827
72702,A5,309000,72702,0.378737541528,-1.06896551724,1986MM07,113.197577855
72703,A5,309000,72703,0.387375415282,-1.06551724138,1986MM08,113.064705882
72704,A5,309000,72704,0.396013289037,-1.06206896552,1986MM09,112.93183391
72705,A5,309000,72705,0.404651162791,-1.05862068966,1986MM10,112.798961938
72706,A5,309000,72706,0.413289036545,-1.05517241379,1986MM11,112.666089965
72707,A5,309000,72707,0.421926910299,-1.05172413793,1986MM12,112.533217993
72709,A5,309000,72709,0.430564784053,-1.04827586207,1987MM01,112.400346021
72710,A5,309000,72710,0.439202657807,-1.04482758621,1987MM02,112.267474048
72711,A5,309000,72711,0.447840531561,-1.04137931034,1987MM03,112.134602076
72712,A5,309000,72712,0.456478405316,-1.03793103448,1987MM04,112.001730104
72713,A5,309000,72713,0.46511627907,-1.03448275862,1987MM05,111.868858131
72714,A5,309000,72714,0.473754152824,-1.03103448276,1987MM06,111.735986159
72715,A5,309000,72715,0.482392026578,-1.0275862069,1987MM07,111.603114187
72716,A5,309000,72716,0.491029900332,-1.02413793103,1987MM08,111.470242215
72717,A5,309000,72717,0.499667774086,-1.02068965517,1987MM09,111.337370242
72718,A5,309000,72718,0.508305647841,-1.01724137931,1987MM10,111.20449827
72719,A5,309000,72719,0.516943521595,-1.01379310345,1987MM11,111.071626298
72720,A5,309000,72720,0.525581395349,-1.01034482759,1987MM12,110.938754325
72722,A5,309000,72722,0.534219269103,-1.00689655172,1988MM01,110.805882353
72723,A5,309000,72723,0.542857142857,-1.00344827586,1988MM02,110.673010381
72724,A5,309000,72724,0.551495016611,-1.0,1988MM03,110.540138408
72725,A5,309000,72725,0.560132890365,-0.996551724138,1988MM04,110.407266436
72726,A5,309000,72726,0.56877076412,-0.993103448276,1988MM05,110.274394464
72727,A5,309000,72727,0.577408637874,-0.989655172414,1988MM06,110.141522491
72728,A5,309000,72728,0.586046511628,-0.986206896552,1988MM07,110.008650519
72729,A5,309000,72729,0.594684385382,-0.98275862069,1988MM08,109.875778547
72730,A5,309000,72730,0.603322259136,-0.979310344828,1988MM09,109.742906574
72731,A5,309000,72731,0.61196013289,-0.975862068966,1988MM10,109.610034602
72732,A5,309000,72732,0.620598006645,-0.972413793103,1988MM11,109.47716263
72733,A5,309000,72733,0.629235880399,-0.968965517241,1988MM12,109.344290657
72735,A5,309000,72735,0.637873754153,-0.965517241379,1989MM01,109.211418685
72736,A5,309000,72736,0.646511627907,-0.962068965517,1989MM02,109.078546713
72737,A5,309000,72737,0.655149501661,-0.958620689655,1989MM03,108.94567474
72738,A5,309000,72738,0.663787375415,-0.955172413793,1989MM04,108.812802768
72739,A5,309000,72739,0.672425249169,-0.951724137931,1989MM05,108.679930796
72740,A5,309000,72740,0.681063122924,-0.948275862069,1989MM06,108.547058824
72741,A5,309000,72741,0.689700996678,-0.944827586207,1989MM07,108.414186851
72742,A5,309000,72742,0.698338870432,-0.941379310345,1989MM08,108.281314879
72743,A5,309000,72743,0.706976744186,-0.937931034483,1989MM09,108.148442907
72744,A5,309000,72744,0.71561461794,-0.934482758621,1989MM10,108.015570934
72745,A5,309000,72745,0.724252491694,-0.931034482759,1989MM11,107.882698962
72746,A5,309000,72746,0.732890365449,-0.927586206897,1989MM12,107.74982699
72748,A5,309000,72748,0.741528239203,-0.924137931034,1990MM01,107.616955017
72749,A5,309000,72749,0.750166112957,-0.920689655172,1990MM02,107.484083045
72750,A5,309000,72750,0.758803986711,-0.91724137931,1990MM03,107.351211073
72751,A5,309000,72751,0.767441860465,-0.913793103448,1990MM04,107.2183391
72752,A5,309000,72752,0.776079734219,-0.910344827586,1990MM05,107.085467128
72753,A5,309000,72753,0.784717607973,-0.906896551724,1990MM06,106.952595156
72754,A5,309000,72754,0.793355481728,-0.903448275862,1990MM07,106.819723183
72755,A5,309000,72755,0.801993355482,-0.9,1990MM08,106.686851211
72756,A5,309000,72756,0.810631229236,-0.896551724138,1990MM09,106.553979239
72757,A5,309000,72757,0.81926910299,-0.893103448276,1990MM10,106.421107266
72758,A5,309000,72758,0.827906976744,-0.889655172414,1990MM11,106.288235294
72759,A5,309000,72759,0.836544850498,-0.886206896552,1990MM12,106.155363322
72761,A5,309000,72761,0.845182724252,-0.88275862069,1991MM01,106.022491349
72762,A5,309000,72762,0.853820598007,-0.879310344828,1991MM02,105.889619377
72763,A5,309000,72763,0.862458471761,-0.875862068966,1991MM03,105.756747405
72764,A5,309000,72764,0.871096345515,-0.872413793103,1991MM04,105.623875433
72765,A5,309000,72765,0.879734219269,-0.868965517241,1991MM05,105.49100346
72766,A5,309000,72766,0.888372093023,-0.865517241379,1991MM06,105.358131488
72767,A5,309000,72767,0.897009966777,-0.862068965517,1991MM07,105.225259516
72768,A5,309000,72768,0.905647840532,-0.858620689655,1991MM08,105.092387543
72769,A5,309000,72769,0.914285714286,-0.855172413793,1991MM09,104.959515571
72770,A5,309000,72770,0.92292358804,-0.851724137931,1991MM10,104.826643599
72771,A5,309000,72771,0.931561461794,-0.848275862069,1991MM11,104.693771626
72772,A5,309000,72772,0.940199335548,-0.844827586207,1991MM12,104.560899654
72774,A5,309000,72774,0.948837209302,-0.841379310345,1992MM01,104.428027682
72775,A5,309000,72775,0.957475083056,-0.837931034483,1992MM02,104.295155709
72776,A5,309000,72776,0.966112956811,-0.834482758621,1992MM03,104.162283737
72777,A5,309000,72777,0.974750830565,-0.831034482759,1992MM04,104.029411765
72778,A5,309000,72778,0.983388704319,-0.827586206897,1992MM05,103.896539792
72779,A5,309000,72779,0.992026578073,-0.824137931034,1992MM06,103.76366782
72780,A5,309000,72780,1.00066445183,-0.820689655172,1992MM07,103.630795848
72781,A5,309000,72781,1.00930232558,-0.81724137931,1992MM08,103.497923875
72782,A5,309000,72782,1.01794019934,-0.813793103448,1992MM09,103.365051903
72783,A5,309000,72783,1.02657807309,-0.810344827586,1992MM10,103.232179931
72784,A5,309000,72784,1.03521594684,-0.806896551724,1992MM11,103.099307958
72785,A5,309000,72785,1.0438538206,-0.803448275862,1992MM12,102.966435986
72787,A5,309000,72787,1.05249169435,-0.8,1993MM01,102.833564014
72788,A5,309000,72788,1.06112956811,-0.796551724138,1993MM02,102.700692042
72789,A5,309000,72789,1.06976744186,-0.793103448276,1993MM03,102.567820069
72790,A5,309000,72790,1.07840531561,-0.789655172414,1993MM04,102.434948097
72791,A5,309000,72791,1.08704318937,-0.786206896552,1993MM05,102.302076125
72792,A5,309000,72792,1.09568106312,-0.78275862069,1993MM06,102.169204152
72793,A5,309000,72793,1.10431893688,-0.779310344828,1993MM07,102.03633218
72794,A5,309000,72794,1.11295681063,-0.775862068966,1993MM08,101.903460208
72795,A5,309000,72795,1.12159468439,-0.772413793103,1993MM09,101.770588235
72796,A5,309000,72796,1.13023255814,-0.768965517241,1993MM10,101.637716263
72797,A5,309000,72797,1.13887043189,-0.765517241379,1993MM11,101.504844291
72798,A5,309000,72798,1.14750830565,-0.762068965517,1993MM12,101.371972318
72800,A5,309000,72800,1.1561461794,-0.758620689655,1994MM01,101.239100346
72801,A5,309000,72801,1.16478405316,-0.755172413793,1994MM02,101.106228374
72802,A5,309000,72802,1.17342192691,-0.751724137931,1994MM03,100.973356401
72803,A5,309000,72803,1.18205980066,-0.748275862069,1994MM04,100.840484429
72804,A5,309000,72804,1.19069767442,-0.744827586207,1994MM05,100.707612457
72805,A5,309000,72805,1.19933554817,-0.741379310345,1994MM06,100.574740484
72806,A5,309000,72806,1.20797342193,-0.737931034483,1994MM07,100.441868512
72807,A5,309000,72807,1.21661129568,-0.734482758621,1994MM08,100.30899654
72808,A5,309000,72808,1.22524916944,-0.731034482759,1994MM09,100.176124567
72809,A5,309000,72809,1.23388704319,-0.727586206897,1994MM10,100.043252595
72810,A5,309000,72810,1.24252491694,-0.724137931034,1994MM11,99.9103806228
72811,A5,309000,72811,1.2511627907,-0.720689655172,1994MM12,99.7775086505
72813,A5,309000,72813,1.25980066445,-0.71724137931,1995MM01,99.6446366782
72814,A5,309000,72814,1.26843853821,-0.713793103448,1995MM02,99.5117647059
72815,A5,309000,72815,1.27707641196,-0.710344827586,1995MM03,99.3788927336
72816,A5,309000,72816,1.28571428571,-0.706896551724,1995MM04,99.2460207612
72817,A5,309000,72817,1.29435215947,-0.703448275862,1995MM05,99.1131487889
72818,A5,309000,72818,1.30299003322,-0.7,1995MM06,98.9802768166
72819,A5,309000,72819,1.31162790698,-0.696551724138,1995MM07,98.8474048443
72820,A5,309000,72820,1.32026578073,-0.693103448276,1995MM08,98.714532872
72821,A5,309000,72821,1.32890365449,-0.689655172414,1995MM09,98.5816608997
72822,A5,309000,72822,1.33754152824,-0.686206896552,1995MM10,98.4487889273
72823,A5,309000,72823,1.34617940199,-0.68275862069,1995MM11,98.315916955
72824,A5,309000,72824,1.35481727575,-0.679310344828,1995MM12,98.1830449827
72826,A5,309000,72826,1.3634551495,-0.675862068966,1996MM01,98.0501730104
72827,A5,309000,72827,1.37209302326,-0.672413793103,1996MM02,97.9173010381
72828,A5,309000,72828,1.38073089701,-0.668965517241,1996MM03,97.7844290657
72829,A5,309000,72829,1.38936877076,-0.665517241379,1996MM04,97.6515570934
72830,A5,309000,72830,1.39800664452,-0.662068965517,1996MM05,97.5186851211
72831,A5,309000,72831,1.40664451827,-0.658620689655,1996MM06,97.3858131488
72832,A5,309000,72832,1.41528239203,-0.655172413793,1996MM07,97.2529411765
72833,A5,309000,72833,1.42392026578,-0.651724137931,1996MM08,97.1200692042
72834,A5,309000,72834,1.43255813953,-0.648275862069,1996MM09,96.9871972318
72835,A5,309000,72835,1.44119601329,-0.644827586207,1996MM10,96.8543252595
72836,A5,309000,72836,1.44983388704,-0.641379310345,1996MM11,96.7214532872
72837,A5,309000,72837,1.4584717608,-0.637931034483,1996MM12,96.5885813149
72839,A5,309000,72839,1.46710963455,-0.634482758621,1997MM01,96.4557093426
72840,A5,309000,72840,1.47574750831,-0.631034482759,1997MM02,96.3228373702
72841,A5,309000,72841,1.48438538206,-0.627586206897,1997MM03,96.1899653979
72842,A5,309000,72842,1.49302325581,-0.624137931034,1997MM04,96.0570934256
72843,A5,309000,72843,1.50166112957,-0.620689655172,1997MM05,95.9242214533
72844,A5,309000,72844,1.51029900332,-0.61724137931,1997MM06,95.791349481
72845,A5,309000,72845,1.51893687708,-0.613793103448,1997MM07,95.6584775087
72846,A5,309000,72846,1.52757475083,-0.610344827586,1997MM08,95.5256055363
72847,A5,309000,72847,1.53621262458,-0.606896551724,1997MM09,95.392733564
72848,A5,309000,72848,1.54485049834,-0.603448275862,1997MM10,95.2598615917
72849,A5,309000,72849,1.55348837209,-0.6,1997MM11,95.1269896194
72850,A5,309000,72850,1.56212624585,-0.596551724138,1997MM12,94.9941176471
72852,A5,309000,72852,1.5707641196,-0.593103448276,1998MM01,94.8612456747
72853,A5,309000,72853,1.57940199336,-0.589655172414,1998MM02,94.7283737024
72854,A5,309000,72854,1.58803986711,-0.586206896552,1998MM03,94.5955017301
72855,A5,309000,72855,1.59667774086,-0.58275862069,1998MM04,94.4626297578
72856,A5,309000,72856,1.60531561462,-0.579310344828,1998MM05,94.3297577855
72857,A5,309000,72857,1.61395348837,-0.575862068966,1998MM06,94.1968858131
72858,A5,309000,72858,1.62259136213,-0.572413793103,1998MM07,94.0640138408
72859,A5,309000,72859,1.63122923588,-0.568965517241,1998MM08,93.9311418685
72860,A5,309000,72860,1.63986710963,-0.565517241379,1998MM09,93.7982698962
72861,A5,309000,72861,1.64850498339,-0.562068965517,1998MM10,93.6653979239
72862,A5,309000,72862,1.65714285714,-0.558620689655,1998MM11,93.5325259516
72863,A5,309000,72863,1.6657807309,-0.555172413793,1998MM12,93.3996539792
72865,A5,309000,72865,1.67441860465,-0.551724137931,1999MM01,93.2667820069
72866,A5,309000,72866,1.68305647841,-0.548275862069,1999MM02,93.1339100346
72867,A5,309000,72867,1.69169435216,-0.544827586207,1999MM03,93.0010380623
72868,A5,309000,72868,1.70033222591,-0.541379310345,1999MM04,92.86816609
72869,A5,309000,72869,1.70897009967,-0.537931034483,1999MM05,92.7352941176
72870,A5,309000,72870,1.71760797342,-0.534482758621,1999MM06,92.6024221453
72871,A5,309000,72871,1.72624584718,-0.531034482759,1999MM07,92.469550173
72872,A5,309000,72872,1.73488372093,-0.527586206897,1999MM08,92.3366782007
72873,A5,309000,72873,1.74352159468,-0.524137931034,1999MM09,92.2038062284
72874,A5,309000,72874,1.75215946844,-0.520689655172,1999MM10,92.0709342561
72875,A5,309000,72875,1.76079734219,-0.51724137931,1999MM11,91.9380622837
72876,A5,309000,72876,1.76943521595,-0.513793103448,1999MM12,91.8051903114
72878,A5,309000,72878,1.7780730897,-0.510344827586,2000MM01,91.6723183391
72879,A5,309000,72879,1.78671096346,-0.506896551724,2000MM02,91.5394463668
72880,A5,309000,72880,1.79534883721,-0.503448275862,2000MM03,91.4065743945
72881,A5,309000,72881,1.80398671096,-0.5,2000MM04,91.2737024221
72882,A5,309000,72882,1.81262458472,-0.496551724138,2000MM05,91.1408304498
72883,A5,309000,72883,1.82126245847,-0.493103448276,2000MM06,91.0079584775
72884,A5,309000,72884,1.82990033223,-0.489655172414,2000MM07,90.8750865052
72885,A5,309000,72885,1.83853820598,-0.486206896552,2000MM08,90.7422145329
72886,A5,309000,72886,1.84717607973,-0.48275862069,2000MM09,90.6093425606
72887,A5,309000,72887,1.85581395349,-0.479310344828,2000MM10,90.4764705882
72888,A5,309000,72888,1.86445182724,-0.475862068966,2000MM11,90.3435986159
72889,A5,309000,72889,1.873089701,-0.472413793103,2000MM12,90.2107266436
72891,A5,309000,72891,1.88172757475,-0.468965517241,2001MM01,90.0778546713
72892,A5,309000,72892,1.8903654485,-0.465517241379,2001MM02,89.944982699
72893,A5,309000,72893,1.89900332226,-0.462068965517,2001MM03,89.8121107266
72894,A5,309000,72894,1.90764119601,-0.458620689655,2001MM04,89.6792387543
72895,A5,309000,72895,1.91627906977,-0.455172413793,2001MM05,89.546366782
72896,A5,309000,72896,1.92491694352,-0.451724137931,2001MM06,89.4134948097
72897,A5,309000,72897,1.93355481728,-0.448275862069,2001MM07,89.2806228374
72898,A5,309000,72898,1.94219269103,-0.444827586207,2001MM08,89.1477508651
72899,A5,309000,72899,1.95083056478,-0.441379310345,2001MM09,89.0148788927
72900,A5,309000,72900,1.95946843854,-0.437931034483,2001MM10,88.8820069204
72901,A5,309000,72901,1.96810631229,-0.434482758621,2001MM11,88.7491349481
72902,A5,309000,72902,1.97674418605,-0.431034482759,2001MM12,88.6162629758
72904,A5,309000,72904,1.9853820598,-0.427586206897,2002MM01,88.4833910035
72905,A5,309000,72905,1.99401993355,-0.424137931034,2002MM02,88.3505190311
72906,A5,309000,72906,2.00265780731,-0.420689655172,2002MM03,88.2176470588
72907,A5,309000,72907,2.01129568106,-0.41724137931,2002MM04,88.0847750865
72908,A5,309000,72908,2.01993355482,-0.413793103448,2002MM05,87.9519031142
72909,A5,309000,72909,2.02857142857,-0.410344827586,2002MM06,87.8190311419
72910,A5,309000,72910,2.03720930233,-0.406896551724,2002MM07,87.6861591696
72911,A5,309000,72911,2.04584717608,-0.403448275862,2002MM08,87.5532871972
72912,A5,309000,72912,2.05448504983,-0.4,2002MM09,87.4204152249
72913,A5,309000,72913,2.06312292359,-0.396551724138,2002MM10,87.2875432526
72914,A5,309000,72914,2.07176079734,-0.393103448276,2002MM11,87.1546712803
72915,A5,309000,72915,2.0803986711,-0.389655172414,2002MM12,87.021799308
72917,A5,309000,72917,2.08903654485,-0.386206896552,2003MM01,86.8889273356
72918,A5,309000,72918,2.0976744186,-0.38275862069,2003MM02,86.7560553633
72919,A5,309000,72919,2.10631229236,-0.379310344828,2003MM03,86.623183391
72920,A5,309000,72920,2.11495016611,-0.375862068966,2003MM04,86.4903114187
72921,A5,309000,72921,2.12358803987,-0.372413793103,2003MM05,86.3574394464
72922,A5,309000,72922,2.13222591362,-0.368965517241,2003MM06,86.224567474
72923,A5,309000,72923,2.14086378738,-0.365517241379,2003MM07,86.0916955017
72924,A5,309000,72924,2.14950166113,-0.362068965517,2003MM08,85.9588235294
72925,A5,309000,72925,2.15813953488,-0.358620689655,2003MM09,85.8259515571
72926,A5,309000,72926,2.16677740864,-0.355172413793,2003MM10,85.6930795848
72927,A5,309000,72927,2.17541528239,-0.351724137931,2003MM11,85.5602076125
72928,A5,309000,72928,2.18405315615,-0.348275862069,2003MM12,85.4273356401
72930,A5,309000,72930,2.1926910299,-0.344827586207,2004MM01,85.2944636678
72931,A5,309000,72931,2.20132890365,-0.341379310345,2004MM02,85.1615916955
72932,A5,309000,72932,2.20996677741,-0.337931034483,2004MM03,85.0287197232
72933,A5,309000,72933,2.21860465116,-0.334482758621,2004MM04,84.8958477509
72934,A5,309000,72934,2.22724252492,-0.331034482759,2004MM05,84.7629757785
72935,A5,309000,72935,2.23588039867,-0.327586206897,2004MM06,84.6301038062
72936,A5,309000,72936,2.24451827243,-0.324137931034,2004MM07,84.4972318339
72937,A5,309000,72937,2.25315614618,-0.320689655172,2004MM08,84.3643598616
72938,A5,309000,72938,2.26179401993,-0.31724137931,2004MM09,84.2314878893
72939,A5,309000,72939,2.27043189369,-0.313793103448,2004MM10,84.098615917
72940,A5,309000,72940,2.27906976744,-0.310344827586,2004MM11,83.9657439446
72941,A5,309000,72941,2.2877076412,-0.306896551724,2004MM12,83.8328719723
72943,A5,309000,72943,2.29634551495,-0.303448275862,2005MM01,83.7
72944,A5,309000,72944,2.3049833887,-0.3,2005MM02,83.5
72945,A5,309000,72945,2.31362126246,0.1,2005MM03,83.6
72946,A5,309000,72946,2.32225913621,0.0,2005MM04,83.5
72947,A5,309000,72947,2.33089700997,0.2,2005MM05,83.7
72948,A5,309000,72948,2.33953488372,-0.1,2005MM06,83.7
72949,A5,309000,72949,2.34817275748,1.1,2005MM07,84.6
72950,A5,309000,72950,2.35681063123,-0.6,2005MM08,84.1
72951,A5,309000,72951,2.36544850498,0.2,2005MM09,84.3
72952,A5,309000,72952,2.37408637874,0.2,2005MM10,84.4
72953,A5,309000,72953,2.38272425249,0.3,2005MM11,84.7
72954,A5,309000,72954,2.39136212625,-0.1,2005MM12,84.6
72956,A5,309000,72956,2.4,1.3,2006MM01,85.7
72957,A5,309000,72957,2.6,-0.1,2006MM02,85.7
72958,A5,309000,72958,2.7,0.2,2006MM03,85.8
72959,A5,309000,72959,2.9,0.1,2006MM04,85.9
72960,A5,309000,72960,2.3,-0.3,2006MM05,85.6
72961,A5,309000,72961,2.2,-0.1,2006MM06,85.5
72962,A5,309000,72962,0.5,-0.6,2006MM07,85.0
72963,A5,309000,72963,0.9,-0.2,2006MM08,84.9
72964,A5,309000,72964,1.6,0.9,2006MM09,85.6
72965,A5,309000,72965,1.8,0.4,2006MM10,86.0
72966,A5,309000,72966,1.7,0.2,2006MM11,86.1
72967,A5,309000,72967,2.0,0.2,2006MM12,86.3
72969,A5,309000,72969,1.5,0.9,2007MM01,87.0
72970,A5,309000,72970,1.7,0.2,2007MM02,87.2
72971,A5,309000,72971,2.3,0.8,2007MM03,87.8
72972,A5,309000,72972,7.1,4.8,2007MM04,92.0
72973,A5,309000,72973,8.2,0.7,2007MM05,92.7
72974,A5,309000,72974,9.0,0.6,2007MM06,93.2
72975,A5,309000,72975,17.8,7.4,2007MM07,100.1
72976,A5,309000,72976,18.4,0.4,2007MM08,100.6
72977,A5,309000,72977,18.7,1.1,2007MM09,101.7
72978,A5,309000,72978,20.3,1.7,2007MM10,103.4
72979,A5,309000,72979,19.8,-0.2,2007MM11,103.2
72980,A5,309000,72980,20.2,0.5,2007MM12,103.7
72982,A5,309000,72982,15.7,-2.9,2008MM01,100.7
72983,A5,309000,72983,15.8,0.2,2008MM02,101.0
72984,A5,309000,72984,13.3,-1.4,2008MM03,99.6
72985,A5,309000,72985,8.4,0.2,2008MM04,99.8
72986,A5,309000,72986,7.8,0.2,2008MM05,99.9
72987,A5,309000,72987,7.7,0.5,2008MM06,100.4
72988,A5,309000,72988,-3.8,-4.0,2008MM07,96.3
72989,A5,309000,72989,-3.9,0.3,2008MM08,96.7
72990,A5,309000,72990,-4.0,1.0,2008MM09,97.6
72991,A5,309000,72991,-9.9,-4.5,2008MM10,93.2
72992,A5,309000,72992,-10.0,-0.4,2008MM11,92.8
72993,A5,309000,72993,-10.6,-0.1,2008MM12,92.8
72995,A5,309000,72995,-8.1,-0.2,2009MM01,92.5
72996,A5,309000,72996,-8.7,-0.3,2009MM02,92.2
72997,A5,309000,72997,-8.1,-0.8,2009MM03,91.5
72998,A5,309000,72998,-15.0,-7.3,2009MM04,84.8
72999,A5,309000,72999,-15.0,0.3,2009MM05,85.0
73000,A5,309000,73000,-16.1,-0.9,2009MM06,84.2
73001,A5,309000,73001,-10.8,2.1,2009MM07,86.0
73002,A5,309000,73002,-10.7,0.4,2009MM08,86.4
73003,A5,309000,73003,-10.5,1.1,2009MM09,87.3
73004,A5,309000,73004,-3.9,2.6,2009MM10,89.6
73005,A5,309000,73005,-0.8,2.8,2009MM11,92.1
73006,A5,309000,73006,0.4,1.1,2009MM12,93.2
73008,A5,309000,73008,1.5,0.9,2010MM01,94.0
73009,A5,309000,73009,1.9,0.0,2010MM02,94.0
73010,A5,309000,73010,3.5,0.8,2010MM03,94.7
73011,A5,309000,73011,15.8,3.7,2010MM04,98.2
73012,A5,309000,73012,19.5,3.5,2010MM05,101.6
73013,A5,309000,73013,20.8,0.1,2010MM06,101.7
73014,A5,309000,73014,19.0,0.6,2010MM07,102.4
73015,A5,309000,73015,18.7,0.1,2010MM08,102.5
73016,A5,309000,73016,18.1,0.6,2010MM09,103.1
73017,A5,309000,73017,14.6,-0.5,2010MM10,102.6
73018,A5,309000,73018,10.9,-0.4,2010MM11,102.2
73019,A5,309000,73019,10.6,0.9,2010MM12,103.1
73021,A5,309000,73021,10.5,0.7,2011MM01,103.8
73022,A5,309000,73022,14.2,3.3,2011MM02,107.3
73023,A5,309000,73023,13.3,0.0,2011MM03,107.3
73024,A5,309000,73024,8.7,-0.5,2011MM04,106.7
73025,A5,309000,73025,4.7,-0.4,2011MM05,106.3
73026,A5,309000,73026,6.0,1.4,2011MM06,107.8
73027,A5,309000,73027,6.0,0.6,2011MM07,108.5
73028,A5,309000,73028,5.5,-0.4,2011MM08,108.1
73029,A5,309000,73029,4.6,-0.2,2011MM09,107.8
73030,A5,309000,73030,4.9,-0.1,2011MM10,107.7
73031,A5,309000,73031,4.2,-1.1,2011MM11,106.5
73032,A5,309000,73032,2.5,-0.7,2011MM12,105.7
73034,A5,309000,73034,2.4,0.6,2012MM01,106.3
73035,A5,309000,73035,-1.5,-0.6,2012MM02,105.7
73036,A5,309000,73036,-3.1,-1.6,2012MM03,104.0
73037,A5,309000,73037,-4.7,-2.2,2012MM04,101.7
73038,A5,309000,73038,-5.1,-0.8,2012MM05,100.9
73039,A5,309000,73039,-6.6,-0.2,2012MM06,100.7
73040,A5,309000,73040,-6.2,1.1,2012MM07,101.8
73041,A5,309000,73041,-4.4,1.5,2012MM08,103.4
73042,A5,309000,73042,-2.9,1.3,2012MM09,104.7
73043,A5,309000,73043,-1.4,1.4,2012MM10,106.2
73044,A5,309000,73044,0.4,0.7,2012MM11,107.0
73045,A5,309000,73045,0.7,-0.5,2012MM12,106.5
73047,A5,309000,73047,0.5,0.4,2013MM01,106.9
73048,A5,309000,73048,0.9,-0.3,2013MM02,106.6
73049,A5,309000,73049,3.3,0.8,2013MM03,107.4
73050,A5,309000,73050,8.2,2.5,2013MM04,110.1
73051,A5,309000,73051,10.2,1.0,2013MM05,111.1
73052,A5,309000,73052,12.5,1.9,2013MM06,113.3
73053,A5,309000,73053,12.1,0.8,2013MM07,114.1
73054,A5,309000,73054,11.2,0.7,2013MM08,115.0
73055,A5,309000,73055,9.9,0.1,2013MM09,115.1
73056,A5,309000,73056,8.7,0.3,2013MM10,115.4
73057,A5,309000,73057,7.9,0.0,2013MM11,115.4
73058,A5,309000,73058,10.2,1.6,2013MM12,117.3
73060,A5,309000,73060,11.2,1.3,2014MM01,118.9
73061,A5,309000,73061,10.6,-0.8,2014MM02,117.9
73062,A5,309000,73062,8.7,-0.9,2014MM03,116.8
73063,A5,309000,73063,4.9,-1.1,2014MM04,115.5
73064,A5,309000,73064,2.8,-1.1,2014MM05,114.2
73065,A5,309000,73065,0.8,-0.1,2014MM06,114.2
73066,A5,309000,73066,-0.6,-0.6,2014MM07,113.5
73067,A5,309000,73067,-4.3,-3.1,2014MM08,110.0
73068,A5,309000,73068,-5.4,-1.0,2014MM09,108.9
73069,A5,309000,73069,-6.8,-1.2,2014MM10,107.5
73070,A5,309000,73070,-8.4,-1.6,2014MM11,105.8
73071,A5,309000,73071,-12.3,-2.7,2014MM12,102.9
73073,A5,309000,73073,-14.2,-1.0,2015MM01,101.9
73074,A5,309000,73074,-14.6,-1.2,2015MM02,100.7
73075,A5,309000,73075,-14.1,-0.4,2015MM03,100.3
73076,A5,309000,73076,-14.4,-1.5,2015MM04,98.8
73077,A5,309000,73077,-14.9,-1.6,2015MM05,97.2
73078,A5,309000,73078,-15.7,-0.9,2015MM06,96.3
73079,A5,309000,73079,-17.5,-2.7,2015MM07,93.7
73080,A5,309000,73080,-15.7,-1.0,2015MM08,92.7
73081,A5,309000,73081,-14.0,1.0,2015MM09,93.6
73082,A5,309000,73082,-12.6,0.3,2015MM10,94.0
73083,A5,309000,73083,-11.6,-0.5,2015MM11,93.5
73084,A5,309000,73084,-9.9,-0.9,2015MM12,92.7
73086,A5,309000,73086,-8.3,0.9,2016MM01,93.5
73087,A5,309000,73087,-8.4,-1.3,2016MM02,92.3
73088,A5,309000,73088,-9.3,-1.4,2016MM03,90.9
73089,A5,309000,73089,-8.9,-1.1,2016MM04,90.0
73090,A5,309000,73090,-9.1,-1.8,2016MM05,88.3
73091,A5,309000,73091,-7.7,0.6,2016MM06,88.8
73092,A5,309000,73092,-5.3,-0.1,2016MM07,88.7
73093,A5,309000,73093,-3.2,1.2,2016MM08,89.8
73094,A5,309000,73094,-1.9,2.4,2016MM09,91.9
73095,A5,309000,73095,0.6,2.9,2016MM10,94.5
73096,A5,309000,73096,3.7,2.5,2016MM11,96.9
73097,A5,309000,73097,5.5,0.9,2016MM12,97.8
73099,A5,309000,73099,6.0,1.3,2017MM01,99.1
73100,A5,309000,73100,15.1,7.2,2017MM02,106.2
73101,A5,309000,73101,16.0,-0.7,2017MM03,105.5
73102,A5,309000,73102,18.7,1.2,2017MM04,106.8
73103,A5,309000,73103,23.9,2.5,2017MM05,109.4
73104,A5,309000,73104,23.3,0.1,2017MM06,109.6
73105,A5,309000,73105,26.1,2.1,2017MM07,111.9
73106,A5,309000,73106,26.4,1.5,2017MM08,113.5
73107,A5,309000,73107,23.3,-0.2,2017MM09,113.3
73108,A5,309000,73108,18.5,-1.2,2017MM10,112.0
73109,A5,309000,73109,14.8,-0.6,2017MM11,111.3
73110,A5,309000,73110,15.7,1.6,2017MM12,113.1
