,Afzet,BedrijfstakkenBranchesSBI2008,ID,OntwikkelingTOV1JaarEerder_2,OntwikkelingTOV1MaandEerder_3,Perioden,ProducentenprijsindexPPI_1
40404,A4,309000,40404,6.78737541528,0.0986206896552,1981MM01,117.476124567
40405,A4,309000,40405,6.77475083056,0.0972413793103,1981MM02,117.352249135
40406,A4,309000,40406,6.76212624585,0.0958620689655,1981MM03,117.228373702
40407,A4,309000,40407,6.74950166113,0.0944827586207,1981MM04,117.10449827
40408,A4,309000,40408,6.73687707641,0.0931034482759,1981MM05,116.980622837
40409,A4,309000,40409,6.72425249169,0.091724137931,1981MM06,116.856747405
40410,A4,309000,40410,6.71162790698,0.0903448275862,1981MM07,116.732871972
40411,A4,309000,40411,6.69900332226,0.0889655172414,1981MM08,116.60899654
40412,A4,309000,40412,6.68637873754,0.0875862068966,1981MM09,116.485121107
40413,A4,309000,40413,6.67375415282,0.0862068965517,1981MM10,116.361245675
40414,A4,309000,40414,6.66112956811,0.0848275862069,1981MM11,116.237370242
40415,A4,309000,40415,6.64850498339,0.0834482758621,1981MM12,116.11349481
40417,A4,309000,40417,6.63588039867,0.0820689655172,1982MM01,115.989619377
40418,A4,309000,40418,6.62325581395,0.0806896551724,1982MM02,115.865743945
40419,A4,309000,40419,6.61063122924,0.0793103448276,1982MM03,115.741868512
40420,A4,309000,40420,6.59800664452,0.0779310344828,1982MM04,115.61799308
40421,A4,309000,40421,6.5853820598,0.0765517241379,1982MM05,115.494117647
40422,A4,309000,40422,6.57275747508,0.0751724137931,1982MM06,115.370242215
40423,A4,309000,40423,6.56013289037,0.0737931034483,1982MM07,115.246366782
40424,A4,309000,40424,6.54750830565,0.0724137931034,1982MM08,115.122491349
40425,A4,309000,40425,6.53488372093,0.0710344827586,1982MM09,114.998615917
40426,A4,309000,40426,6.52225913621,0.0696551724138,1982MM10,114.874740484
40427,A4,309000,40427,6.5096345515,0.068275862069,1982MM11,114.750865052
40428,A4,309000,40428,6.49700996678,0.0668965517241,1982MM12,114.626989619
40430,A4,309000,40430,6.48438538206,0.0655172413793,1983MM01,114.503114187
40431,A4,309000,40431,6.47176079734,0.0641379310345,1983MM02,114.379238754
40432,A4,309000,40432,6.45913621262,0.0627586206897,1983MM03,114.255363322
40433,A4,309000,40433,6.44651162791,0.0613793103448,1983MM04,114.131487889
40434,A4,309000,40434,6.43388704319,0.06,1983MM05,114.007612457
40435,A4,309000,40435,6.42126245847,0.0586206896552,1983MM06,113.883737024
40436,A4,309000,40436,6.40863787375,0.0572413793103,1983MM07,113.759861592
40437,A4,309000,40437,6.39601328904,0.0558620689655,1983MM08,113.635986159
40438,A4,309000,40438,6.38338870432,0.0544827586207,1983MM09,113.512110727
40439,A4,309000,40439,6.3707641196,0.0531034482759,1983MM10,113.388235294
40440,A4,309000,40440,6.35813953488,0.051724137931,1983MM11,113.264359862
40441,A4,309000,40441,6.34551495017,0.0503448275862,1983MM12,113.140484429
40443,A4,309000,40443,6.33289036545,0.0489655172414,1984MM01,113.016608997
40444,A4,309000,40444,6.32026578073,0.0475862068966,1984MM02,112.892733564
40445,A4,309000,40445,6.30764119601,0.0462068965517,1984MM03,112.768858131
40446,A4,309000,40446,6.2950166113,0.0448275862069,1984MM04,112.644982699
40447,A4,309000,40447,6.28239202658,0.0434482758621,1984MM05,112.521107266
40448,A4,309000,40448,6.26976744186,0.0420689655172,1984MM06,112.397231834
40449,A4,309000,40449,6.25714285714,0.0406896551724,1984MM07,112.273356401
40450,A4,309000,40450,6.24451827243,0.0393103448276,1984MM08,112.149480969
40451,A4,309000,40451,6.23189368771,0.0379310344828,1984MM09,112.025605536
40452,A4,309000,40452,6.21926910299,0.0365517241379,1984MM10,111.901730104
40453,A4,309000,40453,6.20664451827,0.0351724137931,1984MM11,111.777854671
40454,A4,309000,40454,6.19401993355,0.0337931034483,1984MM12,111.653979239
40456,A4,309000,40456,6.18139534884,0.0324137931034,1985MM01,111.530103806
40457,A4,309000,40457,6.16877076412,0.0310344827586,1985MM02,111.406228374
40458,A4,309000,40458,6.1561461794,0.0296551724138,1985MM03,111.282352941
40459,A4,309000,40459,6.14352159468,0.028275862069,1985MM04,111.158477509
40460,A4,309000,40460,6.13089700997,0.0268965517241,1985MM05,111.034602076
40461,A4,309000,40461,6.11827242525,0.0255172413793,1985MM06,110.910726644
40462,A4,309000,40462,6.10564784053,0.0241379310345,1985MM07,110.786851211
40463,A4,309000,40463,6.09302325581,0.0227586206897,1985MM08,110.662975779
40464,A4,309000,40464,6.0803986711,0.0213793103448,1985MM09,110.539100346
40465,A4,309000,40465,6.06777408638,0.02,1985MM10,110.415224913
40466,A4,309000,40466,6.05514950166,0.0186206896552,1985MM11,110.291349481
40467,A4,309000,40467,6.04252491694,0.0172413793103,1985MM12,110.167474048
40469,A4,309000,40469,6.02990033223,0.0158620689655,1986MM01,110.043598616
40470,A4,309000,40470,6.01727574751,0.0144827586207,1986MM02,109.919723183
40471,A4,309000,40471,6.00465116279,0.0131034482759,1986MM03,109.795847751
40472,A4,309000,40472,5.99202657807,0.011724137931,1986MM04,109.671972318
40473,A4,309000,40473,5.97940199336,0.0103448275862,1986MM05,109.548096886
40474,A4,309000,40474,5.96677740864,0.00896551724138,1986MM06,109.424221453
40475,A4,309000,40475,5.95415282392,0.00758620689655,1986MM07,109.300346021
40476,A4,309000,40476,5.9415282392,0.00620689655172,1986MM08,109.176470588
40477,A4,309000,40477,5.92890365449,0.0048275862069,1986MM09,109.052595156
40478,A4,309000,40478,5.91627906977,0.00344827586207,1986MM10,108.928719723
40479,A4,309000,40479,5.90365448505,0.00206896551724,1986MM11,108.804844291
40480,A4,309000,40480,5.89102990033,0.000689655172414,1986MM12,108.680968858
40482,A4,309000,40482,5.87840531561,-0.000689655172414,1987MM01,108.557093426
40483,A4,309000,40483,5.8657807309,-0.00206896551724,1987MM02,108.433217993
40484,A4,309000,40484,5.85315614618,-0.00344827586207,1987MM03,108.309342561
40485,A4,309000,40485,5.84053156146,-0.0048275862069,1987MM04,108.185467128
40486,A4,309000,40486,5.82790697674,-0.00620689655172,1987MM05,108.061591696
40487,A4,309000,40487,5.81528239203,-0.00758620689655,1987MM06,107.937716263
40488,A4,309000,40488,5.80265780731,-0.00896551724138,1987MM07,107.81384083
40489,A4,309000,40489,5.79003322259,-0.0103448275862,1987MM08,107.689965398
40490,A4,309000,40490,5.77740863787,-0.011724137931,1987MM09,107.566089965
40491,A4,309000,40491,5.76478405316,-0.0131034482759,1987MM10,107.442214533
40492,A4,309000,40492,5.75215946844,-0.0144827586207,1987MM11,107.3183391
40493,A4,309000,40493,5.73953488372,-0.0158620689655,1987MM12,107.194463668
40495,A4,309000,40495,5.726910299,-0.0172413793103,1988MM01,107.070588235
40496,A4,309000,40496,5.71428571429,-0.0186206896552,1988MM02,106.946712803
40497,A4,309000,40497,5.70166112957,-0.02,1988MM03,106.82283737
40498,A4,309000,40498,5.68903654485,-0.0213793103448,1988MM04,106.698961938
40499,A4,309000,40499,5.67641196013,-0.0227586206897,1988MM05,106.575086505
40500,A4,309000,40500,5.66378737542,-0.0241379310345,1988MM06,106.451211073
40501,A4,309000,40501,5.6511627907,-0.0255172413793,1988MM07,106.32733564
40502,A4,309000,40502,5.63853820598,-0.0268965517241,1988MM08,106.203460208
40503,A4,309000,40503,5.62591362126,-0.028275862069,1988MM09,106.079584775
40504,A4,309000,40504,5.61328903654,-0.0296551724138,1988MM10,105.955709343
40505,A4,309000,40505,5.60066445183,-0.0310344827586,1988MM11,105.83183391
40506,A4,309000,40506,5.58803986711,-0.0324137931034,1988MM12,105.707958478
40508,A4,309000,40508,5.57541528239,-0.0337931034483,1989MM01,105.584083045
40509,A4,309000,40509,5.56279069767,-0.0351724137931,1989MM02,105.460207612
40510,A4,309000,40510,5.55016611296,-0.0365517241379,1989MM03,105.33633218
40511,A4,309000,40511,5.53754152824,-0.0379310344828,1989MM04,105.212456747
40512,A4,309000,40512,5.52491694352,-0.0393103448276,1989MM05,105.088581315
40513,A4,309000,40513,5.5122923588,-0.0406896551724,1989MM06,104.964705882
40514,A4,309000,40514,5.49966777409,-0.0420689655172,1989MM07,104.84083045
40515,A4,309000,40515,5.48704318937,-0.0434482758621,1989MM08,104.716955017
40516,A4,309000,40516,5.47441860465,-0.0448275862069,1989MM09,104.593079585
40517,A4,309000,40517,5.46179401993,-0.0462068965517,1989MM10,104.469204152
40518,A4,309000,40518,5.44916943522,-0.0475862068966,1989MM11,104.34532872
40519,A4,309000,40519,5.4365448505,-0.0489655172414,1989MM12,104.221453287
40521,A4,309000,40521,5.42392026578,-0.0503448275862,1990MM01,104.097577855
40522,A4,309000,40522,5.41129568106,-0.051724137931,1990MM02,103.973702422
40523,A4,309000,40523,5.39867109635,-0.0531034482759,1990MM03,103.84982699
40524,A4,309000,40524,5.38604651163,-0.0544827586207,1990MM04,103.725951557
40525,A4,309000,40525,5.37342192691,-0.0558620689655,1990MM05,103.602076125
40526,A4,309000,40526,5.36079734219,-0.0572413793103,1990MM06,103.478200692
40527,A4,309000,40527,5.34817275748,-0.0586206896552,1990MM07,103.35432526
40528,A4,309000,40528,5.33554817276,-0.06,1990MM08,103.230449827
40529,A4,309000,40529,5.32292358804,-0.0613793103448,1990MM09,103.106574394
40530,A4,309000,40530,5.31029900332,-0.0627586206897,1990MM10,102.982698962
40531,A4,309000,40531,5.2976744186,-0.0641379310345,1990MM11,102.858823529
40532,A4,309000,40532,5.28504983389,-0.0655172413793,1990MM12,102.734948097
40534,A4,309000,40534,5.27242524917,-0.0668965517241,1991MM01,102.611072664
40535,A4,309000,40535,5.25980066445,-0.068275862069,1991MM02,102.487197232
40536,A4,309000,40536,5.24717607973,-0.0696551724138,1991MM03,102.363321799
40537,A4,309000,40537,5.23455149502,-0.0710344827586,1991MM04,102.239446367
40538,A4,309000,40538,5.2219269103,-0.0724137931034,1991MM05,102.115570934
40539,A4,309000,40539,5.20930232558,-0.0737931034483,1991MM06,101.991695502
40540,A4,309000,40540,5.19667774086,-0.0751724137931,1991MM07,101.867820069
40541,A4,309000,40541,5.18405315615,-0.0765517241379,1991MM08,101.743944637
40542,A4,309000,40542,5.17142857143,-0.0779310344828,1991MM09,101.620069204
40543,A4,309000,40543,5.15880398671,-0.0793103448276,1991MM10,101.496193772
40544,A4,309000,40544,5.14617940199,-0.0806896551724,1991MM11,101.372318339
40545,A4,309000,40545,5.13355481728,-0.0820689655172,1991MM12,101.248442907
40547,A4,309000,40547,5.12093023256,-0.0834482758621,1992MM01,101.124567474
40548,A4,309000,40548,5.10830564784,-0.0848275862069,1992MM02,101.000692042
40549,A4,309000,40549,5.09568106312,-0.0862068965517,1992MM03,100.876816609
40550,A4,309000,40550,5.08305647841,-0.0875862068966,1992MM04,100.752941176
40551,A4,309000,40551,5.07043189369,-0.0889655172414,1992MM05,100.629065744
40552,A4,309000,40552,5.05780730897,-0.0903448275862,1992MM06,100.505190311
40553,A4,309000,40553,5.04518272425,-0.091724137931,1992MM07,100.381314879
40554,A4,309000,40554,5.03255813953,-0.0931034482759,1992MM08,100.257439446
40555,A4,309000,40555,5.01993355482,-0.0944827586207,1992MM09,100.133564014
40556,A4,309000,40556,5.0073089701,-0.0958620689655,1992MM10,100.009688581
40557,A4,309000,40557,4.99468438538,-0.0972413793103,1992MM11,99.8858131488
40558,A4,309000,40558,4.98205980066,-0.0986206896552,1992MM12,99.7619377163
40560,A4,309000,40560,4.96943521595,-0.1,1993MM01,99.6380622837
40561,A4,309000,40561,4.95681063123,-0.101379310345,1993MM02,99.5141868512
40562,A4,309000,40562,4.94418604651,-0.10275862069,1993MM03,99.3903114187
40563,A4,309000,40563,4.93156146179,-0.104137931034,1993MM04,99.2664359862
40564,A4,309000,40564,4.91893687708,-0.105517241379,1993MM05,99.1425605536
40565,A4,309000,40565,4.90631229236,-0.106896551724,1993MM06,99.0186851211
40566,A4,309000,40566,4.89368770764,-0.108275862069,1993MM07,98.8948096886
40567,A4,309000,40567,4.88106312292,-0.109655172414,1993MM08,98.7709342561
40568,A4,309000,40568,4.86843853821,-0.111034482759,1993MM09,98.6470588235
40569,A4,309000,40569,4.85581395349,-0.112413793103,1993MM10,98.523183391
40570,A4,309000,40570,4.84318936877,-0.113793103448,1993MM11,98.3993079585
40571,A4,309000,40571,4.83056478405,-0.115172413793,1993MM12,98.275432526
40573,A4,309000,40573,4.81794019934,-0.116551724138,1994MM01,98.1515570934
40574,A4,309000,40574,4.80531561462,-0.117931034483,1994MM02,98.0276816609
40575,A4,309000,40575,4.7926910299,-0.119310344828,1994MM03,97.9038062284
40576,A4,309000,40576,4.78006644518,-0.120689655172,1994MM04,97.7799307958
40577,A4,309000,40577,4.76744186047,-0.122068965517,1994MM05,97.6560553633
40578,A4,309000,40578,4.75481727575,-0.123448275862,1994MM06,97.5321799308
40579,A4,309000,40579,4.74219269103,-0.124827586207,1994MM07,97.4083044983
40580,A4,309000,40580,4.72956810631,-0.126206896552,1994MM08,97.2844290657
40581,A4,309000,40581,4.71694352159,-0.127586206897,1994MM09,97.1605536332
40582,A4,309000,40582,4.70431893688,-0.128965517241,1994MM10,97.0366782007
40583,A4,309000,40583,4.69169435216,-0.130344827586,1994MM11,96.9128027682
40584,A4,309000,40584,4.67906976744,-0.131724137931,1994MM12,96.7889273356
40586,A4,309000,40586,4.66644518272,-0.133103448276,1995MM01,96.6650519031
40587,A4,309000,40587,4.65382059801,-0.134482758621,1995MM02,96.5411764706
40588,A4,309000,40588,4.64119601329,-0.135862068966,1995MM03,96.4173010381
40589,A4,309000,40589,4.62857142857,-0.13724137931,1995MM04,96.2934256055
40590,A4,309000,40590,4.61594684385,-0.138620689655,1995MM05,96.169550173
40591,A4,309000,40591,4.60332225914,-0.14,1995MM06,96.0456747405
40592,A4,309000,40592,4.59069767442,-0.141379310345,1995MM07,95.921799308
40593,A4,309000,40593,4.5780730897,-0.14275862069,1995MM08,95.7979238754
40594,A4,309000,40594,4.56544850498,-0.144137931034,1995MM09,95.6740484429
40595,A4,309000,40595,4.55282392027,-0.145517241379,1995MM10,95.5501730104
40596,A4,309000,40596,4.54019933555,-0.146896551724,1995MM11,95.4262975779
40597,A4,309000,40597,4.52757475083,-0.148275862069,1995MM12,95.3024221453
40599,A4,309000,40599,4.51495016611,-0.149655172414,1996MM01,95.1785467128
40600,A4,309000,40600,4.5023255814,-0.151034482759,1996MM02,95.0546712803
40601,A4,309000,40601,4.48970099668,-0.152413793103,1996MM03,94.9307958478
40602,A4,309000,40602,4.47707641196,-0.153793103448,1996MM04,94.8069204152
40603,A4,309000,40603,4.46445182724,-0.155172413793,1996MM05,94.6830449827
40604,A4,309000,40604,4.45182724252,-0.156551724138,1996MM06,94.5591695502
40605,A4,309000,40605,4.43920265781,-0.157931034483,1996MM07,94.4352941176
40606,A4,309000,40606,4.42657807309,-0.159310344828,1996MM08,94.3114186851
40607,A4,309000,40607,4.41395348837,-0.160689655172,1996MM09,94.1875432526
40608,A4,309000,40608,4.40132890365,-0.162068965517,1996MM10,94.0636678201
40609,A4,309000,40609,4.38870431894,-0.163448275862,1996MM11,93.9397923875
40610,A4,309000,40610,4.37607973422,-0.164827586207,1996MM12,93.815916955
40612,A4,309000,40612,4.3634551495,-0.166206896552,1997MM01,93.6920415225
40613,A4,309000,40613,4.35083056478,-0.167586206897,1997MM02,93.56816609
40614,A4,309000,40614,4.33820598007,-0.168965517241,1997MM03,93.4442906574
40615,A4,309000,40615,4.32558139535,-0.170344827586,1997MM04,93.3204152249
40616,A4,309000,40616,4.31295681063,-0.171724137931,1997MM05,93.1965397924
40617,A4,309000,40617,4.30033222591,-0.173103448276,1997MM06,93.0726643599
40618,A4,309000,40618,4.2877076412,-0.174482758621,1997MM07,92.9487889273
40619,A4,309000,40619,4.27508305648,-0.175862068966,1997MM08,92.8249134948
40620,A4,309000,40620,4.26245847176,-0.17724137931,1997MM09,92.7010380623
40621,A4,309000,40621,4.24983388704,-0.178620689655,1997MM10,92.5771626298
40622,A4,309000,40622,4.23720930233,-0.18,1997MM11,92.4532871972
40623,A4,309000,40623,4.22458471761,-0.181379310345,1997MM12,92.3294117647
40625,A4,309000,40625,4.21196013289,-0.18275862069,1998MM01,92.2055363322
40626,A4,309000,40626,4.19933554817,-0.184137931034,1998MM02,92.0816608997
40627,A4,309000,40627,4.18671096346,-0.185517241379,1998MM03,91.9577854671
40628,A4,309000,40628,4.17408637874,-0.186896551724,1998MM04,91.8339100346
40629,A4,309000,40629,4.16146179402,-0.188275862069,1998MM05,91.7100346021
40630,A4,309000,40630,4.1488372093,-0.189655172414,1998MM06,91.5861591696
40631,A4,309000,40631,4.13621262458,-0.191034482759,1998MM07,91.462283737
40632,A4,309000,40632,4.12358803987,-0.192413793103,1998MM08,91.3384083045
40633,A4,309000,40633,4.11096345515,-0.193793103448,1998MM09,91.214532872
40634,A4,309000,40634,4.09833887043,-0.195172413793,1998MM10,91.0906574394
40635,A4,309000,40635,4.08571428571,-0.196551724138,1998MM11,90.9667820069
40636,A4,309000,40636,4.073089701,-0.197931034483,1998MM12,90.8429065744
40638,A4,309000,40638,4.06046511628,-0.199310344828,1999MM01,90.7190311419
40639,A4,309000,40639,4.04784053156,-0.200689655172,1999MM02,90.5951557093
40640,A4,309000,40640,4.03521594684,-0.202068965517,1999MM03,90.4712802768
40641,A4,309000,40641,4.02259136213,-0.203448275862,1999MM04,90.3474048443
40642,A4,309000,40642,4.00996677741,-0.204827586207,1999MM05,90.2235294118
40643,A4,309000,40643,3.99734219269,-0.206206896552,1999MM06,90.0996539792
40644,A4,309000,40644,3.98471760797,-0.207586206897,1999MM07,89.9757785467
40645,A4,309000,40645,3.97209302326,-0.208965517241,1999MM08,89.8519031142
40646,A4,309000,40646,3.95946843854,-0.210344827586,1999MM09,89.7280276817
40647,A4,309000,40647,3.94684385382,-0.211724137931,1999MM10,89.6041522491
40648,A4,309000,40648,3.9342192691,-0.213103448276,1999MM11,89.4802768166
40649,A4,309000,40649,3.92159468439,-0.214482758621,1999MM12,89.3564013841
40651,A4,309000,40651,3.90897009967,-0.215862068966,2000MM01,89.2325259516
40652,A4,309000,40652,3.89634551495,-0.21724137931,2000MM02,89.108650519
40653,A4,309000,40653,3.88372093023,-0.218620689655,2000MM03,88.9847750865
40654,A4,309000,40654,3.87109634551,-0.22,2000MM04,88.860899654
40655,A4,309000,40655,3.8584717608,-0.221379310345,2000MM05,88.7370242215
40656,A4,309000,40656,3.84584717608,-0.22275862069,2000MM06,88.6131487889
40657,A4,309000,40657,3.83322259136,-0.224137931034,2000MM07,88.4892733564
40658,A4,309000,40658,3.82059800664,-0.225517241379,2000MM08,88.3653979239
40659,A4,309000,40659,3.80797342193,-0.226896551724,2000MM09,88.2415224913
40660,A4,309000,40660,3.79534883721,-0.228275862069,2000MM10,88.1176470588
40661,A4,309000,40661,3.78272425249,-0.229655172414,2000MM11,87.9937716263
40662,A4,309000,40662,3.77009966777,-0.231034482759,2000MM12,87.8698961938
40664,A4,309000,40664,3.75747508306,-0.232413793103,2001MM01,87.7460207612
40665,A4,309000,40665,3.74485049834,-0.233793103448,2001MM02,87.6221453287
40666,A4,309000,40666,3.73222591362,-0.235172413793,2001MM03,87.4982698962
40667,A4,309000,40667,3.7196013289,-0.236551724138,2001MM04,87.3743944637
40668,A4,309000,40668,3.70697674419,-0.237931034483,2001MM05,87.2505190311
40669,A4,309000,40669,3.69435215947,-0.239310344828,2001MM06,87.1266435986
40670,A4,309000,40670,3.68172757475,-0.240689655172,2001MM07,87.0027681661
40671,A4,309000,40671,3.66910299003,-0.242068965517,2001MM08,86.8788927336
40672,A4,309000,40672,3.65647840532,-0.243448275862,2001MM09,86.755017301
40673,A4,309000,40673,3.6438538206,-0.244827586207,2001MM10,86.6311418685
40674,A4,309000,40674,3.63122923588,-0.246206896552,2001MM11,86.507266436
40675,A4,309000,40675,3.61860465116,-0.247586206897,2001MM12,86.3833910035
40677,A4,309000,40677,3.60598006645,-0.248965517241,2002MM01,86.2595155709
40678,A4,309000,40678,3.59335548173,-0.250344827586,2002MM02,86.1356401384
40679,A4,309000,40679,3.58073089701,-0.251724137931,2002MM03,86.0117647059
40680,A4,309000,40680,3.56810631229,-0.253103448276,2002MM04,85.8878892734
40681,A4,309000,40681,3.55548172757,-0.254482758621,2002MM05,85.7640138408
40682,A4,309000,40682,3.54285714286,-0.255862068966,2002MM06,85.6401384083
40683,A4,309000,40683,3.53023255814,-0.25724137931,2002MM07,85.5162629758
40684,A4,309000,40684,3.51760797342,-0.258620689655,2002MM08,85.3923875433
40685,A4,309000,40685,3.5049833887,-0.26,2002MM09,85.2685121107
40686,A4,309000,40686,3.49235880399,-0.261379310345,2002MM10,85.1446366782
40687,A4,309000,40687,3.47973421927,-0.26275862069,2002MM11,85.0207612457
40688,A4,309000,40688,3.46710963455,-0.264137931034,2002MM12,84.8968858131
40690,A4,309000,40690,3.45448504983,-0.265517241379,2003MM01,84.7730103806
40691,A4,309000,40691,3.44186046512,-0.266896551724,2003MM02,84.6491349481
40692,A4,309000,40692,3.4292358804,-0.268275862069,2003MM03,84.5252595156
40693,A4,309000,40693,3.41661129568,-0.269655172414,2003MM04,84.401384083
40694,A4,309000,40694,3.40398671096,-0.271034482759,2003MM05,84.2775086505
40695,A4,309000,40695,3.39136212625,-0.272413793103,2003MM06,84.153633218
40696,A4,309000,40696,3.37873754153,-0.273793103448,2003MM07,84.0297577855
40697,A4,309000,40697,3.36611295681,-0.275172413793,2003MM08,83.9058823529
40698,A4,309000,40698,3.35348837209,-0.276551724138,2003MM09,83.7820069204
40699,A4,309000,40699,3.34086378738,-0.277931034483,2003MM10,83.6581314879
40700,A4,309000,40700,3.32823920266,-0.279310344828,2003MM11,83.5342560554
40701,A4,309000,40701,3.31561461794,-0.280689655172,2003MM12,83.4103806228
40703,A4,309000,40703,3.30299003322,-0.282068965517,2004MM01,83.2865051903
40704,A4,309000,40704,3.2903654485,-0.283448275862,2004MM02,83.1626297578
40705,A4,309000,40705,3.27774086379,-0.284827586207,2004MM03,83.0387543253
40706,A4,309000,40706,3.26511627907,-0.286206896552,2004MM04,82.9148788927
40707,A4,309000,40707,3.25249169435,-0.287586206897,2004MM05,82.7910034602
40708,A4,309000,40708,3.23986710963,-0.288965517241,2004MM06,82.6671280277
40709,A4,309000,40709,3.22724252492,-0.290344827586,2004MM07,82.5432525952
40710,A4,309000,40710,3.2146179402,-0.291724137931,2004MM08,82.4193771626
40711,A4,309000,40711,3.20199335548,-0.293103448276,2004MM09,82.2955017301
40712,A4,309000,40712,3.18936877076,-0.294482758621,2004MM10,82.1716262976
40713,A4,309000,40713,3.17674418605,-0.295862068966,2004MM11,82.0477508651
40714,A4,309000,40714,3.16411960133,-0.29724137931,2004MM12,81.9238754325
40716,A4,309000,40716,3.15149501661,-0.298620689655,2005MM01,81.8
40717,A4,309000,40717,3.13887043189,-0.3,2005MM02,81.5
40718,A4,309000,40718,3.12624584718,-0.2,2005MM03,81.4
40719,A4,309000,40719,3.11362126246,0.9,2005MM04,82.1
40720,A4,309000,40720,3.10099667774,0.5,2005MM05,82.5
40721,A4,309000,40721,3.08837209302,0.1,2005MM06,82.6
40722,A4,309000,40722,3.07574750831,0.9,2005MM07,83.4
40723,A4,309000,40723,3.06312292359,-0.2,2005MM08,83.2
40724,A4,309000,40724,3.05049833887,0.3,2005MM09,83.5
40725,A4,309000,40725,3.03787375415,0.0,2005MM10,83.5
40726,A4,309000,40726,3.02524916944,0.9,2005MM11,84.3
40727,A4,309000,40727,3.01262458472,0.0,2005MM12,84.3
40729,A4,309000,40729,3.0,0.0,2006MM01,84.2
40730,A4,309000,40730,3.4,0.1,2006MM02,84.3
40731,A4,309000,40731,3.8,0.2,2006MM03,84.5
40732,A4,309000,40732,2.9,0.0,2006MM04,84.5
40733,A4,309000,40733,1.5,-0.9,2006MM05,83.8
40734,A4,309000,40734,0.9,-0.5,2006MM06,83.3
40735,A4,309000,40735,0.1,0.2,2006MM07,83.5
40736,A4,309000,40736,1.2,0.8,2006MM08,84.2
40737,A4,309000,40737,2.1,1.3,2006MM09,85.3
40738,A4,309000,40738,3.9,1.8,2006MM10,86.8
40739,A4,309000,40739,4.0,1.0,2006MM11,87.6
40740,A4,309000,40740,4.9,0.9,2006MM12,88.4
40742,A4,309000,40742,6.8,1.8,2007MM01,90.0
40743,A4,309000,40743,7.1,0.3,2007MM02,90.3
40744,A4,309000,40744,7.3,0.5,2007MM03,90.7
40745,A4,309000,40745,13.7,5.9,2007MM04,96.1
40746,A4,309000,40746,15.4,0.6,2007MM05,96.7
40747,A4,309000,40747,17.0,0.9,2007MM06,97.6
40748,A4,309000,40748,29.7,11.0,2007MM07,108.3
40749,A4,309000,40749,31.7,2.4,2007MM08,110.9
40750,A4,309000,40750,32.7,2.1,2007MM09,113.2
40751,A4,309000,40751,33.5,2.4,2007MM10,115.9
40752,A4,309000,40752,31.2,-0.8,2007MM11,114.9
40753,A4,309000,40753,28.3,-1.3,2007MM12,113.4
40755,A4,309000,40755,16.7,-7.4,2008MM01,105.0
40756,A4,309000,40756,13.3,-2.6,2008MM02,102.3
40757,A4,309000,40757,11.4,-1.3,2008MM03,101.0
40758,A4,309000,40758,3.7,-1.3,2008MM04,99.6
40759,A4,309000,40759,2.9,-0.2,2008MM05,99.5
40760,A4,309000,40760,2.9,0.9,2008MM06,100.3
40761,A4,309000,40761,-10.4,-3.4,2008MM07,97.0
40762,A4,309000,40762,-13.3,-0.9,2008MM08,96.1
40763,A4,309000,40763,-14.9,0.2,2008MM09,96.3
40764,A4,309000,40764,-19.2,-2.8,2008MM10,93.6
40765,A4,309000,40765,-19.7,-1.3,2008MM11,92.3
40766,A4,309000,40766,-19.2,-0.7,2008MM12,91.6
40768,A4,309000,40768,-18.4,-6.4,2009MM01,85.7
40769,A4,309000,40769,-16.7,-0.6,2009MM02,85.2
40770,A4,309000,40770,-16.3,-0.8,2009MM03,84.5
40771,A4,309000,40771,-17.6,-2.8,2009MM04,82.1
40772,A4,309000,40772,-17.5,-0.1,2009MM05,82.0
40773,A4,309000,40773,-18.0,0.3,2009MM06,82.3
40774,A4,309000,40774,-15.4,-0.2,2009MM07,82.1
40775,A4,309000,40775,-15.3,-0.9,2009MM08,81.4
40776,A4,309000,40776,-13.5,2.4,2009MM09,83.3
40777,A4,309000,40777,-7.5,3.8,2009MM10,86.5
40778,A4,309000,40778,-2.8,3.8,2009MM11,89.8
40779,A4,309000,40779,-4.2,-2.2,2009MM12,87.7
40781,A4,309000,40781,9.8,7.3,2010MM01,94.1
40782,A4,309000,40782,8.6,-1.7,2010MM02,92.5
40783,A4,309000,40783,10.6,1.0,2010MM03,93.4
40784,A4,309000,40784,15.1,1.2,2010MM04,94.5
40785,A4,309000,40785,19.3,3.5,2010MM05,97.8
40786,A4,309000,40786,23.0,3.4,2010MM06,101.1
40787,A4,309000,40787,27.2,3.2,2010MM07,104.4
40788,A4,309000,40788,28.9,0.5,2010MM08,104.9
40789,A4,309000,40789,24.7,-0.9,2010MM09,103.9
40790,A4,309000,40790,21.4,1.0,2010MM10,105.0
40791,A4,309000,40791,16.4,-0.5,2010MM11,104.4
40792,A4,309000,40792,18.4,-0.5,2010MM12,103.9
40794,A4,309000,40794,12.6,2.0,2011MM01,106.0
40795,A4,309000,40795,17.1,2.2,2011MM02,108.3
40796,A4,309000,40796,18.0,1.8,2011MM03,110.2
40797,A4,309000,40797,18.2,1.3,2011MM04,111.7
40798,A4,309000,40798,15.0,0.7,2011MM05,112.5
40799,A4,309000,40799,14.5,2.9,2011MM06,115.8
40800,A4,309000,40800,10.9,0.0,2011MM07,115.8
40801,A4,309000,40801,9.4,-0.9,2011MM08,114.7
40802,A4,309000,40802,11.0,0.5,2011MM09,115.3
40803,A4,309000,40803,9.2,-0.5,2011MM10,114.7
40804,A4,309000,40804,8.8,-0.9,2011MM11,113.6
40805,A4,309000,40805,8.8,-0.6,2011MM12,113.0
40807,A4,309000,40807,7.5,0.9,2012MM01,113.9
40808,A4,309000,40808,4.3,-0.9,2012MM02,112.9
40809,A4,309000,40809,2.3,-0.1,2012MM03,112.8
40810,A4,309000,40810,-1.2,-2.1,2012MM04,110.4
40811,A4,309000,40811,-2.4,-0.5,2012MM05,109.8
40812,A4,309000,40812,-4.4,0.8,2012MM06,110.6
40813,A4,309000,40813,-2.6,1.9,2012MM07,112.7
40814,A4,309000,40814,-2.1,-0.4,2012MM08,112.3
40815,A4,309000,40815,-2.2,0.4,2012MM09,112.8
40816,A4,309000,40816,0.2,1.9,2012MM10,114.9
40817,A4,309000,40817,1.8,0.7,2012MM11,115.7
40818,A4,309000,40818,2.1,-0.3,2012MM12,115.3
40820,A4,309000,40820,1.0,-0.2,2013MM01,115.1
40821,A4,309000,40821,2.6,0.7,2013MM02,115.9
40822,A4,309000,40822,1.3,-1.4,2013MM03,114.3
40823,A4,309000,40823,5.0,1.4,2013MM04,115.9
40824,A4,309000,40824,7.0,1.4,2013MM05,117.5
40825,A4,309000,40825,7.1,0.9,2013MM06,118.5
40826,A4,309000,40826,7.8,2.6,2013MM07,121.5
40827,A4,309000,40827,10.0,1.7,2013MM08,123.5
40828,A4,309000,40828,10.9,1.3,2013MM09,125.1
40829,A4,309000,40829,5.9,-2.7,2013MM10,121.6
40830,A4,309000,40830,5.0,-0.1,2013MM11,121.5
40831,A4,309000,40831,6.5,1.1,2013MM12,122.8
40833,A4,309000,40833,7.6,0.9,2014MM01,123.9
40834,A4,309000,40834,7.0,0.0,2014MM02,123.9
40835,A4,309000,40835,7.6,-0.8,2014MM03,122.9
40836,A4,309000,40836,5.4,-0.6,2014MM04,122.2
40837,A4,309000,40837,3.3,-0.6,2014MM05,121.4
40838,A4,309000,40838,2.3,-0.2,2014MM06,121.2
40839,A4,309000,40839,0.5,0.7,2014MM07,122.1
40840,A4,309000,40840,-1.8,-0.7,2014MM08,121.3
40841,A4,309000,40841,-3.6,-0.6,2014MM09,120.5
40842,A4,309000,40842,-3.2,-2.3,2014MM10,117.8
40843,A4,309000,40843,-3.4,-0.3,2014MM11,117.4
40844,A4,309000,40844,-5.6,-1.3,2014MM12,115.9
40846,A4,309000,40846,-6.4,0.1,2015MM01,116.0
40847,A4,309000,40847,-5.8,0.6,2015MM02,116.7
40848,A4,309000,40848,-3.7,1.4,2015MM03,118.4
40849,A4,309000,40849,-3.1,0.0,2015MM04,118.3
40850,A4,309000,40850,-4.6,-2.1,2015MM05,115.9
40851,A4,309000,40851,-7.1,-2.9,2015MM06,112.5
40852,A4,309000,40852,-9.5,-1.8,2015MM07,110.5
40853,A4,309000,40853,-12.1,-3.5,2015MM08,106.6
40854,A4,309000,40854,-11.2,0.5,2015MM09,107.1
40855,A4,309000,40855,-8.5,0.7,2015MM10,107.8
40856,A4,309000,40856,-7.2,1.0,2015MM11,108.9
40857,A4,309000,40857,-7.1,-1.1,2015MM12,107.7
40859,A4,309000,40859,-9.2,-2.2,2016MM01,105.3
40860,A4,309000,40860,-10.6,-0.9,2016MM02,104.3
40861,A4,309000,40861,-12.5,-0.7,2016MM03,103.6
40862,A4,309000,40862,-13.8,-1.5,2016MM04,102.0
40863,A4,309000,40863,-12.6,-0.7,2016MM05,101.3
40864,A4,309000,40864,-7.5,2.7,2016MM06,104.1
40865,A4,309000,40865,-4.0,1.8,2016MM07,106.0
40866,A4,309000,40866,3.5,4.1,2016MM08,110.3
40867,A4,309000,40867,9.8,6.5,2016MM09,117.6
40868,A4,309000,40868,12.8,3.4,2016MM10,121.6
40869,A4,309000,40869,11.6,-0.1,2016MM11,121.5
40870,A4,309000,40870,13.6,0.7,2016MM12,122.3
40872,A4,309000,40872,18.0,1.5,2017MM01,124.2
40873,A4,309000,40873,17.8,-1.0,2017MM02,122.9
40874,A4,309000,40874,18.2,-0.4,2017MM03,122.5
40875,A4,309000,40875,19.8,-0.2,2017MM04,122.2
40876,A4,309000,40876,22.1,1.2,2017MM05,123.7
40877,A4,309000,40877,23.2,3.6,2017MM06,128.2
40878,A4,309000,40878,24.1,2.6,2017MM07,131.5
40879,A4,309000,40879,18.7,-0.4,2017MM08,130.9
40880,A4,309000,40880,12.1,0.7,2017MM09,131.8
40881,A4,309000,40881,5.2,-3.0,2017MM10,127.9
40882,A4,309000,40882,1.9,-3.2,2017MM11,123.8
40883,A4,309000,40883,-0.2,-1.3,2017MM12,122.1
