,Afzet,BedrijfstakkenBranchesSBI2008,ID,OntwikkelingTOV1JaarEerder_2,OntwikkelingTOV1MaandEerder_3,Perioden,ProducentenprijsindexPPI_1
8489,A6,309000,8489,,,2005MM01,82.8
8490,A6,309000,8490,,-0.3,2005MM02,82.5
8491,A6,309000,8491,,-0.1,2005MM03,82.5
8492,A6,309000,8492,,0.4,2005MM04,82.8
8493,A6,309000,8493,,0.4,2005MM05,83.1
8494,A6,309000,8494,,0.0,2005MM06,83.1
8495,A6,309000,8495,,1.0,2005MM07,84.0
8496,A6,309000,8496,,-0.4,2005MM08,83.7
8497,A6,309000,8497,,0.3,2005MM09,83.9
8498,A6,309000,8498,,0.1,2005MM10,84.0
8499,A6,309000,8499,,0.6,2005MM11,84.5
8500,A6,309000,8500,,-0.1,2005MM12,84.4
8502,A6,309000,8502,2.7,0.6,2006MM01,85.0
8503,A6,309000,8503,3.0,0.0,2006MM02,85.0
8504,A6,309000,8504,3.3,0.2,2006MM03,85.2
8505,A6,309000,8505,2.9,0.0,2006MM04,85.2
8506,A6,309000,8506,1.9,-0.6,2006MM05,84.7
8507,A6,309000,8507,1.6,-0.3,2006MM06,84.4
8508,A6,309000,8508,0.3,-0.2,2006MM07,84.3
8509,A6,309000,8509,1.0,0.3,2006MM08,84.5
8510,A6,309000,8510,1.9,1.1,2006MM09,85.5
8511,A6,309000,8511,2.9,1.1,2006MM10,86.4
8512,A6,309000,8512,2.9,0.6,2006MM11,86.9
8513,A6,309000,8513,3.4,0.5,2006MM12,87.3
8515,A6,309000,8515,4.2,1.3,2007MM01,88.5
8516,A6,309000,8516,4.4,0.2,2007MM02,88.7
8517,A6,309000,8517,4.8,0.6,2007MM03,89.3
8518,A6,309000,8518,10.4,5.4,2007MM04,94.1
8519,A6,309000,8519,11.8,0.7,2007MM05,94.7
8520,A6,309000,8520,13.0,0.8,2007MM06,95.4
8521,A6,309000,8521,23.7,9.3,2007MM07,104.2
8522,A6,309000,8522,25.1,1.4,2007MM08,105.7
8523,A6,309000,8523,25.7,1.6,2007MM09,107.5
8524,A6,309000,8524,26.9,2.1,2007MM10,109.7
8525,A6,309000,8525,25.6,-0.5,2007MM11,109.1
8526,A6,309000,8526,24.3,-0.5,2007MM12,108.6
8528,A6,309000,8528,16.2,-5.2,2008MM01,102.9
8529,A6,309000,8529,14.5,-1.2,2008MM02,101.6
8530,A6,309000,8530,12.3,-1.3,2008MM03,100.3
8531,A6,309000,8531,6.0,-0.6,2008MM04,99.7
8532,A6,309000,8532,5.3,0.0,2008MM05,99.7
8533,A6,309000,8533,5.2,0.7,2008MM06,100.4
8534,A6,309000,8534,-7.3,-3.7,2008MM07,96.7
8535,A6,309000,8535,-8.8,-0.3,2008MM08,96.4
8536,A6,309000,8536,-9.8,0.6,2008MM09,96.9
8537,A6,309000,8537,-14.9,-3.7,2008MM10,93.4
8538,A6,309000,8538,-15.2,-0.9,2008MM11,92.6
8539,A6,309000,8539,-15.1,-0.4,2008MM12,92.2
8541,A6,309000,8541,-13.4,-3.3,2009MM01,89.1
8542,A6,309000,8542,-12.7,-0.5,2009MM02,88.7
8543,A6,309000,8543,-12.3,-0.8,2009MM03,88.0
8544,A6,309000,8544,-16.3,-5.2,2009MM04,83.4
8545,A6,309000,8545,-16.3,0.1,2009MM05,83.5
8546,A6,309000,8546,-17.1,-0.3,2009MM06,83.2
8547,A6,309000,8547,-13.1,1.0,2009MM07,84.0
8548,A6,309000,8548,-13.0,-0.2,2009MM08,83.8
8549,A6,309000,8549,-12.0,1.8,2009MM09,85.3
8550,A6,309000,8550,-5.7,3.2,2009MM10,88.0
8551,A6,309000,8551,-1.8,3.3,2009MM11,90.9
8552,A6,309000,8552,-1.9,-0.5,2009MM12,90.4
8554,A6,309000,8554,5.5,4.0,2010MM01,94.0
8555,A6,309000,8555,5.1,-0.9,2010MM02,93.2
8556,A6,309000,8556,6.9,0.9,2010MM03,94.1
8557,A6,309000,8557,15.5,2.4,2010MM04,96.3
8558,A6,309000,8558,19.4,3.5,2010MM05,99.7
8559,A6,309000,8559,21.9,1.7,2010MM06,101.4
8560,A6,309000,8560,23.0,1.9,2010MM07,103.4
8561,A6,309000,8561,23.7,0.3,2010MM08,103.7
8562,A6,309000,8562,21.4,-0.2,2010MM09,103.5
8563,A6,309000,8563,17.9,0.3,2010MM10,103.8
8564,A6,309000,8564,13.6,-0.5,2010MM11,103.3
8565,A6,309000,8565,14.4,0.1,2010MM12,103.5
8567,A6,309000,8567,11.5,1.4,2011MM01,104.9
8568,A6,309000,8568,15.6,2.8,2011MM02,107.8
8569,A6,309000,8569,15.6,0.9,2011MM03,108.8
8570,A6,309000,8570,13.4,0.4,2011MM04,109.2
8571,A6,309000,8571,9.8,0.2,2011MM05,109.4
8572,A6,309000,8572,10.3,2.2,2011MM06,111.8
8573,A6,309000,8573,8.5,0.3,2011MM07,112.2
8574,A6,309000,8574,7.4,-0.7,2011MM08,111.4
8575,A6,309000,8575,7.8,0.2,2011MM09,111.6
8576,A6,309000,8576,7.1,-0.4,2011MM10,111.2
8577,A6,309000,8577,6.5,-1.0,2011MM11,110.1
8578,A6,309000,8578,5.7,-0.7,2011MM12,109.4
8580,A6,309000,8580,5.0,0.7,2012MM01,110.1
8581,A6,309000,8581,1.4,-0.8,2012MM02,109.3
8582,A6,309000,8582,-0.3,-0.8,2012MM03,108.4
8583,A6,309000,8583,-2.9,-2.1,2012MM04,106.1
8584,A6,309000,8584,-3.7,-0.7,2012MM05,105.4
8585,A6,309000,8585,-5.5,0.3,2012MM06,105.7
8586,A6,309000,8586,-4.3,1.5,2012MM07,107.3
8587,A6,309000,8587,-3.2,0.5,2012MM08,107.8
8588,A6,309000,8588,-2.6,0.8,2012MM09,108.7
8589,A6,309000,8589,-0.6,1.6,2012MM10,110.5
8590,A6,309000,8590,1.2,0.7,2012MM11,111.3
8591,A6,309000,8591,1.4,-0.4,2012MM12,110.9
8593,A6,309000,8593,0.8,0.1,2013MM01,111.0
8594,A6,309000,8594,1.8,0.2,2013MM02,111.2
8595,A6,309000,8595,2.3,-0.3,2013MM03,110.9
8596,A6,309000,8596,6.5,1.9,2013MM04,113.0
8597,A6,309000,8597,8.5,1.2,2013MM05,114.3
8598,A6,309000,8598,9.7,1.4,2013MM06,115.9
8599,A6,309000,8599,9.8,1.7,2013MM07,117.8
8600,A6,309000,8600,10.6,1.2,2013MM08,119.3
8601,A6,309000,8601,10.4,0.7,2013MM09,120.1
8602,A6,309000,8602,7.3,-1.3,2013MM10,118.6
8603,A6,309000,8603,6.4,-0.1,2013MM11,118.5
8604,A6,309000,8604,8.2,1.3,2013MM12,120.1
8606,A6,309000,8606,9.4,1.1,2014MM01,121.4
8607,A6,309000,8607,8.7,-0.4,2014MM02,120.9
8608,A6,309000,8608,8.1,-0.9,2014MM03,119.9
8609,A6,309000,8609,5.2,-0.9,2014MM04,118.8
8610,A6,309000,8610,3.1,-0.8,2014MM05,117.8
8611,A6,309000,8611,1.6,-0.1,2014MM06,117.7
8612,A6,309000,8612,-0.1,0.1,2014MM07,117.8
8613,A6,309000,8613,-3.0,-1.8,2014MM08,115.7
8614,A6,309000,8614,-4.5,-0.8,2014MM09,114.7
8615,A6,309000,8615,-5.0,-1.8,2014MM10,112.7
8616,A6,309000,8616,-5.8,-1.0,2014MM11,111.6
8617,A6,309000,8617,-8.9,-1.9,2014MM12,109.4
8619,A6,309000,8619,-10.2,-0.4,2015MM01,109.0
8620,A6,309000,8620,-10.1,-0.2,2015MM02,108.8
8621,A6,309000,8621,-8.8,0.6,2015MM03,109.4
8622,A6,309000,8622,-8.6,-0.7,2015MM04,108.6
8623,A6,309000,8623,-9.6,-1.9,2015MM05,106.6
8624,A6,309000,8624,-11.2,-2.0,2015MM06,104.5
8625,A6,309000,8625,-13.3,-2.2,2015MM07,102.1
8626,A6,309000,8626,-13.8,-2.4,2015MM08,99.7
8627,A6,309000,8627,-12.5,0.7,2015MM09,100.4
8628,A6,309000,8628,-10.4,0.5,2015MM10,100.9
8629,A6,309000,8629,-9.3,0.3,2015MM11,101.2
8630,A6,309000,8630,-8.4,-1.0,2015MM12,100.2
8632,A6,309000,8632,-8.8,-0.8,2016MM01,99.4
8633,A6,309000,8633,-9.6,-1.1,2016MM02,98.3
8634,A6,309000,8634,-11.0,-1.0,2016MM03,97.3
8635,A6,309000,8635,-11.6,-1.3,2016MM04,96.0
8636,A6,309000,8636,-11.0,-1.2,2016MM05,94.8
8637,A6,309000,8637,-7.6,1.8,2016MM06,96.5
8638,A6,309000,8638,-4.6,0.9,2016MM07,97.4
8639,A6,309000,8639,0.4,2.8,2016MM08,100.1
8640,A6,309000,8640,4.4,4.7,2016MM09,104.8
8641,A6,309000,8641,7.2,3.2,2016MM10,108.1
8642,A6,309000,8642,7.9,1.0,2016MM11,109.3
8643,A6,309000,8643,9.9,0.8,2016MM12,110.1
8645,A6,309000,8645,12.3,1.5,2017MM01,111.7
8646,A6,309000,8646,16.6,2.6,2017MM02,114.6
8647,A6,309000,8647,17.2,-0.5,2017MM03,114.0
8648,A6,309000,8648,19.3,0.4,2017MM04,114.5
8649,A6,309000,8649,22.9,1.8,2017MM05,116.6
8650,A6,309000,8650,23.2,2.0,2017MM06,118.9
8651,A6,309000,8651,25.0,2.4,2017MM07,121.7
8652,A6,309000,8652,22.1,0.4,2017MM08,122.3
8653,A6,309000,8653,17.0,0.3,2017MM09,122.6
8654,A6,309000,8654,11.0,-2.1,2017MM10,120.0
8655,A6,309000,8655,7.6,-2.0,2017MM11,117.6
8656,A6,309000,8656,6.8,0.1,2017MM12,117.6
