,Afzet,BedrijfstakkenBranchesSBI2008,ID,OntwikkelingTOV1JaarEerder_2,OntwikkelingTOV1MaandEerder_3,Perioden,ProducentenprijsindexPPI_1
73112,A5,309100,73112,-0.191362126246,-1.29655172414,1981MM01,122.066782007
73113,A5,309100,73113,-0.182724252492,-1.29310344828,1981MM02,121.933564014
73114,A5,309100,73114,-0.174086378738,-1.28965517241,1981MM03,121.800346021
73115,A5,309100,73115,-0.165448504983,-1.28620689655,1981MM04,121.667128028
73116,A5,309100,73116,-0.156810631229,-1.28275862069,1981MM05,121.533910035
73117,A5,309100,73117,-0.148172757475,-1.27931034483,1981MM06,121.400692042
73118,A5,309100,73118,-0.139534883721,-1.27586206897,1981MM07,121.267474048
73119,A5,309100,73119,-0.130897009967,-1.2724137931,1981MM08,121.134256055
73120,A5,309100,73120,-0.122259136213,-1.26896551724,1981MM09,121.001038062
73121,A5,309100,73121,-0.113621262458,-1.26551724138,1981MM10,120.867820069
73122,A5,309100,73122,-0.104983388704,-1.26206896552,1981MM11,120.734602076
73123,A5,309100,73123,-0.0963455149502,-1.25862068966,1981MM12,120.601384083
73125,A5,309100,73125,-0.087707641196,-1.25517241379,1982MM01,120.46816609
73126,A5,309100,73126,-0.0790697674419,-1.25172413793,1982MM02,120.334948097
73127,A5,309100,73127,-0.0704318936877,-1.24827586207,1982MM03,120.201730104
73128,A5,309100,73128,-0.0617940199336,-1.24482758621,1982MM04,120.068512111
73129,A5,309100,73129,-0.0531561461794,-1.24137931034,1982MM05,119.935294118
73130,A5,309100,73130,-0.0445182724252,-1.23793103448,1982MM06,119.802076125
73131,A5,309100,73131,-0.0358803986711,-1.23448275862,1982MM07,119.668858131
73132,A5,309100,73132,-0.0272425249169,-1.23103448276,1982MM08,119.535640138
73133,A5,309100,73133,-0.0186046511628,-1.2275862069,1982MM09,119.402422145
73134,A5,309100,73134,-0.00996677740864,-1.22413793103,1982MM10,119.269204152
73135,A5,309100,73135,-0.00132890365449,-1.22068965517,1982MM11,119.135986159
73136,A5,309100,73136,0.00730897009967,-1.21724137931,1982MM12,119.002768166
73138,A5,309100,73138,0.0159468438538,-1.21379310345,1983MM01,118.869550173
73139,A5,309100,73139,0.024584717608,-1.21034482759,1983MM02,118.73633218
73140,A5,309100,73140,0.0332225913621,-1.20689655172,1983MM03,118.603114187
73141,A5,309100,73141,0.0418604651163,-1.20344827586,1983MM04,118.469896194
73142,A5,309100,73142,0.0504983388704,-1.2,1983MM05,118.336678201
73143,A5,309100,73143,0.0591362126246,-1.19655172414,1983MM06,118.203460208
73144,A5,309100,73144,0.0677740863787,-1.19310344828,1983MM07,118.070242215
73145,A5,309100,73145,0.0764119601329,-1.18965517241,1983MM08,117.937024221
73146,A5,309100,73146,0.085049833887,-1.18620689655,1983MM09,117.803806228
73147,A5,309100,73147,0.0936877076412,-1.18275862069,1983MM10,117.670588235
73148,A5,309100,73148,0.102325581395,-1.17931034483,1983MM11,117.537370242
73149,A5,309100,73149,0.11096345515,-1.17586206897,1983MM12,117.404152249
73151,A5,309100,73151,0.119601328904,-1.1724137931,1984MM01,117.270934256
73152,A5,309100,73152,0.128239202658,-1.16896551724,1984MM02,117.137716263
73153,A5,309100,73153,0.136877076412,-1.16551724138,1984MM03,117.00449827
73154,A5,309100,73154,0.145514950166,-1.16206896552,1984MM04,116.871280277
73155,A5,309100,73155,0.15415282392,-1.15862068966,1984MM05,116.738062284
73156,A5,309100,73156,0.162790697674,-1.15517241379,1984MM06,116.604844291
73157,A5,309100,73157,0.171428571429,-1.15172413793,1984MM07,116.471626298
73158,A5,309100,73158,0.180066445183,-1.14827586207,1984MM08,116.338408304
73159,A5,309100,73159,0.188704318937,-1.14482758621,1984MM09,116.205190311
73160,A5,309100,73160,0.197342192691,-1.14137931034,1984MM10,116.071972318
73161,A5,309100,73161,0.205980066445,-1.13793103448,1984MM11,115.938754325
73162,A5,309100,73162,0.214617940199,-1.13448275862,1984MM12,115.805536332
73164,A5,309100,73164,0.223255813953,-1.13103448276,1985MM01,115.672318339
73165,A5,309100,73165,0.231893687708,-1.1275862069,1985MM02,115.539100346
73166,A5,309100,73166,0.240531561462,-1.12413793103,1985MM03,115.405882353
73167,A5,309100,73167,0.249169435216,-1.12068965517,1985MM04,115.27266436
73168,A5,309100,73168,0.25780730897,-1.11724137931,1985MM05,115.139446367
73169,A5,309100,73169,0.266445182724,-1.11379310345,1985MM06,115.006228374
73170,A5,309100,73170,0.275083056478,-1.11034482759,1985MM07,114.873010381
73171,A5,309100,73171,0.283720930233,-1.10689655172,1985MM08,114.739792388
73172,A5,309100,73172,0.292358803987,-1.10344827586,1985MM09,114.606574394
73173,A5,309100,73173,0.300996677741,-1.1,1985MM10,114.473356401
73174,A5,309100,73174,0.309634551495,-1.09655172414,1985MM11,114.340138408
73175,A5,309100,73175,0.318272425249,-1.09310344828,1985MM12,114.206920415
73177,A5,309100,73177,0.326910299003,-1.08965517241,1986MM01,114.073702422
73178,A5,309100,73178,0.335548172757,-1.08620689655,1986MM02,113.940484429
73179,A5,309100,73179,0.344186046512,-1.08275862069,1986MM03,113.807266436
73180,A5,309100,73180,0.352823920266,-1.07931034483,1986MM04,113.674048443
73181,A5,309100,73181,0.36146179402,-1.07586206897,1986MM05,113.54083045
73182,A5,309100,73182,0.370099667774,-1.0724137931,1986MM06,113.407612457
73183,A5,309100,73183,0.378737541528,-1.06896551724,1986MM07,113.274394464
73184,A5,309100,73184,0.387375415282,-1.06551724138,1986MM08,113.141176471
73185,A5,309100,73185,0.396013289037,-1.06206896552,1986MM09,113.007958478
73186,A5,309100,73186,0.404651162791,-1.05862068966,1986MM10,112.874740484
73187,A5,309100,73187,0.413289036545,-1.05517241379,1986MM11,112.741522491
73188,A5,309100,73188,0.421926910299,-1.05172413793,1986MM12,112.608304498
73190,A5,309100,73190,0.430564784053,-1.04827586207,1987MM01,112.475086505
73191,A5,309100,73191,0.439202657807,-1.04482758621,1987MM02,112.341868512
73192,A5,309100,73192,0.447840531561,-1.04137931034,1987MM03,112.208650519
73193,A5,309100,73193,0.456478405316,-1.03793103448,1987MM04,112.075432526
73194,A5,309100,73194,0.46511627907,-1.03448275862,1987MM05,111.942214533
73195,A5,309100,73195,0.473754152824,-1.03103448276,1987MM06,111.80899654
73196,A5,309100,73196,0.482392026578,-1.0275862069,1987MM07,111.675778547
73197,A5,309100,73197,0.491029900332,-1.02413793103,1987MM08,111.542560554
73198,A5,309100,73198,0.499667774086,-1.02068965517,1987MM09,111.409342561
73199,A5,309100,73199,0.508305647841,-1.01724137931,1987MM10,111.276124567
73200,A5,309100,73200,0.516943521595,-1.01379310345,1987MM11,111.142906574
73201,A5,309100,73201,0.525581395349,-1.01034482759,1987MM12,111.009688581
73203,A5,309100,73203,0.534219269103,-1.00689655172,1988MM01,110.876470588
73204,A5,309100,73204,0.542857142857,-1.00344827586,1988MM02,110.743252595
73205,A5,309100,73205,0.551495016611,-1.0,1988MM03,110.610034602
73206,A5,309100,73206,0.560132890365,-0.996551724138,1988MM04,110.476816609
73207,A5,309100,73207,0.56877076412,-0.993103448276,1988MM05,110.343598616
73208,A5,309100,73208,0.577408637874,-0.989655172414,1988MM06,110.210380623
73209,A5,309100,73209,0.586046511628,-0.986206896552,1988MM07,110.07716263
73210,A5,309100,73210,0.594684385382,-0.98275862069,1988MM08,109.943944637
73211,A5,309100,73211,0.603322259136,-0.979310344828,1988MM09,109.810726644
73212,A5,309100,73212,0.61196013289,-0.975862068966,1988MM10,109.677508651
73213,A5,309100,73213,0.620598006645,-0.972413793103,1988MM11,109.544290657
73214,A5,309100,73214,0.629235880399,-0.968965517241,1988MM12,109.411072664
73216,A5,309100,73216,0.637873754153,-0.965517241379,1989MM01,109.277854671
73217,A5,309100,73217,0.646511627907,-0.962068965517,1989MM02,109.144636678
73218,A5,309100,73218,0.655149501661,-0.958620689655,1989MM03,109.011418685
73219,A5,309100,73219,0.663787375415,-0.955172413793,1989MM04,108.878200692
73220,A5,309100,73220,0.672425249169,-0.951724137931,1989MM05,108.744982699
73221,A5,309100,73221,0.681063122924,-0.948275862069,1989MM06,108.611764706
73222,A5,309100,73222,0.689700996678,-0.944827586207,1989MM07,108.478546713
73223,A5,309100,73223,0.698338870432,-0.941379310345,1989MM08,108.34532872
73224,A5,309100,73224,0.706976744186,-0.937931034483,1989MM09,108.212110727
73225,A5,309100,73225,0.71561461794,-0.934482758621,1989MM10,108.078892734
73226,A5,309100,73226,0.724252491694,-0.931034482759,1989MM11,107.94567474
73227,A5,309100,73227,0.732890365449,-0.927586206897,1989MM12,107.812456747
73229,A5,309100,73229,0.741528239203,-0.924137931034,1990MM01,107.679238754
73230,A5,309100,73230,0.750166112957,-0.920689655172,1990MM02,107.546020761
73231,A5,309100,73231,0.758803986711,-0.91724137931,1990MM03,107.412802768
73232,A5,309100,73232,0.767441860465,-0.913793103448,1990MM04,107.279584775
73233,A5,309100,73233,0.776079734219,-0.910344827586,1990MM05,107.146366782
73234,A5,309100,73234,0.784717607973,-0.906896551724,1990MM06,107.013148789
73235,A5,309100,73235,0.793355481728,-0.903448275862,1990MM07,106.879930796
73236,A5,309100,73236,0.801993355482,-0.9,1990MM08,106.746712803
73237,A5,309100,73237,0.810631229236,-0.896551724138,1990MM09,106.61349481
73238,A5,309100,73238,0.81926910299,-0.893103448276,1990MM10,106.480276817
73239,A5,309100,73239,0.827906976744,-0.889655172414,1990MM11,106.347058824
73240,A5,309100,73240,0.836544850498,-0.886206896552,1990MM12,106.21384083
73242,A5,309100,73242,0.845182724252,-0.88275862069,1991MM01,106.080622837
73243,A5,309100,73243,0.853820598007,-0.879310344828,1991MM02,105.947404844
73244,A5,309100,73244,0.862458471761,-0.875862068966,1991MM03,105.814186851
73245,A5,309100,73245,0.871096345515,-0.872413793103,1991MM04,105.680968858
73246,A5,309100,73246,0.879734219269,-0.868965517241,1991MM05,105.547750865
73247,A5,309100,73247,0.888372093023,-0.865517241379,1991MM06,105.414532872
73248,A5,309100,73248,0.897009966777,-0.862068965517,1991MM07,105.281314879
73249,A5,309100,73249,0.905647840532,-0.858620689655,1991MM08,105.148096886
73250,A5,309100,73250,0.914285714286,-0.855172413793,1991MM09,105.014878893
73251,A5,309100,73251,0.92292358804,-0.851724137931,1991MM10,104.8816609
73252,A5,309100,73252,0.931561461794,-0.848275862069,1991MM11,104.748442907
73253,A5,309100,73253,0.940199335548,-0.844827586207,1991MM12,104.615224913
73255,A5,309100,73255,0.948837209302,-0.841379310345,1992MM01,104.48200692
73256,A5,309100,73256,0.957475083056,-0.837931034483,1992MM02,104.348788927
73257,A5,309100,73257,0.966112956811,-0.834482758621,1992MM03,104.215570934
73258,A5,309100,73258,0.974750830565,-0.831034482759,1992MM04,104.082352941
73259,A5,309100,73259,0.983388704319,-0.827586206897,1992MM05,103.949134948
73260,A5,309100,73260,0.992026578073,-0.824137931034,1992MM06,103.815916955
73261,A5,309100,73261,1.00066445183,-0.820689655172,1992MM07,103.682698962
73262,A5,309100,73262,1.00930232558,-0.81724137931,1992MM08,103.549480969
73263,A5,309100,73263,1.01794019934,-0.813793103448,1992MM09,103.416262976
73264,A5,309100,73264,1.02657807309,-0.810344827586,1992MM10,103.283044983
73265,A5,309100,73265,1.03521594684,-0.806896551724,1992MM11,103.14982699
73266,A5,309100,73266,1.0438538206,-0.803448275862,1992MM12,103.016608997
73268,A5,309100,73268,1.05249169435,-0.8,1993MM01,102.883391003
73269,A5,309100,73269,1.06112956811,-0.796551724138,1993MM02,102.75017301
73270,A5,309100,73270,1.06976744186,-0.793103448276,1993MM03,102.616955017
73271,A5,309100,73271,1.07840531561,-0.789655172414,1993MM04,102.483737024
73272,A5,309100,73272,1.08704318937,-0.786206896552,1993MM05,102.350519031
73273,A5,309100,73273,1.09568106312,-0.78275862069,1993MM06,102.217301038
73274,A5,309100,73274,1.10431893688,-0.779310344828,1993MM07,102.084083045
73275,A5,309100,73275,1.11295681063,-0.775862068966,1993MM08,101.950865052
73276,A5,309100,73276,1.12159468439,-0.772413793103,1993MM09,101.817647059
73277,A5,309100,73277,1.13023255814,-0.768965517241,1993MM10,101.684429066
73278,A5,309100,73278,1.13887043189,-0.765517241379,1993MM11,101.551211073
73279,A5,309100,73279,1.14750830565,-0.762068965517,1993MM12,101.41799308
73281,A5,309100,73281,1.1561461794,-0.758620689655,1994MM01,101.284775087
73282,A5,309100,73282,1.16478405316,-0.755172413793,1994MM02,101.151557093
73283,A5,309100,73283,1.17342192691,-0.751724137931,1994MM03,101.0183391
73284,A5,309100,73284,1.18205980066,-0.748275862069,1994MM04,100.885121107
73285,A5,309100,73285,1.19069767442,-0.744827586207,1994MM05,100.751903114
73286,A5,309100,73286,1.19933554817,-0.741379310345,1994MM06,100.618685121
73287,A5,309100,73287,1.20797342193,-0.737931034483,1994MM07,100.485467128
73288,A5,309100,73288,1.21661129568,-0.734482758621,1994MM08,100.352249135
73289,A5,309100,73289,1.22524916944,-0.731034482759,1994MM09,100.219031142
73290,A5,309100,73290,1.23388704319,-0.727586206897,1994MM10,100.085813149
73291,A5,309100,73291,1.24252491694,-0.724137931034,1994MM11,99.9525951557
73292,A5,309100,73292,1.2511627907,-0.720689655172,1994MM12,99.8193771626
73294,A5,309100,73294,1.25980066445,-0.71724137931,1995MM01,99.6861591696
73295,A5,309100,73295,1.26843853821,-0.713793103448,1995MM02,99.5529411765
73296,A5,309100,73296,1.27707641196,-0.710344827586,1995MM03,99.4197231834
73297,A5,309100,73297,1.28571428571,-0.706896551724,1995MM04,99.2865051903
73298,A5,309100,73298,1.29435215947,-0.703448275862,1995MM05,99.1532871972
73299,A5,309100,73299,1.30299003322,-0.7,1995MM06,99.0200692042
73300,A5,309100,73300,1.31162790698,-0.696551724138,1995MM07,98.8868512111
73301,A5,309100,73301,1.32026578073,-0.693103448276,1995MM08,98.753633218
73302,A5,309100,73302,1.32890365449,-0.689655172414,1995MM09,98.6204152249
73303,A5,309100,73303,1.33754152824,-0.686206896552,1995MM10,98.4871972318
73304,A5,309100,73304,1.34617940199,-0.68275862069,1995MM11,98.3539792388
73305,A5,309100,73305,1.35481727575,-0.679310344828,1995MM12,98.2207612457
73307,A5,309100,73307,1.3634551495,-0.675862068966,1996MM01,98.0875432526
73308,A5,309100,73308,1.37209302326,-0.672413793103,1996MM02,97.9543252595
73309,A5,309100,73309,1.38073089701,-0.668965517241,1996MM03,97.8211072664
73310,A5,309100,73310,1.38936877076,-0.665517241379,1996MM04,97.6878892734
73311,A5,309100,73311,1.39800664452,-0.662068965517,1996MM05,97.5546712803
73312,A5,309100,73312,1.40664451827,-0.658620689655,1996MM06,97.4214532872
73313,A5,309100,73313,1.41528239203,-0.655172413793,1996MM07,97.2882352941
73314,A5,309100,73314,1.42392026578,-0.651724137931,1996MM08,97.155017301
73315,A5,309100,73315,1.43255813953,-0.648275862069,1996MM09,97.021799308
73316,A5,309100,73316,1.44119601329,-0.644827586207,1996MM10,96.8885813149
73317,A5,309100,73317,1.44983388704,-0.641379310345,1996MM11,96.7553633218
73318,A5,309100,73318,1.4584717608,-0.637931034483,1996MM12,96.6221453287
73320,A5,309100,73320,1.46710963455,-0.634482758621,1997MM01,96.4889273356
73321,A5,309100,73321,1.47574750831,-0.631034482759,1997MM02,96.3557093426
73322,A5,309100,73322,1.48438538206,-0.627586206897,1997MM03,96.2224913495
73323,A5,309100,73323,1.49302325581,-0.624137931034,1997MM04,96.0892733564
73324,A5,309100,73324,1.50166112957,-0.620689655172,1997MM05,95.9560553633
73325,A5,309100,73325,1.51029900332,-0.61724137931,1997MM06,95.8228373702
73326,A5,309100,73326,1.51893687708,-0.613793103448,1997MM07,95.6896193772
73327,A5,309100,73327,1.52757475083,-0.610344827586,1997MM08,95.5564013841
73328,A5,309100,73328,1.53621262458,-0.606896551724,1997MM09,95.423183391
73329,A5,309100,73329,1.54485049834,-0.603448275862,1997MM10,95.2899653979
73330,A5,309100,73330,1.55348837209,-0.6,1997MM11,95.1567474048
73331,A5,309100,73331,1.56212624585,-0.596551724138,1997MM12,95.0235294118
73333,A5,309100,73333,1.5707641196,-0.593103448276,1998MM01,94.8903114187
73334,A5,309100,73334,1.57940199336,-0.589655172414,1998MM02,94.7570934256
73335,A5,309100,73335,1.58803986711,-0.586206896552,1998MM03,94.6238754325
73336,A5,309100,73336,1.59667774086,-0.58275862069,1998MM04,94.4906574394
73337,A5,309100,73337,1.60531561462,-0.579310344828,1998MM05,94.3574394464
73338,A5,309100,73338,1.61395348837,-0.575862068966,1998MM06,94.2242214533
73339,A5,309100,73339,1.62259136213,-0.572413793103,1998MM07,94.0910034602
73340,A5,309100,73340,1.63122923588,-0.568965517241,1998MM08,93.9577854671
73341,A5,309100,73341,1.63986710963,-0.565517241379,1998MM09,93.824567474
73342,A5,309100,73342,1.64850498339,-0.562068965517,1998MM10,93.691349481
73343,A5,309100,73343,1.65714285714,-0.558620689655,1998MM11,93.5581314879
73344,A5,309100,73344,1.6657807309,-0.555172413793,1998MM12,93.4249134948
73346,A5,309100,73346,1.67441860465,-0.551724137931,1999MM01,93.2916955017
73347,A5,309100,73347,1.68305647841,-0.548275862069,1999MM02,93.1584775087
73348,A5,309100,73348,1.69169435216,-0.544827586207,1999MM03,93.0252595156
73349,A5,309100,73349,1.70033222591,-0.541379310345,1999MM04,92.8920415225
73350,A5,309100,73350,1.70897009967,-0.537931034483,1999MM05,92.7588235294
73351,A5,309100,73351,1.71760797342,-0.534482758621,1999MM06,92.6256055363
73352,A5,309100,73352,1.72624584718,-0.531034482759,1999MM07,92.4923875433
73353,A5,309100,73353,1.73488372093,-0.527586206897,1999MM08,92.3591695502
73354,A5,309100,73354,1.74352159468,-0.524137931034,1999MM09,92.2259515571
73355,A5,309100,73355,1.75215946844,-0.520689655172,1999MM10,92.092733564
73356,A5,309100,73356,1.76079734219,-0.51724137931,1999MM11,91.9595155709
73357,A5,309100,73357,1.76943521595,-0.513793103448,1999MM12,91.8262975779
73359,A5,309100,73359,1.7780730897,-0.510344827586,2000MM01,91.6930795848
73360,A5,309100,73360,1.78671096346,-0.506896551724,2000MM02,91.5598615917
73361,A5,309100,73361,1.79534883721,-0.503448275862,2000MM03,91.4266435986
73362,A5,309100,73362,1.80398671096,-0.5,2000MM04,91.2934256055
73363,A5,309100,73363,1.81262458472,-0.496551724138,2000MM05,91.1602076125
73364,A5,309100,73364,1.82126245847,-0.493103448276,2000MM06,91.0269896194
73365,A5,309100,73365,1.82990033223,-0.489655172414,2000MM07,90.8937716263
73366,A5,309100,73366,1.83853820598,-0.486206896552,2000MM08,90.7605536332
73367,A5,309100,73367,1.84717607973,-0.48275862069,2000MM09,90.6273356401
73368,A5,309100,73368,1.85581395349,-0.479310344828,2000MM10,90.4941176471
73369,A5,309100,73369,1.86445182724,-0.475862068966,2000MM11,90.360899654
73370,A5,309100,73370,1.873089701,-0.472413793103,2000MM12,90.2276816609
73372,A5,309100,73372,1.88172757475,-0.468965517241,2001MM01,90.0944636678
73373,A5,309100,73373,1.8903654485,-0.465517241379,2001MM02,89.9612456747
73374,A5,309100,73374,1.89900332226,-0.462068965517,2001MM03,89.8280276817
73375,A5,309100,73375,1.90764119601,-0.458620689655,2001MM04,89.6948096886
73376,A5,309100,73376,1.91627906977,-0.455172413793,2001MM05,89.5615916955
73377,A5,309100,73377,1.92491694352,-0.451724137931,2001MM06,89.4283737024
73378,A5,309100,73378,1.93355481728,-0.448275862069,2001MM07,89.2951557093
73379,A5,309100,73379,1.94219269103,-0.444827586207,2001MM08,89.1619377163
73380,A5,309100,73380,1.95083056478,-0.441379310345,2001MM09,89.0287197232
73381,A5,309100,73381,1.95946843854,-0.437931034483,2001MM10,88.8955017301
73382,A5,309100,73382,1.96810631229,-0.434482758621,2001MM11,88.762283737
73383,A5,309100,73383,1.97674418605,-0.431034482759,2001MM12,88.6290657439
73385,A5,309100,73385,1.9853820598,-0.427586206897,2002MM01,88.4958477509
73386,A5,309100,73386,1.99401993355,-0.424137931034,2002MM02,88.3626297578
73387,A5,309100,73387,2.00265780731,-0.420689655172,2002MM03,88.2294117647
73388,A5,309100,73388,2.01129568106,-0.41724137931,2002MM04,88.0961937716
73389,A5,309100,73389,2.01993355482,-0.413793103448,2002MM05,87.9629757785
73390,A5,309100,73390,2.02857142857,-0.410344827586,2002MM06,87.8297577855
73391,A5,309100,73391,2.03720930233,-0.406896551724,2002MM07,87.6965397924
73392,A5,309100,73392,2.04584717608,-0.403448275862,2002MM08,87.5633217993
73393,A5,309100,73393,2.05448504983,-0.4,2002MM09,87.4301038062
73394,A5,309100,73394,2.06312292359,-0.396551724138,2002MM10,87.2968858131
73395,A5,309100,73395,2.07176079734,-0.393103448276,2002MM11,87.1636678201
73396,A5,309100,73396,2.0803986711,-0.389655172414,2002MM12,87.030449827
73398,A5,309100,73398,2.08903654485,-0.386206896552,2003MM01,86.8972318339
73399,A5,309100,73399,2.0976744186,-0.38275862069,2003MM02,86.7640138408
73400,A5,309100,73400,2.10631229236,-0.379310344828,2003MM03,86.6307958478
73401,A5,309100,73401,2.11495016611,-0.375862068966,2003MM04,86.4975778547
73402,A5,309100,73402,2.12358803987,-0.372413793103,2003MM05,86.3643598616
73403,A5,309100,73403,2.13222591362,-0.368965517241,2003MM06,86.2311418685
73404,A5,309100,73404,2.14086378738,-0.365517241379,2003MM07,86.0979238754
73405,A5,309100,73405,2.14950166113,-0.362068965517,2003MM08,85.9647058824
73406,A5,309100,73406,2.15813953488,-0.358620689655,2003MM09,85.8314878893
73407,A5,309100,73407,2.16677740864,-0.355172413793,2003MM10,85.6982698962
73408,A5,309100,73408,2.17541528239,-0.351724137931,2003MM11,85.5650519031
73409,A5,309100,73409,2.18405315615,-0.348275862069,2003MM12,85.43183391
73411,A5,309100,73411,2.1926910299,-0.344827586207,2004MM01,85.298615917
73412,A5,309100,73412,2.20132890365,-0.341379310345,2004MM02,85.1653979239
73413,A5,309100,73413,2.20996677741,-0.337931034483,2004MM03,85.0321799308
73414,A5,309100,73414,2.21860465116,-0.334482758621,2004MM04,84.8989619377
73415,A5,309100,73415,2.22724252492,-0.331034482759,2004MM05,84.7657439446
73416,A5,309100,73416,2.23588039867,-0.327586206897,2004MM06,84.6325259516
73417,A5,309100,73417,2.24451827243,-0.324137931034,2004MM07,84.4993079585
73418,A5,309100,73418,2.25315614618,-0.320689655172,2004MM08,84.3660899654
73419,A5,309100,73419,2.26179401993,-0.31724137931,2004MM09,84.2328719723
73420,A5,309100,73420,2.27043189369,-0.313793103448,2004MM10,84.0996539792
73421,A5,309100,73421,2.27906976744,-0.310344827586,2004MM11,83.9664359862
73422,A5,309100,73422,2.2877076412,-0.306896551724,2004MM12,83.8332179931
73424,A5,309100,73424,2.29634551495,-0.303448275862,2005MM01,83.7
73425,A5,309100,73425,2.3049833887,-0.3,2005MM02,83.4
73426,A5,309100,73426,2.31362126246,0.1,2005MM03,83.5
73427,A5,309100,73427,2.32225913621,0.0,2005MM04,83.5
73428,A5,309100,73428,2.33089700997,0.2,2005MM05,83.7
73429,A5,309100,73429,2.33953488372,-0.1,2005MM06,83.6
73430,A5,309100,73430,2.34817275748,1.2,2005MM07,84.6
73431,A5,309100,73431,2.35681063123,-0.6,2005MM08,84.1
73432,A5,309100,73432,2.36544850498,0.2,2005MM09,84.2
73433,A5,309100,73433,2.37408637874,0.2,2005MM10,84.4
73434,A5,309100,73434,2.38272425249,0.3,2005MM11,84.6
73435,A5,309100,73435,2.39136212625,-0.1,2005MM12,84.6
73437,A5,309100,73437,2.4,1.3,2006MM01,85.7
73438,A5,309100,73438,2.6,-0.1,2006MM02,85.6
73439,A5,309100,73439,2.7,0.2,2006MM03,85.8
73440,A5,309100,73440,2.8,0.0,2006MM04,85.8
73441,A5,309100,73441,2.2,-0.3,2006MM05,85.5
73442,A5,309100,73442,2.2,-0.1,2006MM06,85.4
73443,A5,309100,73443,0.4,-0.6,2006MM07,84.9
73444,A5,309100,73444,0.9,-0.2,2006MM08,84.8
73445,A5,309100,73445,1.5,0.9,2006MM09,85.5
73446,A5,309100,73446,1.7,0.4,2006MM10,85.8
73447,A5,309100,73447,1.7,0.3,2006MM11,86.1
73448,A5,309100,73448,2.0,0.2,2006MM12,86.3
73450,A5,309100,73450,1.6,0.9,2007MM01,87.0
73451,A5,309100,73451,1.8,0.2,2007MM02,87.2
73452,A5,309100,73452,2.4,0.8,2007MM03,87.8
73453,A5,309100,73453,7.3,4.8,2007MM04,92.0
73454,A5,309100,73454,8.4,0.7,2007MM05,92.7
73455,A5,309100,73455,9.2,0.6,2007MM06,93.2
73456,A5,309100,73456,17.9,7.4,2007MM07,100.2
73457,A5,309100,73457,18.6,0.4,2007MM08,100.6
73458,A5,309100,73458,18.9,1.1,2007MM09,101.7
73459,A5,309100,73459,20.5,1.7,2007MM10,103.5
73460,A5,309100,73460,19.9,-0.2,2007MM11,103.2
73461,A5,309100,73461,20.3,0.5,2007MM12,103.7
73463,A5,309100,73463,15.7,-2.9,2008MM01,100.7
73464,A5,309100,73464,15.8,0.2,2008MM02,100.9
73465,A5,309100,73465,13.3,-1.4,2008MM03,99.5
73466,A5,309100,73466,8.4,0.2,2008MM04,99.7
73467,A5,309100,73467,7.8,0.2,2008MM05,99.9
73468,A5,309100,73468,7.6,0.5,2008MM06,100.3
73469,A5,309100,73469,-3.9,-4.0,2008MM07,96.3
73470,A5,309100,73470,-3.9,0.3,2008MM08,96.6
73471,A5,309100,73471,-4.1,1.0,2008MM09,97.5
73472,A5,309100,73472,-10.0,-4.6,2008MM10,93.1
73473,A5,309100,73473,-10.2,-0.4,2008MM11,92.8
73474,A5,309100,73474,-10.7,-0.1,2008MM12,92.7
73476,A5,309100,73476,-8.2,-0.2,2009MM01,92.5
73477,A5,309100,73477,-8.7,-0.4,2009MM02,92.1
73478,A5,309100,73478,-8.2,-0.8,2009MM03,91.4
73479,A5,309100,73479,-15.1,-7.4,2009MM04,84.7
73480,A5,309100,73480,-15.0,0.3,2009MM05,84.9
73481,A5,309100,73481,-16.2,-0.9,2009MM06,84.1
73482,A5,309100,73482,-10.8,2.1,2009MM07,85.9
73483,A5,309100,73483,-10.7,0.4,2009MM08,86.3
73484,A5,309100,73484,-10.6,1.1,2009MM09,87.2
73485,A5,309100,73485,-3.9,2.6,2009MM10,89.5
73486,A5,309100,73486,-0.7,2.8,2009MM11,92.1
73487,A5,309100,73487,0.5,1.1,2009MM12,93.1
73489,A5,309100,73489,1.6,0.9,2010MM01,93.9
73490,A5,309100,73490,1.9,0.0,2010MM02,93.9
73491,A5,309100,73491,3.6,0.8,2010MM03,94.7
73492,A5,309100,73492,15.9,3.7,2010MM04,98.2
73493,A5,309100,73493,19.7,3.5,2010MM05,101.6
73494,A5,309100,73494,20.9,0.1,2010MM06,101.7
73495,A5,309100,73495,19.2,0.6,2010MM07,102.4
73496,A5,309100,73496,18.8,0.1,2010MM08,102.5
73497,A5,309100,73497,18.2,0.6,2010MM09,103.2
73498,A5,309100,73498,14.7,-0.5,2010MM10,102.7
73499,A5,309100,73499,11.0,-0.4,2010MM11,102.2
73500,A5,309100,73500,10.7,0.9,2010MM12,103.1
73502,A5,309100,73502,10.5,0.7,2011MM01,103.8
73503,A5,309100,73503,14.2,3.3,2011MM02,107.3
73504,A5,309100,73504,13.3,0.0,2011MM03,107.3
73505,A5,309100,73505,8.7,-0.5,2011MM04,106.7
73506,A5,309100,73506,4.7,-0.4,2011MM05,106.3
73507,A5,309100,73507,6.0,1.4,2011MM06,107.8
73508,A5,309100,73508,6.0,0.6,2011MM07,108.5
73509,A5,309100,73509,5.5,-0.4,2011MM08,108.1
73510,A5,309100,73510,4.6,-0.2,2011MM09,107.9
73511,A5,309100,73511,4.9,-0.1,2011MM10,107.7
73512,A5,309100,73512,4.2,-1.1,2011MM11,106.5
73513,A5,309100,73513,2.5,-0.7,2011MM12,105.7
73515,A5,309100,73515,2.4,0.6,2012MM01,106.3
73516,A5,309100,73516,-1.5,-0.6,2012MM02,105.6
73517,A5,309100,73517,-3.1,-1.6,2012MM03,103.9
73518,A5,309100,73518,-4.7,-2.2,2012MM04,101.7
73519,A5,309100,73519,-5.1,-0.8,2012MM05,100.9
73520,A5,309100,73520,-6.7,-0.2,2012MM06,100.6
73521,A5,309100,73521,-6.2,1.1,2012MM07,101.8
73522,A5,309100,73522,-4.4,1.5,2012MM08,103.3
73523,A5,309100,73523,-3.0,1.3,2012MM09,104.7
73524,A5,309100,73524,-1.4,1.4,2012MM10,106.2
73525,A5,309100,73525,0.4,0.7,2012MM11,107.0
73526,A5,309100,73526,0.7,-0.5,2012MM12,106.5
73528,A5,309100,73528,0.5,0.4,2013MM01,106.9
73529,A5,309100,73529,0.9,-0.3,2013MM02,106.6
73530,A5,309100,73530,3.4,0.8,2013MM03,107.4
73531,A5,309100,73531,8.3,2.5,2013MM04,110.1
73532,A5,309100,73532,10.2,1.0,2013MM05,111.2
73533,A5,309100,73533,12.6,1.9,2013MM06,113.3
73534,A5,309100,73534,12.2,0.8,2013MM07,114.2
73535,A5,309100,73535,11.3,0.7,2013MM08,115.0
73536,A5,309100,73536,10.0,0.1,2013MM09,115.1
73537,A5,309100,73537,8.8,0.3,2013MM10,115.5
73538,A5,309100,73538,8.0,0.0,2013MM11,115.5
73539,A5,309100,73539,10.3,1.6,2013MM12,117.4
73541,A5,309100,73541,11.3,1.3,2014MM01,118.9
73542,A5,309100,73542,10.7,-0.8,2014MM02,118.0
73543,A5,309100,73543,8.8,-0.9,2014MM03,116.9
73544,A5,309100,73544,4.9,-1.1,2014MM04,115.5
73545,A5,309100,73545,2.8,-1.1,2014MM05,114.3
73546,A5,309100,73546,0.8,-0.1,2014MM06,114.2
73547,A5,309100,73547,-0.6,-0.6,2014MM07,113.5
73548,A5,309100,73548,-4.3,-3.1,2014MM08,110.0
73549,A5,309100,73549,-5.4,-1.0,2014MM09,108.9
73550,A5,309100,73550,-6.9,-1.2,2014MM10,107.6
73551,A5,309100,73551,-8.4,-1.7,2014MM11,105.8
73552,A5,309100,73552,-12.3,-2.7,2014MM12,102.9
73554,A5,309100,73554,-14.3,-1.0,2015MM01,101.9
73555,A5,309100,73555,-14.6,-1.2,2015MM02,100.7
73556,A5,309100,73556,-14.2,-0.4,2015MM03,100.3
73557,A5,309100,73557,-14.5,-1.5,2015MM04,98.8
73558,A5,309100,73558,-15.0,-1.6,2015MM05,97.1
73559,A5,309100,73559,-15.7,-0.9,2015MM06,96.3
73560,A5,309100,73560,-17.5,-2.8,2015MM07,93.6
73561,A5,309100,73561,-15.8,-1.0,2015MM08,92.7
73562,A5,309100,73562,-14.1,1.0,2015MM09,93.6
73563,A5,309100,73563,-12.7,0.3,2015MM10,93.9
73564,A5,309100,73564,-11.7,-0.5,2015MM11,93.5
73565,A5,309100,73565,-10.0,-0.9,2015MM12,92.7
73567,A5,309100,73567,-8.3,0.9,2016MM01,93.5
73568,A5,309100,73568,-8.4,-1.3,2016MM02,92.2
73569,A5,309100,73569,-9.4,-1.4,2016MM03,90.9
73570,A5,309100,73570,-9.0,-1.1,2016MM04,89.9
73571,A5,309100,73571,-9.2,-1.9,2016MM05,88.2
73572,A5,309100,73572,-7.8,0.6,2016MM06,88.8
73573,A5,309100,73573,-5.3,-0.1,2016MM07,88.7
73574,A5,309100,73574,-3.2,1.2,2016MM08,89.7
73575,A5,309100,73575,-1.9,2.4,2016MM09,91.8
73576,A5,309100,73576,0.6,2.9,2016MM10,94.5
73577,A5,309100,73577,3.7,2.6,2016MM11,96.9
73578,A5,309100,73578,5.5,0.9,2016MM12,97.8
73580,A5,309100,73580,6.0,1.3,2017MM01,99.1
73581,A5,309100,73581,15.2,7.2,2017MM02,106.2
73582,A5,309100,73582,16.1,-0.7,2017MM03,105.5
73583,A5,309100,73583,18.8,1.2,2017MM04,106.8
73584,A5,309100,73584,24.0,2.5,2017MM05,109.4
73585,A5,309100,73585,23.4,0.1,2017MM06,109.6
73586,A5,309100,73586,26.2,2.1,2017MM07,111.9
73587,A5,309100,73587,26.6,1.5,2017MM08,113.5
73588,A5,309100,73588,23.4,-0.2,2017MM09,113.3
73589,A5,309100,73589,18.6,-1.2,2017MM10,112.0
73590,A5,309100,73590,14.9,-0.6,2017MM11,111.3
73591,A5,309100,73591,15.7,1.6,2017MM12,113.1
