,Afzet,BedrijfstakkenBranchesSBI2008,ID,OntwikkelingTOV1JaarEerder_2,OntwikkelingTOV1MaandEerder_3,Perioden,ProducentenprijsindexPPI_1
40885,A4,309100,40885,6.88704318937,0.0986206896552,1981MM01,117.575432526
40886,A4,309100,40886,6.87408637874,0.0972413793103,1981MM02,117.450865052
40887,A4,309100,40887,6.86112956811,0.0958620689655,1981MM03,117.326297578
40888,A4,309100,40888,6.84817275748,0.0944827586207,1981MM04,117.201730104
40889,A4,309100,40889,6.83521594684,0.0931034482759,1981MM05,117.07716263
40890,A4,309100,40890,6.82225913621,0.091724137931,1981MM06,116.952595156
40891,A4,309100,40891,6.80930232558,0.0903448275862,1981MM07,116.828027682
40892,A4,309100,40892,6.79634551495,0.0889655172414,1981MM08,116.703460208
40893,A4,309100,40893,6.78338870432,0.0875862068966,1981MM09,116.578892734
40894,A4,309100,40894,6.77043189369,0.0862068965517,1981MM10,116.45432526
40895,A4,309100,40895,6.75747508306,0.0848275862069,1981MM11,116.329757785
40896,A4,309100,40896,6.74451827243,0.0834482758621,1981MM12,116.205190311
40898,A4,309100,40898,6.73156146179,0.0820689655172,1982MM01,116.080622837
40899,A4,309100,40899,6.71860465116,0.0806896551724,1982MM02,115.956055363
40900,A4,309100,40900,6.70564784053,0.0793103448276,1982MM03,115.831487889
40901,A4,309100,40901,6.6926910299,0.0779310344828,1982MM04,115.706920415
40902,A4,309100,40902,6.67973421927,0.0765517241379,1982MM05,115.582352941
40903,A4,309100,40903,6.66677740864,0.0751724137931,1982MM06,115.457785467
40904,A4,309100,40904,6.65382059801,0.0737931034483,1982MM07,115.333217993
40905,A4,309100,40905,6.64086378738,0.0724137931034,1982MM08,115.208650519
40906,A4,309100,40906,6.62790697674,0.0710344827586,1982MM09,115.084083045
40907,A4,309100,40907,6.61495016611,0.0696551724138,1982MM10,114.959515571
40908,A4,309100,40908,6.60199335548,0.068275862069,1982MM11,114.834948097
40909,A4,309100,40909,6.58903654485,0.0668965517241,1982MM12,114.710380623
40911,A4,309100,40911,6.57607973422,0.0655172413793,1983MM01,114.585813149
40912,A4,309100,40912,6.56312292359,0.0641379310345,1983MM02,114.461245675
40913,A4,309100,40913,6.55016611296,0.0627586206897,1983MM03,114.336678201
40914,A4,309100,40914,6.53720930233,0.0613793103448,1983MM04,114.212110727
40915,A4,309100,40915,6.52425249169,0.06,1983MM05,114.087543253
40916,A4,309100,40916,6.51129568106,0.0586206896552,1983MM06,113.962975779
40917,A4,309100,40917,6.49833887043,0.0572413793103,1983MM07,113.838408304
40918,A4,309100,40918,6.4853820598,0.0558620689655,1983MM08,113.71384083
40919,A4,309100,40919,6.47242524917,0.0544827586207,1983MM09,113.589273356
40920,A4,309100,40920,6.45946843854,0.0531034482759,1983MM10,113.464705882
40921,A4,309100,40921,6.44651162791,0.051724137931,1983MM11,113.340138408
40922,A4,309100,40922,6.43355481728,0.0503448275862,1983MM12,113.215570934
40924,A4,309100,40924,6.42059800664,0.0489655172414,1984MM01,113.09100346
40925,A4,309100,40925,6.40764119601,0.0475862068966,1984MM02,112.966435986
40926,A4,309100,40926,6.39468438538,0.0462068965517,1984MM03,112.841868512
40927,A4,309100,40927,6.38172757475,0.0448275862069,1984MM04,112.717301038
40928,A4,309100,40928,6.36877076412,0.0434482758621,1984MM05,112.592733564
40929,A4,309100,40929,6.35581395349,0.0420689655172,1984MM06,112.46816609
40930,A4,309100,40930,6.34285714286,0.0406896551724,1984MM07,112.343598616
40931,A4,309100,40931,6.32990033223,0.0393103448276,1984MM08,112.219031142
40932,A4,309100,40932,6.31694352159,0.0379310344828,1984MM09,112.094463668
40933,A4,309100,40933,6.30398671096,0.0365517241379,1984MM10,111.969896194
40934,A4,309100,40934,6.29102990033,0.0351724137931,1984MM11,111.84532872
40935,A4,309100,40935,6.2780730897,0.0337931034483,1984MM12,111.720761246
40937,A4,309100,40937,6.26511627907,0.0324137931034,1985MM01,111.596193772
40938,A4,309100,40938,6.25215946844,0.0310344827586,1985MM02,111.471626298
40939,A4,309100,40939,6.23920265781,0.0296551724138,1985MM03,111.347058824
40940,A4,309100,40940,6.22624584718,0.028275862069,1985MM04,111.222491349
40941,A4,309100,40941,6.21328903654,0.0268965517241,1985MM05,111.097923875
40942,A4,309100,40942,6.20033222591,0.0255172413793,1985MM06,110.973356401
40943,A4,309100,40943,6.18737541528,0.0241379310345,1985MM07,110.848788927
40944,A4,309100,40944,6.17441860465,0.0227586206897,1985MM08,110.724221453
40945,A4,309100,40945,6.16146179402,0.0213793103448,1985MM09,110.599653979
40946,A4,309100,40946,6.14850498339,0.02,1985MM10,110.475086505
40947,A4,309100,40947,6.13554817276,0.0186206896552,1985MM11,110.350519031
40948,A4,309100,40948,6.12259136213,0.0172413793103,1985MM12,110.225951557
40950,A4,309100,40950,6.1096345515,0.0158620689655,1986MM01,110.101384083
40951,A4,309100,40951,6.09667774086,0.0144827586207,1986MM02,109.976816609
40952,A4,309100,40952,6.08372093023,0.0131034482759,1986MM03,109.852249135
40953,A4,309100,40953,6.0707641196,0.011724137931,1986MM04,109.727681661
40954,A4,309100,40954,6.05780730897,0.0103448275862,1986MM05,109.603114187
40955,A4,309100,40955,6.04485049834,0.00896551724138,1986MM06,109.478546713
40956,A4,309100,40956,6.03189368771,0.00758620689655,1986MM07,109.353979239
40957,A4,309100,40957,6.01893687708,0.00620689655172,1986MM08,109.229411765
40958,A4,309100,40958,6.00598006645,0.0048275862069,1986MM09,109.104844291
40959,A4,309100,40959,5.99302325581,0.00344827586207,1986MM10,108.980276817
40960,A4,309100,40960,5.98006644518,0.00206896551724,1986MM11,108.855709343
40961,A4,309100,40961,5.96710963455,0.000689655172414,1986MM12,108.731141869
40963,A4,309100,40963,5.95415282392,-0.000689655172414,1987MM01,108.606574394
40964,A4,309100,40964,5.94119601329,-0.00206896551724,1987MM02,108.48200692
40965,A4,309100,40965,5.92823920266,-0.00344827586207,1987MM03,108.357439446
40966,A4,309100,40966,5.91528239203,-0.0048275862069,1987MM04,108.232871972
40967,A4,309100,40967,5.9023255814,-0.00620689655172,1987MM05,108.108304498
40968,A4,309100,40968,5.88936877076,-0.00758620689655,1987MM06,107.983737024
40969,A4,309100,40969,5.87641196013,-0.00896551724138,1987MM07,107.85916955
40970,A4,309100,40970,5.8634551495,-0.0103448275862,1987MM08,107.734602076
40971,A4,309100,40971,5.85049833887,-0.011724137931,1987MM09,107.610034602
40972,A4,309100,40972,5.83754152824,-0.0131034482759,1987MM10,107.485467128
40973,A4,309100,40973,5.82458471761,-0.0144827586207,1987MM11,107.360899654
40974,A4,309100,40974,5.81162790698,-0.0158620689655,1987MM12,107.23633218
40976,A4,309100,40976,5.79867109635,-0.0172413793103,1988MM01,107.111764706
40977,A4,309100,40977,5.78571428571,-0.0186206896552,1988MM02,106.987197232
40978,A4,309100,40978,5.77275747508,-0.02,1988MM03,106.862629758
40979,A4,309100,40979,5.75980066445,-0.0213793103448,1988MM04,106.738062284
40980,A4,309100,40980,5.74684385382,-0.0227586206897,1988MM05,106.61349481
40981,A4,309100,40981,5.73388704319,-0.0241379310345,1988MM06,106.488927336
40982,A4,309100,40982,5.72093023256,-0.0255172413793,1988MM07,106.364359862
40983,A4,309100,40983,5.70797342193,-0.0268965517241,1988MM08,106.239792388
40984,A4,309100,40984,5.6950166113,-0.028275862069,1988MM09,106.115224913
40985,A4,309100,40985,5.68205980066,-0.0296551724138,1988MM10,105.990657439
40986,A4,309100,40986,5.66910299003,-0.0310344827586,1988MM11,105.866089965
40987,A4,309100,40987,5.6561461794,-0.0324137931034,1988MM12,105.741522491
40989,A4,309100,40989,5.64318936877,-0.0337931034483,1989MM01,105.616955017
40990,A4,309100,40990,5.63023255814,-0.0351724137931,1989MM02,105.492387543
40991,A4,309100,40991,5.61727574751,-0.0365517241379,1989MM03,105.367820069
40992,A4,309100,40992,5.60431893688,-0.0379310344828,1989MM04,105.243252595
40993,A4,309100,40993,5.59136212625,-0.0393103448276,1989MM05,105.118685121
40994,A4,309100,40994,5.57840531561,-0.0406896551724,1989MM06,104.994117647
40995,A4,309100,40995,5.56544850498,-0.0420689655172,1989MM07,104.869550173
40996,A4,309100,40996,5.55249169435,-0.0434482758621,1989MM08,104.744982699
40997,A4,309100,40997,5.53953488372,-0.0448275862069,1989MM09,104.620415225
40998,A4,309100,40998,5.52657807309,-0.0462068965517,1989MM10,104.495847751
40999,A4,309100,40999,5.51362126246,-0.0475862068966,1989MM11,104.371280277
41000,A4,309100,41000,5.50066445183,-0.0489655172414,1989MM12,104.246712803
41002,A4,309100,41002,5.4877076412,-0.0503448275862,1990MM01,104.122145329
41003,A4,309100,41003,5.47475083056,-0.051724137931,1990MM02,103.997577855
41004,A4,309100,41004,5.46179401993,-0.0531034482759,1990MM03,103.873010381
41005,A4,309100,41005,5.4488372093,-0.0544827586207,1990MM04,103.748442907
41006,A4,309100,41006,5.43588039867,-0.0558620689655,1990MM05,103.623875433
41007,A4,309100,41007,5.42292358804,-0.0572413793103,1990MM06,103.499307958
41008,A4,309100,41008,5.40996677741,-0.0586206896552,1990MM07,103.374740484
41009,A4,309100,41009,5.39700996678,-0.06,1990MM08,103.25017301
41010,A4,309100,41010,5.38405315615,-0.0613793103448,1990MM09,103.125605536
41011,A4,309100,41011,5.37109634551,-0.0627586206897,1990MM10,103.001038062
41012,A4,309100,41012,5.35813953488,-0.0641379310345,1990MM11,102.876470588
41013,A4,309100,41013,5.34518272425,-0.0655172413793,1990MM12,102.751903114
41015,A4,309100,41015,5.33222591362,-0.0668965517241,1991MM01,102.62733564
41016,A4,309100,41016,5.31926910299,-0.068275862069,1991MM02,102.502768166
41017,A4,309100,41017,5.30631229236,-0.0696551724138,1991MM03,102.378200692
41018,A4,309100,41018,5.29335548173,-0.0710344827586,1991MM04,102.253633218
41019,A4,309100,41019,5.2803986711,-0.0724137931034,1991MM05,102.129065744
41020,A4,309100,41020,5.26744186047,-0.0737931034483,1991MM06,102.00449827
41021,A4,309100,41021,5.25448504983,-0.0751724137931,1991MM07,101.879930796
41022,A4,309100,41022,5.2415282392,-0.0765517241379,1991MM08,101.755363322
41023,A4,309100,41023,5.22857142857,-0.0779310344828,1991MM09,101.630795848
41024,A4,309100,41024,5.21561461794,-0.0793103448276,1991MM10,101.506228374
41025,A4,309100,41025,5.20265780731,-0.0806896551724,1991MM11,101.3816609
41026,A4,309100,41026,5.18970099668,-0.0820689655172,1991MM12,101.257093426
41028,A4,309100,41028,5.17674418605,-0.0834482758621,1992MM01,101.132525952
41029,A4,309100,41029,5.16378737542,-0.0848275862069,1992MM02,101.007958478
41030,A4,309100,41030,5.15083056478,-0.0862068965517,1992MM03,100.883391003
41031,A4,309100,41031,5.13787375415,-0.0875862068966,1992MM04,100.758823529
41032,A4,309100,41032,5.12491694352,-0.0889655172414,1992MM05,100.634256055
41033,A4,309100,41033,5.11196013289,-0.0903448275862,1992MM06,100.509688581
41034,A4,309100,41034,5.09900332226,-0.091724137931,1992MM07,100.385121107
41035,A4,309100,41035,5.08604651163,-0.0931034482759,1992MM08,100.260553633
41036,A4,309100,41036,5.073089701,-0.0944827586207,1992MM09,100.135986159
41037,A4,309100,41037,5.06013289037,-0.0958620689655,1992MM10,100.011418685
41038,A4,309100,41038,5.04717607973,-0.0972413793103,1992MM11,99.8868512111
41039,A4,309100,41039,5.0342192691,-0.0986206896552,1992MM12,99.762283737
41041,A4,309100,41041,5.02126245847,-0.1,1993MM01,99.637716263
41042,A4,309100,41042,5.00830564784,-0.101379310345,1993MM02,99.5131487889
41043,A4,309100,41043,4.99534883721,-0.10275862069,1993MM03,99.3885813149
41044,A4,309100,41044,4.98239202658,-0.104137931034,1993MM04,99.2640138408
41045,A4,309100,41045,4.96943521595,-0.105517241379,1993MM05,99.1394463668
41046,A4,309100,41046,4.95647840532,-0.106896551724,1993MM06,99.0148788927
41047,A4,309100,41047,4.94352159468,-0.108275862069,1993MM07,98.8903114187
41048,A4,309100,41048,4.93056478405,-0.109655172414,1993MM08,98.7657439446
41049,A4,309100,41049,4.91760797342,-0.111034482759,1993MM09,98.6411764706
41050,A4,309100,41050,4.90465116279,-0.112413793103,1993MM10,98.5166089965
41051,A4,309100,41051,4.89169435216,-0.113793103448,1993MM11,98.3920415225
41052,A4,309100,41052,4.87873754153,-0.115172413793,1993MM12,98.2674740484
41054,A4,309100,41054,4.8657807309,-0.116551724138,1994MM01,98.1429065744
41055,A4,309100,41055,4.85282392027,-0.117931034483,1994MM02,98.0183391003
41056,A4,309100,41056,4.83986710963,-0.119310344828,1994MM03,97.8937716263
41057,A4,309100,41057,4.826910299,-0.120689655172,1994MM04,97.7692041522
41058,A4,309100,41058,4.81395348837,-0.122068965517,1994MM05,97.6446366782
41059,A4,309100,41059,4.80099667774,-0.123448275862,1994MM06,97.5200692042
41060,A4,309100,41060,4.78803986711,-0.124827586207,1994MM07,97.3955017301
41061,A4,309100,41061,4.77508305648,-0.126206896552,1994MM08,97.2709342561
41062,A4,309100,41062,4.76212624585,-0.127586206897,1994MM09,97.146366782
41063,A4,309100,41063,4.74916943522,-0.128965517241,1994MM10,97.021799308
41064,A4,309100,41064,4.73621262458,-0.130344827586,1994MM11,96.8972318339
41065,A4,309100,41065,4.72325581395,-0.131724137931,1994MM12,96.7726643599
41067,A4,309100,41067,4.71029900332,-0.133103448276,1995MM01,96.6480968858
41068,A4,309100,41068,4.69734219269,-0.134482758621,1995MM02,96.5235294118
41069,A4,309100,41069,4.68438538206,-0.135862068966,1995MM03,96.3989619377
41070,A4,309100,41070,4.67142857143,-0.13724137931,1995MM04,96.2743944637
41071,A4,309100,41071,4.6584717608,-0.138620689655,1995MM05,96.1498269896
41072,A4,309100,41072,4.64551495017,-0.14,1995MM06,96.0252595156
41073,A4,309100,41073,4.63255813953,-0.141379310345,1995MM07,95.9006920415
41074,A4,309100,41074,4.6196013289,-0.14275862069,1995MM08,95.7761245675
41075,A4,309100,41075,4.60664451827,-0.144137931034,1995MM09,95.6515570934
41076,A4,309100,41076,4.59368770764,-0.145517241379,1995MM10,95.5269896194
41077,A4,309100,41077,4.58073089701,-0.146896551724,1995MM11,95.4024221453
41078,A4,309100,41078,4.56777408638,-0.148275862069,1995MM12,95.2778546713
41080,A4,309100,41080,4.55481727575,-0.149655172414,1996MM01,95.1532871972
41081,A4,309100,41081,4.54186046512,-0.151034482759,1996MM02,95.0287197232
41082,A4,309100,41082,4.52890365449,-0.152413793103,1996MM03,94.9041522491
41083,A4,309100,41083,4.51594684385,-0.153793103448,1996MM04,94.7795847751
41084,A4,309100,41084,4.50299003322,-0.155172413793,1996MM05,94.655017301
41085,A4,309100,41085,4.49003322259,-0.156551724138,1996MM06,94.530449827
41086,A4,309100,41086,4.47707641196,-0.157931034483,1996MM07,94.4058823529
41087,A4,309100,41087,4.46411960133,-0.159310344828,1996MM08,94.2813148789
41088,A4,309100,41088,4.4511627907,-0.160689655172,1996MM09,94.1567474048
41089,A4,309100,41089,4.43820598007,-0.162068965517,1996MM10,94.0321799308
41090,A4,309100,41090,4.42524916944,-0.163448275862,1996MM11,93.9076124567
41091,A4,309100,41091,4.4122923588,-0.164827586207,1996MM12,93.7830449827
41093,A4,309100,41093,4.39933554817,-0.166206896552,1997MM01,93.6584775087
41094,A4,309100,41094,4.38637873754,-0.167586206897,1997MM02,93.5339100346
41095,A4,309100,41095,4.37342192691,-0.168965517241,1997MM03,93.4093425606
41096,A4,309100,41096,4.36046511628,-0.170344827586,1997MM04,93.2847750865
41097,A4,309100,41097,4.34750830565,-0.171724137931,1997MM05,93.1602076125
41098,A4,309100,41098,4.33455149502,-0.173103448276,1997MM06,93.0356401384
41099,A4,309100,41099,4.32159468439,-0.174482758621,1997MM07,92.9110726644
41100,A4,309100,41100,4.30863787375,-0.175862068966,1997MM08,92.7865051903
41101,A4,309100,41101,4.29568106312,-0.17724137931,1997MM09,92.6619377163
41102,A4,309100,41102,4.28272425249,-0.178620689655,1997MM10,92.5373702422
41103,A4,309100,41103,4.26976744186,-0.18,1997MM11,92.4128027682
41104,A4,309100,41104,4.25681063123,-0.181379310345,1997MM12,92.2882352941
41106,A4,309100,41106,4.2438538206,-0.18275862069,1998MM01,92.1636678201
41107,A4,309100,41107,4.23089700997,-0.184137931034,1998MM02,92.039100346
41108,A4,309100,41108,4.21794019934,-0.185517241379,1998MM03,91.914532872
41109,A4,309100,41109,4.2049833887,-0.186896551724,1998MM04,91.7899653979
41110,A4,309100,41110,4.19202657807,-0.188275862069,1998MM05,91.6653979239
41111,A4,309100,41111,4.17906976744,-0.189655172414,1998MM06,91.5408304498
41112,A4,309100,41112,4.16611295681,-0.191034482759,1998MM07,91.4162629758
41113,A4,309100,41113,4.15315614618,-0.192413793103,1998MM08,91.2916955017
41114,A4,309100,41114,4.14019933555,-0.193793103448,1998MM09,91.1671280277
41115,A4,309100,41115,4.12724252492,-0.195172413793,1998MM10,91.0425605536
41116,A4,309100,41116,4.11428571429,-0.196551724138,1998MM11,90.9179930796
41117,A4,309100,41117,4.10132890365,-0.197931034483,1998MM12,90.7934256055
41119,A4,309100,41119,4.08837209302,-0.199310344828,1999MM01,90.6688581315
41120,A4,309100,41120,4.07541528239,-0.200689655172,1999MM02,90.5442906574
41121,A4,309100,41121,4.06245847176,-0.202068965517,1999MM03,90.4197231834
41122,A4,309100,41122,4.04950166113,-0.203448275862,1999MM04,90.2951557093
41123,A4,309100,41123,4.0365448505,-0.204827586207,1999MM05,90.1705882353
41124,A4,309100,41124,4.02358803987,-0.206206896552,1999MM06,90.0460207612
41125,A4,309100,41125,4.01063122924,-0.207586206897,1999MM07,89.9214532872
41126,A4,309100,41126,3.9976744186,-0.208965517241,1999MM08,89.7968858131
41127,A4,309100,41127,3.98471760797,-0.210344827586,1999MM09,89.6723183391
41128,A4,309100,41128,3.97176079734,-0.211724137931,1999MM10,89.5477508651
41129,A4,309100,41129,3.95880398671,-0.213103448276,1999MM11,89.423183391
41130,A4,309100,41130,3.94584717608,-0.214482758621,1999MM12,89.298615917
41132,A4,309100,41132,3.93289036545,-0.215862068966,2000MM01,89.1740484429
41133,A4,309100,41133,3.91993355482,-0.21724137931,2000MM02,89.0494809689
41134,A4,309100,41134,3.90697674419,-0.218620689655,2000MM03,88.9249134948
41135,A4,309100,41135,3.89401993355,-0.22,2000MM04,88.8003460208
41136,A4,309100,41136,3.88106312292,-0.221379310345,2000MM05,88.6757785467
41137,A4,309100,41137,3.86810631229,-0.22275862069,2000MM06,88.5512110727
41138,A4,309100,41138,3.85514950166,-0.224137931034,2000MM07,88.4266435986
41139,A4,309100,41139,3.84219269103,-0.225517241379,2000MM08,88.3020761246
41140,A4,309100,41140,3.8292358804,-0.226896551724,2000MM09,88.1775086505
41141,A4,309100,41141,3.81627906977,-0.228275862069,2000MM10,88.0529411765
41142,A4,309100,41142,3.80332225914,-0.229655172414,2000MM11,87.9283737024
41143,A4,309100,41143,3.7903654485,-0.231034482759,2000MM12,87.8038062284
41145,A4,309100,41145,3.77740863787,-0.232413793103,2001MM01,87.6792387543
41146,A4,309100,41146,3.76445182724,-0.233793103448,2001MM02,87.5546712803
41147,A4,309100,41147,3.75149501661,-0.235172413793,2001MM03,87.4301038062
41148,A4,309100,41148,3.73853820598,-0.236551724138,2001MM04,87.3055363322
41149,A4,309100,41149,3.72558139535,-0.237931034483,2001MM05,87.1809688581
41150,A4,309100,41150,3.71262458472,-0.239310344828,2001MM06,87.0564013841
41151,A4,309100,41151,3.69966777409,-0.240689655172,2001MM07,86.93183391
41152,A4,309100,41152,3.68671096346,-0.242068965517,2001MM08,86.807266436
41153,A4,309100,41153,3.67375415282,-0.243448275862,2001MM09,86.6826989619
41154,A4,309100,41154,3.66079734219,-0.244827586207,2001MM10,86.5581314879
41155,A4,309100,41155,3.64784053156,-0.246206896552,2001MM11,86.4335640138
41156,A4,309100,41156,3.63488372093,-0.247586206897,2001MM12,86.3089965398
41158,A4,309100,41158,3.6219269103,-0.248965517241,2002MM01,86.1844290657
41159,A4,309100,41159,3.60897009967,-0.250344827586,2002MM02,86.0598615917
41160,A4,309100,41160,3.59601328904,-0.251724137931,2002MM03,85.9352941176
41161,A4,309100,41161,3.58305647841,-0.253103448276,2002MM04,85.8107266436
41162,A4,309100,41162,3.57009966777,-0.254482758621,2002MM05,85.6861591696
41163,A4,309100,41163,3.55714285714,-0.255862068966,2002MM06,85.5615916955
41164,A4,309100,41164,3.54418604651,-0.25724137931,2002MM07,85.4370242215
41165,A4,309100,41165,3.53122923588,-0.258620689655,2002MM08,85.3124567474
41166,A4,309100,41166,3.51827242525,-0.26,2002MM09,85.1878892734
41167,A4,309100,41167,3.50531561462,-0.261379310345,2002MM10,85.0633217993
41168,A4,309100,41168,3.49235880399,-0.26275862069,2002MM11,84.9387543253
41169,A4,309100,41169,3.47940199336,-0.264137931034,2002MM12,84.8141868512
41171,A4,309100,41171,3.46644518272,-0.265517241379,2003MM01,84.6896193772
41172,A4,309100,41172,3.45348837209,-0.266896551724,2003MM02,84.5650519031
41173,A4,309100,41173,3.44053156146,-0.268275862069,2003MM03,84.4404844291
41174,A4,309100,41174,3.42757475083,-0.269655172414,2003MM04,84.315916955
41175,A4,309100,41175,3.4146179402,-0.271034482759,2003MM05,84.191349481
41176,A4,309100,41176,3.40166112957,-0.272413793103,2003MM06,84.0667820069
41177,A4,309100,41177,3.38870431894,-0.273793103448,2003MM07,83.9422145329
41178,A4,309100,41178,3.37574750831,-0.275172413793,2003MM08,83.8176470588
41179,A4,309100,41179,3.36279069767,-0.276551724138,2003MM09,83.6930795848
41180,A4,309100,41180,3.34983388704,-0.277931034483,2003MM10,83.5685121107
41181,A4,309100,41181,3.33687707641,-0.279310344828,2003MM11,83.4439446367
41182,A4,309100,41182,3.32392026578,-0.280689655172,2003MM12,83.3193771626
41184,A4,309100,41184,3.31096345515,-0.282068965517,2004MM01,83.1948096886
41185,A4,309100,41185,3.29800664452,-0.283448275862,2004MM02,83.0702422145
41186,A4,309100,41186,3.28504983389,-0.284827586207,2004MM03,82.9456747405
41187,A4,309100,41187,3.27209302326,-0.286206896552,2004MM04,82.8211072664
41188,A4,309100,41188,3.25913621262,-0.287586206897,2004MM05,82.6965397924
41189,A4,309100,41189,3.24617940199,-0.288965517241,2004MM06,82.5719723183
41190,A4,309100,41190,3.23322259136,-0.290344827586,2004MM07,82.4474048443
41191,A4,309100,41191,3.22026578073,-0.291724137931,2004MM08,82.3228373702
41192,A4,309100,41192,3.2073089701,-0.293103448276,2004MM09,82.1982698962
41193,A4,309100,41193,3.19435215947,-0.294482758621,2004MM10,82.0737024221
41194,A4,309100,41194,3.18139534884,-0.295862068966,2004MM11,81.9491349481
41195,A4,309100,41195,3.16843853821,-0.29724137931,2004MM12,81.824567474
41197,A4,309100,41197,3.15548172757,-0.298620689655,2005MM01,81.7
41198,A4,309100,41198,3.14252491694,-0.3,2005MM02,81.4
41199,A4,309100,41199,3.12956810631,-0.2,2005MM03,81.2
41200,A4,309100,41200,3.11661129568,0.9,2005MM04,82.0
41201,A4,309100,41201,3.10365448505,0.5,2005MM05,82.4
41202,A4,309100,41202,3.09069767442,0.1,2005MM06,82.5
41203,A4,309100,41203,3.07774086379,0.9,2005MM07,83.2
41204,A4,309100,41204,3.06478405316,-0.2,2005MM08,83.1
41205,A4,309100,41205,3.05182724252,0.4,2005MM09,83.4
41206,A4,309100,41206,3.03887043189,0.0,2005MM10,83.4
41207,A4,309100,41207,3.02591362126,0.9,2005MM11,84.1
41208,A4,309100,41208,3.01295681063,0.0,2005MM12,84.1
41210,A4,309100,41210,3.0,0.0,2006MM01,84.1
41211,A4,309100,41211,3.4,0.1,2006MM02,84.2
41212,A4,309100,41212,3.9,0.2,2006MM03,84.4
41213,A4,309100,41213,2.9,0.0,2006MM04,84.4
41214,A4,309100,41214,1.5,-0.9,2006MM05,83.6
41215,A4,309100,41215,0.9,-0.5,2006MM06,83.2
41216,A4,309100,41216,0.2,0.2,2006MM07,83.4
41217,A4,309100,41217,1.2,0.8,2006MM08,84.1
41218,A4,309100,41218,2.2,1.3,2006MM09,85.2
41219,A4,309100,41219,4.0,1.8,2006MM10,86.7
41220,A4,309100,41220,4.1,1.0,2006MM11,87.6
41221,A4,309100,41221,5.0,0.9,2006MM12,88.4
41223,A4,309100,41223,6.9,1.8,2007MM01,89.9
41224,A4,309100,41224,7.2,0.3,2007MM02,90.2
41225,A4,309100,41225,7.4,0.5,2007MM03,90.7
41226,A4,309100,41226,13.9,6.0,2007MM04,96.1
41227,A4,309100,41227,15.6,0.6,2007MM05,96.7
41228,A4,309100,41228,17.3,0.9,2007MM06,97.6
41229,A4,309100,41229,30.1,11.1,2007MM07,108.4
41230,A4,309100,41230,32.0,2.4,2007MM08,111.0
41231,A4,309100,41231,33.1,2.1,2007MM09,113.4
41232,A4,309100,41232,33.8,2.4,2007MM10,116.1
41233,A4,309100,41233,31.4,-0.8,2007MM11,115.1
41234,A4,309100,41234,28.6,-1.3,2007MM12,113.6
41236,A4,309100,41236,16.8,-7.5,2008MM01,105.1
41237,A4,309100,41237,13.3,-2.7,2008MM02,102.3
41238,A4,309100,41238,11.4,-1.3,2008MM03,101.0
41239,A4,309100,41239,3.6,-1.4,2008MM04,99.6
41240,A4,309100,41240,2.8,-0.2,2008MM05,99.4
41241,A4,309100,41241,2.8,0.9,2008MM06,100.3
41242,A4,309100,41242,-10.6,-3.4,2008MM07,96.9
41243,A4,309100,41243,-13.5,-0.9,2008MM08,96.0
41244,A4,309100,41244,-15.1,0.2,2008MM09,96.2
41245,A4,309100,41245,-19.5,-2.9,2008MM10,93.5
41246,A4,309100,41246,-19.9,-1.3,2008MM11,92.2
41247,A4,309100,41247,-19.4,-0.8,2008MM12,91.5
41249,A4,309100,41249,-18.5,-6.5,2009MM01,85.6
41250,A4,309100,41250,-16.8,-0.6,2009MM02,85.0
41251,A4,309100,41251,-16.5,-0.8,2009MM03,84.3
41252,A4,309100,41252,-17.8,-2.9,2009MM04,81.9
41253,A4,309100,41253,-17.7,-0.1,2009MM05,81.8
41254,A4,309100,41254,-18.2,0.3,2009MM06,82.1
41255,A4,309100,41255,-15.5,-0.2,2009MM07,81.9
41256,A4,309100,41256,-15.5,-0.9,2009MM08,81.2
41257,A4,309100,41257,-13.6,2.4,2009MM09,83.1
41258,A4,309100,41258,-7.6,3.9,2009MM10,86.4
41259,A4,309100,41259,-2.8,3.8,2009MM11,89.6
41260,A4,309100,41260,-4.3,-2.3,2009MM12,87.6
41262,A4,309100,41262,9.9,7.4,2010MM01,94.1
41263,A4,309100,41263,8.7,-1.7,2010MM02,92.4
41264,A4,309100,41264,10.7,1.0,2010MM03,93.4
41265,A4,309100,41265,15.3,1.2,2010MM04,94.5
41266,A4,309100,41266,19.5,3.5,2010MM05,97.8
41267,A4,309100,41267,23.3,3.4,2010MM06,101.1
41268,A4,309100,41268,27.5,3.3,2010MM07,104.4
41269,A4,309100,41269,29.3,0.5,2010MM08,104.9
41270,A4,309100,41270,25.0,-0.9,2010MM09,103.9
41271,A4,309100,41271,21.6,1.0,2010MM10,105.0
41272,A4,309100,41272,16.5,-0.5,2010MM11,104.5
41273,A4,309100,41273,18.6,-0.5,2010MM12,103.9
41275,A4,309100,41275,12.7,2.0,2011MM01,106.0
41276,A4,309100,41276,17.2,2.2,2011MM02,108.4
41277,A4,309100,41277,18.1,1.8,2011MM03,110.3
41278,A4,309100,41278,18.3,1.3,2011MM04,111.8
41279,A4,309100,41279,15.1,0.7,2011MM05,112.6
41280,A4,309100,41280,14.6,2.9,2011MM06,115.9
41281,A4,309100,41281,10.9,0.0,2011MM07,115.8
41282,A4,309100,41282,9.4,-0.9,2011MM08,114.8
41283,A4,309100,41283,11.0,0.5,2011MM09,115.4
41284,A4,309100,41284,9.3,-0.6,2011MM10,114.7
41285,A4,309100,41285,8.8,-0.9,2011MM11,113.7
41286,A4,309100,41286,8.8,-0.6,2011MM12,113.0
41288,A4,309100,41288,7.6,0.9,2012MM01,114.0
41289,A4,309100,41289,4.3,-0.9,2012MM02,113.0
41290,A4,309100,41290,2.3,-0.2,2012MM03,112.8
41291,A4,309100,41291,-1.2,-2.1,2012MM04,110.4
41292,A4,309100,41292,-2.5,-0.5,2012MM05,109.8
41293,A4,309100,41293,-4.5,0.8,2012MM06,110.7
41294,A4,309100,41294,-2.7,1.9,2012MM07,112.8
41295,A4,309100,41295,-2.1,-0.4,2012MM08,112.3
41296,A4,309100,41296,-2.2,0.4,2012MM09,112.8
41297,A4,309100,41297,0.2,1.9,2012MM10,114.9
41298,A4,309100,41298,1.8,0.7,2012MM11,115.8
41299,A4,309100,41299,2.1,-0.3,2012MM12,115.4
41301,A4,309100,41301,1.0,-0.2,2013MM01,115.2
41302,A4,309100,41302,2.6,0.7,2013MM02,115.9
41303,A4,309100,41303,1.3,-1.4,2013MM03,114.3
41304,A4,309100,41304,5.0,1.5,2013MM04,115.9
41305,A4,309100,41305,7.0,1.4,2013MM05,117.5
41306,A4,309100,41306,7.1,0.9,2013MM06,118.5
41307,A4,309100,41307,7.8,2.6,2013MM07,121.6
41308,A4,309100,41308,10.0,1.7,2013MM08,123.6
41309,A4,309100,41309,11.0,1.3,2013MM09,125.2
41310,A4,309100,41310,5.9,-2.8,2013MM10,121.7
41311,A4,309100,41311,5.0,-0.1,2013MM11,121.5
41312,A4,309100,41312,6.5,1.1,2013MM12,122.9
41314,A4,309100,41314,7.7,0.9,2014MM01,124.0
41315,A4,309100,41315,7.0,0.0,2014MM02,124.0
41316,A4,309100,41316,7.7,-0.8,2014MM03,123.0
41317,A4,309100,41317,5.4,-0.6,2014MM04,122.3
41318,A4,309100,41318,3.3,-0.7,2014MM05,121.5
41319,A4,309100,41319,2.3,-0.2,2014MM06,121.2
41320,A4,309100,41320,0.5,0.7,2014MM07,122.1
41321,A4,309100,41321,-1.8,-0.7,2014MM08,121.3
41322,A4,309100,41322,-3.7,-0.6,2014MM09,120.6
41323,A4,309100,41323,-3.2,-2.3,2014MM10,117.8
41324,A4,309100,41324,-3.4,-0.3,2014MM11,117.4
41325,A4,309100,41325,-5.7,-1.3,2014MM12,115.9
41327,A4,309100,41327,-6.4,0.1,2015MM01,116.0
41328,A4,309100,41328,-5.9,0.6,2015MM02,116.7
41329,A4,309100,41329,-3.8,1.4,2015MM03,118.4
41330,A4,309100,41330,-3.2,0.0,2015MM04,118.4
41331,A4,309100,41331,-4.6,-2.1,2015MM05,115.8
41332,A4,309100,41332,-7.2,-2.9,2015MM06,112.5
41333,A4,309100,41333,-9.6,-1.8,2015MM07,110.4
41334,A4,309100,41334,-12.2,-3.5,2015MM08,106.5
41335,A4,309100,41335,-11.3,0.5,2015MM09,107.0
41336,A4,309100,41336,-8.6,0.7,2015MM10,107.7
41337,A4,309100,41337,-7.3,1.0,2015MM11,108.8
41338,A4,309100,41338,-7.2,-1.1,2015MM12,107.6
41340,A4,309100,41340,-9.4,-2.2,2016MM01,105.2
41341,A4,309100,41341,-10.7,-0.9,2016MM02,104.2
41342,A4,309100,41342,-12.6,-0.7,2016MM03,103.5
41343,A4,309100,41343,-13.9,-1.5,2016MM04,101.9
41344,A4,309100,41344,-12.7,-0.7,2016MM05,101.2
41345,A4,309100,41345,-7.6,2.8,2016MM06,104.0
41346,A4,309100,41346,-4.1,1.9,2016MM07,105.9
41347,A4,309100,41347,3.5,4.1,2016MM08,110.3
41348,A4,309100,41348,9.9,6.6,2016MM09,117.6
41349,A4,309100,41349,12.9,3.5,2016MM10,121.6
41350,A4,309100,41350,11.7,-0.1,2016MM11,121.5
41351,A4,309100,41351,13.7,0.7,2016MM12,122.4
41353,A4,309100,41353,18.1,1.6,2017MM01,124.3
41354,A4,309100,41354,18.0,-1.1,2017MM02,122.9
41355,A4,309100,41355,18.4,-0.4,2017MM03,122.5
41356,A4,309100,41356,20.0,-0.2,2017MM04,122.3
41357,A4,309100,41357,22.3,1.2,2017MM05,123.8
41358,A4,309100,41358,23.4,3.7,2017MM06,128.3
41359,A4,309100,41359,24.3,2.6,2017MM07,131.6
41360,A4,309100,41360,18.8,-0.4,2017MM08,131.1
41361,A4,309100,41361,12.2,0.7,2017MM09,131.9
41362,A4,309100,41362,5.2,-3.0,2017MM10,128.0
41363,A4,309100,41363,1.9,-3.3,2017MM11,123.8
41364,A4,309100,41364,-0.2,-1.3,2017MM12,122.2
