,Afzet,BedrijfstakkenBranchesSBI2008,ID,OntwikkelingTOV1JaarEerder_2,OntwikkelingTOV1MaandEerder_3,Perioden,ProducentenprijsindexPPI_1
8970,A6,309100,8970,,,2005MM01,82.7
8971,A6,309100,8971,,-0.3,2005MM02,82.4
8972,A6,309100,8972,,-0.1,2005MM03,82.4
8973,A6,309100,8973,,0.4,2005MM04,82.7
8974,A6,309100,8974,,0.4,2005MM05,83.0
8975,A6,309100,8975,,0.0,2005MM06,83.0
8976,A6,309100,8976,,1.0,2005MM07,83.9
8977,A6,309100,8977,,-0.4,2005MM08,83.6
8978,A6,309100,8978,,0.3,2005MM09,83.8
8979,A6,309100,8979,,0.1,2005MM10,83.9
8980,A6,309100,8980,,0.6,2005MM11,84.4
8981,A6,309100,8981,,-0.1,2005MM12,84.3
8983,A6,309100,8983,2.7,0.6,2006MM01,84.9
8984,A6,309100,8984,3.0,0.0,2006MM02,84.9
8985,A6,309100,8985,3.3,0.2,2006MM03,85.1
8986,A6,309100,8986,2.9,0.0,2006MM04,85.1
8987,A6,309100,8987,1.9,-0.6,2006MM05,84.6
8988,A6,309100,8988,1.5,-0.3,2006MM06,84.3
8989,A6,309100,8989,0.3,-0.2,2006MM07,84.1
8990,A6,309100,8990,1.0,0.3,2006MM08,84.4
8991,A6,309100,8991,1.9,1.1,2006MM09,85.4
8992,A6,309100,8992,2.9,1.1,2006MM10,86.3
8993,A6,309100,8993,2.9,0.7,2006MM11,86.9
8994,A6,309100,8994,3.5,0.5,2006MM12,87.3
8996,A6,309100,8996,4.2,1.3,2007MM01,88.5
8997,A6,309100,8997,4.5,0.2,2007MM02,88.7
8998,A6,309100,8998,4.9,0.6,2007MM03,89.2
8999,A6,309100,8999,10.6,5.4,2007MM04,94.1
9000,A6,309100,9000,12.0,0.7,2007MM05,94.7
9001,A6,309100,9001,13.2,0.8,2007MM06,95.4
9002,A6,309100,9002,24.0,9.3,2007MM07,104.3
9003,A6,309100,9003,25.3,1.4,2007MM08,105.8
9004,A6,309100,9004,26.0,1.6,2007MM09,107.6
9005,A6,309100,9005,27.2,2.1,2007MM10,109.8
9006,A6,309100,9006,25.7,-0.5,2007MM11,109.2
9007,A6,309100,9007,24.5,-0.5,2007MM12,108.7
9009,A6,309100,9009,16.3,-5.3,2008MM01,102.9
9010,A6,309100,9010,14.5,-1.3,2008MM02,101.6
9011,A6,309100,9011,12.3,-1.3,2008MM03,100.3
9012,A6,309100,9012,5.9,-0.6,2008MM04,99.7
9013,A6,309100,9013,5.2,0.0,2008MM05,99.7
9014,A6,309100,9014,5.1,0.7,2008MM06,100.3
9015,A6,309100,9015,-7.4,-3.7,2008MM07,96.6
9016,A6,309100,9016,-9.0,-0.3,2008MM08,96.3
9017,A6,309100,9017,-9.9,0.6,2008MM09,96.9
9018,A6,309100,9018,-15.0,-3.7,2008MM10,93.3
9019,A6,309100,9019,-15.3,-0.9,2008MM11,92.5
9020,A6,309100,9020,-15.3,-0.4,2008MM12,92.1
9022,A6,309100,9022,-13.5,-3.3,2009MM01,89.0
9023,A6,309100,9023,-12.8,-0.5,2009MM02,88.6
9024,A6,309100,9024,-12.4,-0.8,2009MM03,87.9
9025,A6,309100,9025,-16.4,-5.2,2009MM04,83.3
9026,A6,309100,9026,-16.4,0.1,2009MM05,83.3
9027,A6,309100,9027,-17.2,-0.3,2009MM06,83.1
9028,A6,309100,9028,-13.2,1.0,2009MM07,83.9
9029,A6,309100,9029,-13.1,-0.2,2009MM08,83.7
9030,A6,309100,9030,-12.1,1.8,2009MM09,85.2
9031,A6,309100,9031,-5.7,3.2,2009MM10,87.9
9032,A6,309100,9032,-1.8,3.3,2009MM11,90.8
9033,A6,309100,9033,-1.9,-0.6,2009MM12,90.3
9035,A6,309100,9035,5.6,4.0,2010MM01,94.0
9036,A6,309100,9036,5.2,-0.9,2010MM02,93.2
9037,A6,309100,9037,7.0,0.9,2010MM03,94.0
9038,A6,309100,9038,15.6,2.4,2010MM04,96.3
9039,A6,309100,9039,19.6,3.5,2010MM05,99.7
9040,A6,309100,9040,22.1,1.8,2010MM06,101.4
9041,A6,309100,9041,23.3,1.9,2010MM07,103.4
9042,A6,309100,9042,23.9,0.3,2010MM08,103.7
9043,A6,309100,9043,21.6,-0.2,2010MM09,103.6
9044,A6,309100,9044,18.1,0.3,2010MM10,103.8
9045,A6,309100,9045,13.8,-0.5,2010MM11,103.3
9046,A6,309100,9046,14.6,0.1,2010MM12,103.5
9048,A6,309100,9048,11.6,1.3,2011MM01,104.9
9049,A6,309100,9049,15.7,2.8,2011MM02,107.8
9050,A6,309100,9050,15.7,0.9,2011MM03,108.8
9051,A6,309100,9051,13.5,0.4,2011MM04,109.3
9052,A6,309100,9052,9.8,0.2,2011MM05,109.5
9053,A6,309100,9053,10.3,2.2,2011MM06,111.9
9054,A6,309100,9054,8.5,0.3,2011MM07,112.2
9055,A6,309100,9055,7.5,-0.7,2011MM08,111.5
9056,A6,309100,9056,7.8,0.2,2011MM09,111.6
9057,A6,309100,9057,7.1,-0.4,2011MM10,111.2
9058,A6,309100,9058,6.5,-1.0,2011MM11,110.1
9059,A6,309100,9059,5.7,-0.7,2011MM12,109.4
9061,A6,309100,9061,5.0,0.7,2012MM01,110.2
9062,A6,309100,9062,1.4,-0.8,2012MM02,109.3
9063,A6,309100,9063,-0.4,-0.9,2012MM03,108.4
9064,A6,309100,9064,-2.9,-2.2,2012MM04,106.1
9065,A6,309100,9065,-3.7,-0.7,2012MM05,105.4
9066,A6,309100,9066,-5.5,0.3,2012MM06,105.7
9067,A6,309100,9067,-4.4,1.5,2012MM07,107.3
9068,A6,309100,9068,-3.2,0.5,2012MM08,107.8
9069,A6,309100,9069,-2.6,0.8,2012MM09,108.8
9070,A6,309100,9070,-0.6,1.7,2012MM10,110.6
9071,A6,309100,9071,1.2,0.7,2012MM11,111.4
9072,A6,309100,9072,1.4,-0.4,2012MM12,110.9
9074,A6,309100,9074,0.8,0.1,2013MM01,111.0
9075,A6,309100,9075,1.8,0.2,2013MM02,111.3
9076,A6,309100,9076,2.3,-0.4,2013MM03,110.9
9077,A6,309100,9077,6.6,1.9,2013MM04,113.0
9078,A6,309100,9078,8.5,1.2,2013MM05,114.4
9079,A6,309100,9079,9.7,1.4,2013MM06,115.9
9080,A6,309100,9080,9.9,1.7,2013MM07,117.9
9081,A6,309100,9081,10.6,1.2,2013MM08,119.3
9082,A6,309100,9082,10.5,0.7,2013MM09,120.2
9083,A6,309100,9083,7.3,-1.3,2013MM10,118.6
9084,A6,309100,9084,6.4,-0.1,2013MM11,118.5
9085,A6,309100,9085,8.3,1.4,2013MM12,120.1
9087,A6,309100,9087,9.4,1.1,2014MM01,121.5
9088,A6,309100,9088,8.7,-0.4,2014MM02,121.0
9089,A6,309100,9089,8.2,-0.9,2014MM03,120.0
9090,A6,309100,9090,5.2,-0.9,2014MM04,118.9
9091,A6,309100,9091,3.1,-0.8,2014MM05,117.9
9092,A6,309100,9092,1.6,-0.1,2014MM06,117.7
9093,A6,309100,9093,0.0,0.1,2014MM07,117.8
9094,A6,309100,9094,-3.0,-1.8,2014MM08,115.7
9095,A6,309100,9095,-4.5,-0.8,2014MM09,114.8
9096,A6,309100,9096,-5.0,-1.8,2014MM10,112.7
9097,A6,309100,9097,-5.8,-1.0,2014MM11,111.6
9098,A6,309100,9098,-8.9,-2.0,2014MM12,109.4
9100,A6,309100,9100,-10.3,-0.4,2015MM01,109.0
9101,A6,309100,9101,-10.1,-0.2,2015MM02,108.7
9102,A6,309100,9102,-8.8,0.6,2015MM03,109.4
9103,A6,309100,9103,-8.7,-0.7,2015MM04,108.6
9104,A6,309100,9104,-9.6,-1.9,2015MM05,106.5
9105,A6,309100,9105,-11.3,-2.0,2015MM06,104.4
9106,A6,309100,9106,-13.4,-2.3,2015MM07,102.0
9107,A6,309100,9107,-13.9,-2.4,2015MM08,99.6
9108,A6,309100,9108,-12.6,0.7,2015MM09,100.3
9109,A6,309100,9109,-10.5,0.5,2015MM10,100.8
9110,A6,309100,9110,-9.4,0.3,2015MM11,101.2
9111,A6,309100,9111,-8.5,-1.0,2015MM12,100.1
9113,A6,309100,9113,-8.9,-0.8,2016MM01,99.3
9114,A6,309100,9114,-9.7,-1.1,2016MM02,98.2
9115,A6,309100,9115,-11.1,-1.0,2016MM03,97.2
9116,A6,309100,9116,-11.7,-1.3,2016MM04,95.9
9117,A6,309100,9117,-11.1,-1.3,2016MM05,94.7
9118,A6,309100,9118,-7.7,1.8,2016MM06,96.4
9119,A6,309100,9119,-4.6,0.9,2016MM07,97.3
9120,A6,309100,9120,0.4,2.8,2016MM08,100.0
9121,A6,309100,9121,4.4,4.7,2016MM09,104.7
9122,A6,309100,9122,7.2,3.2,2016MM10,108.1
9123,A6,309100,9123,8.0,1.0,2016MM11,109.2
9124,A6,309100,9124,9.9,0.8,2016MM12,110.1
9126,A6,309100,9126,12.4,1.5,2017MM01,111.7
9127,A6,309100,9127,16.7,2.6,2017MM02,114.6
9128,A6,309100,9128,17.3,-0.5,2017MM03,114.0
9129,A6,309100,9129,19.4,0.4,2017MM04,114.5
9130,A6,309100,9130,23.1,1.8,2017MM05,116.6
9131,A6,309100,9131,23.4,2.0,2017MM06,119.0
9132,A6,309100,9132,25.2,2.4,2017MM07,121.8
9133,A6,309100,9133,22.3,0.4,2017MM08,122.3
9134,A6,309100,9134,17.1,0.3,2017MM09,122.7
9135,A6,309100,9135,11.0,-2.1,2017MM10,120.0
9136,A6,309100,9136,7.6,-2.0,2017MM11,117.6
9137,A6,309100,9137,6.9,0.1,2017MM12,117.7
