,Afzet,BedrijfstakkenBranchesSBI2008,ID,OntwikkelingTOV1JaarEerder_2,OntwikkelingTOV1MaandEerder_3,Perioden,ProducentenprijsindexPPI_1
9451,A6,309300,9451,,,2005MM01,89.2
9452,A6,309300,9452,,-0.4,2005MM02,88.9
9453,A6,309300,9453,,-0.8,2005MM03,88.2
9454,A6,309300,9454,,0.0,2005MM04,88.2
9455,A6,309300,9455,,0.1,2005MM05,88.2
9456,A6,309300,9456,,0.1,2005MM06,88.3
9457,A6,309300,9457,,-0.7,2005MM07,87.7
9458,A6,309300,9458,,0.2,2005MM08,87.9
9459,A6,309300,9459,,-0.1,2005MM09,87.9
9460,A6,309300,9460,,-0.8,2005MM10,87.1
9461,A6,309300,9461,,0.4,2005MM11,87.4
9462,A6,309300,9462,,-0.4,2005MM12,87.1
9464,A6,309300,9464,-0.9,1.5,2006MM01,88.4
9465,A6,309300,9465,0.2,0.7,2006MM02,89.0
9466,A6,309300,9466,0.6,-0.4,2006MM03,88.7
9467,A6,309300,9467,1.3,0.7,2006MM04,89.3
9468,A6,309300,9468,1.2,0.0,2006MM05,89.3
9469,A6,309300,9469,1.7,0.6,2006MM06,89.8
9470,A6,309300,9470,3.1,0.7,2006MM07,90.4
9471,A6,309300,9471,3.5,0.6,2006MM08,91.0
9472,A6,309300,9472,3.3,-0.3,2006MM09,90.8
9473,A6,309300,9473,8.3,3.9,2006MM10,94.3
9474,A6,309300,9474,9.5,1.5,2006MM11,95.7
9475,A6,309300,9475,10.3,0.3,2006MM12,96.0
9477,A6,309300,9477,10.2,1.4,2007MM01,97.4
9478,A6,309300,9478,9.5,0.0,2007MM02,97.5
9479,A6,309300,9479,13.4,3.2,2007MM03,100.6
9480,A6,309300,9480,14.3,1.4,2007MM04,102.1
9481,A6,309300,9481,15.5,1.1,2007MM05,103.1
9482,A6,309300,9482,15.8,0.8,2007MM06,104.0
9483,A6,309300,9483,17.6,2.3,2007MM07,106.4
9484,A6,309300,9484,19.3,2.1,2007MM08,108.6
9485,A6,309300,9485,22.7,2.6,2007MM09,111.4
9486,A6,309300,9486,20.8,2.3,2007MM10,113.9
9487,A6,309300,9487,22.3,2.8,2007MM11,117.1
9488,A6,309300,9488,22.2,0.2,2007MM12,117.3
9490,A6,309300,9490,26.1,4.7,2008MM01,122.8
9491,A6,309300,9491,27.2,1.0,2008MM02,124.0
9492,A6,309300,9492,25.2,1.6,2008MM03,126.0
9493,A6,309300,9493,23.0,-0.4,2008MM04,125.5
9494,A6,309300,9494,21.1,-0.5,2008MM05,124.9
9495,A6,309300,9495,20.7,0.5,2008MM06,125.6
9496,A6,309300,9496,17.5,-0.5,2008MM07,125.0
9497,A6,309300,9497,15.6,0.4,2008MM08,125.5
9498,A6,309300,9498,12.3,-0.4,2008MM09,125.0
9499,A6,309300,9499,5.7,-3.6,2008MM10,120.5
9500,A6,309300,9500,0.4,-2.4,2008MM11,117.6
9501,A6,309300,9501,-0.9,-1.1,2008MM12,116.3
9503,A6,309300,9503,-6.5,-1.3,2009MM01,114.8
9504,A6,309300,9504,-8.7,-1.4,2009MM02,113.2
9505,A6,309300,9505,-9.9,0.3,2009MM03,113.5
9506,A6,309300,9506,-12.0,-2.7,2009MM04,110.5
9507,A6,309300,9507,-11.0,0.6,2009MM05,111.1
9508,A6,309300,9508,-11.6,-0.2,2009MM06,110.9
9509,A6,309300,9509,-13.3,-2.3,2009MM07,108.4
9510,A6,309300,9510,-14.0,-0.4,2009MM08,107.9
9511,A6,309300,9511,-15.2,-1.7,2009MM09,106.1
9512,A6,309300,9512,-16.7,-5.4,2009MM10,100.4
9513,A6,309300,9513,-15.2,-0.6,2009MM11,99.8
9514,A6,309300,9514,-14.7,-0.5,2009MM12,99.2
9516,A6,309300,9516,-15.1,-1.7,2010MM01,97.5
9517,A6,309300,9517,-14.0,-0.1,2010MM02,97.4
9518,A6,309300,9518,-14.3,-0.2,2010MM03,97.3
9519,A6,309300,9519,-12.4,-0.5,2010MM04,96.7
9520,A6,309300,9520,-13.0,0.0,2010MM05,96.7
9521,A6,309300,9521,-12.7,0.1,2010MM06,96.8
9522,A6,309300,9522,-10.2,0.5,2010MM07,97.3
9523,A6,309300,9523,-9.3,0.6,2010MM08,97.9
9524,A6,309300,9524,-5.2,2.7,2010MM09,100.5
9525,A6,309300,9525,5.0,4.8,2010MM10,105.4
9526,A6,309300,9526,7.7,2.0,2010MM11,107.5
9527,A6,309300,9527,9.8,1.3,2010MM12,108.9
9529,A6,309300,9529,21.7,8.9,2011MM01,118.6
9530,A6,309300,9530,23.6,1.5,2011MM02,120.4
9531,A6,309300,9531,24.8,0.8,2011MM03,121.4
9532,A6,309300,9532,28.0,2.1,2011MM04,123.9
9533,A6,309300,9533,28.5,0.4,2011MM05,124.3
9534,A6,309300,9534,28.7,0.3,2011MM06,124.6
9535,A6,309300,9535,27.2,-0.7,2011MM07,123.7
9536,A6,309300,9536,25.4,-0.8,2011MM08,122.8
9537,A6,309300,9537,21.8,-0.3,2011MM09,122.4
9538,A6,309300,9538,15.4,-0.6,2011MM10,121.6
9539,A6,309300,9539,12.2,-0.8,2011MM11,120.6
9540,A6,309300,9540,9.7,-0.9,2011MM12,119.5
9542,A6,309300,9542,1.6,0.8,2012MM01,120.5
9543,A6,309300,9543,-0.9,-1.0,2012MM02,119.3
9544,A6,309300,9544,-1.6,0.1,2012MM03,119.4
9545,A6,309300,9545,-4.1,-0.5,2012MM04,118.8
9546,A6,309300,9546,-4.6,-0.1,2012MM05,118.6
9547,A6,309300,9547,-4.7,0.1,2012MM06,118.8
9548,A6,309300,9548,-4.8,-0.8,2012MM07,117.8
9549,A6,309300,9549,-4.2,-0.1,2012MM08,117.7
9550,A6,309300,9550,-3.6,0.2,2012MM09,117.9
9551,A6,309300,9551,-1.1,2.0,2012MM10,120.3
9552,A6,309300,9552,0.3,0.6,2012MM11,121.0
9553,A6,309300,9553,1.2,-0.1,2012MM12,120.9
9555,A6,309300,9555,1.7,1.4,2013MM01,122.6
9556,A6,309300,9556,2.9,0.2,2013MM02,122.8
9557,A6,309300,9557,2.7,-0.1,2013MM03,122.7
9558,A6,309300,9558,2.7,-0.6,2013MM04,122.0
9559,A6,309300,9559,3.0,0.2,2013MM05,122.1
9560,A6,309300,9560,2.7,-0.2,2013MM06,121.9
9561,A6,309300,9561,2.7,-0.8,2013MM07,121.0
9562,A6,309300,9562,2.4,-0.4,2013MM08,120.5
9563,A6,309300,9563,1.0,-1.1,2013MM09,119.1
9564,A6,309300,9564,-1.6,-0.7,2013MM10,118.4
9565,A6,309300,9565,-2.6,-0.4,2013MM11,117.9
9566,A6,309300,9566,-2.3,0.3,2013MM12,118.2
9568,A6,309300,9568,-4.2,-0.7,2014MM01,117.4
9569,A6,309300,9569,-3.2,1.2,2014MM02,118.8
9570,A6,309300,9570,-3.6,-0.5,2014MM03,118.3
9571,A6,309300,9571,-3.2,-0.2,2014MM04,118.0
9572,A6,309300,9572,-3.1,0.3,2014MM05,118.4
9573,A6,309300,9573,-3.9,-1.0,2014MM06,117.2
9574,A6,309300,9574,-2.2,0.9,2014MM07,118.3
9575,A6,309300,9575,-2.5,-0.7,2014MM08,117.5
9576,A6,309300,9576,-1.1,0.3,2014MM09,117.9
9577,A6,309300,9577,-0.7,-0.3,2014MM10,117.5
9578,A6,309300,9578,-1.9,-1.7,2014MM11,115.6
9579,A6,309300,9579,-2.4,-0.2,2014MM12,115.4
9581,A6,309300,9581,-3.2,-1.5,2015MM01,113.6
9582,A6,309300,9582,-4.7,-0.3,2015MM02,113.3
9583,A6,309300,9583,-4.5,-0.3,2015MM03,112.9
9584,A6,309300,9584,-5.3,-1.1,2015MM04,111.7
9585,A6,309300,9585,-5.7,0.0,2015MM05,111.7
9586,A6,309300,9586,-4.7,0.0,2015MM06,111.7
9587,A6,309300,9587,-4.4,1.3,2015MM07,113.1
9588,A6,309300,9588,-3.9,-0.2,2015MM08,112.9
9589,A6,309300,9589,-4.3,-0.1,2015MM09,112.8
9590,A6,309300,9590,-3.7,0.3,2015MM10,113.2
9591,A6,309300,9591,-1.4,0.7,2015MM11,114.0
9592,A6,309300,9592,-0.8,0.4,2015MM12,114.5
9594,A6,309300,9594,0.9,0.1,2016MM01,114.6
9595,A6,309300,9595,1.4,0.2,2016MM02,114.8
9596,A6,309300,9596,1.3,-0.4,2016MM03,114.4
9597,A6,309300,9597,0.7,-1.7,2016MM04,112.5
9598,A6,309300,9598,0.8,0.1,2016MM05,112.6
9599,A6,309300,9599,0.2,-0.6,2016MM06,111.9
9600,A6,309300,9600,-0.4,0.7,2016MM07,112.7
9601,A6,309300,9601,-0.3,-0.1,2016MM08,112.6
9602,A6,309300,9602,0.2,0.4,2016MM09,113.0
9603,A6,309300,9603,0.3,0.5,2016MM10,113.5
9604,A6,309300,9604,-0.3,0.1,2016MM11,113.6
9605,A6,309300,9605,-1.0,-0.2,2016MM12,113.4
9607,A6,309300,9607,-0.3,0.8,2017MM01,114.3
9608,A6,309300,9608,-0.1,0.3,2017MM02,114.7
9609,A6,309300,9609,0.6,0.4,2017MM03,115.1
9610,A6,309300,9610,2.7,0.4,2017MM04,115.5
9611,A6,309300,9611,2.5,-0.1,2017MM05,115.4
9612,A6,309300,9612,3.5,0.4,2017MM06,115.9
9613,A6,309300,9613,2.6,-0.2,2017MM07,115.7
9614,A6,309300,9614,2.6,-0.1,2017MM08,115.5
9615,A6,309300,9615,2.6,0.3,2017MM09,115.9
9616,A6,309300,9616,1.3,-0.8,2017MM10,115.0
9617,A6,309300,9617,1.9,0.6,2017MM11,115.7
9618,A6,309300,9618,1.5,-0.5,2017MM12,115.2
