,Afzet,BedrijfstakkenBranchesSBI2008,ID,OntwikkelingTOV1JaarEerder_2,OntwikkelingTOV1MaandEerder_3,Perioden,ProducentenprijsindexPPI_1
41366,A4,309300,41366,1.4903654485,-0.498620689655,1981MM01,115.112802768
41367,A4,309300,41367,1.48073089701,-0.49724137931,1981MM02,115.025605536
41368,A4,309300,41368,1.47109634551,-0.495862068966,1981MM03,114.938408304
41369,A4,309300,41369,1.46146179402,-0.494482758621,1981MM04,114.851211073
41370,A4,309300,41370,1.45182724252,-0.493103448276,1981MM05,114.764013841
41371,A4,309300,41371,1.44219269103,-0.491724137931,1981MM06,114.676816609
41372,A4,309300,41372,1.43255813953,-0.490344827586,1981MM07,114.589619377
41373,A4,309300,41373,1.42292358804,-0.488965517241,1981MM08,114.502422145
41374,A4,309300,41374,1.41328903654,-0.487586206897,1981MM09,114.415224913
41375,A4,309300,41375,1.40365448505,-0.486206896552,1981MM10,114.328027682
41376,A4,309300,41376,1.39401993355,-0.484827586207,1981MM11,114.24083045
41377,A4,309300,41377,1.38438538206,-0.483448275862,1981MM12,114.153633218
41379,A4,309300,41379,1.37475083056,-0.482068965517,1982MM01,114.066435986
41380,A4,309300,41380,1.36511627907,-0.480689655172,1982MM02,113.979238754
41381,A4,309300,41381,1.35548172757,-0.479310344828,1982MM03,113.892041522
41382,A4,309300,41382,1.34584717608,-0.477931034483,1982MM04,113.804844291
41383,A4,309300,41383,1.33621262458,-0.476551724138,1982MM05,113.717647059
41384,A4,309300,41384,1.32657807309,-0.475172413793,1982MM06,113.630449827
41385,A4,309300,41385,1.31694352159,-0.473793103448,1982MM07,113.543252595
41386,A4,309300,41386,1.3073089701,-0.472413793103,1982MM08,113.456055363
41387,A4,309300,41387,1.2976744186,-0.471034482759,1982MM09,113.368858131
41388,A4,309300,41388,1.28803986711,-0.469655172414,1982MM10,113.2816609
41389,A4,309300,41389,1.27840531561,-0.468275862069,1982MM11,113.194463668
41390,A4,309300,41390,1.26877076412,-0.466896551724,1982MM12,113.107266436
41392,A4,309300,41392,1.25913621262,-0.465517241379,1983MM01,113.020069204
41393,A4,309300,41393,1.24950166113,-0.464137931034,1983MM02,112.932871972
41394,A4,309300,41394,1.23986710963,-0.46275862069,1983MM03,112.84567474
41395,A4,309300,41395,1.23023255814,-0.461379310345,1983MM04,112.758477509
41396,A4,309300,41396,1.22059800664,-0.46,1983MM05,112.671280277
41397,A4,309300,41397,1.21096345515,-0.458620689655,1983MM06,112.584083045
41398,A4,309300,41398,1.20132890365,-0.45724137931,1983MM07,112.496885813
41399,A4,309300,41399,1.19169435216,-0.455862068966,1983MM08,112.409688581
41400,A4,309300,41400,1.18205980066,-0.454482758621,1983MM09,112.322491349
41401,A4,309300,41401,1.17242524917,-0.453103448276,1983MM10,112.235294118
41402,A4,309300,41402,1.16279069767,-0.451724137931,1983MM11,112.148096886
41403,A4,309300,41403,1.15315614618,-0.450344827586,1983MM12,112.060899654
41405,A4,309300,41405,1.14352159468,-0.448965517241,1984MM01,111.973702422
41406,A4,309300,41406,1.13388704319,-0.447586206897,1984MM02,111.88650519
41407,A4,309300,41407,1.12425249169,-0.446206896552,1984MM03,111.799307958
41408,A4,309300,41408,1.1146179402,-0.444827586207,1984MM04,111.712110727
41409,A4,309300,41409,1.1049833887,-0.443448275862,1984MM05,111.624913495
41410,A4,309300,41410,1.09534883721,-0.442068965517,1984MM06,111.537716263
41411,A4,309300,41411,1.08571428571,-0.440689655172,1984MM07,111.450519031
41412,A4,309300,41412,1.07607973422,-0.439310344828,1984MM08,111.363321799
41413,A4,309300,41413,1.06644518272,-0.437931034483,1984MM09,111.276124567
41414,A4,309300,41414,1.05681063123,-0.436551724138,1984MM10,111.188927336
41415,A4,309300,41415,1.04717607973,-0.435172413793,1984MM11,111.101730104
41416,A4,309300,41416,1.03754152824,-0.433793103448,1984MM12,111.014532872
41418,A4,309300,41418,1.02790697674,-0.432413793103,1985MM01,110.92733564
41419,A4,309300,41419,1.01827242525,-0.431034482759,1985MM02,110.840138408
41420,A4,309300,41420,1.00863787375,-0.429655172414,1985MM03,110.752941176
41421,A4,309300,41421,0.999003322259,-0.428275862069,1985MM04,110.665743945
41422,A4,309300,41422,0.989368770764,-0.426896551724,1985MM05,110.578546713
41423,A4,309300,41423,0.979734219269,-0.425517241379,1985MM06,110.491349481
41424,A4,309300,41424,0.970099667774,-0.424137931034,1985MM07,110.404152249
41425,A4,309300,41425,0.960465116279,-0.42275862069,1985MM08,110.316955017
41426,A4,309300,41426,0.950830564784,-0.421379310345,1985MM09,110.229757785
41427,A4,309300,41427,0.941196013289,-0.42,1985MM10,110.142560554
41428,A4,309300,41428,0.931561461794,-0.418620689655,1985MM11,110.055363322
41429,A4,309300,41429,0.921926910299,-0.41724137931,1985MM12,109.96816609
41431,A4,309300,41431,0.912292358804,-0.415862068966,1986MM01,109.880968858
41432,A4,309300,41432,0.902657807309,-0.414482758621,1986MM02,109.793771626
41433,A4,309300,41433,0.893023255814,-0.413103448276,1986MM03,109.706574394
41434,A4,309300,41434,0.883388704319,-0.411724137931,1986MM04,109.619377163
41435,A4,309300,41435,0.873754152824,-0.410344827586,1986MM05,109.532179931
41436,A4,309300,41436,0.864119601329,-0.408965517241,1986MM06,109.444982699
41437,A4,309300,41437,0.854485049834,-0.407586206897,1986MM07,109.357785467
41438,A4,309300,41438,0.844850498339,-0.406206896552,1986MM08,109.270588235
41439,A4,309300,41439,0.835215946844,-0.404827586207,1986MM09,109.183391003
41440,A4,309300,41440,0.825581395349,-0.403448275862,1986MM10,109.096193772
41441,A4,309300,41441,0.815946843854,-0.402068965517,1986MM11,109.00899654
41442,A4,309300,41442,0.806312292359,-0.400689655172,1986MM12,108.921799308
41444,A4,309300,41444,0.796677740864,-0.399310344828,1987MM01,108.834602076
41445,A4,309300,41445,0.787043189369,-0.397931034483,1987MM02,108.747404844
41446,A4,309300,41446,0.777408637874,-0.396551724138,1987MM03,108.660207612
41447,A4,309300,41447,0.767774086379,-0.395172413793,1987MM04,108.573010381
41448,A4,309300,41448,0.758139534884,-0.393793103448,1987MM05,108.485813149
41449,A4,309300,41449,0.748504983389,-0.392413793103,1987MM06,108.398615917
41450,A4,309300,41450,0.738870431894,-0.391034482759,1987MM07,108.311418685
41451,A4,309300,41451,0.729235880399,-0.389655172414,1987MM08,108.224221453
41452,A4,309300,41452,0.719601328904,-0.388275862069,1987MM09,108.137024221
41453,A4,309300,41453,0.709966777409,-0.386896551724,1987MM10,108.04982699
41454,A4,309300,41454,0.700332225914,-0.385517241379,1987MM11,107.962629758
41455,A4,309300,41455,0.690697674419,-0.384137931034,1987MM12,107.875432526
41457,A4,309300,41457,0.681063122924,-0.38275862069,1988MM01,107.788235294
41458,A4,309300,41458,0.671428571429,-0.381379310345,1988MM02,107.701038062
41459,A4,309300,41459,0.661794019934,-0.38,1988MM03,107.61384083
41460,A4,309300,41460,0.652159468439,-0.378620689655,1988MM04,107.526643599
41461,A4,309300,41461,0.642524916944,-0.37724137931,1988MM05,107.439446367
41462,A4,309300,41462,0.632890365449,-0.375862068966,1988MM06,107.352249135
41463,A4,309300,41463,0.623255813953,-0.374482758621,1988MM07,107.265051903
41464,A4,309300,41464,0.613621262458,-0.373103448276,1988MM08,107.177854671
41465,A4,309300,41465,0.603986710963,-0.371724137931,1988MM09,107.090657439
41466,A4,309300,41466,0.594352159468,-0.370344827586,1988MM10,107.003460208
41467,A4,309300,41467,0.584717607973,-0.368965517241,1988MM11,106.916262976
41468,A4,309300,41468,0.575083056478,-0.367586206897,1988MM12,106.829065744
41470,A4,309300,41470,0.565448504983,-0.366206896552,1989MM01,106.741868512
41471,A4,309300,41471,0.555813953488,-0.364827586207,1989MM02,106.65467128
41472,A4,309300,41472,0.546179401993,-0.363448275862,1989MM03,106.567474048
41473,A4,309300,41473,0.536544850498,-0.362068965517,1989MM04,106.480276817
41474,A4,309300,41474,0.526910299003,-0.360689655172,1989MM05,106.393079585
41475,A4,309300,41475,0.517275747508,-0.359310344828,1989MM06,106.305882353
41476,A4,309300,41476,0.507641196013,-0.357931034483,1989MM07,106.218685121
41477,A4,309300,41477,0.498006644518,-0.356551724138,1989MM08,106.131487889
41478,A4,309300,41478,0.488372093023,-0.355172413793,1989MM09,106.044290657
41479,A4,309300,41479,0.478737541528,-0.353793103448,1989MM10,105.957093426
41480,A4,309300,41480,0.469102990033,-0.352413793103,1989MM11,105.869896194
41481,A4,309300,41481,0.459468438538,-0.351034482759,1989MM12,105.782698962
41483,A4,309300,41483,0.449833887043,-0.349655172414,1990MM01,105.69550173
41484,A4,309300,41484,0.440199335548,-0.348275862069,1990MM02,105.608304498
41485,A4,309300,41485,0.430564784053,-0.346896551724,1990MM03,105.521107266
41486,A4,309300,41486,0.420930232558,-0.345517241379,1990MM04,105.433910035
41487,A4,309300,41487,0.411295681063,-0.344137931034,1990MM05,105.346712803
41488,A4,309300,41488,0.401661129568,-0.34275862069,1990MM06,105.259515571
41489,A4,309300,41489,0.392026578073,-0.341379310345,1990MM07,105.172318339
41490,A4,309300,41490,0.382392026578,-0.34,1990MM08,105.085121107
41491,A4,309300,41491,0.372757475083,-0.338620689655,1990MM09,104.997923875
41492,A4,309300,41492,0.363122923588,-0.33724137931,1990MM10,104.910726644
41493,A4,309300,41493,0.353488372093,-0.335862068966,1990MM11,104.823529412
41494,A4,309300,41494,0.343853820598,-0.334482758621,1990MM12,104.73633218
41496,A4,309300,41496,0.334219269103,-0.333103448276,1991MM01,104.649134948
41497,A4,309300,41497,0.324584717608,-0.331724137931,1991MM02,104.561937716
41498,A4,309300,41498,0.314950166113,-0.330344827586,1991MM03,104.474740484
41499,A4,309300,41499,0.305315614618,-0.328965517241,1991MM04,104.387543253
41500,A4,309300,41500,0.295681063123,-0.327586206897,1991MM05,104.300346021
41501,A4,309300,41501,0.286046511628,-0.326206896552,1991MM06,104.213148789
41502,A4,309300,41502,0.276411960133,-0.324827586207,1991MM07,104.125951557
41503,A4,309300,41503,0.266777408638,-0.323448275862,1991MM08,104.038754325
41504,A4,309300,41504,0.257142857143,-0.322068965517,1991MM09,103.951557093
41505,A4,309300,41505,0.247508305648,-0.320689655172,1991MM10,103.864359862
41506,A4,309300,41506,0.237873754153,-0.319310344828,1991MM11,103.77716263
41507,A4,309300,41507,0.228239202658,-0.317931034483,1991MM12,103.689965398
41509,A4,309300,41509,0.218604651163,-0.316551724138,1992MM01,103.602768166
41510,A4,309300,41510,0.208970099668,-0.315172413793,1992MM02,103.515570934
41511,A4,309300,41511,0.199335548173,-0.313793103448,1992MM03,103.428373702
41512,A4,309300,41512,0.189700996678,-0.312413793103,1992MM04,103.341176471
41513,A4,309300,41513,0.180066445183,-0.311034482759,1992MM05,103.253979239
41514,A4,309300,41514,0.170431893688,-0.309655172414,1992MM06,103.166782007
41515,A4,309300,41515,0.160797342193,-0.308275862069,1992MM07,103.079584775
41516,A4,309300,41516,0.151162790698,-0.306896551724,1992MM08,102.992387543
41517,A4,309300,41517,0.141528239203,-0.305517241379,1992MM09,102.905190311
41518,A4,309300,41518,0.131893687708,-0.304137931034,1992MM10,102.81799308
41519,A4,309300,41519,0.122259136213,-0.30275862069,1992MM11,102.730795848
41520,A4,309300,41520,0.112624584718,-0.301379310345,1992MM12,102.643598616
41522,A4,309300,41522,0.102990033223,-0.3,1993MM01,102.556401384
41523,A4,309300,41523,0.0933554817276,-0.298620689655,1993MM02,102.469204152
41524,A4,309300,41524,0.0837209302326,-0.29724137931,1993MM03,102.38200692
41525,A4,309300,41525,0.0740863787375,-0.295862068966,1993MM04,102.294809689
41526,A4,309300,41526,0.0644518272425,-0.294482758621,1993MM05,102.207612457
41527,A4,309300,41527,0.0548172757475,-0.293103448276,1993MM06,102.120415225
41528,A4,309300,41528,0.0451827242525,-0.291724137931,1993MM07,102.033217993
41529,A4,309300,41529,0.0355481727575,-0.290344827586,1993MM08,101.946020761
41530,A4,309300,41530,0.0259136212625,-0.288965517241,1993MM09,101.858823529
41531,A4,309300,41531,0.0162790697674,-0.287586206897,1993MM10,101.771626298
41532,A4,309300,41532,0.00664451827243,-0.286206896552,1993MM11,101.684429066
41533,A4,309300,41533,-0.00299003322259,-0.284827586207,1993MM12,101.597231834
41535,A4,309300,41535,-0.0126245847176,-0.283448275862,1994MM01,101.510034602
41536,A4,309300,41536,-0.0222591362126,-0.282068965517,1994MM02,101.42283737
41537,A4,309300,41537,-0.0318936877076,-0.280689655172,1994MM03,101.335640138
41538,A4,309300,41538,-0.0415282392027,-0.279310344828,1994MM04,101.248442907
41539,A4,309300,41539,-0.0511627906977,-0.277931034483,1994MM05,101.161245675
41540,A4,309300,41540,-0.0607973421927,-0.276551724138,1994MM06,101.074048443
41541,A4,309300,41541,-0.0704318936877,-0.275172413793,1994MM07,100.986851211
41542,A4,309300,41542,-0.0800664451827,-0.273793103448,1994MM08,100.899653979
41543,A4,309300,41543,-0.0897009966777,-0.272413793103,1994MM09,100.812456747
41544,A4,309300,41544,-0.0993355481728,-0.271034482759,1994MM10,100.725259516
41545,A4,309300,41545,-0.108970099668,-0.269655172414,1994MM11,100.638062284
41546,A4,309300,41546,-0.118604651163,-0.268275862069,1994MM12,100.550865052
41548,A4,309300,41548,-0.128239202658,-0.266896551724,1995MM01,100.46366782
41549,A4,309300,41549,-0.137873754153,-0.265517241379,1995MM02,100.376470588
41550,A4,309300,41550,-0.147508305648,-0.264137931034,1995MM03,100.289273356
41551,A4,309300,41551,-0.157142857143,-0.26275862069,1995MM04,100.202076125
41552,A4,309300,41552,-0.166777408638,-0.261379310345,1995MM05,100.114878893
41553,A4,309300,41553,-0.176411960133,-0.26,1995MM06,100.027681661
41554,A4,309300,41554,-0.186046511628,-0.258620689655,1995MM07,99.9404844291
41555,A4,309300,41555,-0.195681063123,-0.25724137931,1995MM08,99.8532871972
41556,A4,309300,41556,-0.205315614618,-0.255862068966,1995MM09,99.7660899654
41557,A4,309300,41557,-0.214950166113,-0.254482758621,1995MM10,99.6788927336
41558,A4,309300,41558,-0.224584717608,-0.253103448276,1995MM11,99.5916955017
41559,A4,309300,41559,-0.234219269103,-0.251724137931,1995MM12,99.5044982699
41561,A4,309300,41561,-0.243853820598,-0.250344827586,1996MM01,99.4173010381
41562,A4,309300,41562,-0.253488372093,-0.248965517241,1996MM02,99.3301038062
41563,A4,309300,41563,-0.263122923588,-0.247586206897,1996MM03,99.2429065744
41564,A4,309300,41564,-0.272757475083,-0.246206896552,1996MM04,99.1557093426
41565,A4,309300,41565,-0.282392026578,-0.244827586207,1996MM05,99.0685121107
41566,A4,309300,41566,-0.292026578073,-0.243448275862,1996MM06,98.9813148789
41567,A4,309300,41567,-0.301661129568,-0.242068965517,1996MM07,98.8941176471
41568,A4,309300,41568,-0.311295681063,-0.240689655172,1996MM08,98.8069204152
41569,A4,309300,41569,-0.320930232558,-0.239310344828,1996MM09,98.7197231834
41570,A4,309300,41570,-0.330564784053,-0.237931034483,1996MM10,98.6325259516
41571,A4,309300,41571,-0.340199335548,-0.236551724138,1996MM11,98.5453287197
41572,A4,309300,41572,-0.349833887043,-0.235172413793,1996MM12,98.4581314879
41574,A4,309300,41574,-0.359468438538,-0.233793103448,1997MM01,98.3709342561
41575,A4,309300,41575,-0.369102990033,-0.232413793103,1997MM02,98.2837370242
41576,A4,309300,41576,-0.378737541528,-0.231034482759,1997MM03,98.1965397924
41577,A4,309300,41577,-0.388372093023,-0.229655172414,1997MM04,98.1093425606
41578,A4,309300,41578,-0.398006644518,-0.228275862069,1997MM05,98.0221453287
41579,A4,309300,41579,-0.407641196013,-0.226896551724,1997MM06,97.9349480969
41580,A4,309300,41580,-0.417275747508,-0.225517241379,1997MM07,97.8477508651
41581,A4,309300,41581,-0.426910299003,-0.224137931034,1997MM08,97.7605536332
41582,A4,309300,41582,-0.436544850498,-0.22275862069,1997MM09,97.6733564014
41583,A4,309300,41583,-0.446179401993,-0.221379310345,1997MM10,97.5861591696
41584,A4,309300,41584,-0.455813953488,-0.22,1997MM11,97.4989619377
41585,A4,309300,41585,-0.465448504983,-0.218620689655,1997MM12,97.4117647059
41587,A4,309300,41587,-0.475083056478,-0.21724137931,1998MM01,97.324567474
41588,A4,309300,41588,-0.484717607973,-0.215862068966,1998MM02,97.2373702422
41589,A4,309300,41589,-0.494352159468,-0.214482758621,1998MM03,97.1501730104
41590,A4,309300,41590,-0.503986710963,-0.213103448276,1998MM04,97.0629757785
41591,A4,309300,41591,-0.513621262458,-0.211724137931,1998MM05,96.9757785467
41592,A4,309300,41592,-0.523255813953,-0.210344827586,1998MM06,96.8885813149
41593,A4,309300,41593,-0.532890365449,-0.208965517241,1998MM07,96.801384083
41594,A4,309300,41594,-0.542524916944,-0.207586206897,1998MM08,96.7141868512
41595,A4,309300,41595,-0.552159468439,-0.206206896552,1998MM09,96.6269896194
41596,A4,309300,41596,-0.561794019934,-0.204827586207,1998MM10,96.5397923875
41597,A4,309300,41597,-0.571428571429,-0.203448275862,1998MM11,96.4525951557
41598,A4,309300,41598,-0.581063122924,-0.202068965517,1998MM12,96.3653979239
41600,A4,309300,41600,-0.590697674419,-0.200689655172,1999MM01,96.278200692
41601,A4,309300,41601,-0.600332225914,-0.199310344828,1999MM02,96.1910034602
41602,A4,309300,41602,-0.609966777409,-0.197931034483,1999MM03,96.1038062284
41603,A4,309300,41603,-0.619601328904,-0.196551724138,1999MM04,96.0166089965
41604,A4,309300,41604,-0.629235880399,-0.195172413793,1999MM05,95.9294117647
41605,A4,309300,41605,-0.638870431894,-0.193793103448,1999MM06,95.8422145329
41606,A4,309300,41606,-0.648504983389,-0.192413793103,1999MM07,95.755017301
41607,A4,309300,41607,-0.658139534884,-0.191034482759,1999MM08,95.6678200692
41608,A4,309300,41608,-0.667774086379,-0.189655172414,1999MM09,95.5806228374
41609,A4,309300,41609,-0.677408637874,-0.188275862069,1999MM10,95.4934256055
41610,A4,309300,41610,-0.687043189369,-0.186896551724,1999MM11,95.4062283737
41611,A4,309300,41611,-0.696677740864,-0.185517241379,1999MM12,95.3190311419
41613,A4,309300,41613,-0.706312292359,-0.184137931034,2000MM01,95.23183391
41614,A4,309300,41614,-0.715946843854,-0.18275862069,2000MM02,95.1446366782
41615,A4,309300,41615,-0.725581395349,-0.181379310345,2000MM03,95.0574394464
41616,A4,309300,41616,-0.735215946844,-0.18,2000MM04,94.9702422145
41617,A4,309300,41617,-0.744850498339,-0.178620689655,2000MM05,94.8830449827
41618,A4,309300,41618,-0.754485049834,-0.17724137931,2000MM06,94.7958477509
41619,A4,309300,41619,-0.764119601329,-0.175862068966,2000MM07,94.708650519
41620,A4,309300,41620,-0.773754152824,-0.174482758621,2000MM08,94.6214532872
41621,A4,309300,41621,-0.783388704319,-0.173103448276,2000MM09,94.5342560554
41622,A4,309300,41622,-0.793023255814,-0.171724137931,2000MM10,94.4470588235
41623,A4,309300,41623,-0.802657807309,-0.170344827586,2000MM11,94.3598615917
41624,A4,309300,41624,-0.812292358804,-0.168965517241,2000MM12,94.2726643599
41626,A4,309300,41626,-0.821926910299,-0.167586206897,2001MM01,94.185467128
41627,A4,309300,41627,-0.831561461794,-0.166206896552,2001MM02,94.0982698962
41628,A4,309300,41628,-0.841196013289,-0.164827586207,2001MM03,94.0110726644
41629,A4,309300,41629,-0.850830564784,-0.163448275862,2001MM04,93.9238754325
41630,A4,309300,41630,-0.860465116279,-0.162068965517,2001MM05,93.8366782007
41631,A4,309300,41631,-0.870099667774,-0.160689655172,2001MM06,93.7494809689
41632,A4,309300,41632,-0.879734219269,-0.159310344828,2001MM07,93.662283737
41633,A4,309300,41633,-0.889368770764,-0.157931034483,2001MM08,93.5750865052
41634,A4,309300,41634,-0.899003322259,-0.156551724138,2001MM09,93.4878892734
41635,A4,309300,41635,-0.908637873754,-0.155172413793,2001MM10,93.4006920415
41636,A4,309300,41636,-0.918272425249,-0.153793103448,2001MM11,93.3134948097
41637,A4,309300,41637,-0.927906976744,-0.152413793103,2001MM12,93.2262975779
41639,A4,309300,41639,-0.937541528239,-0.151034482759,2002MM01,93.139100346
41640,A4,309300,41640,-0.947176079734,-0.149655172414,2002MM02,93.0519031142
41641,A4,309300,41641,-0.956810631229,-0.148275862069,2002MM03,92.9647058824
41642,A4,309300,41642,-0.966445182724,-0.146896551724,2002MM04,92.8775086505
41643,A4,309300,41643,-0.976079734219,-0.145517241379,2002MM05,92.7903114187
41644,A4,309300,41644,-0.985714285714,-0.144137931034,2002MM06,92.7031141869
41645,A4,309300,41645,-0.995348837209,-0.14275862069,2002MM07,92.615916955
41646,A4,309300,41646,-1.0049833887,-0.141379310345,2002MM08,92.5287197232
41647,A4,309300,41647,-1.0146179402,-0.14,2002MM09,92.4415224913
41648,A4,309300,41648,-1.02425249169,-0.138620689655,2002MM10,92.3543252595
41649,A4,309300,41649,-1.03388704319,-0.13724137931,2002MM11,92.2671280277
41650,A4,309300,41650,-1.04352159468,-0.135862068966,2002MM12,92.1799307958
41652,A4,309300,41652,-1.05315614618,-0.134482758621,2003MM01,92.092733564
41653,A4,309300,41653,-1.06279069767,-0.133103448276,2003MM02,92.0055363322
41654,A4,309300,41654,-1.07242524917,-0.131724137931,2003MM03,91.9183391003
41655,A4,309300,41655,-1.08205980066,-0.130344827586,2003MM04,91.8311418685
41656,A4,309300,41656,-1.09169435216,-0.128965517241,2003MM05,91.7439446367
41657,A4,309300,41657,-1.10132890365,-0.127586206897,2003MM06,91.6567474048
41658,A4,309300,41658,-1.11096345515,-0.126206896552,2003MM07,91.569550173
41659,A4,309300,41659,-1.12059800664,-0.124827586207,2003MM08,91.4823529412
41660,A4,309300,41660,-1.13023255814,-0.123448275862,2003MM09,91.3951557093
41661,A4,309300,41661,-1.13986710963,-0.122068965517,2003MM10,91.3079584775
41662,A4,309300,41662,-1.14950166113,-0.120689655172,2003MM11,91.2207612457
41663,A4,309300,41663,-1.15913621262,-0.119310344828,2003MM12,91.1335640138
41665,A4,309300,41665,-1.16877076412,-0.117931034483,2004MM01,91.046366782
41666,A4,309300,41666,-1.17840531561,-0.116551724138,2004MM02,90.9591695502
41667,A4,309300,41667,-1.18803986711,-0.115172413793,2004MM03,90.8719723183
41668,A4,309300,41668,-1.1976744186,-0.113793103448,2004MM04,90.7847750865
41669,A4,309300,41669,-1.2073089701,-0.112413793103,2004MM05,90.6975778547
41670,A4,309300,41670,-1.21694352159,-0.111034482759,2004MM06,90.6103806228
41671,A4,309300,41671,-1.22657807309,-0.109655172414,2004MM07,90.523183391
41672,A4,309300,41672,-1.23621262458,-0.108275862069,2004MM08,90.4359861592
41673,A4,309300,41673,-1.24584717608,-0.106896551724,2004MM09,90.3487889273
41674,A4,309300,41674,-1.25548172757,-0.105517241379,2004MM10,90.2615916955
41675,A4,309300,41675,-1.26511627907,-0.104137931034,2004MM11,90.1743944637
41676,A4,309300,41676,-1.27475083056,-0.10275862069,2004MM12,90.0871972318
41678,A4,309300,41678,-1.28438538206,-0.101379310345,2005MM01,90.0
41679,A4,309300,41679,-1.29401993355,-0.1,2005MM02,90.0
41680,A4,309300,41680,-1.30365448505,-0.3,2005MM03,89.7
41681,A4,309300,41681,-1.31328903654,-0.4,2005MM04,89.4
41682,A4,309300,41682,-1.32292358804,0.3,2005MM05,89.6
41683,A4,309300,41683,-1.33255813953,-0.5,2005MM06,89.2
41684,A4,309300,41684,-1.34219269103,-1.2,2005MM07,88.1
41685,A4,309300,41685,-1.35182724252,0.6,2005MM08,88.7
41686,A4,309300,41686,-1.36146179402,-0.1,2005MM09,88.6
41687,A4,309300,41687,-1.37109634551,-1.2,2005MM10,87.5
41688,A4,309300,41688,-1.38073089701,-0.3,2005MM11,87.2
41689,A4,309300,41689,-1.3903654485,-0.4,2005MM12,86.9
41691,A4,309300,41691,-1.4,2.3,2006MM01,88.8
41692,A4,309300,41692,-0.8,0.5,2006MM02,89.3
41693,A4,309300,41693,-0.9,-0.5,2006MM03,88.8
41694,A4,309300,41694,1.1,1.7,2006MM04,90.3
41695,A4,309300,41695,0.7,-0.2,2006MM05,90.2
41696,A4,309300,41696,1.3,0.2,2006MM06,90.4
41697,A4,309300,41697,2.3,-0.3,2006MM07,90.1
41698,A4,309300,41698,2.2,0.6,2006MM08,90.6
41699,A4,309300,41699,3.0,0.7,2006MM09,91.3
41700,A4,309300,41700,6.5,2.2,2006MM10,93.2
41701,A4,309300,41701,8.5,1.5,2006MM11,94.7
41702,A4,309300,41702,9.2,0.2,2006MM12,94.8
41704,A4,309300,41704,8.9,2.0,2007MM01,96.7
41705,A4,309300,41705,8.9,0.4,2007MM02,97.2
41706,A4,309300,41706,16.3,6.3,2007MM03,103.3
41707,A4,309300,41707,15.8,1.3,2007MM04,104.6
41708,A4,309300,41708,16.6,0.5,2007MM05,105.1
41709,A4,309300,41709,16.7,0.3,2007MM06,105.5
41710,A4,309300,41710,19.0,1.7,2007MM07,107.2
41711,A4,309300,41711,19.2,0.7,2007MM08,108.0
41712,A4,309300,41712,23.0,3.9,2007MM09,112.2
41713,A4,309300,41713,25.2,4.0,2007MM10,116.7
41714,A4,309300,41714,28.0,3.8,2007MM11,121.1
41715,A4,309300,41715,28.3,0.4,2007MM12,121.6
41717,A4,309300,41717,35.0,7.4,2008MM01,130.6
41718,A4,309300,41718,34.8,0.3,2008MM02,130.9
41719,A4,309300,41719,27.6,0.6,2008MM03,131.8
41720,A4,309300,41720,26.7,0.6,2008MM04,132.5
41721,A4,309300,41721,26.4,0.3,2008MM05,132.9
41722,A4,309300,41722,26.6,0.5,2008MM06,133.5
41723,A4,309300,41723,24.5,0.0,2008MM07,133.5
41724,A4,309300,41724,24.0,0.3,2008MM08,133.9
41725,A4,309300,41725,19.0,-0.2,2008MM09,133.6
41726,A4,309300,41726,9.3,-4.5,2008MM10,127.5
41727,A4,309300,41727,2.5,-2.7,2008MM11,124.1
41728,A4,309300,41728,2.1,0.0,2008MM12,124.1
41730,A4,309300,41730,-7.8,-3.0,2009MM01,120.5
41731,A4,309300,41731,-9.8,-2.0,2009MM02,118.1
41732,A4,309300,41732,-9.8,0.6,2009MM03,118.9
41733,A4,309300,41733,-12.7,-2.7,2009MM04,115.6
41734,A4,309300,41734,-13.2,-0.2,2009MM05,115.4
41735,A4,309300,41735,-13.8,-0.2,2009MM06,115.1
41736,A4,309300,41736,-16.1,-2.7,2009MM07,112.0
41737,A4,309300,41737,-16.7,-0.4,2009MM08,111.6
41738,A4,309300,41738,-18.5,-2.4,2009MM09,108.9
41739,A4,309300,41739,-20.5,-6.9,2009MM10,101.4
41740,A4,309300,41740,-19.2,-1.1,2009MM11,100.2
41741,A4,309300,41741,-19.3,-0.1,2009MM12,100.2
41743,A4,309300,41743,-19.8,-3.5,2010MM01,96.7
41744,A4,309300,41744,-18.3,-0.2,2010MM02,96.5
41745,A4,309300,41745,-19.3,-0.7,2010MM03,95.9
41746,A4,309300,41746,-17.7,-0.7,2010MM04,95.2
41747,A4,309300,41747,-17.6,-0.1,2010MM05,95.1
41748,A4,309300,41748,-17.4,0.1,2010MM06,95.1
41749,A4,309300,41749,-13.6,1.8,2010MM07,96.8
41750,A4,309300,41750,-13.1,0.1,2010MM08,96.9
41751,A4,309300,41751,-8.1,3.3,2010MM09,100.2
41752,A4,309300,41752,7.1,8.4,2010MM10,108.6
41753,A4,309300,41753,10.8,2.3,2010MM11,111.1
41754,A4,309300,41754,11.8,0.8,2010MM12,112.0
41756,A4,309300,41756,28.0,10.5,2011MM01,123.7
41757,A4,309300,41757,31.2,2.3,2011MM02,126.6
41758,A4,309300,41758,33.5,1.1,2011MM03,128.0
41759,A4,309300,41759,39.9,4.1,2011MM04,133.2
41760,A4,309300,41760,39.8,-0.2,2011MM05,132.9
41761,A4,309300,41761,40.2,0.4,2011MM06,133.4
41762,A4,309300,41762,37.1,-0.5,2011MM07,132.7
41763,A4,309300,41763,36.5,-0.3,2011MM08,132.3
41764,A4,309300,41764,32.0,-0.1,2011MM09,132.3
41765,A4,309300,41765,19.8,-1.6,2011MM10,130.1
41766,A4,309300,41766,16.4,-0.6,2011MM11,129.3
41767,A4,309300,41767,14.4,-0.9,2011MM12,128.1
41769,A4,309300,41769,4.1,0.5,2012MM01,128.8
41770,A4,309300,41770,0.7,-1.0,2012MM02,127.5
41771,A4,309300,41771,0.5,0.9,2012MM03,128.6
41772,A4,309300,41772,-4.5,-1.1,2012MM04,127.2
41773,A4,309300,41773,-4.5,-0.2,2012MM05,127.0
41774,A4,309300,41774,-4.8,0.0,2012MM06,127.0
41775,A4,309300,41775,-4.5,-0.3,2012MM07,126.7
41776,A4,309300,41776,-4.4,-0.1,2012MM08,126.5
41777,A4,309300,41777,-4.2,0.2,2012MM09,126.7
41778,A4,309300,41778,0.3,3.0,2012MM10,130.5
41779,A4,309300,41779,1.6,0.7,2012MM11,131.4
41780,A4,309300,41780,2.6,0.0,2012MM12,131.4
41782,A4,309300,41782,2.9,0.8,2013MM01,132.5
41783,A4,309300,41783,4.7,0.7,2013MM02,133.5
41784,A4,309300,41784,3.5,-0.3,2013MM03,133.1
41785,A4,309300,41785,4.2,-0.4,2013MM04,132.6
41786,A4,309300,41786,3.9,-0.5,2013MM05,131.9
41787,A4,309300,41787,3.7,-0.1,2013MM06,131.7
41788,A4,309300,41788,3.2,-0.7,2013MM07,130.8
41789,A4,309300,41789,3.5,0.1,2013MM08,130.9
41790,A4,309300,41790,1.0,-2.2,2013MM09,128.0
41791,A4,309300,41791,-2.8,-0.9,2013MM10,126.9
41792,A4,309300,41792,-3.8,-0.4,2013MM11,126.4
41793,A4,309300,41793,-3.4,0.4,2013MM12,126.9
41795,A4,309300,41795,-6.0,-1.9,2014MM01,124.6
41796,A4,309300,41796,-6.0,0.7,2014MM02,125.5
41797,A4,309300,41797,-6.1,-0.4,2014MM03,125.0
41798,A4,309300,41798,-6.9,-1.2,2014MM04,123.5
41799,A4,309300,41799,-5.7,0.7,2014MM05,124.3
41800,A4,309300,41800,-7.1,-1.6,2014MM06,122.3
41801,A4,309300,41801,-5.6,1.0,2014MM07,123.5
41802,A4,309300,41802,-6.7,-1.1,2014MM08,122.1
41803,A4,309300,41803,-3.8,0.9,2014MM09,123.2
41804,A4,309300,41804,-1.7,1.2,2014MM10,124.7
41805,A4,309300,41805,-3.7,-2.4,2014MM11,121.7
41806,A4,309300,41806,-4.5,-0.4,2014MM12,121.2
41808,A4,309300,41808,-5.5,-2.9,2015MM01,117.8
41809,A4,309300,41809,-6.1,0.0,2015MM02,117.8
41810,A4,309300,41810,-6.2,-0.4,2015MM03,117.2
41811,A4,309300,41811,-6.6,-1.7,2015MM04,115.3
41812,A4,309300,41812,-7.2,0.0,2015MM05,115.4
41813,A4,309300,41813,-5.2,0.6,2015MM06,116.0
41814,A4,309300,41814,-3.9,2.3,2015MM07,118.7
41815,A4,309300,41815,-3.2,-0.4,2015MM08,118.2
41816,A4,309300,41816,-3.9,0.2,2015MM09,118.4
41817,A4,309300,41817,-4.7,0.4,2015MM10,118.8
41818,A4,309300,41818,-2.4,-0.1,2015MM11,118.8
41819,A4,309300,41819,-2.0,0.1,2015MM12,118.9
41821,A4,309300,41821,0.0,-0.9,2016MM01,117.8
41822,A4,309300,41822,-0.4,-0.4,2016MM02,117.3
41823,A4,309300,41823,0.4,0.3,2016MM03,117.7
41824,A4,309300,41824,-0.3,-2.3,2016MM04,115.0
41825,A4,309300,41825,-0.2,0.1,2016MM05,115.1
41826,A4,309300,41826,-1.7,-0.9,2016MM06,114.1
41827,A4,309300,41827,-2.3,1.7,2016MM07,116.0
41828,A4,309300,41828,-1.7,0.2,2016MM08,116.2
41829,A4,309300,41829,-1.6,0.2,2016MM09,116.5
41830,A4,309300,41830,-1.2,0.8,2016MM10,117.4
41831,A4,309300,41831,-1.1,0.0,2016MM11,117.5
41832,A4,309300,41832,-1.3,-0.1,2016MM12,117.3
41834,A4,309300,41834,-1.7,-1.2,2017MM01,115.9
41835,A4,309300,41835,-1.1,0.1,2017MM02,116.0
41836,A4,309300,41836,-1.1,0.3,2017MM03,116.4
41837,A4,309300,41837,1.9,0.7,2017MM04,117.2
41838,A4,309300,41838,1.8,0.0,2017MM05,117.2
41839,A4,309300,41839,3.3,0.5,2017MM06,117.8
41840,A4,309300,41840,1.9,0.3,2017MM07,118.2
41841,A4,309300,41841,1.8,0.1,2017MM08,118.3
41842,A4,309300,41842,1.8,0.2,2017MM09,118.5
41843,A4,309300,41843,-0.2,-1.1,2017MM10,117.2
41844,A4,309300,41844,0.5,0.7,2017MM11,118.1
41845,A4,309300,41845,-0.2,-0.8,2017MM12,117.1
