,Afzet,BedrijfstakkenBranchesSBI2008,ID,OntwikkelingTOV1JaarEerder_2,OntwikkelingTOV1MaandEerder_3,Perioden,ProducentenprijsindexPPI_1
73593,A5,309300,73593,-0.200996677741,-0.799310344828,1981MM01,117.001038062
73594,A5,309300,73594,-0.201993355482,-0.798620689655,1981MM02,116.902076125
73595,A5,309300,73595,-0.202990033223,-0.797931034483,1981MM03,116.803114187
73596,A5,309300,73596,-0.203986710963,-0.79724137931,1981MM04,116.704152249
73597,A5,309300,73597,-0.204983388704,-0.796551724138,1981MM05,116.605190311
73598,A5,309300,73598,-0.205980066445,-0.795862068966,1981MM06,116.506228374
73599,A5,309300,73599,-0.206976744186,-0.795172413793,1981MM07,116.407266436
73600,A5,309300,73600,-0.207973421927,-0.794482758621,1981MM08,116.308304498
73601,A5,309300,73601,-0.208970099668,-0.793793103448,1981MM09,116.209342561
73602,A5,309300,73602,-0.209966777409,-0.793103448276,1981MM10,116.110380623
73603,A5,309300,73603,-0.21096345515,-0.792413793103,1981MM11,116.011418685
73604,A5,309300,73604,-0.21196013289,-0.791724137931,1981MM12,115.912456747
73606,A5,309300,73606,-0.212956810631,-0.791034482759,1982MM01,115.81349481
73607,A5,309300,73607,-0.213953488372,-0.790344827586,1982MM02,115.714532872
73608,A5,309300,73608,-0.214950166113,-0.789655172414,1982MM03,115.615570934
73609,A5,309300,73609,-0.215946843854,-0.788965517241,1982MM04,115.516608997
73610,A5,309300,73610,-0.216943521595,-0.788275862069,1982MM05,115.417647059
73611,A5,309300,73611,-0.217940199336,-0.787586206897,1982MM06,115.318685121
73612,A5,309300,73612,-0.218936877076,-0.786896551724,1982MM07,115.219723183
73613,A5,309300,73613,-0.219933554817,-0.786206896552,1982MM08,115.120761246
73614,A5,309300,73614,-0.220930232558,-0.785517241379,1982MM09,115.021799308
73615,A5,309300,73615,-0.221926910299,-0.784827586207,1982MM10,114.92283737
73616,A5,309300,73616,-0.22292358804,-0.784137931034,1982MM11,114.823875433
73617,A5,309300,73617,-0.223920265781,-0.783448275862,1982MM12,114.724913495
73619,A5,309300,73619,-0.224916943522,-0.78275862069,1983MM01,114.625951557
73620,A5,309300,73620,-0.225913621262,-0.782068965517,1983MM02,114.526989619
73621,A5,309300,73621,-0.226910299003,-0.781379310345,1983MM03,114.428027682
73622,A5,309300,73622,-0.227906976744,-0.780689655172,1983MM04,114.329065744
73623,A5,309300,73623,-0.228903654485,-0.78,1983MM05,114.230103806
73624,A5,309300,73624,-0.229900332226,-0.779310344828,1983MM06,114.131141869
73625,A5,309300,73625,-0.230897009967,-0.778620689655,1983MM07,114.032179931
73626,A5,309300,73626,-0.231893687708,-0.777931034483,1983MM08,113.933217993
73627,A5,309300,73627,-0.232890365449,-0.77724137931,1983MM09,113.834256055
73628,A5,309300,73628,-0.233887043189,-0.776551724138,1983MM10,113.735294118
73629,A5,309300,73629,-0.23488372093,-0.775862068966,1983MM11,113.63633218
73630,A5,309300,73630,-0.235880398671,-0.775172413793,1983MM12,113.537370242
73632,A5,309300,73632,-0.236877076412,-0.774482758621,1984MM01,113.438408304
73633,A5,309300,73633,-0.237873754153,-0.773793103448,1984MM02,113.339446367
73634,A5,309300,73634,-0.238870431894,-0.773103448276,1984MM03,113.240484429
73635,A5,309300,73635,-0.239867109635,-0.772413793103,1984MM04,113.141522491
73636,A5,309300,73636,-0.240863787375,-0.771724137931,1984MM05,113.042560554
73637,A5,309300,73637,-0.241860465116,-0.771034482759,1984MM06,112.943598616
73638,A5,309300,73638,-0.242857142857,-0.770344827586,1984MM07,112.844636678
73639,A5,309300,73639,-0.243853820598,-0.769655172414,1984MM08,112.74567474
73640,A5,309300,73640,-0.244850498339,-0.768965517241,1984MM09,112.646712803
73641,A5,309300,73641,-0.24584717608,-0.768275862069,1984MM10,112.547750865
73642,A5,309300,73642,-0.246843853821,-0.767586206897,1984MM11,112.448788927
73643,A5,309300,73643,-0.247840531561,-0.766896551724,1984MM12,112.34982699
73645,A5,309300,73645,-0.248837209302,-0.766206896552,1985MM01,112.250865052
73646,A5,309300,73646,-0.249833887043,-0.765517241379,1985MM02,112.151903114
73647,A5,309300,73647,-0.250830564784,-0.764827586207,1985MM03,112.052941176
73648,A5,309300,73648,-0.251827242525,-0.764137931034,1985MM04,111.953979239
73649,A5,309300,73649,-0.252823920266,-0.763448275862,1985MM05,111.855017301
73650,A5,309300,73650,-0.253820598007,-0.76275862069,1985MM06,111.756055363
73651,A5,309300,73651,-0.254817275748,-0.762068965517,1985MM07,111.657093426
73652,A5,309300,73652,-0.255813953488,-0.761379310345,1985MM08,111.558131488
73653,A5,309300,73653,-0.256810631229,-0.760689655172,1985MM09,111.45916955
73654,A5,309300,73654,-0.25780730897,-0.76,1985MM10,111.360207612
73655,A5,309300,73655,-0.258803986711,-0.759310344828,1985MM11,111.261245675
73656,A5,309300,73656,-0.259800664452,-0.758620689655,1985MM12,111.162283737
73658,A5,309300,73658,-0.260797342193,-0.757931034483,1986MM01,111.063321799
73659,A5,309300,73659,-0.261794019934,-0.75724137931,1986MM02,110.964359862
73660,A5,309300,73660,-0.262790697674,-0.756551724138,1986MM03,110.865397924
73661,A5,309300,73661,-0.263787375415,-0.755862068966,1986MM04,110.766435986
73662,A5,309300,73662,-0.264784053156,-0.755172413793,1986MM05,110.667474048
73663,A5,309300,73663,-0.265780730897,-0.754482758621,1986MM06,110.568512111
73664,A5,309300,73664,-0.266777408638,-0.753793103448,1986MM07,110.469550173
73665,A5,309300,73665,-0.267774086379,-0.753103448276,1986MM08,110.370588235
73666,A5,309300,73666,-0.26877076412,-0.752413793103,1986MM09,110.271626298
73667,A5,309300,73667,-0.26976744186,-0.751724137931,1986MM10,110.17266436
73668,A5,309300,73668,-0.270764119601,-0.751034482759,1986MM11,110.073702422
73669,A5,309300,73669,-0.271760797342,-0.750344827586,1986MM12,109.974740484
73671,A5,309300,73671,-0.272757475083,-0.749655172414,1987MM01,109.875778547
73672,A5,309300,73672,-0.273754152824,-0.748965517241,1987MM02,109.776816609
73673,A5,309300,73673,-0.274750830565,-0.748275862069,1987MM03,109.677854671
73674,A5,309300,73674,-0.275747508306,-0.747586206897,1987MM04,109.578892734
73675,A5,309300,73675,-0.276744186047,-0.746896551724,1987MM05,109.479930796
73676,A5,309300,73676,-0.277740863787,-0.746206896552,1987MM06,109.380968858
73677,A5,309300,73677,-0.278737541528,-0.745517241379,1987MM07,109.28200692
73678,A5,309300,73678,-0.279734219269,-0.744827586207,1987MM08,109.183044983
73679,A5,309300,73679,-0.28073089701,-0.744137931034,1987MM09,109.084083045
73680,A5,309300,73680,-0.281727574751,-0.743448275862,1987MM10,108.985121107
73681,A5,309300,73681,-0.282724252492,-0.74275862069,1987MM11,108.88615917
73682,A5,309300,73682,-0.283720930233,-0.742068965517,1987MM12,108.787197232
73684,A5,309300,73684,-0.284717607973,-0.741379310345,1988MM01,108.688235294
73685,A5,309300,73685,-0.285714285714,-0.740689655172,1988MM02,108.589273356
73686,A5,309300,73686,-0.286710963455,-0.74,1988MM03,108.490311419
73687,A5,309300,73687,-0.287707641196,-0.739310344828,1988MM04,108.391349481
73688,A5,309300,73688,-0.288704318937,-0.738620689655,1988MM05,108.292387543
73689,A5,309300,73689,-0.289700996678,-0.737931034483,1988MM06,108.193425606
73690,A5,309300,73690,-0.290697674419,-0.73724137931,1988MM07,108.094463668
73691,A5,309300,73691,-0.291694352159,-0.736551724138,1988MM08,107.99550173
73692,A5,309300,73692,-0.2926910299,-0.735862068966,1988MM09,107.896539792
73693,A5,309300,73693,-0.293687707641,-0.735172413793,1988MM10,107.797577855
73694,A5,309300,73694,-0.294684385382,-0.734482758621,1988MM11,107.698615917
73695,A5,309300,73695,-0.295681063123,-0.733793103448,1988MM12,107.599653979
73697,A5,309300,73697,-0.296677740864,-0.733103448276,1989MM01,107.500692042
73698,A5,309300,73698,-0.297674418605,-0.732413793103,1989MM02,107.401730104
73699,A5,309300,73699,-0.298671096346,-0.731724137931,1989MM03,107.302768166
73700,A5,309300,73700,-0.299667774086,-0.731034482759,1989MM04,107.203806228
73701,A5,309300,73701,-0.300664451827,-0.730344827586,1989MM05,107.104844291
73702,A5,309300,73702,-0.301661129568,-0.729655172414,1989MM06,107.005882353
73703,A5,309300,73703,-0.302657807309,-0.728965517241,1989MM07,106.906920415
73704,A5,309300,73704,-0.30365448505,-0.728275862069,1989MM08,106.807958478
73705,A5,309300,73705,-0.304651162791,-0.727586206897,1989MM09,106.70899654
73706,A5,309300,73706,-0.305647840532,-0.726896551724,1989MM10,106.610034602
73707,A5,309300,73707,-0.306644518272,-0.726206896552,1989MM11,106.511072664
73708,A5,309300,73708,-0.307641196013,-0.725517241379,1989MM12,106.412110727
73710,A5,309300,73710,-0.308637873754,-0.724827586207,1990MM01,106.313148789
73711,A5,309300,73711,-0.309634551495,-0.724137931034,1990MM02,106.214186851
73712,A5,309300,73712,-0.310631229236,-0.723448275862,1990MM03,106.115224913
73713,A5,309300,73713,-0.311627906977,-0.72275862069,1990MM04,106.016262976
73714,A5,309300,73714,-0.312624584718,-0.722068965517,1990MM05,105.917301038
73715,A5,309300,73715,-0.313621262458,-0.721379310345,1990MM06,105.8183391
73716,A5,309300,73716,-0.314617940199,-0.720689655172,1990MM07,105.719377163
73717,A5,309300,73717,-0.31561461794,-0.72,1990MM08,105.620415225
73718,A5,309300,73718,-0.316611295681,-0.719310344828,1990MM09,105.521453287
73719,A5,309300,73719,-0.317607973422,-0.718620689655,1990MM10,105.422491349
73720,A5,309300,73720,-0.318604651163,-0.717931034483,1990MM11,105.323529412
73721,A5,309300,73721,-0.319601328904,-0.71724137931,1990MM12,105.224567474
73723,A5,309300,73723,-0.320598006645,-0.716551724138,1991MM01,105.125605536
73724,A5,309300,73724,-0.321594684385,-0.715862068966,1991MM02,105.026643599
73725,A5,309300,73725,-0.322591362126,-0.715172413793,1991MM03,104.927681661
73726,A5,309300,73726,-0.323588039867,-0.714482758621,1991MM04,104.828719723
73727,A5,309300,73727,-0.324584717608,-0.713793103448,1991MM05,104.729757785
73728,A5,309300,73728,-0.325581395349,-0.713103448276,1991MM06,104.630795848
73729,A5,309300,73729,-0.32657807309,-0.712413793103,1991MM07,104.53183391
73730,A5,309300,73730,-0.327574750831,-0.711724137931,1991MM08,104.432871972
73731,A5,309300,73731,-0.328571428571,-0.711034482759,1991MM09,104.333910035
73732,A5,309300,73732,-0.329568106312,-0.710344827586,1991MM10,104.234948097
73733,A5,309300,73733,-0.330564784053,-0.709655172414,1991MM11,104.135986159
73734,A5,309300,73734,-0.331561461794,-0.708965517241,1991MM12,104.037024221
73736,A5,309300,73736,-0.332558139535,-0.708275862069,1992MM01,103.938062284
73737,A5,309300,73737,-0.333554817276,-0.707586206897,1992MM02,103.839100346
73738,A5,309300,73738,-0.334551495017,-0.706896551724,1992MM03,103.740138408
73739,A5,309300,73739,-0.335548172757,-0.706206896552,1992MM04,103.641176471
73740,A5,309300,73740,-0.336544850498,-0.705517241379,1992MM05,103.542214533
73741,A5,309300,73741,-0.337541528239,-0.704827586207,1992MM06,103.443252595
73742,A5,309300,73742,-0.33853820598,-0.704137931034,1992MM07,103.344290657
73743,A5,309300,73743,-0.339534883721,-0.703448275862,1992MM08,103.24532872
73744,A5,309300,73744,-0.340531561462,-0.70275862069,1992MM09,103.146366782
73745,A5,309300,73745,-0.341528239203,-0.702068965517,1992MM10,103.047404844
73746,A5,309300,73746,-0.342524916944,-0.701379310345,1992MM11,102.948442907
73747,A5,309300,73747,-0.343521594684,-0.700689655172,1992MM12,102.849480969
73749,A5,309300,73749,-0.344518272425,-0.7,1993MM01,102.750519031
73750,A5,309300,73750,-0.345514950166,-0.699310344828,1993MM02,102.651557093
73751,A5,309300,73751,-0.346511627907,-0.698620689655,1993MM03,102.552595156
73752,A5,309300,73752,-0.347508305648,-0.697931034483,1993MM04,102.453633218
73753,A5,309300,73753,-0.348504983389,-0.69724137931,1993MM05,102.35467128
73754,A5,309300,73754,-0.34950166113,-0.696551724138,1993MM06,102.255709343
73755,A5,309300,73755,-0.35049833887,-0.695862068966,1993MM07,102.156747405
73756,A5,309300,73756,-0.351495016611,-0.695172413793,1993MM08,102.057785467
73757,A5,309300,73757,-0.352491694352,-0.694482758621,1993MM09,101.958823529
73758,A5,309300,73758,-0.353488372093,-0.693793103448,1993MM10,101.859861592
73759,A5,309300,73759,-0.354485049834,-0.693103448276,1993MM11,101.760899654
73760,A5,309300,73760,-0.355481727575,-0.692413793103,1993MM12,101.661937716
73762,A5,309300,73762,-0.356478405316,-0.691724137931,1994MM01,101.562975779
73763,A5,309300,73763,-0.357475083056,-0.691034482759,1994MM02,101.464013841
73764,A5,309300,73764,-0.358471760797,-0.690344827586,1994MM03,101.365051903
73765,A5,309300,73765,-0.359468438538,-0.689655172414,1994MM04,101.266089965
73766,A5,309300,73766,-0.360465116279,-0.688965517241,1994MM05,101.167128028
73767,A5,309300,73767,-0.36146179402,-0.688275862069,1994MM06,101.06816609
73768,A5,309300,73768,-0.362458471761,-0.687586206897,1994MM07,100.969204152
73769,A5,309300,73769,-0.363455149502,-0.686896551724,1994MM08,100.870242215
73770,A5,309300,73770,-0.364451827243,-0.686206896552,1994MM09,100.771280277
73771,A5,309300,73771,-0.365448504983,-0.685517241379,1994MM10,100.672318339
73772,A5,309300,73772,-0.366445182724,-0.684827586207,1994MM11,100.573356401
73773,A5,309300,73773,-0.367441860465,-0.684137931034,1994MM12,100.474394464
73775,A5,309300,73775,-0.368438538206,-0.683448275862,1995MM01,100.375432526
73776,A5,309300,73776,-0.369435215947,-0.68275862069,1995MM02,100.276470588
73777,A5,309300,73777,-0.370431893688,-0.682068965517,1995MM03,100.177508651
73778,A5,309300,73778,-0.371428571429,-0.681379310345,1995MM04,100.078546713
73779,A5,309300,73779,-0.372425249169,-0.680689655172,1995MM05,99.9795847751
73780,A5,309300,73780,-0.37342192691,-0.68,1995MM06,99.8806228374
73781,A5,309300,73781,-0.374418604651,-0.679310344828,1995MM07,99.7816608997
73782,A5,309300,73782,-0.375415282392,-0.678620689655,1995MM08,99.6826989619
73783,A5,309300,73783,-0.376411960133,-0.677931034483,1995MM09,99.5837370242
73784,A5,309300,73784,-0.377408637874,-0.67724137931,1995MM10,99.4847750865
73785,A5,309300,73785,-0.378405315615,-0.676551724138,1995MM11,99.3858131488
73786,A5,309300,73786,-0.379401993355,-0.675862068966,1995MM12,99.2868512111
73788,A5,309300,73788,-0.380398671096,-0.675172413793,1996MM01,99.1878892734
73789,A5,309300,73789,-0.381395348837,-0.674482758621,1996MM02,99.0889273356
73790,A5,309300,73790,-0.382392026578,-0.673793103448,1996MM03,98.9899653979
73791,A5,309300,73791,-0.383388704319,-0.673103448276,1996MM04,98.8910034602
73792,A5,309300,73792,-0.38438538206,-0.672413793103,1996MM05,98.7920415225
73793,A5,309300,73793,-0.385382059801,-0.671724137931,1996MM06,98.6930795848
73794,A5,309300,73794,-0.386378737542,-0.671034482759,1996MM07,98.5941176471
73795,A5,309300,73795,-0.387375415282,-0.670344827586,1996MM08,98.4951557093
73796,A5,309300,73796,-0.388372093023,-0.669655172414,1996MM09,98.3961937716
73797,A5,309300,73797,-0.389368770764,-0.668965517241,1996MM10,98.2972318339
73798,A5,309300,73798,-0.390365448505,-0.668275862069,1996MM11,98.1982698962
73799,A5,309300,73799,-0.391362126246,-0.667586206897,1996MM12,98.0993079585
73801,A5,309300,73801,-0.392358803987,-0.666896551724,1997MM01,98.0003460208
73802,A5,309300,73802,-0.393355481728,-0.666206896552,1997MM02,97.901384083
73803,A5,309300,73803,-0.394352159468,-0.665517241379,1997MM03,97.8024221453
73804,A5,309300,73804,-0.395348837209,-0.664827586207,1997MM04,97.7034602076
73805,A5,309300,73805,-0.39634551495,-0.664137931034,1997MM05,97.6044982699
73806,A5,309300,73806,-0.397342192691,-0.663448275862,1997MM06,97.5055363322
73807,A5,309300,73807,-0.398338870432,-0.66275862069,1997MM07,97.4065743945
73808,A5,309300,73808,-0.399335548173,-0.662068965517,1997MM08,97.3076124567
73809,A5,309300,73809,-0.400332225914,-0.661379310345,1997MM09,97.208650519
73810,A5,309300,73810,-0.401328903654,-0.660689655172,1997MM10,97.1096885813
73811,A5,309300,73811,-0.402325581395,-0.66,1997MM11,97.0107266436
73812,A5,309300,73812,-0.403322259136,-0.659310344828,1997MM12,96.9117647059
73814,A5,309300,73814,-0.404318936877,-0.658620689655,1998MM01,96.8128027682
73815,A5,309300,73815,-0.405315614618,-0.657931034483,1998MM02,96.7138408304
73816,A5,309300,73816,-0.406312292359,-0.65724137931,1998MM03,96.6148788927
73817,A5,309300,73817,-0.4073089701,-0.656551724138,1998MM04,96.515916955
73818,A5,309300,73818,-0.408305647841,-0.655862068966,1998MM05,96.4169550173
73819,A5,309300,73819,-0.409302325581,-0.655172413793,1998MM06,96.3179930796
73820,A5,309300,73820,-0.410299003322,-0.654482758621,1998MM07,96.2190311419
73821,A5,309300,73821,-0.411295681063,-0.653793103448,1998MM08,96.1200692042
73822,A5,309300,73822,-0.412292358804,-0.653103448276,1998MM09,96.0211072664
73823,A5,309300,73823,-0.413289036545,-0.652413793103,1998MM10,95.9221453287
73824,A5,309300,73824,-0.414285714286,-0.651724137931,1998MM11,95.823183391
73825,A5,309300,73825,-0.415282392027,-0.651034482759,1998MM12,95.7242214533
73827,A5,309300,73827,-0.416279069767,-0.650344827586,1999MM01,95.6252595156
73828,A5,309300,73828,-0.417275747508,-0.649655172414,1999MM02,95.5262975779
73829,A5,309300,73829,-0.418272425249,-0.648965517241,1999MM03,95.4273356401
73830,A5,309300,73830,-0.41926910299,-0.648275862069,1999MM04,95.3283737024
73831,A5,309300,73831,-0.420265780731,-0.647586206897,1999MM05,95.2294117647
73832,A5,309300,73832,-0.421262458472,-0.646896551724,1999MM06,95.130449827
73833,A5,309300,73833,-0.422259136213,-0.646206896552,1999MM07,95.0314878893
73834,A5,309300,73834,-0.423255813953,-0.645517241379,1999MM08,94.9325259516
73835,A5,309300,73835,-0.424252491694,-0.644827586207,1999MM09,94.8335640138
73836,A5,309300,73836,-0.425249169435,-0.644137931034,1999MM10,94.7346020761
73837,A5,309300,73837,-0.426245847176,-0.643448275862,1999MM11,94.6356401384
73838,A5,309300,73838,-0.427242524917,-0.64275862069,1999MM12,94.5366782007
73840,A5,309300,73840,-0.428239202658,-0.642068965517,2000MM01,94.437716263
73841,A5,309300,73841,-0.429235880399,-0.641379310345,2000MM02,94.3387543253
73842,A5,309300,73842,-0.43023255814,-0.640689655172,2000MM03,94.2397923875
73843,A5,309300,73843,-0.43122923588,-0.64,2000MM04,94.1408304498
73844,A5,309300,73844,-0.432225913621,-0.639310344828,2000MM05,94.0418685121
73845,A5,309300,73845,-0.433222591362,-0.638620689655,2000MM06,93.9429065744
73846,A5,309300,73846,-0.434219269103,-0.637931034483,2000MM07,93.8439446367
73847,A5,309300,73847,-0.435215946844,-0.63724137931,2000MM08,93.744982699
73848,A5,309300,73848,-0.436212624585,-0.636551724138,2000MM09,93.6460207612
73849,A5,309300,73849,-0.437209302326,-0.635862068966,2000MM10,93.5470588235
73850,A5,309300,73850,-0.438205980066,-0.635172413793,2000MM11,93.4480968858
73851,A5,309300,73851,-0.439202657807,-0.634482758621,2000MM12,93.3491349481
73853,A5,309300,73853,-0.440199335548,-0.633793103448,2001MM01,93.2501730104
73854,A5,309300,73854,-0.441196013289,-0.633103448276,2001MM02,93.1512110727
73855,A5,309300,73855,-0.44219269103,-0.632413793103,2001MM03,93.0522491349
73856,A5,309300,73856,-0.443189368771,-0.631724137931,2001MM04,92.9532871972
73857,A5,309300,73857,-0.444186046512,-0.631034482759,2001MM05,92.8543252595
73858,A5,309300,73858,-0.445182724252,-0.630344827586,2001MM06,92.7553633218
73859,A5,309300,73859,-0.446179401993,-0.629655172414,2001MM07,92.6564013841
73860,A5,309300,73860,-0.447176079734,-0.628965517241,2001MM08,92.5574394464
73861,A5,309300,73861,-0.448172757475,-0.628275862069,2001MM09,92.4584775087
73862,A5,309300,73862,-0.449169435216,-0.627586206897,2001MM10,92.3595155709
73863,A5,309300,73863,-0.450166112957,-0.626896551724,2001MM11,92.2605536332
73864,A5,309300,73864,-0.451162790698,-0.626206896552,2001MM12,92.1615916955
73866,A5,309300,73866,-0.452159468439,-0.625517241379,2002MM01,92.0626297578
73867,A5,309300,73867,-0.453156146179,-0.624827586207,2002MM02,91.9636678201
73868,A5,309300,73868,-0.45415282392,-0.624137931034,2002MM03,91.8647058824
73869,A5,309300,73869,-0.455149501661,-0.623448275862,2002MM04,91.7657439446
73870,A5,309300,73870,-0.456146179402,-0.62275862069,2002MM05,91.6667820069
73871,A5,309300,73871,-0.457142857143,-0.622068965517,2002MM06,91.5678200692
73872,A5,309300,73872,-0.458139534884,-0.621379310345,2002MM07,91.4688581315
73873,A5,309300,73873,-0.459136212625,-0.620689655172,2002MM08,91.3698961938
73874,A5,309300,73874,-0.460132890365,-0.62,2002MM09,91.2709342561
73875,A5,309300,73875,-0.461129568106,-0.619310344828,2002MM10,91.1719723183
73876,A5,309300,73876,-0.462126245847,-0.618620689655,2002MM11,91.0730103806
73877,A5,309300,73877,-0.463122923588,-0.617931034483,2002MM12,90.9740484429
73879,A5,309300,73879,-0.464119601329,-0.61724137931,2003MM01,90.8750865052
73880,A5,309300,73880,-0.46511627907,-0.616551724138,2003MM02,90.7761245675
73881,A5,309300,73881,-0.466112956811,-0.615862068966,2003MM03,90.6771626298
73882,A5,309300,73882,-0.467109634551,-0.615172413793,2003MM04,90.578200692
73883,A5,309300,73883,-0.468106312292,-0.614482758621,2003MM05,90.4792387543
73884,A5,309300,73884,-0.469102990033,-0.613793103448,2003MM06,90.3802768166
73885,A5,309300,73885,-0.470099667774,-0.613103448276,2003MM07,90.2813148789
73886,A5,309300,73886,-0.471096345515,-0.612413793103,2003MM08,90.1823529412
73887,A5,309300,73887,-0.472093023256,-0.611724137931,2003MM09,90.0833910035
73888,A5,309300,73888,-0.473089700997,-0.611034482759,2003MM10,89.9844290657
73889,A5,309300,73889,-0.474086378738,-0.610344827586,2003MM11,89.885467128
73890,A5,309300,73890,-0.475083056478,-0.609655172414,2003MM12,89.7865051903
73892,A5,309300,73892,-0.476079734219,-0.608965517241,2004MM01,89.6875432526
73893,A5,309300,73893,-0.47707641196,-0.608275862069,2004MM02,89.5885813149
73894,A5,309300,73894,-0.478073089701,-0.607586206897,2004MM03,89.4896193772
73895,A5,309300,73895,-0.479069767442,-0.606896551724,2004MM04,89.3906574394
73896,A5,309300,73896,-0.480066445183,-0.606206896552,2004MM05,89.2916955017
73897,A5,309300,73897,-0.481063122924,-0.605517241379,2004MM06,89.192733564
73898,A5,309300,73898,-0.482059800664,-0.604827586207,2004MM07,89.0937716263
73899,A5,309300,73899,-0.483056478405,-0.604137931034,2004MM08,88.9948096886
73900,A5,309300,73900,-0.484053156146,-0.603448275862,2004MM09,88.8958477509
73901,A5,309300,73901,-0.485049833887,-0.60275862069,2004MM10,88.7968858131
73902,A5,309300,73902,-0.486046511628,-0.602068965517,2004MM11,88.6979238754
73903,A5,309300,73903,-0.487043189369,-0.601379310345,2004MM12,88.5989619377
73905,A5,309300,73905,-0.48803986711,-0.600689655172,2005MM01,88.5
73906,A5,309300,73906,-0.48903654485,-0.6,2005MM02,87.9
73907,A5,309300,73907,-0.490033222591,-1.3,2005MM03,86.8
73908,A5,309300,73908,-0.491029900332,0.3,2005MM04,87.1
73909,A5,309300,73909,-0.492026578073,-0.1,2005MM05,87.0
73910,A5,309300,73910,-0.493023255814,0.6,2005MM06,87.5
73911,A5,309300,73911,-0.494019933555,-0.1,2005MM07,87.4
73912,A5,309300,73912,-0.495016611296,-0.1,2005MM08,87.2
73913,A5,309300,73913,-0.496013289037,-0.1,2005MM09,87.2
73914,A5,309300,73914,-0.497009966777,-0.5,2005MM10,86.7
73915,A5,309300,73915,-0.498006644518,1.0,2005MM11,87.6
73916,A5,309300,73916,-0.499003322259,-0.4,2005MM12,87.3
73918,A5,309300,73918,-0.5,0.8,2006MM01,88.0
73919,A5,309300,73919,1.0,0.9,2006MM02,88.8
73920,A5,309300,73920,2.1,-0.3,2006MM03,88.6
73921,A5,309300,73921,1.5,-0.3,2006MM04,88.4
73922,A5,309300,73922,1.7,0.1,2006MM05,88.4
73923,A5,309300,73923,2.2,1.1,2006MM06,89.4
73924,A5,309300,73924,3.9,1.6,2006MM07,90.8
73925,A5,309300,73925,4.7,0.6,2006MM08,91.3
73926,A5,309300,73926,3.6,-1.1,2006MM09,90.3
73927,A5,309300,73927,9.8,5.5,2006MM10,95.3
73928,A5,309300,73928,10.3,1.5,2006MM11,96.7
73929,A5,309300,73929,11.3,0.5,2006MM12,97.1
73931,A5,309300,73931,11.4,0.9,2007MM01,98.0
73932,A5,309300,73932,10.0,-0.3,2007MM02,97.7
73933,A5,309300,73933,10.8,0.5,2007MM03,98.2
73934,A5,309300,73934,12.8,1.5,2007MM04,99.7
73935,A5,309300,73935,14.6,1.6,2007MM05,101.3
73936,A5,309300,73936,14.9,1.3,2007MM06,102.7
73937,A5,309300,73937,16.3,2.9,2007MM07,105.6
73938,A5,309300,73938,19.4,3.3,2007MM08,109.1
73939,A5,309300,73939,22.4,1.3,2007MM09,110.6
73940,A5,309300,73940,16.9,0.8,2007MM10,111.4
73941,A5,309300,73941,17.3,1.8,2007MM11,113.4
73942,A5,309300,73942,16.8,0.0,2007MM12,113.4
73944,A5,309300,73944,18.0,2.0,2008MM01,115.7
73945,A5,309300,73945,20.4,1.7,2008MM02,117.6
73946,A5,309300,73946,22.9,2.6,2008MM03,120.7
73947,A5,309300,73947,19.5,-1.3,2008MM04,119.1
73948,A5,309300,73948,16.0,-1.4,2008MM05,117.5
73949,A5,309300,73949,15.2,0.6,2008MM06,118.3
73950,A5,309300,73950,10.9,-1.0,2008MM07,117.1
73951,A5,309300,73951,8.0,0.6,2008MM08,117.9
73952,A5,309300,73952,6.0,-0.6,2008MM09,117.2
73953,A5,309300,73953,2.3,-2.7,2008MM10,114.0
73954,A5,309300,73954,-1.6,-2.1,2008MM11,111.6
73955,A5,309300,73955,-3.9,-2.3,2008MM12,109.0
73957,A5,309300,73957,-5.2,0.5,2009MM01,109.6
73958,A5,309300,73958,-7.5,-0.8,2009MM02,108.8
73959,A5,309300,73959,-10.0,-0.1,2009MM03,108.6
73960,A5,309300,73960,-11.2,-2.7,2009MM04,105.8
73961,A5,309300,73961,-8.7,1.4,2009MM05,107.3
73962,A5,309300,73962,-9.4,-0.1,2009MM06,107.1
73963,A5,309300,73963,-10.3,-2.0,2009MM07,105.0
73964,A5,309300,73964,-11.2,-0.4,2009MM08,104.6
73965,A5,309300,73965,-11.7,-1.1,2009MM09,103.5
73966,A5,309300,73966,-12.8,-3.9,2009MM10,99.5
73967,A5,309300,73967,-11.0,-0.1,2009MM11,99.3
73968,A5,309300,73968,-9.8,-1.0,2009MM12,98.4
73970,A5,309300,73970,-10.4,-0.1,2010MM01,98.3
73971,A5,309300,73971,-9.7,0.0,2010MM02,98.3
73972,A5,309300,73972,-9.3,0.3,2010MM03,98.6
73973,A5,309300,73973,-7.2,-0.4,2010MM04,98.2
73974,A5,309300,73974,-8.4,0.1,2010MM05,98.2
73975,A5,309300,73975,-8.1,0.1,2010MM06,98.4
73976,A5,309300,73976,-6.9,-0.7,2010MM07,97.7
73977,A5,309300,73977,-5.6,1.1,2010MM08,98.8
73978,A5,309300,73978,-2.5,2.1,2010MM09,100.8
73979,A5,309300,73979,3.0,1.6,2010MM10,102.4
73980,A5,309300,73980,4.9,1.7,2010MM11,104.2
73981,A5,309300,73981,7.9,1.9,2010MM12,106.1
73983,A5,309300,73983,16.0,7.4,2011MM01,114.0
73984,A5,309300,73984,16.8,0.7,2011MM02,114.8
73985,A5,309300,73985,17.0,0.5,2011MM03,115.3
73986,A5,309300,73986,17.5,0.1,2011MM04,115.4
73987,A5,309300,73987,18.5,0.9,2011MM05,116.5
73988,A5,309300,73988,18.5,0.1,2011MM06,116.6
73989,A5,309300,73989,18.3,-0.9,2011MM07,115.6
73990,A5,309300,73990,15.4,-1.3,2011MM08,114.0
73991,A5,309300,73991,12.4,-0.6,2011MM09,113.4
73992,A5,309300,73992,11.2,0.4,2011MM10,113.9
73993,A5,309300,73993,8.1,-1.0,2011MM11,112.7
73994,A5,309300,73994,5.2,-0.9,2011MM12,111.7
73996,A5,309300,73996,-0.9,1.1,2012MM01,112.9
73997,A5,309300,73997,-2.6,-1.0,2012MM02,111.8
73998,A5,309300,73998,-3.8,-0.7,2012MM03,111.0
73999,A5,309300,73999,-3.7,0.1,2012MM04,111.1
74000,A5,309300,74000,-4.7,0.0,2012MM05,111.0
74001,A5,309300,74001,-4.6,0.2,2012MM06,111.3
74002,A5,309300,74002,-5.0,-1.3,2012MM07,109.8
74003,A5,309300,74003,-3.9,-0.1,2012MM08,109.6
74004,A5,309300,74004,-3.1,0.3,2012MM09,109.9
74005,A5,309300,74005,-2.5,1.0,2012MM10,111.0
74006,A5,309300,74006,-1.0,0.5,2012MM11,111.5
74007,A5,309300,74007,-0.3,-0.2,2012MM12,111.4
74009,A5,309300,74009,0.5,1.9,2013MM01,113.5
74010,A5,309300,74010,1.1,-0.4,2013MM02,113.1
74011,A5,309300,74011,1.9,0.1,2013MM03,113.1
74012,A5,309300,74012,1.1,-0.8,2013MM04,112.3
74013,A5,309300,74013,2.0,0.9,2013MM05,113.3
74014,A5,309300,74014,1.6,-0.2,2013MM06,113.0
74015,A5,309300,74015,2.1,-0.8,2013MM07,112.1
74016,A5,309300,74016,1.3,-0.9,2013MM08,111.0
74017,A5,309300,74017,1.0,0.0,2013MM09,111.0
74018,A5,309300,74018,-0.4,-0.4,2013MM10,110.6
74019,A5,309300,74019,-1.3,-0.4,2013MM11,110.1
74020,A5,309300,74020,-1.0,0.1,2013MM12,110.2
74022,A5,309300,74022,-2.3,0.6,2014MM01,110.9
74023,A5,309300,74023,-0.3,1.7,2014MM02,112.7
74024,A5,309300,74024,-0.8,-0.5,2014MM03,112.2
74025,A5,309300,74025,0.7,0.7,2014MM04,113.0
74026,A5,309300,74026,-0.3,0.0,2014MM05,113.0
74027,A5,309300,74027,-0.4,-0.3,2014MM06,112.6
74028,A5,309300,74028,1.3,0.9,2014MM07,113.6
74029,A5,309300,74029,2.0,-0.3,2014MM08,113.3
74030,A5,309300,74030,1.8,-0.3,2014MM09,113.0
74031,A5,309300,74031,0.4,-1.8,2014MM10,111.0
74032,A5,309300,74032,-0.1,-0.9,2014MM11,110.0
74033,A5,309300,74033,-0.1,0.0,2014MM12,110.1
74035,A5,309300,74035,-1.0,-0.2,2015MM01,109.8
74036,A5,309300,74036,-3.2,-0.6,2015MM02,109.2
74037,A5,309300,74037,-2.9,-0.2,2015MM03,108.9
74038,A5,309300,74038,-4.1,-0.5,2015MM04,108.4
74039,A5,309300,74039,-4.1,-0.1,2015MM05,108.3
74040,A5,309300,74040,-4.2,-0.5,2015MM06,107.8
74041,A5,309300,74041,-4.9,0.2,2015MM07,108.1
74042,A5,309300,74042,-4.5,0.1,2015MM08,108.1
74043,A5,309300,74043,-4.6,-0.3,2015MM09,107.8
74044,A5,309300,74044,-2.7,0.2,2015MM10,108.0
74045,A5,309300,74045,-0.3,1.5,2015MM11,109.7
74046,A5,309300,74046,0.4,0.8,2015MM12,110.5
74048,A5,309300,74048,1.7,1.1,2016MM01,111.7
74049,A5,309300,74049,3.1,0.8,2016MM02,112.5
74050,A5,309300,74050,2.3,-1.0,2016MM03,111.4
74051,A5,309300,74051,1.7,-1.1,2016MM04,110.2
74052,A5,309300,74052,1.8,0.1,2016MM05,110.3
74053,A5,309300,74053,2.0,-0.3,2016MM06,110.0
74054,A5,309300,74054,1.5,-0.3,2016MM07,109.7
74055,A5,309300,74055,1.1,-0.3,2016MM08,109.3
74056,A5,309300,74056,1.9,0.5,2016MM09,109.9
74057,A5,309300,74057,1.8,0.1,2016MM10,110.0
74058,A5,309300,74058,0.4,0.1,2016MM11,110.1
74059,A5,309300,74059,-0.6,-0.3,2016MM12,109.8
74061,A5,309300,74061,1.1,2.8,2017MM01,112.9
74062,A5,309300,74062,0.8,0.5,2017MM02,113.4
74063,A5,309300,74063,2.3,0.5,2017MM03,114.0
74064,A5,309300,74064,3.5,0.0,2017MM04,114.0
74065,A5,309300,74065,3.2,-0.2,2017MM05,113.8
74066,A5,309300,74066,3.8,0.3,2017MM06,114.2
74067,A5,309300,74067,3.4,-0.7,2017MM07,113.4
74068,A5,309300,74068,3.4,-0.3,2017MM08,113.1
74069,A5,309300,74069,3.4,0.5,2017MM09,113.6
74070,A5,309300,74070,2.7,-0.6,2017MM10,113.0
74071,A5,309300,74071,3.2,0.6,2017MM11,113.6
74072,A5,309300,74072,3.2,-0.2,2017MM12,113.4
