,Afzet,BedrijfstakkenBranchesSBI2008,ID,OntwikkelingTOV1JaarEerder_2,OntwikkelingTOV1MaandEerder_3,Perioden,ProducentenprijsindexPPI_1
74074,A5,309400,74074,3.17973421927,-1.0024137931,1981MM01,111.629757785
74075,A5,309400,74075,3.15946843854,-1.00482758621,1981MM02,111.559515571
74076,A5,309400,74076,3.13920265781,-1.00724137931,1981MM03,111.489273356
74077,A5,309400,74077,3.11893687708,-1.00965517241,1981MM04,111.419031142
74078,A5,309400,74078,3.09867109635,-1.01206896552,1981MM05,111.348788927
74079,A5,309400,74079,3.07840531561,-1.01448275862,1981MM06,111.278546713
74080,A5,309400,74080,3.05813953488,-1.01689655172,1981MM07,111.208304498
74081,A5,309400,74081,3.03787375415,-1.01931034483,1981MM08,111.138062284
74082,A5,309400,74082,3.01760797342,-1.02172413793,1981MM09,111.067820069
74083,A5,309400,74083,2.99734219269,-1.02413793103,1981MM10,110.997577855
74084,A5,309400,74084,2.97707641196,-1.02655172414,1981MM11,110.92733564
74085,A5,309400,74085,2.95681063123,-1.02896551724,1981MM12,110.857093426
74087,A5,309400,74087,2.9365448505,-1.03137931034,1982MM01,110.786851211
74088,A5,309400,74088,2.91627906977,-1.03379310345,1982MM02,110.716608997
74089,A5,309400,74089,2.89601328904,-1.03620689655,1982MM03,110.646366782
74090,A5,309400,74090,2.87574750831,-1.03862068966,1982MM04,110.576124567
74091,A5,309400,74091,2.85548172757,-1.04103448276,1982MM05,110.505882353
74092,A5,309400,74092,2.83521594684,-1.04344827586,1982MM06,110.435640138
74093,A5,309400,74093,2.81495016611,-1.04586206897,1982MM07,110.365397924
74094,A5,309400,74094,2.79468438538,-1.04827586207,1982MM08,110.295155709
74095,A5,309400,74095,2.77441860465,-1.05068965517,1982MM09,110.224913495
74096,A5,309400,74096,2.75415282392,-1.05310344828,1982MM10,110.15467128
74097,A5,309400,74097,2.73388704319,-1.05551724138,1982MM11,110.084429066
74098,A5,309400,74098,2.71362126246,-1.05793103448,1982MM12,110.014186851
74100,A5,309400,74100,2.69335548173,-1.06034482759,1983MM01,109.943944637
74101,A5,309400,74101,2.673089701,-1.06275862069,1983MM02,109.873702422
74102,A5,309400,74102,2.65282392027,-1.06517241379,1983MM03,109.803460208
74103,A5,309400,74103,2.63255813953,-1.0675862069,1983MM04,109.733217993
74104,A5,309400,74104,2.6122923588,-1.07,1983MM05,109.662975779
74105,A5,309400,74105,2.59202657807,-1.0724137931,1983MM06,109.592733564
74106,A5,309400,74106,2.57176079734,-1.07482758621,1983MM07,109.522491349
74107,A5,309400,74107,2.55149501661,-1.07724137931,1983MM08,109.452249135
74108,A5,309400,74108,2.53122923588,-1.07965517241,1983MM09,109.38200692
74109,A5,309400,74109,2.51096345515,-1.08206896552,1983MM10,109.311764706
74110,A5,309400,74110,2.49069767442,-1.08448275862,1983MM11,109.241522491
74111,A5,309400,74111,2.47043189369,-1.08689655172,1983MM12,109.171280277
74113,A5,309400,74113,2.45016611296,-1.08931034483,1984MM01,109.101038062
74114,A5,309400,74114,2.42990033223,-1.09172413793,1984MM02,109.030795848
74115,A5,309400,74115,2.4096345515,-1.09413793103,1984MM03,108.960553633
74116,A5,309400,74116,2.38936877076,-1.09655172414,1984MM04,108.890311419
74117,A5,309400,74117,2.36910299003,-1.09896551724,1984MM05,108.820069204
74118,A5,309400,74118,2.3488372093,-1.10137931034,1984MM06,108.74982699
74119,A5,309400,74119,2.32857142857,-1.10379310345,1984MM07,108.679584775
74120,A5,309400,74120,2.30830564784,-1.10620689655,1984MM08,108.609342561
74121,A5,309400,74121,2.28803986711,-1.10862068966,1984MM09,108.539100346
74122,A5,309400,74122,2.26777408638,-1.11103448276,1984MM10,108.468858131
74123,A5,309400,74123,2.24750830565,-1.11344827586,1984MM11,108.398615917
74124,A5,309400,74124,2.22724252492,-1.11586206897,1984MM12,108.328373702
74126,A5,309400,74126,2.20697674419,-1.11827586207,1985MM01,108.258131488
74127,A5,309400,74127,2.18671096346,-1.12068965517,1985MM02,108.187889273
74128,A5,309400,74128,2.16644518272,-1.12310344828,1985MM03,108.117647059
74129,A5,309400,74129,2.14617940199,-1.12551724138,1985MM04,108.047404844
74130,A5,309400,74130,2.12591362126,-1.12793103448,1985MM05,107.97716263
74131,A5,309400,74131,2.10564784053,-1.13034482759,1985MM06,107.906920415
74132,A5,309400,74132,2.0853820598,-1.13275862069,1985MM07,107.836678201
74133,A5,309400,74133,2.06511627907,-1.13517241379,1985MM08,107.766435986
74134,A5,309400,74134,2.04485049834,-1.1375862069,1985MM09,107.696193772
74135,A5,309400,74135,2.02458471761,-1.14,1985MM10,107.625951557
74136,A5,309400,74136,2.00431893688,-1.1424137931,1985MM11,107.555709343
74137,A5,309400,74137,1.98405315615,-1.14482758621,1985MM12,107.485467128
74139,A5,309400,74139,1.96378737542,-1.14724137931,1986MM01,107.415224913
74140,A5,309400,74140,1.94352159468,-1.14965517241,1986MM02,107.344982699
74141,A5,309400,74141,1.92325581395,-1.15206896552,1986MM03,107.274740484
74142,A5,309400,74142,1.90299003322,-1.15448275862,1986MM04,107.20449827
74143,A5,309400,74143,1.88272425249,-1.15689655172,1986MM05,107.134256055
74144,A5,309400,74144,1.86245847176,-1.15931034483,1986MM06,107.064013841
74145,A5,309400,74145,1.84219269103,-1.16172413793,1986MM07,106.993771626
74146,A5,309400,74146,1.8219269103,-1.16413793103,1986MM08,106.923529412
74147,A5,309400,74147,1.80166112957,-1.16655172414,1986MM09,106.853287197
74148,A5,309400,74148,1.78139534884,-1.16896551724,1986MM10,106.783044983
74149,A5,309400,74149,1.76112956811,-1.17137931034,1986MM11,106.712802768
74150,A5,309400,74150,1.74086378738,-1.17379310345,1986MM12,106.642560554
74152,A5,309400,74152,1.72059800664,-1.17620689655,1987MM01,106.572318339
74153,A5,309400,74153,1.70033222591,-1.17862068966,1987MM02,106.502076125
74154,A5,309400,74154,1.68006644518,-1.18103448276,1987MM03,106.43183391
74155,A5,309400,74155,1.65980066445,-1.18344827586,1987MM04,106.361591696
74156,A5,309400,74156,1.63953488372,-1.18586206897,1987MM05,106.291349481
74157,A5,309400,74157,1.61926910299,-1.18827586207,1987MM06,106.221107266
74158,A5,309400,74158,1.59900332226,-1.19068965517,1987MM07,106.150865052
74159,A5,309400,74159,1.57873754153,-1.19310344828,1987MM08,106.080622837
74160,A5,309400,74160,1.5584717608,-1.19551724138,1987MM09,106.010380623
74161,A5,309400,74161,1.53820598007,-1.19793103448,1987MM10,105.940138408
74162,A5,309400,74162,1.51794019934,-1.20034482759,1987MM11,105.869896194
74163,A5,309400,74163,1.4976744186,-1.20275862069,1987MM12,105.799653979
74165,A5,309400,74165,1.47740863787,-1.20517241379,1988MM01,105.729411765
74166,A5,309400,74166,1.45714285714,-1.2075862069,1988MM02,105.65916955
74167,A5,309400,74167,1.43687707641,-1.21,1988MM03,105.588927336
74168,A5,309400,74168,1.41661129568,-1.2124137931,1988MM04,105.518685121
74169,A5,309400,74169,1.39634551495,-1.21482758621,1988MM05,105.448442907
74170,A5,309400,74170,1.37607973422,-1.21724137931,1988MM06,105.378200692
74171,A5,309400,74171,1.35581395349,-1.21965517241,1988MM07,105.307958478
74172,A5,309400,74172,1.33554817276,-1.22206896552,1988MM08,105.237716263
74173,A5,309400,74173,1.31528239203,-1.22448275862,1988MM09,105.167474048
74174,A5,309400,74174,1.2950166113,-1.22689655172,1988MM10,105.097231834
74175,A5,309400,74175,1.27475083056,-1.22931034483,1988MM11,105.026989619
74176,A5,309400,74176,1.25448504983,-1.23172413793,1988MM12,104.956747405
74178,A5,309400,74178,1.2342192691,-1.23413793103,1989MM01,104.88650519
74179,A5,309400,74179,1.21395348837,-1.23655172414,1989MM02,104.816262976
74180,A5,309400,74180,1.19368770764,-1.23896551724,1989MM03,104.746020761
74181,A5,309400,74181,1.17342192691,-1.24137931034,1989MM04,104.675778547
74182,A5,309400,74182,1.15315614618,-1.24379310345,1989MM05,104.605536332
74183,A5,309400,74183,1.13289036545,-1.24620689655,1989MM06,104.535294118
74184,A5,309400,74184,1.11262458472,-1.24862068966,1989MM07,104.465051903
74185,A5,309400,74185,1.09235880399,-1.25103448276,1989MM08,104.394809689
74186,A5,309400,74186,1.07209302326,-1.25344827586,1989MM09,104.324567474
74187,A5,309400,74187,1.05182724252,-1.25586206897,1989MM10,104.25432526
74188,A5,309400,74188,1.03156146179,-1.25827586207,1989MM11,104.184083045
74189,A5,309400,74189,1.01129568106,-1.26068965517,1989MM12,104.11384083
74191,A5,309400,74191,0.991029900332,-1.26310344828,1990MM01,104.043598616
74192,A5,309400,74192,0.970764119601,-1.26551724138,1990MM02,103.973356401
74193,A5,309400,74193,0.95049833887,-1.26793103448,1990MM03,103.903114187
74194,A5,309400,74194,0.93023255814,-1.27034482759,1990MM04,103.832871972
74195,A5,309400,74195,0.909966777409,-1.27275862069,1990MM05,103.762629758
74196,A5,309400,74196,0.889700996678,-1.27517241379,1990MM06,103.692387543
74197,A5,309400,74197,0.869435215947,-1.2775862069,1990MM07,103.622145329
74198,A5,309400,74198,0.849169435216,-1.28,1990MM08,103.551903114
74199,A5,309400,74199,0.828903654485,-1.2824137931,1990MM09,103.4816609
74200,A5,309400,74200,0.808637873754,-1.28482758621,1990MM10,103.411418685
74201,A5,309400,74201,0.788372093023,-1.28724137931,1990MM11,103.341176471
74202,A5,309400,74202,0.768106312292,-1.28965517241,1990MM12,103.270934256
74204,A5,309400,74204,0.747840531561,-1.29206896552,1991MM01,103.200692042
74205,A5,309400,74205,0.727574750831,-1.29448275862,1991MM02,103.130449827
74206,A5,309400,74206,0.7073089701,-1.29689655172,1991MM03,103.060207612
74207,A5,309400,74207,0.687043189369,-1.29931034483,1991MM04,102.989965398
74208,A5,309400,74208,0.666777408638,-1.30172413793,1991MM05,102.919723183
74209,A5,309400,74209,0.646511627907,-1.30413793103,1991MM06,102.849480969
74210,A5,309400,74210,0.626245847176,-1.30655172414,1991MM07,102.779238754
74211,A5,309400,74211,0.605980066445,-1.30896551724,1991MM08,102.70899654
74212,A5,309400,74212,0.585714285714,-1.31137931034,1991MM09,102.638754325
74213,A5,309400,74213,0.565448504983,-1.31379310345,1991MM10,102.568512111
74214,A5,309400,74214,0.545182724252,-1.31620689655,1991MM11,102.498269896
74215,A5,309400,74215,0.524916943522,-1.31862068966,1991MM12,102.428027682
74217,A5,309400,74217,0.504651162791,-1.32103448276,1992MM01,102.357785467
74218,A5,309400,74218,0.48438538206,-1.32344827586,1992MM02,102.287543253
74219,A5,309400,74219,0.464119601329,-1.32586206897,1992MM03,102.217301038
74220,A5,309400,74220,0.443853820598,-1.32827586207,1992MM04,102.147058824
74221,A5,309400,74221,0.423588039867,-1.33068965517,1992MM05,102.076816609
74222,A5,309400,74222,0.403322259136,-1.33310344828,1992MM06,102.006574394
74223,A5,309400,74223,0.383056478405,-1.33551724138,1992MM07,101.93633218
74224,A5,309400,74224,0.362790697674,-1.33793103448,1992MM08,101.866089965
74225,A5,309400,74225,0.342524916944,-1.34034482759,1992MM09,101.795847751
74226,A5,309400,74226,0.322259136213,-1.34275862069,1992MM10,101.725605536
74227,A5,309400,74227,0.301993355482,-1.34517241379,1992MM11,101.655363322
74228,A5,309400,74228,0.281727574751,-1.3475862069,1992MM12,101.585121107
74230,A5,309400,74230,0.26146179402,-1.35,1993MM01,101.514878893
74231,A5,309400,74231,0.241196013289,-1.3524137931,1993MM02,101.444636678
74232,A5,309400,74232,0.220930232558,-1.35482758621,1993MM03,101.374394464
74233,A5,309400,74233,0.200664451827,-1.35724137931,1993MM04,101.304152249
74234,A5,309400,74234,0.180398671096,-1.35965517241,1993MM05,101.233910035
74235,A5,309400,74235,0.160132890365,-1.36206896552,1993MM06,101.16366782
74236,A5,309400,74236,0.139867109635,-1.36448275862,1993MM07,101.093425606
74237,A5,309400,74237,0.119601328904,-1.36689655172,1993MM08,101.023183391
74238,A5,309400,74238,0.0993355481728,-1.36931034483,1993MM09,100.952941176
74239,A5,309400,74239,0.0790697674419,-1.37172413793,1993MM10,100.882698962
74240,A5,309400,74240,0.058803986711,-1.37413793103,1993MM11,100.812456747
74241,A5,309400,74241,0.0385382059801,-1.37655172414,1993MM12,100.742214533
74243,A5,309400,74243,0.0182724252492,-1.37896551724,1994MM01,100.671972318
74244,A5,309400,74244,-0.00199335548173,-1.38137931034,1994MM02,100.601730104
74245,A5,309400,74245,-0.0222591362126,-1.38379310345,1994MM03,100.531487889
74246,A5,309400,74246,-0.0425249169435,-1.38620689655,1994MM04,100.461245675
74247,A5,309400,74247,-0.0627906976744,-1.38862068966,1994MM05,100.39100346
74248,A5,309400,74248,-0.0830564784053,-1.39103448276,1994MM06,100.320761246
74249,A5,309400,74249,-0.103322259136,-1.39344827586,1994MM07,100.250519031
74250,A5,309400,74250,-0.123588039867,-1.39586206897,1994MM08,100.180276817
74251,A5,309400,74251,-0.143853820598,-1.39827586207,1994MM09,100.110034602
74252,A5,309400,74252,-0.164119601329,-1.40068965517,1994MM10,100.039792388
74253,A5,309400,74253,-0.18438538206,-1.40310344828,1994MM11,99.969550173
74254,A5,309400,74254,-0.204651162791,-1.40551724138,1994MM12,99.8993079585
74256,A5,309400,74256,-0.224916943522,-1.40793103448,1995MM01,99.8290657439
74257,A5,309400,74257,-0.245182724252,-1.41034482759,1995MM02,99.7588235294
74258,A5,309400,74258,-0.265448504983,-1.41275862069,1995MM03,99.6885813149
74259,A5,309400,74259,-0.285714285714,-1.41517241379,1995MM04,99.6183391003
74260,A5,309400,74260,-0.305980066445,-1.4175862069,1995MM05,99.5480968858
74261,A5,309400,74261,-0.326245847176,-1.42,1995MM06,99.4778546713
74262,A5,309400,74262,-0.346511627907,-1.4224137931,1995MM07,99.4076124567
74263,A5,309400,74263,-0.366777408638,-1.42482758621,1995MM08,99.3373702422
74264,A5,309400,74264,-0.387043189369,-1.42724137931,1995MM09,99.2671280277
74265,A5,309400,74265,-0.4073089701,-1.42965517241,1995MM10,99.1968858131
74266,A5,309400,74266,-0.427574750831,-1.43206896552,1995MM11,99.1266435986
74267,A5,309400,74267,-0.447840531561,-1.43448275862,1995MM12,99.0564013841
74269,A5,309400,74269,-0.468106312292,-1.43689655172,1996MM01,98.9861591696
74270,A5,309400,74270,-0.488372093023,-1.43931034483,1996MM02,98.915916955
74271,A5,309400,74271,-0.508637873754,-1.44172413793,1996MM03,98.8456747405
74272,A5,309400,74272,-0.528903654485,-1.44413793103,1996MM04,98.775432526
74273,A5,309400,74273,-0.549169435216,-1.44655172414,1996MM05,98.7051903114
74274,A5,309400,74274,-0.569435215947,-1.44896551724,1996MM06,98.6349480969
74275,A5,309400,74275,-0.589700996678,-1.45137931034,1996MM07,98.5647058824
74276,A5,309400,74276,-0.609966777409,-1.45379310345,1996MM08,98.4944636678
74277,A5,309400,74277,-0.63023255814,-1.45620689655,1996MM09,98.4242214533
74278,A5,309400,74278,-0.65049833887,-1.45862068966,1996MM10,98.3539792388
74279,A5,309400,74279,-0.670764119601,-1.46103448276,1996MM11,98.2837370242
74280,A5,309400,74280,-0.691029900332,-1.46344827586,1996MM12,98.2134948097
74282,A5,309400,74282,-0.711295681063,-1.46586206897,1997MM01,98.1432525952
74283,A5,309400,74283,-0.731561461794,-1.46827586207,1997MM02,98.0730103806
74284,A5,309400,74284,-0.751827242525,-1.47068965517,1997MM03,98.0027681661
74285,A5,309400,74285,-0.772093023256,-1.47310344828,1997MM04,97.9325259516
74286,A5,309400,74286,-0.792358803987,-1.47551724138,1997MM05,97.862283737
74287,A5,309400,74287,-0.812624584718,-1.47793103448,1997MM06,97.7920415225
74288,A5,309400,74288,-0.832890365449,-1.48034482759,1997MM07,97.721799308
74289,A5,309400,74289,-0.853156146179,-1.48275862069,1997MM08,97.6515570934
74290,A5,309400,74290,-0.87342192691,-1.48517241379,1997MM09,97.5813148789
74291,A5,309400,74291,-0.893687707641,-1.4875862069,1997MM10,97.5110726644
74292,A5,309400,74292,-0.913953488372,-1.49,1997MM11,97.4408304498
74293,A5,309400,74293,-0.934219269103,-1.4924137931,1997MM12,97.3705882353
74295,A5,309400,74295,-0.954485049834,-1.49482758621,1998MM01,97.3003460208
74296,A5,309400,74296,-0.974750830565,-1.49724137931,1998MM02,97.2301038062
74297,A5,309400,74297,-0.995016611296,-1.49965517241,1998MM03,97.1598615917
74298,A5,309400,74298,-1.01528239203,-1.50206896552,1998MM04,97.0896193772
74299,A5,309400,74299,-1.03554817276,-1.50448275862,1998MM05,97.0193771626
74300,A5,309400,74300,-1.05581395349,-1.50689655172,1998MM06,96.9491349481
74301,A5,309400,74301,-1.07607973422,-1.50931034483,1998MM07,96.8788927336
74302,A5,309400,74302,-1.09634551495,-1.51172413793,1998MM08,96.808650519
74303,A5,309400,74303,-1.11661129568,-1.51413793103,1998MM09,96.7384083045
74304,A5,309400,74304,-1.13687707641,-1.51655172414,1998MM10,96.66816609
74305,A5,309400,74305,-1.15714285714,-1.51896551724,1998MM11,96.5979238754
74306,A5,309400,74306,-1.17740863787,-1.52137931034,1998MM12,96.5276816609
74308,A5,309400,74308,-1.1976744186,-1.52379310345,1999MM01,96.4574394464
74309,A5,309400,74309,-1.21794019934,-1.52620689655,1999MM02,96.3871972318
74310,A5,309400,74310,-1.23820598007,-1.52862068966,1999MM03,96.3169550173
74311,A5,309400,74311,-1.2584717608,-1.53103448276,1999MM04,96.2467128028
74312,A5,309400,74312,-1.27873754153,-1.53344827586,1999MM05,96.1764705882
74313,A5,309400,74313,-1.29900332226,-1.53586206897,1999MM06,96.1062283737
74314,A5,309400,74314,-1.31926910299,-1.53827586207,1999MM07,96.0359861592
74315,A5,309400,74315,-1.33953488372,-1.54068965517,1999MM08,95.9657439446
74316,A5,309400,74316,-1.35980066445,-1.54310344828,1999MM09,95.8955017301
74317,A5,309400,74317,-1.38006644518,-1.54551724138,1999MM10,95.8252595156
74318,A5,309400,74318,-1.40033222591,-1.54793103448,1999MM11,95.755017301
74319,A5,309400,74319,-1.42059800664,-1.55034482759,1999MM12,95.6847750865
74321,A5,309400,74321,-1.44086378738,-1.55275862069,2000MM01,95.614532872
74322,A5,309400,74322,-1.46112956811,-1.55517241379,2000MM02,95.5442906574
74323,A5,309400,74323,-1.48139534884,-1.5575862069,2000MM03,95.4740484429
74324,A5,309400,74324,-1.50166112957,-1.56,2000MM04,95.4038062284
74325,A5,309400,74325,-1.5219269103,-1.5624137931,2000MM05,95.3335640138
74326,A5,309400,74326,-1.54219269103,-1.56482758621,2000MM06,95.2633217993
74327,A5,309400,74327,-1.56245847176,-1.56724137931,2000MM07,95.1930795848
74328,A5,309400,74328,-1.58272425249,-1.56965517241,2000MM08,95.1228373702
74329,A5,309400,74329,-1.60299003322,-1.57206896552,2000MM09,95.0525951557
74330,A5,309400,74330,-1.62325581395,-1.57448275862,2000MM10,94.9823529412
74331,A5,309400,74331,-1.64352159468,-1.57689655172,2000MM11,94.9121107266
74332,A5,309400,74332,-1.66378737542,-1.57931034483,2000MM12,94.8418685121
74334,A5,309400,74334,-1.68405315615,-1.58172413793,2001MM01,94.7716262976
74335,A5,309400,74335,-1.70431893688,-1.58413793103,2001MM02,94.701384083
74336,A5,309400,74336,-1.72458471761,-1.58655172414,2001MM03,94.6311418685
74337,A5,309400,74337,-1.74485049834,-1.58896551724,2001MM04,94.560899654
74338,A5,309400,74338,-1.76511627907,-1.59137931034,2001MM05,94.4906574394
74339,A5,309400,74339,-1.7853820598,-1.59379310345,2001MM06,94.4204152249
74340,A5,309400,74340,-1.80564784053,-1.59620689655,2001MM07,94.3501730104
74341,A5,309400,74341,-1.82591362126,-1.59862068966,2001MM08,94.2799307958
74342,A5,309400,74342,-1.84617940199,-1.60103448276,2001MM09,94.2096885813
74343,A5,309400,74343,-1.86644518272,-1.60344827586,2001MM10,94.1394463668
74344,A5,309400,74344,-1.88671096346,-1.60586206897,2001MM11,94.0692041522
74345,A5,309400,74345,-1.90697674419,-1.60827586207,2001MM12,93.9989619377
74347,A5,309400,74347,-1.92724252492,-1.61068965517,2002MM01,93.9287197232
74348,A5,309400,74348,-1.94750830565,-1.61310344828,2002MM02,93.8584775087
74349,A5,309400,74349,-1.96777408638,-1.61551724138,2002MM03,93.7882352941
74350,A5,309400,74350,-1.98803986711,-1.61793103448,2002MM04,93.7179930796
74351,A5,309400,74351,-2.00830564784,-1.62034482759,2002MM05,93.6477508651
74352,A5,309400,74352,-2.02857142857,-1.62275862069,2002MM06,93.5775086505
74353,A5,309400,74353,-2.0488372093,-1.62517241379,2002MM07,93.507266436
74354,A5,309400,74354,-2.06910299003,-1.6275862069,2002MM08,93.4370242215
74355,A5,309400,74355,-2.08936877076,-1.63,2002MM09,93.3667820069
74356,A5,309400,74356,-2.1096345515,-1.6324137931,2002MM10,93.2965397924
74357,A5,309400,74357,-2.12990033223,-1.63482758621,2002MM11,93.2262975779
74358,A5,309400,74358,-2.15016611296,-1.63724137931,2002MM12,93.1560553633
74360,A5,309400,74360,-2.17043189369,-1.63965517241,2003MM01,93.0858131488
74361,A5,309400,74361,-2.19069767442,-1.64206896552,2003MM02,93.0155709343
74362,A5,309400,74362,-2.21096345515,-1.64448275862,2003MM03,92.9453287197
74363,A5,309400,74363,-2.23122923588,-1.64689655172,2003MM04,92.8750865052
74364,A5,309400,74364,-2.25149501661,-1.64931034483,2003MM05,92.8048442907
74365,A5,309400,74365,-2.27176079734,-1.65172413793,2003MM06,92.7346020761
74366,A5,309400,74366,-2.29202657807,-1.65413793103,2003MM07,92.6643598616
74367,A5,309400,74367,-2.3122923588,-1.65655172414,2003MM08,92.5941176471
74368,A5,309400,74368,-2.33255813953,-1.65896551724,2003MM09,92.5238754325
74369,A5,309400,74369,-2.35282392027,-1.66137931034,2003MM10,92.453633218
74370,A5,309400,74370,-2.373089701,-1.66379310345,2003MM11,92.3833910035
74371,A5,309400,74371,-2.39335548173,-1.66620689655,2003MM12,92.3131487889
74373,A5,309400,74373,-2.41362126246,-1.66862068966,2004MM01,92.2429065744
74374,A5,309400,74374,-2.43388704319,-1.67103448276,2004MM02,92.1726643599
74375,A5,309400,74375,-2.45415282392,-1.67344827586,2004MM03,92.1024221453
74376,A5,309400,74376,-2.47441860465,-1.67586206897,2004MM04,92.0321799308
74377,A5,309400,74377,-2.49468438538,-1.67827586207,2004MM05,91.9619377163
74378,A5,309400,74378,-2.51495016611,-1.68068965517,2004MM06,91.8916955017
74379,A5,309400,74379,-2.53521594684,-1.68310344828,2004MM07,91.8214532872
74380,A5,309400,74380,-2.55548172757,-1.68551724138,2004MM08,91.7512110727
74381,A5,309400,74381,-2.57574750831,-1.68793103448,2004MM09,91.6809688581
74382,A5,309400,74382,-2.59601328904,-1.69034482759,2004MM10,91.6107266436
74383,A5,309400,74383,-2.61627906977,-1.69275862069,2004MM11,91.5404844291
74384,A5,309400,74384,-2.6365448505,-1.69517241379,2004MM12,91.4702422145
74386,A5,309400,74386,-2.65681063123,-1.6975862069,2005MM01,91.4
74387,A5,309400,74387,-2.67707641196,-1.7,2005MM02,89.8
74388,A5,309400,74388,-2.69734219269,-1.6,2005MM03,88.3
74389,A5,309400,74389,-2.71760797342,0.1,2005MM04,88.4
74390,A5,309400,74390,-2.73787375415,-0.1,2005MM05,88.3
74391,A5,309400,74391,-2.75813953488,1.7,2005MM06,89.8
74392,A5,309400,74392,-2.77840531561,-0.1,2005MM07,89.7
74393,A5,309400,74393,-2.79867109635,-0.2,2005MM08,89.4
74394,A5,309400,74394,-2.81893687708,-0.4,2005MM09,89.1
74395,A5,309400,74395,-2.83920265781,-0.4,2005MM10,88.7
74396,A5,309400,74396,-2.85946843854,2.4,2005MM11,90.8
74397,A5,309400,74397,-2.87973421927,-1.2,2005MM12,89.7
74399,A5,309400,74399,-2.9,-1.1,2006MM01,88.7
74400,A5,309400,74400,1.0,2.2,2006MM02,90.7
74401,A5,309400,74401,3.1,0.4,2006MM03,91.1
74402,A5,309400,74402,2.3,-0.7,2006MM04,90.5
74403,A5,309400,74403,2.5,0.0,2006MM05,90.5
74404,A5,309400,74404,2.9,2.0,2006MM06,92.3
74405,A5,309400,74405,4.9,1.9,2006MM07,94.1
74406,A5,309400,74406,5.6,0.4,2006MM08,94.5
74407,A5,309400,74407,3.3,-2.6,2006MM09,92.0
74408,A5,309400,74408,11.0,7.1,2006MM10,98.5
74409,A5,309400,74409,8.1,-0.4,2006MM11,98.2
74410,A5,309400,74410,8.8,-0.6,2006MM12,97.6
74412,A5,309400,74412,9.5,-0.4,2007MM01,97.2
74413,A5,309400,74413,6.3,-0.8,2007MM02,96.4
74414,A5,309400,74414,6.0,0.1,2007MM03,96.5
74415,A5,309400,74415,7.7,0.9,2007MM04,97.4
74416,A5,309400,74416,10.6,2.7,2007MM05,100.0
74417,A5,309400,74417,11.0,2.4,2007MM06,102.5
74418,A5,309400,74418,13.9,4.6,2007MM07,107.2
74419,A5,309400,74419,20.2,5.9,2007MM08,113.5
74420,A5,309400,74420,26.5,2.6,2007MM09,116.5
74421,A5,309400,74421,17.7,-0.4,2007MM10,116.0
74422,A5,309400,74422,20.6,2.2,2007MM11,118.5
74423,A5,309400,74423,21.3,0.0,2007MM12,118.4
74425,A5,309400,74425,24.0,1.8,2008MM01,120.5
74426,A5,309400,74426,28.3,2.6,2008MM02,123.7
74427,A5,309400,74427,34.6,5.1,2008MM03,129.9
74428,A5,309400,74428,27.9,-4.1,2008MM04,124.5
74429,A5,309400,74429,21.0,-2.8,2008MM05,121.1
74430,A5,309400,74430,20.4,1.9,2008MM06,123.4
74431,A5,309400,74431,15.0,-0.1,2008MM07,123.2
74432,A5,309400,74432,9.3,0.7,2008MM08,124.0
74433,A5,309400,74433,4.8,-1.6,2008MM09,122.1
74434,A5,309400,74434,2.9,-2.2,2008MM10,119.4
74435,A5,309400,74435,-2.2,-3.0,2008MM11,115.8
74436,A5,309400,74436,-4.3,-2.2,2008MM12,113.3
74438,A5,309400,74438,-5.6,0.4,2009MM01,113.8
74439,A5,309400,74439,-8.7,-0.7,2009MM02,112.9
74440,A5,309400,74440,-13.1,0.0,2009MM03,112.9
74441,A5,309400,74441,-13.0,-4.1,2009MM04,108.4
74442,A5,309400,74442,-9.2,1.5,2009MM05,110.0
74443,A5,309400,74443,-11.3,-0.5,2009MM06,109.4
74444,A5,309400,74444,-11.9,-0.8,2009MM07,108.6
74445,A5,309400,74445,-13.1,-0.7,2009MM08,107.8
74446,A5,309400,74446,-12.4,-0.8,2009MM09,107.0
74447,A5,309400,74447,-14.0,-4.0,2009MM10,102.7
74448,A5,309400,74448,-11.7,-0.4,2009MM11,102.3
74449,A5,309400,74449,-10.3,-0.6,2009MM12,101.7
74451,A5,309400,74451,-11.5,-1.0,2010MM01,100.7
74452,A5,309400,74452,-10.7,0.2,2010MM02,100.8
74453,A5,309400,74453,-10.6,0.1,2010MM03,100.9
74454,A5,309400,74454,-7.8,-1.1,2010MM04,99.9
74455,A5,309400,74455,-9.4,-0.2,2010MM05,99.7
74456,A5,309400,74456,-9.0,-0.1,2010MM06,99.6
74457,A5,309400,74457,-10.5,-2.4,2010MM07,97.2
74458,A5,309400,74458,-9.6,0.3,2010MM08,97.4
74459,A5,309400,74459,-5.5,3.8,2010MM09,101.1
74460,A5,309400,74460,-2.7,-1.1,2010MM10,100.0
74461,A5,309400,74461,-1.3,1.0,2010MM11,101.0
74462,A5,309400,74462,0.1,0.8,2010MM12,101.8
74464,A5,309400,74464,4.6,3.4,2011MM01,105.3
74465,A5,309400,74465,4.8,0.4,2011MM02,105.6
74466,A5,309400,74466,4.9,0.2,2011MM03,105.8
74467,A5,309400,74467,5.9,-0.1,2011MM04,105.8
74468,A5,309400,74468,7.8,1.6,2011MM05,107.4
74469,A5,309400,74469,7.1,-0.8,2011MM06,106.6
74470,A5,309400,74470,7.1,-2.4,2011MM07,104.1
74471,A5,309400,74471,4.8,-1.8,2011MM08,102.2
74472,A5,309400,74472,0.0,-1.0,2011MM09,101.1
74473,A5,309400,74473,1.9,0.7,2011MM10,101.9
74474,A5,309400,74474,-0.9,-1.8,2011MM11,100.0
74475,A5,309400,74475,-1.6,0.1,2011MM12,100.2
74477,A5,309400,74477,-4.4,0.5,2012MM01,100.6
74478,A5,309400,74478,-4.0,0.8,2012MM02,101.5
74479,A5,309400,74479,-4.7,-0.6,2012MM03,100.9
74480,A5,309400,74480,-3.2,1.5,2012MM04,102.4
74481,A5,309400,74481,-4.3,0.4,2012MM05,102.8
74482,A5,309400,74482,-3.6,0.0,2012MM06,102.8
74483,A5,309400,74483,-2.3,-1.1,2012MM07,101.7
74484,A5,309400,74484,0.1,0.5,2012MM08,102.2
74485,A5,309400,74485,2.1,0.9,2012MM09,103.2
74486,A5,309400,74486,1.7,0.4,2012MM10,103.6
74487,A5,309400,74487,3.7,0.2,2012MM11,103.8
74488,A5,309400,74488,3.4,-0.2,2012MM12,103.6
74490,A5,309400,74490,5.9,2.9,2013MM01,106.6
74491,A5,309400,74491,4.1,-0.9,2013MM02,105.6
74492,A5,309400,74492,5.5,0.8,2013MM03,106.4
74493,A5,309400,74493,2.5,-1.3,2013MM04,105.0
74494,A5,309400,74494,3.0,0.9,2013MM05,105.9
74495,A5,309400,74495,3.4,0.4,2013MM06,106.3
74496,A5,309400,74496,3.4,-1.1,2013MM07,105.2
74497,A5,309400,74497,1.4,-1.5,2013MM08,103.7
74498,A5,309400,74498,-0.6,-1.0,2013MM09,102.6
74499,A5,309400,74499,-1.9,-1.0,2013MM10,101.6
74500,A5,309400,74500,-2.5,-0.4,2013MM11,101.2
74501,A5,309400,74501,-2.1,0.2,2013MM12,101.4
74503,A5,309400,74503,-5.9,-1.1,2014MM01,100.3
74504,A5,309400,74504,-3.1,2.0,2014MM02,102.4
74505,A5,309400,74505,-4.7,-0.9,2014MM03,101.5
74506,A5,309400,74506,-3.4,0.0,2014MM04,101.5
74507,A5,309400,74507,-4.6,-0.4,2014MM05,101.0
74508,A5,309400,74508,-5.4,-0.4,2014MM06,100.6
74509,A5,309400,74509,-3.4,1.0,2014MM07,101.7
74510,A5,309400,74510,-2.9,-1.0,2014MM08,100.7
74511,A5,309400,74511,-2.0,-0.1,2014MM09,100.5
74512,A5,309400,74512,-3.0,-2.0,2014MM10,98.5
74513,A5,309400,74513,-3.0,-0.4,2014MM11,98.2
74514,A5,309400,74514,-2.7,0.5,2014MM12,98.7
74516,A5,309400,74516,-0.6,1.0,2015MM01,99.7
74517,A5,309400,74517,-3.9,-1.3,2015MM02,98.4
74518,A5,309400,74518,-3.7,-0.7,2015MM03,97.7
74519,A5,309400,74519,-3.9,-0.2,2015MM04,97.5
74520,A5,309400,74520,-3.6,-0.1,2015MM05,97.4
74521,A5,309400,74521,-3.4,-0.1,2015MM06,97.3
74522,A5,309400,74522,-4.4,-0.1,2015MM07,97.1
74523,A5,309400,74523,-3.3,0.2,2015MM08,97.3
74524,A5,309400,74524,-3.5,-0.3,2015MM09,97.0
74525,A5,309400,74525,-2.2,-0.6,2015MM10,96.4
74526,A5,309400,74526,-1.6,0.2,2015MM11,96.6
74527,A5,309400,74527,-2.2,-0.1,2015MM12,96.5
74529,A5,309400,74529,-1.0,2.2,2016MM01,98.6
74530,A5,309400,74530,0.5,0.2,2016MM02,98.9
74531,A5,309400,74531,-0.1,-1.2,2016MM03,97.6
74532,A5,309400,74532,-2.6,-2.8,2016MM04,95.0
74533,A5,309400,74533,-2.5,0.0,2016MM05,94.9
74534,A5,309400,74534,-2.4,0.0,2016MM06,94.9
74535,A5,309400,74535,-1.4,0.9,2016MM07,95.8
74536,A5,309400,74536,-2.0,-0.4,2016MM08,95.4
74537,A5,309400,74537,-0.8,0.8,2016MM09,96.2
74538,A5,309400,74538,-0.7,-0.4,2016MM10,95.8
74539,A5,309400,74539,-1.1,-0.3,2016MM11,95.5
74540,A5,309400,74540,-1.3,-0.3,2016MM12,95.2
74542,A5,309400,74542,-1.1,2.4,2017MM01,97.5
74543,A5,309400,74543,-0.8,0.6,2017MM02,98.1
74544,A5,309400,74544,0.3,-0.1,2017MM03,98.0
74545,A5,309400,74545,4.2,1.0,2017MM04,99.0
74546,A5,309400,74546,4.2,0.0,2017MM05,98.9
74547,A5,309400,74547,4.6,0.4,2017MM06,99.3
74548,A5,309400,74548,3.4,-0.3,2017MM07,99.1
74549,A5,309400,74549,3.6,-0.3,2017MM08,98.8
74550,A5,309400,74550,2.6,-0.1,2017MM09,98.7
74551,A5,309400,74551,2.8,-0.2,2017MM10,98.5
74552,A5,309400,74552,3.9,0.8,2017MM11,99.2
74553,A5,309400,74553,4.0,-0.2,2017MM12,99.0
