,Afzet,BedrijfstakkenBranchesSBI2008,ID,OntwikkelingTOV1JaarEerder_2,OntwikkelingTOV1MaandEerder_3,Perioden,ProducentenprijsindexPPI_1
41847,A4,309400,41847,3.47873754153,-0.697586206897,1981MM01,105.452941176
41848,A4,309400,41848,3.45747508306,-0.695172413793,1981MM02,105.405882353
41849,A4,309400,41849,3.43621262458,-0.69275862069,1981MM03,105.358823529
41850,A4,309400,41850,3.41495016611,-0.690344827586,1981MM04,105.311764706
41851,A4,309400,41851,3.39368770764,-0.687931034483,1981MM05,105.264705882
41852,A4,309400,41852,3.37242524917,-0.685517241379,1981MM06,105.217647059
41853,A4,309400,41853,3.3511627907,-0.683103448276,1981MM07,105.170588235
41854,A4,309400,41854,3.32990033223,-0.680689655172,1981MM08,105.123529412
41855,A4,309400,41855,3.30863787375,-0.678275862069,1981MM09,105.076470588
41856,A4,309400,41856,3.28737541528,-0.675862068966,1981MM10,105.029411765
41857,A4,309400,41857,3.26611295681,-0.673448275862,1981MM11,104.982352941
41858,A4,309400,41858,3.24485049834,-0.671034482759,1981MM12,104.935294118
41860,A4,309400,41860,3.22358803987,-0.668620689655,1982MM01,104.888235294
41861,A4,309400,41861,3.2023255814,-0.666206896552,1982MM02,104.841176471
41862,A4,309400,41862,3.18106312292,-0.663793103448,1982MM03,104.794117647
41863,A4,309400,41863,3.15980066445,-0.661379310345,1982MM04,104.747058824
41864,A4,309400,41864,3.13853820598,-0.658965517241,1982MM05,104.7
41865,A4,309400,41865,3.11727574751,-0.656551724138,1982MM06,104.652941176
41866,A4,309400,41866,3.09601328904,-0.654137931034,1982MM07,104.605882353
41867,A4,309400,41867,3.07475083056,-0.651724137931,1982MM08,104.558823529
41868,A4,309400,41868,3.05348837209,-0.649310344828,1982MM09,104.511764706
41869,A4,309400,41869,3.03222591362,-0.646896551724,1982MM10,104.464705882
41870,A4,309400,41870,3.01096345515,-0.644482758621,1982MM11,104.417647059
41871,A4,309400,41871,2.98970099668,-0.642068965517,1982MM12,104.370588235
41873,A4,309400,41873,2.96843853821,-0.639655172414,1983MM01,104.323529412
41874,A4,309400,41874,2.94717607973,-0.63724137931,1983MM02,104.276470588
41875,A4,309400,41875,2.92591362126,-0.634827586207,1983MM03,104.229411765
41876,A4,309400,41876,2.90465116279,-0.632413793103,1983MM04,104.182352941
41877,A4,309400,41877,2.88338870432,-0.63,1983MM05,104.135294118
41878,A4,309400,41878,2.86212624585,-0.627586206897,1983MM06,104.088235294
41879,A4,309400,41879,2.84086378738,-0.625172413793,1983MM07,104.041176471
41880,A4,309400,41880,2.8196013289,-0.62275862069,1983MM08,103.994117647
41881,A4,309400,41881,2.79833887043,-0.620344827586,1983MM09,103.947058824
41882,A4,309400,41882,2.77707641196,-0.617931034483,1983MM10,103.9
41883,A4,309400,41883,2.75581395349,-0.615517241379,1983MM11,103.852941176
41884,A4,309400,41884,2.73455149502,-0.613103448276,1983MM12,103.805882353
41886,A4,309400,41886,2.71328903654,-0.610689655172,1984MM01,103.758823529
41887,A4,309400,41887,2.69202657807,-0.608275862069,1984MM02,103.711764706
41888,A4,309400,41888,2.6707641196,-0.605862068966,1984MM03,103.664705882
41889,A4,309400,41889,2.64950166113,-0.603448275862,1984MM04,103.617647059
41890,A4,309400,41890,2.62823920266,-0.601034482759,1984MM05,103.570588235
41891,A4,309400,41891,2.60697674419,-0.598620689655,1984MM06,103.523529412
41892,A4,309400,41892,2.58571428571,-0.596206896552,1984MM07,103.476470588
41893,A4,309400,41893,2.56445182724,-0.593793103448,1984MM08,103.429411765
41894,A4,309400,41894,2.54318936877,-0.591379310345,1984MM09,103.382352941
41895,A4,309400,41895,2.5219269103,-0.588965517241,1984MM10,103.335294118
41896,A4,309400,41896,2.50066445183,-0.586551724138,1984MM11,103.288235294
41897,A4,309400,41897,2.47940199336,-0.584137931034,1984MM12,103.241176471
41899,A4,309400,41899,2.45813953488,-0.581724137931,1985MM01,103.194117647
41900,A4,309400,41900,2.43687707641,-0.579310344828,1985MM02,103.147058824
41901,A4,309400,41901,2.41561461794,-0.576896551724,1985MM03,103.1
41902,A4,309400,41902,2.39435215947,-0.574482758621,1985MM04,103.052941176
41903,A4,309400,41903,2.373089701,-0.572068965517,1985MM05,103.005882353
41904,A4,309400,41904,2.35182724252,-0.569655172414,1985MM06,102.958823529
41905,A4,309400,41905,2.33056478405,-0.56724137931,1985MM07,102.911764706
41906,A4,309400,41906,2.30930232558,-0.564827586207,1985MM08,102.864705882
41907,A4,309400,41907,2.28803986711,-0.562413793103,1985MM09,102.817647059
41908,A4,309400,41908,2.26677740864,-0.56,1985MM10,102.770588235
41909,A4,309400,41909,2.24551495017,-0.557586206897,1985MM11,102.723529412
41910,A4,309400,41910,2.22425249169,-0.555172413793,1985MM12,102.676470588
41912,A4,309400,41912,2.20299003322,-0.55275862069,1986MM01,102.629411765
41913,A4,309400,41913,2.18172757475,-0.550344827586,1986MM02,102.582352941
41914,A4,309400,41914,2.16046511628,-0.547931034483,1986MM03,102.535294118
41915,A4,309400,41915,2.13920265781,-0.545517241379,1986MM04,102.488235294
41916,A4,309400,41916,2.11794019934,-0.543103448276,1986MM05,102.441176471
41917,A4,309400,41917,2.09667774086,-0.540689655172,1986MM06,102.394117647
41918,A4,309400,41918,2.07541528239,-0.538275862069,1986MM07,102.347058824
41919,A4,309400,41919,2.05415282392,-0.535862068966,1986MM08,102.3
41920,A4,309400,41920,2.03289036545,-0.533448275862,1986MM09,102.252941176
41921,A4,309400,41921,2.01162790698,-0.531034482759,1986MM10,102.205882353
41922,A4,309400,41922,1.9903654485,-0.528620689655,1986MM11,102.158823529
41923,A4,309400,41923,1.96910299003,-0.526206896552,1986MM12,102.111764706
41925,A4,309400,41925,1.94784053156,-0.523793103448,1987MM01,102.064705882
41926,A4,309400,41926,1.92657807309,-0.521379310345,1987MM02,102.017647059
41927,A4,309400,41927,1.90531561462,-0.518965517241,1987MM03,101.970588235
41928,A4,309400,41928,1.88405315615,-0.516551724138,1987MM04,101.923529412
41929,A4,309400,41929,1.86279069767,-0.514137931034,1987MM05,101.876470588
41930,A4,309400,41930,1.8415282392,-0.511724137931,1987MM06,101.829411765
41931,A4,309400,41931,1.82026578073,-0.509310344828,1987MM07,101.782352941
41932,A4,309400,41932,1.79900332226,-0.506896551724,1987MM08,101.735294118
41933,A4,309400,41933,1.77774086379,-0.504482758621,1987MM09,101.688235294
41934,A4,309400,41934,1.75647840532,-0.502068965517,1987MM10,101.641176471
41935,A4,309400,41935,1.73521594684,-0.499655172414,1987MM11,101.594117647
41936,A4,309400,41936,1.71395348837,-0.49724137931,1987MM12,101.547058824
41938,A4,309400,41938,1.6926910299,-0.494827586207,1988MM01,101.5
41939,A4,309400,41939,1.67142857143,-0.492413793103,1988MM02,101.452941176
41940,A4,309400,41940,1.65016611296,-0.49,1988MM03,101.405882353
41941,A4,309400,41941,1.62890365449,-0.487586206897,1988MM04,101.358823529
41942,A4,309400,41942,1.60764119601,-0.485172413793,1988MM05,101.311764706
41943,A4,309400,41943,1.58637873754,-0.48275862069,1988MM06,101.264705882
41944,A4,309400,41944,1.56511627907,-0.480344827586,1988MM07,101.217647059
41945,A4,309400,41945,1.5438538206,-0.477931034483,1988MM08,101.170588235
41946,A4,309400,41946,1.52259136213,-0.475517241379,1988MM09,101.123529412
41947,A4,309400,41947,1.50132890365,-0.473103448276,1988MM10,101.076470588
41948,A4,309400,41948,1.48006644518,-0.470689655172,1988MM11,101.029411765
41949,A4,309400,41949,1.45880398671,-0.468275862069,1988MM12,100.982352941
41951,A4,309400,41951,1.43754152824,-0.465862068966,1989MM01,100.935294118
41952,A4,309400,41952,1.41627906977,-0.463448275862,1989MM02,100.888235294
41953,A4,309400,41953,1.3950166113,-0.461034482759,1989MM03,100.841176471
41954,A4,309400,41954,1.37375415282,-0.458620689655,1989MM04,100.794117647
41955,A4,309400,41955,1.35249169435,-0.456206896552,1989MM05,100.747058824
41956,A4,309400,41956,1.33122923588,-0.453793103448,1989MM06,100.7
41957,A4,309400,41957,1.30996677741,-0.451379310345,1989MM07,100.652941176
41958,A4,309400,41958,1.28870431894,-0.448965517241,1989MM08,100.605882353
41959,A4,309400,41959,1.26744186047,-0.446551724138,1989MM09,100.558823529
41960,A4,309400,41960,1.24617940199,-0.444137931034,1989MM10,100.511764706
41961,A4,309400,41961,1.22491694352,-0.441724137931,1989MM11,100.464705882
41962,A4,309400,41962,1.20365448505,-0.439310344828,1989MM12,100.417647059
41964,A4,309400,41964,1.18239202658,-0.436896551724,1990MM01,100.370588235
41965,A4,309400,41965,1.16112956811,-0.434482758621,1990MM02,100.323529412
41966,A4,309400,41966,1.13986710963,-0.432068965517,1990MM03,100.276470588
41967,A4,309400,41967,1.11860465116,-0.429655172414,1990MM04,100.229411765
41968,A4,309400,41968,1.09734219269,-0.42724137931,1990MM05,100.182352941
41969,A4,309400,41969,1.07607973422,-0.424827586207,1990MM06,100.135294118
41970,A4,309400,41970,1.05481727575,-0.422413793103,1990MM07,100.088235294
41971,A4,309400,41971,1.03355481728,-0.42,1990MM08,100.041176471
41972,A4,309400,41972,1.0122923588,-0.417586206897,1990MM09,99.9941176471
41973,A4,309400,41973,0.991029900332,-0.415172413793,1990MM10,99.9470588235
41974,A4,309400,41974,0.96976744186,-0.41275862069,1990MM11,99.9
41975,A4,309400,41975,0.948504983389,-0.410344827586,1990MM12,99.8529411765
41977,A4,309400,41977,0.927242524917,-0.407931034483,1991MM01,99.8058823529
41978,A4,309400,41978,0.905980066445,-0.405517241379,1991MM02,99.7588235294
41979,A4,309400,41979,0.884717607973,-0.403103448276,1991MM03,99.7117647059
41980,A4,309400,41980,0.863455149502,-0.400689655172,1991MM04,99.6647058824
41981,A4,309400,41981,0.84219269103,-0.398275862069,1991MM05,99.6176470588
41982,A4,309400,41982,0.820930232558,-0.395862068966,1991MM06,99.5705882353
41983,A4,309400,41983,0.799667774086,-0.393448275862,1991MM07,99.5235294118
41984,A4,309400,41984,0.778405315615,-0.391034482759,1991MM08,99.4764705882
41985,A4,309400,41985,0.757142857143,-0.388620689655,1991MM09,99.4294117647
41986,A4,309400,41986,0.735880398671,-0.386206896552,1991MM10,99.3823529412
41987,A4,309400,41987,0.714617940199,-0.383793103448,1991MM11,99.3352941176
41988,A4,309400,41988,0.693355481728,-0.381379310345,1991MM12,99.2882352941
41990,A4,309400,41990,0.672093023256,-0.378965517241,1992MM01,99.2411764706
41991,A4,309400,41991,0.650830564784,-0.376551724138,1992MM02,99.1941176471
41992,A4,309400,41992,0.629568106312,-0.374137931034,1992MM03,99.1470588235
41993,A4,309400,41993,0.608305647841,-0.371724137931,1992MM04,99.1
41994,A4,309400,41994,0.587043189369,-0.369310344828,1992MM05,99.0529411765
41995,A4,309400,41995,0.565780730897,-0.366896551724,1992MM06,99.0058823529
41996,A4,309400,41996,0.544518272425,-0.364482758621,1992MM07,98.9588235294
41997,A4,309400,41997,0.523255813953,-0.362068965517,1992MM08,98.9117647059
41998,A4,309400,41998,0.501993355482,-0.359655172414,1992MM09,98.8647058824
41999,A4,309400,41999,0.48073089701,-0.35724137931,1992MM10,98.8176470588
42000,A4,309400,42000,0.459468438538,-0.354827586207,1992MM11,98.7705882353
42001,A4,309400,42001,0.438205980066,-0.352413793103,1992MM12,98.7235294118
42003,A4,309400,42003,0.416943521595,-0.35,1993MM01,98.6764705882
42004,A4,309400,42004,0.395681063123,-0.347586206897,1993MM02,98.6294117647
42005,A4,309400,42005,0.374418604651,-0.345172413793,1993MM03,98.5823529412
42006,A4,309400,42006,0.353156146179,-0.34275862069,1993MM04,98.5352941176
42007,A4,309400,42007,0.331893687708,-0.340344827586,1993MM05,98.4882352941
42008,A4,309400,42008,0.310631229236,-0.337931034483,1993MM06,98.4411764706
42009,A4,309400,42009,0.289368770764,-0.335517241379,1993MM07,98.3941176471
42010,A4,309400,42010,0.268106312292,-0.333103448276,1993MM08,98.3470588235
42011,A4,309400,42011,0.246843853821,-0.330689655172,1993MM09,98.3
42012,A4,309400,42012,0.225581395349,-0.328275862069,1993MM10,98.2529411765
42013,A4,309400,42013,0.204318936877,-0.325862068966,1993MM11,98.2058823529
42014,A4,309400,42014,0.183056478405,-0.323448275862,1993MM12,98.1588235294
42016,A4,309400,42016,0.161794019934,-0.321034482759,1994MM01,98.1117647059
42017,A4,309400,42017,0.140531561462,-0.318620689655,1994MM02,98.0647058824
42018,A4,309400,42018,0.11926910299,-0.316206896552,1994MM03,98.0176470588
42019,A4,309400,42019,0.0980066445183,-0.313793103448,1994MM04,97.9705882353
42020,A4,309400,42020,0.0767441860465,-0.311379310345,1994MM05,97.9235294118
42021,A4,309400,42021,0.0554817275748,-0.308965517241,1994MM06,97.8764705882
42022,A4,309400,42022,0.034219269103,-0.306551724138,1994MM07,97.8294117647
42023,A4,309400,42023,0.0129568106312,-0.304137931034,1994MM08,97.7823529412
42024,A4,309400,42024,-0.00830564784053,-0.301724137931,1994MM09,97.7352941176
42025,A4,309400,42025,-0.0295681063123,-0.299310344828,1994MM10,97.6882352941
42026,A4,309400,42026,-0.0508305647841,-0.296896551724,1994MM11,97.6411764706
42027,A4,309400,42027,-0.0720930232558,-0.294482758621,1994MM12,97.5941176471
42029,A4,309400,42029,-0.0933554817276,-0.292068965517,1995MM01,97.5470588235
42030,A4,309400,42030,-0.114617940199,-0.289655172414,1995MM02,97.5
42031,A4,309400,42031,-0.135880398671,-0.28724137931,1995MM03,97.4529411765
42032,A4,309400,42032,-0.157142857143,-0.284827586207,1995MM04,97.4058823529
42033,A4,309400,42033,-0.178405315615,-0.282413793103,1995MM05,97.3588235294
42034,A4,309400,42034,-0.199667774086,-0.28,1995MM06,97.3117647059
42035,A4,309400,42035,-0.220930232558,-0.277586206897,1995MM07,97.2647058824
42036,A4,309400,42036,-0.24219269103,-0.275172413793,1995MM08,97.2176470588
42037,A4,309400,42037,-0.263455149502,-0.27275862069,1995MM09,97.1705882353
42038,A4,309400,42038,-0.284717607973,-0.270344827586,1995MM10,97.1235294118
42039,A4,309400,42039,-0.305980066445,-0.267931034483,1995MM11,97.0764705882
42040,A4,309400,42040,-0.327242524917,-0.265517241379,1995MM12,97.0294117647
42042,A4,309400,42042,-0.348504983389,-0.263103448276,1996MM01,96.9823529412
42043,A4,309400,42043,-0.36976744186,-0.260689655172,1996MM02,96.9352941176
42044,A4,309400,42044,-0.391029900332,-0.258275862069,1996MM03,96.8882352941
42045,A4,309400,42045,-0.412292358804,-0.255862068966,1996MM04,96.8411764706
42046,A4,309400,42046,-0.433554817276,-0.253448275862,1996MM05,96.7941176471
42047,A4,309400,42047,-0.454817275748,-0.251034482759,1996MM06,96.7470588235
42048,A4,309400,42048,-0.476079734219,-0.248620689655,1996MM07,96.7
42049,A4,309400,42049,-0.497342192691,-0.246206896552,1996MM08,96.6529411765
42050,A4,309400,42050,-0.518604651163,-0.243793103448,1996MM09,96.6058823529
42051,A4,309400,42051,-0.539867109635,-0.241379310345,1996MM10,96.5588235294
42052,A4,309400,42052,-0.561129568106,-0.238965517241,1996MM11,96.5117647059
42053,A4,309400,42053,-0.582392026578,-0.236551724138,1996MM12,96.4647058824
42055,A4,309400,42055,-0.60365448505,-0.234137931034,1997MM01,96.4176470588
42056,A4,309400,42056,-0.624916943522,-0.231724137931,1997MM02,96.3705882353
42057,A4,309400,42057,-0.646179401993,-0.229310344828,1997MM03,96.3235294118
42058,A4,309400,42058,-0.667441860465,-0.226896551724,1997MM04,96.2764705882
42059,A4,309400,42059,-0.688704318937,-0.224482758621,1997MM05,96.2294117647
42060,A4,309400,42060,-0.709966777409,-0.222068965517,1997MM06,96.1823529412
42061,A4,309400,42061,-0.73122923588,-0.219655172414,1997MM07,96.1352941176
42062,A4,309400,42062,-0.752491694352,-0.21724137931,1997MM08,96.0882352941
42063,A4,309400,42063,-0.773754152824,-0.214827586207,1997MM09,96.0411764706
42064,A4,309400,42064,-0.795016611296,-0.212413793103,1997MM10,95.9941176471
42065,A4,309400,42065,-0.816279069767,-0.21,1997MM11,95.9470588235
42066,A4,309400,42066,-0.837541528239,-0.207586206897,1997MM12,95.9
42068,A4,309400,42068,-0.858803986711,-0.205172413793,1998MM01,95.8529411765
42069,A4,309400,42069,-0.880066445183,-0.20275862069,1998MM02,95.8058823529
42070,A4,309400,42070,-0.901328903654,-0.200344827586,1998MM03,95.7588235294
42071,A4,309400,42071,-0.922591362126,-0.197931034483,1998MM04,95.7117647059
42072,A4,309400,42072,-0.943853820598,-0.195517241379,1998MM05,95.6647058824
42073,A4,309400,42073,-0.96511627907,-0.193103448276,1998MM06,95.6176470588
42074,A4,309400,42074,-0.986378737542,-0.190689655172,1998MM07,95.5705882353
42075,A4,309400,42075,-1.00764119601,-0.188275862069,1998MM08,95.5235294118
42076,A4,309400,42076,-1.02890365449,-0.185862068966,1998MM09,95.4764705882
42077,A4,309400,42077,-1.05016611296,-0.183448275862,1998MM10,95.4294117647
42078,A4,309400,42078,-1.07142857143,-0.181034482759,1998MM11,95.3823529412
42079,A4,309400,42079,-1.0926910299,-0.178620689655,1998MM12,95.3352941176
42081,A4,309400,42081,-1.11395348837,-0.176206896552,1999MM01,95.2882352941
42082,A4,309400,42082,-1.13521594684,-0.173793103448,1999MM02,95.2411764706
42083,A4,309400,42083,-1.15647840532,-0.171379310345,1999MM03,95.1941176471
42084,A4,309400,42084,-1.17774086379,-0.168965517241,1999MM04,95.1470588235
42085,A4,309400,42085,-1.19900332226,-0.166551724138,1999MM05,95.1
42086,A4,309400,42086,-1.22026578073,-0.164137931034,1999MM06,95.0529411765
42087,A4,309400,42087,-1.2415282392,-0.161724137931,1999MM07,95.0058823529
42088,A4,309400,42088,-1.26279069767,-0.159310344828,1999MM08,94.9588235294
42089,A4,309400,42089,-1.28405315615,-0.156896551724,1999MM09,94.9117647059
42090,A4,309400,42090,-1.30531561462,-0.154482758621,1999MM10,94.8647058824
42091,A4,309400,42091,-1.32657807309,-0.152068965517,1999MM11,94.8176470588
42092,A4,309400,42092,-1.34784053156,-0.149655172414,1999MM12,94.7705882353
42094,A4,309400,42094,-1.36910299003,-0.14724137931,2000MM01,94.7235294118
42095,A4,309400,42095,-1.3903654485,-0.144827586207,2000MM02,94.6764705882
42096,A4,309400,42096,-1.41162790698,-0.142413793103,2000MM03,94.6294117647
42097,A4,309400,42097,-1.43289036545,-0.14,2000MM04,94.5823529412
42098,A4,309400,42098,-1.45415282392,-0.137586206897,2000MM05,94.5352941176
42099,A4,309400,42099,-1.47541528239,-0.135172413793,2000MM06,94.4882352941
42100,A4,309400,42100,-1.49667774086,-0.13275862069,2000MM07,94.4411764706
42101,A4,309400,42101,-1.51794019934,-0.130344827586,2000MM08,94.3941176471
42102,A4,309400,42102,-1.53920265781,-0.127931034483,2000MM09,94.3470588235
42103,A4,309400,42103,-1.56046511628,-0.125517241379,2000MM10,94.3
42104,A4,309400,42104,-1.58172757475,-0.123103448276,2000MM11,94.2529411765
42105,A4,309400,42105,-1.60299003322,-0.120689655172,2000MM12,94.2058823529
42107,A4,309400,42107,-1.62425249169,-0.118275862069,2001MM01,94.1588235294
42108,A4,309400,42108,-1.64551495017,-0.115862068966,2001MM02,94.1117647059
42109,A4,309400,42109,-1.66677740864,-0.113448275862,2001MM03,94.0647058824
42110,A4,309400,42110,-1.68803986711,-0.111034482759,2001MM04,94.0176470588
42111,A4,309400,42111,-1.70930232558,-0.108620689655,2001MM05,93.9705882353
42112,A4,309400,42112,-1.73056478405,-0.106206896552,2001MM06,93.9235294118
42113,A4,309400,42113,-1.75182724252,-0.103793103448,2001MM07,93.8764705882
42114,A4,309400,42114,-1.773089701,-0.101379310345,2001MM08,93.8294117647
42115,A4,309400,42115,-1.79435215947,-0.0989655172414,2001MM09,93.7823529412
42116,A4,309400,42116,-1.81561461794,-0.0965517241379,2001MM10,93.7352941176
42117,A4,309400,42117,-1.83687707641,-0.0941379310345,2001MM11,93.6882352941
42118,A4,309400,42118,-1.85813953488,-0.091724137931,2001MM12,93.6411764706
42120,A4,309400,42120,-1.87940199336,-0.0893103448276,2002MM01,93.5941176471
42121,A4,309400,42121,-1.90066445183,-0.0868965517241,2002MM02,93.5470588235
42122,A4,309400,42122,-1.9219269103,-0.0844827586207,2002MM03,93.5
42123,A4,309400,42123,-1.94318936877,-0.0820689655172,2002MM04,93.4529411765
42124,A4,309400,42124,-1.96445182724,-0.0796551724138,2002MM05,93.4058823529
42125,A4,309400,42125,-1.98571428571,-0.0772413793103,2002MM06,93.3588235294
42126,A4,309400,42126,-2.00697674419,-0.0748275862069,2002MM07,93.3117647059
42127,A4,309400,42127,-2.02823920266,-0.0724137931034,2002MM08,93.2647058824
42128,A4,309400,42128,-2.04950166113,-0.07,2002MM09,93.2176470588
42129,A4,309400,42129,-2.0707641196,-0.0675862068966,2002MM10,93.1705882353
42130,A4,309400,42130,-2.09202657807,-0.0651724137931,2002MM11,93.1235294118
42131,A4,309400,42131,-2.11328903654,-0.0627586206897,2002MM12,93.0764705882
42133,A4,309400,42133,-2.13455149502,-0.0603448275862,2003MM01,93.0294117647
42134,A4,309400,42134,-2.15581395349,-0.0579310344828,2003MM02,92.9823529412
42135,A4,309400,42135,-2.17707641196,-0.0555172413793,2003MM03,92.9352941176
42136,A4,309400,42136,-2.19833887043,-0.0531034482759,2003MM04,92.8882352941
42137,A4,309400,42137,-2.2196013289,-0.0506896551724,2003MM05,92.8411764706
42138,A4,309400,42138,-2.24086378738,-0.048275862069,2003MM06,92.7941176471
42139,A4,309400,42139,-2.26212624585,-0.0458620689655,2003MM07,92.7470588235
42140,A4,309400,42140,-2.28338870432,-0.0434482758621,2003MM08,92.7
42141,A4,309400,42141,-2.30465116279,-0.0410344827586,2003MM09,92.6529411765
42142,A4,309400,42142,-2.32591362126,-0.0386206896552,2003MM10,92.6058823529
42143,A4,309400,42143,-2.34717607973,-0.0362068965517,2003MM11,92.5588235294
42144,A4,309400,42144,-2.36843853821,-0.0337931034483,2003MM12,92.5117647059
42146,A4,309400,42146,-2.38970099668,-0.0313793103448,2004MM01,92.4647058824
42147,A4,309400,42147,-2.41096345515,-0.0289655172414,2004MM02,92.4176470588
42148,A4,309400,42148,-2.43222591362,-0.0265517241379,2004MM03,92.3705882353
42149,A4,309400,42149,-2.45348837209,-0.0241379310345,2004MM04,92.3235294118
42150,A4,309400,42150,-2.47475083056,-0.021724137931,2004MM05,92.2764705882
42151,A4,309400,42151,-2.49601328904,-0.0193103448276,2004MM06,92.2294117647
42152,A4,309400,42152,-2.51727574751,-0.0168965517241,2004MM07,92.1823529412
42153,A4,309400,42153,-2.53853820598,-0.0144827586207,2004MM08,92.1352941176
42154,A4,309400,42154,-2.55980066445,-0.0120689655172,2004MM09,92.0882352941
42155,A4,309400,42155,-2.58106312292,-0.00965517241379,2004MM10,92.0411764706
42156,A4,309400,42156,-2.6023255814,-0.00724137931034,2004MM11,91.9941176471
42157,A4,309400,42157,-2.62358803987,-0.0048275862069,2004MM12,91.9470588235
42159,A4,309400,42159,-2.64485049834,-0.00241379310345,2005MM01,91.9
42160,A4,309400,42160,-2.66611295681,0.0,2005MM02,91.9
42161,A4,309400,42161,-2.68737541528,-0.3,2005MM03,91.6
42162,A4,309400,42162,-2.70863787375,-0.3,2005MM04,91.3
42163,A4,309400,42163,-2.72990033223,0.0,2005MM05,91.3
42164,A4,309400,42164,-2.7511627907,-0.2,2005MM06,91.1
42165,A4,309400,42165,-2.77242524917,-0.2,2005MM07,91.0
42166,A4,309400,42166,-2.79368770764,0.3,2005MM08,91.3
42167,A4,309400,42167,-2.81495016611,0.1,2005MM09,91.4
42168,A4,309400,42168,-2.83621262458,-0.7,2005MM10,90.8
42169,A4,309400,42169,-2.85747508306,-1.2,2005MM11,89.7
42170,A4,309400,42170,-2.87873754153,-0.4,2005MM12,89.3
42172,A4,309400,42172,-2.9,-0.1,2006MM01,89.2
42173,A4,309400,42173,-2.2,0.7,2006MM02,89.9
42174,A4,309400,42174,-2.3,-0.5,2006MM03,89.4
42175,A4,309400,42175,-1.0,1.1,2006MM04,90.4
42176,A4,309400,42176,-1.3,-0.2,2006MM05,90.2
42177,A4,309400,42177,-1.0,0.0,2006MM06,90.2
42178,A4,309400,42178,-1.1,-0.3,2006MM07,90.0
42179,A4,309400,42179,-1.2,0.2,2006MM08,90.2
42180,A4,309400,42180,0.1,1.4,2006MM09,91.5
42181,A4,309400,42181,5.1,4.3,2006MM10,95.4
42182,A4,309400,42182,6.4,0.0,2006MM11,95.5
42183,A4,309400,42183,6.2,-0.6,2006MM12,94.9
42185,A4,309400,42185,9.4,2.9,2007MM01,97.6
42186,A4,309400,42186,8.8,0.2,2007MM02,97.8
42187,A4,309400,42187,9.4,0.0,2007MM03,97.8
42188,A4,309400,42188,8.2,0.0,2007MM04,97.8
42189,A4,309400,42189,8.9,0.4,2007MM05,98.2
42190,A4,309400,42190,8.9,0.1,2007MM06,98.3
42191,A4,309400,42191,10.2,0.9,2007MM07,99.2
42192,A4,309400,42192,11.9,1.7,2007MM08,100.9
42193,A4,309400,42193,18.2,7.2,2007MM09,108.1
42194,A4,309400,42194,21.1,6.9,2007MM10,115.6
42195,A4,309400,42195,28.8,6.4,2007MM11,123.0
42196,A4,309400,42196,30.7,0.9,2007MM12,124.0
42198,A4,309400,42198,29.2,1.7,2008MM01,126.1
42199,A4,309400,42199,29.6,0.4,2008MM02,126.7
42200,A4,309400,42200,31.3,1.3,2008MM03,128.4
42201,A4,309400,42201,32.1,0.7,2008MM04,129.2
42202,A4,309400,42202,31.9,0.2,2008MM05,129.5
42203,A4,309400,42203,33.4,1.2,2008MM06,131.1
42204,A4,309400,42204,31.0,-0.9,2008MM07,130.0
42205,A4,309400,42205,28.8,0.0,2008MM08,130.0
42206,A4,309400,42206,19.5,-0.6,2008MM09,129.2
42207,A4,309400,42207,8.7,-2.7,2008MM10,125.7
42208,A4,309400,42208,-2.1,-4.2,2008MM11,120.4
42209,A4,309400,42209,-2.4,0.5,2008MM12,121.0
42211,A4,309400,42211,-7.9,-4.0,2009MM01,116.2
42212,A4,309400,42212,-10.5,-2.5,2009MM02,113.3
42213,A4,309400,42213,-10.7,1.2,2009MM03,114.7
42214,A4,309400,42214,-14.1,-3.2,2009MM04,111.1
42215,A4,309400,42215,-15.0,-0.9,2009MM05,110.1
42216,A4,309400,42216,-16.1,-0.1,2009MM06,110.0
42217,A4,309400,42217,-15.5,-0.1,2009MM07,109.8
42218,A4,309400,42218,-15.6,-0.1,2009MM08,109.7
42219,A4,309400,42219,-18.5,-4.0,2009MM09,105.3
42220,A4,309400,42220,-18.0,-2.2,2009MM10,103.1
42221,A4,309400,42221,-15.9,-1.8,2009MM11,101.2
42222,A4,309400,42222,-16.3,0.1,2009MM12,101.3
42224,A4,309400,42224,-15.3,-2.8,2010MM01,98.5
42225,A4,309400,42225,-13.0,0.1,2010MM02,98.6
42226,A4,309400,42226,-14.5,-0.5,2010MM03,98.0
42227,A4,309400,42227,-12.4,-0.8,2010MM04,97.2
42228,A4,309400,42228,-12.0,-0.3,2010MM05,96.9
42229,A4,309400,42229,-11.4,0.5,2010MM06,97.4
42230,A4,309400,42230,-12.1,-0.9,2010MM07,96.6
42231,A4,309400,42231,-11.8,0.2,2010MM08,96.8
42232,A4,309400,42232,-3.7,4.8,2010MM09,101.4
42233,A4,309400,42233,1.2,2.8,2010MM10,104.3
42234,A4,309400,42234,6.2,3.1,2010MM11,107.5
42235,A4,309400,42235,5.4,-0.6,2010MM12,106.8
42237,A4,309400,42237,12.4,3.6,2011MM01,110.6
42238,A4,309400,42238,15.4,2.8,2011MM02,113.7
42239,A4,309400,42239,18.2,1.9,2011MM03,115.9
42240,A4,309400,42240,22.0,2.4,2011MM04,118.6
42241,A4,309400,42241,21.6,-0.7,2011MM05,117.8
42242,A4,309400,42242,22.0,0.8,2011MM06,118.8
42243,A4,309400,42243,22.0,-0.9,2011MM07,117.8
42244,A4,309400,42244,21.2,-0.4,2011MM08,117.3
42245,A4,309400,42245,15.1,-0.5,2011MM09,116.7
42246,A4,309400,42246,8.8,-2.8,2011MM10,113.5
42247,A4,309400,42247,4.9,-0.7,2011MM11,112.7
42248,A4,309400,42248,4.3,-1.1,2011MM12,111.5
42250,A4,309400,42250,1.5,0.7,2012MM01,112.3
42251,A4,309400,42251,-1.5,-0.2,2012MM02,112.0
42252,A4,309400,42252,-1.7,1.6,2012MM03,113.8
42253,A4,309400,42253,-5.4,-1.4,2012MM04,112.2
42254,A4,309400,42254,-4.0,0.8,2012MM05,113.1
42255,A4,309400,42255,-3.8,1.1,2012MM06,114.3
42256,A4,309400,42256,-4.1,-1.2,2012MM07,113.0
42257,A4,309400,42257,-4.3,-0.6,2012MM08,112.3
42258,A4,309400,42258,-2.0,1.9,2012MM09,114.4
42259,A4,309400,42259,5.4,4.6,2012MM10,119.6
42260,A4,309400,42260,6.4,0.3,2012MM11,119.9
42261,A4,309400,42261,8.0,0.4,2012MM12,120.4
42263,A4,309400,42263,7.7,0.4,2013MM01,120.9
42264,A4,309400,42264,10.8,2.7,2013MM02,124.1
42265,A4,309400,42265,8.3,-0.7,2013MM03,123.3
42266,A4,309400,42266,9.7,-0.2,2013MM04,123.1
42267,A4,309400,42267,9.2,0.3,2013MM05,123.5
42268,A4,309400,42268,7.8,-0.2,2013MM06,123.2
42269,A4,309400,42269,8.0,-1.0,2013MM07,122.0
42270,A4,309400,42270,9.0,0.3,2013MM08,122.4
42271,A4,309400,42271,3.5,-3.2,2013MM09,118.4
42272,A4,309400,42272,-3.0,-2.0,2013MM10,116.0
42273,A4,309400,42273,-3.5,-0.3,2013MM11,115.7
42274,A4,309400,42274,-4.1,-0.2,2013MM12,115.4
42276,A4,309400,42276,-5.6,-1.1,2014MM01,114.2
42277,A4,309400,42277,-7.6,0.4,2014MM02,114.7
42278,A4,309400,42278,-7.0,0.0,2014MM03,114.7
42279,A4,309400,42279,-6.7,0.1,2014MM04,114.8
42280,A4,309400,42280,-7.2,-0.2,2014MM05,114.6
42281,A4,309400,42281,-7.9,-0.9,2014MM06,113.5
42282,A4,309400,42282,-7.2,-0.3,2014MM07,113.2
42283,A4,309400,42283,-7.9,-0.4,2014MM08,112.7
42284,A4,309400,42284,-4.0,0.8,2014MM09,113.6
42285,A4,309400,42285,-2.0,0.1,2014MM10,113.7
42286,A4,309400,42286,-1.8,-0.1,2014MM11,113.6
42287,A4,309400,42287,-2.6,-0.9,2014MM12,112.5
42289,A4,309400,42289,-1.6,-0.1,2015MM01,112.4
42290,A4,309400,42290,-2.0,0.0,2015MM02,112.4
42291,A4,309400,42291,-2.9,-0.9,2015MM03,111.3
42292,A4,309400,42292,-3.6,-0.5,2015MM04,110.7
42293,A4,309400,42293,-3.3,0.1,2015MM05,110.8
42294,A4,309400,42294,-1.3,1.1,2015MM06,112.0
42295,A4,309400,42295,-1.2,-0.2,2015MM07,111.8
42296,A4,309400,42296,-1.7,-0.9,2015MM08,110.8
42297,A4,309400,42297,-2.1,0.4,2015MM09,111.2
42298,A4,309400,42298,-4.1,-1.9,2015MM10,109.1
42299,A4,309400,42299,-4.0,-0.1,2015MM11,109.0
42300,A4,309400,42300,-2.9,0.2,2015MM12,109.2
42302,A4,309400,42302,-2.3,0.6,2016MM01,109.9
42303,A4,309400,42303,-2.9,-0.6,2016MM02,109.2
42304,A4,309400,42304,-1.6,0.4,2016MM03,109.6
42305,A4,309400,42305,-1.1,-0.1,2016MM04,109.5
42306,A4,309400,42306,-1.1,0.1,2016MM05,109.6
42307,A4,309400,42307,-3.7,-1.6,2016MM06,107.9
42308,A4,309400,42308,-3.3,0.2,2016MM07,108.1
42309,A4,309400,42309,-2.0,0.4,2016MM08,108.6
42310,A4,309400,42310,-2.1,0.3,2016MM09,108.9
42311,A4,309400,42311,-0.3,-0.2,2016MM10,108.8
42312,A4,309400,42312,-0.5,-0.2,2016MM11,108.5
42313,A4,309400,42313,-0.8,-0.2,2016MM12,108.3
42315,A4,309400,42315,-1.4,0.1,2017MM01,108.3
42316,A4,309400,42316,-0.5,0.3,2017MM02,108.6
42317,A4,309400,42317,-0.4,0.4,2017MM03,109.1
42318,A4,309400,42318,0.5,0.9,2017MM04,110.0
42319,A4,309400,42319,0.5,0.1,2017MM05,110.2
42320,A4,309400,42320,3.2,1.1,2017MM06,111.4
42321,A4,309400,42321,3.5,0.5,2017MM07,111.9
42322,A4,309400,42322,3.2,0.1,2017MM08,112.0
42323,A4,309400,42323,3.2,0.4,2017MM09,112.4
42324,A4,309400,42324,3.4,0.0,2017MM10,112.4
42325,A4,309400,42325,4.0,0.4,2017MM11,112.9
42326,A4,309400,42326,3.2,-1.0,2017MM12,111.7
