,Afzet,BedrijfstakkenBranchesSBI2008,ID,OntwikkelingTOV1JaarEerder_2,OntwikkelingTOV1MaandEerder_3,Perioden,ProducentenprijsindexPPI_1
9932,A6,309400,9932,,,2005MM01,91.6
9933,A6,309400,9933,,-0.8,2005MM02,90.9
9934,A6,309400,9934,,-1.0,2005MM03,90.0
9935,A6,309400,9935,,-0.1,2005MM04,89.9
9936,A6,309400,9936,,-0.1,2005MM05,89.8
9937,A6,309400,9937,,0.7,2005MM06,90.5
9938,A6,309400,9938,,-0.2,2005MM07,90.3
9939,A6,309400,9939,,0.1,2005MM08,90.4
9940,A6,309400,9940,,-0.1,2005MM09,90.3
9941,A6,309400,9941,,-0.5,2005MM10,89.8
9942,A6,309400,9942,,0.5,2005MM11,90.2
9943,A6,309400,9943,,-0.8,2005MM12,89.5
9945,A6,309400,9945,-2.9,-0.6,2006MM01,89.0
9946,A6,309400,9946,-0.6,1.4,2006MM02,90.3
9947,A6,309400,9947,0.3,-0.1,2006MM03,90.2
9948,A6,309400,9948,0.6,0.2,2006MM04,90.4
9949,A6,309400,9949,0.6,-0.1,2006MM05,90.3
9950,A6,309400,9950,0.9,1.0,2006MM06,91.2
9951,A6,309400,9951,1.8,0.8,2006MM07,92.0
9952,A6,309400,9952,2.1,0.3,2006MM08,92.3
9953,A6,309400,9953,1.6,-0.6,2006MM09,91.7
9954,A6,309400,9954,8.0,5.7,2006MM10,96.9
9955,A6,309400,9955,7.3,-0.2,2006MM11,96.8
9956,A6,309400,9956,7.5,-0.6,2006MM12,96.2
9958,A6,309400,9958,9.5,1.2,2007MM01,97.4
9959,A6,309400,9959,7.6,-0.3,2007MM02,97.1
9960,A6,309400,9960,7.7,0.0,2007MM03,97.2
9961,A6,309400,9961,7.9,0.4,2007MM04,97.6
9962,A6,309400,9962,9.7,1.5,2007MM05,99.1
9963,A6,309400,9963,9.9,1.2,2007MM06,100.3
9964,A6,309400,9964,12.1,2.8,2007MM07,103.1
9965,A6,309400,9965,16.0,3.9,2007MM08,107.1
9966,A6,309400,9966,22.3,4.8,2007MM09,112.2
9967,A6,309400,9967,19.4,3.2,2007MM10,115.8
9968,A6,309400,9968,24.8,4.3,2007MM11,120.8
9969,A6,309400,9969,26.1,0.4,2007MM12,121.3
9971,A6,309400,9971,26.7,1.7,2008MM01,123.4
9972,A6,309400,9972,28.9,1.5,2008MM02,125.2
9973,A6,309400,9973,32.9,3.1,2008MM03,129.1
9974,A6,309400,9974,30.1,-1.7,2008MM04,126.9
9975,A6,309400,9975,26.6,-1.2,2008MM05,125.4
9976,A6,309400,9976,26.9,1.5,2008MM06,127.3
9977,A6,309400,9977,22.9,-0.5,2008MM07,126.7
9978,A6,309400,9978,18.7,0.3,2008MM08,127.1
9979,A6,309400,9979,12.1,-1.1,2008MM09,125.7
9980,A6,309400,9980,5.9,-2.5,2008MM10,122.6
9981,A6,309400,9981,-2.1,-3.6,2008MM11,118.2
9982,A6,309400,9982,-3.3,-0.8,2008MM12,117.3
9984,A6,309400,9984,-6.8,-1.9,2009MM01,115.0
9985,A6,309400,9985,-9.7,-1.6,2009MM02,113.1
9986,A6,309400,9986,-11.8,0.6,2009MM03,113.8
9987,A6,309400,9987,-13.6,-3.6,2009MM04,109.7
9988,A6,309400,9988,-12.3,0.3,2009MM05,110.0
9989,A6,309400,9989,-13.8,-0.3,2009MM06,109.7
9990,A6,309400,9990,-13.8,-0.4,2009MM07,109.2
9991,A6,309400,9991,-14.4,-0.4,2009MM08,108.8
9992,A6,309400,9992,-15.6,-2.4,2009MM09,106.1
9993,A6,309400,9993,-16.1,-3.1,2009MM10,102.9
9994,A6,309400,9994,-13.9,-1.1,2009MM11,101.7
9995,A6,309400,9995,-13.4,-0.3,2009MM12,101.5
9997,A6,309400,9997,-13.5,-1.9,2010MM01,99.5
9998,A6,309400,9998,-11.9,0.1,2010MM02,99.7
9999,A6,309400,9999,-12.6,-0.2,2010MM03,99.5
10000,A6,309400,10000,-10.2,-0.9,2010MM04,98.5
10001,A6,309400,10001,-10.7,-0.3,2010MM05,98.3
10002,A6,309400,10002,-10.2,0.2,2010MM06,98.5
10003,A6,309400,10003,-11.3,-1.6,2010MM07,96.9
10004,A6,309400,10004,-10.7,0.3,2010MM08,97.1
10005,A6,309400,10005,-4.6,4.3,2010MM09,101.3
10006,A6,309400,10006,-0.7,0.9,2010MM10,102.2
10007,A6,309400,10007,2.5,2.1,2010MM11,104.3
10008,A6,309400,10008,2.8,0.1,2010MM12,104.4
10010,A6,309400,10010,8.5,3.5,2011MM01,108.0
10011,A6,309400,10011,10.1,1.6,2011MM02,109.8
10012,A6,309400,10012,11.6,1.1,2011MM03,111.0
10013,A6,309400,10013,14.0,1.2,2011MM04,112.3
10014,A6,309400,10014,14.7,0.4,2011MM05,112.8
10015,A6,309400,10015,14.6,0.1,2011MM06,112.9
10016,A6,309400,10016,14.7,-1.6,2011MM07,111.1
10017,A6,309400,10017,13.2,-1.1,2011MM08,109.9
10018,A6,309400,10018,7.7,-0.8,2011MM09,109.1
10019,A6,309400,10019,5.5,-1.2,2011MM10,107.8
10020,A6,309400,10020,2.2,-1.2,2011MM11,106.5
10021,A6,309400,10021,1.5,-0.5,2011MM12,105.9
10023,A6,309400,10023,-1.3,0.6,2012MM01,106.6
10024,A6,309400,10024,-2.7,0.2,2012MM02,106.9
10025,A6,309400,10025,-3.1,0.6,2012MM03,107.5
10026,A6,309400,10026,-4.4,-0.1,2012MM04,107.4
10027,A6,309400,10027,-4.2,0.6,2012MM05,108.1
10028,A6,309400,10028,-3.7,0.6,2012MM06,108.7
10029,A6,309400,10029,-3.3,-1.1,2012MM07,107.5
10030,A6,309400,10030,-2.3,-0.1,2012MM08,107.4
10031,A6,309400,10031,-0.1,1.4,2012MM09,108.9
10032,A6,309400,10032,3.7,2.6,2012MM10,111.8
10033,A6,309400,10033,5.2,0.2,2012MM11,112.0
10034,A6,309400,10034,5.9,0.1,2012MM12,112.2
10036,A6,309400,10036,6.9,1.5,2013MM01,113.9
10037,A6,309400,10037,7.7,1.0,2013MM02,115.1
10038,A6,309400,10038,7.0,0.0,2013MM03,115.1
10039,A6,309400,10039,6.4,-0.7,2013MM04,114.3
10040,A6,309400,10040,6.3,0.5,2013MM05,114.9
10041,A6,309400,10041,5.8,0.1,2013MM06,115.0
10042,A6,309400,10042,5.8,-1.1,2013MM07,113.8
10043,A6,309400,10043,5.4,-0.5,2013MM08,113.2
10044,A6,309400,10044,1.6,-2.2,2013MM09,110.7
10045,A6,309400,10045,-2.5,-1.5,2013MM10,109.0
10046,A6,309400,10046,-3.1,-0.3,2013MM11,108.6
10047,A6,309400,10047,-3.2,0.0,2013MM12,108.6
10049,A6,309400,10049,-5.7,-1.1,2014MM01,107.4
10050,A6,309400,10050,-5.6,1.2,2014MM02,108.7
10051,A6,309400,10051,-5.9,-0.4,2014MM03,108.2
10052,A6,309400,10052,-5.2,0.1,2014MM04,108.3
10053,A6,309400,10053,-6.0,-0.3,2014MM05,107.9
10054,A6,309400,10054,-6.8,-0.7,2014MM06,107.2
10055,A6,309400,10055,-5.5,0.3,2014MM07,107.5
10056,A6,309400,10056,-5.6,-0.7,2014MM08,106.8
10057,A6,309400,10057,-3.1,0.4,2014MM09,107.2
10058,A6,309400,10058,-2.4,-0.9,2014MM10,106.3
10059,A6,309400,10059,-2.4,-0.2,2014MM11,106.0
10060,A6,309400,10060,-2.6,-0.3,2014MM12,105.8
10062,A6,309400,10062,-1.1,0.4,2015MM01,106.2
10063,A6,309400,10063,-2.9,-0.6,2015MM02,105.6
10064,A6,309400,10064,-3.3,-0.8,2015MM03,104.7
10065,A6,309400,10065,-3.7,-0.4,2015MM04,104.3
10066,A6,309400,10066,-3.4,0.0,2015MM05,104.2
10067,A6,309400,10067,-2.2,0.5,2015MM06,104.8
10068,A6,309400,10068,-2.7,-0.2,2015MM07,104.6
10069,A6,309400,10069,-2.5,-0.4,2015MM08,104.2
10070,A6,309400,10070,-2.7,0.1,2015MM09,104.3
10071,A6,309400,10071,-3.2,-1.3,2015MM10,102.9
10072,A6,309400,10072,-2.9,0.1,2015MM11,102.9
10073,A6,309400,10073,-2.6,0.1,2015MM12,103.0
10075,A6,309400,10075,-1.7,1.3,2016MM01,104.4
10076,A6,309400,10076,-1.4,-0.2,2016MM02,104.1
10077,A6,309400,10077,-0.9,-0.4,2016MM03,103.7
10078,A6,309400,10078,-1.8,-1.3,2016MM04,102.4
10079,A6,309400,10079,-1.7,0.0,2016MM05,102.5
10080,A6,309400,10080,-3.1,-0.9,2016MM06,101.6
10081,A6,309400,10081,-2.4,0.5,2016MM07,102.1
10082,A6,309400,10082,-2.0,0.0,2016MM08,102.1
10083,A6,309400,10083,-1.5,0.6,2016MM09,102.7
10084,A6,309400,10084,-0.5,-0.3,2016MM10,102.4
10085,A6,309400,10085,-0.8,-0.2,2016MM11,102.2
10086,A6,309400,10086,-1.1,-0.2,2016MM12,101.9
10088,A6,309400,10088,-1.3,1.1,2017MM01,103.1
10089,A6,309400,10089,-0.6,0.4,2017MM02,103.5
10090,A6,309400,10090,-0.1,0.2,2017MM03,103.7
10091,A6,309400,10091,2.2,0.9,2017MM04,104.6
10092,A6,309400,10092,2.2,0.1,2017MM05,104.7
10093,A6,309400,10093,3.9,0.8,2017MM06,105.5
10094,A6,309400,10094,3.5,0.1,2017MM07,105.6
10095,A6,309400,10095,3.4,-0.1,2017MM08,105.6
10096,A6,309400,10096,2.9,0.1,2017MM09,105.7
10097,A6,309400,10097,3.1,-0.1,2017MM10,105.6
10098,A6,309400,10098,4.0,0.6,2017MM11,106.2
10099,A6,309400,10099,3.5,-0.7,2017MM12,105.5
