,Afzet,BedrijfstakkenBranchesSBI2008,ID,OntwikkelingTOV1JaarEerder_2,OntwikkelingTOV1MaandEerder_3,Perioden,ProducentenprijsindexPPI_1
42328,A4,309600,42328,0.298671096346,0.000344827586207,1981MM01,113.028027682
42329,A4,309600,42329,0.297342192691,0.000689655172414,1981MM02,112.956055363
42330,A4,309600,42330,0.296013289037,0.00103448275862,1981MM03,112.884083045
42331,A4,309600,42331,0.294684385382,0.00137931034483,1981MM04,112.812110727
42332,A4,309600,42332,0.293355481728,0.00172413793103,1981MM05,112.740138408
42333,A4,309600,42333,0.292026578073,0.00206896551724,1981MM06,112.66816609
42334,A4,309600,42334,0.290697674419,0.00241379310345,1981MM07,112.596193772
42335,A4,309600,42335,0.289368770764,0.00275862068966,1981MM08,112.524221453
42336,A4,309600,42336,0.28803986711,0.00310344827586,1981MM09,112.452249135
42337,A4,309600,42337,0.286710963455,0.00344827586207,1981MM10,112.380276817
42338,A4,309600,42338,0.285382059801,0.00379310344828,1981MM11,112.308304498
42339,A4,309600,42339,0.284053156146,0.00413793103448,1981MM12,112.23633218
42341,A4,309600,42341,0.282724252492,0.00448275862069,1982MM01,112.164359862
42342,A4,309600,42342,0.281395348837,0.0048275862069,1982MM02,112.092387543
42343,A4,309600,42343,0.280066445183,0.0051724137931,1982MM03,112.020415225
42344,A4,309600,42344,0.278737541528,0.00551724137931,1982MM04,111.948442907
42345,A4,309600,42345,0.277408637874,0.00586206896552,1982MM05,111.876470588
42346,A4,309600,42346,0.276079734219,0.00620689655172,1982MM06,111.80449827
42347,A4,309600,42347,0.274750830565,0.00655172413793,1982MM07,111.732525952
42348,A4,309600,42348,0.27342192691,0.00689655172414,1982MM08,111.660553633
42349,A4,309600,42349,0.272093023256,0.00724137931034,1982MM09,111.588581315
42350,A4,309600,42350,0.270764119601,0.00758620689655,1982MM10,111.516608997
42351,A4,309600,42351,0.269435215947,0.00793103448276,1982MM11,111.444636678
42352,A4,309600,42352,0.268106312292,0.00827586206897,1982MM12,111.37266436
42354,A4,309600,42354,0.266777408638,0.00862068965517,1983MM01,111.300692042
42355,A4,309600,42355,0.265448504983,0.00896551724138,1983MM02,111.228719723
42356,A4,309600,42356,0.264119601329,0.00931034482759,1983MM03,111.156747405
42357,A4,309600,42357,0.262790697674,0.00965517241379,1983MM04,111.084775087
42358,A4,309600,42358,0.26146179402,0.01,1983MM05,111.012802768
42359,A4,309600,42359,0.260132890365,0.0103448275862,1983MM06,110.94083045
42360,A4,309600,42360,0.258803986711,0.0106896551724,1983MM07,110.868858131
42361,A4,309600,42361,0.257475083056,0.0110344827586,1983MM08,110.796885813
42362,A4,309600,42362,0.256146179402,0.0113793103448,1983MM09,110.724913495
42363,A4,309600,42363,0.254817275748,0.011724137931,1983MM10,110.652941176
42364,A4,309600,42364,0.253488372093,0.0120689655172,1983MM11,110.580968858
42365,A4,309600,42365,0.252159468439,0.0124137931034,1983MM12,110.50899654
42367,A4,309600,42367,0.250830564784,0.0127586206897,1984MM01,110.437024221
42368,A4,309600,42368,0.24950166113,0.0131034482759,1984MM02,110.365051903
42369,A4,309600,42369,0.248172757475,0.0134482758621,1984MM03,110.293079585
42370,A4,309600,42370,0.246843853821,0.0137931034483,1984MM04,110.221107266
42371,A4,309600,42371,0.245514950166,0.0141379310345,1984MM05,110.149134948
42372,A4,309600,42372,0.244186046512,0.0144827586207,1984MM06,110.07716263
42373,A4,309600,42373,0.242857142857,0.0148275862069,1984MM07,110.005190311
42374,A4,309600,42374,0.241528239203,0.0151724137931,1984MM08,109.933217993
42375,A4,309600,42375,0.240199335548,0.0155172413793,1984MM09,109.861245675
42376,A4,309600,42376,0.238870431894,0.0158620689655,1984MM10,109.789273356
42377,A4,309600,42377,0.237541528239,0.0162068965517,1984MM11,109.717301038
42378,A4,309600,42378,0.236212624585,0.0165517241379,1984MM12,109.64532872
42380,A4,309600,42380,0.23488372093,0.0168965517241,1985MM01,109.573356401
42381,A4,309600,42381,0.233554817276,0.0172413793103,1985MM02,109.501384083
42382,A4,309600,42382,0.232225913621,0.0175862068966,1985MM03,109.429411765
42383,A4,309600,42383,0.230897009967,0.0179310344828,1985MM04,109.357439446
42384,A4,309600,42384,0.229568106312,0.018275862069,1985MM05,109.285467128
42385,A4,309600,42385,0.228239202658,0.0186206896552,1985MM06,109.21349481
42386,A4,309600,42386,0.226910299003,0.0189655172414,1985MM07,109.141522491
42387,A4,309600,42387,0.225581395349,0.0193103448276,1985MM08,109.069550173
42388,A4,309600,42388,0.224252491694,0.0196551724138,1985MM09,108.997577855
42389,A4,309600,42389,0.22292358804,0.02,1985MM10,108.925605536
42390,A4,309600,42390,0.221594684385,0.0203448275862,1985MM11,108.853633218
42391,A4,309600,42391,0.220265780731,0.0206896551724,1985MM12,108.7816609
42393,A4,309600,42393,0.218936877076,0.0210344827586,1986MM01,108.709688581
42394,A4,309600,42394,0.217607973422,0.0213793103448,1986MM02,108.637716263
42395,A4,309600,42395,0.216279069767,0.021724137931,1986MM03,108.565743945
42396,A4,309600,42396,0.214950166113,0.0220689655172,1986MM04,108.493771626
42397,A4,309600,42397,0.213621262458,0.0224137931034,1986MM05,108.421799308
42398,A4,309600,42398,0.212292358804,0.0227586206897,1986MM06,108.34982699
42399,A4,309600,42399,0.21096345515,0.0231034482759,1986MM07,108.277854671
42400,A4,309600,42400,0.209634551495,0.0234482758621,1986MM08,108.205882353
42401,A4,309600,42401,0.208305647841,0.0237931034483,1986MM09,108.133910035
42402,A4,309600,42402,0.206976744186,0.0241379310345,1986MM10,108.061937716
42403,A4,309600,42403,0.205647840532,0.0244827586207,1986MM11,107.989965398
42404,A4,309600,42404,0.204318936877,0.0248275862069,1986MM12,107.91799308
42406,A4,309600,42406,0.202990033223,0.0251724137931,1987MM01,107.846020761
42407,A4,309600,42407,0.201661129568,0.0255172413793,1987MM02,107.774048443
42408,A4,309600,42408,0.200332225914,0.0258620689655,1987MM03,107.702076125
42409,A4,309600,42409,0.199003322259,0.0262068965517,1987MM04,107.630103806
42410,A4,309600,42410,0.197674418605,0.0265517241379,1987MM05,107.558131488
42411,A4,309600,42411,0.19634551495,0.0268965517241,1987MM06,107.48615917
42412,A4,309600,42412,0.195016611296,0.0272413793103,1987MM07,107.414186851
42413,A4,309600,42413,0.193687707641,0.0275862068966,1987MM08,107.342214533
42414,A4,309600,42414,0.192358803987,0.0279310344828,1987MM09,107.270242215
42415,A4,309600,42415,0.191029900332,0.028275862069,1987MM10,107.198269896
42416,A4,309600,42416,0.189700996678,0.0286206896552,1987MM11,107.126297578
42417,A4,309600,42417,0.188372093023,0.0289655172414,1987MM12,107.05432526
42419,A4,309600,42419,0.187043189369,0.0293103448276,1988MM01,106.982352941
42420,A4,309600,42420,0.185714285714,0.0296551724138,1988MM02,106.910380623
42421,A4,309600,42421,0.18438538206,0.03,1988MM03,106.838408304
42422,A4,309600,42422,0.183056478405,0.0303448275862,1988MM04,106.766435986
42423,A4,309600,42423,0.181727574751,0.0306896551724,1988MM05,106.694463668
42424,A4,309600,42424,0.180398671096,0.0310344827586,1988MM06,106.622491349
42425,A4,309600,42425,0.179069767442,0.0313793103448,1988MM07,106.550519031
42426,A4,309600,42426,0.177740863787,0.031724137931,1988MM08,106.478546713
42427,A4,309600,42427,0.176411960133,0.0320689655172,1988MM09,106.406574394
42428,A4,309600,42428,0.175083056478,0.0324137931034,1988MM10,106.334602076
42429,A4,309600,42429,0.173754152824,0.0327586206897,1988MM11,106.262629758
42430,A4,309600,42430,0.172425249169,0.0331034482759,1988MM12,106.190657439
42432,A4,309600,42432,0.171096345515,0.0334482758621,1989MM01,106.118685121
42433,A4,309600,42433,0.16976744186,0.0337931034483,1989MM02,106.046712803
42434,A4,309600,42434,0.168438538206,0.0341379310345,1989MM03,105.974740484
42435,A4,309600,42435,0.167109634551,0.0344827586207,1989MM04,105.902768166
42436,A4,309600,42436,0.165780730897,0.0348275862069,1989MM05,105.830795848
42437,A4,309600,42437,0.164451827243,0.0351724137931,1989MM06,105.758823529
42438,A4,309600,42438,0.163122923588,0.0355172413793,1989MM07,105.686851211
42439,A4,309600,42439,0.161794019934,0.0358620689655,1989MM08,105.614878893
42440,A4,309600,42440,0.160465116279,0.0362068965517,1989MM09,105.542906574
42441,A4,309600,42441,0.159136212625,0.0365517241379,1989MM10,105.470934256
42442,A4,309600,42442,0.15780730897,0.0368965517241,1989MM11,105.398961938
42443,A4,309600,42443,0.156478405316,0.0372413793103,1989MM12,105.326989619
42445,A4,309600,42445,0.155149501661,0.0375862068966,1990MM01,105.255017301
42446,A4,309600,42446,0.153820598007,0.0379310344828,1990MM02,105.183044983
42447,A4,309600,42447,0.152491694352,0.038275862069,1990MM03,105.111072664
42448,A4,309600,42448,0.151162790698,0.0386206896552,1990MM04,105.039100346
42449,A4,309600,42449,0.149833887043,0.0389655172414,1990MM05,104.967128028
42450,A4,309600,42450,0.148504983389,0.0393103448276,1990MM06,104.895155709
42451,A4,309600,42451,0.147176079734,0.0396551724138,1990MM07,104.823183391
42452,A4,309600,42452,0.14584717608,0.04,1990MM08,104.751211073
42453,A4,309600,42453,0.144518272425,0.0403448275862,1990MM09,104.679238754
42454,A4,309600,42454,0.143189368771,0.0406896551724,1990MM10,104.607266436
42455,A4,309600,42455,0.141860465116,0.0410344827586,1990MM11,104.535294118
42456,A4,309600,42456,0.140531561462,0.0413793103448,1990MM12,104.463321799
42458,A4,309600,42458,0.139202657807,0.041724137931,1991MM01,104.391349481
42459,A4,309600,42459,0.137873754153,0.0420689655172,1991MM02,104.319377163
42460,A4,309600,42460,0.136544850498,0.0424137931034,1991MM03,104.247404844
42461,A4,309600,42461,0.135215946844,0.0427586206897,1991MM04,104.175432526
42462,A4,309600,42462,0.133887043189,0.0431034482759,1991MM05,104.103460208
42463,A4,309600,42463,0.132558139535,0.0434482758621,1991MM06,104.031487889
42464,A4,309600,42464,0.13122923588,0.0437931034483,1991MM07,103.959515571
42465,A4,309600,42465,0.129900332226,0.0441379310345,1991MM08,103.887543253
42466,A4,309600,42466,0.128571428571,0.0444827586207,1991MM09,103.815570934
42467,A4,309600,42467,0.127242524917,0.0448275862069,1991MM10,103.743598616
42468,A4,309600,42468,0.125913621262,0.0451724137931,1991MM11,103.671626298
42469,A4,309600,42469,0.124584717608,0.0455172413793,1991MM12,103.599653979
42471,A4,309600,42471,0.123255813953,0.0458620689655,1992MM01,103.527681661
42472,A4,309600,42472,0.121926910299,0.0462068965517,1992MM02,103.455709343
42473,A4,309600,42473,0.120598006645,0.0465517241379,1992MM03,103.383737024
42474,A4,309600,42474,0.11926910299,0.0468965517241,1992MM04,103.311764706
42475,A4,309600,42475,0.117940199336,0.0472413793103,1992MM05,103.239792388
42476,A4,309600,42476,0.116611295681,0.0475862068966,1992MM06,103.167820069
42477,A4,309600,42477,0.115282392027,0.0479310344828,1992MM07,103.095847751
42478,A4,309600,42478,0.113953488372,0.048275862069,1992MM08,103.023875433
42479,A4,309600,42479,0.112624584718,0.0486206896552,1992MM09,102.951903114
42480,A4,309600,42480,0.111295681063,0.0489655172414,1992MM10,102.879930796
42481,A4,309600,42481,0.109966777409,0.0493103448276,1992MM11,102.807958478
42482,A4,309600,42482,0.108637873754,0.0496551724138,1992MM12,102.735986159
42484,A4,309600,42484,0.1073089701,0.05,1993MM01,102.664013841
42485,A4,309600,42485,0.105980066445,0.0503448275862,1993MM02,102.592041522
42486,A4,309600,42486,0.104651162791,0.0506896551724,1993MM03,102.520069204
42487,A4,309600,42487,0.103322259136,0.0510344827586,1993MM04,102.448096886
42488,A4,309600,42488,0.101993355482,0.0513793103448,1993MM05,102.376124567
42489,A4,309600,42489,0.100664451827,0.051724137931,1993MM06,102.304152249
42490,A4,309600,42490,0.0993355481728,0.0520689655172,1993MM07,102.232179931
42491,A4,309600,42491,0.0980066445183,0.0524137931034,1993MM08,102.160207612
42492,A4,309600,42492,0.0966777408638,0.0527586206897,1993MM09,102.088235294
42493,A4,309600,42493,0.0953488372093,0.0531034482759,1993MM10,102.016262976
42494,A4,309600,42494,0.0940199335548,0.0534482758621,1993MM11,101.944290657
42495,A4,309600,42495,0.0926910299003,0.0537931034483,1993MM12,101.872318339
42497,A4,309600,42497,0.0913621262458,0.0541379310345,1994MM01,101.800346021
42498,A4,309600,42498,0.0900332225914,0.0544827586207,1994MM02,101.728373702
42499,A4,309600,42499,0.0887043189369,0.0548275862069,1994MM03,101.656401384
42500,A4,309600,42500,0.0873754152824,0.0551724137931,1994MM04,101.584429066
42501,A4,309600,42501,0.0860465116279,0.0555172413793,1994MM05,101.512456747
42502,A4,309600,42502,0.0847176079734,0.0558620689655,1994MM06,101.440484429
42503,A4,309600,42503,0.0833887043189,0.0562068965517,1994MM07,101.368512111
42504,A4,309600,42504,0.0820598006645,0.0565517241379,1994MM08,101.296539792
42505,A4,309600,42505,0.08073089701,0.0568965517241,1994MM09,101.224567474
42506,A4,309600,42506,0.0794019933555,0.0572413793103,1994MM10,101.152595156
42507,A4,309600,42507,0.078073089701,0.0575862068966,1994MM11,101.080622837
42508,A4,309600,42508,0.0767441860465,0.0579310344828,1994MM12,101.008650519
42510,A4,309600,42510,0.075415282392,0.058275862069,1995MM01,100.936678201
42511,A4,309600,42511,0.0740863787375,0.0586206896552,1995MM02,100.864705882
42512,A4,309600,42512,0.0727574750831,0.0589655172414,1995MM03,100.792733564
42513,A4,309600,42513,0.0714285714286,0.0593103448276,1995MM04,100.720761246
42514,A4,309600,42514,0.0700996677741,0.0596551724138,1995MM05,100.648788927
42515,A4,309600,42515,0.0687707641196,0.06,1995MM06,100.576816609
42516,A4,309600,42516,0.0674418604651,0.0603448275862,1995MM07,100.504844291
42517,A4,309600,42517,0.0661129568106,0.0606896551724,1995MM08,100.432871972
42518,A4,309600,42518,0.0647840531561,0.0610344827586,1995MM09,100.360899654
42519,A4,309600,42519,0.0634551495017,0.0613793103448,1995MM10,100.288927336
42520,A4,309600,42520,0.0621262458472,0.061724137931,1995MM11,100.216955017
42521,A4,309600,42521,0.0607973421927,0.0620689655172,1995MM12,100.144982699
42523,A4,309600,42523,0.0594684385382,0.0624137931034,1996MM01,100.073010381
42524,A4,309600,42524,0.0581395348837,0.0627586206897,1996MM02,100.001038062
42525,A4,309600,42525,0.0568106312292,0.0631034482759,1996MM03,99.9290657439
42526,A4,309600,42526,0.0554817275748,0.0634482758621,1996MM04,99.8570934256
42527,A4,309600,42527,0.0541528239203,0.0637931034483,1996MM05,99.7851211073
42528,A4,309600,42528,0.0528239202658,0.0641379310345,1996MM06,99.7131487889
42529,A4,309600,42529,0.0514950166113,0.0644827586207,1996MM07,99.6411764706
42530,A4,309600,42530,0.0501661129568,0.0648275862069,1996MM08,99.5692041522
42531,A4,309600,42531,0.0488372093023,0.0651724137931,1996MM09,99.4972318339
42532,A4,309600,42532,0.0475083056478,0.0655172413793,1996MM10,99.4252595156
42533,A4,309600,42533,0.0461794019934,0.0658620689655,1996MM11,99.3532871972
42534,A4,309600,42534,0.0448504983389,0.0662068965517,1996MM12,99.2813148789
42536,A4,309600,42536,0.0435215946844,0.0665517241379,1997MM01,99.2093425606
42537,A4,309600,42537,0.0421926910299,0.0668965517241,1997MM02,99.1373702422
42538,A4,309600,42538,0.0408637873754,0.0672413793103,1997MM03,99.0653979239
42539,A4,309600,42539,0.0395348837209,0.0675862068966,1997MM04,98.9934256055
42540,A4,309600,42540,0.0382059800664,0.0679310344828,1997MM05,98.9214532872
42541,A4,309600,42541,0.036877076412,0.068275862069,1997MM06,98.8494809689
42542,A4,309600,42542,0.0355481727575,0.0686206896552,1997MM07,98.7775086505
42543,A4,309600,42543,0.034219269103,0.0689655172414,1997MM08,98.7055363322
42544,A4,309600,42544,0.0328903654485,0.0693103448276,1997MM09,98.6335640138
42545,A4,309600,42545,0.031561461794,0.0696551724138,1997MM10,98.5615916955
42546,A4,309600,42546,0.0302325581395,0.07,1997MM11,98.4896193772
42547,A4,309600,42547,0.028903654485,0.0703448275862,1997MM12,98.4176470588
42549,A4,309600,42549,0.0275747508306,0.0706896551724,1998MM01,98.3456747405
42550,A4,309600,42550,0.0262458471761,0.0710344827586,1998MM02,98.2737024221
42551,A4,309600,42551,0.0249169435216,0.0713793103448,1998MM03,98.2017301038
42552,A4,309600,42552,0.0235880398671,0.071724137931,1998MM04,98.1297577855
42553,A4,309600,42553,0.0222591362126,0.0720689655172,1998MM05,98.0577854671
42554,A4,309600,42554,0.0209302325581,0.0724137931034,1998MM06,97.9858131488
42555,A4,309600,42555,0.0196013289037,0.0727586206897,1998MM07,97.9138408304
42556,A4,309600,42556,0.0182724252492,0.0731034482759,1998MM08,97.8418685121
42557,A4,309600,42557,0.0169435215947,0.0734482758621,1998MM09,97.7698961938
42558,A4,309600,42558,0.0156146179402,0.0737931034483,1998MM10,97.6979238754
42559,A4,309600,42559,0.0142857142857,0.0741379310345,1998MM11,97.6259515571
42560,A4,309600,42560,0.0129568106312,0.0744827586207,1998MM12,97.5539792388
42562,A4,309600,42562,0.0116279069767,0.0748275862069,1999MM01,97.4820069204
42563,A4,309600,42563,0.0102990033223,0.0751724137931,1999MM02,97.4100346021
42564,A4,309600,42564,0.00897009966777,0.0755172413793,1999MM03,97.3380622837
42565,A4,309600,42565,0.00764119601329,0.0758620689655,1999MM04,97.2660899654
42566,A4,309600,42566,0.0063122923588,0.0762068965517,1999MM05,97.1941176471
42567,A4,309600,42567,0.00498338870432,0.0765517241379,1999MM06,97.1221453287
42568,A4,309600,42568,0.00365448504983,0.0768965517241,1999MM07,97.0501730104
42569,A4,309600,42569,0.00232558139535,0.0772413793103,1999MM08,96.978200692
42570,A4,309600,42570,0.000996677740864,0.0775862068966,1999MM09,96.9062283737
42571,A4,309600,42571,-0.000332225913621,0.0779310344828,1999MM10,96.8342560554
42572,A4,309600,42572,-0.00166112956811,0.078275862069,1999MM11,96.762283737
42573,A4,309600,42573,-0.00299003322259,0.0786206896552,1999MM12,96.6903114187
42575,A4,309600,42575,-0.00431893687708,0.0789655172414,2000MM01,96.6183391003
42576,A4,309600,42576,-0.00564784053156,0.0793103448276,2000MM02,96.546366782
42577,A4,309600,42577,-0.00697674418605,0.0796551724138,2000MM03,96.4743944637
42578,A4,309600,42578,-0.00830564784053,0.08,2000MM04,96.4024221453
42579,A4,309600,42579,-0.00963455149502,0.0803448275862,2000MM05,96.330449827
42580,A4,309600,42580,-0.0109634551495,0.0806896551724,2000MM06,96.2584775087
42581,A4,309600,42581,-0.012292358804,0.0810344827586,2000MM07,96.1865051903
42582,A4,309600,42582,-0.0136212624585,0.0813793103448,2000MM08,96.114532872
42583,A4,309600,42583,-0.014950166113,0.081724137931,2000MM09,96.0425605536
42584,A4,309600,42584,-0.0162790697674,0.0820689655172,2000MM10,95.9705882353
42585,A4,309600,42585,-0.0176079734219,0.0824137931034,2000MM11,95.898615917
42586,A4,309600,42586,-0.0189368770764,0.0827586206897,2000MM12,95.8266435986
42588,A4,309600,42588,-0.0202657807309,0.0831034482759,2001MM01,95.7546712803
42589,A4,309600,42589,-0.0215946843854,0.0834482758621,2001MM02,95.6826989619
42590,A4,309600,42590,-0.0229235880399,0.0837931034483,2001MM03,95.6107266436
42591,A4,309600,42591,-0.0242524916944,0.0841379310345,2001MM04,95.5387543253
42592,A4,309600,42592,-0.0255813953488,0.0844827586207,2001MM05,95.4667820069
42593,A4,309600,42593,-0.0269102990033,0.0848275862069,2001MM06,95.3948096886
42594,A4,309600,42594,-0.0282392026578,0.0851724137931,2001MM07,95.3228373702
42595,A4,309600,42595,-0.0295681063123,0.0855172413793,2001MM08,95.2508650519
42596,A4,309600,42596,-0.0308970099668,0.0858620689655,2001MM09,95.1788927336
42597,A4,309600,42597,-0.0322259136213,0.0862068965517,2001MM10,95.1069204152
42598,A4,309600,42598,-0.0335548172757,0.0865517241379,2001MM11,95.0349480969
42599,A4,309600,42599,-0.0348837209302,0.0868965517241,2001MM12,94.9629757785
42601,A4,309600,42601,-0.0362126245847,0.0872413793103,2002MM01,94.8910034602
42602,A4,309600,42602,-0.0375415282392,0.0875862068966,2002MM02,94.8190311419
42603,A4,309600,42603,-0.0388704318937,0.0879310344828,2002MM03,94.7470588235
42604,A4,309600,42604,-0.0401993355482,0.088275862069,2002MM04,94.6750865052
42605,A4,309600,42605,-0.0415282392027,0.0886206896552,2002MM05,94.6031141869
42606,A4,309600,42606,-0.0428571428571,0.0889655172414,2002MM06,94.5311418685
42607,A4,309600,42607,-0.0441860465116,0.0893103448276,2002MM07,94.4591695502
42608,A4,309600,42608,-0.0455149501661,0.0896551724138,2002MM08,94.3871972318
42609,A4,309600,42609,-0.0468438538206,0.09,2002MM09,94.3152249135
42610,A4,309600,42610,-0.0481727574751,0.0903448275862,2002MM10,94.2432525952
42611,A4,309600,42611,-0.0495016611296,0.0906896551724,2002MM11,94.1712802768
42612,A4,309600,42612,-0.0508305647841,0.0910344827586,2002MM12,94.0993079585
42614,A4,309600,42614,-0.0521594684385,0.0913793103448,2003MM01,94.0273356401
42615,A4,309600,42615,-0.053488372093,0.091724137931,2003MM02,93.9553633218
42616,A4,309600,42616,-0.0548172757475,0.0920689655172,2003MM03,93.8833910035
42617,A4,309600,42617,-0.056146179402,0.0924137931034,2003MM04,93.8114186851
42618,A4,309600,42618,-0.0574750830565,0.0927586206897,2003MM05,93.7394463668
42619,A4,309600,42619,-0.058803986711,0.0931034482759,2003MM06,93.6674740484
42620,A4,309600,42620,-0.0601328903654,0.0934482758621,2003MM07,93.5955017301
42621,A4,309600,42621,-0.0614617940199,0.0937931034483,2003MM08,93.5235294118
42622,A4,309600,42622,-0.0627906976744,0.0941379310345,2003MM09,93.4515570934
42623,A4,309600,42623,-0.0641196013289,0.0944827586207,2003MM10,93.3795847751
42624,A4,309600,42624,-0.0654485049834,0.0948275862069,2003MM11,93.3076124567
42625,A4,309600,42625,-0.0667774086379,0.0951724137931,2003MM12,93.2356401384
42627,A4,309600,42627,-0.0681063122924,0.0955172413793,2004MM01,93.1636678201
42628,A4,309600,42628,-0.0694352159468,0.0958620689655,2004MM02,93.0916955017
42629,A4,309600,42629,-0.0707641196013,0.0962068965517,2004MM03,93.0197231834
42630,A4,309600,42630,-0.0720930232558,0.0965517241379,2004MM04,92.9477508651
42631,A4,309600,42631,-0.0734219269103,0.0968965517241,2004MM05,92.8757785467
42632,A4,309600,42632,-0.0747508305648,0.0972413793103,2004MM06,92.8038062284
42633,A4,309600,42633,-0.0760797342193,0.0975862068966,2004MM07,92.73183391
42634,A4,309600,42634,-0.0774086378738,0.0979310344828,2004MM08,92.6598615917
42635,A4,309600,42635,-0.0787375415282,0.098275862069,2004MM09,92.5878892734
42636,A4,309600,42636,-0.0800664451827,0.0986206896552,2004MM10,92.515916955
42637,A4,309600,42637,-0.0813953488372,0.0989655172414,2004MM11,92.4439446367
42638,A4,309600,42638,-0.0827242524917,0.0993103448276,2004MM12,92.3719723183
42640,A4,309600,42640,-0.0840531561462,0.0996551724138,2005MM01,92.3
42641,A4,309600,42641,-0.0853820598007,0.1,2005MM02,92.4
42642,A4,309600,42642,-0.0867109634551,0.0,2005MM03,92.4
42643,A4,309600,42643,-0.0880398671096,0.0,2005MM04,92.4
42644,A4,309600,42644,-0.0893687707641,0.0,2005MM05,92.4
42645,A4,309600,42645,-0.0906976744186,0.0,2005MM06,92.4
42646,A4,309600,42646,-0.0920265780731,-0.3,2005MM07,92.2
42647,A4,309600,42647,-0.0933554817276,0.1,2005MM08,92.3
42648,A4,309600,42648,-0.0946843853821,-0.2,2005MM09,92.1
42649,A4,309600,42649,-0.0960132890365,-0.3,2005MM10,91.8
42650,A4,309600,42650,-0.097342192691,0.0,2005MM11,91.8
42651,A4,309600,42651,-0.0986710963455,-0.1,2005MM12,91.7
42653,A4,309600,42653,-0.1,0.5,2006MM01,92.2
42654,A4,309600,42654,-0.3,-0.1,2006MM02,92.1
42655,A4,309600,42655,-0.4,-0.1,2006MM03,92.0
42656,A4,309600,42656,-0.5,-0.1,2006MM04,91.9
42657,A4,309600,42657,-0.5,0.0,2006MM05,91.9
42658,A4,309600,42658,-0.6,0.0,2006MM06,91.9
42659,A4,309600,42659,0.0,0.3,2006MM07,92.2
42660,A4,309600,42660,-0.1,0.0,2006MM08,92.2
42661,A4,309600,42661,0.1,0.0,2006MM09,92.2
42662,A4,309600,42662,0.3,-0.1,2006MM10,92.1
42663,A4,309600,42663,0.3,0.1,2006MM11,92.1
42664,A4,309600,42664,0.5,0.1,2006MM12,92.2
42666,A4,309600,42666,-0.1,0.0,2007MM01,92.1
42667,A4,309600,42667,0.2,0.2,2007MM02,92.3
42668,A4,309600,42668,-0.1,-0.4,2007MM03,92.0
42669,A4,309600,42669,0.2,0.2,2007MM04,92.1
42670,A4,309600,42670,0.3,0.1,2007MM05,92.2
42671,A4,309600,42671,0.3,0.0,2007MM06,92.2
42672,A4,309600,42672,0.1,0.1,2007MM07,92.3
42673,A4,309600,42673,0.1,0.0,2007MM08,92.3
42674,A4,309600,42674,0.3,0.2,2007MM09,92.4
42675,A4,309600,42675,2.6,2.2,2007MM10,94.4
42676,A4,309600,42676,3.2,0.6,2007MM11,95.0
42677,A4,309600,42677,3.1,0.0,2007MM12,95.0
42679,A4,309600,42679,5.4,2.2,2008MM01,97.1
42680,A4,309600,42680,5.8,0.5,2008MM02,97.6
42681,A4,309600,42681,6.9,0.7,2008MM03,98.3
42682,A4,309600,42682,7.7,0.9,2008MM04,99.2
42683,A4,309600,42683,7.6,0.1,2008MM05,99.2
42684,A4,309600,42684,7.7,0.0,2008MM06,99.2
42685,A4,309600,42685,7.5,0.0,2008MM07,99.2
42686,A4,309600,42686,7.5,0.0,2008MM08,99.2
42687,A4,309600,42687,7.5,0.1,2008MM09,99.3
42688,A4,309600,42688,5.2,0.0,2008MM10,99.3
42689,A4,309600,42689,4.5,0.0,2008MM11,99.3
42690,A4,309600,42690,4.3,-0.1,2008MM12,99.2
42692,A4,309600,42692,3.0,0.9,2009MM01,100.0
42693,A4,309600,42693,2.4,-0.1,2009MM02,99.9
42694,A4,309600,42694,1.8,0.2,2009MM03,100.1
42695,A4,309600,42695,0.7,-0.2,2009MM04,99.8
42696,A4,309600,42696,0.6,0.0,2009MM05,99.9
42697,A4,309600,42697,0.4,-0.2,2009MM06,99.7
42698,A4,309600,42698,0.3,-0.1,2009MM07,99.5
42699,A4,309600,42699,0.5,0.2,2009MM08,99.7
42700,A4,309600,42700,0.3,0.0,2009MM09,99.7
42701,A4,309600,42701,0.4,0.1,2009MM10,99.7
42702,A4,309600,42702,0.4,0.0,2009MM11,99.7
42703,A4,309600,42703,0.5,-0.1,2009MM12,99.7
42705,A4,309600,42705,0.2,0.5,2010MM01,100.2
42706,A4,309600,42706,0.2,-0.1,2010MM02,100.1
42707,A4,309600,42707,0.1,0.0,2010MM03,100.1
42708,A4,309600,42708,-0.3,-0.6,2010MM04,99.6
42709,A4,309600,42709,-0.3,0.0,2010MM05,99.6
42710,A4,309600,42710,-0.1,0.0,2010MM06,99.6
42711,A4,309600,42711,0.2,0.1,2010MM07,99.7
42712,A4,309600,42712,0.0,0.0,2010MM08,99.8
42713,A4,309600,42713,0.4,0.4,2010MM09,100.1
42714,A4,309600,42714,0.7,0.3,2010MM10,100.4
42715,A4,309600,42715,0.7,0.0,2010MM11,100.4
42716,A4,309600,42716,0.8,0.0,2010MM12,100.4
42718,A4,309600,42718,1.7,1.5,2011MM01,101.9
42719,A4,309600,42719,2.2,0.3,2011MM02,102.3
42720,A4,309600,42720,2.1,0.0,2011MM03,102.3
42721,A4,309600,42721,3.4,0.7,2011MM04,103.0
42722,A4,309600,42722,3.4,-0.1,2011MM05,102.9
42723,A4,309600,42723,3.4,0.0,2011MM06,103.0
42724,A4,309600,42724,3.4,0.2,2011MM07,103.2
42725,A4,309600,42725,3.4,0.0,2011MM08,103.2
42726,A4,309600,42726,3.3,0.3,2011MM09,103.4
42727,A4,309600,42727,3.6,0.6,2011MM10,104.1
42728,A4,309600,42728,3.7,0.1,2011MM11,104.2
42729,A4,309600,42729,3.7,0.0,2011MM12,104.2
42731,A4,309600,42731,5.3,3.0,2012MM01,107.3
42732,A4,309600,42732,5.0,0.0,2012MM02,107.3
42733,A4,309600,42733,5.0,0.0,2012MM03,107.4
42734,A4,309600,42734,4.2,0.0,2012MM04,107.3
42735,A4,309600,42735,4.3,0.0,2012MM05,107.4
42736,A4,309600,42736,4.3,0.0,2012MM06,107.4
42737,A4,309600,42737,4.3,0.1,2012MM07,107.5
42738,A4,309600,42738,4.3,0.1,2012MM08,107.6
42739,A4,309600,42739,4.0,-0.1,2012MM09,107.6
42740,A4,309600,42740,3.5,0.1,2012MM10,107.7
42741,A4,309600,42741,3.4,0.0,2012MM11,107.7
42742,A4,309600,42742,3.4,0.0,2012MM12,107.7
42744,A4,309600,42744,0.9,0.5,2013MM01,108.2
42745,A4,309600,42745,0.9,0.0,2013MM02,108.3
42746,A4,309600,42746,1.0,0.1,2013MM03,108.4
42747,A4,309600,42747,1.0,0.0,2013MM04,108.4
42748,A4,309600,42748,1.0,0.0,2013MM05,108.4
42749,A4,309600,42749,1.0,0.0,2013MM06,108.4
42750,A4,309600,42750,0.8,0.0,2013MM07,108.4
42751,A4,309600,42751,0.8,0.1,2013MM08,108.5
42752,A4,309600,42752,0.8,-0.1,2013MM09,108.5
42753,A4,309600,42753,0.8,0.1,2013MM10,108.6
42754,A4,309600,42754,0.7,-0.1,2013MM11,108.5
42755,A4,309600,42755,0.7,0.0,2013MM12,108.4
42757,A4,309600,42757,1.6,1.4,2014MM01,110.0
42758,A4,309600,42758,1.5,-0.1,2014MM02,109.9
42759,A4,309600,42759,1.1,-0.3,2014MM03,109.6
42760,A4,309600,42760,1.0,-0.1,2014MM04,109.5
42761,A4,309600,42761,1.0,0.0,2014MM05,109.6
42762,A4,309600,42762,1.2,0.1,2014MM06,109.7
42763,A4,309600,42763,1.3,0.1,2014MM07,109.8
42764,A4,309600,42764,1.2,0.0,2014MM08,109.8
42765,A4,309600,42765,1.2,-0.1,2014MM09,109.8
42766,A4,309600,42766,0.9,-0.2,2014MM10,109.5
42767,A4,309600,42767,0.9,-0.1,2014MM11,109.4
42768,A4,309600,42768,0.9,0.0,2014MM12,109.4
42770,A4,309600,42770,1.1,1.6,2015MM01,111.2
42771,A4,309600,42771,1.1,0.0,2015MM02,111.2
42772,A4,309600,42772,1.4,0.0,2015MM03,111.2
42773,A4,309600,42773,1.3,-0.2,2015MM04,110.9
42774,A4,309600,42774,1.2,0.0,2015MM05,110.9
42775,A4,309600,42775,1.1,0.0,2015MM06,110.9
42776,A4,309600,42776,2.5,1.4,2015MM07,112.5
42777,A4,309600,42777,2.5,0.1,2015MM08,112.6
42778,A4,309600,42778,2.6,0.0,2015MM09,112.6
42779,A4,309600,42779,2.6,-0.3,2015MM10,112.3
42780,A4,309600,42780,2.9,0.2,2015MM11,112.6
42781,A4,309600,42781,2.9,0.0,2015MM12,112.6
42783,A4,309600,42783,1.9,0.6,2016MM01,113.3
42784,A4,309600,42784,1.7,-0.2,2016MM02,113.1
42785,A4,309600,42785,1.7,0.0,2016MM03,113.1
42786,A4,309600,42786,1.3,-0.6,2016MM04,112.4
42787,A4,309600,42787,1.3,-0.1,2016MM05,112.3
42788,A4,309600,42788,1.3,0.0,2016MM06,112.3
42789,A4,309600,42789,0.8,0.9,2016MM07,113.4
42790,A4,309600,42790,0.6,-0.1,2016MM08,113.3
42791,A4,309600,42791,0.6,0.0,2016MM09,113.3
42792,A4,309600,42792,0.9,0.0,2016MM10,113.3
42793,A4,309600,42793,0.7,0.0,2016MM11,113.3
42794,A4,309600,42794,0.8,0.1,2016MM12,113.4
42796,A4,309600,42796,0.1,0.0,2017MM01,113.4
42797,A4,309600,42797,0.3,0.0,2017MM02,113.4
42798,A4,309600,42798,0.3,0.0,2017MM03,113.4
42799,A4,309600,42799,0.5,-0.4,2017MM04,112.9
42800,A4,309600,42800,0.6,0.1,2017MM05,113.0
42801,A4,309600,42801,0.6,0.0,2017MM06,113.0
42802,A4,309600,42802,-0.3,0.0,2017MM07,113.0
42803,A4,309600,42803,-0.2,0.0,2017MM08,113.0
42804,A4,309600,42804,-0.2,0.0,2017MM09,113.1
42805,A4,309600,42805,-0.2,0.0,2017MM10,113.0
42806,A4,309600,42806,-0.3,0.0,2017MM11,113.0
42807,A4,309600,42807,-0.3,0.1,2017MM12,113.1
