,Afzet,BedrijfstakkenBranchesSBI2008,ID,OntwikkelingTOV1JaarEerder_2,OntwikkelingTOV1MaandEerder_3,Perioden,ProducentenprijsindexPPI_1
10413,A6,309600,10413,,,2005MM01,92.5
10414,A6,309600,10414,,0.1,2005MM02,92.6
10415,A6,309600,10415,,-0.1,2005MM03,92.6
10416,A6,309600,10416,,0.1,2005MM04,92.6
10417,A6,309600,10417,,0.0,2005MM05,92.6
10418,A6,309600,10418,,0.1,2005MM06,92.7
10419,A6,309600,10419,,-0.2,2005MM07,92.5
10420,A6,309600,10420,,0.1,2005MM08,92.5
10421,A6,309600,10421,,-0.2,2005MM09,92.4
10422,A6,309600,10422,,-0.4,2005MM10,92.0
10423,A6,309600,10423,,0.1,2005MM11,92.1
10424,A6,309600,10424,,-0.1,2005MM12,92.0
10426,A6,309600,10426,-0.1,0.5,2006MM01,92.5
10427,A6,309600,10427,-0.3,-0.1,2006MM02,92.4
10428,A6,309600,10428,-0.3,-0.1,2006MM03,92.3
10429,A6,309600,10429,-0.4,-0.1,2006MM04,92.2
10430,A6,309600,10430,-0.4,0.0,2006MM05,92.2
10431,A6,309600,10431,-0.5,0.0,2006MM06,92.2
10432,A6,309600,10432,0.1,0.4,2006MM07,92.5
10433,A6,309600,10433,0.1,0.1,2006MM08,92.6
10434,A6,309600,10434,0.3,0.0,2006MM09,92.6
10435,A6,309600,10435,0.6,-0.1,2006MM10,92.5
10436,A6,309600,10436,0.6,0.1,2006MM11,92.6
10437,A6,309600,10437,0.8,0.2,2006MM12,92.8
10439,A6,309600,10439,0.5,0.1,2007MM01,92.9
10440,A6,309600,10440,0.6,0.1,2007MM02,93.0
10441,A6,309600,10441,0.5,-0.3,2007MM03,92.8
10442,A6,309600,10442,0.9,0.3,2007MM04,93.1
10443,A6,309600,10443,1.0,0.1,2007MM05,93.1
10444,A6,309600,10444,1.1,0.1,2007MM06,93.2
10445,A6,309600,10445,0.8,0.1,2007MM07,93.3
10446,A6,309600,10446,0.8,0.0,2007MM08,93.3
10447,A6,309600,10447,1.0,0.2,2007MM09,93.5
10448,A6,309600,10448,2.9,1.9,2007MM10,95.3
10449,A6,309600,10449,3.4,0.6,2007MM11,95.8
10450,A6,309600,10450,3.2,0.0,2007MM12,95.8
10452,A6,309600,10452,5.6,2.4,2008MM01,98.1
10453,A6,309600,10453,5.9,0.4,2008MM02,98.5
10454,A6,309600,10454,6.7,0.5,2008MM03,99.0
10455,A6,309600,10455,7.5,1.1,2008MM04,100.1
10456,A6,309600,10456,7.6,0.1,2008MM05,100.2
10457,A6,309600,10457,7.6,0.0,2008MM06,100.3
10458,A6,309600,10458,7.4,0.0,2008MM07,100.3
10459,A6,309600,10459,7.4,0.0,2008MM08,100.3
10460,A6,309600,10460,7.3,0.1,2008MM09,100.4
10461,A6,309600,10461,5.3,-0.1,2008MM10,100.3
10462,A6,309600,10462,4.5,-0.2,2008MM11,100.1
10463,A6,309600,10463,4.3,-0.2,2008MM12,99.9
10465,A6,309600,10465,2.7,0.9,2009MM01,100.8
10466,A6,309600,10466,2.2,-0.1,2009MM02,100.6
10467,A6,309600,10467,1.8,0.1,2009MM03,100.7
10468,A6,309600,10468,0.3,-0.3,2009MM04,100.4
10469,A6,309600,10469,0.2,0.0,2009MM05,100.4
10470,A6,309600,10470,0.0,-0.2,2009MM06,100.3
10471,A6,309600,10471,-0.2,-0.2,2009MM07,100.1
10472,A6,309600,10472,0.0,0.2,2009MM08,100.2
10473,A6,309600,10473,-0.2,-0.1,2009MM09,100.2
10474,A6,309600,10474,-0.4,-0.3,2009MM10,99.9
10475,A6,309600,10475,-0.3,-0.1,2009MM11,99.8
10476,A6,309600,10476,-0.1,-0.1,2009MM12,99.8
10478,A6,309600,10478,-0.6,0.4,2010MM01,100.1
10479,A6,309600,10479,-0.6,-0.1,2010MM02,100.0
10480,A6,309600,10480,-0.7,0.0,2010MM03,100.0
10481,A6,309600,10481,-0.8,-0.4,2010MM04,99.6
10482,A6,309600,10482,-0.9,0.0,2010MM05,99.6
10483,A6,309600,10483,-0.6,0.0,2010MM06,99.6
10484,A6,309600,10484,-0.3,0.2,2010MM07,99.8
10485,A6,309600,10485,-0.4,0.0,2010MM08,99.8
10486,A6,309600,10486,-0.1,0.3,2010MM09,100.1
10487,A6,309600,10487,0.5,0.3,2010MM10,100.4
10488,A6,309600,10488,0.7,0.1,2010MM11,100.5
10489,A6,309600,10489,0.8,0.1,2010MM12,100.5
10491,A6,309600,10491,2.0,1.6,2011MM01,102.1
10492,A6,309600,10492,2.4,0.3,2011MM02,102.4
10493,A6,309600,10493,2.4,0.0,2011MM03,102.4
10494,A6,309600,10494,3.7,0.8,2011MM04,103.3
10495,A6,309600,10495,3.7,0.0,2011MM05,103.2
10496,A6,309600,10496,3.7,0.0,2011MM06,103.3
10497,A6,309600,10497,3.7,0.2,2011MM07,103.4
10498,A6,309600,10498,3.6,0.0,2011MM08,103.4
10499,A6,309600,10499,3.5,0.2,2011MM09,103.6
10500,A6,309600,10500,3.6,0.4,2011MM10,104.0
10501,A6,309600,10501,3.6,0.0,2011MM11,104.1
10502,A6,309600,10502,3.6,0.0,2011MM12,104.1
10504,A6,309600,10504,4.8,2.8,2012MM01,107.0
10505,A6,309600,10505,4.5,0.0,2012MM02,107.0
10506,A6,309600,10506,4.5,0.0,2012MM03,107.0
10507,A6,309600,10507,3.7,0.1,2012MM04,107.1
10508,A6,309600,10508,3.8,0.0,2012MM05,107.1
10509,A6,309600,10509,3.8,0.0,2012MM06,107.1
10510,A6,309600,10510,3.7,0.1,2012MM07,107.3
10511,A6,309600,10511,3.8,0.1,2012MM08,107.3
10512,A6,309600,10512,3.5,-0.1,2012MM09,107.2
10513,A6,309600,10513,3.2,0.2,2012MM10,107.4
10514,A6,309600,10514,3.2,0.0,2012MM11,107.4
10515,A6,309600,10515,3.2,0.0,2012MM12,107.4
10517,A6,309600,10517,1.1,0.8,2013MM01,108.2
10518,A6,309600,10518,1.1,0.0,2013MM02,108.2
10519,A6,309600,10519,1.3,0.1,2013MM03,108.3
10520,A6,309600,10520,1.1,-0.1,2013MM04,108.2
10521,A6,309600,10521,1.1,0.0,2013MM05,108.3
10522,A6,309600,10522,1.0,0.0,2013MM06,108.3
10523,A6,309600,10523,0.9,0.0,2013MM07,108.3
10524,A6,309600,10524,1.0,0.1,2013MM08,108.4
10525,A6,309600,10525,1.0,-0.1,2013MM09,108.3
10526,A6,309600,10526,0.8,-0.1,2013MM10,108.3
10527,A6,309600,10527,0.7,-0.1,2013MM11,108.1
10528,A6,309600,10528,0.6,0.0,2013MM12,108.1
10530,A6,309600,10530,1.2,1.3,2014MM01,109.5
10531,A6,309600,10531,1.1,-0.1,2014MM02,109.4
10532,A6,309600,10532,0.7,-0.2,2014MM03,109.2
10533,A6,309600,10533,0.9,0.0,2014MM04,109.2
10534,A6,309600,10534,0.9,0.0,2014MM05,109.2
10535,A6,309600,10535,1.0,0.1,2014MM06,109.3
10536,A6,309600,10536,1.0,0.1,2014MM07,109.4
10537,A6,309600,10537,1.0,0.1,2014MM08,109.5
10538,A6,309600,10538,1.0,-0.1,2014MM09,109.4
10539,A6,309600,10539,0.8,-0.3,2014MM10,109.1
10540,A6,309600,10540,0.8,-0.1,2014MM11,109.0
10541,A6,309600,10541,0.8,0.0,2014MM12,108.9
10543,A6,309600,10543,0.7,1.3,2015MM01,110.3
10544,A6,309600,10544,0.8,0.0,2015MM02,110.2
10545,A6,309600,10545,1.0,0.0,2015MM03,110.2
10546,A6,309600,10546,0.8,-0.2,2015MM04,110.1
10547,A6,309600,10547,0.8,0.0,2015MM05,110.1
10548,A6,309600,10548,0.7,0.0,2015MM06,110.1
10549,A6,309600,10549,1.6,1.0,2015MM07,111.2
10550,A6,309600,10550,1.6,0.1,2015MM08,111.3
10551,A6,309600,10551,1.8,0.0,2015MM09,111.3
10552,A6,309600,10552,1.8,-0.2,2015MM10,111.0
10553,A6,309600,10553,2.1,0.2,2015MM11,111.2
10554,A6,309600,10554,2.1,0.0,2015MM12,111.2
10556,A6,309600,10556,1.5,0.7,2016MM01,112.0
10557,A6,309600,10557,1.4,-0.2,2016MM02,111.8
10558,A6,309600,10558,1.4,0.0,2016MM03,111.8
10559,A6,309600,10559,1.0,-0.5,2016MM04,111.2
10560,A6,309600,10560,1.0,0.0,2016MM05,111.1
10561,A6,309600,10561,1.0,0.0,2016MM06,111.2
10562,A6,309600,10562,0.9,0.9,2016MM07,112.1
10563,A6,309600,10563,0.7,-0.1,2016MM08,112.1
10564,A6,309600,10564,0.7,0.0,2016MM09,112.1
10565,A6,309600,10565,0.8,-0.2,2016MM10,111.9
10566,A6,309600,10566,0.7,0.0,2016MM11,112.0
10567,A6,309600,10567,1.4,0.7,2016MM12,112.8
10569,A6,309600,10569,1.3,0.6,2017MM01,113.4
10570,A6,309600,10570,1.5,0.0,2017MM02,113.4
10571,A6,309600,10571,1.5,0.0,2017MM03,113.4
10572,A6,309600,10572,1.7,-0.3,2017MM04,113.0
10573,A6,309600,10573,1.8,0.1,2017MM05,113.1
10574,A6,309600,10574,1.8,0.0,2017MM06,113.2
10575,A6,309600,10575,0.8,-0.1,2017MM07,113.1
10576,A6,309600,10576,0.9,0.0,2017MM08,113.1
10577,A6,309600,10577,0.9,0.0,2017MM09,113.1
10578,A6,309600,10578,1.0,0.0,2017MM10,113.1
10579,A6,309600,10579,1.0,0.0,2017MM11,113.1
10580,A6,309600,10580,0.3,0.0,2017MM12,113.1
