,Afzet,BedrijfstakkenBranchesSBI2008,ID,OntwikkelingTOV1JaarEerder_2,OntwikkelingTOV1MaandEerder_3,Perioden,ProducentenprijsindexPPI_1
74555,A5,309600,74555,-0.299667774086,0.0996551724138,1981MM01,113.032525952
74556,A5,309600,74556,-0.299335548173,0.0993103448276,1981MM02,112.965051903
74557,A5,309600,74557,-0.299003322259,0.0989655172414,1981MM03,112.897577855
74558,A5,309600,74558,-0.298671096346,0.0986206896552,1981MM04,112.830103806
74559,A5,309600,74559,-0.298338870432,0.098275862069,1981MM05,112.762629758
74560,A5,309600,74560,-0.298006644518,0.0979310344828,1981MM06,112.695155709
74561,A5,309600,74561,-0.297674418605,0.0975862068966,1981MM07,112.627681661
74562,A5,309600,74562,-0.297342192691,0.0972413793103,1981MM08,112.560207612
74563,A5,309600,74563,-0.297009966777,0.0968965517241,1981MM09,112.492733564
74564,A5,309600,74564,-0.296677740864,0.0965517241379,1981MM10,112.425259516
74565,A5,309600,74565,-0.29634551495,0.0962068965517,1981MM11,112.357785467
74566,A5,309600,74566,-0.296013289037,0.0958620689655,1981MM12,112.290311419
74568,A5,309600,74568,-0.295681063123,0.0955172413793,1982MM01,112.22283737
74569,A5,309600,74569,-0.295348837209,0.0951724137931,1982MM02,112.155363322
74570,A5,309600,74570,-0.295016611296,0.0948275862069,1982MM03,112.087889273
74571,A5,309600,74571,-0.294684385382,0.0944827586207,1982MM04,112.020415225
74572,A5,309600,74572,-0.294352159468,0.0941379310345,1982MM05,111.952941176
74573,A5,309600,74573,-0.294019933555,0.0937931034483,1982MM06,111.885467128
74574,A5,309600,74574,-0.293687707641,0.0934482758621,1982MM07,111.81799308
74575,A5,309600,74575,-0.293355481728,0.0931034482759,1982MM08,111.750519031
74576,A5,309600,74576,-0.293023255814,0.0927586206897,1982MM09,111.683044983
74577,A5,309600,74577,-0.2926910299,0.0924137931034,1982MM10,111.615570934
74578,A5,309600,74578,-0.292358803987,0.0920689655172,1982MM11,111.548096886
74579,A5,309600,74579,-0.292026578073,0.091724137931,1982MM12,111.480622837
74581,A5,309600,74581,-0.291694352159,0.0913793103448,1983MM01,111.413148789
74582,A5,309600,74582,-0.291362126246,0.0910344827586,1983MM02,111.34567474
74583,A5,309600,74583,-0.291029900332,0.0906896551724,1983MM03,111.278200692
74584,A5,309600,74584,-0.290697674419,0.0903448275862,1983MM04,111.210726644
74585,A5,309600,74585,-0.290365448505,0.09,1983MM05,111.143252595
74586,A5,309600,74586,-0.290033222591,0.0896551724138,1983MM06,111.075778547
74587,A5,309600,74587,-0.289700996678,0.0893103448276,1983MM07,111.008304498
74588,A5,309600,74588,-0.289368770764,0.0889655172414,1983MM08,110.94083045
74589,A5,309600,74589,-0.28903654485,0.0886206896552,1983MM09,110.873356401
74590,A5,309600,74590,-0.288704318937,0.088275862069,1983MM10,110.805882353
74591,A5,309600,74591,-0.288372093023,0.0879310344828,1983MM11,110.738408304
74592,A5,309600,74592,-0.28803986711,0.0875862068966,1983MM12,110.670934256
74594,A5,309600,74594,-0.287707641196,0.0872413793103,1984MM01,110.603460208
74595,A5,309600,74595,-0.287375415282,0.0868965517241,1984MM02,110.535986159
74596,A5,309600,74596,-0.287043189369,0.0865517241379,1984MM03,110.468512111
74597,A5,309600,74597,-0.286710963455,0.0862068965517,1984MM04,110.401038062
74598,A5,309600,74598,-0.286378737542,0.0858620689655,1984MM05,110.333564014
74599,A5,309600,74599,-0.286046511628,0.0855172413793,1984MM06,110.266089965
74600,A5,309600,74600,-0.285714285714,0.0851724137931,1984MM07,110.198615917
74601,A5,309600,74601,-0.285382059801,0.0848275862069,1984MM08,110.131141869
74602,A5,309600,74602,-0.285049833887,0.0844827586207,1984MM09,110.06366782
74603,A5,309600,74603,-0.284717607973,0.0841379310345,1984MM10,109.996193772
74604,A5,309600,74604,-0.28438538206,0.0837931034483,1984MM11,109.928719723
74605,A5,309600,74605,-0.284053156146,0.0834482758621,1984MM12,109.861245675
74607,A5,309600,74607,-0.283720930233,0.0831034482759,1985MM01,109.793771626
74608,A5,309600,74608,-0.283388704319,0.0827586206897,1985MM02,109.726297578
74609,A5,309600,74609,-0.283056478405,0.0824137931034,1985MM03,109.658823529
74610,A5,309600,74610,-0.282724252492,0.0820689655172,1985MM04,109.591349481
74611,A5,309600,74611,-0.282392026578,0.081724137931,1985MM05,109.523875433
74612,A5,309600,74612,-0.282059800664,0.0813793103448,1985MM06,109.456401384
74613,A5,309600,74613,-0.281727574751,0.0810344827586,1985MM07,109.388927336
74614,A5,309600,74614,-0.281395348837,0.0806896551724,1985MM08,109.321453287
74615,A5,309600,74615,-0.281063122924,0.0803448275862,1985MM09,109.253979239
74616,A5,309600,74616,-0.28073089701,0.08,1985MM10,109.18650519
74617,A5,309600,74617,-0.280398671096,0.0796551724138,1985MM11,109.119031142
74618,A5,309600,74618,-0.280066445183,0.0793103448276,1985MM12,109.051557093
74620,A5,309600,74620,-0.279734219269,0.0789655172414,1986MM01,108.984083045
74621,A5,309600,74621,-0.279401993355,0.0786206896552,1986MM02,108.916608997
74622,A5,309600,74622,-0.279069767442,0.078275862069,1986MM03,108.849134948
74623,A5,309600,74623,-0.278737541528,0.0779310344828,1986MM04,108.7816609
74624,A5,309600,74624,-0.278405315615,0.0775862068966,1986MM05,108.714186851
74625,A5,309600,74625,-0.278073089701,0.0772413793103,1986MM06,108.646712803
74626,A5,309600,74626,-0.277740863787,0.0768965517241,1986MM07,108.579238754
74627,A5,309600,74627,-0.277408637874,0.0765517241379,1986MM08,108.511764706
74628,A5,309600,74628,-0.27707641196,0.0762068965517,1986MM09,108.444290657
74629,A5,309600,74629,-0.276744186047,0.0758620689655,1986MM10,108.376816609
74630,A5,309600,74630,-0.276411960133,0.0755172413793,1986MM11,108.309342561
74631,A5,309600,74631,-0.276079734219,0.0751724137931,1986MM12,108.241868512
74633,A5,309600,74633,-0.275747508306,0.0748275862069,1987MM01,108.174394464
74634,A5,309600,74634,-0.275415282392,0.0744827586207,1987MM02,108.106920415
74635,A5,309600,74635,-0.275083056478,0.0741379310345,1987MM03,108.039446367
74636,A5,309600,74636,-0.274750830565,0.0737931034483,1987MM04,107.971972318
74637,A5,309600,74637,-0.274418604651,0.0734482758621,1987MM05,107.90449827
74638,A5,309600,74638,-0.274086378738,0.0731034482759,1987MM06,107.837024221
74639,A5,309600,74639,-0.273754152824,0.0727586206897,1987MM07,107.769550173
74640,A5,309600,74640,-0.27342192691,0.0724137931034,1987MM08,107.702076125
74641,A5,309600,74641,-0.273089700997,0.0720689655172,1987MM09,107.634602076
74642,A5,309600,74642,-0.272757475083,0.071724137931,1987MM10,107.567128028
74643,A5,309600,74643,-0.272425249169,0.0713793103448,1987MM11,107.499653979
74644,A5,309600,74644,-0.272093023256,0.0710344827586,1987MM12,107.432179931
74646,A5,309600,74646,-0.271760797342,0.0706896551724,1988MM01,107.364705882
74647,A5,309600,74647,-0.271428571429,0.0703448275862,1988MM02,107.297231834
74648,A5,309600,74648,-0.271096345515,0.07,1988MM03,107.229757785
74649,A5,309600,74649,-0.270764119601,0.0696551724138,1988MM04,107.162283737
74650,A5,309600,74650,-0.270431893688,0.0693103448276,1988MM05,107.094809689
74651,A5,309600,74651,-0.270099667774,0.0689655172414,1988MM06,107.02733564
74652,A5,309600,74652,-0.26976744186,0.0686206896552,1988MM07,106.959861592
74653,A5,309600,74653,-0.269435215947,0.068275862069,1988MM08,106.892387543
74654,A5,309600,74654,-0.269102990033,0.0679310344828,1988MM09,106.824913495
74655,A5,309600,74655,-0.26877076412,0.0675862068966,1988MM10,106.757439446
74656,A5,309600,74656,-0.268438538206,0.0672413793103,1988MM11,106.689965398
74657,A5,309600,74657,-0.268106312292,0.0668965517241,1988MM12,106.622491349
74659,A5,309600,74659,-0.267774086379,0.0665517241379,1989MM01,106.555017301
74660,A5,309600,74660,-0.267441860465,0.0662068965517,1989MM02,106.487543253
74661,A5,309600,74661,-0.267109634551,0.0658620689655,1989MM03,106.420069204
74662,A5,309600,74662,-0.266777408638,0.0655172413793,1989MM04,106.352595156
74663,A5,309600,74663,-0.266445182724,0.0651724137931,1989MM05,106.285121107
74664,A5,309600,74664,-0.266112956811,0.0648275862069,1989MM06,106.217647059
74665,A5,309600,74665,-0.265780730897,0.0644827586207,1989MM07,106.15017301
74666,A5,309600,74666,-0.265448504983,0.0641379310345,1989MM08,106.082698962
74667,A5,309600,74667,-0.26511627907,0.0637931034483,1989MM09,106.015224913
74668,A5,309600,74668,-0.264784053156,0.0634482758621,1989MM10,105.947750865
74669,A5,309600,74669,-0.264451827243,0.0631034482759,1989MM11,105.880276817
74670,A5,309600,74670,-0.264119601329,0.0627586206897,1989MM12,105.812802768
74672,A5,309600,74672,-0.263787375415,0.0624137931034,1990MM01,105.74532872
74673,A5,309600,74673,-0.263455149502,0.0620689655172,1990MM02,105.677854671
74674,A5,309600,74674,-0.263122923588,0.061724137931,1990MM03,105.610380623
74675,A5,309600,74675,-0.262790697674,0.0613793103448,1990MM04,105.542906574
74676,A5,309600,74676,-0.262458471761,0.0610344827586,1990MM05,105.475432526
74677,A5,309600,74677,-0.262126245847,0.0606896551724,1990MM06,105.407958478
74678,A5,309600,74678,-0.261794019934,0.0603448275862,1990MM07,105.340484429
74679,A5,309600,74679,-0.26146179402,0.06,1990MM08,105.273010381
74680,A5,309600,74680,-0.261129568106,0.0596551724138,1990MM09,105.205536332
74681,A5,309600,74681,-0.260797342193,0.0593103448276,1990MM10,105.138062284
74682,A5,309600,74682,-0.260465116279,0.0589655172414,1990MM11,105.070588235
74683,A5,309600,74683,-0.260132890365,0.0586206896552,1990MM12,105.003114187
74685,A5,309600,74685,-0.259800664452,0.058275862069,1991MM01,104.935640138
74686,A5,309600,74686,-0.259468438538,0.0579310344828,1991MM02,104.86816609
74687,A5,309600,74687,-0.259136212625,0.0575862068966,1991MM03,104.800692042
74688,A5,309600,74688,-0.258803986711,0.0572413793103,1991MM04,104.733217993
74689,A5,309600,74689,-0.258471760797,0.0568965517241,1991MM05,104.665743945
74690,A5,309600,74690,-0.258139534884,0.0565517241379,1991MM06,104.598269896
74691,A5,309600,74691,-0.25780730897,0.0562068965517,1991MM07,104.530795848
74692,A5,309600,74692,-0.257475083056,0.0558620689655,1991MM08,104.463321799
74693,A5,309600,74693,-0.257142857143,0.0555172413793,1991MM09,104.395847751
74694,A5,309600,74694,-0.256810631229,0.0551724137931,1991MM10,104.328373702
74695,A5,309600,74695,-0.256478405316,0.0548275862069,1991MM11,104.260899654
74696,A5,309600,74696,-0.256146179402,0.0544827586207,1991MM12,104.193425606
74698,A5,309600,74698,-0.255813953488,0.0541379310345,1992MM01,104.125951557
74699,A5,309600,74699,-0.255481727575,0.0537931034483,1992MM02,104.058477509
74700,A5,309600,74700,-0.255149501661,0.0534482758621,1992MM03,103.99100346
74701,A5,309600,74701,-0.254817275748,0.0531034482759,1992MM04,103.923529412
74702,A5,309600,74702,-0.254485049834,0.0527586206897,1992MM05,103.856055363
74703,A5,309600,74703,-0.25415282392,0.0524137931034,1992MM06,103.788581315
74704,A5,309600,74704,-0.253820598007,0.0520689655172,1992MM07,103.721107266
74705,A5,309600,74705,-0.253488372093,0.051724137931,1992MM08,103.653633218
74706,A5,309600,74706,-0.253156146179,0.0513793103448,1992MM09,103.58615917
74707,A5,309600,74707,-0.252823920266,0.0510344827586,1992MM10,103.518685121
74708,A5,309600,74708,-0.252491694352,0.0506896551724,1992MM11,103.451211073
74709,A5,309600,74709,-0.252159468439,0.0503448275862,1992MM12,103.383737024
74711,A5,309600,74711,-0.251827242525,0.05,1993MM01,103.316262976
74712,A5,309600,74712,-0.251495016611,0.0496551724138,1993MM02,103.248788927
74713,A5,309600,74713,-0.251162790698,0.0493103448276,1993MM03,103.181314879
74714,A5,309600,74714,-0.250830564784,0.0489655172414,1993MM04,103.11384083
74715,A5,309600,74715,-0.25049833887,0.0486206896552,1993MM05,103.046366782
74716,A5,309600,74716,-0.250166112957,0.048275862069,1993MM06,102.978892734
74717,A5,309600,74717,-0.249833887043,0.0479310344828,1993MM07,102.911418685
74718,A5,309600,74718,-0.24950166113,0.0475862068966,1993MM08,102.843944637
74719,A5,309600,74719,-0.249169435216,0.0472413793103,1993MM09,102.776470588
74720,A5,309600,74720,-0.248837209302,0.0468965517241,1993MM10,102.70899654
74721,A5,309600,74721,-0.248504983389,0.0465517241379,1993MM11,102.641522491
74722,A5,309600,74722,-0.248172757475,0.0462068965517,1993MM12,102.574048443
74724,A5,309600,74724,-0.247840531561,0.0458620689655,1994MM01,102.506574394
74725,A5,309600,74725,-0.247508305648,0.0455172413793,1994MM02,102.439100346
74726,A5,309600,74726,-0.247176079734,0.0451724137931,1994MM03,102.371626298
74727,A5,309600,74727,-0.246843853821,0.0448275862069,1994MM04,102.304152249
74728,A5,309600,74728,-0.246511627907,0.0444827586207,1994MM05,102.236678201
74729,A5,309600,74729,-0.246179401993,0.0441379310345,1994MM06,102.169204152
74730,A5,309600,74730,-0.24584717608,0.0437931034483,1994MM07,102.101730104
74731,A5,309600,74731,-0.245514950166,0.0434482758621,1994MM08,102.034256055
74732,A5,309600,74732,-0.245182724252,0.0431034482759,1994MM09,101.966782007
74733,A5,309600,74733,-0.244850498339,0.0427586206897,1994MM10,101.899307958
74734,A5,309600,74734,-0.244518272425,0.0424137931034,1994MM11,101.83183391
74735,A5,309600,74735,-0.244186046512,0.0420689655172,1994MM12,101.764359862
74737,A5,309600,74737,-0.243853820598,0.041724137931,1995MM01,101.696885813
74738,A5,309600,74738,-0.243521594684,0.0413793103448,1995MM02,101.629411765
74739,A5,309600,74739,-0.243189368771,0.0410344827586,1995MM03,101.561937716
74740,A5,309600,74740,-0.242857142857,0.0406896551724,1995MM04,101.494463668
74741,A5,309600,74741,-0.242524916944,0.0403448275862,1995MM05,101.426989619
74742,A5,309600,74742,-0.24219269103,0.04,1995MM06,101.359515571
74743,A5,309600,74743,-0.241860465116,0.0396551724138,1995MM07,101.292041522
74744,A5,309600,74744,-0.241528239203,0.0393103448276,1995MM08,101.224567474
74745,A5,309600,74745,-0.241196013289,0.0389655172414,1995MM09,101.157093426
74746,A5,309600,74746,-0.240863787375,0.0386206896552,1995MM10,101.089619377
74747,A5,309600,74747,-0.240531561462,0.038275862069,1995MM11,101.022145329
74748,A5,309600,74748,-0.240199335548,0.0379310344828,1995MM12,100.95467128
74750,A5,309600,74750,-0.239867109635,0.0375862068966,1996MM01,100.887197232
74751,A5,309600,74751,-0.239534883721,0.0372413793103,1996MM02,100.819723183
74752,A5,309600,74752,-0.239202657807,0.0368965517241,1996MM03,100.752249135
74753,A5,309600,74753,-0.238870431894,0.0365517241379,1996MM04,100.684775087
74754,A5,309600,74754,-0.23853820598,0.0362068965517,1996MM05,100.617301038
74755,A5,309600,74755,-0.238205980066,0.0358620689655,1996MM06,100.54982699
74756,A5,309600,74756,-0.237873754153,0.0355172413793,1996MM07,100.482352941
74757,A5,309600,74757,-0.237541528239,0.0351724137931,1996MM08,100.414878893
74758,A5,309600,74758,-0.237209302326,0.0348275862069,1996MM09,100.347404844
74759,A5,309600,74759,-0.236877076412,0.0344827586207,1996MM10,100.279930796
74760,A5,309600,74760,-0.236544850498,0.0341379310345,1996MM11,100.212456747
74761,A5,309600,74761,-0.236212624585,0.0337931034483,1996MM12,100.144982699
74763,A5,309600,74763,-0.235880398671,0.0334482758621,1997MM01,100.077508651
74764,A5,309600,74764,-0.235548172757,0.0331034482759,1997MM02,100.010034602
74765,A5,309600,74765,-0.235215946844,0.0327586206897,1997MM03,99.9425605536
74766,A5,309600,74766,-0.23488372093,0.0324137931034,1997MM04,99.8750865052
74767,A5,309600,74767,-0.234551495017,0.0320689655172,1997MM05,99.8076124567
74768,A5,309600,74768,-0.234219269103,0.031724137931,1997MM06,99.7401384083
74769,A5,309600,74769,-0.233887043189,0.0313793103448,1997MM07,99.6726643599
74770,A5,309600,74770,-0.233554817276,0.0310344827586,1997MM08,99.6051903114
74771,A5,309600,74771,-0.233222591362,0.0306896551724,1997MM09,99.537716263
74772,A5,309600,74772,-0.232890365449,0.0303448275862,1997MM10,99.4702422145
74773,A5,309600,74773,-0.232558139535,0.03,1997MM11,99.4027681661
74774,A5,309600,74774,-0.232225913621,0.0296551724138,1997MM12,99.3352941176
74776,A5,309600,74776,-0.231893687708,0.0293103448276,1998MM01,99.2678200692
74777,A5,309600,74777,-0.231561461794,0.0289655172414,1998MM02,99.2003460208
74778,A5,309600,74778,-0.23122923588,0.0286206896552,1998MM03,99.1328719723
74779,A5,309600,74779,-0.230897009967,0.028275862069,1998MM04,99.0653979239
74780,A5,309600,74780,-0.230564784053,0.0279310344828,1998MM05,98.9979238754
74781,A5,309600,74781,-0.23023255814,0.0275862068966,1998MM06,98.930449827
74782,A5,309600,74782,-0.229900332226,0.0272413793103,1998MM07,98.8629757785
74783,A5,309600,74783,-0.229568106312,0.0268965517241,1998MM08,98.7955017301
74784,A5,309600,74784,-0.229235880399,0.0265517241379,1998MM09,98.7280276817
74785,A5,309600,74785,-0.228903654485,0.0262068965517,1998MM10,98.6605536332
74786,A5,309600,74786,-0.228571428571,0.0258620689655,1998MM11,98.5930795848
74787,A5,309600,74787,-0.228239202658,0.0255172413793,1998MM12,98.5256055363
74789,A5,309600,74789,-0.227906976744,0.0251724137931,1999MM01,98.4581314879
74790,A5,309600,74790,-0.227574750831,0.0248275862069,1999MM02,98.3906574394
74791,A5,309600,74791,-0.227242524917,0.0244827586207,1999MM03,98.323183391
74792,A5,309600,74792,-0.226910299003,0.0241379310345,1999MM04,98.2557093426
74793,A5,309600,74793,-0.22657807309,0.0237931034483,1999MM05,98.1882352941
74794,A5,309600,74794,-0.226245847176,0.0234482758621,1999MM06,98.1207612457
74795,A5,309600,74795,-0.225913621262,0.0231034482759,1999MM07,98.0532871972
74796,A5,309600,74796,-0.225581395349,0.0227586206897,1999MM08,97.9858131488
74797,A5,309600,74797,-0.225249169435,0.0224137931034,1999MM09,97.9183391003
74798,A5,309600,74798,-0.224916943522,0.0220689655172,1999MM10,97.8508650519
74799,A5,309600,74799,-0.224584717608,0.021724137931,1999MM11,97.7833910035
74800,A5,309600,74800,-0.224252491694,0.0213793103448,1999MM12,97.715916955
74802,A5,309600,74802,-0.223920265781,0.0210344827586,2000MM01,97.6484429066
74803,A5,309600,74803,-0.223588039867,0.0206896551724,2000MM02,97.5809688581
74804,A5,309600,74804,-0.223255813953,0.0203448275862,2000MM03,97.5134948097
74805,A5,309600,74805,-0.22292358804,0.02,2000MM04,97.4460207612
74806,A5,309600,74806,-0.222591362126,0.0196551724138,2000MM05,97.3785467128
74807,A5,309600,74807,-0.222259136213,0.0193103448276,2000MM06,97.3110726644
74808,A5,309600,74808,-0.221926910299,0.0189655172414,2000MM07,97.2435986159
74809,A5,309600,74809,-0.221594684385,0.0186206896552,2000MM08,97.1761245675
74810,A5,309600,74810,-0.221262458472,0.018275862069,2000MM09,97.108650519
74811,A5,309600,74811,-0.220930232558,0.0179310344828,2000MM10,97.0411764706
74812,A5,309600,74812,-0.220598006645,0.0175862068966,2000MM11,96.9737024221
74813,A5,309600,74813,-0.220265780731,0.0172413793103,2000MM12,96.9062283737
74815,A5,309600,74815,-0.219933554817,0.0168965517241,2001MM01,96.8387543253
74816,A5,309600,74816,-0.219601328904,0.0165517241379,2001MM02,96.7712802768
74817,A5,309600,74817,-0.21926910299,0.0162068965517,2001MM03,96.7038062284
74818,A5,309600,74818,-0.218936877076,0.0158620689655,2001MM04,96.6363321799
74819,A5,309600,74819,-0.218604651163,0.0155172413793,2001MM05,96.5688581315
74820,A5,309600,74820,-0.218272425249,0.0151724137931,2001MM06,96.501384083
74821,A5,309600,74821,-0.217940199336,0.0148275862069,2001MM07,96.4339100346
74822,A5,309600,74822,-0.217607973422,0.0144827586207,2001MM08,96.3664359862
74823,A5,309600,74823,-0.217275747508,0.0141379310345,2001MM09,96.2989619377
74824,A5,309600,74824,-0.216943521595,0.0137931034483,2001MM10,96.2314878893
74825,A5,309600,74825,-0.216611295681,0.0134482758621,2001MM11,96.1640138408
74826,A5,309600,74826,-0.216279069767,0.0131034482759,2001MM12,96.0965397924
74828,A5,309600,74828,-0.215946843854,0.0127586206897,2002MM01,96.0290657439
74829,A5,309600,74829,-0.21561461794,0.0124137931034,2002MM02,95.9615916955
74830,A5,309600,74830,-0.215282392027,0.0120689655172,2002MM03,95.8941176471
74831,A5,309600,74831,-0.214950166113,0.011724137931,2002MM04,95.8266435986
74832,A5,309600,74832,-0.214617940199,0.0113793103448,2002MM05,95.7591695502
74833,A5,309600,74833,-0.214285714286,0.0110344827586,2002MM06,95.6916955017
74834,A5,309600,74834,-0.213953488372,0.0106896551724,2002MM07,95.6242214533
74835,A5,309600,74835,-0.213621262458,0.0103448275862,2002MM08,95.5567474048
74836,A5,309600,74836,-0.213289036545,0.01,2002MM09,95.4892733564
74837,A5,309600,74837,-0.212956810631,0.00965517241379,2002MM10,95.421799308
74838,A5,309600,74838,-0.212624584718,0.00931034482759,2002MM11,95.3543252595
74839,A5,309600,74839,-0.212292358804,0.00896551724138,2002MM12,95.2868512111
74841,A5,309600,74841,-0.21196013289,0.00862068965517,2003MM01,95.2193771626
74842,A5,309600,74842,-0.211627906977,0.00827586206897,2003MM02,95.1519031142
74843,A5,309600,74843,-0.211295681063,0.00793103448276,2003MM03,95.0844290657
74844,A5,309600,74844,-0.21096345515,0.00758620689655,2003MM04,95.0169550173
74845,A5,309600,74845,-0.210631229236,0.00724137931034,2003MM05,94.9494809689
74846,A5,309600,74846,-0.210299003322,0.00689655172414,2003MM06,94.8820069204
74847,A5,309600,74847,-0.209966777409,0.00655172413793,2003MM07,94.814532872
74848,A5,309600,74848,-0.209634551495,0.00620689655172,2003MM08,94.7470588235
74849,A5,309600,74849,-0.209302325581,0.00586206896552,2003MM09,94.6795847751
74850,A5,309600,74850,-0.208970099668,0.00551724137931,2003MM10,94.6121107266
74851,A5,309600,74851,-0.208637873754,0.0051724137931,2003MM11,94.5446366782
74852,A5,309600,74852,-0.208305647841,0.0048275862069,2003MM12,94.4771626298
74854,A5,309600,74854,-0.207973421927,0.00448275862069,2004MM01,94.4096885813
74855,A5,309600,74855,-0.207641196013,0.00413793103448,2004MM02,94.3422145329
74856,A5,309600,74856,-0.2073089701,0.00379310344828,2004MM03,94.2747404844
74857,A5,309600,74857,-0.206976744186,0.00344827586207,2004MM04,94.207266436
74858,A5,309600,74858,-0.206644518272,0.00310344827586,2004MM05,94.1397923875
74859,A5,309600,74859,-0.206312292359,0.00275862068966,2004MM06,94.0723183391
74860,A5,309600,74860,-0.205980066445,0.00241379310345,2004MM07,94.0048442907
74861,A5,309600,74861,-0.205647840532,0.00206896551724,2004MM08,93.9373702422
74862,A5,309600,74862,-0.205315614618,0.00172413793103,2004MM09,93.8698961938
74863,A5,309600,74863,-0.204983388704,0.00137931034483,2004MM10,93.8024221453
74864,A5,309600,74864,-0.204651162791,0.00103448275862,2004MM11,93.7349480969
74865,A5,309600,74865,-0.204318936877,0.000689655172414,2004MM12,93.6674740484
74867,A5,309600,74867,-0.203986710963,0.000344827586207,2005MM01,93.6
74868,A5,309600,74868,-0.20365448505,0.0,2005MM02,93.6
74869,A5,309600,74869,-0.203322259136,-0.4,2005MM03,93.3
74870,A5,309600,74870,-0.202990033223,0.1,2005MM04,93.4
74871,A5,309600,74871,-0.202657807309,-0.2,2005MM05,93.2
74872,A5,309600,74872,-0.202325581395,0.3,2005MM06,93.5
74873,A5,309600,74873,-0.201993355482,0.0,2005MM07,93.5
74874,A5,309600,74874,-0.201661129568,0.0,2005MM08,93.5
74875,A5,309600,74875,-0.201328903654,0.0,2005MM09,93.5
74876,A5,309600,74876,-0.200996677741,-0.7,2005MM10,92.9
74877,A5,309600,74877,-0.200664451827,0.3,2005MM11,93.2
74878,A5,309600,74878,-0.200332225914,0.1,2005MM12,93.3
74880,A5,309600,74880,-0.2,0.2,2006MM01,93.5
74881,A5,309600,74881,-0.2,0.0,2006MM02,93.4
74882,A5,309600,74882,0.1,0.0,2006MM03,93.4
74883,A5,309600,74883,0.0,-0.1,2006MM04,93.3
74884,A5,309600,74884,0.2,0.1,2006MM05,93.4
74885,A5,309600,74885,-0.2,-0.2,2006MM06,93.3
74886,A5,309600,74886,0.4,0.7,2006MM07,93.9
74887,A5,309600,74887,0.8,0.4,2006MM08,94.3
74888,A5,309600,74888,0.9,0.1,2006MM09,94.4
74889,A5,309600,74889,1.6,0.0,2006MM10,94.4
74890,A5,309600,74890,1.6,0.3,2006MM11,94.7
74891,A5,309600,74891,2.1,0.5,2006MM12,95.2
74893,A5,309600,74893,2.4,0.5,2007MM01,95.7
74894,A5,309600,74894,2.4,0.0,2007MM02,95.7
74895,A5,309600,74895,2.5,0.1,2007MM03,95.8
74896,A5,309600,74896,3.6,0.9,2007MM04,96.7
74897,A5,309600,74897,3.7,0.2,2007MM05,96.9
74898,A5,309600,74898,4.3,0.4,2007MM06,97.2
74899,A5,309600,74899,3.8,0.3,2007MM07,97.5
74900,A5,309600,74900,3.4,0.0,2007MM08,97.5
74901,A5,309600,74901,3.7,0.4,2007MM09,97.8
74902,A5,309600,74902,4.3,0.6,2007MM10,98.5
74903,A5,309600,74903,4.3,0.4,2007MM11,98.8
74904,A5,309600,74904,3.6,-0.2,2007MM12,98.6
74906,A5,309600,74906,6.4,3.3,2008MM01,101.9
74907,A5,309600,74907,6.4,0.0,2008MM02,101.9
74908,A5,309600,74908,6.2,-0.1,2008MM03,101.8
74909,A5,309600,74909,7.1,1.8,2008MM04,103.6
74910,A5,309600,74910,7.5,0.5,2008MM05,104.1
74911,A5,309600,74911,7.2,0.2,2008MM06,104.3
74912,A5,309600,74912,7.1,0.1,2008MM07,104.4
74913,A5,309600,74913,7.1,0.0,2008MM08,104.4
74914,A5,309600,74914,6.8,0.2,2008MM09,104.5
74915,A5,309600,74915,5.7,-0.4,2008MM10,104.1
74916,A5,309600,74916,4.6,-0.7,2008MM11,103.4
74917,A5,309600,74917,4.2,-0.6,2008MM12,102.8
74919,A5,309600,74919,1.8,0.9,2009MM01,103.7
74920,A5,309600,74920,1.6,-0.2,2009MM02,103.5
74921,A5,309600,74921,1.6,-0.1,2009MM03,103.4
74922,A5,309600,74922,-1.0,-0.8,2009MM04,102.6
74923,A5,309600,74923,-1.3,0.1,2009MM05,102.7
74924,A5,309600,74924,-1.6,-0.1,2009MM06,102.6
74925,A5,309600,74925,-2.0,-0.3,2009MM07,102.3
74926,A5,309600,74926,-2.0,0.1,2009MM08,102.3
74927,A5,309600,74927,-2.3,-0.2,2009MM09,102.1
74928,A5,309600,74928,-3.5,-1.6,2009MM10,100.5
74929,A5,309600,74929,-3.2,-0.4,2009MM11,100.1
74930,A5,309600,74930,-2.6,0.0,2009MM12,100.1
74932,A5,309600,74932,-3.8,-0.3,2010MM01,99.8
74933,A5,309600,74933,-3.6,0.0,2010MM02,99.8
74934,A5,309600,74934,-3.7,-0.2,2010MM03,99.6
74935,A5,309600,74935,-2.9,0.1,2010MM04,99.6
74936,A5,309600,74936,-3.0,0.0,2010MM05,99.6
74937,A5,309600,74937,-2.8,0.1,2010MM06,99.7
74938,A5,309600,74938,-2.2,0.2,2010MM07,100.0
74939,A5,309600,74939,-2.2,0.0,2010MM08,100.0
74940,A5,309600,74940,-2.1,-0.1,2010MM09,100.0
74941,A5,309600,74941,-0.2,0.4,2010MM10,100.3
74942,A5,309600,74942,0.5,0.3,2010MM11,100.6
74943,A5,309600,74943,0.8,0.2,2010MM12,100.9
74945,A5,309600,74945,2.9,1.8,2011MM01,102.7
74946,A5,309600,74946,3.2,0.3,2011MM02,103.0
74947,A5,309600,74947,3.5,0.1,2011MM03,103.1
74948,A5,309600,74948,4.7,1.2,2011MM04,104.4
74949,A5,309600,74949,4.7,0.0,2011MM05,104.3
74950,A5,309600,74950,4.7,0.1,2011MM06,104.5
74951,A5,309600,74951,4.5,0.0,2011MM07,104.5
74952,A5,309600,74952,4.4,0.0,2011MM08,104.4
74953,A5,309600,74953,4.4,-0.1,2011MM09,104.3
74954,A5,309600,74954,3.6,-0.3,2011MM10,104.0
74955,A5,309600,74955,3.2,-0.1,2011MM11,103.8
74956,A5,309600,74956,2.9,0.0,2011MM12,103.8
74958,A5,309600,74958,3.0,1.8,2012MM01,105.8
74959,A5,309600,74959,2.6,-0.1,2012MM02,105.6
74960,A5,309600,74960,2.4,-0.1,2012MM03,105.5
74961,A5,309600,74961,1.6,0.5,2012MM04,106.1
74962,A5,309600,74962,1.7,0.0,2012MM05,106.1
74963,A5,309600,74963,1.7,0.1,2012MM06,106.2
74964,A5,309600,74964,1.7,0.1,2012MM07,106.3
74965,A5,309600,74965,1.7,-0.1,2012MM08,106.2
74966,A5,309600,74966,1.5,-0.3,2012MM09,105.9
74967,A5,309600,74967,2.2,0.3,2012MM10,106.3
74968,A5,309600,74968,2.2,-0.1,2012MM11,106.1
74969,A5,309600,74969,2.2,0.0,2012MM12,106.2
74971,A5,309600,74971,2.2,1.8,2013MM01,108.1
74972,A5,309600,74972,2.1,-0.2,2013MM02,107.9
74973,A5,309600,74973,2.4,0.2,2013MM03,108.1
74974,A5,309600,74974,1.3,-0.6,2013MM04,107.4
74975,A5,309600,74975,1.4,0.2,2013MM05,107.6
74976,A5,309600,74976,1.3,0.0,2013MM06,107.6
74977,A5,309600,74977,1.5,0.2,2013MM07,107.8
74978,A5,309600,74978,1.6,0.0,2013MM08,107.9
74979,A5,309600,74979,1.7,-0.1,2013MM09,107.8
74980,A5,309600,74980,0.8,-0.7,2013MM10,107.1
74981,A5,309600,74981,0.7,-0.2,2013MM11,106.9
74982,A5,309600,74982,0.5,-0.1,2013MM12,106.7
74984,A5,309600,74984,-0.7,0.6,2014MM01,107.4
74985,A5,309600,74985,-0.5,0.0,2014MM02,107.3
74986,A5,309600,74986,-0.6,0.0,2014MM03,107.4
74987,A5,309600,74987,0.4,0.4,2014MM04,107.8
74988,A5,309600,74988,0.1,0.0,2014MM05,107.8
74989,A5,309600,74989,0.2,0.1,2014MM06,107.9
74990,A5,309600,74990,0.2,0.1,2014MM07,108.0
74991,A5,309600,74991,0.3,0.2,2014MM08,108.2
74992,A5,309600,74992,0.0,-0.4,2014MM09,107.8
74993,A5,309600,74993,0.3,-0.4,2014MM10,107.4
74994,A5,309600,74994,0.2,-0.3,2014MM11,107.1
74995,A5,309600,74995,0.2,-0.1,2014MM12,106.9
74997,A5,309600,74997,-0.6,-0.2,2015MM01,106.7
74998,A5,309600,74998,-0.7,-0.1,2015MM02,106.6
74999,A5,309600,74999,-0.7,0.0,2015MM03,106.6
75000,A5,309600,75000,-1.0,0.1,2015MM04,106.7
75001,A5,309600,75001,-1.0,0.0,2015MM05,106.7
75002,A5,309600,75002,-1.1,0.0,2015MM06,106.7
75003,A5,309600,75003,-1.8,-0.6,2015MM07,106.0
75004,A5,309600,75004,-2.0,0.0,2015MM08,106.1
75005,A5,309600,75005,-1.6,0.1,2015MM09,106.1
75006,A5,309600,75006,-1.4,-0.2,2015MM10,105.9
75007,A5,309600,75007,-1.1,0.0,2015MM11,105.9
75008,A5,309600,75008,-1.0,0.0,2015MM12,105.9
75010,A5,309600,75010,0.1,0.9,2016MM01,106.8
75011,A5,309600,75011,0.1,-0.1,2016MM02,106.7
75012,A5,309600,75012,0.2,0.0,2016MM03,106.7
75013,A5,309600,75013,-0.1,-0.2,2016MM04,106.5
75014,A5,309600,75014,-0.1,0.0,2016MM05,106.5
75015,A5,309600,75015,-0.2,0.0,2016MM06,106.5
75016,A5,309600,75016,1.3,0.8,2016MM07,107.4
75017,A5,309600,75017,1.2,0.0,2016MM08,107.4
75018,A5,309600,75018,1.4,0.2,2016MM09,107.6
75019,A5,309600,75019,0.6,-0.9,2016MM10,106.5
75020,A5,309600,75020,0.6,0.0,2016MM11,106.5
75021,A5,309600,75021,4.1,3.4,2016MM12,110.2
75023,A5,309600,75023,6.3,3.0,2017MM01,113.5
75024,A5,309600,75024,6.4,0.0,2017MM02,113.5
75025,A5,309600,75025,6.4,0.0,2017MM03,113.6
75026,A5,309600,75026,6.6,0.0,2017MM04,113.6
75027,A5,309600,75027,6.6,0.0,2017MM05,113.5
75028,A5,309600,75028,6.8,0.2,2017MM06,113.7
75029,A5,309600,75029,5.5,-0.4,2017MM07,113.3
75030,A5,309600,75030,5.5,0.0,2017MM08,113.3
75031,A5,309600,75031,5.3,0.0,2017MM09,113.3
75032,A5,309600,75032,6.4,0.0,2017MM10,113.3
75033,A5,309600,75033,6.4,0.0,2017MM11,113.3
75034,A5,309600,75034,2.6,-0.2,2017MM12,113.1
