,Afzet,BedrijfstakkenBranchesSBI2008,ID,OntwikkelingTOV1JaarEerder_2,OntwikkelingTOV1MaandEerder_3,Perioden,ProducentenprijsindexPPI_1
75036,A5,309700,75036,-0.302657807309,0.0,1981MM01,112.242906574
75037,A5,309700,75037,-0.305315614618,0.0,1981MM02,112.185813149
75038,A5,309700,75038,-0.307973421927,0.0,1981MM03,112.128719723
75039,A5,309700,75039,-0.310631229236,0.0,1981MM04,112.071626298
75040,A5,309700,75040,-0.313289036545,0.0,1981MM05,112.014532872
75041,A5,309700,75041,-0.315946843854,0.0,1981MM06,111.957439446
75042,A5,309700,75042,-0.318604651163,0.0,1981MM07,111.900346021
75043,A5,309700,75043,-0.321262458472,0.0,1981MM08,111.843252595
75044,A5,309700,75044,-0.323920265781,0.0,1981MM09,111.78615917
75045,A5,309700,75045,-0.32657807309,0.0,1981MM10,111.729065744
75046,A5,309700,75046,-0.329235880399,0.0,1981MM11,111.671972318
75047,A5,309700,75047,-0.331893687708,0.0,1981MM12,111.614878893
75049,A5,309700,75049,-0.334551495017,0.0,1982MM01,111.557785467
75050,A5,309700,75050,-0.337209302326,0.0,1982MM02,111.500692042
75051,A5,309700,75051,-0.339867109635,0.0,1982MM03,111.443598616
75052,A5,309700,75052,-0.342524916944,0.0,1982MM04,111.38650519
75053,A5,309700,75053,-0.345182724252,0.0,1982MM05,111.329411765
75054,A5,309700,75054,-0.347840531561,0.0,1982MM06,111.272318339
75055,A5,309700,75055,-0.35049833887,0.0,1982MM07,111.215224913
75056,A5,309700,75056,-0.353156146179,0.0,1982MM08,111.158131488
75057,A5,309700,75057,-0.355813953488,0.0,1982MM09,111.101038062
75058,A5,309700,75058,-0.358471760797,0.0,1982MM10,111.043944637
75059,A5,309700,75059,-0.361129568106,0.0,1982MM11,110.986851211
75060,A5,309700,75060,-0.363787375415,0.0,1982MM12,110.929757785
75062,A5,309700,75062,-0.366445182724,0.0,1983MM01,110.87266436
75063,A5,309700,75063,-0.369102990033,0.0,1983MM02,110.815570934
75064,A5,309700,75064,-0.371760797342,0.0,1983MM03,110.758477509
75065,A5,309700,75065,-0.374418604651,0.0,1983MM04,110.701384083
75066,A5,309700,75066,-0.37707641196,0.0,1983MM05,110.644290657
75067,A5,309700,75067,-0.379734219269,0.0,1983MM06,110.587197232
75068,A5,309700,75068,-0.382392026578,0.0,1983MM07,110.530103806
75069,A5,309700,75069,-0.385049833887,0.0,1983MM08,110.473010381
75070,A5,309700,75070,-0.387707641196,0.0,1983MM09,110.415916955
75071,A5,309700,75071,-0.390365448505,0.0,1983MM10,110.358823529
75072,A5,309700,75072,-0.393023255814,0.0,1983MM11,110.301730104
75073,A5,309700,75073,-0.395681063123,0.0,1983MM12,110.244636678
75075,A5,309700,75075,-0.398338870432,0.0,1984MM01,110.187543253
75076,A5,309700,75076,-0.400996677741,0.0,1984MM02,110.130449827
75077,A5,309700,75077,-0.40365448505,0.0,1984MM03,110.073356401
75078,A5,309700,75078,-0.406312292359,0.0,1984MM04,110.016262976
75079,A5,309700,75079,-0.408970099668,0.0,1984MM05,109.95916955
75080,A5,309700,75080,-0.411627906977,0.0,1984MM06,109.902076125
75081,A5,309700,75081,-0.414285714286,0.0,1984MM07,109.844982699
75082,A5,309700,75082,-0.416943521595,0.0,1984MM08,109.787889273
75083,A5,309700,75083,-0.419601328904,0.0,1984MM09,109.730795848
75084,A5,309700,75084,-0.422259136213,0.0,1984MM10,109.673702422
75085,A5,309700,75085,-0.424916943522,0.0,1984MM11,109.616608997
75086,A5,309700,75086,-0.427574750831,0.0,1984MM12,109.559515571
75088,A5,309700,75088,-0.43023255814,0.0,1985MM01,109.502422145
75089,A5,309700,75089,-0.432890365449,0.0,1985MM02,109.44532872
75090,A5,309700,75090,-0.435548172757,0.0,1985MM03,109.388235294
75091,A5,309700,75091,-0.438205980066,0.0,1985MM04,109.331141869
75092,A5,309700,75092,-0.440863787375,0.0,1985MM05,109.274048443
75093,A5,309700,75093,-0.443521594684,0.0,1985MM06,109.216955017
75094,A5,309700,75094,-0.446179401993,0.0,1985MM07,109.159861592
75095,A5,309700,75095,-0.448837209302,0.0,1985MM08,109.102768166
75096,A5,309700,75096,-0.451495016611,0.0,1985MM09,109.04567474
75097,A5,309700,75097,-0.45415282392,0.0,1985MM10,108.988581315
75098,A5,309700,75098,-0.456810631229,0.0,1985MM11,108.931487889
75099,A5,309700,75099,-0.459468438538,0.0,1985MM12,108.874394464
75101,A5,309700,75101,-0.462126245847,0.0,1986MM01,108.817301038
75102,A5,309700,75102,-0.464784053156,0.0,1986MM02,108.760207612
75103,A5,309700,75103,-0.467441860465,0.0,1986MM03,108.703114187
75104,A5,309700,75104,-0.470099667774,0.0,1986MM04,108.646020761
75105,A5,309700,75105,-0.472757475083,0.0,1986MM05,108.588927336
75106,A5,309700,75106,-0.475415282392,0.0,1986MM06,108.53183391
75107,A5,309700,75107,-0.478073089701,0.0,1986MM07,108.474740484
75108,A5,309700,75108,-0.48073089701,0.0,1986MM08,108.417647059
75109,A5,309700,75109,-0.483388704319,0.0,1986MM09,108.360553633
75110,A5,309700,75110,-0.486046511628,0.0,1986MM10,108.303460208
75111,A5,309700,75111,-0.488704318937,0.0,1986MM11,108.246366782
75112,A5,309700,75112,-0.491362126246,0.0,1986MM12,108.189273356
75114,A5,309700,75114,-0.494019933555,0.0,1987MM01,108.132179931
75115,A5,309700,75115,-0.496677740864,0.0,1987MM02,108.075086505
75116,A5,309700,75116,-0.499335548173,0.0,1987MM03,108.01799308
75117,A5,309700,75117,-0.501993355482,0.0,1987MM04,107.960899654
75118,A5,309700,75118,-0.504651162791,0.0,1987MM05,107.903806228
75119,A5,309700,75119,-0.5073089701,0.0,1987MM06,107.846712803
75120,A5,309700,75120,-0.509966777409,0.0,1987MM07,107.789619377
75121,A5,309700,75121,-0.512624584718,0.0,1987MM08,107.732525952
75122,A5,309700,75122,-0.515282392027,0.0,1987MM09,107.675432526
75123,A5,309700,75123,-0.517940199336,0.0,1987MM10,107.6183391
75124,A5,309700,75124,-0.520598006645,0.0,1987MM11,107.561245675
75125,A5,309700,75125,-0.523255813953,0.0,1987MM12,107.504152249
75127,A5,309700,75127,-0.525913621262,0.0,1988MM01,107.447058824
75128,A5,309700,75128,-0.528571428571,0.0,1988MM02,107.389965398
75129,A5,309700,75129,-0.53122923588,0.0,1988MM03,107.332871972
75130,A5,309700,75130,-0.533887043189,0.0,1988MM04,107.275778547
75131,A5,309700,75131,-0.536544850498,0.0,1988MM05,107.218685121
75132,A5,309700,75132,-0.539202657807,0.0,1988MM06,107.161591696
75133,A5,309700,75133,-0.541860465116,0.0,1988MM07,107.10449827
75134,A5,309700,75134,-0.544518272425,0.0,1988MM08,107.047404844
75135,A5,309700,75135,-0.547176079734,0.0,1988MM09,106.990311419
75136,A5,309700,75136,-0.549833887043,0.0,1988MM10,106.933217993
75137,A5,309700,75137,-0.552491694352,0.0,1988MM11,106.876124567
75138,A5,309700,75138,-0.555149501661,0.0,1988MM12,106.819031142
75140,A5,309700,75140,-0.55780730897,0.0,1989MM01,106.761937716
75141,A5,309700,75141,-0.560465116279,0.0,1989MM02,106.704844291
75142,A5,309700,75142,-0.563122923588,0.0,1989MM03,106.647750865
75143,A5,309700,75143,-0.565780730897,0.0,1989MM04,106.590657439
75144,A5,309700,75144,-0.568438538206,0.0,1989MM05,106.533564014
75145,A5,309700,75145,-0.571096345515,0.0,1989MM06,106.476470588
75146,A5,309700,75146,-0.573754152824,0.0,1989MM07,106.419377163
75147,A5,309700,75147,-0.576411960133,0.0,1989MM08,106.362283737
75148,A5,309700,75148,-0.579069767442,0.0,1989MM09,106.305190311
75149,A5,309700,75149,-0.581727574751,0.0,1989MM10,106.248096886
75150,A5,309700,75150,-0.58438538206,0.0,1989MM11,106.19100346
75151,A5,309700,75151,-0.587043189369,0.0,1989MM12,106.133910035
75153,A5,309700,75153,-0.589700996678,0.0,1990MM01,106.076816609
75154,A5,309700,75154,-0.592358803987,0.0,1990MM02,106.019723183
75155,A5,309700,75155,-0.595016611296,0.0,1990MM03,105.962629758
75156,A5,309700,75156,-0.597674418605,0.0,1990MM04,105.905536332
75157,A5,309700,75157,-0.600332225914,0.0,1990MM05,105.848442907
75158,A5,309700,75158,-0.602990033223,0.0,1990MM06,105.791349481
75159,A5,309700,75159,-0.605647840532,0.0,1990MM07,105.734256055
75160,A5,309700,75160,-0.608305647841,0.0,1990MM08,105.67716263
75161,A5,309700,75161,-0.61096345515,0.0,1990MM09,105.620069204
75162,A5,309700,75162,-0.613621262458,0.0,1990MM10,105.562975779
75163,A5,309700,75163,-0.616279069767,0.0,1990MM11,105.505882353
75164,A5,309700,75164,-0.618936877076,0.0,1990MM12,105.448788927
75166,A5,309700,75166,-0.621594684385,0.0,1991MM01,105.391695502
75167,A5,309700,75167,-0.624252491694,0.0,1991MM02,105.334602076
75168,A5,309700,75168,-0.626910299003,0.0,1991MM03,105.277508651
75169,A5,309700,75169,-0.629568106312,0.0,1991MM04,105.220415225
75170,A5,309700,75170,-0.632225913621,0.0,1991MM05,105.163321799
75171,A5,309700,75171,-0.63488372093,0.0,1991MM06,105.106228374
75172,A5,309700,75172,-0.637541528239,0.0,1991MM07,105.049134948
75173,A5,309700,75173,-0.640199335548,0.0,1991MM08,104.992041522
75174,A5,309700,75174,-0.642857142857,0.0,1991MM09,104.934948097
75175,A5,309700,75175,-0.645514950166,0.0,1991MM10,104.877854671
75176,A5,309700,75176,-0.648172757475,0.0,1991MM11,104.820761246
75177,A5,309700,75177,-0.650830564784,0.0,1991MM12,104.76366782
75179,A5,309700,75179,-0.653488372093,0.0,1992MM01,104.706574394
75180,A5,309700,75180,-0.656146179402,0.0,1992MM02,104.649480969
75181,A5,309700,75181,-0.658803986711,0.0,1992MM03,104.592387543
75182,A5,309700,75182,-0.66146179402,0.0,1992MM04,104.535294118
75183,A5,309700,75183,-0.664119601329,0.0,1992MM05,104.478200692
75184,A5,309700,75184,-0.666777408638,0.0,1992MM06,104.421107266
75185,A5,309700,75185,-0.669435215947,0.0,1992MM07,104.364013841
75186,A5,309700,75186,-0.672093023256,0.0,1992MM08,104.306920415
75187,A5,309700,75187,-0.674750830565,0.0,1992MM09,104.24982699
75188,A5,309700,75188,-0.677408637874,0.0,1992MM10,104.192733564
75189,A5,309700,75189,-0.680066445183,0.0,1992MM11,104.135640138
75190,A5,309700,75190,-0.682724252492,0.0,1992MM12,104.078546713
75192,A5,309700,75192,-0.685382059801,0.0,1993MM01,104.021453287
75193,A5,309700,75193,-0.68803986711,0.0,1993MM02,103.964359862
75194,A5,309700,75194,-0.690697674419,0.0,1993MM03,103.907266436
75195,A5,309700,75195,-0.693355481728,0.0,1993MM04,103.85017301
75196,A5,309700,75196,-0.696013289037,0.0,1993MM05,103.793079585
75197,A5,309700,75197,-0.698671096346,0.0,1993MM06,103.735986159
75198,A5,309700,75198,-0.701328903654,0.0,1993MM07,103.678892734
75199,A5,309700,75199,-0.703986710963,0.0,1993MM08,103.621799308
75200,A5,309700,75200,-0.706644518272,0.0,1993MM09,103.564705882
75201,A5,309700,75201,-0.709302325581,0.0,1993MM10,103.507612457
75202,A5,309700,75202,-0.71196013289,0.0,1993MM11,103.450519031
75203,A5,309700,75203,-0.714617940199,0.0,1993MM12,103.393425606
75205,A5,309700,75205,-0.717275747508,0.0,1994MM01,103.33633218
75206,A5,309700,75206,-0.719933554817,0.0,1994MM02,103.279238754
75207,A5,309700,75207,-0.722591362126,0.0,1994MM03,103.222145329
75208,A5,309700,75208,-0.725249169435,0.0,1994MM04,103.165051903
75209,A5,309700,75209,-0.727906976744,0.0,1994MM05,103.107958478
75210,A5,309700,75210,-0.730564784053,0.0,1994MM06,103.050865052
75211,A5,309700,75211,-0.733222591362,0.0,1994MM07,102.993771626
75212,A5,309700,75212,-0.735880398671,0.0,1994MM08,102.936678201
75213,A5,309700,75213,-0.73853820598,0.0,1994MM09,102.879584775
75214,A5,309700,75214,-0.741196013289,0.0,1994MM10,102.822491349
75215,A5,309700,75215,-0.743853820598,0.0,1994MM11,102.765397924
75216,A5,309700,75216,-0.746511627907,0.0,1994MM12,102.708304498
75218,A5,309700,75218,-0.749169435216,0.0,1995MM01,102.651211073
75219,A5,309700,75219,-0.751827242525,0.0,1995MM02,102.594117647
75220,A5,309700,75220,-0.754485049834,0.0,1995MM03,102.537024221
75221,A5,309700,75221,-0.757142857143,0.0,1995MM04,102.479930796
75222,A5,309700,75222,-0.759800664452,0.0,1995MM05,102.42283737
75223,A5,309700,75223,-0.762458471761,0.0,1995MM06,102.365743945
75224,A5,309700,75224,-0.76511627907,0.0,1995MM07,102.308650519
75225,A5,309700,75225,-0.767774086379,0.0,1995MM08,102.251557093
75226,A5,309700,75226,-0.770431893688,0.0,1995MM09,102.194463668
75227,A5,309700,75227,-0.773089700997,0.0,1995MM10,102.137370242
75228,A5,309700,75228,-0.775747508306,0.0,1995MM11,102.080276817
75229,A5,309700,75229,-0.778405315615,0.0,1995MM12,102.023183391
75231,A5,309700,75231,-0.781063122924,0.0,1996MM01,101.966089965
75232,A5,309700,75232,-0.783720930233,0.0,1996MM02,101.90899654
75233,A5,309700,75233,-0.786378737542,0.0,1996MM03,101.851903114
75234,A5,309700,75234,-0.78903654485,0.0,1996MM04,101.794809689
75235,A5,309700,75235,-0.791694352159,0.0,1996MM05,101.737716263
75236,A5,309700,75236,-0.794352159468,0.0,1996MM06,101.680622837
75237,A5,309700,75237,-0.797009966777,0.0,1996MM07,101.623529412
75238,A5,309700,75238,-0.799667774086,0.0,1996MM08,101.566435986
75239,A5,309700,75239,-0.802325581395,0.0,1996MM09,101.509342561
75240,A5,309700,75240,-0.804983388704,0.0,1996MM10,101.452249135
75241,A5,309700,75241,-0.807641196013,0.0,1996MM11,101.395155709
75242,A5,309700,75242,-0.810299003322,0.0,1996MM12,101.338062284
75244,A5,309700,75244,-0.812956810631,0.0,1997MM01,101.280968858
75245,A5,309700,75245,-0.81561461794,0.0,1997MM02,101.223875433
75246,A5,309700,75246,-0.818272425249,0.0,1997MM03,101.166782007
75247,A5,309700,75247,-0.820930232558,0.0,1997MM04,101.109688581
75248,A5,309700,75248,-0.823588039867,0.0,1997MM05,101.052595156
75249,A5,309700,75249,-0.826245847176,0.0,1997MM06,100.99550173
75250,A5,309700,75250,-0.828903654485,0.0,1997MM07,100.938408304
75251,A5,309700,75251,-0.831561461794,0.0,1997MM08,100.881314879
75252,A5,309700,75252,-0.834219269103,0.0,1997MM09,100.824221453
75253,A5,309700,75253,-0.836877076412,0.0,1997MM10,100.767128028
75254,A5,309700,75254,-0.839534883721,0.0,1997MM11,100.710034602
75255,A5,309700,75255,-0.84219269103,0.0,1997MM12,100.652941176
75257,A5,309700,75257,-0.844850498339,0.0,1998MM01,100.595847751
75258,A5,309700,75258,-0.847508305648,0.0,1998MM02,100.538754325
75259,A5,309700,75259,-0.850166112957,0.0,1998MM03,100.4816609
75260,A5,309700,75260,-0.852823920266,0.0,1998MM04,100.424567474
75261,A5,309700,75261,-0.855481727575,0.0,1998MM05,100.367474048
75262,A5,309700,75262,-0.858139534884,0.0,1998MM06,100.310380623
75263,A5,309700,75263,-0.860797342193,0.0,1998MM07,100.253287197
75264,A5,309700,75264,-0.863455149502,0.0,1998MM08,100.196193772
75265,A5,309700,75265,-0.866112956811,0.0,1998MM09,100.139100346
75266,A5,309700,75266,-0.86877076412,0.0,1998MM10,100.08200692
75267,A5,309700,75267,-0.871428571429,0.0,1998MM11,100.024913495
75268,A5,309700,75268,-0.874086378738,0.0,1998MM12,99.9678200692
75270,A5,309700,75270,-0.876744186047,0.0,1999MM01,99.9107266436
75271,A5,309700,75271,-0.879401993355,0.0,1999MM02,99.853633218
75272,A5,309700,75272,-0.882059800664,0.0,1999MM03,99.7965397924
75273,A5,309700,75273,-0.884717607973,0.0,1999MM04,99.7394463668
75274,A5,309700,75274,-0.887375415282,0.0,1999MM05,99.6823529412
75275,A5,309700,75275,-0.890033222591,0.0,1999MM06,99.6252595156
75276,A5,309700,75276,-0.8926910299,0.0,1999MM07,99.56816609
75277,A5,309700,75277,-0.895348837209,0.0,1999MM08,99.5110726644
75278,A5,309700,75278,-0.898006644518,0.0,1999MM09,99.4539792388
75279,A5,309700,75279,-0.900664451827,0.0,1999MM10,99.3968858131
75280,A5,309700,75280,-0.903322259136,0.0,1999MM11,99.3397923875
75281,A5,309700,75281,-0.905980066445,0.0,1999MM12,99.2826989619
75283,A5,309700,75283,-0.908637873754,0.0,2000MM01,99.2256055363
75284,A5,309700,75284,-0.911295681063,0.0,2000MM02,99.1685121107
75285,A5,309700,75285,-0.913953488372,0.0,2000MM03,99.1114186851
75286,A5,309700,75286,-0.916611295681,0.0,2000MM04,99.0543252595
75287,A5,309700,75287,-0.91926910299,0.0,2000MM05,98.9972318339
75288,A5,309700,75288,-0.921926910299,0.0,2000MM06,98.9401384083
75289,A5,309700,75289,-0.924584717608,0.0,2000MM07,98.8830449827
75290,A5,309700,75290,-0.927242524917,0.0,2000MM08,98.8259515571
75291,A5,309700,75291,-0.929900332226,0.0,2000MM09,98.7688581315
75292,A5,309700,75292,-0.932558139535,0.0,2000MM10,98.7117647059
75293,A5,309700,75293,-0.935215946844,0.0,2000MM11,98.6546712803
75294,A5,309700,75294,-0.937873754153,0.0,2000MM12,98.5975778547
75296,A5,309700,75296,-0.940531561462,0.0,2001MM01,98.5404844291
75297,A5,309700,75297,-0.943189368771,0.0,2001MM02,98.4833910035
75298,A5,309700,75298,-0.94584717608,0.0,2001MM03,98.4262975779
75299,A5,309700,75299,-0.948504983389,0.0,2001MM04,98.3692041522
75300,A5,309700,75300,-0.951162790698,0.0,2001MM05,98.3121107266
75301,A5,309700,75301,-0.953820598007,0.0,2001MM06,98.255017301
75302,A5,309700,75302,-0.956478405316,0.0,2001MM07,98.1979238754
75303,A5,309700,75303,-0.959136212625,0.0,2001MM08,98.1408304498
75304,A5,309700,75304,-0.961794019934,0.0,2001MM09,98.0837370242
75305,A5,309700,75305,-0.964451827243,0.0,2001MM10,98.0266435986
75306,A5,309700,75306,-0.967109634551,0.0,2001MM11,97.969550173
75307,A5,309700,75307,-0.96976744186,0.0,2001MM12,97.9124567474
75309,A5,309700,75309,-0.972425249169,0.0,2002MM01,97.8553633218
75310,A5,309700,75310,-0.975083056478,0.0,2002MM02,97.7982698962
75311,A5,309700,75311,-0.977740863787,0.0,2002MM03,97.7411764706
75312,A5,309700,75312,-0.980398671096,0.0,2002MM04,97.684083045
75313,A5,309700,75313,-0.983056478405,0.0,2002MM05,97.6269896194
75314,A5,309700,75314,-0.985714285714,0.0,2002MM06,97.5698961938
75315,A5,309700,75315,-0.988372093023,0.0,2002MM07,97.5128027682
75316,A5,309700,75316,-0.991029900332,0.0,2002MM08,97.4557093426
75317,A5,309700,75317,-0.993687707641,0.0,2002MM09,97.398615917
75318,A5,309700,75318,-0.99634551495,0.0,2002MM10,97.3415224913
75319,A5,309700,75319,-0.999003322259,0.0,2002MM11,97.2844290657
75320,A5,309700,75320,-1.00166112957,0.0,2002MM12,97.2273356401
75322,A5,309700,75322,-1.00431893688,0.0,2003MM01,97.1702422145
75323,A5,309700,75323,-1.00697674419,0.0,2003MM02,97.1131487889
75324,A5,309700,75324,-1.0096345515,0.0,2003MM03,97.0560553633
75325,A5,309700,75325,-1.0122923588,0.0,2003MM04,96.9989619377
75326,A5,309700,75326,-1.01495016611,0.0,2003MM05,96.9418685121
75327,A5,309700,75327,-1.01760797342,0.0,2003MM06,96.8847750865
75328,A5,309700,75328,-1.02026578073,0.0,2003MM07,96.8276816609
75329,A5,309700,75329,-1.02292358804,0.0,2003MM08,96.7705882353
75330,A5,309700,75330,-1.02558139535,0.0,2003MM09,96.7134948097
75331,A5,309700,75331,-1.02823920266,0.0,2003MM10,96.6564013841
75332,A5,309700,75332,-1.03089700997,0.0,2003MM11,96.5993079585
75333,A5,309700,75333,-1.03355481728,0.0,2003MM12,96.5422145329
75335,A5,309700,75335,-1.03621262458,0.0,2004MM01,96.4851211073
75336,A5,309700,75336,-1.03887043189,0.0,2004MM02,96.4280276817
75337,A5,309700,75337,-1.0415282392,0.0,2004MM03,96.3709342561
75338,A5,309700,75338,-1.04418604651,0.0,2004MM04,96.3138408304
75339,A5,309700,75339,-1.04684385382,0.0,2004MM05,96.2567474048
75340,A5,309700,75340,-1.04950166113,0.0,2004MM06,96.1996539792
75341,A5,309700,75341,-1.05215946844,0.0,2004MM07,96.1425605536
75342,A5,309700,75342,-1.05481727575,0.0,2004MM08,96.085467128
75343,A5,309700,75343,-1.05747508306,0.0,2004MM09,96.0283737024
75344,A5,309700,75344,-1.06013289037,0.0,2004MM10,95.9712802768
75345,A5,309700,75345,-1.06279069767,0.0,2004MM11,95.9141868512
75346,A5,309700,75346,-1.06544850498,0.0,2004MM12,95.8570934256
75348,A5,309700,75348,-1.06810631229,0.0,2005MM01,95.8
75349,A5,309700,75349,-1.0707641196,0.0,2005MM02,95.9
75350,A5,309700,75350,-1.07342192691,-1.0,2005MM03,94.9
75351,A5,309700,75351,-1.07607973422,0.1,2005MM04,95.1
75352,A5,309700,75352,-1.07873754153,-0.3,2005MM05,94.8
75353,A5,309700,75353,-1.08139534884,0.4,2005MM06,95.2
75354,A5,309700,75354,-1.08405315615,-0.1,2005MM07,95.1
75355,A5,309700,75355,-1.08671096346,0.0,2005MM08,95.2
75356,A5,309700,75356,-1.08936877076,0.0,2005MM09,95.2
75357,A5,309700,75357,-1.09202657807,-1.6,2005MM10,93.7
75358,A5,309700,75358,-1.09468438538,0.5,2005MM11,94.1
75359,A5,309700,75359,-1.09734219269,0.2,2005MM12,94.3
75361,A5,309700,75361,-1.1,0.5,2006MM01,94.8
75362,A5,309700,75362,-1.2,-0.1,2006MM02,94.8
75363,A5,309700,75363,-0.1,0.0,2006MM03,94.8
75364,A5,309700,75364,-0.5,-0.2,2006MM04,94.6
75365,A5,309700,75365,-0.1,0.1,2006MM05,94.7
75366,A5,309700,75366,-0.8,-0.3,2006MM06,94.4
75367,A5,309700,75367,0.2,0.9,2006MM07,95.3
75368,A5,309700,75368,0.7,0.6,2006MM08,95.8
75369,A5,309700,75369,0.9,0.2,2006MM09,96.0
75370,A5,309700,75370,2.5,0.0,2006MM10,96.0
75371,A5,309700,75371,2.4,0.3,2006MM11,96.4
75372,A5,309700,75372,3.0,0.8,2006MM12,97.1
75374,A5,309700,75374,2.8,0.3,2007MM01,97.5
75375,A5,309700,75375,2.8,0.0,2007MM02,97.4
75376,A5,309700,75376,3.0,0.2,2007MM03,97.7
75377,A5,309700,75377,4.2,0.9,2007MM04,98.6
75378,A5,309700,75378,4.4,0.3,2007MM05,98.8
75379,A5,309700,75379,5.3,0.6,2007MM06,99.4
75380,A5,309700,75380,4.0,-0.3,2007MM07,99.1
75381,A5,309700,75381,3.4,0.0,2007MM08,99.1
75382,A5,309700,75382,4.1,0.9,2007MM09,99.9
75383,A5,309700,75383,4.8,0.7,2007MM10,100.7
75384,A5,309700,75384,5.1,0.6,2007MM11,101.3
75385,A5,309700,75385,4.1,-0.2,2007MM12,101.1
75387,A5,309700,75387,5.2,1.4,2008MM01,102.5
75388,A5,309700,75388,5.1,0.0,2008MM02,102.4
75389,A5,309700,75389,4.9,0.0,2008MM03,102.4
75390,A5,309700,75390,5.9,1.9,2008MM04,104.4
75391,A5,309700,75391,5.8,0.2,2008MM05,104.6
75392,A5,309700,75392,5.5,0.3,2008MM06,104.9
75393,A5,309700,75393,5.9,0.0,2008MM07,104.9
75394,A5,309700,75394,5.9,0.0,2008MM08,104.9
75395,A5,309700,75395,5.5,0.5,2008MM09,105.4
75396,A5,309700,75396,4.0,-0.7,2008MM10,104.7
75397,A5,309700,75397,2.4,-0.9,2008MM11,103.7
75398,A5,309700,75398,1.8,-0.8,2008MM12,102.9
75400,A5,309700,75400,1.2,0.9,2009MM01,103.8
75401,A5,309700,75401,0.9,-0.3,2009MM02,103.4
75402,A5,309700,75402,0.8,-0.1,2009MM03,103.3
75403,A5,309700,75403,-2.3,-1.2,2009MM04,102.0
75404,A5,309700,75404,-2.3,0.1,2009MM05,102.2
75405,A5,309700,75405,-2.9,-0.2,2009MM06,101.9
75406,A5,309700,75406,-3.2,-0.3,2009MM07,101.6
75407,A5,309700,75407,-3.1,0.1,2009MM08,101.7
75408,A5,309700,75408,-3.9,-0.3,2009MM09,101.3
75409,A5,309700,75409,-4.6,-1.5,2009MM10,99.8
75410,A5,309700,75410,-3.9,-0.1,2009MM11,99.7
75411,A5,309700,75411,-3.2,0.0,2009MM12,99.6
75413,A5,309700,75413,-3.9,0.1,2010MM01,99.7
75414,A5,309700,75414,-3.6,0.0,2010MM02,99.7
75415,A5,309700,75415,-3.7,-0.3,2010MM03,99.5
75416,A5,309700,75416,-2.5,0.0,2010MM04,99.5
75417,A5,309700,75417,-2.7,-0.1,2010MM05,99.4
75418,A5,309700,75418,-2.4,0.1,2010MM06,99.5
75419,A5,309700,75419,-1.4,0.7,2010MM07,100.1
75420,A5,309700,75420,-1.5,0.0,2010MM08,100.2
75421,A5,309700,75421,-1.2,0.0,2010MM09,100.1
75422,A5,309700,75422,0.6,0.3,2010MM10,100.4
75423,A5,309700,75423,1.1,0.4,2010MM11,100.8
75424,A5,309700,75424,1.5,0.3,2010MM12,101.1
75426,A5,309700,75426,2.3,0.9,2011MM01,102.0
75427,A5,309700,75427,2.8,0.5,2011MM02,102.5
75428,A5,309700,75428,3.3,0.2,2011MM03,102.7
75429,A5,309700,75429,4.8,1.5,2011MM04,104.3
75430,A5,309700,75430,4.9,0.0,2011MM05,104.2
75431,A5,309700,75431,5.0,0.2,2011MM06,104.4
75432,A5,309700,75432,4.0,-0.2,2011MM07,104.2
75433,A5,309700,75433,3.9,-0.1,2011MM08,104.1
75434,A5,309700,75434,3.8,-0.2,2011MM09,103.9
75435,A5,309700,75435,3.0,-0.5,2011MM10,103.5
75436,A5,309700,75436,2.5,-0.2,2011MM11,103.3
75437,A5,309700,75437,2.1,0.0,2011MM12,103.3
75439,A5,309700,75439,2.3,1.1,2012MM01,104.4
75440,A5,309700,75440,1.5,-0.3,2012MM02,104.1
75441,A5,309700,75441,1.2,-0.1,2012MM03,104.0
75442,A5,309700,75442,0.3,0.6,2012MM04,104.5
75443,A5,309700,75443,0.3,0.1,2012MM05,104.6
75444,A5,309700,75444,0.3,0.1,2012MM06,104.7
75445,A5,309700,75445,0.6,0.2,2012MM07,104.8
75446,A5,309700,75446,0.6,-0.1,2012MM08,104.7
75447,A5,309700,75447,0.3,-0.4,2012MM09,104.3
75448,A5,309700,75448,0.8,0.0,2012MM10,104.3
75449,A5,309700,75449,0.8,-0.2,2012MM11,104.1
75450,A5,309700,75450,0.9,0.1,2012MM12,104.2
75452,A5,309700,75452,1.4,1.6,2013MM01,105.8
75453,A5,309700,75453,1.4,-0.3,2013MM02,105.5
75454,A5,309700,75454,1.7,0.2,2013MM03,105.8
75455,A5,309700,75455,0.2,-1.0,2013MM04,104.7
75456,A5,309700,75456,0.6,0.4,2013MM05,105.2
75457,A5,309700,75457,0.5,0.0,2013MM06,105.2
75458,A5,309700,75458,0.7,0.4,2013MM07,105.6
75459,A5,309700,75459,0.9,0.1,2013MM08,105.7
75460,A5,309700,75460,1.2,-0.1,2013MM09,105.5
75461,A5,309700,75461,0.9,-0.3,2013MM10,105.2
75462,A5,309700,75462,0.8,-0.3,2013MM11,105.0
75463,A5,309700,75463,0.5,-0.2,2013MM12,104.7
75465,A5,309700,75465,-0.5,0.5,2014MM01,105.3
75466,A5,309700,75466,-0.3,-0.1,2014MM02,105.2
75467,A5,309700,75467,-0.5,0.0,2014MM03,105.3
75468,A5,309700,75468,1.9,1.4,2014MM04,106.7
75469,A5,309700,75469,1.4,0.0,2014MM05,106.7
75470,A5,309700,75470,1.6,0.2,2014MM06,106.9
75471,A5,309700,75471,1.3,0.0,2014MM07,106.9
75472,A5,309700,75472,1.4,0.2,2014MM08,107.2
75473,A5,309700,75473,1.0,-0.5,2014MM09,106.6
75474,A5,309700,75474,1.1,-0.2,2014MM10,106.3
75475,A5,309700,75475,0.8,-0.5,2014MM11,105.8
75476,A5,309700,75476,0.8,-0.2,2014MM12,105.6
75478,A5,309700,75478,0.5,0.2,2015MM01,105.8
75479,A5,309700,75479,0.4,-0.2,2015MM02,105.6
75480,A5,309700,75480,0.3,-0.1,2015MM03,105.6
75481,A5,309700,75481,-1.0,0.1,2015MM04,105.7
75482,A5,309700,75482,-0.9,0.0,2015MM05,105.7
75483,A5,309700,75483,-1.1,0.0,2015MM06,105.7
75484,A5,309700,75484,-1.4,-0.3,2015MM07,105.4
75485,A5,309700,75485,-1.6,0.0,2015MM08,105.4
75486,A5,309700,75486,-1.0,0.1,2015MM09,105.5
75487,A5,309700,75487,-0.8,0.0,2015MM10,105.5
75488,A5,309700,75488,-0.3,0.0,2015MM11,105.5
75489,A5,309700,75489,-0.1,0.0,2015MM12,105.5
75491,A5,309700,75491,0.1,0.5,2016MM01,106.0
75492,A5,309700,75492,0.2,-0.1,2016MM02,105.8
75493,A5,309700,75493,0.3,0.0,2016MM03,105.8
75494,A5,309700,75494,0.0,-0.1,2016MM04,105.7
75495,A5,309700,75495,0.0,0.0,2016MM05,105.7
75496,A5,309700,75496,0.0,0.0,2016MM06,105.7
75497,A5,309700,75497,0.3,0.0,2016MM07,105.7
75498,A5,309700,75498,0.2,0.0,2016MM08,105.7
75499,A5,309700,75499,0.4,0.3,2016MM09,106.0
75500,A5,309700,75500,0.3,-0.2,2016MM10,105.8
75501,A5,309700,75501,0.2,0.0,2016MM11,105.8
75502,A5,309700,75502,1.6,1.3,2016MM12,107.2
75504,A5,309700,75504,5.0,3.8,2017MM01,111.2
75505,A5,309700,75505,5.1,0.0,2017MM02,111.2
75506,A5,309700,75506,5.2,0.0,2017MM03,111.3
75507,A5,309700,75507,5.3,0.0,2017MM04,111.3
75508,A5,309700,75508,5.2,-0.1,2017MM05,111.2
75509,A5,309700,75509,5.5,0.3,2017MM06,111.5
75510,A5,309700,75510,5.0,-0.5,2017MM07,110.9
75511,A5,309700,75511,5.0,0.0,2017MM08,111.0
75512,A5,309700,75512,4.6,0.0,2017MM09,110.9
75513,A5,309700,75513,4.2,-0.6,2017MM10,110.2
75514,A5,309700,75514,4.2,0.0,2017MM11,110.2
75515,A5,309700,75515,2.5,-0.3,2017MM12,109.9
