,Afzet,BedrijfstakkenBranchesSBI2008,ID,OntwikkelingTOV1JaarEerder_2,OntwikkelingTOV1MaandEerder_3,Perioden,ProducentenprijsindexPPI_1
42809,A4,309700,42809,-0.000996677740864,0.000344827586207,1981MM01,111.932525952
42810,A4,309700,42810,-0.00199335548173,0.000689655172414,1981MM02,111.865051903
42811,A4,309700,42811,-0.00299003322259,0.00103448275862,1981MM03,111.797577855
42812,A4,309700,42812,-0.00398671096346,0.00137931034483,1981MM04,111.730103806
42813,A4,309700,42813,-0.00498338870432,0.00172413793103,1981MM05,111.662629758
42814,A4,309700,42814,-0.00598006644518,0.00206896551724,1981MM06,111.595155709
42815,A4,309700,42815,-0.00697674418605,0.00241379310345,1981MM07,111.527681661
42816,A4,309700,42816,-0.00797342192691,0.00275862068966,1981MM08,111.460207612
42817,A4,309700,42817,-0.00897009966777,0.00310344827586,1981MM09,111.392733564
42818,A4,309700,42818,-0.00996677740864,0.00344827586207,1981MM10,111.325259516
42819,A4,309700,42819,-0.0109634551495,0.00379310344828,1981MM11,111.257785467
42820,A4,309700,42820,-0.0119601328904,0.00413793103448,1981MM12,111.190311419
42822,A4,309700,42822,-0.0129568106312,0.00448275862069,1982MM01,111.12283737
42823,A4,309700,42823,-0.0139534883721,0.0048275862069,1982MM02,111.055363322
42824,A4,309700,42824,-0.014950166113,0.0051724137931,1982MM03,110.987889273
42825,A4,309700,42825,-0.0159468438538,0.00551724137931,1982MM04,110.920415225
42826,A4,309700,42826,-0.0169435215947,0.00586206896552,1982MM05,110.852941176
42827,A4,309700,42827,-0.0179401993355,0.00620689655172,1982MM06,110.785467128
42828,A4,309700,42828,-0.0189368770764,0.00655172413793,1982MM07,110.71799308
42829,A4,309700,42829,-0.0199335548173,0.00689655172414,1982MM08,110.650519031
42830,A4,309700,42830,-0.0209302325581,0.00724137931034,1982MM09,110.583044983
42831,A4,309700,42831,-0.021926910299,0.00758620689655,1982MM10,110.515570934
42832,A4,309700,42832,-0.0229235880399,0.00793103448276,1982MM11,110.448096886
42833,A4,309700,42833,-0.0239202657807,0.00827586206897,1982MM12,110.380622837
42835,A4,309700,42835,-0.0249169435216,0.00862068965517,1983MM01,110.313148789
42836,A4,309700,42836,-0.0259136212625,0.00896551724138,1983MM02,110.24567474
42837,A4,309700,42837,-0.0269102990033,0.00931034482759,1983MM03,110.178200692
42838,A4,309700,42838,-0.0279069767442,0.00965517241379,1983MM04,110.110726644
42839,A4,309700,42839,-0.028903654485,0.01,1983MM05,110.043252595
42840,A4,309700,42840,-0.0299003322259,0.0103448275862,1983MM06,109.975778547
42841,A4,309700,42841,-0.0308970099668,0.0106896551724,1983MM07,109.908304498
42842,A4,309700,42842,-0.0318936877076,0.0110344827586,1983MM08,109.84083045
42843,A4,309700,42843,-0.0328903654485,0.0113793103448,1983MM09,109.773356401
42844,A4,309700,42844,-0.0338870431894,0.011724137931,1983MM10,109.705882353
42845,A4,309700,42845,-0.0348837209302,0.0120689655172,1983MM11,109.638408304
42846,A4,309700,42846,-0.0358803986711,0.0124137931034,1983MM12,109.570934256
42848,A4,309700,42848,-0.036877076412,0.0127586206897,1984MM01,109.503460208
42849,A4,309700,42849,-0.0378737541528,0.0131034482759,1984MM02,109.435986159
42850,A4,309700,42850,-0.0388704318937,0.0134482758621,1984MM03,109.368512111
42851,A4,309700,42851,-0.0398671096346,0.0137931034483,1984MM04,109.301038062
42852,A4,309700,42852,-0.0408637873754,0.0141379310345,1984MM05,109.233564014
42853,A4,309700,42853,-0.0418604651163,0.0144827586207,1984MM06,109.166089965
42854,A4,309700,42854,-0.0428571428571,0.0148275862069,1984MM07,109.098615917
42855,A4,309700,42855,-0.043853820598,0.0151724137931,1984MM08,109.031141869
42856,A4,309700,42856,-0.0448504983389,0.0155172413793,1984MM09,108.96366782
42857,A4,309700,42857,-0.0458471760797,0.0158620689655,1984MM10,108.896193772
42858,A4,309700,42858,-0.0468438538206,0.0162068965517,1984MM11,108.828719723
42859,A4,309700,42859,-0.0478405315615,0.0165517241379,1984MM12,108.761245675
42861,A4,309700,42861,-0.0488372093023,0.0168965517241,1985MM01,108.693771626
42862,A4,309700,42862,-0.0498338870432,0.0172413793103,1985MM02,108.626297578
42863,A4,309700,42863,-0.0508305647841,0.0175862068966,1985MM03,108.558823529
42864,A4,309700,42864,-0.0518272425249,0.0179310344828,1985MM04,108.491349481
42865,A4,309700,42865,-0.0528239202658,0.018275862069,1985MM05,108.423875433
42866,A4,309700,42866,-0.0538205980066,0.0186206896552,1985MM06,108.356401384
42867,A4,309700,42867,-0.0548172757475,0.0189655172414,1985MM07,108.288927336
42868,A4,309700,42868,-0.0558139534884,0.0193103448276,1985MM08,108.221453287
42869,A4,309700,42869,-0.0568106312292,0.0196551724138,1985MM09,108.153979239
42870,A4,309700,42870,-0.0578073089701,0.02,1985MM10,108.08650519
42871,A4,309700,42871,-0.058803986711,0.0203448275862,1985MM11,108.019031142
42872,A4,309700,42872,-0.0598006644518,0.0206896551724,1985MM12,107.951557093
42874,A4,309700,42874,-0.0607973421927,0.0210344827586,1986MM01,107.884083045
42875,A4,309700,42875,-0.0617940199336,0.0213793103448,1986MM02,107.816608997
42876,A4,309700,42876,-0.0627906976744,0.021724137931,1986MM03,107.749134948
42877,A4,309700,42877,-0.0637873754153,0.0220689655172,1986MM04,107.6816609
42878,A4,309700,42878,-0.0647840531561,0.0224137931034,1986MM05,107.614186851
42879,A4,309700,42879,-0.065780730897,0.0227586206897,1986MM06,107.546712803
42880,A4,309700,42880,-0.0667774086379,0.0231034482759,1986MM07,107.479238754
42881,A4,309700,42881,-0.0677740863787,0.0234482758621,1986MM08,107.411764706
42882,A4,309700,42882,-0.0687707641196,0.0237931034483,1986MM09,107.344290657
42883,A4,309700,42883,-0.0697674418605,0.0241379310345,1986MM10,107.276816609
42884,A4,309700,42884,-0.0707641196013,0.0244827586207,1986MM11,107.209342561
42885,A4,309700,42885,-0.0717607973422,0.0248275862069,1986MM12,107.141868512
42887,A4,309700,42887,-0.0727574750831,0.0251724137931,1987MM01,107.074394464
42888,A4,309700,42888,-0.0737541528239,0.0255172413793,1987MM02,107.006920415
42889,A4,309700,42889,-0.0747508305648,0.0258620689655,1987MM03,106.939446367
42890,A4,309700,42890,-0.0757475083056,0.0262068965517,1987MM04,106.871972318
42891,A4,309700,42891,-0.0767441860465,0.0265517241379,1987MM05,106.80449827
42892,A4,309700,42892,-0.0777408637874,0.0268965517241,1987MM06,106.737024221
42893,A4,309700,42893,-0.0787375415282,0.0272413793103,1987MM07,106.669550173
42894,A4,309700,42894,-0.0797342192691,0.0275862068966,1987MM08,106.602076125
42895,A4,309700,42895,-0.08073089701,0.0279310344828,1987MM09,106.534602076
42896,A4,309700,42896,-0.0817275747508,0.028275862069,1987MM10,106.467128028
42897,A4,309700,42897,-0.0827242524917,0.0286206896552,1987MM11,106.399653979
42898,A4,309700,42898,-0.0837209302326,0.0289655172414,1987MM12,106.332179931
42900,A4,309700,42900,-0.0847176079734,0.0293103448276,1988MM01,106.264705882
42901,A4,309700,42901,-0.0857142857143,0.0296551724138,1988MM02,106.197231834
42902,A4,309700,42902,-0.0867109634551,0.03,1988MM03,106.129757785
42903,A4,309700,42903,-0.087707641196,0.0303448275862,1988MM04,106.062283737
42904,A4,309700,42904,-0.0887043189369,0.0306896551724,1988MM05,105.994809689
42905,A4,309700,42905,-0.0897009966777,0.0310344827586,1988MM06,105.92733564
42906,A4,309700,42906,-0.0906976744186,0.0313793103448,1988MM07,105.859861592
42907,A4,309700,42907,-0.0916943521595,0.031724137931,1988MM08,105.792387543
42908,A4,309700,42908,-0.0926910299003,0.0320689655172,1988MM09,105.724913495
42909,A4,309700,42909,-0.0936877076412,0.0324137931034,1988MM10,105.657439446
42910,A4,309700,42910,-0.0946843853821,0.0327586206897,1988MM11,105.589965398
42911,A4,309700,42911,-0.0956810631229,0.0331034482759,1988MM12,105.522491349
42913,A4,309700,42913,-0.0966777408638,0.0334482758621,1989MM01,105.455017301
42914,A4,309700,42914,-0.0976744186047,0.0337931034483,1989MM02,105.387543253
42915,A4,309700,42915,-0.0986710963455,0.0341379310345,1989MM03,105.320069204
42916,A4,309700,42916,-0.0996677740864,0.0344827586207,1989MM04,105.252595156
42917,A4,309700,42917,-0.100664451827,0.0348275862069,1989MM05,105.185121107
42918,A4,309700,42918,-0.101661129568,0.0351724137931,1989MM06,105.117647059
42919,A4,309700,42919,-0.102657807309,0.0355172413793,1989MM07,105.05017301
42920,A4,309700,42920,-0.10365448505,0.0358620689655,1989MM08,104.982698962
42921,A4,309700,42921,-0.104651162791,0.0362068965517,1989MM09,104.915224913
42922,A4,309700,42922,-0.105647840532,0.0365517241379,1989MM10,104.847750865
42923,A4,309700,42923,-0.106644518272,0.0368965517241,1989MM11,104.780276817
42924,A4,309700,42924,-0.107641196013,0.0372413793103,1989MM12,104.712802768
42926,A4,309700,42926,-0.108637873754,0.0375862068966,1990MM01,104.64532872
42927,A4,309700,42927,-0.109634551495,0.0379310344828,1990MM02,104.577854671
42928,A4,309700,42928,-0.110631229236,0.038275862069,1990MM03,104.510380623
42929,A4,309700,42929,-0.111627906977,0.0386206896552,1990MM04,104.442906574
42930,A4,309700,42930,-0.112624584718,0.0389655172414,1990MM05,104.375432526
42931,A4,309700,42931,-0.113621262458,0.0393103448276,1990MM06,104.307958478
42932,A4,309700,42932,-0.114617940199,0.0396551724138,1990MM07,104.240484429
42933,A4,309700,42933,-0.11561461794,0.04,1990MM08,104.173010381
42934,A4,309700,42934,-0.116611295681,0.0403448275862,1990MM09,104.105536332
42935,A4,309700,42935,-0.117607973422,0.0406896551724,1990MM10,104.038062284
42936,A4,309700,42936,-0.118604651163,0.0410344827586,1990MM11,103.970588235
42937,A4,309700,42937,-0.119601328904,0.0413793103448,1990MM12,103.903114187
42939,A4,309700,42939,-0.120598006645,0.041724137931,1991MM01,103.835640138
42940,A4,309700,42940,-0.121594684385,0.0420689655172,1991MM02,103.76816609
42941,A4,309700,42941,-0.122591362126,0.0424137931034,1991MM03,103.700692042
42942,A4,309700,42942,-0.123588039867,0.0427586206897,1991MM04,103.633217993
42943,A4,309700,42943,-0.124584717608,0.0431034482759,1991MM05,103.565743945
42944,A4,309700,42944,-0.125581395349,0.0434482758621,1991MM06,103.498269896
42945,A4,309700,42945,-0.12657807309,0.0437931034483,1991MM07,103.430795848
42946,A4,309700,42946,-0.127574750831,0.0441379310345,1991MM08,103.363321799
42947,A4,309700,42947,-0.128571428571,0.0444827586207,1991MM09,103.295847751
42948,A4,309700,42948,-0.129568106312,0.0448275862069,1991MM10,103.228373702
42949,A4,309700,42949,-0.130564784053,0.0451724137931,1991MM11,103.160899654
42950,A4,309700,42950,-0.131561461794,0.0455172413793,1991MM12,103.093425606
42952,A4,309700,42952,-0.132558139535,0.0458620689655,1992MM01,103.025951557
42953,A4,309700,42953,-0.133554817276,0.0462068965517,1992MM02,102.958477509
42954,A4,309700,42954,-0.134551495017,0.0465517241379,1992MM03,102.89100346
42955,A4,309700,42955,-0.135548172757,0.0468965517241,1992MM04,102.823529412
42956,A4,309700,42956,-0.136544850498,0.0472413793103,1992MM05,102.756055363
42957,A4,309700,42957,-0.137541528239,0.0475862068966,1992MM06,102.688581315
42958,A4,309700,42958,-0.13853820598,0.0479310344828,1992MM07,102.621107266
42959,A4,309700,42959,-0.139534883721,0.048275862069,1992MM08,102.553633218
42960,A4,309700,42960,-0.140531561462,0.0486206896552,1992MM09,102.48615917
42961,A4,309700,42961,-0.141528239203,0.0489655172414,1992MM10,102.418685121
42962,A4,309700,42962,-0.142524916944,0.0493103448276,1992MM11,102.351211073
42963,A4,309700,42963,-0.143521594684,0.0496551724138,1992MM12,102.283737024
42965,A4,309700,42965,-0.144518272425,0.05,1993MM01,102.216262976
42966,A4,309700,42966,-0.145514950166,0.0503448275862,1993MM02,102.148788927
42967,A4,309700,42967,-0.146511627907,0.0506896551724,1993MM03,102.081314879
42968,A4,309700,42968,-0.147508305648,0.0510344827586,1993MM04,102.01384083
42969,A4,309700,42969,-0.148504983389,0.0513793103448,1993MM05,101.946366782
42970,A4,309700,42970,-0.14950166113,0.051724137931,1993MM06,101.878892734
42971,A4,309700,42971,-0.15049833887,0.0520689655172,1993MM07,101.811418685
42972,A4,309700,42972,-0.151495016611,0.0524137931034,1993MM08,101.743944637
42973,A4,309700,42973,-0.152491694352,0.0527586206897,1993MM09,101.676470588
42974,A4,309700,42974,-0.153488372093,0.0531034482759,1993MM10,101.60899654
42975,A4,309700,42975,-0.154485049834,0.0534482758621,1993MM11,101.541522491
42976,A4,309700,42976,-0.155481727575,0.0537931034483,1993MM12,101.474048443
42978,A4,309700,42978,-0.156478405316,0.0541379310345,1994MM01,101.406574394
42979,A4,309700,42979,-0.157475083056,0.0544827586207,1994MM02,101.339100346
42980,A4,309700,42980,-0.158471760797,0.0548275862069,1994MM03,101.271626298
42981,A4,309700,42981,-0.159468438538,0.0551724137931,1994MM04,101.204152249
42982,A4,309700,42982,-0.160465116279,0.0555172413793,1994MM05,101.136678201
42983,A4,309700,42983,-0.16146179402,0.0558620689655,1994MM06,101.069204152
42984,A4,309700,42984,-0.162458471761,0.0562068965517,1994MM07,101.001730104
42985,A4,309700,42985,-0.163455149502,0.0565517241379,1994MM08,100.934256055
42986,A4,309700,42986,-0.164451827243,0.0568965517241,1994MM09,100.866782007
42987,A4,309700,42987,-0.165448504983,0.0572413793103,1994MM10,100.799307958
42988,A4,309700,42988,-0.166445182724,0.0575862068966,1994MM11,100.73183391
42989,A4,309700,42989,-0.167441860465,0.0579310344828,1994MM12,100.664359862
42991,A4,309700,42991,-0.168438538206,0.058275862069,1995MM01,100.596885813
42992,A4,309700,42992,-0.169435215947,0.0586206896552,1995MM02,100.529411765
42993,A4,309700,42993,-0.170431893688,0.0589655172414,1995MM03,100.461937716
42994,A4,309700,42994,-0.171428571429,0.0593103448276,1995MM04,100.394463668
42995,A4,309700,42995,-0.172425249169,0.0596551724138,1995MM05,100.326989619
42996,A4,309700,42996,-0.17342192691,0.06,1995MM06,100.259515571
42997,A4,309700,42997,-0.174418604651,0.0603448275862,1995MM07,100.192041522
42998,A4,309700,42998,-0.175415282392,0.0606896551724,1995MM08,100.124567474
42999,A4,309700,42999,-0.176411960133,0.0610344827586,1995MM09,100.057093426
43000,A4,309700,43000,-0.177408637874,0.0613793103448,1995MM10,99.9896193772
43001,A4,309700,43001,-0.178405315615,0.061724137931,1995MM11,99.9221453287
43002,A4,309700,43002,-0.179401993355,0.0620689655172,1995MM12,99.8546712803
43004,A4,309700,43004,-0.180398671096,0.0624137931034,1996MM01,99.7871972318
43005,A4,309700,43005,-0.181395348837,0.0627586206897,1996MM02,99.7197231834
43006,A4,309700,43006,-0.182392026578,0.0631034482759,1996MM03,99.6522491349
43007,A4,309700,43007,-0.183388704319,0.0634482758621,1996MM04,99.5847750865
43008,A4,309700,43008,-0.18438538206,0.0637931034483,1996MM05,99.5173010381
43009,A4,309700,43009,-0.185382059801,0.0641379310345,1996MM06,99.4498269896
43010,A4,309700,43010,-0.186378737542,0.0644827586207,1996MM07,99.3823529412
43011,A4,309700,43011,-0.187375415282,0.0648275862069,1996MM08,99.3148788927
43012,A4,309700,43012,-0.188372093023,0.0651724137931,1996MM09,99.2474048443
43013,A4,309700,43013,-0.189368770764,0.0655172413793,1996MM10,99.1799307958
43014,A4,309700,43014,-0.190365448505,0.0658620689655,1996MM11,99.1124567474
43015,A4,309700,43015,-0.191362126246,0.0662068965517,1996MM12,99.044982699
43017,A4,309700,43017,-0.192358803987,0.0665517241379,1997MM01,98.9775086505
43018,A4,309700,43018,-0.193355481728,0.0668965517241,1997MM02,98.9100346021
43019,A4,309700,43019,-0.194352159468,0.0672413793103,1997MM03,98.8425605536
43020,A4,309700,43020,-0.195348837209,0.0675862068966,1997MM04,98.7750865052
43021,A4,309700,43021,-0.19634551495,0.0679310344828,1997MM05,98.7076124567
43022,A4,309700,43022,-0.197342192691,0.068275862069,1997MM06,98.6401384083
43023,A4,309700,43023,-0.198338870432,0.0686206896552,1997MM07,98.5726643599
43024,A4,309700,43024,-0.199335548173,0.0689655172414,1997MM08,98.5051903114
43025,A4,309700,43025,-0.200332225914,0.0693103448276,1997MM09,98.437716263
43026,A4,309700,43026,-0.201328903654,0.0696551724138,1997MM10,98.3702422145
43027,A4,309700,43027,-0.202325581395,0.07,1997MM11,98.3027681661
43028,A4,309700,43028,-0.203322259136,0.0703448275862,1997MM12,98.2352941176
43030,A4,309700,43030,-0.204318936877,0.0706896551724,1998MM01,98.1678200692
43031,A4,309700,43031,-0.205315614618,0.0710344827586,1998MM02,98.1003460208
43032,A4,309700,43032,-0.206312292359,0.0713793103448,1998MM03,98.0328719723
43033,A4,309700,43033,-0.2073089701,0.071724137931,1998MM04,97.9653979239
43034,A4,309700,43034,-0.208305647841,0.0720689655172,1998MM05,97.8979238754
43035,A4,309700,43035,-0.209302325581,0.0724137931034,1998MM06,97.830449827
43036,A4,309700,43036,-0.210299003322,0.0727586206897,1998MM07,97.7629757785
43037,A4,309700,43037,-0.211295681063,0.0731034482759,1998MM08,97.6955017301
43038,A4,309700,43038,-0.212292358804,0.0734482758621,1998MM09,97.6280276817
43039,A4,309700,43039,-0.213289036545,0.0737931034483,1998MM10,97.5605536332
43040,A4,309700,43040,-0.214285714286,0.0741379310345,1998MM11,97.4930795848
43041,A4,309700,43041,-0.215282392027,0.0744827586207,1998MM12,97.4256055363
43043,A4,309700,43043,-0.216279069767,0.0748275862069,1999MM01,97.3581314879
43044,A4,309700,43044,-0.217275747508,0.0751724137931,1999MM02,97.2906574394
43045,A4,309700,43045,-0.218272425249,0.0755172413793,1999MM03,97.223183391
43046,A4,309700,43046,-0.21926910299,0.0758620689655,1999MM04,97.1557093426
43047,A4,309700,43047,-0.220265780731,0.0762068965517,1999MM05,97.0882352941
43048,A4,309700,43048,-0.221262458472,0.0765517241379,1999MM06,97.0207612457
43049,A4,309700,43049,-0.222259136213,0.0768965517241,1999MM07,96.9532871972
43050,A4,309700,43050,-0.223255813953,0.0772413793103,1999MM08,96.8858131488
43051,A4,309700,43051,-0.224252491694,0.0775862068966,1999MM09,96.8183391003
43052,A4,309700,43052,-0.225249169435,0.0779310344828,1999MM10,96.7508650519
43053,A4,309700,43053,-0.226245847176,0.078275862069,1999MM11,96.6833910035
43054,A4,309700,43054,-0.227242524917,0.0786206896552,1999MM12,96.615916955
43056,A4,309700,43056,-0.228239202658,0.0789655172414,2000MM01,96.5484429066
43057,A4,309700,43057,-0.229235880399,0.0793103448276,2000MM02,96.4809688581
43058,A4,309700,43058,-0.23023255814,0.0796551724138,2000MM03,96.4134948097
43059,A4,309700,43059,-0.23122923588,0.08,2000MM04,96.3460207612
43060,A4,309700,43060,-0.232225913621,0.0803448275862,2000MM05,96.2785467128
43061,A4,309700,43061,-0.233222591362,0.0806896551724,2000MM06,96.2110726644
43062,A4,309700,43062,-0.234219269103,0.0810344827586,2000MM07,96.1435986159
43063,A4,309700,43063,-0.235215946844,0.0813793103448,2000MM08,96.0761245675
43064,A4,309700,43064,-0.236212624585,0.081724137931,2000MM09,96.008650519
43065,A4,309700,43065,-0.237209302326,0.0820689655172,2000MM10,95.9411764706
43066,A4,309700,43066,-0.238205980066,0.0824137931034,2000MM11,95.8737024221
43067,A4,309700,43067,-0.239202657807,0.0827586206897,2000MM12,95.8062283737
43069,A4,309700,43069,-0.240199335548,0.0831034482759,2001MM01,95.7387543253
43070,A4,309700,43070,-0.241196013289,0.0834482758621,2001MM02,95.6712802768
43071,A4,309700,43071,-0.24219269103,0.0837931034483,2001MM03,95.6038062284
43072,A4,309700,43072,-0.243189368771,0.0841379310345,2001MM04,95.5363321799
43073,A4,309700,43073,-0.244186046512,0.0844827586207,2001MM05,95.4688581315
43074,A4,309700,43074,-0.245182724252,0.0848275862069,2001MM06,95.401384083
43075,A4,309700,43075,-0.246179401993,0.0851724137931,2001MM07,95.3339100346
43076,A4,309700,43076,-0.247176079734,0.0855172413793,2001MM08,95.2664359862
43077,A4,309700,43077,-0.248172757475,0.0858620689655,2001MM09,95.1989619377
43078,A4,309700,43078,-0.249169435216,0.0862068965517,2001MM10,95.1314878893
43079,A4,309700,43079,-0.250166112957,0.0865517241379,2001MM11,95.0640138408
43080,A4,309700,43080,-0.251162790698,0.0868965517241,2001MM12,94.9965397924
43082,A4,309700,43082,-0.252159468439,0.0872413793103,2002MM01,94.9290657439
43083,A4,309700,43083,-0.253156146179,0.0875862068966,2002MM02,94.8615916955
43084,A4,309700,43084,-0.25415282392,0.0879310344828,2002MM03,94.7941176471
43085,A4,309700,43085,-0.255149501661,0.088275862069,2002MM04,94.7266435986
43086,A4,309700,43086,-0.256146179402,0.0886206896552,2002MM05,94.6591695502
43087,A4,309700,43087,-0.257142857143,0.0889655172414,2002MM06,94.5916955017
43088,A4,309700,43088,-0.258139534884,0.0893103448276,2002MM07,94.5242214533
43089,A4,309700,43089,-0.259136212625,0.0896551724138,2002MM08,94.4567474048
43090,A4,309700,43090,-0.260132890365,0.09,2002MM09,94.3892733564
43091,A4,309700,43091,-0.261129568106,0.0903448275862,2002MM10,94.321799308
43092,A4,309700,43092,-0.262126245847,0.0906896551724,2002MM11,94.2543252595
43093,A4,309700,43093,-0.263122923588,0.0910344827586,2002MM12,94.1868512111
43095,A4,309700,43095,-0.264119601329,0.0913793103448,2003MM01,94.1193771626
43096,A4,309700,43096,-0.26511627907,0.091724137931,2003MM02,94.0519031142
43097,A4,309700,43097,-0.266112956811,0.0920689655172,2003MM03,93.9844290657
43098,A4,309700,43098,-0.267109634551,0.0924137931034,2003MM04,93.9169550173
43099,A4,309700,43099,-0.268106312292,0.0927586206897,2003MM05,93.8494809689
43100,A4,309700,43100,-0.269102990033,0.0931034482759,2003MM06,93.7820069204
43101,A4,309700,43101,-0.270099667774,0.0934482758621,2003MM07,93.714532872
43102,A4,309700,43102,-0.271096345515,0.0937931034483,2003MM08,93.6470588235
43103,A4,309700,43103,-0.272093023256,0.0941379310345,2003MM09,93.5795847751
43104,A4,309700,43104,-0.273089700997,0.0944827586207,2003MM10,93.5121107266
43105,A4,309700,43105,-0.274086378738,0.0948275862069,2003MM11,93.4446366782
43106,A4,309700,43106,-0.275083056478,0.0951724137931,2003MM12,93.3771626298
43108,A4,309700,43108,-0.276079734219,0.0955172413793,2004MM01,93.3096885813
43109,A4,309700,43109,-0.27707641196,0.0958620689655,2004MM02,93.2422145329
43110,A4,309700,43110,-0.278073089701,0.0962068965517,2004MM03,93.1747404844
43111,A4,309700,43111,-0.279069767442,0.0965517241379,2004MM04,93.107266436
43112,A4,309700,43112,-0.280066445183,0.0968965517241,2004MM05,93.0397923875
43113,A4,309700,43113,-0.281063122924,0.0972413793103,2004MM06,92.9723183391
43114,A4,309700,43114,-0.282059800664,0.0975862068966,2004MM07,92.9048442907
43115,A4,309700,43115,-0.283056478405,0.0979310344828,2004MM08,92.8373702422
43116,A4,309700,43116,-0.284053156146,0.098275862069,2004MM09,92.7698961938
43117,A4,309700,43117,-0.285049833887,0.0986206896552,2004MM10,92.7024221453
43118,A4,309700,43118,-0.286046511628,0.0989655172414,2004MM11,92.6349480969
43119,A4,309700,43119,-0.287043189369,0.0993103448276,2004MM12,92.5674740484
43121,A4,309700,43121,-0.28803986711,0.0996551724138,2005MM01,92.5
43122,A4,309700,43122,-0.28903654485,0.1,2005MM02,92.6
43123,A4,309700,43123,-0.290033222591,0.0,2005MM03,92.6
43124,A4,309700,43124,-0.291029900332,0.2,2005MM04,92.8
43125,A4,309700,43125,-0.292026578073,-0.2,2005MM05,92.6
43126,A4,309700,43126,-0.293023255814,0.0,2005MM06,92.6
43127,A4,309700,43127,-0.294019933555,-0.3,2005MM07,92.4
43128,A4,309700,43128,-0.295016611296,0.1,2005MM08,92.4
43129,A4,309700,43129,-0.296013289037,-0.3,2005MM09,92.2
43130,A4,309700,43130,-0.297009966777,-0.4,2005MM10,91.8
43131,A4,309700,43131,-0.298006644518,0.0,2005MM11,91.8
43132,A4,309700,43132,-0.299003322259,-0.1,2005MM12,91.8
43134,A4,309700,43134,-0.3,0.6,2006MM01,92.3
43135,A4,309700,43135,-0.4,0.0,2006MM02,92.3
43136,A4,309700,43136,-0.5,-0.1,2006MM03,92.1
43137,A4,309700,43137,-0.9,-0.2,2006MM04,91.9
43138,A4,309700,43138,-0.8,0.0,2006MM05,91.9
43139,A4,309700,43139,-0.8,0.0,2006MM06,91.9
43140,A4,309700,43140,-0.1,0.4,2006MM07,92.2
43141,A4,309700,43141,-0.2,0.0,2006MM08,92.2
43142,A4,309700,43142,0.0,0.0,2006MM09,92.2
43143,A4,309700,43143,0.3,-0.2,2006MM10,92.0
43144,A4,309700,43144,0.3,0.1,2006MM11,92.1
43145,A4,309700,43145,0.4,0.0,2006MM12,92.1
43147,A4,309700,43147,-0.2,0.0,2007MM01,92.1
43148,A4,309700,43148,0.0,0.2,2007MM02,92.3
43149,A4,309700,43149,-0.3,-0.4,2007MM03,91.8
43150,A4,309700,43150,-0.1,0.1,2007MM04,91.9
43151,A4,309700,43151,0.0,0.1,2007MM05,91.9
43152,A4,309700,43152,0.0,-0.1,2007MM06,91.9
43153,A4,309700,43153,-0.5,-0.1,2007MM07,91.8
43154,A4,309700,43154,-0.5,0.0,2007MM08,91.8
43155,A4,309700,43155,-0.3,0.2,2007MM09,92.0
43156,A4,309700,43156,2.4,2.5,2007MM10,94.3
43157,A4,309700,43157,3.2,0.8,2007MM11,95.1
43158,A4,309700,43158,3.2,0.0,2007MM12,95.1
43160,A4,309700,43160,5.2,1.9,2008MM01,96.9
43161,A4,309700,43161,5.7,0.6,2008MM02,97.5
43162,A4,309700,43162,7.1,0.9,2008MM03,98.4
43163,A4,309700,43163,8.2,1.0,2008MM04,99.4
43164,A4,309700,43164,8.1,0.0,2008MM05,99.4
43165,A4,309700,43165,8.2,0.0,2008MM06,99.5
43166,A4,309700,43166,8.2,-0.1,2008MM07,99.3
43167,A4,309700,43167,8.2,0.0,2008MM08,99.3
43168,A4,309700,43168,8.1,0.1,2008MM09,99.4
43169,A4,309700,43169,5.4,0.0,2008MM10,99.4
43170,A4,309700,43170,4.6,0.0,2008MM11,99.4
43171,A4,309700,43171,4.5,-0.1,2008MM12,99.3
43173,A4,309700,43173,3.4,0.9,2009MM01,100.2
43174,A4,309700,43174,2.7,-0.1,2009MM02,100.1
43175,A4,309700,43175,1.9,0.2,2009MM03,100.3
43176,A4,309700,43176,0.6,-0.3,2009MM04,100.0
43177,A4,309700,43177,0.6,0.0,2009MM05,100.0
43178,A4,309700,43178,0.4,-0.2,2009MM06,99.8
43179,A4,309700,43179,0.3,-0.2,2009MM07,99.6
43180,A4,309700,43180,0.5,0.2,2009MM08,99.9
43181,A4,309700,43181,0.4,-0.1,2009MM09,99.8
43182,A4,309700,43182,0.4,0.0,2009MM10,99.8
43183,A4,309700,43183,0.3,-0.1,2009MM11,99.8
43184,A4,309700,43184,0.4,0.0,2009MM12,99.7
43186,A4,309700,43186,0.1,0.6,2010MM01,100.3
43187,A4,309700,43187,0.0,-0.1,2010MM02,100.2
43188,A4,309700,43188,-0.1,0.0,2010MM03,100.2
43189,A4,309700,43189,-0.5,-0.6,2010MM04,99.6
43190,A4,309700,43190,-0.5,0.0,2010MM05,99.6
43191,A4,309700,43191,-0.2,0.0,2010MM06,99.6
43192,A4,309700,43192,0.0,0.0,2010MM07,99.6
43193,A4,309700,43193,-0.2,0.1,2010MM08,99.7
43194,A4,309700,43194,0.3,0.4,2010MM09,100.1
43195,A4,309700,43195,0.6,0.2,2010MM10,100.4
43196,A4,309700,43196,0.6,0.0,2010MM11,100.4
43197,A4,309700,43197,0.7,0.0,2010MM12,100.4
43199,A4,309700,43199,1.1,1.0,2011MM01,101.4
43200,A4,309700,43200,1.7,0.4,2011MM02,101.8
43201,A4,309700,43201,1.6,0.0,2011MM03,101.8
43202,A4,309700,43202,2.8,0.6,2011MM04,102.4
43203,A4,309700,43203,2.8,-0.1,2011MM05,102.3
43204,A4,309700,43204,2.8,0.0,2011MM06,102.4
43205,A4,309700,43205,2.9,0.2,2011MM07,102.5
43206,A4,309700,43206,2.9,0.0,2011MM08,102.5
43207,A4,309700,43207,2.6,0.2,2011MM09,102.8
43208,A4,309700,43208,3.1,0.7,2011MM10,103.5
43209,A4,309700,43209,3.3,0.1,2011MM11,103.7
43210,A4,309700,43210,3.3,0.0,2011MM12,103.7
43212,A4,309700,43212,4.6,2.3,2012MM01,106.1
43213,A4,309700,43213,4.2,0.0,2012MM02,106.1
43214,A4,309700,43214,4.2,0.1,2012MM03,106.1
43215,A4,309700,43215,3.6,0.0,2012MM04,106.1
43216,A4,309700,43216,3.7,0.0,2012MM05,106.1
43217,A4,309700,43217,3.7,0.0,2012MM06,106.1
43218,A4,309700,43218,3.7,0.2,2012MM07,106.3
43219,A4,309700,43219,3.8,0.1,2012MM08,106.5
43220,A4,309700,43220,3.6,-0.1,2012MM09,106.4
43221,A4,309700,43221,2.8,0.0,2012MM10,106.4
43222,A4,309700,43222,2.7,0.0,2012MM11,106.5
43223,A4,309700,43223,2.7,0.0,2012MM12,106.5
43225,A4,309700,43225,0.6,0.2,2013MM01,106.7
43226,A4,309700,43226,0.6,0.1,2013MM02,106.8
43227,A4,309700,43227,0.7,0.1,2013MM03,106.9
43228,A4,309700,43228,0.6,-0.2,2013MM04,106.7
43229,A4,309700,43229,0.6,0.0,2013MM05,106.7
43230,A4,309700,43230,0.5,0.0,2013MM06,106.7
43231,A4,309700,43231,0.4,0.1,2013MM07,106.7
43232,A4,309700,43232,0.4,0.1,2013MM08,106.9
43233,A4,309700,43233,0.4,-0.1,2013MM09,106.8
43234,A4,309700,43234,0.3,0.0,2013MM10,106.8
43235,A4,309700,43235,0.1,-0.1,2013MM11,106.6
43236,A4,309700,43236,0.1,0.0,2013MM12,106.6
43238,A4,309700,43238,1.6,1.6,2014MM01,108.4
43239,A4,309700,43239,1.4,-0.1,2014MM02,108.3
43240,A4,309700,43240,0.9,-0.4,2014MM03,107.9
43241,A4,309700,43241,1.3,0.2,2014MM04,108.1
43242,A4,309700,43242,1.3,0.0,2014MM05,108.1
43243,A4,309700,43243,1.5,0.1,2014MM06,108.2
43244,A4,309700,43244,1.5,0.1,2014MM07,108.3
43245,A4,309700,43245,1.4,0.0,2014MM08,108.4
43246,A4,309700,43246,1.4,0.0,2014MM09,108.3
43247,A4,309700,43247,1.2,-0.3,2014MM10,108.0
43248,A4,309700,43248,1.2,-0.1,2014MM11,108.0
43249,A4,309700,43249,1.2,0.0,2014MM12,108.0
43251,A4,309700,43251,1.6,2.0,2015MM01,110.2
43252,A4,309700,43252,1.7,0.0,2015MM02,110.1
43253,A4,309700,43253,2.1,0.0,2015MM03,110.1
43254,A4,309700,43254,1.6,-0.3,2015MM04,109.8
43255,A4,309700,43255,1.6,0.0,2015MM05,109.8
43256,A4,309700,43256,1.4,0.0,2015MM06,109.8
43257,A4,309700,43257,3.0,1.6,2015MM07,111.6
43258,A4,309700,43258,3.1,0.2,2015MM08,111.8
43259,A4,309700,43259,3.2,0.0,2015MM09,111.8
43260,A4,309700,43260,3.1,-0.3,2015MM10,111.4
43261,A4,309700,43261,3.5,0.3,2015MM11,111.7
43262,A4,309700,43262,3.5,0.0,2015MM12,111.7
43264,A4,309700,43264,2.2,0.8,2016MM01,112.6
43265,A4,309700,43265,2.0,-0.2,2016MM02,112.3
43266,A4,309700,43266,2.0,0.0,2016MM03,112.3
43267,A4,309700,43267,1.4,-0.9,2016MM04,111.3
43268,A4,309700,43268,1.3,-0.1,2016MM05,111.3
43269,A4,309700,43269,1.3,0.0,2016MM06,111.3
43270,A4,309700,43270,0.9,1.1,2016MM07,112.5
43271,A4,309700,43271,0.6,-0.1,2016MM08,112.4
43272,A4,309700,43272,0.6,0.0,2016MM09,112.4
43273,A4,309700,43273,1.0,0.0,2016MM10,112.5
43274,A4,309700,43274,0.7,0.0,2016MM11,112.5
43275,A4,309700,43275,0.8,0.1,2016MM12,112.6
43277,A4,309700,43277,0.0,0.0,2017MM01,112.6
43278,A4,309700,43278,0.3,0.0,2017MM02,112.6
43279,A4,309700,43279,0.3,0.0,2017MM03,112.6
43280,A4,309700,43280,0.7,-0.4,2017MM04,112.2
43281,A4,309700,43281,0.9,0.1,2017MM05,112.3
43282,A4,309700,43282,0.9,0.0,2017MM06,112.3
43283,A4,309700,43283,-0.2,0.0,2017MM07,112.3
43284,A4,309700,43284,0.0,0.1,2017MM08,112.4
43285,A4,309700,43285,0.0,0.0,2017MM09,112.4
43286,A4,309700,43286,-0.2,-0.1,2017MM10,112.3
43287,A4,309700,43287,-0.2,0.0,2017MM11,112.2
43288,A4,309700,43288,-0.3,0.0,2017MM12,112.3
