,Afzet,BedrijfstakkenBranchesSBI2008,ID,OntwikkelingTOV1JaarEerder_2,OntwikkelingTOV1MaandEerder_3,Perioden,ProducentenprijsindexPPI_1
10894,A6,309700,10894,,,2005MM01,92.9
10895,A6,309700,10895,,0.1,2005MM02,93.0
10896,A6,309700,10896,,-0.1,2005MM03,92.9
10897,A6,309700,10897,,0.2,2005MM04,93.1
10898,A6,309700,10898,,-0.2,2005MM05,92.9
10899,A6,309700,10899,,0.1,2005MM06,93.0
10900,A6,309700,10900,,-0.3,2005MM07,92.7
10901,A6,309700,10901,,0.1,2005MM08,92.8
10902,A6,309700,10902,,-0.2,2005MM09,92.5
10903,A6,309700,10903,,-0.5,2005MM10,92.0
10904,A6,309700,10904,,0.1,2005MM11,92.1
10905,A6,309700,10905,,0.0,2005MM12,92.1
10907,A6,309700,10907,-0.4,0.6,2006MM01,92.6
10908,A6,309700,10908,-0.5,0.0,2006MM02,92.6
10909,A6,309700,10909,-0.4,-0.1,2006MM03,92.5
10910,A6,309700,10910,-0.9,-0.2,2006MM04,92.3
10911,A6,309700,10911,-0.7,0.0,2006MM05,92.3
10912,A6,309700,10912,-0.8,0.0,2006MM06,92.2
10913,A6,309700,10913,-0.1,0.4,2006MM07,92.6
10914,A6,309700,10914,-0.1,0.0,2006MM08,92.6
10915,A6,309700,10915,0.1,0.0,2006MM09,92.7
10916,A6,309700,10916,0.5,-0.1,2006MM10,92.5
10917,A6,309700,10917,0.5,0.1,2006MM11,92.6
10918,A6,309700,10918,0.7,0.1,2006MM12,92.7
10920,A6,309700,10920,0.2,0.0,2007MM01,92.7
10921,A6,309700,10921,0.3,0.1,2007MM02,92.9
10922,A6,309700,10922,0.1,-0.4,2007MM03,92.5
10923,A6,309700,10923,0.5,0.2,2007MM04,92.7
10924,A6,309700,10924,0.6,0.1,2007MM05,92.8
10925,A6,309700,10925,0.6,0.0,2007MM06,92.8
10926,A6,309700,10926,0.0,-0.2,2007MM07,92.6
10927,A6,309700,10927,0.0,0.0,2007MM08,92.7
10928,A6,309700,10928,0.3,0.3,2007MM09,92.9
10929,A6,309700,10929,2.7,2.3,2007MM10,95.1
10930,A6,309700,10930,3.5,0.8,2007MM11,95.8
10931,A6,309700,10931,3.3,0.0,2007MM12,95.8
10933,A6,309700,10933,5.2,1.9,2008MM01,97.6
10934,A6,309700,10934,5.6,0.6,2008MM02,98.1
10935,A6,309700,10935,6.9,0.8,2008MM03,98.9
10936,A6,309700,10936,7.9,1.1,2008MM04,100.0
10937,A6,309700,10937,7.8,0.0,2008MM05,100.1
10938,A6,309700,10938,7.9,0.1,2008MM06,100.1
10939,A6,309700,10939,7.9,-0.1,2008MM07,100.0
10940,A6,309700,10940,7.9,0.0,2008MM08,100.0
10941,A6,309700,10941,7.8,0.2,2008MM09,100.2
10942,A6,309700,10942,5.2,-0.1,2008MM10,100.0
10943,A6,309700,10943,4.3,-0.1,2008MM11,99.9
10944,A6,309700,10944,4.1,-0.2,2008MM12,99.7
10946,A6,309700,10946,3.1,0.9,2009MM01,100.7
10947,A6,309700,10947,2.5,-0.1,2009MM02,100.5
10948,A6,309700,10948,1.8,0.1,2009MM03,100.7
10949,A6,309700,10949,0.3,-0.4,2009MM04,100.3
10950,A6,309700,10950,0.2,0.0,2009MM05,100.3
10951,A6,309700,10951,-0.1,-0.2,2009MM06,100.1
10952,A6,309700,10952,-0.1,-0.2,2009MM07,99.8
10953,A6,309700,10953,0.1,0.2,2009MM08,100.1
10954,A6,309700,10954,-0.2,-0.1,2009MM09,100.0
10955,A6,309700,10955,-0.2,-0.2,2009MM10,99.8
10956,A6,309700,10956,-0.2,-0.1,2009MM11,99.8
10957,A6,309700,10957,0.0,0.0,2009MM12,99.7
10959,A6,309700,10959,-0.4,0.5,2010MM01,100.2
10960,A6,309700,10960,-0.4,-0.1,2010MM02,100.1
10961,A6,309700,10961,-0.6,0.0,2010MM03,100.1
10962,A6,309700,10962,-0.7,-0.5,2010MM04,99.6
10963,A6,309700,10963,-0.7,0.0,2010MM05,99.6
10964,A6,309700,10964,-0.5,0.0,2010MM06,99.6
10965,A6,309700,10965,-0.2,0.1,2010MM07,99.7
10966,A6,309700,10966,-0.3,0.1,2010MM08,99.7
10967,A6,309700,10967,0.1,0.4,2010MM09,100.1
10968,A6,309700,10968,0.6,0.3,2010MM10,100.4
10969,A6,309700,10969,0.7,0.0,2010MM11,100.4
10970,A6,309700,10970,0.8,0.1,2010MM12,100.5
10972,A6,309700,10972,1.2,1.0,2011MM01,101.5
10973,A6,309700,10973,1.8,0.4,2011MM02,101.9
10974,A6,309700,10974,1.8,0.0,2011MM03,101.9
10975,A6,309700,10975,3.1,0.7,2011MM04,102.6
10976,A6,309700,10976,3.0,-0.1,2011MM05,102.6
10977,A6,309700,10977,3.0,0.0,2011MM06,102.6
10978,A6,309700,10978,3.0,0.1,2011MM07,102.7
10979,A6,309700,10979,3.0,0.0,2011MM08,102.7
10980,A6,309700,10980,2.8,0.2,2011MM09,102.9
10981,A6,309700,10981,3.1,0.6,2011MM10,103.5
10982,A6,309700,10982,3.2,0.1,2011MM11,103.6
10983,A6,309700,10983,3.1,0.0,2011MM12,103.6
10985,A6,309700,10985,4.3,2.2,2012MM01,105.9
10986,A6,309700,10986,3.8,0.0,2012MM02,105.8
10987,A6,309700,10987,3.9,0.0,2012MM03,105.9
10988,A6,309700,10988,3.2,0.0,2012MM04,105.9
10989,A6,309700,10989,3.3,0.0,2012MM05,105.9
10990,A6,309700,10990,3.3,0.0,2012MM06,106.0
10991,A6,309700,10991,3.3,0.2,2012MM07,106.2
10992,A6,309700,10992,3.4,0.1,2012MM08,106.3
10993,A6,309700,10993,3.2,-0.1,2012MM09,106.2
10994,A6,309700,10994,2.6,0.0,2012MM10,106.2
10995,A6,309700,10995,2.5,0.0,2012MM11,106.2
10996,A6,309700,10996,2.5,0.0,2012MM12,106.2
10998,A6,309700,10998,0.7,0.3,2013MM01,106.6
10999,A6,309700,10999,0.7,0.0,2013MM02,106.6
11000,A6,309700,11000,0.9,0.2,2013MM03,106.8
11001,A6,309700,11001,0.5,-0.3,2013MM04,106.4
11002,A6,309700,11002,0.6,0.1,2013MM05,106.5
11003,A6,309700,11003,0.5,0.0,2013MM06,106.5
11004,A6,309700,11004,0.4,0.1,2013MM07,106.6
11005,A6,309700,11005,0.4,0.1,2013MM08,106.7
11006,A6,309700,11006,0.5,-0.1,2013MM09,106.7
11007,A6,309700,11007,0.4,-0.1,2013MM10,106.6
11008,A6,309700,11008,0.2,-0.1,2013MM11,106.4
11009,A6,309700,11009,0.2,0.0,2013MM12,106.4
11011,A6,309700,11011,1.3,1.5,2014MM01,108.0
11012,A6,309700,11012,1.2,-0.1,2014MM02,107.9
11013,A6,309700,11013,0.7,-0.3,2014MM03,107.6
11014,A6,309700,11014,1.4,0.3,2014MM04,107.9
11015,A6,309700,11015,1.3,0.0,2014MM05,107.9
11016,A6,309700,11016,1.5,0.1,2014MM06,108.1
11017,A6,309700,11017,1.5,0.1,2014MM07,108.2
11018,A6,309700,11018,1.4,0.1,2014MM08,108.2
11019,A6,309700,11019,1.4,-0.1,2014MM09,108.1
11020,A6,309700,11020,1.2,-0.3,2014MM10,107.8
11021,A6,309700,11021,1.2,-0.1,2014MM11,107.7
11022,A6,309700,11022,1.2,0.0,2014MM12,107.7
11024,A6,309700,11024,1.5,1.8,2015MM01,109.6
11025,A6,309700,11025,1.6,0.0,2015MM02,109.6
11026,A6,309700,11026,1.9,0.0,2015MM03,109.6
11027,A6,309700,11027,1.3,-0.2,2015MM04,109.3
11028,A6,309700,11028,1.3,0.0,2015MM05,109.3
11029,A6,309700,11029,1.1,0.0,2015MM06,109.3
11030,A6,309700,11030,2.4,1.4,2015MM07,110.8
11031,A6,309700,11031,2.5,0.2,2015MM08,111.0
11032,A6,309700,11032,2.7,0.0,2015MM09,111.0
11033,A6,309700,11033,2.6,-0.3,2015MM10,110.7
11034,A6,309700,11034,3.0,0.2,2015MM11,110.9
11035,A6,309700,11035,3.1,0.0,2015MM12,111.0
11037,A6,309700,11037,2.0,0.7,2016MM01,111.8
11038,A6,309700,11038,1.8,-0.2,2016MM02,111.5
11039,A6,309700,11039,1.8,0.0,2016MM03,111.5
11040,A6,309700,11040,1.2,-0.8,2016MM04,110.7
11041,A6,309700,11041,1.2,-0.1,2016MM05,110.6
11042,A6,309700,11042,1.2,0.0,2016MM06,110.6
11043,A6,309700,11043,0.8,1.0,2016MM07,111.7
11044,A6,309700,11044,0.6,-0.1,2016MM08,111.6
11045,A6,309700,11045,0.6,0.0,2016MM09,111.7
11046,A6,309700,11046,0.9,0.0,2016MM10,111.7
11047,A6,309700,11047,0.6,0.0,2016MM11,111.7
11048,A6,309700,11048,0.9,0.3,2016MM12,111.9
11050,A6,309700,11050,0.6,0.5,2017MM01,112.5
11051,A6,309700,11051,0.8,0.0,2017MM02,112.4
11052,A6,309700,11052,0.8,0.0,2017MM03,112.5
11053,A6,309700,11053,1.3,-0.4,2017MM04,112.0
11054,A6,309700,11054,1.4,0.1,2017MM05,112.2
11055,A6,309700,11055,1.5,0.0,2017MM06,112.2
11056,A6,309700,11056,0.4,0.0,2017MM07,112.2
11057,A6,309700,11057,0.6,0.1,2017MM08,112.2
11058,A6,309700,11058,0.5,0.0,2017MM09,112.2
11059,A6,309700,11059,0.3,-0.2,2017MM10,112.0
11060,A6,309700,11060,0.3,0.0,2017MM11,112.0
11061,A6,309700,11061,0.0,0.0,2017MM12,112.0
