,Afzet,BedrijfstakkenBranchesSBI2008,ID,OntwikkelingTOV1JaarEerder_2,OntwikkelingTOV1MaandEerder_3,Perioden,ProducentenprijsindexPPI_1
43290,A4,310000,43290,-2.5877076412,-0.596206896552,1981MM01,109.826989619
43291,A4,310000,43291,-2.57541528239,-0.592413793103,1981MM02,109.753979239
43292,A4,310000,43292,-2.56312292359,-0.588620689655,1981MM03,109.680968858
43293,A4,310000,43293,-2.55083056478,-0.584827586207,1981MM04,109.607958478
43294,A4,310000,43294,-2.53853820598,-0.581034482759,1981MM05,109.534948097
43295,A4,310000,43295,-2.52624584718,-0.57724137931,1981MM06,109.461937716
43296,A4,310000,43296,-2.51395348837,-0.573448275862,1981MM07,109.388927336
43297,A4,310000,43297,-2.50166112957,-0.569655172414,1981MM08,109.315916955
43298,A4,310000,43298,-2.48936877076,-0.565862068966,1981MM09,109.242906574
43299,A4,310000,43299,-2.47707641196,-0.562068965517,1981MM10,109.169896194
43300,A4,310000,43300,-2.46478405316,-0.558275862069,1981MM11,109.096885813
43301,A4,310000,43301,-2.45249169435,-0.554482758621,1981MM12,109.023875433
43303,A4,310000,43303,-2.44019933555,-0.550689655172,1982MM01,108.950865052
43304,A4,310000,43304,-2.42790697674,-0.546896551724,1982MM02,108.877854671
43305,A4,310000,43305,-2.41561461794,-0.543103448276,1982MM03,108.804844291
43306,A4,310000,43306,-2.40332225914,-0.539310344828,1982MM04,108.73183391
43307,A4,310000,43307,-2.39102990033,-0.535517241379,1982MM05,108.658823529
43308,A4,310000,43308,-2.37873754153,-0.531724137931,1982MM06,108.585813149
43309,A4,310000,43309,-2.36644518272,-0.527931034483,1982MM07,108.512802768
43310,A4,310000,43310,-2.35415282392,-0.524137931034,1982MM08,108.439792388
43311,A4,310000,43311,-2.34186046512,-0.520344827586,1982MM09,108.366782007
43312,A4,310000,43312,-2.32956810631,-0.516551724138,1982MM10,108.293771626
43313,A4,310000,43313,-2.31727574751,-0.51275862069,1982MM11,108.220761246
43314,A4,310000,43314,-2.3049833887,-0.508965517241,1982MM12,108.147750865
43316,A4,310000,43316,-2.2926910299,-0.505172413793,1983MM01,108.074740484
43317,A4,310000,43317,-2.2803986711,-0.501379310345,1983MM02,108.001730104
43318,A4,310000,43318,-2.26810631229,-0.497586206897,1983MM03,107.928719723
43319,A4,310000,43319,-2.25581395349,-0.493793103448,1983MM04,107.855709343
43320,A4,310000,43320,-2.24352159468,-0.49,1983MM05,107.782698962
43321,A4,310000,43321,-2.23122923588,-0.486206896552,1983MM06,107.709688581
43322,A4,310000,43322,-2.21893687708,-0.482413793103,1983MM07,107.636678201
43323,A4,310000,43323,-2.20664451827,-0.478620689655,1983MM08,107.56366782
43324,A4,310000,43324,-2.19435215947,-0.474827586207,1983MM09,107.490657439
43325,A4,310000,43325,-2.18205980066,-0.471034482759,1983MM10,107.417647059
43326,A4,310000,43326,-2.16976744186,-0.46724137931,1983MM11,107.344636678
43327,A4,310000,43327,-2.15747508306,-0.463448275862,1983MM12,107.271626298
43329,A4,310000,43329,-2.14518272425,-0.459655172414,1984MM01,107.198615917
43330,A4,310000,43330,-2.13289036545,-0.455862068966,1984MM02,107.125605536
43331,A4,310000,43331,-2.12059800664,-0.452068965517,1984MM03,107.052595156
43332,A4,310000,43332,-2.10830564784,-0.448275862069,1984MM04,106.979584775
43333,A4,310000,43333,-2.09601328904,-0.444482758621,1984MM05,106.906574394
43334,A4,310000,43334,-2.08372093023,-0.440689655172,1984MM06,106.833564014
43335,A4,310000,43335,-2.07142857143,-0.436896551724,1984MM07,106.760553633
43336,A4,310000,43336,-2.05913621262,-0.433103448276,1984MM08,106.687543253
43337,A4,310000,43337,-2.04684385382,-0.429310344828,1984MM09,106.614532872
43338,A4,310000,43338,-2.03455149502,-0.425517241379,1984MM10,106.541522491
43339,A4,310000,43339,-2.02225913621,-0.421724137931,1984MM11,106.468512111
43340,A4,310000,43340,-2.00996677741,-0.417931034483,1984MM12,106.39550173
43342,A4,310000,43342,-1.9976744186,-0.414137931034,1985MM01,106.322491349
43343,A4,310000,43343,-1.9853820598,-0.410344827586,1985MM02,106.249480969
43344,A4,310000,43344,-1.973089701,-0.406551724138,1985MM03,106.176470588
43345,A4,310000,43345,-1.96079734219,-0.40275862069,1985MM04,106.103460208
43346,A4,310000,43346,-1.94850498339,-0.398965517241,1985MM05,106.030449827
43347,A4,310000,43347,-1.93621262458,-0.395172413793,1985MM06,105.957439446
43348,A4,310000,43348,-1.92392026578,-0.391379310345,1985MM07,105.884429066
43349,A4,310000,43349,-1.91162790698,-0.387586206897,1985MM08,105.811418685
43350,A4,310000,43350,-1.89933554817,-0.383793103448,1985MM09,105.738408304
43351,A4,310000,43351,-1.88704318937,-0.38,1985MM10,105.665397924
43352,A4,310000,43352,-1.87475083056,-0.376206896552,1985MM11,105.592387543
43353,A4,310000,43353,-1.86245847176,-0.372413793103,1985MM12,105.519377163
43355,A4,310000,43355,-1.85016611296,-0.368620689655,1986MM01,105.446366782
43356,A4,310000,43356,-1.83787375415,-0.364827586207,1986MM02,105.373356401
43357,A4,310000,43357,-1.82558139535,-0.361034482759,1986MM03,105.300346021
43358,A4,310000,43358,-1.81328903654,-0.35724137931,1986MM04,105.22733564
43359,A4,310000,43359,-1.80099667774,-0.353448275862,1986MM05,105.15432526
43360,A4,310000,43360,-1.78870431894,-0.349655172414,1986MM06,105.081314879
43361,A4,310000,43361,-1.77641196013,-0.345862068966,1986MM07,105.008304498
43362,A4,310000,43362,-1.76411960133,-0.342068965517,1986MM08,104.935294118
43363,A4,310000,43363,-1.75182724252,-0.338275862069,1986MM09,104.862283737
43364,A4,310000,43364,-1.73953488372,-0.334482758621,1986MM10,104.789273356
43365,A4,310000,43365,-1.72724252492,-0.330689655172,1986MM11,104.716262976
43366,A4,310000,43366,-1.71495016611,-0.326896551724,1986MM12,104.643252595
43368,A4,310000,43368,-1.70265780731,-0.323103448276,1987MM01,104.570242215
43369,A4,310000,43369,-1.6903654485,-0.319310344828,1987MM02,104.497231834
43370,A4,310000,43370,-1.6780730897,-0.315517241379,1987MM03,104.424221453
43371,A4,310000,43371,-1.6657807309,-0.311724137931,1987MM04,104.351211073
43372,A4,310000,43372,-1.65348837209,-0.307931034483,1987MM05,104.278200692
43373,A4,310000,43373,-1.64119601329,-0.304137931034,1987MM06,104.205190311
43374,A4,310000,43374,-1.62890365449,-0.300344827586,1987MM07,104.132179931
43375,A4,310000,43375,-1.61661129568,-0.296551724138,1987MM08,104.05916955
43376,A4,310000,43376,-1.60431893688,-0.29275862069,1987MM09,103.98615917
43377,A4,310000,43377,-1.59202657807,-0.288965517241,1987MM10,103.913148789
43378,A4,310000,43378,-1.57973421927,-0.285172413793,1987MM11,103.840138408
43379,A4,310000,43379,-1.56744186047,-0.281379310345,1987MM12,103.767128028
43381,A4,310000,43381,-1.55514950166,-0.277586206897,1988MM01,103.694117647
43382,A4,310000,43382,-1.54285714286,-0.273793103448,1988MM02,103.621107266
43383,A4,310000,43383,-1.53056478405,-0.27,1988MM03,103.548096886
43384,A4,310000,43384,-1.51827242525,-0.266206896552,1988MM04,103.475086505
43385,A4,310000,43385,-1.50598006645,-0.262413793103,1988MM05,103.402076125
43386,A4,310000,43386,-1.49368770764,-0.258620689655,1988MM06,103.329065744
43387,A4,310000,43387,-1.48139534884,-0.254827586207,1988MM07,103.256055363
43388,A4,310000,43388,-1.46910299003,-0.251034482759,1988MM08,103.183044983
43389,A4,310000,43389,-1.45681063123,-0.24724137931,1988MM09,103.110034602
43390,A4,310000,43390,-1.44451827243,-0.243448275862,1988MM10,103.037024221
43391,A4,310000,43391,-1.43222591362,-0.239655172414,1988MM11,102.964013841
43392,A4,310000,43392,-1.41993355482,-0.235862068966,1988MM12,102.89100346
43394,A4,310000,43394,-1.40764119601,-0.232068965517,1989MM01,102.81799308
43395,A4,310000,43395,-1.39534883721,-0.228275862069,1989MM02,102.744982699
43396,A4,310000,43396,-1.38305647841,-0.224482758621,1989MM03,102.671972318
43397,A4,310000,43397,-1.3707641196,-0.220689655172,1989MM04,102.598961938
43398,A4,310000,43398,-1.3584717608,-0.216896551724,1989MM05,102.525951557
43399,A4,310000,43399,-1.34617940199,-0.213103448276,1989MM06,102.452941176
43400,A4,310000,43400,-1.33388704319,-0.209310344828,1989MM07,102.379930796
43401,A4,310000,43401,-1.32159468439,-0.205517241379,1989MM08,102.306920415
43402,A4,310000,43402,-1.30930232558,-0.201724137931,1989MM09,102.233910035
43403,A4,310000,43403,-1.29700996678,-0.197931034483,1989MM10,102.160899654
43404,A4,310000,43404,-1.28471760797,-0.194137931034,1989MM11,102.087889273
43405,A4,310000,43405,-1.27242524917,-0.190344827586,1989MM12,102.014878893
43407,A4,310000,43407,-1.26013289037,-0.186551724138,1990MM01,101.941868512
43408,A4,310000,43408,-1.24784053156,-0.18275862069,1990MM02,101.868858131
43409,A4,310000,43409,-1.23554817276,-0.178965517241,1990MM03,101.795847751
43410,A4,310000,43410,-1.22325581395,-0.175172413793,1990MM04,101.72283737
43411,A4,310000,43411,-1.21096345515,-0.171379310345,1990MM05,101.64982699
43412,A4,310000,43412,-1.19867109635,-0.167586206897,1990MM06,101.576816609
43413,A4,310000,43413,-1.18637873754,-0.163793103448,1990MM07,101.503806228
43414,A4,310000,43414,-1.17408637874,-0.16,1990MM08,101.430795848
43415,A4,310000,43415,-1.16179401993,-0.156206896552,1990MM09,101.357785467
43416,A4,310000,43416,-1.14950166113,-0.152413793103,1990MM10,101.284775087
43417,A4,310000,43417,-1.13720930233,-0.148620689655,1990MM11,101.211764706
43418,A4,310000,43418,-1.12491694352,-0.144827586207,1990MM12,101.138754325
43420,A4,310000,43420,-1.11262458472,-0.141034482759,1991MM01,101.065743945
43421,A4,310000,43421,-1.10033222591,-0.13724137931,1991MM02,100.992733564
43422,A4,310000,43422,-1.08803986711,-0.133448275862,1991MM03,100.919723183
43423,A4,310000,43423,-1.07574750831,-0.129655172414,1991MM04,100.846712803
43424,A4,310000,43424,-1.0634551495,-0.125862068966,1991MM05,100.773702422
43425,A4,310000,43425,-1.0511627907,-0.122068965517,1991MM06,100.700692042
43426,A4,310000,43426,-1.03887043189,-0.118275862069,1991MM07,100.627681661
43427,A4,310000,43427,-1.02657807309,-0.114482758621,1991MM08,100.55467128
43428,A4,310000,43428,-1.01428571429,-0.110689655172,1991MM09,100.4816609
43429,A4,310000,43429,-1.00199335548,-0.106896551724,1991MM10,100.408650519
43430,A4,310000,43430,-0.989700996678,-0.103103448276,1991MM11,100.335640138
43431,A4,310000,43431,-0.977408637874,-0.0993103448276,1991MM12,100.262629758
43433,A4,310000,43433,-0.96511627907,-0.0955172413793,1992MM01,100.189619377
43434,A4,310000,43434,-0.952823920266,-0.091724137931,1992MM02,100.116608997
43435,A4,310000,43435,-0.940531561462,-0.0879310344828,1992MM03,100.043598616
43436,A4,310000,43436,-0.928239202658,-0.0841379310345,1992MM04,99.9705882353
43437,A4,310000,43437,-0.915946843854,-0.0803448275862,1992MM05,99.8975778547
43438,A4,310000,43438,-0.90365448505,-0.0765517241379,1992MM06,99.824567474
43439,A4,310000,43439,-0.891362126246,-0.0727586206897,1992MM07,99.7515570934
43440,A4,310000,43440,-0.879069767442,-0.0689655172414,1992MM08,99.6785467128
43441,A4,310000,43441,-0.866777408638,-0.0651724137931,1992MM09,99.6055363322
43442,A4,310000,43442,-0.854485049834,-0.0613793103448,1992MM10,99.5325259516
43443,A4,310000,43443,-0.84219269103,-0.0575862068966,1992MM11,99.4595155709
43444,A4,310000,43444,-0.829900332226,-0.0537931034483,1992MM12,99.3865051903
43446,A4,310000,43446,-0.817607973422,-0.05,1993MM01,99.3134948097
43447,A4,310000,43447,-0.805315614618,-0.0462068965517,1993MM02,99.2404844291
43448,A4,310000,43448,-0.793023255814,-0.0424137931034,1993MM03,99.1674740484
43449,A4,310000,43449,-0.78073089701,-0.0386206896552,1993MM04,99.0944636678
43450,A4,310000,43450,-0.768438538206,-0.0348275862069,1993MM05,99.0214532872
43451,A4,310000,43451,-0.756146179402,-0.0310344827586,1993MM06,98.9484429066
43452,A4,310000,43452,-0.743853820598,-0.0272413793103,1993MM07,98.875432526
43453,A4,310000,43453,-0.731561461794,-0.0234482758621,1993MM08,98.8024221453
43454,A4,310000,43454,-0.71926910299,-0.0196551724138,1993MM09,98.7294117647
43455,A4,310000,43455,-0.706976744186,-0.0158620689655,1993MM10,98.6564013841
43456,A4,310000,43456,-0.694684385382,-0.0120689655172,1993MM11,98.5833910035
43457,A4,310000,43457,-0.682392026578,-0.00827586206897,1993MM12,98.5103806228
43459,A4,310000,43459,-0.670099667774,-0.00448275862069,1994MM01,98.4373702422
43460,A4,310000,43460,-0.65780730897,-0.000689655172414,1994MM02,98.3643598616
43461,A4,310000,43461,-0.645514950166,0.00310344827586,1994MM03,98.291349481
43462,A4,310000,43462,-0.633222591362,0.00689655172414,1994MM04,98.2183391003
43463,A4,310000,43463,-0.620930232558,0.0106896551724,1994MM05,98.1453287197
43464,A4,310000,43464,-0.608637873754,0.0144827586207,1994MM06,98.0723183391
43465,A4,310000,43465,-0.59634551495,0.018275862069,1994MM07,97.9993079585
43466,A4,310000,43466,-0.584053156146,0.0220689655172,1994MM08,97.9262975779
43467,A4,310000,43467,-0.571760797342,0.0258620689655,1994MM09,97.8532871972
43468,A4,310000,43468,-0.559468438538,0.0296551724138,1994MM10,97.7802768166
43469,A4,310000,43469,-0.547176079734,0.0334482758621,1994MM11,97.707266436
43470,A4,310000,43470,-0.53488372093,0.0372413793103,1994MM12,97.6342560554
43472,A4,310000,43472,-0.522591362126,0.0410344827586,1995MM01,97.5612456747
43473,A4,310000,43473,-0.510299003322,0.0448275862069,1995MM02,97.4882352941
43474,A4,310000,43474,-0.498006644518,0.0486206896552,1995MM03,97.4152249135
43475,A4,310000,43475,-0.485714285714,0.0524137931034,1995MM04,97.3422145329
43476,A4,310000,43476,-0.47342192691,0.0562068965517,1995MM05,97.2692041522
43477,A4,310000,43477,-0.461129568106,0.06,1995MM06,97.1961937716
43478,A4,310000,43478,-0.448837209302,0.0637931034483,1995MM07,97.123183391
43479,A4,310000,43479,-0.436544850498,0.0675862068966,1995MM08,97.0501730104
43480,A4,310000,43480,-0.424252491694,0.0713793103448,1995MM09,96.9771626298
43481,A4,310000,43481,-0.41196013289,0.0751724137931,1995MM10,96.9041522491
43482,A4,310000,43482,-0.399667774086,0.0789655172414,1995MM11,96.8311418685
43483,A4,310000,43483,-0.387375415282,0.0827586206897,1995MM12,96.7581314879
43485,A4,310000,43485,-0.375083056478,0.0865517241379,1996MM01,96.6851211073
43486,A4,310000,43486,-0.362790697674,0.0903448275862,1996MM02,96.6121107266
43487,A4,310000,43487,-0.35049833887,0.0941379310345,1996MM03,96.539100346
43488,A4,310000,43488,-0.338205980066,0.0979310344828,1996MM04,96.4660899654
43489,A4,310000,43489,-0.325913621262,0.101724137931,1996MM05,96.3930795848
43490,A4,310000,43490,-0.313621262458,0.105517241379,1996MM06,96.3200692042
43491,A4,310000,43491,-0.301328903654,0.109310344828,1996MM07,96.2470588235
43492,A4,310000,43492,-0.28903654485,0.113103448276,1996MM08,96.1740484429
43493,A4,310000,43493,-0.276744186047,0.116896551724,1996MM09,96.1010380623
43494,A4,310000,43494,-0.264451827243,0.120689655172,1996MM10,96.0280276817
43495,A4,310000,43495,-0.252159468439,0.124482758621,1996MM11,95.955017301
43496,A4,310000,43496,-0.239867109635,0.128275862069,1996MM12,95.8820069204
43498,A4,310000,43498,-0.227574750831,0.132068965517,1997MM01,95.8089965398
43499,A4,310000,43499,-0.215282392027,0.135862068966,1997MM02,95.7359861592
43500,A4,310000,43500,-0.202990033223,0.139655172414,1997MM03,95.6629757785
43501,A4,310000,43501,-0.190697674419,0.143448275862,1997MM04,95.5899653979
43502,A4,310000,43502,-0.178405315615,0.14724137931,1997MM05,95.5169550173
43503,A4,310000,43503,-0.166112956811,0.151034482759,1997MM06,95.4439446367
43504,A4,310000,43504,-0.153820598007,0.154827586207,1997MM07,95.3709342561
43505,A4,310000,43505,-0.141528239203,0.158620689655,1997MM08,95.2979238754
43506,A4,310000,43506,-0.129235880399,0.162413793103,1997MM09,95.2249134948
43507,A4,310000,43507,-0.116943521595,0.166206896552,1997MM10,95.1519031142
43508,A4,310000,43508,-0.104651162791,0.17,1997MM11,95.0788927336
43509,A4,310000,43509,-0.0923588039867,0.173793103448,1997MM12,95.0058823529
43511,A4,310000,43511,-0.0800664451827,0.177586206897,1998MM01,94.9328719723
43512,A4,310000,43512,-0.0677740863787,0.181379310345,1998MM02,94.8598615917
43513,A4,310000,43513,-0.0554817275748,0.185172413793,1998MM03,94.7868512111
43514,A4,310000,43514,-0.0431893687708,0.188965517241,1998MM04,94.7138408304
43515,A4,310000,43515,-0.0308970099668,0.19275862069,1998MM05,94.6408304498
43516,A4,310000,43516,-0.0186046511628,0.196551724138,1998MM06,94.5678200692
43517,A4,310000,43517,-0.0063122923588,0.200344827586,1998MM07,94.4948096886
43518,A4,310000,43518,0.00598006644518,0.204137931034,1998MM08,94.421799308
43519,A4,310000,43519,0.0182724252492,0.207931034483,1998MM09,94.3487889273
43520,A4,310000,43520,0.0305647840532,0.211724137931,1998MM10,94.2757785467
43521,A4,310000,43521,0.0428571428571,0.215517241379,1998MM11,94.2027681661
43522,A4,310000,43522,0.0551495016611,0.219310344828,1998MM12,94.1297577855
43524,A4,310000,43524,0.0674418604651,0.223103448276,1999MM01,94.0567474048
43525,A4,310000,43525,0.0797342192691,0.226896551724,1999MM02,93.9837370242
43526,A4,310000,43526,0.0920265780731,0.230689655172,1999MM03,93.9107266436
43527,A4,310000,43527,0.104318936877,0.234482758621,1999MM04,93.837716263
43528,A4,310000,43528,0.116611295681,0.238275862069,1999MM05,93.7647058824
43529,A4,310000,43529,0.128903654485,0.242068965517,1999MM06,93.6916955017
43530,A4,310000,43530,0.141196013289,0.245862068966,1999MM07,93.6186851211
43531,A4,310000,43531,0.153488372093,0.249655172414,1999MM08,93.5456747405
43532,A4,310000,43532,0.165780730897,0.253448275862,1999MM09,93.4726643599
43533,A4,310000,43533,0.178073089701,0.25724137931,1999MM10,93.3996539792
43534,A4,310000,43534,0.190365448505,0.261034482759,1999MM11,93.3266435986
43535,A4,310000,43535,0.202657807309,0.264827586207,1999MM12,93.253633218
43537,A4,310000,43537,0.214950166113,0.268620689655,2000MM01,93.1806228374
43538,A4,310000,43538,0.227242524917,0.272413793103,2000MM02,93.1076124567
43539,A4,310000,43539,0.239534883721,0.276206896552,2000MM03,93.0346020761
43540,A4,310000,43540,0.251827242525,0.28,2000MM04,92.9615916955
43541,A4,310000,43541,0.264119601329,0.283793103448,2000MM05,92.8885813149
43542,A4,310000,43542,0.276411960133,0.287586206897,2000MM06,92.8155709343
43543,A4,310000,43543,0.288704318937,0.291379310345,2000MM07,92.7425605536
43544,A4,310000,43544,0.300996677741,0.295172413793,2000MM08,92.669550173
43545,A4,310000,43545,0.313289036545,0.298965517241,2000MM09,92.5965397924
43546,A4,310000,43546,0.325581395349,0.30275862069,2000MM10,92.5235294118
43547,A4,310000,43547,0.337873754153,0.306551724138,2000MM11,92.4505190311
43548,A4,310000,43548,0.350166112957,0.310344827586,2000MM12,92.3775086505
43550,A4,310000,43550,0.362458471761,0.314137931034,2001MM01,92.3044982699
43551,A4,310000,43551,0.374750830565,0.317931034483,2001MM02,92.2314878893
43552,A4,310000,43552,0.387043189369,0.321724137931,2001MM03,92.1584775087
43553,A4,310000,43553,0.399335548173,0.325517241379,2001MM04,92.085467128
43554,A4,310000,43554,0.411627906977,0.329310344828,2001MM05,92.0124567474
43555,A4,310000,43555,0.423920265781,0.333103448276,2001MM06,91.9394463668
43556,A4,310000,43556,0.436212624585,0.336896551724,2001MM07,91.8664359862
43557,A4,310000,43557,0.448504983389,0.340689655172,2001MM08,91.7934256055
43558,A4,310000,43558,0.460797342193,0.344482758621,2001MM09,91.7204152249
43559,A4,310000,43559,0.473089700997,0.348275862069,2001MM10,91.6474048443
43560,A4,310000,43560,0.485382059801,0.352068965517,2001MM11,91.5743944637
43561,A4,310000,43561,0.497674418605,0.355862068966,2001MM12,91.501384083
43563,A4,310000,43563,0.509966777409,0.359655172414,2002MM01,91.4283737024
43564,A4,310000,43564,0.522259136213,0.363448275862,2002MM02,91.3553633218
43565,A4,310000,43565,0.534551495017,0.36724137931,2002MM03,91.2823529412
43566,A4,310000,43566,0.546843853821,0.371034482759,2002MM04,91.2093425606
43567,A4,310000,43567,0.559136212625,0.374827586207,2002MM05,91.1363321799
43568,A4,310000,43568,0.571428571429,0.378620689655,2002MM06,91.0633217993
43569,A4,310000,43569,0.583720930233,0.382413793103,2002MM07,90.9903114187
43570,A4,310000,43570,0.596013289037,0.386206896552,2002MM08,90.9173010381
43571,A4,310000,43571,0.608305647841,0.39,2002MM09,90.8442906574
43572,A4,310000,43572,0.620598006645,0.393793103448,2002MM10,90.7712802768
43573,A4,310000,43573,0.632890365449,0.397586206897,2002MM11,90.6982698962
43574,A4,310000,43574,0.645182724252,0.401379310345,2002MM12,90.6252595156
43576,A4,310000,43576,0.657475083056,0.405172413793,2003MM01,90.5522491349
43577,A4,310000,43577,0.66976744186,0.408965517241,2003MM02,90.4792387543
43578,A4,310000,43578,0.682059800664,0.41275862069,2003MM03,90.4062283737
43579,A4,310000,43579,0.694352159468,0.416551724138,2003MM04,90.3332179931
43580,A4,310000,43580,0.706644518272,0.420344827586,2003MM05,90.2602076125
43581,A4,310000,43581,0.718936877076,0.424137931034,2003MM06,90.1871972318
43582,A4,310000,43582,0.73122923588,0.427931034483,2003MM07,90.1141868512
43583,A4,310000,43583,0.743521594684,0.431724137931,2003MM08,90.0411764706
43584,A4,310000,43584,0.755813953488,0.435517241379,2003MM09,89.96816609
43585,A4,310000,43585,0.768106312292,0.439310344828,2003MM10,89.8951557093
43586,A4,310000,43586,0.780398671096,0.443103448276,2003MM11,89.8221453287
43587,A4,310000,43587,0.7926910299,0.446896551724,2003MM12,89.7491349481
43589,A4,310000,43589,0.804983388704,0.450689655172,2004MM01,89.6761245675
43590,A4,310000,43590,0.817275747508,0.454482758621,2004MM02,89.6031141869
43591,A4,310000,43591,0.829568106312,0.458275862069,2004MM03,89.5301038062
43592,A4,310000,43592,0.841860465116,0.462068965517,2004MM04,89.4570934256
43593,A4,310000,43593,0.85415282392,0.465862068966,2004MM05,89.384083045
43594,A4,310000,43594,0.866445182724,0.469655172414,2004MM06,89.3110726644
43595,A4,310000,43595,0.878737541528,0.473448275862,2004MM07,89.2380622837
43596,A4,310000,43596,0.891029900332,0.47724137931,2004MM08,89.1650519031
43597,A4,310000,43597,0.903322259136,0.481034482759,2004MM09,89.0920415225
43598,A4,310000,43598,0.91561461794,0.484827586207,2004MM10,89.0190311419
43599,A4,310000,43599,0.927906976744,0.488620689655,2004MM11,88.9460207612
43600,A4,310000,43600,0.940199335548,0.492413793103,2004MM12,88.8730103806
43602,A4,310000,43602,0.952491694352,0.496206896552,2005MM01,88.8
43603,A4,310000,43603,0.964784053156,0.5,2005MM02,89.2
43604,A4,310000,43604,0.97707641196,-0.1,2005MM03,89.1
43605,A4,310000,43605,0.989368770764,0.0,2005MM04,89.0
43606,A4,310000,43606,1.00166112957,0.0,2005MM05,89.0
43607,A4,310000,43607,1.01395348837,0.7,2005MM06,89.6
43608,A4,310000,43608,1.02624584718,0.3,2005MM07,89.9
43609,A4,310000,43609,1.03853820598,0.4,2005MM08,90.3
43610,A4,310000,43610,1.05083056478,-0.1,2005MM09,90.2
43611,A4,310000,43611,1.06312292359,-0.3,2005MM10,90.0
43612,A4,310000,43612,1.07541528239,-0.4,2005MM11,89.6
43613,A4,310000,43613,1.0877076412,-0.1,2005MM12,89.5
43615,A4,310000,43615,1.1,0.3,2006MM01,89.8
43616,A4,310000,43616,0.8,0.1,2006MM02,89.9
43617,A4,310000,43617,0.8,-0.1,2006MM03,89.8
43618,A4,310000,43618,0.8,-0.1,2006MM04,89.7
43619,A4,310000,43619,1.4,0.6,2006MM05,90.3
43620,A4,310000,43620,0.8,0.1,2006MM06,90.4
43621,A4,310000,43621,0.9,0.4,2006MM07,90.7
43622,A4,310000,43622,0.6,0.2,2006MM08,90.8
43623,A4,310000,43623,0.7,0.0,2006MM09,90.9
43624,A4,310000,43624,1.6,0.6,2006MM10,91.4
43625,A4,310000,43625,2.2,0.2,2006MM11,91.6
43626,A4,310000,43626,2.5,0.2,2006MM12,91.7
43628,A4,310000,43628,3.0,0.8,2007MM01,92.5
43629,A4,310000,43629,3.1,0.2,2007MM02,92.6
43630,A4,310000,43630,3.1,-0.1,2007MM03,92.6
43631,A4,310000,43631,3.7,0.6,2007MM04,93.1
43632,A4,310000,43632,3.3,0.2,2007MM05,93.3
43633,A4,310000,43633,3.3,0.1,2007MM06,93.3
43634,A4,310000,43634,3.8,0.9,2007MM07,94.1
43635,A4,310000,43635,3.8,0.2,2007MM08,94.3
43636,A4,310000,43636,4.2,0.4,2007MM09,94.7
43637,A4,310000,43637,5.1,1.5,2007MM10,96.1
43638,A4,310000,43638,5.3,0.3,2007MM11,96.4
43639,A4,310000,43639,5.3,0.2,2007MM12,96.6
43641,A4,310000,43641,6.1,1.6,2008MM01,98.1
43642,A4,310000,43642,6.3,0.3,2008MM02,98.5
43643,A4,310000,43643,6.7,0.3,2008MM03,98.7
43644,A4,310000,43644,7.0,0.8,2008MM04,99.6
43645,A4,310000,43645,7.0,0.2,2008MM05,99.8
43646,A4,310000,43646,7.1,0.2,2008MM06,100.0
43647,A4,310000,43647,6.9,0.7,2008MM07,100.6
43648,A4,310000,43648,6.6,-0.1,2008MM08,100.5
43649,A4,310000,43649,6.3,0.2,2008MM09,100.7
43650,A4,310000,43650,4.6,-0.1,2008MM10,100.6
43651,A4,310000,43651,3.8,-0.5,2008MM11,100.1
43652,A4,310000,43652,3.1,-0.5,2008MM12,99.6
43654,A4,310000,43654,1.6,0.2,2009MM01,99.8
43655,A4,310000,43655,1.2,-0.1,2009MM02,99.7
43656,A4,310000,43656,1.2,0.2,2009MM03,99.9
43657,A4,310000,43657,0.0,-0.4,2009MM04,99.6
43658,A4,310000,43658,-0.2,0.0,2009MM05,99.6
43659,A4,310000,43659,-0.4,0.0,2009MM06,99.6
43660,A4,310000,43660,-0.9,0.1,2009MM07,99.7
43661,A4,310000,43661,-0.9,0.0,2009MM08,99.7
43662,A4,310000,43662,-1.0,0.0,2009MM09,99.7
43663,A4,310000,43663,-1.1,-0.2,2009MM10,99.5
43664,A4,310000,43664,-0.5,0.1,2009MM11,99.6
43665,A4,310000,43665,0.0,0.0,2009MM12,99.5
43667,A4,310000,43667,-1.1,-0.9,2010MM01,98.6
43668,A4,310000,43668,-0.9,0.2,2010MM02,98.8
43669,A4,310000,43669,-1.0,0.1,2010MM03,98.9
43670,A4,310000,43670,-0.5,0.1,2010MM04,99.0
43671,A4,310000,43671,-0.3,0.3,2010MM05,99.3
43672,A4,310000,43672,0.1,0.4,2010MM06,99.7
43673,A4,310000,43673,0.3,0.3,2010MM07,100.0
43674,A4,310000,43674,0.5,0.2,2010MM08,100.2
43675,A4,310000,43675,0.8,0.3,2010MM09,100.4
43676,A4,310000,43676,1.8,0.9,2010MM10,101.3
43677,A4,310000,43677,2.2,0.4,2010MM11,101.8
43678,A4,310000,43678,2.4,0.2,2010MM12,102.0
43680,A4,310000,43680,5.2,1.8,2011MM01,103.8
43681,A4,310000,43681,6.1,1.1,2011MM02,104.9
43682,A4,310000,43682,6.3,0.3,2011MM03,105.2
43683,A4,310000,43683,7.3,1.0,2011MM04,106.3
43684,A4,310000,43684,7.7,0.6,2011MM05,106.9
43685,A4,310000,43685,7.1,-0.1,2011MM06,106.8
43686,A4,310000,43686,7.4,0.6,2011MM07,107.4
43687,A4,310000,43687,7.1,-0.1,2011MM08,107.3
43688,A4,310000,43688,7.3,0.4,2011MM09,107.7
43689,A4,310000,43689,6.5,0.2,2011MM10,107.9
43690,A4,310000,43690,6.2,0.2,2011MM11,108.1
43691,A4,310000,43691,6.0,0.0,2011MM12,108.1
43693,A4,310000,43693,7.4,3.1,2012MM01,111.5
43694,A4,310000,43694,6.3,0.0,2012MM02,111.5
43695,A4,310000,43695,6.0,0.0,2012MM03,111.5
43696,A4,310000,43696,5.7,0.7,2012MM04,112.3
43697,A4,310000,43697,5.1,0.1,2012MM05,112.4
43698,A4,310000,43698,5.3,0.1,2012MM06,112.4
43699,A4,310000,43699,4.8,0.1,2012MM07,112.6
43700,A4,310000,43700,5.0,0.0,2012MM08,112.6
43701,A4,310000,43701,5.1,0.5,2012MM09,113.2
43702,A4,310000,43702,5.0,0.1,2012MM10,113.3
43703,A4,310000,43703,4.8,0.0,2012MM11,113.3
43704,A4,310000,43704,4.6,-0.2,2012MM12,113.1
43706,A4,310000,43706,2.4,0.9,2013MM01,114.1
43707,A4,310000,43707,2.3,-0.1,2013MM02,114.0
43708,A4,310000,43708,2.2,0.0,2013MM03,114.0
43709,A4,310000,43709,1.2,-0.3,2013MM04,113.6
43710,A4,310000,43710,1.1,0.0,2013MM05,113.6
43711,A4,310000,43711,1.1,0.0,2013MM06,113.6
43712,A4,310000,43712,1.1,0.2,2013MM07,113.9
43713,A4,310000,43713,1.2,0.1,2013MM08,114.0
43714,A4,310000,43714,0.6,-0.1,2013MM09,113.9
43715,A4,310000,43715,0.5,0.0,2013MM10,113.8
43716,A4,310000,43716,0.7,0.2,2013MM11,114.1
43717,A4,310000,43717,0.8,-0.1,2013MM12,113.9
43719,A4,310000,43719,-0.7,-0.5,2014MM01,113.3
43720,A4,310000,43720,-0.8,-0.2,2014MM02,113.1
43721,A4,310000,43721,-0.8,0.0,2014MM03,113.1
43722,A4,310000,43722,-0.6,-0.2,2014MM04,112.9
43723,A4,310000,43723,-1.0,-0.4,2014MM05,112.5
43724,A4,310000,43724,-1.0,0.0,2014MM06,112.5
43725,A4,310000,43725,-1.0,0.3,2014MM07,112.7
43726,A4,310000,43726,-1.1,0.0,2014MM08,112.7
43727,A4,310000,43727,-1.1,-0.1,2014MM09,112.6
43728,A4,310000,43728,-1.5,-0.4,2014MM10,112.1
43729,A4,310000,43729,-1.8,-0.1,2014MM11,112.0
43730,A4,310000,43730,-1.9,-0.2,2014MM12,111.8
43732,A4,310000,43732,-2.0,-0.7,2015MM01,111.0
43733,A4,310000,43733,-1.9,-0.1,2015MM02,110.9
43734,A4,310000,43734,-1.8,0.1,2015MM03,111.1
43735,A4,310000,43735,-1.6,0.0,2015MM04,111.1
43736,A4,310000,43736,-1.3,0.0,2015MM05,111.0
43737,A4,310000,43737,-1.1,0.2,2015MM06,111.2
43738,A4,310000,43738,-1.4,0.0,2015MM07,111.2
43739,A4,310000,43739,-1.4,0.0,2015MM08,111.2
43740,A4,310000,43740,-1.3,0.0,2015MM09,111.1
43741,A4,310000,43741,-1.4,-0.5,2015MM10,110.6
43742,A4,310000,43742,-1.0,0.3,2015MM11,111.0
43743,A4,310000,43743,-0.7,0.1,2015MM12,111.0
43745,A4,310000,43745,-0.4,-0.4,2016MM01,110.6
43746,A4,310000,43746,-0.4,-0.1,2016MM02,110.5
43747,A4,310000,43747,-0.5,0.0,2016MM03,110.5
43748,A4,310000,43748,-1.2,-0.7,2016MM04,109.7
43749,A4,310000,43749,-1.0,0.1,2016MM05,109.9
43750,A4,310000,43750,-0.8,0.4,2016MM06,110.3
43751,A4,310000,43751,-0.6,0.2,2016MM07,110.5
43752,A4,310000,43752,-0.4,0.2,2016MM08,110.8
43753,A4,310000,43753,-0.4,0.0,2016MM09,110.7
43754,A4,310000,43754,0.9,0.7,2016MM10,111.5
43755,A4,310000,43755,0.6,0.0,2016MM11,111.6
43756,A4,310000,43756,0.3,-0.2,2016MM12,111.4
43758,A4,310000,43758,3.0,2.2,2017MM01,113.9
43759,A4,310000,43759,3.2,0.1,2017MM02,114.0
43760,A4,310000,43760,3.1,-0.1,2017MM03,113.8
43761,A4,310000,43761,3.7,-0.1,2017MM04,113.8
43762,A4,310000,43762,3.5,0.0,2017MM05,113.7
43763,A4,310000,43763,3.2,0.1,2017MM06,113.9
43764,A4,310000,43764,2.5,-0.5,2017MM07,113.3
43765,A4,310000,43765,2.2,-0.1,2017MM08,113.2
43766,A4,310000,43766,2.5,0.3,2017MM09,113.5
43767,A4,310000,43767,0.8,-1.0,2017MM10,112.4
43768,A4,310000,43768,0.5,-0.2,2017MM11,112.2
43769,A4,310000,43769,0.7,0.0,2017MM12,112.2
