,Afzet,BedrijfstakkenBranchesSBI2008,ID,OntwikkelingTOV1JaarEerder_2,OntwikkelingTOV1MaandEerder_3,Perioden,ProducentenprijsindexPPI_1
75517,A5,310000,75517,0.702990033223,0.00103448275862,1981MM01,112.101384083
75518,A5,310000,75518,0.705980066445,0.00206896551724,1981MM02,112.002768166
75519,A5,310000,75519,0.708970099668,0.00310344827586,1981MM03,111.904152249
75520,A5,310000,75520,0.71196013289,0.00413793103448,1981MM04,111.805536332
75521,A5,310000,75521,0.714950166113,0.0051724137931,1981MM05,111.706920415
75522,A5,310000,75522,0.717940199336,0.00620689655172,1981MM06,111.608304498
75523,A5,310000,75523,0.720930232558,0.00724137931034,1981MM07,111.509688581
75524,A5,310000,75524,0.723920265781,0.00827586206897,1981MM08,111.411072664
75525,A5,310000,75525,0.726910299003,0.00931034482759,1981MM09,111.312456747
75526,A5,310000,75526,0.729900332226,0.0103448275862,1981MM10,111.21384083
75527,A5,310000,75527,0.732890365449,0.0113793103448,1981MM11,111.115224913
75528,A5,310000,75528,0.735880398671,0.0124137931034,1981MM12,111.016608997
75530,A5,310000,75530,0.738870431894,0.0134482758621,1982MM01,110.91799308
75531,A5,310000,75531,0.741860465116,0.0144827586207,1982MM02,110.819377163
75532,A5,310000,75532,0.744850498339,0.0155172413793,1982MM03,110.720761246
75533,A5,310000,75533,0.747840531561,0.0165517241379,1982MM04,110.622145329
75534,A5,310000,75534,0.750830564784,0.0175862068966,1982MM05,110.523529412
75535,A5,310000,75535,0.753820598007,0.0186206896552,1982MM06,110.424913495
75536,A5,310000,75536,0.756810631229,0.0196551724138,1982MM07,110.326297578
75537,A5,310000,75537,0.759800664452,0.0206896551724,1982MM08,110.227681661
75538,A5,310000,75538,0.762790697674,0.021724137931,1982MM09,110.129065744
75539,A5,310000,75539,0.765780730897,0.0227586206897,1982MM10,110.030449827
75540,A5,310000,75540,0.76877076412,0.0237931034483,1982MM11,109.93183391
75541,A5,310000,75541,0.771760797342,0.0248275862069,1982MM12,109.833217993
75543,A5,310000,75543,0.774750830565,0.0258620689655,1983MM01,109.734602076
75544,A5,310000,75544,0.777740863787,0.0268965517241,1983MM02,109.635986159
75545,A5,310000,75545,0.78073089701,0.0279310344828,1983MM03,109.537370242
75546,A5,310000,75546,0.783720930233,0.0289655172414,1983MM04,109.438754325
75547,A5,310000,75547,0.786710963455,0.03,1983MM05,109.340138408
75548,A5,310000,75548,0.789700996678,0.0310344827586,1983MM06,109.241522491
75549,A5,310000,75549,0.7926910299,0.0320689655172,1983MM07,109.142906574
75550,A5,310000,75550,0.795681063123,0.0331034482759,1983MM08,109.044290657
75551,A5,310000,75551,0.798671096346,0.0341379310345,1983MM09,108.94567474
75552,A5,310000,75552,0.801661129568,0.0351724137931,1983MM10,108.847058824
75553,A5,310000,75553,0.804651162791,0.0362068965517,1983MM11,108.748442907
75554,A5,310000,75554,0.807641196013,0.0372413793103,1983MM12,108.64982699
75556,A5,310000,75556,0.810631229236,0.038275862069,1984MM01,108.551211073
75557,A5,310000,75557,0.813621262458,0.0393103448276,1984MM02,108.452595156
75558,A5,310000,75558,0.816611295681,0.0403448275862,1984MM03,108.353979239
75559,A5,310000,75559,0.819601328904,0.0413793103448,1984MM04,108.255363322
75560,A5,310000,75560,0.822591362126,0.0424137931034,1984MM05,108.156747405
75561,A5,310000,75561,0.825581395349,0.0434482758621,1984MM06,108.058131488
75562,A5,310000,75562,0.828571428571,0.0444827586207,1984MM07,107.959515571
75563,A5,310000,75563,0.831561461794,0.0455172413793,1984MM08,107.860899654
75564,A5,310000,75564,0.834551495017,0.0465517241379,1984MM09,107.762283737
75565,A5,310000,75565,0.837541528239,0.0475862068966,1984MM10,107.66366782
75566,A5,310000,75566,0.840531561462,0.0486206896552,1984MM11,107.565051903
75567,A5,310000,75567,0.843521594684,0.0496551724138,1984MM12,107.466435986
75569,A5,310000,75569,0.846511627907,0.0506896551724,1985MM01,107.367820069
75570,A5,310000,75570,0.84950166113,0.051724137931,1985MM02,107.269204152
75571,A5,310000,75571,0.852491694352,0.0527586206897,1985MM03,107.170588235
75572,A5,310000,75572,0.855481727575,0.0537931034483,1985MM04,107.071972318
75573,A5,310000,75573,0.858471760797,0.0548275862069,1985MM05,106.973356401
75574,A5,310000,75574,0.86146179402,0.0558620689655,1985MM06,106.874740484
75575,A5,310000,75575,0.864451827243,0.0568965517241,1985MM07,106.776124567
75576,A5,310000,75576,0.867441860465,0.0579310344828,1985MM08,106.677508651
75577,A5,310000,75577,0.870431893688,0.0589655172414,1985MM09,106.578892734
75578,A5,310000,75578,0.87342192691,0.06,1985MM10,106.480276817
75579,A5,310000,75579,0.876411960133,0.0610344827586,1985MM11,106.3816609
75580,A5,310000,75580,0.879401993355,0.0620689655172,1985MM12,106.283044983
75582,A5,310000,75582,0.882392026578,0.0631034482759,1986MM01,106.184429066
75583,A5,310000,75583,0.885382059801,0.0641379310345,1986MM02,106.085813149
75584,A5,310000,75584,0.888372093023,0.0651724137931,1986MM03,105.987197232
75585,A5,310000,75585,0.891362126246,0.0662068965517,1986MM04,105.888581315
75586,A5,310000,75586,0.894352159468,0.0672413793103,1986MM05,105.789965398
75587,A5,310000,75587,0.897342192691,0.068275862069,1986MM06,105.691349481
75588,A5,310000,75588,0.900332225914,0.0693103448276,1986MM07,105.592733564
75589,A5,310000,75589,0.903322259136,0.0703448275862,1986MM08,105.494117647
75590,A5,310000,75590,0.906312292359,0.0713793103448,1986MM09,105.39550173
75591,A5,310000,75591,0.909302325581,0.0724137931034,1986MM10,105.296885813
75592,A5,310000,75592,0.912292358804,0.0734482758621,1986MM11,105.198269896
75593,A5,310000,75593,0.915282392027,0.0744827586207,1986MM12,105.099653979
75595,A5,310000,75595,0.918272425249,0.0755172413793,1987MM01,105.001038062
75596,A5,310000,75596,0.921262458472,0.0765517241379,1987MM02,104.902422145
75597,A5,310000,75597,0.924252491694,0.0775862068966,1987MM03,104.803806228
75598,A5,310000,75598,0.927242524917,0.0786206896552,1987MM04,104.705190311
75599,A5,310000,75599,0.93023255814,0.0796551724138,1987MM05,104.606574394
75600,A5,310000,75600,0.933222591362,0.0806896551724,1987MM06,104.507958478
75601,A5,310000,75601,0.936212624585,0.081724137931,1987MM07,104.409342561
75602,A5,310000,75602,0.939202657807,0.0827586206897,1987MM08,104.310726644
75603,A5,310000,75603,0.94219269103,0.0837931034483,1987MM09,104.212110727
75604,A5,310000,75604,0.945182724252,0.0848275862069,1987MM10,104.11349481
75605,A5,310000,75605,0.948172757475,0.0858620689655,1987MM11,104.014878893
75606,A5,310000,75606,0.951162790698,0.0868965517241,1987MM12,103.916262976
75608,A5,310000,75608,0.95415282392,0.0879310344828,1988MM01,103.817647059
75609,A5,310000,75609,0.957142857143,0.0889655172414,1988MM02,103.719031142
75610,A5,310000,75610,0.960132890365,0.09,1988MM03,103.620415225
75611,A5,310000,75611,0.963122923588,0.0910344827586,1988MM04,103.521799308
75612,A5,310000,75612,0.966112956811,0.0920689655172,1988MM05,103.423183391
75613,A5,310000,75613,0.969102990033,0.0931034482759,1988MM06,103.324567474
75614,A5,310000,75614,0.972093023256,0.0941379310345,1988MM07,103.225951557
75615,A5,310000,75615,0.975083056478,0.0951724137931,1988MM08,103.12733564
75616,A5,310000,75616,0.978073089701,0.0962068965517,1988MM09,103.028719723
75617,A5,310000,75617,0.981063122924,0.0972413793103,1988MM10,102.930103806
75618,A5,310000,75618,0.984053156146,0.098275862069,1988MM11,102.831487889
75619,A5,310000,75619,0.987043189369,0.0993103448276,1988MM12,102.732871972
75621,A5,310000,75621,0.990033222591,0.100344827586,1989MM01,102.634256055
75622,A5,310000,75622,0.993023255814,0.101379310345,1989MM02,102.535640138
75623,A5,310000,75623,0.996013289037,0.102413793103,1989MM03,102.437024221
75624,A5,310000,75624,0.999003322259,0.103448275862,1989MM04,102.338408304
75625,A5,310000,75625,1.00199335548,0.104482758621,1989MM05,102.239792388
75626,A5,310000,75626,1.0049833887,0.105517241379,1989MM06,102.141176471
75627,A5,310000,75627,1.00797342193,0.106551724138,1989MM07,102.042560554
75628,A5,310000,75628,1.01096345515,0.107586206897,1989MM08,101.943944637
75629,A5,310000,75629,1.01395348837,0.108620689655,1989MM09,101.84532872
75630,A5,310000,75630,1.01694352159,0.109655172414,1989MM10,101.746712803
75631,A5,310000,75631,1.01993355482,0.110689655172,1989MM11,101.648096886
75632,A5,310000,75632,1.02292358804,0.111724137931,1989MM12,101.549480969
75634,A5,310000,75634,1.02591362126,0.11275862069,1990MM01,101.450865052
75635,A5,310000,75635,1.02890365449,0.113793103448,1990MM02,101.352249135
75636,A5,310000,75636,1.03189368771,0.114827586207,1990MM03,101.253633218
75637,A5,310000,75637,1.03488372093,0.115862068966,1990MM04,101.155017301
75638,A5,310000,75638,1.03787375415,0.116896551724,1990MM05,101.056401384
75639,A5,310000,75639,1.04086378738,0.117931034483,1990MM06,100.957785467
75640,A5,310000,75640,1.0438538206,0.118965517241,1990MM07,100.85916955
75641,A5,310000,75641,1.04684385382,0.12,1990MM08,100.760553633
75642,A5,310000,75642,1.04983388704,0.121034482759,1990MM09,100.661937716
75643,A5,310000,75643,1.05282392027,0.122068965517,1990MM10,100.563321799
75644,A5,310000,75644,1.05581395349,0.123103448276,1990MM11,100.464705882
75645,A5,310000,75645,1.05880398671,0.124137931034,1990MM12,100.366089965
75647,A5,310000,75647,1.06179401993,0.125172413793,1991MM01,100.267474048
75648,A5,310000,75648,1.06478405316,0.126206896552,1991MM02,100.168858131
75649,A5,310000,75649,1.06777408638,0.12724137931,1991MM03,100.070242215
75650,A5,310000,75650,1.0707641196,0.128275862069,1991MM04,99.9716262976
75651,A5,310000,75651,1.07375415282,0.129310344828,1991MM05,99.8730103806
75652,A5,310000,75652,1.07674418605,0.130344827586,1991MM06,99.7743944637
75653,A5,310000,75653,1.07973421927,0.131379310345,1991MM07,99.6757785467
75654,A5,310000,75654,1.08272425249,0.132413793103,1991MM08,99.5771626298
75655,A5,310000,75655,1.08571428571,0.133448275862,1991MM09,99.4785467128
75656,A5,310000,75656,1.08870431894,0.134482758621,1991MM10,99.3799307958
75657,A5,310000,75657,1.09169435216,0.135517241379,1991MM11,99.2813148789
75658,A5,310000,75658,1.09468438538,0.136551724138,1991MM12,99.1826989619
75660,A5,310000,75660,1.0976744186,0.137586206897,1992MM01,99.084083045
75661,A5,310000,75661,1.10066445183,0.138620689655,1992MM02,98.985467128
75662,A5,310000,75662,1.10365448505,0.139655172414,1992MM03,98.8868512111
75663,A5,310000,75663,1.10664451827,0.140689655172,1992MM04,98.7882352941
75664,A5,310000,75664,1.1096345515,0.141724137931,1992MM05,98.6896193772
75665,A5,310000,75665,1.11262458472,0.14275862069,1992MM06,98.5910034602
75666,A5,310000,75666,1.11561461794,0.143793103448,1992MM07,98.4923875433
75667,A5,310000,75667,1.11860465116,0.144827586207,1992MM08,98.3937716263
75668,A5,310000,75668,1.12159468439,0.145862068966,1992MM09,98.2951557093
75669,A5,310000,75669,1.12458471761,0.146896551724,1992MM10,98.1965397924
75670,A5,310000,75670,1.12757475083,0.147931034483,1992MM11,98.0979238754
75671,A5,310000,75671,1.13056478405,0.148965517241,1992MM12,97.9993079585
75673,A5,310000,75673,1.13355481728,0.15,1993MM01,97.9006920415
75674,A5,310000,75674,1.1365448505,0.151034482759,1993MM02,97.8020761246
75675,A5,310000,75675,1.13953488372,0.152068965517,1993MM03,97.7034602076
75676,A5,310000,75676,1.14252491694,0.153103448276,1993MM04,97.6048442907
75677,A5,310000,75677,1.14551495017,0.154137931034,1993MM05,97.5062283737
75678,A5,310000,75678,1.14850498339,0.155172413793,1993MM06,97.4076124567
75679,A5,310000,75679,1.15149501661,0.156206896552,1993MM07,97.3089965398
75680,A5,310000,75680,1.15448504983,0.15724137931,1993MM08,97.2103806228
75681,A5,310000,75681,1.15747508306,0.158275862069,1993MM09,97.1117647059
75682,A5,310000,75682,1.16046511628,0.159310344828,1993MM10,97.0131487889
75683,A5,310000,75683,1.1634551495,0.160344827586,1993MM11,96.914532872
75684,A5,310000,75684,1.16644518272,0.161379310345,1993MM12,96.815916955
75686,A5,310000,75686,1.16943521595,0.162413793103,1994MM01,96.7173010381
75687,A5,310000,75687,1.17242524917,0.163448275862,1994MM02,96.6186851211
75688,A5,310000,75688,1.17541528239,0.164482758621,1994MM03,96.5200692042
75689,A5,310000,75689,1.17840531561,0.165517241379,1994MM04,96.4214532872
75690,A5,310000,75690,1.18139534884,0.166551724138,1994MM05,96.3228373702
75691,A5,310000,75691,1.18438538206,0.167586206897,1994MM06,96.2242214533
75692,A5,310000,75692,1.18737541528,0.168620689655,1994MM07,96.1256055363
75693,A5,310000,75693,1.1903654485,0.169655172414,1994MM08,96.0269896194
75694,A5,310000,75694,1.19335548173,0.170689655172,1994MM09,95.9283737024
75695,A5,310000,75695,1.19634551495,0.171724137931,1994MM10,95.8297577855
75696,A5,310000,75696,1.19933554817,0.17275862069,1994MM11,95.7311418685
75697,A5,310000,75697,1.2023255814,0.173793103448,1994MM12,95.6325259516
75699,A5,310000,75699,1.20531561462,0.174827586207,1995MM01,95.5339100346
75700,A5,310000,75700,1.20830564784,0.175862068966,1995MM02,95.4352941176
75701,A5,310000,75701,1.21129568106,0.176896551724,1995MM03,95.3366782007
75702,A5,310000,75702,1.21428571429,0.177931034483,1995MM04,95.2380622837
75703,A5,310000,75703,1.21727574751,0.178965517241,1995MM05,95.1394463668
75704,A5,310000,75704,1.22026578073,0.18,1995MM06,95.0408304498
75705,A5,310000,75705,1.22325581395,0.181034482759,1995MM07,94.9422145329
75706,A5,310000,75706,1.22624584718,0.182068965517,1995MM08,94.8435986159
75707,A5,310000,75707,1.2292358804,0.183103448276,1995MM09,94.744982699
75708,A5,310000,75708,1.23222591362,0.184137931034,1995MM10,94.646366782
75709,A5,310000,75709,1.23521594684,0.185172413793,1995MM11,94.5477508651
75710,A5,310000,75710,1.23820598007,0.186206896552,1995MM12,94.4491349481
75712,A5,310000,75712,1.24119601329,0.18724137931,1996MM01,94.3505190311
75713,A5,310000,75713,1.24418604651,0.188275862069,1996MM02,94.2519031142
75714,A5,310000,75714,1.24717607973,0.189310344828,1996MM03,94.1532871972
75715,A5,310000,75715,1.25016611296,0.190344827586,1996MM04,94.0546712803
75716,A5,310000,75716,1.25315614618,0.191379310345,1996MM05,93.9560553633
75717,A5,310000,75717,1.2561461794,0.192413793103,1996MM06,93.8574394464
75718,A5,310000,75718,1.25913621262,0.193448275862,1996MM07,93.7588235294
75719,A5,310000,75719,1.26212624585,0.194482758621,1996MM08,93.6602076125
75720,A5,310000,75720,1.26511627907,0.195517241379,1996MM09,93.5615916955
75721,A5,310000,75721,1.26810631229,0.196551724138,1996MM10,93.4629757785
75722,A5,310000,75722,1.27109634551,0.197586206897,1996MM11,93.3643598616
75723,A5,310000,75723,1.27408637874,0.198620689655,1996MM12,93.2657439446
75725,A5,310000,75725,1.27707641196,0.199655172414,1997MM01,93.1671280277
75726,A5,310000,75726,1.28006644518,0.200689655172,1997MM02,93.0685121107
75727,A5,310000,75727,1.28305647841,0.201724137931,1997MM03,92.9698961938
75728,A5,310000,75728,1.28604651163,0.20275862069,1997MM04,92.8712802768
75729,A5,310000,75729,1.28903654485,0.203793103448,1997MM05,92.7726643599
75730,A5,310000,75730,1.29202657807,0.204827586207,1997MM06,92.6740484429
75731,A5,310000,75731,1.2950166113,0.205862068966,1997MM07,92.575432526
75732,A5,310000,75732,1.29800664452,0.206896551724,1997MM08,92.476816609
75733,A5,310000,75733,1.30099667774,0.207931034483,1997MM09,92.378200692
75734,A5,310000,75734,1.30398671096,0.208965517241,1997MM10,92.2795847751
75735,A5,310000,75735,1.30697674419,0.21,1997MM11,92.1809688581
75736,A5,310000,75736,1.30996677741,0.211034482759,1997MM12,92.0823529412
75738,A5,310000,75738,1.31295681063,0.212068965517,1998MM01,91.9837370242
75739,A5,310000,75739,1.31594684385,0.213103448276,1998MM02,91.8851211073
75740,A5,310000,75740,1.31893687708,0.214137931034,1998MM03,91.7865051903
75741,A5,310000,75741,1.3219269103,0.215172413793,1998MM04,91.6878892734
75742,A5,310000,75742,1.32491694352,0.216206896552,1998MM05,91.5892733564
75743,A5,310000,75743,1.32790697674,0.21724137931,1998MM06,91.4906574394
75744,A5,310000,75744,1.33089700997,0.218275862069,1998MM07,91.3920415225
75745,A5,310000,75745,1.33388704319,0.219310344828,1998MM08,91.2934256055
75746,A5,310000,75746,1.33687707641,0.220344827586,1998MM09,91.1948096886
75747,A5,310000,75747,1.33986710963,0.221379310345,1998MM10,91.0961937716
75748,A5,310000,75748,1.34285714286,0.222413793103,1998MM11,90.9975778547
75749,A5,310000,75749,1.34584717608,0.223448275862,1998MM12,90.8989619377
75751,A5,310000,75751,1.3488372093,0.224482758621,1999MM01,90.8003460208
75752,A5,310000,75752,1.35182724252,0.225517241379,1999MM02,90.7017301038
75753,A5,310000,75753,1.35481727575,0.226551724138,1999MM03,90.6031141869
75754,A5,310000,75754,1.35780730897,0.227586206897,1999MM04,90.5044982699
75755,A5,310000,75755,1.36079734219,0.228620689655,1999MM05,90.4058823529
75756,A5,310000,75756,1.36378737542,0.229655172414,1999MM06,90.307266436
75757,A5,310000,75757,1.36677740864,0.230689655172,1999MM07,90.208650519
75758,A5,310000,75758,1.36976744186,0.231724137931,1999MM08,90.1100346021
75759,A5,310000,75759,1.37275747508,0.23275862069,1999MM09,90.0114186851
75760,A5,310000,75760,1.37574750831,0.233793103448,1999MM10,89.9128027682
75761,A5,310000,75761,1.37873754153,0.234827586207,1999MM11,89.8141868512
75762,A5,310000,75762,1.38172757475,0.235862068966,1999MM12,89.7155709343
75764,A5,310000,75764,1.38471760797,0.236896551724,2000MM01,89.6169550173
75765,A5,310000,75765,1.3877076412,0.237931034483,2000MM02,89.5183391003
75766,A5,310000,75766,1.39069767442,0.238965517241,2000MM03,89.4197231834
75767,A5,310000,75767,1.39368770764,0.24,2000MM04,89.3211072664
75768,A5,310000,75768,1.39667774086,0.241034482759,2000MM05,89.2224913495
75769,A5,310000,75769,1.39966777409,0.242068965517,2000MM06,89.1238754325
75770,A5,310000,75770,1.40265780731,0.243103448276,2000MM07,89.0252595156
75771,A5,310000,75771,1.40564784053,0.244137931034,2000MM08,88.9266435986
75772,A5,310000,75772,1.40863787375,0.245172413793,2000MM09,88.8280276817
75773,A5,310000,75773,1.41162790698,0.246206896552,2000MM10,88.7294117647
75774,A5,310000,75774,1.4146179402,0.24724137931,2000MM11,88.6307958478
75775,A5,310000,75775,1.41760797342,0.248275862069,2000MM12,88.5321799308
75777,A5,310000,75777,1.42059800664,0.249310344828,2001MM01,88.4335640138
75778,A5,310000,75778,1.42358803987,0.250344827586,2001MM02,88.3349480969
75779,A5,310000,75779,1.42657807309,0.251379310345,2001MM03,88.2363321799
75780,A5,310000,75780,1.42956810631,0.252413793103,2001MM04,88.137716263
75781,A5,310000,75781,1.43255813953,0.253448275862,2001MM05,88.039100346
75782,A5,310000,75782,1.43554817276,0.254482758621,2001MM06,87.9404844291
75783,A5,310000,75783,1.43853820598,0.255517241379,2001MM07,87.8418685121
75784,A5,310000,75784,1.4415282392,0.256551724138,2001MM08,87.7432525952
75785,A5,310000,75785,1.44451827243,0.257586206897,2001MM09,87.6446366782
75786,A5,310000,75786,1.44750830565,0.258620689655,2001MM10,87.5460207612
75787,A5,310000,75787,1.45049833887,0.259655172414,2001MM11,87.4474048443
75788,A5,310000,75788,1.45348837209,0.260689655172,2001MM12,87.3487889273
75790,A5,310000,75790,1.45647840532,0.261724137931,2002MM01,87.2501730104
75791,A5,310000,75791,1.45946843854,0.26275862069,2002MM02,87.1515570934
75792,A5,310000,75792,1.46245847176,0.263793103448,2002MM03,87.0529411765
75793,A5,310000,75793,1.46544850498,0.264827586207,2002MM04,86.9543252595
75794,A5,310000,75794,1.46843853821,0.265862068966,2002MM05,86.8557093426
75795,A5,310000,75795,1.47142857143,0.266896551724,2002MM06,86.7570934256
75796,A5,310000,75796,1.47441860465,0.267931034483,2002MM07,86.6584775087
75797,A5,310000,75797,1.47740863787,0.268965517241,2002MM08,86.5598615917
75798,A5,310000,75798,1.4803986711,0.27,2002MM09,86.4612456747
75799,A5,310000,75799,1.48338870432,0.271034482759,2002MM10,86.3626297578
75800,A5,310000,75800,1.48637873754,0.272068965517,2002MM11,86.2640138408
75801,A5,310000,75801,1.48936877076,0.273103448276,2002MM12,86.1653979239
75803,A5,310000,75803,1.49235880399,0.274137931034,2003MM01,86.0667820069
75804,A5,310000,75804,1.49534883721,0.275172413793,2003MM02,85.96816609
75805,A5,310000,75805,1.49833887043,0.276206896552,2003MM03,85.869550173
75806,A5,310000,75806,1.50132890365,0.27724137931,2003MM04,85.7709342561
75807,A5,310000,75807,1.50431893688,0.278275862069,2003MM05,85.6723183391
75808,A5,310000,75808,1.5073089701,0.279310344828,2003MM06,85.5737024221
75809,A5,310000,75809,1.51029900332,0.280344827586,2003MM07,85.4750865052
75810,A5,310000,75810,1.51328903654,0.281379310345,2003MM08,85.3764705882
75811,A5,310000,75811,1.51627906977,0.282413793103,2003MM09,85.2778546713
75812,A5,310000,75812,1.51926910299,0.283448275862,2003MM10,85.1792387543
75813,A5,310000,75813,1.52225913621,0.284482758621,2003MM11,85.0806228374
75814,A5,310000,75814,1.52524916944,0.285517241379,2003MM12,84.9820069204
75816,A5,310000,75816,1.52823920266,0.286551724138,2004MM01,84.8833910035
75817,A5,310000,75817,1.53122923588,0.287586206897,2004MM02,84.7847750865
75818,A5,310000,75818,1.5342192691,0.288620689655,2004MM03,84.6861591696
75819,A5,310000,75819,1.53720930233,0.289655172414,2004MM04,84.5875432526
75820,A5,310000,75820,1.54019933555,0.290689655172,2004MM05,84.4889273356
75821,A5,310000,75821,1.54318936877,0.291724137931,2004MM06,84.3903114187
75822,A5,310000,75822,1.54617940199,0.29275862069,2004MM07,84.2916955017
75823,A5,310000,75823,1.54916943522,0.293793103448,2004MM08,84.1930795848
75824,A5,310000,75824,1.55215946844,0.294827586207,2004MM09,84.0944636678
75825,A5,310000,75825,1.55514950166,0.295862068966,2004MM10,83.9958477509
75826,A5,310000,75826,1.55813953488,0.296896551724,2004MM11,83.8972318339
75827,A5,310000,75827,1.56112956811,0.297931034483,2004MM12,83.798615917
75829,A5,310000,75829,1.56411960133,0.298965517241,2005MM01,83.7
75830,A5,310000,75830,1.56710963455,0.3,2005MM02,83.9
75831,A5,310000,75831,1.57009966777,0.6,2005MM03,84.4
75832,A5,310000,75832,1.573089701,-0.3,2005MM04,84.1
75833,A5,310000,75833,1.57607973422,-0.1,2005MM05,84.0
75834,A5,310000,75834,1.57906976744,1.0,2005MM06,84.9
75835,A5,310000,75835,1.58205980066,0.1,2005MM07,85.0
75836,A5,310000,75836,1.58504983389,-0.5,2005MM08,84.5
75837,A5,310000,75837,1.58803986711,0.3,2005MM09,84.8
75838,A5,310000,75838,1.59102990033,0.3,2005MM10,85.1
75839,A5,310000,75839,1.59401993355,-0.3,2005MM11,84.8
75840,A5,310000,75840,1.59700996678,0.5,2005MM12,85.2
75842,A5,310000,75842,1.6,-0.2,2006MM01,85.1
75843,A5,310000,75843,1.4,0.0,2006MM02,85.1
75844,A5,310000,75844,0.0,-0.8,2006MM03,84.4
75845,A5,310000,75845,0.0,-0.3,2006MM04,84.2
75846,A5,310000,75846,0.1,0.0,2006MM05,84.2
75847,A5,310000,75847,-0.8,0.0,2006MM06,84.2
75848,A5,310000,75848,-1.0,0.0,2006MM07,84.2
75849,A5,310000,75849,-0.4,0.0,2006MM08,84.2
75850,A5,310000,75850,-1.1,-0.4,2006MM09,83.9
75851,A5,310000,75851,-1.3,0.1,2006MM10,83.9
75852,A5,310000,75852,-0.6,0.4,2006MM11,84.3
75853,A5,310000,75853,0.1,1.2,2006MM12,85.3
75855,A5,310000,75855,0.8,0.5,2007MM01,85.7
75856,A5,310000,75856,1.2,0.5,2007MM02,86.2
75857,A5,310000,75857,2.8,0.7,2007MM03,86.8
75858,A5,310000,75858,4.0,0.8,2007MM04,87.5
75859,A5,310000,75859,4.4,0.4,2007MM05,87.8
75860,A5,310000,75860,5.2,0.8,2007MM06,88.5
75861,A5,310000,75861,5.8,0.6,2007MM07,89.0
75862,A5,310000,75862,5.3,-0.5,2007MM08,88.6
75863,A5,310000,75863,5.7,0.0,2007MM09,88.7
75864,A5,310000,75864,5.5,-0.2,2007MM10,88.5
75865,A5,310000,75865,5.5,0.5,2007MM11,88.9
75866,A5,310000,75866,5.6,1.3,2007MM12,90.1
75868,A5,310000,75868,7.4,2.2,2008MM01,92.1
75869,A5,310000,75869,8.2,1.2,2008MM02,93.2
75870,A5,310000,75870,8.6,1.1,2008MM03,94.3
75871,A5,310000,75871,8.3,0.5,2008MM04,94.7
75872,A5,310000,75872,8.4,0.5,2008MM05,95.2
75873,A5,310000,75873,9.3,1.6,2008MM06,96.8
75874,A5,310000,75874,8.7,0.0,2008MM07,96.8
75875,A5,310000,75875,9.7,0.5,2008MM08,97.2
75876,A5,310000,75876,10.4,0.7,2008MM09,97.9
75877,A5,310000,75877,10.1,-0.4,2008MM10,97.5
75878,A5,310000,75878,8.3,-1.2,2008MM11,96.3
75879,A5,310000,75879,5.7,-1.1,2008MM12,95.2
75881,A5,310000,75881,4.8,1.3,2009MM01,96.5
75882,A5,310000,75882,4.2,0.6,2009MM02,97.1
75883,A5,310000,75883,1.4,-1.6,2009MM03,95.6
75884,A5,310000,75884,1.1,0.2,2009MM04,95.8
75885,A5,310000,75885,-0.7,-1.3,2009MM05,94.6
75886,A5,310000,75886,-1.3,1.0,2009MM06,95.5
75887,A5,310000,75887,-1.7,-0.4,2009MM07,95.2
75888,A5,310000,75888,-1.9,0.2,2009MM08,95.4
75889,A5,310000,75889,-1.9,0.7,2009MM09,96.1
75890,A5,310000,75890,-1.4,0.1,2009MM10,96.2
75891,A5,310000,75891,0.1,0.3,2009MM11,96.5
75892,A5,310000,75892,3.6,2.3,2009MM12,98.7
75894,A5,310000,75894,3.1,0.9,2010MM01,99.5
75895,A5,310000,75895,2.6,0.1,2010MM02,99.6
75896,A5,310000,75896,4.7,0.4,2010MM03,100.0
75897,A5,310000,75897,4.8,0.3,2010MM04,100.4
75898,A5,310000,75898,8.8,2.5,2010MM05,102.9
75899,A5,310000,75899,8.0,0.3,2010MM06,103.2
75900,A5,310000,75900,5.8,-2.4,2010MM07,100.7
75901,A5,310000,75901,4.9,-0.7,2010MM08,100.0
75902,A5,310000,75902,1.9,-2.2,2010MM09,97.9
75903,A5,310000,75903,2.3,0.5,2010MM10,98.4
75904,A5,310000,75904,2.2,0.2,2010MM11,98.6
75905,A5,310000,75905,0.2,0.3,2010MM12,98.9
75907,A5,310000,75907,1.5,2.1,2011MM01,100.9
75908,A5,310000,75908,2.8,1.4,2011MM02,102.4
75909,A5,310000,75909,1.6,-0.7,2011MM03,101.7
75910,A5,310000,75910,0.6,-0.7,2011MM04,100.9
75911,A5,310000,75911,-2.3,-0.4,2011MM05,100.5
75912,A5,310000,75912,-2.8,-0.2,2011MM06,100.3
75913,A5,310000,75913,0.5,0.9,2011MM07,101.2
75914,A5,310000,75914,0.0,-1.2,2011MM08,100.0
75915,A5,310000,75915,1.7,-0.4,2011MM09,99.5
75916,A5,310000,75916,0.7,-0.5,2011MM10,99.1
75917,A5,310000,75917,-0.2,-0.6,2011MM11,98.4
75918,A5,310000,75918,-0.7,-0.3,2011MM12,98.2
75920,A5,310000,75920,-1.6,1.2,2012MM01,99.3
75921,A5,310000,75921,-3.2,-0.2,2012MM02,99.1
75922,A5,310000,75922,-3.7,-1.2,2012MM03,97.9
75923,A5,310000,75923,-3.4,-0.4,2012MM04,97.5
75924,A5,310000,75924,-2.4,0.6,2012MM05,98.1
75925,A5,310000,75925,-1.9,0.3,2012MM06,98.4
75926,A5,310000,75926,-2.0,0.8,2012MM07,99.1
75927,A5,310000,75927,0.5,1.4,2012MM08,100.5
75928,A5,310000,75928,1.3,0.4,2012MM09,100.8
75929,A5,310000,75929,2.1,0.3,2012MM10,101.1
75930,A5,310000,75930,3.7,0.9,2012MM11,102.0
75931,A5,310000,75931,3.7,-0.3,2012MM12,101.8
75933,A5,310000,75933,1.1,-1.4,2013MM01,100.3
75934,A5,310000,75934,-0.1,-1.3,2013MM02,99.0
75935,A5,310000,75935,1.2,0.1,2013MM03,99.1
75936,A5,310000,75936,1.7,0.1,2013MM04,99.2
75937,A5,310000,75937,2.3,1.2,2013MM05,100.3
75938,A5,310000,75938,1.1,-0.9,2013MM06,99.4
75939,A5,310000,75939,1.1,0.8,2013MM07,100.3
75940,A5,310000,75940,1.7,1.9,2013MM08,102.2
75941,A5,310000,75941,3.7,2.3,2013MM09,104.5
75942,A5,310000,75942,4.0,0.7,2013MM10,105.2
75943,A5,310000,75943,2.9,-0.2,2013MM11,105.0
75944,A5,310000,75944,2.9,-0.3,2013MM12,104.7
75946,A5,310000,75946,5.1,0.8,2014MM01,105.5
75947,A5,310000,75947,8.1,1.5,2014MM02,107.0
75948,A5,310000,75948,7.8,-0.2,2014MM03,106.8
75949,A5,310000,75949,8.5,0.7,2014MM04,107.6
75950,A5,310000,75950,7.5,0.3,2014MM05,107.9
75951,A5,310000,75951,10.8,2.2,2014MM06,110.2
75952,A5,310000,75952,10.7,0.7,2014MM07,111.0
75953,A5,310000,75953,9.6,0.9,2014MM08,112.0
75954,A5,310000,75954,7.5,0.3,2014MM09,112.4
75955,A5,310000,75955,5.0,-1.7,2014MM10,110.5
75956,A5,310000,75956,3.8,-1.4,2014MM11,109.0
75957,A5,310000,75957,4.4,0.3,2014MM12,109.3
75959,A5,310000,75959,5.2,1.5,2015MM01,110.9
75960,A5,310000,75960,3.9,0.2,2015MM02,111.2
75961,A5,310000,75961,4.4,0.3,2015MM03,111.5
75962,A5,310000,75962,3.6,0.0,2015MM04,111.4
75963,A5,310000,75963,3.4,0.1,2015MM05,111.5
75964,A5,310000,75964,1.8,0.6,2015MM06,112.2
75965,A5,310000,75965,1.8,0.7,2015MM07,113.0
75966,A5,310000,75966,-0.3,-1.1,2015MM08,111.7
75967,A5,310000,75967,0.8,1.4,2015MM09,113.3
75968,A5,310000,75968,3.5,0.9,2015MM10,114.4
75969,A5,310000,75969,7.0,2.0,2015MM11,116.6
75970,A5,310000,75970,5.1,-1.5,2015MM12,114.9
75972,A5,310000,75972,1.6,-1.8,2016MM01,112.7
75973,A5,310000,75973,0.6,-0.8,2016MM02,111.9
75974,A5,310000,75974,1.5,1.1,2016MM03,113.1
75975,A5,310000,75975,0.1,-1.4,2016MM04,111.6
75976,A5,310000,75976,1.1,1.1,2016MM05,112.7
75977,A5,310000,75977,1.0,0.5,2016MM06,113.3
75978,A5,310000,75978,2.1,1.8,2016MM07,115.3
75979,A5,310000,75979,3.6,0.4,2016MM08,115.8
75980,A5,310000,75980,3.3,1.1,2016MM09,117.1
75981,A5,310000,75981,2.2,-0.2,2016MM10,116.9
75982,A5,310000,75982,-0.5,-0.8,2016MM11,116.0
75983,A5,310000,75983,-0.6,-1.6,2016MM12,114.2
75985,A5,310000,75985,-0.5,-1.8,2017MM01,112.1
75986,A5,310000,75986,0.4,0.2,2017MM02,112.4
75987,A5,310000,75987,-1.8,-1.1,2017MM03,111.1
75988,A5,310000,75988,-1.6,-1.2,2017MM04,109.7
75989,A5,310000,75989,-3.0,-0.3,2017MM05,109.4
75990,A5,310000,75990,-3.9,-0.4,2017MM06,108.9
75991,A5,310000,75991,-6.7,-1.2,2017MM07,107.6
75992,A5,310000,75992,-7.5,-0.5,2017MM08,107.1
75993,A5,310000,75993,-8.0,0.5,2017MM09,107.7
75994,A5,310000,75994,-7.7,0.2,2017MM10,107.9
75995,A5,310000,75995,-6.0,1.1,2017MM11,109.1
75996,A5,310000,75996,-5.6,-1.2,2017MM12,107.7
