,Afzet,BedrijfstakkenBranchesSBI2008,ID,OntwikkelingTOV1JaarEerder_2,OntwikkelingTOV1MaandEerder_3,Perioden,ProducentenprijsindexPPI_1
11375,A6,310000,11375,,,2005MM01,86.2
11376,A6,310000,11376,,0.4,2005MM02,86.5
11377,A6,310000,11377,,0.2,2005MM03,86.7
11378,A6,310000,11378,,-0.2,2005MM04,86.6
11379,A6,310000,11379,,-0.1,2005MM05,86.5
11380,A6,310000,11380,,0.8,2005MM06,87.2
11381,A6,310000,11381,,0.2,2005MM07,87.4
11382,A6,310000,11382,,-0.1,2005MM08,87.4
11383,A6,310000,11383,,0.1,2005MM09,87.5
11384,A6,310000,11384,,0.0,2005MM10,87.5
11385,A6,310000,11385,,-0.4,2005MM11,87.2
11386,A6,310000,11386,,0.2,2005MM12,87.3
11388,A6,310000,11388,1.4,0.1,2006MM01,87.4
11389,A6,310000,11389,1.1,0.1,2006MM02,87.5
11390,A6,310000,11390,0.4,-0.4,2006MM03,87.1
11391,A6,310000,11391,0.4,-0.2,2006MM04,86.9
11392,A6,310000,11392,0.8,0.3,2006MM05,87.2
11393,A6,310000,11393,0.0,0.1,2006MM06,87.2
11394,A6,310000,11394,0.0,0.2,2006MM07,87.4
11395,A6,310000,11395,0.1,0.1,2006MM08,87.5
11396,A6,310000,11396,-0.2,-0.2,2006MM09,87.3
11397,A6,310000,11397,0.2,0.4,2006MM10,87.6
11398,A6,310000,11398,0.8,0.3,2006MM11,87.9
11399,A6,310000,11399,1.3,0.7,2006MM12,88.5
11401,A6,310000,11401,1.9,0.6,2007MM01,89.0
11402,A6,310000,11402,2.2,0.3,2007MM02,89.3
11403,A6,310000,11403,2.9,0.3,2007MM03,89.6
11404,A6,310000,11404,3.8,0.7,2007MM04,90.2
11405,A6,310000,11405,3.8,0.3,2007MM05,90.5
11406,A6,310000,11406,4.2,0.4,2007MM06,90.9
11407,A6,310000,11407,4.8,0.7,2007MM07,91.6
11408,A6,310000,11408,4.5,-0.1,2007MM08,91.4
11409,A6,310000,11409,4.9,0.2,2007MM09,91.6
11410,A6,310000,11410,5.3,0.7,2007MM10,92.3
11411,A6,310000,11411,5.4,0.4,2007MM11,92.6
11412,A6,310000,11412,5.5,0.7,2007MM12,93.3
11414,A6,310000,11414,6.8,1.9,2008MM01,95.1
11415,A6,310000,11415,7.2,0.8,2008MM02,95.8
11416,A6,310000,11416,7.6,0.7,2008MM03,96.5
11417,A6,310000,11417,7.6,0.7,2008MM04,97.1
11418,A6,310000,11418,7.7,0.4,2008MM05,97.5
11419,A6,310000,11419,8.2,0.9,2008MM06,98.4
11420,A6,310000,11420,7.8,0.3,2008MM07,98.7
11421,A6,310000,11421,8.1,0.2,2008MM08,98.9
11422,A6,310000,11422,8.3,0.4,2008MM09,99.3
11423,A6,310000,11423,7.3,-0.3,2008MM10,99.0
11424,A6,310000,11424,6.0,-0.8,2008MM11,98.2
11425,A6,310000,11425,4.3,-0.8,2008MM12,97.4
11427,A6,310000,11427,3.2,0.7,2009MM01,98.1
11428,A6,310000,11428,2.7,0.3,2009MM02,98.4
11429,A6,310000,11429,1.3,-0.7,2009MM03,97.7
11430,A6,310000,11430,0.5,-0.1,2009MM04,97.6
11431,A6,310000,11431,-0.5,-0.6,2009MM05,97.0
11432,A6,310000,11432,-0.8,0.5,2009MM06,97.5
11433,A6,310000,11433,-1.3,-0.1,2009MM07,97.4
11434,A6,310000,11434,-1.4,0.1,2009MM08,97.5
11435,A6,310000,11435,-1.4,0.4,2009MM09,97.8
11436,A6,310000,11436,-1.2,0.0,2009MM10,97.8
11437,A6,310000,11437,-0.2,0.2,2009MM11,98.0
11438,A6,310000,11438,1.8,1.1,2009MM12,99.1
11440,A6,310000,11440,1.0,0.0,2010MM01,99.1
11441,A6,310000,11441,0.9,0.1,2010MM02,99.2
11442,A6,310000,11442,1.8,0.3,2010MM03,99.5
11443,A6,310000,11443,2.1,0.2,2010MM04,99.7
11444,A6,310000,11444,4.2,1.4,2010MM05,101.1
11445,A6,310000,11445,4.0,0.3,2010MM06,101.5
11446,A6,310000,11446,3.0,-1.1,2010MM07,100.3
11447,A6,310000,11447,2.7,-0.3,2010MM08,100.1
11448,A6,310000,11448,1.3,-1.0,2010MM09,99.1
11449,A6,310000,11449,2.1,0.7,2010MM10,99.8
11450,A6,310000,11450,2.2,0.3,2010MM11,100.2
11451,A6,310000,11451,1.3,0.2,2010MM12,100.4
11453,A6,310000,11453,3.3,1.9,2011MM01,102.3
11454,A6,310000,11454,4.4,1.2,2011MM02,103.6
11455,A6,310000,11455,3.9,-0.2,2011MM03,103.4
11456,A6,310000,11456,3.9,0.1,2011MM04,103.6
11457,A6,310000,11457,2.5,0.1,2011MM05,103.7
11458,A6,310000,11458,2.0,-0.2,2011MM06,103.5
11459,A6,310000,11459,3.9,0.7,2011MM07,104.2
11460,A6,310000,11460,3.5,-0.6,2011MM08,103.6
11461,A6,310000,11461,4.5,0.0,2011MM09,103.6
11462,A6,310000,11462,3.6,-0.1,2011MM10,103.4
11463,A6,310000,11463,3.0,-0.2,2011MM11,103.2
11464,A6,310000,11464,2.7,-0.1,2011MM12,103.1
11466,A6,310000,11466,2.9,2.1,2012MM01,105.3
11467,A6,310000,11467,1.5,-0.1,2012MM02,105.2
11468,A6,310000,11468,1.1,-0.6,2012MM03,104.6
11469,A6,310000,11469,1.2,0.2,2012MM04,104.8
11470,A6,310000,11470,1.4,0.3,2012MM05,105.1
11471,A6,310000,11471,1.8,0.2,2012MM06,105.3
11472,A6,310000,11472,1.5,0.4,2012MM07,105.8
11473,A6,310000,11473,2.8,0.7,2012MM08,106.5
11474,A6,310000,11474,3.2,0.4,2012MM09,106.9
11475,A6,310000,11475,3.6,0.2,2012MM10,107.1
11476,A6,310000,11476,4.2,0.4,2012MM11,107.6
11477,A6,310000,11477,4.1,-0.2,2012MM12,107.3
11479,A6,310000,11479,1.7,-0.2,2013MM01,107.1
11480,A6,310000,11480,1.1,-0.7,2013MM02,106.4
11481,A6,310000,11481,1.7,0.0,2013MM03,106.4
11482,A6,310000,11482,1.4,-0.1,2013MM04,106.3
11483,A6,310000,11483,1.7,0.6,2013MM05,106.9
11484,A6,310000,11484,1.1,-0.4,2013MM06,106.4
11485,A6,310000,11485,1.1,0.5,2013MM07,107.0
11486,A6,310000,11486,1.5,1.0,2013MM08,108.0
11487,A6,310000,11487,2.1,1.0,2013MM09,109.1
11488,A6,310000,11488,2.2,0.3,2013MM10,109.5
11489,A6,310000,11489,1.8,0.0,2013MM11,109.5
11490,A6,310000,11490,1.8,-0.2,2013MM12,109.2
11492,A6,310000,11492,2.1,0.1,2014MM01,109.3
11493,A6,310000,11493,3.4,0.6,2014MM02,110.0
11494,A6,310000,11494,3.3,-0.1,2014MM03,109.9
11495,A6,310000,11495,3.7,0.3,2014MM04,110.2
11496,A6,310000,11496,3.1,-0.1,2014MM05,110.1
11497,A6,310000,11497,4.6,1.1,2014MM06,111.3
11498,A6,310000,11498,4.6,0.5,2014MM07,111.9
11499,A6,310000,11499,4.0,0.4,2014MM08,112.4
11500,A6,310000,11500,3.1,0.1,2014MM09,112.5
11501,A6,310000,11501,1.7,-1.1,2014MM10,111.3
11502,A6,310000,11502,0.9,-0.7,2014MM11,110.5
11503,A6,310000,11503,1.2,0.0,2014MM12,110.5
11505,A6,310000,11505,1.5,0.4,2015MM01,111.0
11506,A6,310000,11506,0.9,0.1,2015MM02,111.0
11507,A6,310000,11507,1.3,0.2,2015MM03,111.3
11508,A6,310000,11508,0.9,0.0,2015MM04,111.2
11509,A6,310000,11509,1.0,0.0,2015MM05,111.3
11510,A6,310000,11510,0.3,0.4,2015MM06,111.7
11511,A6,310000,11511,0.2,0.4,2015MM07,112.1
11512,A6,310000,11512,-0.8,-0.6,2015MM08,111.5
11513,A6,310000,11513,-0.2,0.7,2015MM09,112.3
11514,A6,310000,11514,1.1,0.2,2015MM10,112.5
11515,A6,310000,11515,3.0,1.2,2015MM11,113.8
11516,A6,310000,11516,2.2,-0.8,2015MM12,113.0
11518,A6,310000,11518,0.6,-1.1,2016MM01,111.7
11519,A6,310000,11519,0.1,-0.5,2016MM02,111.2
11520,A6,310000,11520,0.5,0.6,2016MM03,111.8
11521,A6,310000,11521,-0.5,-1.0,2016MM04,110.7
11522,A6,310000,11522,0.1,0.6,2016MM05,111.3
11523,A6,310000,11523,0.1,0.4,2016MM06,111.8
11524,A6,310000,11524,0.8,1.0,2016MM07,113.0
11525,A6,310000,11525,1.7,0.3,2016MM08,113.3
11526,A6,310000,11526,1.5,0.6,2016MM09,114.0
11527,A6,310000,11527,1.6,0.3,2016MM10,114.3
11528,A6,310000,11528,0.0,-0.4,2016MM11,113.8
11529,A6,310000,11529,-0.1,-0.9,2016MM12,112.8
11531,A6,310000,11531,1.2,0.2,2017MM01,113.0
11532,A6,310000,11532,1.8,0.1,2017MM02,113.1
11533,A6,310000,11533,0.6,-0.6,2017MM03,112.5
11534,A6,310000,11534,1.0,-0.7,2017MM04,111.7
11535,A6,310000,11535,0.2,-0.2,2017MM05,111.5
11536,A6,310000,11536,-0.4,-0.1,2017MM06,111.4
11537,A6,310000,11537,-2.2,-0.8,2017MM07,110.4
11538,A6,310000,11538,-2.8,-0.3,2017MM08,110.1
11539,A6,310000,11539,-3.0,0.4,2017MM09,110.6
11540,A6,310000,11540,-3.6,-0.4,2017MM10,110.1
11541,A6,310000,11541,-2.8,0.4,2017MM11,110.6
11542,A6,310000,11542,-2.6,-0.6,2017MM12,109.9
