,Afzet,BedrijfstakkenBranchesSBI2008,ID,OntwikkelingTOV1JaarEerder_2,OntwikkelingTOV1MaandEerder_3,Perioden,ProducentenprijsindexPPI_1
76310,A5,310100,76310,,,2005MM01,103.1
76311,A5,310100,76311,,0.0,2005MM02,103.1
76312,A5,310100,76312,,-0.3,2005MM03,102.8
76313,A5,310100,76313,,-0.1,2005MM04,102.7
76314,A5,310100,76314,,0.0,2005MM05,102.7
76315,A5,310100,76315,,0.0,2005MM06,102.7
76316,A5,310100,76316,,0.0,2005MM07,102.7
76317,A5,310100,76317,,-0.2,2005MM08,102.5
76318,A5,310100,76318,,0.0,2005MM09,102.5
76319,A5,310100,76319,,0.0,2005MM10,102.5
76320,A5,310100,76320,,0.0,2005MM11,102.5
76321,A5,310100,76321,,10.9,2005MM12,113.7
76323,A5,310100,76323,15.4,4.6,2006MM01,119.0
76324,A5,310100,76324,14.4,-0.8,2006MM02,118.0
76325,A5,310100,76325,6.6,-7.2,2006MM03,109.5
76326,A5,310100,76326,16.8,9.5,2006MM04,119.9
76327,A5,310100,76327,16.2,-0.4,2006MM05,119.4
76328,A5,310100,76328,19.6,2.9,2006MM06,122.8
76329,A5,310100,76329,19.6,0.0,2006MM07,122.8
76330,A5,310100,76330,19.8,0.0,2006MM08,122.8
76331,A5,310100,76331,19.8,0.0,2006MM09,122.8
76332,A5,310100,76332,19.8,0.0,2006MM10,122.8
76333,A5,310100,76333,19.8,0.0,2006MM11,122.8
76334,A5,310100,76334,8.0,0.0,2006MM12,122.8
76336,A5,310100,76336,3.3,0.0,2007MM01,122.8
76337,A5,310100,76337,4.1,0.0,2007MM02,122.8
76338,A5,310100,76338,12.5,0.3,2007MM03,123.2
76339,A5,310100,76339,2.7,0.0,2007MM04,123.2
76340,A5,310100,76340,3.2,0.0,2007MM05,123.2
76341,A5,310100,76341,0.3,0.0,2007MM06,123.2
76342,A5,310100,76342,0.3,0.0,2007MM07,123.2
76343,A5,310100,76343,0.3,0.0,2007MM08,123.2
76344,A5,310100,76344,0.3,0.0,2007MM09,123.2
76345,A5,310100,76345,0.3,0.0,2007MM10,123.2
76346,A5,310100,76346,0.3,0.0,2007MM11,123.2
76347,A5,310100,76347,0.3,0.0,2007MM12,123.2
76349,A5,310100,76349,0.3,0.0,2008MM01,123.2
76350,A5,310100,76350,0.3,0.0,2008MM02,123.2
76351,A5,310100,76351,0.0,0.0,2008MM03,123.2
76352,A5,310100,76352,0.0,0.0,2008MM04,123.2
76353,A5,310100,76353,0.0,0.0,2008MM05,123.2
76354,A5,310100,76354,0.0,0.0,2008MM06,123.2
76355,A5,310100,76355,0.0,0.0,2008MM07,123.2
76356,A5,310100,76356,0.0,0.0,2008MM08,123.2
76357,A5,310100,76357,0.0,0.0,2008MM09,123.2
76358,A5,310100,76358,0.0,0.0,2008MM10,123.2
76359,A5,310100,76359,-2.6,-2.6,2008MM11,119.9
76360,A5,310100,76360,-2.6,0.0,2008MM12,119.9
76362,A5,310100,76362,-2.6,0.0,2009MM01,119.9
76363,A5,310100,76363,-2.6,0.0,2009MM02,119.9
76364,A5,310100,76364,-2.6,0.0,2009MM03,119.9
76365,A5,310100,76365,-2.6,0.0,2009MM04,119.9
76366,A5,310100,76366,-2.6,0.0,2009MM05,119.9
76367,A5,310100,76367,-2.6,0.0,2009MM06,119.9
76368,A5,310100,76368,-2.6,0.0,2009MM07,119.9
76369,A5,310100,76369,-2.6,0.0,2009MM08,119.9
76370,A5,310100,76370,-2.6,0.0,2009MM09,119.9
76371,A5,310100,76371,-2.6,0.0,2009MM10,119.9
76372,A5,310100,76372,-2.6,0.0,2009MM11,119.9
76373,A5,310100,76373,-2.6,0.0,2009MM12,119.9
76375,A5,310100,76375,-2.6,0.0,2010MM01,119.9
76376,A5,310100,76376,-2.6,0.0,2010MM02,119.9
76377,A5,310100,76377,-2.6,0.0,2010MM03,119.9
76378,A5,310100,76378,-2.6,0.0,2010MM04,119.9
76379,A5,310100,76379,-2.6,0.0,2010MM05,119.9
76380,A5,310100,76380,-2.6,0.0,2010MM06,119.9
76381,A5,310100,76381,-2.6,0.0,2010MM07,119.9
76382,A5,310100,76382,-2.6,0.0,2010MM08,119.9
76383,A5,310100,76383,-2.6,0.0,2010MM09,119.9
76384,A5,310100,76384,-2.6,0.0,2010MM10,119.9
76385,A5,310100,76385,-2.6,0.0,2010MM11,119.9
76386,A5,310100,76386,-2.6,0.0,2010MM12,119.9
76388,A5,310100,76388,-2.6,0.0,2011MM01,119.9
76389,A5,310100,76389,-2.6,0.0,2011MM02,119.9
76390,A5,310100,76390,-2.6,0.0,2011MM03,119.9
76391,A5,310100,76391,-2.6,0.0,2011MM04,119.9
76392,A5,310100,76392,-2.6,0.0,2011MM05,119.9
76393,A5,310100,76393,-2.6,0.0,2011MM06,119.9
76394,A5,310100,76394,-2.6,0.0,2011MM07,119.9
76395,A5,310100,76395,-2.6,0.0,2011MM08,119.9
76396,A5,310100,76396,-2.6,0.0,2011MM09,119.9
76397,A5,310100,76397,-2.6,0.0,2011MM10,119.9
76398,A5,310100,76398,-2.6,0.0,2011MM11,119.9
76399,A5,310100,76399,-2.6,0.0,2011MM12,119.9
76401,A5,310100,76401,-2.6,0.0,2012MM01,119.9
76402,A5,310100,76402,-2.6,0.0,2012MM02,119.9
76403,A5,310100,76403,-2.6,0.0,2012MM03,119.9
76404,A5,310100,76404,-2.6,0.0,2012MM04,119.9
76405,A5,310100,76405,-2.6,0.0,2012MM05,119.9
76406,A5,310100,76406,-2.6,0.0,2012MM06,119.9
76407,A5,310100,76407,-2.6,0.0,2012MM07,119.9
76408,A5,310100,76408,-2.6,0.0,2012MM08,119.9
76409,A5,310100,76409,-2.6,0.0,2012MM09,119.9
76410,A5,310100,76410,-2.6,0.0,2012MM10,119.9
76411,A5,310100,76411,-2.6,0.0,2012MM11,119.9
76412,A5,310100,76412,-2.6,0.0,2012MM12,119.9
76414,A5,310100,76414,-2.6,0.0,2013MM01,119.9
76415,A5,310100,76415,-2.6,0.0,2013MM02,119.9
76416,A5,310100,76416,-2.6,0.0,2013MM03,119.9
76417,A5,310100,76417,-2.6,0.0,2013MM04,119.9
76418,A5,310100,76418,-2.6,0.0,2013MM05,119.9
76419,A5,310100,76419,-2.6,0.0,2013MM06,119.9
76420,A5,310100,76420,-2.6,0.0,2013MM07,119.9
76421,A5,310100,76421,-2.6,0.0,2013MM08,119.9
76422,A5,310100,76422,-2.6,0.0,2013MM09,119.9
76423,A5,310100,76423,-2.6,0.0,2013MM10,119.9
76424,A5,310100,76424,-2.6,0.0,2013MM11,119.9
76425,A5,310100,76425,-2.6,0.0,2013MM12,119.9
76427,A5,310100,76427,-2.6,0.0,2014MM01,119.9
76428,A5,310100,76428,-2.6,0.0,2014MM02,119.9
76429,A5,310100,76429,-2.6,0.0,2014MM03,119.9
76430,A5,310100,76430,-2.6,0.0,2014MM04,119.9
76431,A5,310100,76431,-2.6,0.0,2014MM05,119.9
76432,A5,310100,76432,-2.6,0.0,2014MM06,119.9
76433,A5,310100,76433,-2.6,0.0,2014MM07,119.9
76434,A5,310100,76434,-2.6,0.0,2014MM08,119.9
76435,A5,310100,76435,-2.6,0.0,2014MM09,119.9
76436,A5,310100,76436,-2.6,0.0,2014MM10,119.9
76437,A5,310100,76437,-2.6,0.0,2014MM11,119.9
76438,A5,310100,76438,-2.6,0.0,2014MM12,119.9
76440,A5,310100,76440,-2.6,0.0,2015MM01,119.9
76441,A5,310100,76441,-2.6,0.0,2015MM02,119.9
76442,A5,310100,76442,-2.6,0.0,2015MM03,119.9
76443,A5,310100,76443,-2.6,0.0,2015MM04,119.9
76444,A5,310100,76444,-2.6,0.0,2015MM05,119.9
76445,A5,310100,76445,-2.6,0.0,2015MM06,119.9
76446,A5,310100,76446,-2.6,0.0,2015MM07,119.9
76447,A5,310100,76447,-2.6,0.0,2015MM08,119.9
76448,A5,310100,76448,-2.6,0.0,2015MM09,119.9
76449,A5,310100,76449,-2.6,0.0,2015MM10,119.9
76450,A5,310100,76450,-2.6,0.0,2015MM11,119.9
76451,A5,310100,76451,-2.6,0.0,2015MM12,119.9
76453,A5,310100,76453,-2.6,0.0,2016MM01,119.9
76454,A5,310100,76454,-2.6,0.0,2016MM02,119.9
76455,A5,310100,76455,-2.6,0.0,2016MM03,119.9
76456,A5,310100,76456,-2.6,0.0,2016MM04,119.9
76457,A5,310100,76457,-2.6,0.0,2016MM05,119.9
76458,A5,310100,76458,-2.6,0.0,2016MM06,119.9
76459,A5,310100,76459,-2.6,0.0,2016MM07,119.9
76460,A5,310100,76460,-2.6,0.0,2016MM08,119.9
76461,A5,310100,76461,-2.6,0.0,2016MM09,119.9
76462,A5,310100,76462,-2.6,0.0,2016MM10,119.9
76463,A5,310100,76463,-2.6,0.0,2016MM11,119.9
76464,A5,310100,76464,-2.6,0.0,2016MM12,119.9
76466,A5,310100,76466,-2.6,0.0,2017MM01,119.9
76467,A5,310100,76467,-2.6,0.0,2017MM02,119.9
76468,A5,310100,76468,-2.6,0.0,2017MM03,119.9
76469,A5,310100,76469,-2.6,0.0,2017MM04,119.9
76470,A5,310100,76470,-2.6,0.0,2017MM05,119.9
76471,A5,310100,76471,-2.6,0.0,2017MM06,119.9
76472,A5,310100,76472,-2.6,0.0,2017MM07,119.9
76473,A5,310100,76473,-2.6,0.0,2017MM08,119.9
76474,A5,310100,76474,-2.6,0.0,2017MM09,119.9
76475,A5,310100,76475,-2.6,0.0,2017MM10,119.9
76476,A5,310100,76476,-2.6,0.0,2017MM11,119.9
76477,A5,310100,76477,-2.6,0.0,2017MM12,119.9
