,Afzet,BedrijfstakkenBranchesSBI2008,ID,OntwikkelingTOV1JaarEerder_2,OntwikkelingTOV1MaandEerder_3,Perioden,ProducentenprijsindexPPI_1
12337,A6,310200,12337,,,2005MM01,78.5
12338,A6,310200,12338,,0.6,2005MM02,79.0
12339,A6,310200,12339,,1.0,2005MM03,79.7
12340,A6,310200,12340,,-1.2,2005MM04,78.7
12341,A6,310200,12341,,-0.5,2005MM05,78.4
12342,A6,310200,12342,,1.3,2005MM06,79.4
12343,A6,310200,12343,,-0.7,2005MM07,78.8
12344,A6,310200,12344,,-0.9,2005MM08,78.2
12345,A6,310200,12345,,0.4,2005MM09,78.5
12346,A6,310200,12346,,0.3,2005MM10,78.7
12347,A6,310200,12347,,-0.8,2005MM11,78.1
12348,A6,310200,12348,,0.5,2005MM12,78.5
12350,A6,310200,12350,-0.7,-0.6,2006MM01,78.0
12351,A6,310200,12351,-1.6,-0.4,2006MM02,77.7
12352,A6,310200,12352,-3.0,-0.4,2006MM03,77.3
12353,A6,310200,12353,-2.5,-0.7,2006MM04,76.8
12354,A6,310200,12354,-1.5,0.5,2006MM05,77.2
12355,A6,310200,12355,-2.7,0.1,2006MM06,77.3
12356,A6,310200,12356,-2.0,0.0,2006MM07,77.3
12357,A6,310200,12357,-1.5,-0.4,2006MM08,77.0
12358,A6,310200,12358,-2.5,-0.6,2006MM09,76.5
12359,A6,310200,12359,-2.5,0.3,2006MM10,76.7
12360,A6,310200,12360,-1.8,0.0,2006MM11,76.7
12361,A6,310200,12361,-0.6,1.6,2006MM12,78.0
12363,A6,310200,12363,-0.1,-0.2,2007MM01,77.9
12364,A6,310200,12364,0.9,0.6,2007MM02,78.4
12365,A6,310200,12365,2.4,1.1,2007MM03,79.2
12366,A6,310200,12366,4.2,1.1,2007MM04,80.0
12367,A6,310200,12367,5.1,1.3,2007MM05,81.1
12368,A6,310200,12368,6.1,1.1,2007MM06,82.0
12369,A6,310200,12369,7.7,1.5,2007MM07,83.2
12370,A6,310200,12370,6.6,-1.4,2007MM08,82.1
12371,A6,310200,12371,7.3,0.0,2007MM09,82.1
12372,A6,310200,12372,6.6,-0.4,2007MM10,81.7
12373,A6,310200,12373,6.5,0.0,2007MM11,81.7
12374,A6,310200,12374,7.3,2.5,2007MM12,83.7
12376,A6,310200,12376,10.9,3.1,2008MM01,86.3
12377,A6,310200,12377,12.5,2.1,2008MM02,88.2
12378,A6,310200,12378,13.7,2.2,2008MM03,90.1
12379,A6,310200,12379,12.2,-0.3,2008MM04,89.8
12380,A6,310200,12380,12.2,1.4,2008MM05,91.0
12381,A6,310200,12381,14.3,2.9,2008MM06,93.7
12382,A6,310200,12382,13.1,0.4,2008MM07,94.1
12383,A6,310200,12383,15.3,0.6,2008MM08,94.6
12384,A6,310200,12384,16.5,1.0,2008MM09,95.6
12385,A6,310200,12385,15.4,-1.3,2008MM10,94.3
12386,A6,310200,12386,13.0,-2.1,2008MM11,92.3
12387,A6,310200,12387,8.8,-1.4,2008MM12,91.0
12389,A6,310200,12389,7.3,1.7,2009MM01,92.6
12390,A6,310200,12390,6.3,1.2,2009MM02,93.7
12391,A6,310200,12391,1.8,-2.1,2009MM03,91.7
12392,A6,310200,12392,2.9,0.8,2009MM04,92.4
12393,A6,310200,12393,-0.6,-2.0,2009MM05,90.5
12394,A6,310200,12394,-1.6,1.9,2009MM06,92.2
12395,A6,310200,12395,-2.5,-0.5,2009MM07,91.7
12396,A6,310200,12396,-2.8,0.4,2009MM08,92.0
12397,A6,310200,12397,-2.3,1.5,2009MM09,93.4
12398,A6,310200,12398,0.0,1.0,2009MM10,94.3
12399,A6,310200,12399,2.8,0.6,2009MM11,94.9
12400,A6,310200,12400,8.0,3.6,2009MM12,98.4
12402,A6,310200,12402,7.6,1.3,2010MM01,99.7
12403,A6,310200,12403,6.3,0.0,2010MM02,99.6
12404,A6,310200,12404,9.6,0.9,2010MM03,100.5
12405,A6,310200,12405,9.9,1.0,2010MM04,101.6
12406,A6,310200,12406,16.5,3.8,2010MM05,105.5
12407,A6,310200,12407,14.9,0.5,2010MM06,105.9
12408,A6,310200,12408,10.4,-4.4,2010MM07,101.3
12409,A6,310200,12409,9.0,-0.9,2010MM08,100.3
12410,A6,310200,12410,3.3,-3.8,2010MM09,96.5
12411,A6,310200,12411,2.2,-0.1,2010MM10,96.4
12412,A6,310200,12412,1.5,-0.1,2010MM11,96.3
12413,A6,310200,12413,-2.0,0.1,2010MM12,96.4
12415,A6,310200,12415,-0.7,2.6,2011MM01,98.9
12416,A6,310200,12416,1.2,2.0,2011MM02,100.9
12417,A6,310200,12417,-0.9,-1.3,2011MM03,99.6
12418,A6,310200,12418,-4.2,-2.3,2011MM04,97.3
12419,A6,310200,12419,-8.6,-1.0,2011MM05,96.3
12420,A6,310200,12420,-9.4,-0.4,2011MM06,96.0
12421,A6,310200,12421,-4.0,1.3,2011MM07,97.2
12422,A6,310200,12422,-4.9,-1.9,2011MM08,95.4
12423,A6,310200,12423,-1.8,-0.6,2011MM09,94.8
12424,A6,310200,12424,-4.2,-2.5,2011MM10,92.4
12425,A6,310200,12425,-5.2,-1.2,2011MM11,91.3
12426,A6,310200,12426,-6.2,-0.9,2011MM12,90.5
12428,A6,310200,12428,-8.1,0.6,2012MM01,91.0
12429,A6,310200,12429,-10.0,-0.3,2012MM02,90.7
12430,A6,310200,12430,-10.8,-2.1,2012MM03,88.9
12431,A6,310200,12431,-9.5,-0.9,2012MM04,88.1
12432,A6,310200,12432,-8.2,0.4,2012MM05,88.5
12433,A6,310200,12433,-7.6,0.3,2012MM06,88.7
12434,A6,310200,12434,-8.3,0.5,2012MM07,89.2
12435,A6,310200,12435,-3.8,2.9,2012MM08,91.8
12436,A6,310200,12436,-1.9,1.3,2012MM09,93.0
12437,A6,310200,12437,1.4,0.8,2012MM10,93.7
12438,A6,310200,12438,4.1,1.4,2012MM11,95.0
12439,A6,310200,12439,4.8,-0.2,2012MM12,94.8
12441,A6,310200,12441,1.9,-2.3,2013MM01,92.7
12442,A6,310200,12442,0.3,-1.8,2013MM02,91.0
12443,A6,310200,12443,2.2,-0.2,2013MM03,90.8
12444,A6,310200,12444,4.2,1.1,2013MM04,91.8
12445,A6,310200,12445,6.1,2.2,2013MM05,93.8
12446,A6,310200,12446,4.2,-1.5,2013MM06,92.4
12447,A6,310200,12447,5.6,1.9,2013MM07,94.2
12448,A6,310200,12448,6.3,3.6,2013MM08,97.6
12449,A6,310200,12449,9.1,4.0,2013MM09,101.5
12450,A6,310200,12450,10.3,1.9,2013MM10,103.4
12451,A6,310200,12451,8.3,-0.4,2013MM11,102.9
12452,A6,310200,12452,8.2,-0.3,2013MM12,102.6
12454,A6,310200,12454,11.5,0.7,2014MM01,103.3
12455,A6,310200,12455,16.5,2.6,2014MM02,106.0
12456,A6,310200,12456,16.5,-0.2,2014MM03,105.8
12457,A6,310200,12457,15.7,0.4,2014MM04,106.2
12458,A6,310200,12458,14.0,0.7,2014MM05,106.9
12459,A6,310200,12459,19.7,3.5,2014MM06,110.7
12460,A6,310200,12460,17.8,0.3,2014MM07,111.0
12461,A6,310200,12461,15.2,1.3,2014MM08,112.5
12462,A6,310200,12462,11.6,0.7,2014MM09,113.2
12463,A6,310200,12463,8.1,-1.3,2014MM10,111.7
12464,A6,310200,12464,6.1,-2.3,2014MM11,109.2
12465,A6,310200,12465,7.0,0.5,2014MM12,109.8
12467,A6,310200,12467,7.8,1.4,2015MM01,111.3
12468,A6,310200,12468,5.4,0.3,2015MM02,111.7
12469,A6,310200,12469,5.9,0.3,2015MM03,112.1
12470,A6,310200,12470,5.2,-0.3,2015MM04,111.7
12471,A6,310200,12471,5.0,0.5,2015MM05,112.3
12472,A6,310200,12472,2.6,1.1,2015MM06,113.6
12473,A6,310200,12473,4.0,1.7,2015MM07,115.5
12474,A6,310200,12474,1.0,-1.6,2015MM08,113.6
12475,A6,310200,12475,2.6,2.2,2015MM09,116.1
12476,A6,310200,12476,5.3,1.3,2015MM10,117.7
12477,A6,310200,12477,10.7,2.7,2015MM11,120.9
12478,A6,310200,12478,7.6,-2.3,2015MM12,118.1
12480,A6,310200,12480,2.7,-3.2,2016MM01,114.3
12481,A6,310200,12481,1.1,-1.2,2016MM02,113.0
12482,A6,310200,12482,2.5,1.7,2016MM03,114.9
12483,A6,310200,12483,1.6,-1.3,2016MM04,113.5
12484,A6,310200,12484,2.7,1.6,2016MM05,115.4
12485,A6,310200,12485,2.2,0.6,2016MM06,116.0
12486,A6,310200,12486,3.2,2.7,2016MM07,119.2
12487,A6,310200,12487,5.8,0.8,2016MM08,120.1
12488,A6,310200,12488,5.0,1.5,2016MM09,121.9
12489,A6,310200,12489,3.2,-0.3,2016MM10,121.5
12490,A6,310200,12490,-0.9,-1.4,2016MM11,119.8
12491,A6,310200,12491,-1.4,-2.8,2016MM12,116.4
12493,A6,310200,12493,-2.9,-4.7,2017MM01,111.0
12494,A6,310200,12494,-1.6,0.2,2017MM02,111.2
12495,A6,310200,12495,-5.1,-1.9,2017MM03,109.0
12496,A6,310200,12496,-6.1,-2.3,2017MM04,106.5
12497,A6,310200,12497,-8.2,-0.6,2017MM05,105.9
12498,A6,310200,12498,-9.3,-0.6,2017MM06,105.3
12499,A6,310200,12499,-12.9,-1.4,2017MM07,103.8
12500,A6,310200,12500,-14.2,-0.7,2017MM08,103.1
12501,A6,310200,12501,-14.7,0.9,2017MM09,104.0
12502,A6,310200,12502,-13.6,0.9,2017MM10,105.0
12503,A6,310200,12503,-10.9,1.7,2017MM11,106.8
12504,A6,310200,12504,-10.1,-2.0,2017MM12,104.6
