,Afzet,BedrijfstakkenBranchesSBI2008,ID,OntwikkelingTOV1JaarEerder_2,OntwikkelingTOV1MaandEerder_3,Perioden,ProducentenprijsindexPPI_1
44252,A4,310200,44252,-10.0707641196,-1.99275862069,1981MM01,104.528373702
44253,A4,310200,44253,-10.0415282392,-1.98551724138,1981MM02,104.456747405
44254,A4,310200,44254,-10.0122923588,-1.97827586207,1981MM03,104.385121107
44255,A4,310200,44255,-9.98305647841,-1.97103448276,1981MM04,104.31349481
44256,A4,310200,44256,-9.95382059801,-1.96379310345,1981MM05,104.241868512
44257,A4,310200,44257,-9.92458471761,-1.95655172414,1981MM06,104.170242215
44258,A4,310200,44258,-9.89534883721,-1.94931034483,1981MM07,104.098615917
44259,A4,310200,44259,-9.86611295681,-1.94206896552,1981MM08,104.026989619
44260,A4,310200,44260,-9.83687707641,-1.93482758621,1981MM09,103.955363322
44261,A4,310200,44261,-9.80764119601,-1.9275862069,1981MM10,103.883737024
44262,A4,310200,44262,-9.77840531561,-1.92034482759,1981MM11,103.812110727
44263,A4,310200,44263,-9.74916943522,-1.91310344828,1981MM12,103.740484429
44265,A4,310200,44265,-9.71993355482,-1.90586206897,1982MM01,103.668858131
44266,A4,310200,44266,-9.69069767442,-1.89862068966,1982MM02,103.597231834
44267,A4,310200,44267,-9.66146179402,-1.89137931034,1982MM03,103.525605536
44268,A4,310200,44268,-9.63222591362,-1.88413793103,1982MM04,103.453979239
44269,A4,310200,44269,-9.60299003322,-1.87689655172,1982MM05,103.382352941
44270,A4,310200,44270,-9.57375415282,-1.86965517241,1982MM06,103.310726644
44271,A4,310200,44271,-9.54451827243,-1.8624137931,1982MM07,103.239100346
44272,A4,310200,44272,-9.51528239203,-1.85517241379,1982MM08,103.167474048
44273,A4,310200,44273,-9.48604651163,-1.84793103448,1982MM09,103.095847751
44274,A4,310200,44274,-9.45681063123,-1.84068965517,1982MM10,103.024221453
44275,A4,310200,44275,-9.42757475083,-1.83344827586,1982MM11,102.952595156
44276,A4,310200,44276,-9.39833887043,-1.82620689655,1982MM12,102.880968858
44278,A4,310200,44278,-9.36910299003,-1.81896551724,1983MM01,102.809342561
44279,A4,310200,44279,-9.33986710963,-1.81172413793,1983MM02,102.737716263
44280,A4,310200,44280,-9.31063122924,-1.80448275862,1983MM03,102.666089965
44281,A4,310200,44281,-9.28139534884,-1.79724137931,1983MM04,102.594463668
44282,A4,310200,44282,-9.25215946844,-1.79,1983MM05,102.52283737
44283,A4,310200,44283,-9.22292358804,-1.78275862069,1983MM06,102.451211073
44284,A4,310200,44284,-9.19368770764,-1.77551724138,1983MM07,102.379584775
44285,A4,310200,44285,-9.16445182724,-1.76827586207,1983MM08,102.307958478
44286,A4,310200,44286,-9.13521594684,-1.76103448276,1983MM09,102.23633218
44287,A4,310200,44287,-9.10598006645,-1.75379310345,1983MM10,102.164705882
44288,A4,310200,44288,-9.07674418605,-1.74655172414,1983MM11,102.093079585
44289,A4,310200,44289,-9.04750830565,-1.73931034483,1983MM12,102.021453287
44291,A4,310200,44291,-9.01827242525,-1.73206896552,1984MM01,101.94982699
44292,A4,310200,44292,-8.98903654485,-1.72482758621,1984MM02,101.878200692
44293,A4,310200,44293,-8.95980066445,-1.7175862069,1984MM03,101.806574394
44294,A4,310200,44294,-8.93056478405,-1.71034482759,1984MM04,101.734948097
44295,A4,310200,44295,-8.90132890365,-1.70310344828,1984MM05,101.663321799
44296,A4,310200,44296,-8.87209302326,-1.69586206897,1984MM06,101.591695502
44297,A4,310200,44297,-8.84285714286,-1.68862068966,1984MM07,101.520069204
44298,A4,310200,44298,-8.81362126246,-1.68137931034,1984MM08,101.448442907
44299,A4,310200,44299,-8.78438538206,-1.67413793103,1984MM09,101.376816609
44300,A4,310200,44300,-8.75514950166,-1.66689655172,1984MM10,101.305190311
44301,A4,310200,44301,-8.72591362126,-1.65965517241,1984MM11,101.233564014
44302,A4,310200,44302,-8.69667774086,-1.6524137931,1984MM12,101.161937716
44304,A4,310200,44304,-8.66744186047,-1.64517241379,1985MM01,101.090311419
44305,A4,310200,44305,-8.63820598007,-1.63793103448,1985MM02,101.018685121
44306,A4,310200,44306,-8.60897009967,-1.63068965517,1985MM03,100.947058824
44307,A4,310200,44307,-8.57973421927,-1.62344827586,1985MM04,100.875432526
44308,A4,310200,44308,-8.55049833887,-1.61620689655,1985MM05,100.803806228
44309,A4,310200,44309,-8.52126245847,-1.60896551724,1985MM06,100.732179931
44310,A4,310200,44310,-8.49202657807,-1.60172413793,1985MM07,100.660553633
44311,A4,310200,44311,-8.46279069767,-1.59448275862,1985MM08,100.588927336
44312,A4,310200,44312,-8.43355481728,-1.58724137931,1985MM09,100.517301038
44313,A4,310200,44313,-8.40431893688,-1.58,1985MM10,100.44567474
44314,A4,310200,44314,-8.37508305648,-1.57275862069,1985MM11,100.374048443
44315,A4,310200,44315,-8.34584717608,-1.56551724138,1985MM12,100.302422145
44317,A4,310200,44317,-8.31661129568,-1.55827586207,1986MM01,100.230795848
44318,A4,310200,44318,-8.28737541528,-1.55103448276,1986MM02,100.15916955
44319,A4,310200,44319,-8.25813953488,-1.54379310345,1986MM03,100.087543253
44320,A4,310200,44320,-8.22890365449,-1.53655172414,1986MM04,100.015916955
44321,A4,310200,44321,-8.19966777409,-1.52931034483,1986MM05,99.9442906574
44322,A4,310200,44322,-8.17043189369,-1.52206896552,1986MM06,99.8726643599
44323,A4,310200,44323,-8.14119601329,-1.51482758621,1986MM07,99.8010380623
44324,A4,310200,44324,-8.11196013289,-1.5075862069,1986MM08,99.7294117647
44325,A4,310200,44325,-8.08272425249,-1.50034482759,1986MM09,99.6577854671
44326,A4,310200,44326,-8.05348837209,-1.49310344828,1986MM10,99.5861591696
44327,A4,310200,44327,-8.02425249169,-1.48586206897,1986MM11,99.514532872
44328,A4,310200,44328,-7.9950166113,-1.47862068966,1986MM12,99.4429065744
44330,A4,310200,44330,-7.9657807309,-1.47137931034,1987MM01,99.3712802768
44331,A4,310200,44331,-7.9365448505,-1.46413793103,1987MM02,99.2996539792
44332,A4,310200,44332,-7.9073089701,-1.45689655172,1987MM03,99.2280276817
44333,A4,310200,44333,-7.8780730897,-1.44965517241,1987MM04,99.1564013841
44334,A4,310200,44334,-7.8488372093,-1.4424137931,1987MM05,99.0847750865
44335,A4,310200,44335,-7.8196013289,-1.43517241379,1987MM06,99.0131487889
44336,A4,310200,44336,-7.7903654485,-1.42793103448,1987MM07,98.9415224913
44337,A4,310200,44337,-7.76112956811,-1.42068965517,1987MM08,98.8698961938
44338,A4,310200,44338,-7.73189368771,-1.41344827586,1987MM09,98.7982698962
44339,A4,310200,44339,-7.70265780731,-1.40620689655,1987MM10,98.7266435986
44340,A4,310200,44340,-7.67342192691,-1.39896551724,1987MM11,98.655017301
44341,A4,310200,44341,-7.64418604651,-1.39172413793,1987MM12,98.5833910035
44343,A4,310200,44343,-7.61495016611,-1.38448275862,1988MM01,98.5117647059
44344,A4,310200,44344,-7.58571428571,-1.37724137931,1988MM02,98.4401384083
44345,A4,310200,44345,-7.55647840532,-1.37,1988MM03,98.3685121107
44346,A4,310200,44346,-7.52724252492,-1.36275862069,1988MM04,98.2968858131
44347,A4,310200,44347,-7.49800664452,-1.35551724138,1988MM05,98.2252595156
44348,A4,310200,44348,-7.46877076412,-1.34827586207,1988MM06,98.153633218
44349,A4,310200,44349,-7.43953488372,-1.34103448276,1988MM07,98.0820069204
44350,A4,310200,44350,-7.41029900332,-1.33379310345,1988MM08,98.0103806228
44351,A4,310200,44351,-7.38106312292,-1.32655172414,1988MM09,97.9387543253
44352,A4,310200,44352,-7.35182724252,-1.31931034483,1988MM10,97.8671280277
44353,A4,310200,44353,-7.32259136213,-1.31206896552,1988MM11,97.7955017301
44354,A4,310200,44354,-7.29335548173,-1.30482758621,1988MM12,97.7238754325
44356,A4,310200,44356,-7.26411960133,-1.2975862069,1989MM01,97.6522491349
44357,A4,310200,44357,-7.23488372093,-1.29034482759,1989MM02,97.5806228374
44358,A4,310200,44358,-7.20564784053,-1.28310344828,1989MM03,97.5089965398
44359,A4,310200,44359,-7.17641196013,-1.27586206897,1989MM04,97.4373702422
44360,A4,310200,44360,-7.14717607973,-1.26862068966,1989MM05,97.3657439446
44361,A4,310200,44361,-7.11794019934,-1.26137931034,1989MM06,97.2941176471
44362,A4,310200,44362,-7.08870431894,-1.25413793103,1989MM07,97.2224913495
44363,A4,310200,44363,-7.05946843854,-1.24689655172,1989MM08,97.1508650519
44364,A4,310200,44364,-7.03023255814,-1.23965517241,1989MM09,97.0792387543
44365,A4,310200,44365,-7.00099667774,-1.2324137931,1989MM10,97.0076124567
44366,A4,310200,44366,-6.97176079734,-1.22517241379,1989MM11,96.9359861592
44367,A4,310200,44367,-6.94252491694,-1.21793103448,1989MM12,96.8643598616
44369,A4,310200,44369,-6.91328903654,-1.21068965517,1990MM01,96.792733564
44370,A4,310200,44370,-6.88405315615,-1.20344827586,1990MM02,96.7211072664
44371,A4,310200,44371,-6.85481727575,-1.19620689655,1990MM03,96.6494809689
44372,A4,310200,44372,-6.82558139535,-1.18896551724,1990MM04,96.5778546713
44373,A4,310200,44373,-6.79634551495,-1.18172413793,1990MM05,96.5062283737
44374,A4,310200,44374,-6.76710963455,-1.17448275862,1990MM06,96.4346020761
44375,A4,310200,44375,-6.73787375415,-1.16724137931,1990MM07,96.3629757785
44376,A4,310200,44376,-6.70863787375,-1.16,1990MM08,96.291349481
44377,A4,310200,44377,-6.67940199336,-1.15275862069,1990MM09,96.2197231834
44378,A4,310200,44378,-6.65016611296,-1.14551724138,1990MM10,96.1480968858
44379,A4,310200,44379,-6.62093023256,-1.13827586207,1990MM11,96.0764705882
44380,A4,310200,44380,-6.59169435216,-1.13103448276,1990MM12,96.0048442907
44382,A4,310200,44382,-6.56245847176,-1.12379310345,1991MM01,95.9332179931
44383,A4,310200,44383,-6.53322259136,-1.11655172414,1991MM02,95.8615916955
44384,A4,310200,44384,-6.50398671096,-1.10931034483,1991MM03,95.7899653979
44385,A4,310200,44385,-6.47475083056,-1.10206896552,1991MM04,95.7183391003
44386,A4,310200,44386,-6.44551495017,-1.09482758621,1991MM05,95.6467128028
44387,A4,310200,44387,-6.41627906977,-1.0875862069,1991MM06,95.5750865052
44388,A4,310200,44388,-6.38704318937,-1.08034482759,1991MM07,95.5034602076
44389,A4,310200,44389,-6.35780730897,-1.07310344828,1991MM08,95.43183391
44390,A4,310200,44390,-6.32857142857,-1.06586206897,1991MM09,95.3602076125
44391,A4,310200,44391,-6.29933554817,-1.05862068966,1991MM10,95.2885813149
44392,A4,310200,44392,-6.27009966777,-1.05137931034,1991MM11,95.2169550173
44393,A4,310200,44393,-6.24086378738,-1.04413793103,1991MM12,95.1453287197
44395,A4,310200,44395,-6.21162790698,-1.03689655172,1992MM01,95.0737024221
44396,A4,310200,44396,-6.18239202658,-1.02965517241,1992MM02,95.0020761246
44397,A4,310200,44397,-6.15315614618,-1.0224137931,1992MM03,94.930449827
44398,A4,310200,44398,-6.12392026578,-1.01517241379,1992MM04,94.8588235294
44399,A4,310200,44399,-6.09468438538,-1.00793103448,1992MM05,94.7871972318
44400,A4,310200,44400,-6.06544850498,-1.00068965517,1992MM06,94.7155709343
44401,A4,310200,44401,-6.03621262458,-0.993448275862,1992MM07,94.6439446367
44402,A4,310200,44402,-6.00697674419,-0.986206896552,1992MM08,94.5723183391
44403,A4,310200,44403,-5.97774086379,-0.978965517241,1992MM09,94.5006920415
44404,A4,310200,44404,-5.94850498339,-0.971724137931,1992MM10,94.4290657439
44405,A4,310200,44405,-5.91926910299,-0.964482758621,1992MM11,94.3574394464
44406,A4,310200,44406,-5.89003322259,-0.95724137931,1992MM12,94.2858131488
44408,A4,310200,44408,-5.86079734219,-0.95,1993MM01,94.2141868512
44409,A4,310200,44409,-5.83156146179,-0.94275862069,1993MM02,94.1425605536
44410,A4,310200,44410,-5.8023255814,-0.935517241379,1993MM03,94.0709342561
44411,A4,310200,44411,-5.773089701,-0.928275862069,1993MM04,93.9993079585
44412,A4,310200,44412,-5.7438538206,-0.921034482759,1993MM05,93.9276816609
44413,A4,310200,44413,-5.7146179402,-0.913793103448,1993MM06,93.8560553633
44414,A4,310200,44414,-5.6853820598,-0.906551724138,1993MM07,93.7844290657
44415,A4,310200,44415,-5.6561461794,-0.899310344828,1993MM08,93.7128027682
44416,A4,310200,44416,-5.626910299,-0.892068965517,1993MM09,93.6411764706
44417,A4,310200,44417,-5.5976744186,-0.884827586207,1993MM10,93.569550173
44418,A4,310200,44418,-5.56843853821,-0.877586206897,1993MM11,93.4979238754
44419,A4,310200,44419,-5.53920265781,-0.870344827586,1993MM12,93.4262975779
44421,A4,310200,44421,-5.50996677741,-0.863103448276,1994MM01,93.3546712803
44422,A4,310200,44422,-5.48073089701,-0.855862068966,1994MM02,93.2830449827
44423,A4,310200,44423,-5.45149501661,-0.848620689655,1994MM03,93.2114186851
44424,A4,310200,44424,-5.42225913621,-0.841379310345,1994MM04,93.1397923875
44425,A4,310200,44425,-5.39302325581,-0.834137931034,1994MM05,93.06816609
44426,A4,310200,44426,-5.36378737542,-0.826896551724,1994MM06,92.9965397924
44427,A4,310200,44427,-5.33455149502,-0.819655172414,1994MM07,92.9249134948
44428,A4,310200,44428,-5.30531561462,-0.812413793103,1994MM08,92.8532871972
44429,A4,310200,44429,-5.27607973422,-0.805172413793,1994MM09,92.7816608997
44430,A4,310200,44430,-5.24684385382,-0.797931034483,1994MM10,92.7100346021
44431,A4,310200,44431,-5.21760797342,-0.790689655172,1994MM11,92.6384083045
44432,A4,310200,44432,-5.18837209302,-0.783448275862,1994MM12,92.5667820069
44434,A4,310200,44434,-5.15913621262,-0.776206896552,1995MM01,92.4951557093
44435,A4,310200,44435,-5.12990033223,-0.768965517241,1995MM02,92.4235294118
44436,A4,310200,44436,-5.10066445183,-0.761724137931,1995MM03,92.3519031142
44437,A4,310200,44437,-5.07142857143,-0.754482758621,1995MM04,92.2802768166
44438,A4,310200,44438,-5.04219269103,-0.74724137931,1995MM05,92.208650519
44439,A4,310200,44439,-5.01295681063,-0.74,1995MM06,92.1370242215
44440,A4,310200,44440,-4.98372093023,-0.73275862069,1995MM07,92.0653979239
44441,A4,310200,44441,-4.95448504983,-0.725517241379,1995MM08,91.9937716263
44442,A4,310200,44442,-4.92524916944,-0.718275862069,1995MM09,91.9221453287
44443,A4,310200,44443,-4.89601328904,-0.711034482759,1995MM10,91.8505190311
44444,A4,310200,44444,-4.86677740864,-0.703793103448,1995MM11,91.7788927336
44445,A4,310200,44445,-4.83754152824,-0.696551724138,1995MM12,91.707266436
44447,A4,310200,44447,-4.80830564784,-0.689310344828,1996MM01,91.6356401384
44448,A4,310200,44448,-4.77906976744,-0.682068965517,1996MM02,91.5640138408
44449,A4,310200,44449,-4.74983388704,-0.674827586207,1996MM03,91.4923875433
44450,A4,310200,44450,-4.72059800664,-0.667586206897,1996MM04,91.4207612457
44451,A4,310200,44451,-4.69136212625,-0.660344827586,1996MM05,91.3491349481
44452,A4,310200,44452,-4.66212624585,-0.653103448276,1996MM06,91.2775086505
44453,A4,310200,44453,-4.63289036545,-0.645862068966,1996MM07,91.2058823529
44454,A4,310200,44454,-4.60365448505,-0.638620689655,1996MM08,91.1342560554
44455,A4,310200,44455,-4.57441860465,-0.631379310345,1996MM09,91.0626297578
44456,A4,310200,44456,-4.54518272425,-0.624137931034,1996MM10,90.9910034602
44457,A4,310200,44457,-4.51594684385,-0.616896551724,1996MM11,90.9193771626
44458,A4,310200,44458,-4.48671096346,-0.609655172414,1996MM12,90.8477508651
44460,A4,310200,44460,-4.45747508306,-0.602413793103,1997MM01,90.7761245675
44461,A4,310200,44461,-4.42823920266,-0.595172413793,1997MM02,90.7044982699
44462,A4,310200,44462,-4.39900332226,-0.587931034483,1997MM03,90.6328719723
44463,A4,310200,44463,-4.36976744186,-0.580689655172,1997MM04,90.5612456747
44464,A4,310200,44464,-4.34053156146,-0.573448275862,1997MM05,90.4896193772
44465,A4,310200,44465,-4.31129568106,-0.566206896552,1997MM06,90.4179930796
44466,A4,310200,44466,-4.28205980066,-0.558965517241,1997MM07,90.346366782
44467,A4,310200,44467,-4.25282392027,-0.551724137931,1997MM08,90.2747404844
44468,A4,310200,44468,-4.22358803987,-0.544482758621,1997MM09,90.2031141869
44469,A4,310200,44469,-4.19435215947,-0.53724137931,1997MM10,90.1314878893
44470,A4,310200,44470,-4.16511627907,-0.53,1997MM11,90.0598615917
44471,A4,310200,44471,-4.13588039867,-0.52275862069,1997MM12,89.9882352941
44473,A4,310200,44473,-4.10664451827,-0.515517241379,1998MM01,89.9166089965
44474,A4,310200,44474,-4.07740863787,-0.508275862069,1998MM02,89.844982699
44475,A4,310200,44475,-4.04817275748,-0.501034482759,1998MM03,89.7733564014
44476,A4,310200,44476,-4.01893687708,-0.493793103448,1998MM04,89.7017301038
44477,A4,310200,44477,-3.98970099668,-0.486551724138,1998MM05,89.6301038062
44478,A4,310200,44478,-3.96046511628,-0.479310344828,1998MM06,89.5584775087
44479,A4,310200,44479,-3.93122923588,-0.472068965517,1998MM07,89.4868512111
44480,A4,310200,44480,-3.90199335548,-0.464827586207,1998MM08,89.4152249135
44481,A4,310200,44481,-3.87275747508,-0.457586206897,1998MM09,89.3435986159
44482,A4,310200,44482,-3.84352159468,-0.450344827586,1998MM10,89.2719723183
44483,A4,310200,44483,-3.81428571429,-0.443103448276,1998MM11,89.2003460208
44484,A4,310200,44484,-3.78504983389,-0.435862068966,1998MM12,89.1287197232
44486,A4,310200,44486,-3.75581395349,-0.428620689655,1999MM01,89.0570934256
44487,A4,310200,44487,-3.72657807309,-0.421379310345,1999MM02,88.985467128
44488,A4,310200,44488,-3.69734219269,-0.414137931034,1999MM03,88.9138408304
44489,A4,310200,44489,-3.66810631229,-0.406896551724,1999MM04,88.8422145329
44490,A4,310200,44490,-3.63887043189,-0.399655172414,1999MM05,88.7705882353
44491,A4,310200,44491,-3.6096345515,-0.392413793103,1999MM06,88.6989619377
44492,A4,310200,44492,-3.5803986711,-0.385172413793,1999MM07,88.6273356401
44493,A4,310200,44493,-3.5511627907,-0.377931034483,1999MM08,88.5557093426
44494,A4,310200,44494,-3.5219269103,-0.370689655172,1999MM09,88.484083045
44495,A4,310200,44495,-3.4926910299,-0.363448275862,1999MM10,88.4124567474
44496,A4,310200,44496,-3.4634551495,-0.356206896552,1999MM11,88.3408304498
44497,A4,310200,44497,-3.4342192691,-0.348965517241,1999MM12,88.2692041522
44499,A4,310200,44499,-3.4049833887,-0.341724137931,2000MM01,88.1975778547
44500,A4,310200,44500,-3.37574750831,-0.334482758621,2000MM02,88.1259515571
44501,A4,310200,44501,-3.34651162791,-0.32724137931,2000MM03,88.0543252595
44502,A4,310200,44502,-3.31727574751,-0.32,2000MM04,87.9826989619
44503,A4,310200,44503,-3.28803986711,-0.31275862069,2000MM05,87.9110726644
44504,A4,310200,44504,-3.25880398671,-0.305517241379,2000MM06,87.8394463668
44505,A4,310200,44505,-3.22956810631,-0.298275862069,2000MM07,87.7678200692
44506,A4,310200,44506,-3.20033222591,-0.291034482759,2000MM08,87.6961937716
44507,A4,310200,44507,-3.17109634551,-0.283793103448,2000MM09,87.624567474
44508,A4,310200,44508,-3.14186046512,-0.276551724138,2000MM10,87.5529411765
44509,A4,310200,44509,-3.11262458472,-0.269310344828,2000MM11,87.4813148789
44510,A4,310200,44510,-3.08338870432,-0.262068965517,2000MM12,87.4096885813
44512,A4,310200,44512,-3.05415282392,-0.254827586207,2001MM01,87.3380622837
44513,A4,310200,44513,-3.02491694352,-0.247586206897,2001MM02,87.2664359862
44514,A4,310200,44514,-2.99568106312,-0.240344827586,2001MM03,87.1948096886
44515,A4,310200,44515,-2.96644518272,-0.233103448276,2001MM04,87.123183391
44516,A4,310200,44516,-2.93720930233,-0.225862068966,2001MM05,87.0515570934
44517,A4,310200,44517,-2.90797342193,-0.218620689655,2001MM06,86.9799307958
44518,A4,310200,44518,-2.87873754153,-0.211379310345,2001MM07,86.9083044983
44519,A4,310200,44519,-2.84950166113,-0.204137931034,2001MM08,86.8366782007
44520,A4,310200,44520,-2.82026578073,-0.196896551724,2001MM09,86.7650519031
44521,A4,310200,44521,-2.79102990033,-0.189655172414,2001MM10,86.6934256055
44522,A4,310200,44522,-2.76179401993,-0.182413793103,2001MM11,86.621799308
44523,A4,310200,44523,-2.73255813953,-0.175172413793,2001MM12,86.5501730104
44525,A4,310200,44525,-2.70332225914,-0.167931034483,2002MM01,86.4785467128
44526,A4,310200,44526,-2.67408637874,-0.160689655172,2002MM02,86.4069204152
44527,A4,310200,44527,-2.64485049834,-0.153448275862,2002MM03,86.3352941176
44528,A4,310200,44528,-2.61561461794,-0.146206896552,2002MM04,86.2636678201
44529,A4,310200,44529,-2.58637873754,-0.138965517241,2002MM05,86.1920415225
44530,A4,310200,44530,-2.55714285714,-0.131724137931,2002MM06,86.1204152249
44531,A4,310200,44531,-2.52790697674,-0.124482758621,2002MM07,86.0487889273
44532,A4,310200,44532,-2.49867109635,-0.11724137931,2002MM08,85.9771626298
44533,A4,310200,44533,-2.46943521595,-0.11,2002MM09,85.9055363322
44534,A4,310200,44534,-2.44019933555,-0.10275862069,2002MM10,85.8339100346
44535,A4,310200,44535,-2.41096345515,-0.0955172413793,2002MM11,85.762283737
44536,A4,310200,44536,-2.38172757475,-0.088275862069,2002MM12,85.6906574394
44538,A4,310200,44538,-2.35249169435,-0.0810344827586,2003MM01,85.6190311419
44539,A4,310200,44539,-2.32325581395,-0.0737931034483,2003MM02,85.5474048443
44540,A4,310200,44540,-2.29401993355,-0.0665517241379,2003MM03,85.4757785467
44541,A4,310200,44541,-2.26478405316,-0.0593103448276,2003MM04,85.4041522491
44542,A4,310200,44542,-2.23554817276,-0.0520689655172,2003MM05,85.3325259516
44543,A4,310200,44543,-2.20631229236,-0.0448275862069,2003MM06,85.260899654
44544,A4,310200,44544,-2.17707641196,-0.0375862068966,2003MM07,85.1892733564
44545,A4,310200,44545,-2.14784053156,-0.0303448275862,2003MM08,85.1176470588
44546,A4,310200,44546,-2.11860465116,-0.0231034482759,2003MM09,85.0460207612
44547,A4,310200,44547,-2.08936877076,-0.0158620689655,2003MM10,84.9743944637
44548,A4,310200,44548,-2.06013289037,-0.00862068965517,2003MM11,84.9027681661
44549,A4,310200,44549,-2.03089700997,-0.00137931034483,2003MM12,84.8311418685
44551,A4,310200,44551,-2.00166112957,0.00586206896552,2004MM01,84.7595155709
44552,A4,310200,44552,-1.97242524917,0.0131034482759,2004MM02,84.6878892734
44553,A4,310200,44553,-1.94318936877,0.0203448275862,2004MM03,84.6162629758
44554,A4,310200,44554,-1.91395348837,0.0275862068966,2004MM04,84.5446366782
44555,A4,310200,44555,-1.88471760797,0.0348275862069,2004MM05,84.4730103806
44556,A4,310200,44556,-1.85548172757,0.0420689655172,2004MM06,84.401384083
44557,A4,310200,44557,-1.82624584718,0.0493103448276,2004MM07,84.3297577855
44558,A4,310200,44558,-1.79700996678,0.0565517241379,2004MM08,84.2581314879
44559,A4,310200,44559,-1.76777408638,0.0637931034483,2004MM09,84.1865051903
44560,A4,310200,44560,-1.73853820598,0.0710344827586,2004MM10,84.1148788927
44561,A4,310200,44561,-1.70930232558,0.078275862069,2004MM11,84.0432525952
44562,A4,310200,44562,-1.68006644518,0.0855172413793,2004MM12,83.9716262976
44564,A4,310200,44564,-1.65083056478,0.0927586206897,2005MM01,83.9
44565,A4,310200,44565,-1.62159468439,0.1,2005MM02,83.9
44566,A4,310200,44566,-1.59235880399,-0.1,2005MM03,83.8
44567,A4,310200,44567,-1.56312292359,-0.3,2005MM04,83.5
44568,A4,310200,44568,-1.53388704319,0.3,2005MM05,83.8
44569,A4,310200,44569,-1.50465116279,0.1,2005MM06,83.9
44570,A4,310200,44570,-1.47541528239,-0.4,2005MM07,83.6
44571,A4,310200,44571,-1.44617940199,-0.3,2005MM08,83.3
44572,A4,310200,44572,-1.41694352159,-0.2,2005MM09,83.1
44573,A4,310200,44573,-1.3877076412,0.1,2005MM10,83.2
44574,A4,310200,44574,-1.3584717608,-0.3,2005MM11,83.0
44575,A4,310200,44575,-1.3292358804,0.1,2005MM12,83.0
44577,A4,310200,44577,-1.3,-0.3,2006MM01,82.8
44578,A4,310200,44578,-1.5,-0.1,2006MM02,82.7
44579,A4,310200,44579,-1.6,-0.2,2006MM03,82.5
44580,A4,310200,44580,-1.4,-0.2,2006MM04,82.3
44581,A4,310200,44581,-1.6,0.1,2006MM05,82.4
44582,A4,310200,44582,-1.7,0.0,2006MM06,82.5
44583,A4,310200,44583,-0.8,0.5,2006MM07,82.9
44584,A4,310200,44584,-0.6,0.0,2006MM08,82.9
44585,A4,310200,44585,-0.3,0.0,2006MM09,82.9
44586,A4,310200,44586,0.1,0.5,2006MM10,83.3
44587,A4,310200,44587,0.4,0.0,2006MM11,83.3
44588,A4,310200,44588,0.5,0.2,2006MM12,83.5
44590,A4,310200,44590,2.2,1.3,2007MM01,84.5
44591,A4,310200,44591,2.1,-0.2,2007MM02,84.4
44592,A4,310200,44592,2.5,0.2,2007MM03,84.6
44593,A4,310200,44593,3.5,0.8,2007MM04,85.2
44594,A4,310200,44594,3.5,0.1,2007MM05,85.3
44595,A4,310200,44595,4.0,0.6,2007MM06,85.8
44596,A4,310200,44596,4.4,0.9,2007MM07,86.6
44597,A4,310200,44597,4.7,0.2,2007MM08,86.7
44598,A4,310200,44598,5.1,0.4,2007MM09,87.1
44599,A4,310200,44599,4.8,0.3,2007MM10,87.4
44600,A4,310200,44600,5.4,0.5,2007MM11,87.8
44601,A4,310200,44601,5.5,0.3,2007MM12,88.1
44603,A4,310200,44603,8.0,3.6,2008MM01,91.3
44604,A4,310200,44604,8.8,0.6,2008MM02,91.8
44605,A4,310200,44605,9.7,1.0,2008MM03,92.7
44606,A4,310200,44606,9.9,1.0,2008MM04,93.7
44607,A4,310200,44607,10.2,0.3,2008MM05,94.0
44608,A4,310200,44608,9.9,0.3,2008MM06,94.3
44609,A4,310200,44609,9.0,0.1,2008MM07,94.4
44610,A4,310200,44610,9.0,0.1,2008MM08,94.5
44611,A4,310200,44611,9.0,0.5,2008MM09,95.0
44612,A4,310200,44612,8.6,-0.1,2008MM10,94.8
44613,A4,310200,44613,7.3,-0.7,2008MM11,94.2
44614,A4,310200,44614,6.1,-0.8,2008MM12,93.4
44616,A4,310200,44616,3.0,0.6,2009MM01,94.0
44617,A4,310200,44617,2.8,0.4,2009MM02,94.4
44618,A4,310200,44618,1.9,0.1,2009MM03,94.5
44619,A4,310200,44619,0.7,-0.2,2009MM04,94.3
44620,A4,310200,44620,0.1,-0.3,2009MM05,94.0
44621,A4,310200,44621,-0.4,-0.2,2009MM06,93.9
44622,A4,310200,44622,-0.2,0.4,2009MM07,94.2
44623,A4,310200,44623,-0.4,-0.1,2009MM08,94.2
44624,A4,310200,44624,-0.3,0.5,2009MM09,94.6
44625,A4,310200,44625,0.5,0.8,2009MM10,95.4
44626,A4,310200,44626,2.0,0.8,2009MM11,96.1
44627,A4,310200,44627,3.8,0.9,2009MM12,97.0
44629,A4,310200,44629,3.5,0.3,2010MM01,97.3
44630,A4,310200,44630,3.8,0.7,2010MM02,98.0
44631,A4,310200,44631,4.0,0.3,2010MM03,98.3
44632,A4,310200,44632,4.5,0.3,2010MM04,98.6
44633,A4,310200,44633,5.9,1.0,2010MM05,99.6
44634,A4,310200,44634,7.7,1.6,2010MM06,101.2
44635,A4,310200,44635,7.0,-0.3,2010MM07,100.8
44636,A4,310200,44636,8.1,1.0,2010MM08,101.8
44637,A4,310200,44637,6.7,-0.8,2010MM09,101.0
44638,A4,310200,44638,5.8,-0.1,2010MM10,100.9
44639,A4,310200,44639,5.3,0.4,2010MM11,101.2
44640,A4,310200,44640,4.5,0.1,2010MM12,101.4
44642,A4,310200,44642,6.8,2.5,2011MM01,103.9
44643,A4,310200,44643,7.0,0.9,2011MM02,104.8
44644,A4,310200,44644,6.7,0.0,2011MM03,104.8
44645,A4,310200,44645,5.9,-0.4,2011MM04,104.4
44646,A4,310200,44646,5.2,0.4,2011MM05,104.8
44647,A4,310200,44647,3.5,-0.1,2011MM06,104.7
44648,A4,310200,44648,4.7,0.8,2011MM07,105.5
44649,A4,310200,44649,3.4,-0.3,2011MM08,105.2
44650,A4,310200,44650,4.3,0.1,2011MM09,105.4
44651,A4,310200,44651,3.8,-0.7,2011MM10,104.7
44652,A4,310200,44652,3.3,-0.1,2011MM11,104.6
44653,A4,310200,44653,3.0,-0.2,2011MM12,104.4
44655,A4,310200,44655,1.8,1.3,2012MM01,105.7
44656,A4,310200,44656,0.9,0.0,2012MM02,105.7
44657,A4,310200,44657,0.4,-0.4,2012MM03,105.3
44658,A4,310200,44658,0.7,-0.2,2012MM04,105.1
44659,A4,310200,44659,0.5,0.2,2012MM05,105.3
44660,A4,310200,44660,0.6,0.0,2012MM06,105.3
44661,A4,310200,44661,-0.4,-0.2,2012MM07,105.1
44662,A4,310200,44662,0.2,0.4,2012MM08,105.5
44663,A4,310200,44663,0.3,0.2,2012MM09,105.7
44664,A4,310200,44664,0.9,0.0,2012MM10,105.7
44665,A4,310200,44665,1.3,0.2,2012MM11,105.9
44666,A4,310200,44666,1.1,-0.4,2012MM12,105.5
44668,A4,310200,44668,0.1,0.3,2013MM01,105.8
44669,A4,310200,44669,-0.2,-0.3,2013MM02,105.5
44670,A4,310200,44670,0.1,0.0,2013MM03,105.4
44671,A4,310200,44671,0.2,-0.1,2013MM04,105.3
44672,A4,310200,44672,0.0,0.0,2013MM05,105.3
44673,A4,310200,44673,-0.1,-0.2,2013MM06,105.2
44674,A4,310200,44674,0.5,0.4,2013MM07,105.6
44675,A4,310200,44675,0.4,0.3,2013MM08,105.8
44676,A4,310200,44676,-0.1,-0.3,2013MM09,105.6
44677,A4,310200,44677,0.1,0.2,2013MM10,105.8
44678,A4,310200,44678,0.1,0.2,2013MM11,106.1
44679,A4,310200,44679,0.5,0.0,2013MM12,106.0
44681,A4,310200,44681,1.1,0.9,2014MM01,107.0
44682,A4,310200,44682,1.6,0.2,2014MM02,107.2
44683,A4,310200,44683,1.6,0.0,2014MM03,107.1
44684,A4,310200,44684,2.0,0.3,2014MM04,107.4
44685,A4,310200,44685,2.4,0.4,2014MM05,107.9
44686,A4,310200,44686,2.6,0.0,2014MM06,107.9
44687,A4,310200,44687,2.8,0.5,2014MM07,108.5
44688,A4,310200,44688,2.7,0.2,2014MM08,108.7
44689,A4,310200,44689,3.4,0.5,2014MM09,109.2
44690,A4,310200,44690,3.2,0.0,2014MM10,109.2
44691,A4,310200,44691,3.1,0.1,2014MM11,109.3
44692,A4,310200,44692,3.3,0.2,2014MM12,109.6
44694,A4,310200,44694,2.3,-0.1,2015MM01,109.4
44695,A4,310200,44695,2.5,0.4,2015MM02,109.8
44696,A4,310200,44696,3.1,0.6,2015MM03,110.4
44697,A4,310200,44697,3.2,0.4,2015MM04,110.8
44698,A4,310200,44698,3.0,0.3,2015MM05,111.2
44699,A4,310200,44699,3.9,0.9,2015MM06,112.2
44700,A4,310200,44700,3.5,0.2,2015MM07,112.3
44701,A4,310200,44701,3.4,0.0,2015MM08,112.4
44702,A4,310200,44702,3.0,0.1,2015MM09,112.5
44703,A4,310200,44703,3.4,0.4,2015MM10,112.9
44704,A4,310200,44704,3.8,0.4,2015MM11,113.4
44705,A4,310200,44705,3.3,-0.2,2015MM12,113.2
44707,A4,310200,44707,3.0,-0.5,2016MM01,112.7
44708,A4,310200,44708,2.3,-0.3,2016MM02,112.3
44709,A4,310200,44709,1.8,0.1,2016MM03,112.4
44710,A4,310200,44710,1.0,-0.4,2016MM04,112.0
44711,A4,310200,44711,0.8,0.0,2016MM05,112.0
44712,A4,310200,44712,-0.3,-0.1,2016MM06,111.8
44713,A4,310200,44713,0.1,0.5,2016MM07,112.4
44714,A4,310200,44714,0.0,0.0,2016MM08,112.4
44715,A4,310200,44715,-0.3,-0.2,2016MM09,112.2
44716,A4,310200,44716,0.1,0.7,2016MM10,113.0
44717,A4,310200,44717,-0.2,0.2,2016MM11,113.2
44718,A4,310200,44718,-0.6,-0.6,2016MM12,112.5
44720,A4,310200,44720,0.8,0.9,2017MM01,113.5
44721,A4,310200,44721,0.7,-0.4,2017MM02,113.1
44722,A4,310200,44722,0.3,-0.3,2017MM03,112.7
44723,A4,310200,44723,-0.9,-1.6,2017MM04,111.0
44724,A4,310200,44724,-1.3,-0.4,2017MM05,110.5
44725,A4,310200,44725,-1.2,0.0,2017MM06,110.5
44726,A4,310200,44726,-1.3,0.4,2017MM07,110.9
44727,A4,310200,44727,-1.5,-0.2,2017MM08,110.7
44728,A4,310200,44728,-1.3,0.0,2017MM09,110.8
44729,A4,310200,44729,-2.0,0.0,2017MM10,110.7
44730,A4,310200,44730,-2.3,-0.1,2017MM11,110.6
44731,A4,310200,44731,-2.0,-0.3,2017MM12,110.3
