,Afzet,BedrijfstakkenBranchesSBI2008,ID,OntwikkelingTOV1JaarEerder_2,OntwikkelingTOV1MaandEerder_3,Perioden,ProducentenprijsindexPPI_1
76479,A5,310200,76479,-1.99534883721,-0.296551724138,1981MM01,110.185121107
76480,A5,310200,76480,-1.99069767442,-0.293103448276,1981MM02,110.070242215
76481,A5,310200,76481,-1.98604651163,-0.289655172414,1981MM03,109.955363322
76482,A5,310200,76482,-1.98139534884,-0.286206896552,1981MM04,109.840484429
76483,A5,310200,76483,-1.97674418605,-0.28275862069,1981MM05,109.725605536
76484,A5,310200,76484,-1.97209302326,-0.279310344828,1981MM06,109.610726644
76485,A5,310200,76485,-1.96744186047,-0.275862068966,1981MM07,109.495847751
76486,A5,310200,76486,-1.96279069767,-0.272413793103,1981MM08,109.380968858
76487,A5,310200,76487,-1.95813953488,-0.268965517241,1981MM09,109.266089965
76488,A5,310200,76488,-1.95348837209,-0.265517241379,1981MM10,109.151211073
76489,A5,310200,76489,-1.9488372093,-0.262068965517,1981MM11,109.03633218
76490,A5,310200,76490,-1.94418604651,-0.258620689655,1981MM12,108.921453287
76492,A5,310200,76492,-1.93953488372,-0.255172413793,1982MM01,108.806574394
76493,A5,310200,76493,-1.93488372093,-0.251724137931,1982MM02,108.691695502
76494,A5,310200,76494,-1.93023255814,-0.248275862069,1982MM03,108.576816609
76495,A5,310200,76495,-1.92558139535,-0.244827586207,1982MM04,108.461937716
76496,A5,310200,76496,-1.92093023256,-0.241379310345,1982MM05,108.347058824
76497,A5,310200,76497,-1.91627906977,-0.237931034483,1982MM06,108.232179931
76498,A5,310200,76498,-1.91162790698,-0.234482758621,1982MM07,108.117301038
76499,A5,310200,76499,-1.90697674419,-0.231034482759,1982MM08,108.002422145
76500,A5,310200,76500,-1.9023255814,-0.227586206897,1982MM09,107.887543253
76501,A5,310200,76501,-1.8976744186,-0.224137931034,1982MM10,107.77266436
76502,A5,310200,76502,-1.89302325581,-0.220689655172,1982MM11,107.657785467
76503,A5,310200,76503,-1.88837209302,-0.21724137931,1982MM12,107.542906574
76505,A5,310200,76505,-1.88372093023,-0.213793103448,1983MM01,107.428027682
76506,A5,310200,76506,-1.87906976744,-0.210344827586,1983MM02,107.313148789
76507,A5,310200,76507,-1.87441860465,-0.206896551724,1983MM03,107.198269896
76508,A5,310200,76508,-1.86976744186,-0.203448275862,1983MM04,107.083391003
76509,A5,310200,76509,-1.86511627907,-0.2,1983MM05,106.968512111
76510,A5,310200,76510,-1.86046511628,-0.196551724138,1983MM06,106.853633218
76511,A5,310200,76511,-1.85581395349,-0.193103448276,1983MM07,106.738754325
76512,A5,310200,76512,-1.8511627907,-0.189655172414,1983MM08,106.623875433
76513,A5,310200,76513,-1.84651162791,-0.186206896552,1983MM09,106.50899654
76514,A5,310200,76514,-1.84186046512,-0.18275862069,1983MM10,106.394117647
76515,A5,310200,76515,-1.83720930233,-0.179310344828,1983MM11,106.279238754
76516,A5,310200,76516,-1.83255813953,-0.175862068966,1983MM12,106.164359862
76518,A5,310200,76518,-1.82790697674,-0.172413793103,1984MM01,106.049480969
76519,A5,310200,76519,-1.82325581395,-0.168965517241,1984MM02,105.934602076
76520,A5,310200,76520,-1.81860465116,-0.165517241379,1984MM03,105.819723183
76521,A5,310200,76521,-1.81395348837,-0.162068965517,1984MM04,105.704844291
76522,A5,310200,76522,-1.80930232558,-0.158620689655,1984MM05,105.589965398
76523,A5,310200,76523,-1.80465116279,-0.155172413793,1984MM06,105.475086505
76524,A5,310200,76524,-1.8,-0.151724137931,1984MM07,105.360207612
76525,A5,310200,76525,-1.79534883721,-0.148275862069,1984MM08,105.24532872
76526,A5,310200,76526,-1.79069767442,-0.144827586207,1984MM09,105.130449827
76527,A5,310200,76527,-1.78604651163,-0.141379310345,1984MM10,105.015570934
76528,A5,310200,76528,-1.78139534884,-0.137931034483,1984MM11,104.900692042
76529,A5,310200,76529,-1.77674418605,-0.134482758621,1984MM12,104.785813149
76531,A5,310200,76531,-1.77209302326,-0.131034482759,1985MM01,104.670934256
76532,A5,310200,76532,-1.76744186047,-0.127586206897,1985MM02,104.556055363
76533,A5,310200,76533,-1.76279069767,-0.124137931034,1985MM03,104.441176471
76534,A5,310200,76534,-1.75813953488,-0.120689655172,1985MM04,104.326297578
76535,A5,310200,76535,-1.75348837209,-0.11724137931,1985MM05,104.211418685
76536,A5,310200,76536,-1.7488372093,-0.113793103448,1985MM06,104.096539792
76537,A5,310200,76537,-1.74418604651,-0.110344827586,1985MM07,103.9816609
76538,A5,310200,76538,-1.73953488372,-0.106896551724,1985MM08,103.866782007
76539,A5,310200,76539,-1.73488372093,-0.103448275862,1985MM09,103.751903114
76540,A5,310200,76540,-1.73023255814,-0.1,1985MM10,103.637024221
76541,A5,310200,76541,-1.72558139535,-0.0965517241379,1985MM11,103.522145329
76542,A5,310200,76542,-1.72093023256,-0.0931034482759,1985MM12,103.407266436
76544,A5,310200,76544,-1.71627906977,-0.0896551724138,1986MM01,103.292387543
76545,A5,310200,76545,-1.71162790698,-0.0862068965517,1986MM02,103.177508651
76546,A5,310200,76546,-1.70697674419,-0.0827586206897,1986MM03,103.062629758
76547,A5,310200,76547,-1.7023255814,-0.0793103448276,1986MM04,102.947750865
76548,A5,310200,76548,-1.6976744186,-0.0758620689655,1986MM05,102.832871972
76549,A5,310200,76549,-1.69302325581,-0.0724137931034,1986MM06,102.71799308
76550,A5,310200,76550,-1.68837209302,-0.0689655172414,1986MM07,102.603114187
76551,A5,310200,76551,-1.68372093023,-0.0655172413793,1986MM08,102.488235294
76552,A5,310200,76552,-1.67906976744,-0.0620689655172,1986MM09,102.373356401
76553,A5,310200,76553,-1.67441860465,-0.0586206896552,1986MM10,102.258477509
76554,A5,310200,76554,-1.66976744186,-0.0551724137931,1986MM11,102.143598616
76555,A5,310200,76555,-1.66511627907,-0.051724137931,1986MM12,102.028719723
76557,A5,310200,76557,-1.66046511628,-0.048275862069,1987MM01,101.91384083
76558,A5,310200,76558,-1.65581395349,-0.0448275862069,1987MM02,101.798961938
76559,A5,310200,76559,-1.6511627907,-0.0413793103448,1987MM03,101.684083045
76560,A5,310200,76560,-1.64651162791,-0.0379310344828,1987MM04,101.569204152
76561,A5,310200,76561,-1.64186046512,-0.0344827586207,1987MM05,101.45432526
76562,A5,310200,76562,-1.63720930233,-0.0310344827586,1987MM06,101.339446367
76563,A5,310200,76563,-1.63255813953,-0.0275862068966,1987MM07,101.224567474
76564,A5,310200,76564,-1.62790697674,-0.0241379310345,1987MM08,101.109688581
76565,A5,310200,76565,-1.62325581395,-0.0206896551724,1987MM09,100.994809689
76566,A5,310200,76566,-1.61860465116,-0.0172413793103,1987MM10,100.879930796
76567,A5,310200,76567,-1.61395348837,-0.0137931034483,1987MM11,100.765051903
76568,A5,310200,76568,-1.60930232558,-0.0103448275862,1987MM12,100.65017301
76570,A5,310200,76570,-1.60465116279,-0.00689655172414,1988MM01,100.535294118
76571,A5,310200,76571,-1.6,-0.00344827586207,1988MM02,100.420415225
76572,A5,310200,76572,-1.59534883721,-5.55111512313e-17,1988MM03,100.305536332
76573,A5,310200,76573,-1.59069767442,0.00344827586207,1988MM04,100.190657439
76574,A5,310200,76574,-1.58604651163,0.00689655172414,1988MM05,100.075778547
76575,A5,310200,76575,-1.58139534884,0.0103448275862,1988MM06,99.960899654
76576,A5,310200,76576,-1.57674418605,0.0137931034483,1988MM07,99.8460207612
76577,A5,310200,76577,-1.57209302326,0.0172413793103,1988MM08,99.7311418685
76578,A5,310200,76578,-1.56744186047,0.0206896551724,1988MM09,99.6162629758
76579,A5,310200,76579,-1.56279069767,0.0241379310345,1988MM10,99.501384083
76580,A5,310200,76580,-1.55813953488,0.0275862068966,1988MM11,99.3865051903
76581,A5,310200,76581,-1.55348837209,0.0310344827586,1988MM12,99.2716262976
76583,A5,310200,76583,-1.5488372093,0.0344827586207,1989MM01,99.1567474048
76584,A5,310200,76584,-1.54418604651,0.0379310344828,1989MM02,99.0418685121
76585,A5,310200,76585,-1.53953488372,0.0413793103448,1989MM03,98.9269896194
76586,A5,310200,76586,-1.53488372093,0.0448275862069,1989MM04,98.8121107266
76587,A5,310200,76587,-1.53023255814,0.048275862069,1989MM05,98.6972318339
76588,A5,310200,76588,-1.52558139535,0.051724137931,1989MM06,98.5823529412
76589,A5,310200,76589,-1.52093023256,0.0551724137931,1989MM07,98.4674740484
76590,A5,310200,76590,-1.51627906977,0.0586206896552,1989MM08,98.3525951557
76591,A5,310200,76591,-1.51162790698,0.0620689655172,1989MM09,98.237716263
76592,A5,310200,76592,-1.50697674419,0.0655172413793,1989MM10,98.1228373702
76593,A5,310200,76593,-1.5023255814,0.0689655172414,1989MM11,98.0079584775
76594,A5,310200,76594,-1.4976744186,0.0724137931034,1989MM12,97.8930795848
76596,A5,310200,76596,-1.49302325581,0.0758620689655,1990MM01,97.778200692
76597,A5,310200,76597,-1.48837209302,0.0793103448276,1990MM02,97.6633217993
76598,A5,310200,76598,-1.48372093023,0.0827586206897,1990MM03,97.5484429066
76599,A5,310200,76599,-1.47906976744,0.0862068965517,1990MM04,97.4335640138
76600,A5,310200,76600,-1.47441860465,0.0896551724138,1990MM05,97.3186851211
76601,A5,310200,76601,-1.46976744186,0.0931034482759,1990MM06,97.2038062284
76602,A5,310200,76602,-1.46511627907,0.0965517241379,1990MM07,97.0889273356
76603,A5,310200,76603,-1.46046511628,0.1,1990MM08,96.9740484429
76604,A5,310200,76604,-1.45581395349,0.103448275862,1990MM09,96.8591695502
76605,A5,310200,76605,-1.4511627907,0.106896551724,1990MM10,96.7442906574
76606,A5,310200,76606,-1.44651162791,0.110344827586,1990MM11,96.6294117647
76607,A5,310200,76607,-1.44186046512,0.113793103448,1990MM12,96.514532872
76609,A5,310200,76609,-1.43720930233,0.11724137931,1991MM01,96.3996539792
76610,A5,310200,76610,-1.43255813953,0.120689655172,1991MM02,96.2847750865
76611,A5,310200,76611,-1.42790697674,0.124137931034,1991MM03,96.1698961938
76612,A5,310200,76612,-1.42325581395,0.127586206897,1991MM04,96.055017301
76613,A5,310200,76613,-1.41860465116,0.131034482759,1991MM05,95.9401384083
76614,A5,310200,76614,-1.41395348837,0.134482758621,1991MM06,95.8252595156
76615,A5,310200,76615,-1.40930232558,0.137931034483,1991MM07,95.7103806228
76616,A5,310200,76616,-1.40465116279,0.141379310345,1991MM08,95.5955017301
76617,A5,310200,76617,-1.4,0.144827586207,1991MM09,95.4806228374
76618,A5,310200,76618,-1.39534883721,0.148275862069,1991MM10,95.3657439446
76619,A5,310200,76619,-1.39069767442,0.151724137931,1991MM11,95.2508650519
76620,A5,310200,76620,-1.38604651163,0.155172413793,1991MM12,95.1359861592
76622,A5,310200,76622,-1.38139534884,0.158620689655,1992MM01,95.0211072664
76623,A5,310200,76623,-1.37674418605,0.162068965517,1992MM02,94.9062283737
76624,A5,310200,76624,-1.37209302326,0.165517241379,1992MM03,94.791349481
76625,A5,310200,76625,-1.36744186047,0.168965517241,1992MM04,94.6764705882
76626,A5,310200,76626,-1.36279069767,0.172413793103,1992MM05,94.5615916955
76627,A5,310200,76627,-1.35813953488,0.175862068966,1992MM06,94.4467128028
76628,A5,310200,76628,-1.35348837209,0.179310344828,1992MM07,94.33183391
76629,A5,310200,76629,-1.3488372093,0.18275862069,1992MM08,94.2169550173
76630,A5,310200,76630,-1.34418604651,0.186206896552,1992MM09,94.1020761246
76631,A5,310200,76631,-1.33953488372,0.189655172414,1992MM10,93.9871972318
76632,A5,310200,76632,-1.33488372093,0.193103448276,1992MM11,93.8723183391
76633,A5,310200,76633,-1.33023255814,0.196551724138,1992MM12,93.7574394464
76635,A5,310200,76635,-1.32558139535,0.2,1993MM01,93.6425605536
76636,A5,310200,76636,-1.32093023256,0.203448275862,1993MM02,93.5276816609
76637,A5,310200,76637,-1.31627906977,0.206896551724,1993MM03,93.4128027682
76638,A5,310200,76638,-1.31162790698,0.210344827586,1993MM04,93.2979238754
76639,A5,310200,76639,-1.30697674419,0.213793103448,1993MM05,93.1830449827
76640,A5,310200,76640,-1.3023255814,0.21724137931,1993MM06,93.06816609
76641,A5,310200,76641,-1.2976744186,0.220689655172,1993MM07,92.9532871972
76642,A5,310200,76642,-1.29302325581,0.224137931034,1993MM08,92.8384083045
76643,A5,310200,76643,-1.28837209302,0.227586206897,1993MM09,92.7235294118
76644,A5,310200,76644,-1.28372093023,0.231034482759,1993MM10,92.608650519
76645,A5,310200,76645,-1.27906976744,0.234482758621,1993MM11,92.4937716263
76646,A5,310200,76646,-1.27441860465,0.237931034483,1993MM12,92.3788927336
76648,A5,310200,76648,-1.26976744186,0.241379310345,1994MM01,92.2640138408
76649,A5,310200,76649,-1.26511627907,0.244827586207,1994MM02,92.1491349481
76650,A5,310200,76650,-1.26046511628,0.248275862069,1994MM03,92.0342560554
76651,A5,310200,76651,-1.25581395349,0.251724137931,1994MM04,91.9193771626
76652,A5,310200,76652,-1.2511627907,0.255172413793,1994MM05,91.8044982699
76653,A5,310200,76653,-1.24651162791,0.258620689655,1994MM06,91.6896193772
76654,A5,310200,76654,-1.24186046512,0.262068965517,1994MM07,91.5747404844
76655,A5,310200,76655,-1.23720930233,0.265517241379,1994MM08,91.4598615917
76656,A5,310200,76656,-1.23255813953,0.268965517241,1994MM09,91.344982699
76657,A5,310200,76657,-1.22790697674,0.272413793103,1994MM10,91.2301038062
76658,A5,310200,76658,-1.22325581395,0.275862068966,1994MM11,91.1152249135
76659,A5,310200,76659,-1.21860465116,0.279310344828,1994MM12,91.0003460208
76661,A5,310200,76661,-1.21395348837,0.28275862069,1995MM01,90.885467128
76662,A5,310200,76662,-1.20930232558,0.286206896552,1995MM02,90.7705882353
76663,A5,310200,76663,-1.20465116279,0.289655172414,1995MM03,90.6557093426
76664,A5,310200,76664,-1.2,0.293103448276,1995MM04,90.5408304498
76665,A5,310200,76665,-1.19534883721,0.296551724138,1995MM05,90.4259515571
76666,A5,310200,76666,-1.19069767442,0.3,1995MM06,90.3110726644
76667,A5,310200,76667,-1.18604651163,0.303448275862,1995MM07,90.1961937716
76668,A5,310200,76668,-1.18139534884,0.306896551724,1995MM08,90.0813148789
76669,A5,310200,76669,-1.17674418605,0.310344827586,1995MM09,89.9664359862
76670,A5,310200,76670,-1.17209302326,0.313793103448,1995MM10,89.8515570934
76671,A5,310200,76671,-1.16744186047,0.31724137931,1995MM11,89.7366782007
76672,A5,310200,76672,-1.16279069767,0.320689655172,1995MM12,89.621799308
76674,A5,310200,76674,-1.15813953488,0.324137931034,1996MM01,89.5069204152
76675,A5,310200,76675,-1.15348837209,0.327586206897,1996MM02,89.3920415225
76676,A5,310200,76676,-1.1488372093,0.331034482759,1996MM03,89.2771626298
76677,A5,310200,76677,-1.14418604651,0.334482758621,1996MM04,89.162283737
76678,A5,310200,76678,-1.13953488372,0.337931034483,1996MM05,89.0474048443
76679,A5,310200,76679,-1.13488372093,0.341379310345,1996MM06,88.9325259516
76680,A5,310200,76680,-1.13023255814,0.344827586207,1996MM07,88.8176470588
76681,A5,310200,76681,-1.12558139535,0.348275862069,1996MM08,88.7027681661
76682,A5,310200,76682,-1.12093023256,0.351724137931,1996MM09,88.5878892734
76683,A5,310200,76683,-1.11627906977,0.355172413793,1996MM10,88.4730103806
76684,A5,310200,76684,-1.11162790698,0.358620689655,1996MM11,88.3581314879
76685,A5,310200,76685,-1.10697674419,0.362068965517,1996MM12,88.2432525952
76687,A5,310200,76687,-1.1023255814,0.365517241379,1997MM01,88.1283737024
76688,A5,310200,76688,-1.0976744186,0.368965517241,1997MM02,88.0134948097
76689,A5,310200,76689,-1.09302325581,0.372413793103,1997MM03,87.898615917
76690,A5,310200,76690,-1.08837209302,0.375862068966,1997MM04,87.7837370242
76691,A5,310200,76691,-1.08372093023,0.379310344828,1997MM05,87.6688581315
76692,A5,310200,76692,-1.07906976744,0.38275862069,1997MM06,87.5539792388
76693,A5,310200,76693,-1.07441860465,0.386206896552,1997MM07,87.439100346
76694,A5,310200,76694,-1.06976744186,0.389655172414,1997MM08,87.3242214533
76695,A5,310200,76695,-1.06511627907,0.393103448276,1997MM09,87.2093425606
76696,A5,310200,76696,-1.06046511628,0.396551724138,1997MM10,87.0944636678
76697,A5,310200,76697,-1.05581395349,0.4,1997MM11,86.9795847751
76698,A5,310200,76698,-1.0511627907,0.403448275862,1997MM12,86.8647058824
76700,A5,310200,76700,-1.04651162791,0.406896551724,1998MM01,86.7498269896
76701,A5,310200,76701,-1.04186046512,0.410344827586,1998MM02,86.6349480969
76702,A5,310200,76702,-1.03720930233,0.413793103448,1998MM03,86.5200692042
76703,A5,310200,76703,-1.03255813953,0.41724137931,1998MM04,86.4051903114
76704,A5,310200,76704,-1.02790697674,0.420689655172,1998MM05,86.2903114187
76705,A5,310200,76705,-1.02325581395,0.424137931034,1998MM06,86.175432526
76706,A5,310200,76706,-1.01860465116,0.427586206897,1998MM07,86.0605536332
76707,A5,310200,76707,-1.01395348837,0.431034482759,1998MM08,85.9456747405
76708,A5,310200,76708,-1.00930232558,0.434482758621,1998MM09,85.8307958478
76709,A5,310200,76709,-1.00465116279,0.437931034483,1998MM10,85.715916955
76710,A5,310200,76710,-1.0,0.441379310345,1998MM11,85.6010380623
76711,A5,310200,76711,-0.995348837209,0.444827586207,1998MM12,85.4861591696
76713,A5,310200,76713,-0.990697674419,0.448275862069,1999MM01,85.3712802768
76714,A5,310200,76714,-0.986046511628,0.451724137931,1999MM02,85.2564013841
76715,A5,310200,76715,-0.981395348837,0.455172413793,1999MM03,85.1415224913
76716,A5,310200,76716,-0.976744186047,0.458620689655,1999MM04,85.0266435986
76717,A5,310200,76717,-0.972093023256,0.462068965517,1999MM05,84.9117647059
76718,A5,310200,76718,-0.967441860465,0.465517241379,1999MM06,84.7968858131
76719,A5,310200,76719,-0.962790697674,0.468965517241,1999MM07,84.6820069204
76720,A5,310200,76720,-0.958139534884,0.472413793103,1999MM08,84.5671280277
76721,A5,310200,76721,-0.953488372093,0.475862068966,1999MM09,84.4522491349
76722,A5,310200,76722,-0.948837209302,0.479310344828,1999MM10,84.3373702422
76723,A5,310200,76723,-0.944186046512,0.48275862069,1999MM11,84.2224913495
76724,A5,310200,76724,-0.939534883721,0.486206896552,1999MM12,84.1076124567
76726,A5,310200,76726,-0.93488372093,0.489655172414,2000MM01,83.992733564
76727,A5,310200,76727,-0.93023255814,0.493103448276,2000MM02,83.8778546713
76728,A5,310200,76728,-0.925581395349,0.496551724138,2000MM03,83.7629757785
76729,A5,310200,76729,-0.920930232558,0.5,2000MM04,83.6480968858
76730,A5,310200,76730,-0.916279069767,0.503448275862,2000MM05,83.5332179931
76731,A5,310200,76731,-0.911627906977,0.506896551724,2000MM06,83.4183391003
76732,A5,310200,76732,-0.906976744186,0.510344827586,2000MM07,83.3034602076
76733,A5,310200,76733,-0.902325581395,0.513793103448,2000MM08,83.1885813149
76734,A5,310200,76734,-0.897674418605,0.51724137931,2000MM09,83.0737024221
76735,A5,310200,76735,-0.893023255814,0.520689655172,2000MM10,82.9588235294
76736,A5,310200,76736,-0.888372093023,0.524137931034,2000MM11,82.8439446367
76737,A5,310200,76737,-0.883720930233,0.527586206897,2000MM12,82.7290657439
76739,A5,310200,76739,-0.879069767442,0.531034482759,2001MM01,82.6141868512
76740,A5,310200,76740,-0.874418604651,0.534482758621,2001MM02,82.4993079585
76741,A5,310200,76741,-0.86976744186,0.537931034483,2001MM03,82.3844290657
76742,A5,310200,76742,-0.86511627907,0.541379310345,2001MM04,82.269550173
76743,A5,310200,76743,-0.860465116279,0.544827586207,2001MM05,82.1546712803
76744,A5,310200,76744,-0.855813953488,0.548275862069,2001MM06,82.0397923875
76745,A5,310200,76745,-0.851162790698,0.551724137931,2001MM07,81.9249134948
76746,A5,310200,76746,-0.846511627907,0.555172413793,2001MM08,81.8100346021
76747,A5,310200,76747,-0.841860465116,0.558620689655,2001MM09,81.6951557093
76748,A5,310200,76748,-0.837209302326,0.562068965517,2001MM10,81.5802768166
76749,A5,310200,76749,-0.832558139535,0.565517241379,2001MM11,81.4653979239
76750,A5,310200,76750,-0.827906976744,0.568965517241,2001MM12,81.3505190311
76752,A5,310200,76752,-0.823255813953,0.572413793103,2002MM01,81.2356401384
76753,A5,310200,76753,-0.818604651163,0.575862068966,2002MM02,81.1207612457
76754,A5,310200,76754,-0.813953488372,0.579310344828,2002MM03,81.0058823529
76755,A5,310200,76755,-0.809302325581,0.58275862069,2002MM04,80.8910034602
76756,A5,310200,76756,-0.804651162791,0.586206896552,2002MM05,80.7761245675
76757,A5,310200,76757,-0.8,0.589655172414,2002MM06,80.6612456747
76758,A5,310200,76758,-0.795348837209,0.593103448276,2002MM07,80.546366782
76759,A5,310200,76759,-0.790697674419,0.596551724138,2002MM08,80.4314878893
76760,A5,310200,76760,-0.786046511628,0.6,2002MM09,80.3166089965
76761,A5,310200,76761,-0.781395348837,0.603448275862,2002MM10,80.2017301038
76762,A5,310200,76762,-0.776744186047,0.606896551724,2002MM11,80.0868512111
76763,A5,310200,76763,-0.772093023256,0.610344827586,2002MM12,79.9719723183
76765,A5,310200,76765,-0.767441860465,0.613793103448,2003MM01,79.8570934256
76766,A5,310200,76766,-0.762790697674,0.61724137931,2003MM02,79.7422145329
76767,A5,310200,76767,-0.758139534884,0.620689655172,2003MM03,79.6273356401
76768,A5,310200,76768,-0.753488372093,0.624137931034,2003MM04,79.5124567474
76769,A5,310200,76769,-0.748837209302,0.627586206897,2003MM05,79.3975778547
76770,A5,310200,76770,-0.744186046512,0.631034482759,2003MM06,79.2826989619
76771,A5,310200,76771,-0.739534883721,0.634482758621,2003MM07,79.1678200692
76772,A5,310200,76772,-0.73488372093,0.637931034483,2003MM08,79.0529411765
76773,A5,310200,76773,-0.73023255814,0.641379310345,2003MM09,78.9380622837
76774,A5,310200,76774,-0.725581395349,0.644827586207,2003MM10,78.823183391
76775,A5,310200,76775,-0.720930232558,0.648275862069,2003MM11,78.7083044983
76776,A5,310200,76776,-0.716279069767,0.651724137931,2003MM12,78.5934256055
76778,A5,310200,76778,-0.711627906977,0.655172413793,2004MM01,78.4785467128
76779,A5,310200,76779,-0.706976744186,0.658620689655,2004MM02,78.3636678201
76780,A5,310200,76780,-0.702325581395,0.662068965517,2004MM03,78.2487889273
76781,A5,310200,76781,-0.697674418605,0.665517241379,2004MM04,78.1339100346
76782,A5,310200,76782,-0.693023255814,0.668965517241,2004MM05,78.0190311419
76783,A5,310200,76783,-0.688372093023,0.672413793103,2004MM06,77.9041522491
76784,A5,310200,76784,-0.683720930233,0.675862068966,2004MM07,77.7892733564
76785,A5,310200,76785,-0.679069767442,0.679310344828,2004MM08,77.6743944637
76786,A5,310200,76786,-0.674418604651,0.68275862069,2004MM09,77.5595155709
76787,A5,310200,76787,-0.66976744186,0.686206896552,2004MM10,77.4446366782
76788,A5,310200,76788,-0.66511627907,0.689655172414,2004MM11,77.3297577855
76789,A5,310200,76789,-0.660465116279,0.693103448276,2004MM12,77.2148788927
76791,A5,310200,76791,-0.655813953488,0.696551724138,2005MM01,77.1
76792,A5,310200,76792,-0.651162790698,0.7,2005MM02,77.7
76793,A5,310200,76793,-0.646511627907,1.3,2005MM03,78.7
76794,A5,310200,76794,-0.641860465116,-1.5,2005MM04,77.5
76795,A5,310200,76795,-0.637209302326,-0.7,2005MM05,77.0
76796,A5,310200,76796,-0.632558139535,1.6,2005MM06,78.2
76797,A5,310200,76797,-0.627906976744,-0.8,2005MM07,77.6
76798,A5,310200,76798,-0.623255813953,-1.0,2005MM08,76.8
76799,A5,310200,76799,-0.618604651163,0.6,2005MM09,77.3
76800,A5,310200,76800,-0.613953488372,0.3,2005MM10,77.5
76801,A5,310200,76801,-0.609302325581,-0.9,2005MM11,76.8
76802,A5,310200,76802,-0.604651162791,0.6,2005MM12,77.2
76804,A5,310200,76804,-0.6,-0.7,2006MM01,76.7
76805,A5,310200,76805,-1.7,-0.4,2006MM02,76.4
76806,A5,310200,76806,-3.4,-0.5,2006MM03,76.0
76807,A5,310200,76807,-2.8,-0.9,2006MM04,75.3
76808,A5,310200,76808,-1.5,0.6,2006MM05,75.8
76809,A5,310200,76809,-3.0,0.1,2006MM06,75.9
76810,A5,310200,76810,-2.3,-0.1,2006MM07,75.8
76811,A5,310200,76811,-1.8,-0.5,2006MM08,75.4
76812,A5,310200,76812,-3.2,-0.8,2006MM09,74.8
76813,A5,310200,76813,-3.3,0.2,2006MM10,74.9
76814,A5,310200,76814,-2.4,0.1,2006MM11,75.0
76815,A5,310200,76815,-0.9,2.1,2006MM12,76.5
76817,A5,310200,76817,-0.8,-0.6,2007MM01,76.1
76818,A5,310200,76818,0.5,0.9,2007MM02,76.8
76819,A5,310200,76819,2.4,1.3,2007MM03,77.8
76820,A5,310200,76820,4.4,1.1,2007MM04,78.7
76821,A5,310200,76821,5.6,1.7,2007MM05,80.0
76822,A5,310200,76822,6.7,1.2,2007MM06,81.0
76823,A5,310200,76823,8.6,1.7,2007MM07,82.4
76824,A5,310200,76824,7.2,-1.8,2007MM08,80.9
76825,A5,310200,76825,7.9,-0.2,2007MM09,80.7
76826,A5,310200,76826,7.1,-0.6,2007MM10,80.2
76827,A5,310200,76827,6.8,-0.2,2007MM11,80.1
76828,A5,310200,76828,7.8,3.1,2007MM12,82.5
76830,A5,310200,76830,11.7,3.0,2008MM01,85.0
76831,A5,310200,76831,13.6,2.6,2008MM02,87.2
76832,A5,310200,76832,14.9,2.5,2008MM03,89.4
76833,A5,310200,76833,12.8,-0.7,2008MM04,88.7
76834,A5,310200,76834,12.8,1.7,2008MM05,90.3
76835,A5,310200,76835,15.5,3.6,2008MM06,93.5
76836,A5,310200,76836,14.2,0.5,2008MM07,94.0
76837,A5,310200,76837,17.1,0.7,2008MM08,94.7
76838,A5,310200,76838,18.6,1.1,2008MM09,95.7
76839,A5,310200,76839,17.4,-1.6,2008MM10,94.2
76840,A5,310200,76840,14.7,-2.5,2008MM11,91.8
76841,A5,310200,76841,9.5,-1.6,2008MM12,90.4
76843,A5,310200,76843,8.5,2.0,2009MM01,92.2
76844,A5,310200,76844,7.3,1.4,2009MM02,93.5
76845,A5,310200,76845,1.8,-2.7,2009MM03,91.0
76846,A5,310200,76846,3.6,1.0,2009MM04,91.9
76847,A5,310200,76847,-0.8,-2.5,2009MM05,89.6
76848,A5,310200,76848,-1.9,2.5,2009MM06,91.8
76849,A5,310200,76849,-3.2,-0.8,2009MM07,91.0
76850,A5,310200,76850,-3.4,0.5,2009MM08,91.5
76851,A5,310200,76851,-2.8,1.7,2009MM09,93.1
76852,A5,310200,76852,-0.1,1.1,2009MM10,94.1
76853,A5,310200,76853,3.0,0.6,2009MM11,94.6
76854,A5,310200,76854,9.2,4.4,2009MM12,98.7
76856,A5,310200,76856,8.7,1.6,2010MM01,100.3
76857,A5,310200,76857,7.0,-0.2,2010MM02,100.1
76858,A5,310200,76858,11.2,1.1,2010MM03,101.1
76859,A5,310200,76859,11.4,1.2,2010MM04,102.4
76860,A5,310200,76860,19.5,4.5,2010MM05,107.0
76861,A5,310200,76861,16.8,0.2,2010MM06,107.2
76862,A5,310200,76862,11.3,-5.4,2010MM07,101.4
76863,A5,310200,76863,9.2,-1.4,2010MM08,99.9
76864,A5,310200,76864,2.4,-4.6,2010MM09,95.3
76865,A5,310200,76865,1.2,-0.1,2010MM10,95.2
76866,A5,310200,76866,0.5,-0.2,2010MM11,95.0
76867,A5,310200,76867,-3.7,0.1,2010MM12,95.1
76869,A5,310200,76869,-2.7,2.7,2011MM01,97.6
76870,A5,310200,76870,-0.2,2.3,2011MM02,99.8
76871,A5,310200,76871,-2.9,-1.6,2011MM03,98.2
76872,A5,310200,76872,-6.8,-2.9,2011MM04,95.4
76873,A5,310200,76873,-12.1,-1.3,2011MM05,94.1
76874,A5,310200,76874,-12.6,-0.4,2011MM06,93.7
76875,A5,310200,76875,-6.3,1.4,2011MM07,95.0
76876,A5,310200,76876,-7.1,-2.4,2011MM08,92.8
76877,A5,310200,76877,-3.5,-0.9,2011MM09,92.0
76878,A5,310200,76878,-6.4,-3.1,2011MM10,89.1
76879,A5,310200,76879,-7.7,-1.6,2011MM11,87.8
76880,A5,310200,76880,-8.8,-1.1,2011MM12,86.8
76882,A5,310200,76882,-10.8,0.3,2012MM01,87.1
76883,A5,310200,76883,-13.1,-0.3,2012MM02,86.8
76884,A5,310200,76884,-13.9,-2.6,2012MM03,84.5
76885,A5,310200,76885,-12.4,-1.1,2012MM04,83.5
76886,A5,310200,76886,-10.7,0.5,2012MM05,84.0
76887,A5,310200,76887,-10.0,0.4,2012MM06,84.3
76888,A5,310200,76888,-10.6,0.7,2012MM07,85.0
76889,A5,310200,76889,-5.0,3.8,2012MM08,88.2
76890,A5,310200,76890,-2.6,1.6,2012MM09,89.6
76891,A5,310200,76891,1.5,1.0,2012MM10,90.5
76892,A5,310200,76892,5.0,1.8,2012MM11,92.2
76893,A5,310200,76893,6.0,-0.2,2012MM12,92.0
76895,A5,310200,76895,2.5,-3.0,2013MM01,89.2
76896,A5,310200,76896,0.4,-2.3,2013MM02,87.2
76897,A5,310200,76897,2.8,-0.3,2013MM03,86.9
76898,A5,310200,76898,5.6,1.5,2013MM04,88.2
76899,A5,310200,76899,8.1,2.9,2013MM05,90.8
76900,A5,310200,76900,5.6,-1.9,2013MM06,89.1
76901,A5,310200,76901,7.3,2.4,2013MM07,91.2
76902,A5,310200,76902,8.2,4.6,2013MM08,95.4
76903,A5,310200,76903,12.0,5.2,2013MM09,100.4
76904,A5,310200,76904,13.5,2.3,2013MM10,102.7
76905,A5,310200,76905,10.8,-0.6,2013MM11,102.1
76906,A5,310200,76906,10.5,-0.4,2013MM12,101.7
76908,A5,310200,76908,14.7,0.6,2014MM01,102.3
76909,A5,310200,76909,21.3,3.3,2014MM02,105.7
76910,A5,310200,76910,21.3,-0.2,2014MM03,105.4
76911,A5,310200,76911,20.0,0.4,2014MM04,105.9
76912,A5,310200,76912,17.5,0.7,2014MM05,106.7
76913,A5,310200,76913,25.1,4.5,2014MM06,111.4
76914,A5,310200,76914,22.4,0.2,2014MM07,111.6
76915,A5,310200,76915,18.9,1.6,2014MM08,113.5
76916,A5,310200,76916,13.8,0.7,2014MM09,114.2
76917,A5,310200,76917,9.4,-1.6,2014MM10,112.4
76918,A5,310200,76918,6.9,-2.9,2014MM11,109.2
76919,A5,310200,76919,8.0,0.6,2014MM12,109.8
76921,A5,310200,76921,9.3,1.9,2015MM01,111.9
76922,A5,310200,76922,6.1,0.3,2015MM02,112.2
76923,A5,310200,76923,6.7,0.3,2015MM03,112.5
76924,A5,310200,76924,5.7,-0.5,2015MM04,111.9
76925,A5,310200,76925,5.6,0.6,2015MM05,112.6
76926,A5,310200,76926,2.3,1.2,2015MM06,113.9
76927,A5,310200,76927,4.2,2.1,2015MM07,116.3
76928,A5,310200,76928,0.4,-2.1,2015MM08,113.9
76929,A5,310200,76929,2.5,2.8,2015MM09,117.1
76930,A5,310200,76930,5.8,1.6,2015MM10,118.9
76931,A5,310200,76931,12.5,3.3,2015MM11,122.8
76932,A5,310200,76932,8.7,-2.8,2015MM12,119.4
76934,A5,310200,76934,2.6,-3.9,2016MM01,114.8
76935,A5,310200,76935,0.8,-1.4,2016MM02,113.1
76936,A5,310200,76936,2.7,2.2,2016MM03,115.6
76937,A5,310200,76937,1.7,-1.5,2016MM04,113.9
76938,A5,310200,76938,3.2,2.1,2016MM05,116.2
76939,A5,310200,76939,2.8,0.8,2016MM06,117.1
76940,A5,310200,76940,4.0,3.3,2016MM07,121.0
76941,A5,310200,76941,7.2,1.0,2016MM08,122.1
76942,A5,310200,76942,6.3,1.9,2016MM09,124.4
76943,A5,310200,76943,4.0,-0.6,2016MM10,123.7
76944,A5,310200,76944,-1.0,-1.7,2016MM11,121.6
76945,A5,310200,76945,-1.6,-3.4,2016MM12,117.5
76947,A5,310200,76947,-3.9,-6.1,2017MM01,110.3
76948,A5,310200,76948,-2.2,0.3,2017MM02,110.7
76949,A5,310200,76949,-6.5,-2.4,2017MM03,108.1
76950,A5,310200,76950,-7.5,-2.5,2017MM04,105.4
76951,A5,310200,76951,-10.0,-0.7,2017MM05,104.7
76952,A5,310200,76952,-11.3,-0.8,2017MM06,103.9
76953,A5,310200,76953,-15.8,-1.9,2017MM07,101.9
76954,A5,310200,76954,-17.3,-0.8,2017MM08,101.0
76955,A5,310200,76955,-17.9,1.2,2017MM09,102.2
76956,A5,310200,76956,-16.4,1.2,2017MM10,103.5
76957,A5,310200,76957,-13.0,2.2,2017MM11,105.8
76958,A5,310200,76958,-12.2,-2.5,2017MM12,103.1
