,Afzet,BedrijfstakkenBranchesSBI2008,ID,OntwikkelingTOV1JaarEerder_2,OntwikkelingTOV1MaandEerder_3,Perioden,ProducentenprijsindexPPI_1
44733,A4,311000,44733,-1.7926910299,-0.300689655172,1981MM01,113.47266436
44734,A4,311000,44734,-1.7853820598,-0.301379310345,1981MM02,113.34532872
44735,A4,311000,44735,-1.7780730897,-0.302068965517,1981MM03,113.21799308
44736,A4,311000,44736,-1.7707641196,-0.30275862069,1981MM04,113.090657439
44737,A4,311000,44737,-1.7634551495,-0.303448275862,1981MM05,112.963321799
44738,A4,311000,44738,-1.7561461794,-0.304137931034,1981MM06,112.835986159
44739,A4,311000,44739,-1.7488372093,-0.304827586207,1981MM07,112.708650519
44740,A4,311000,44740,-1.7415282392,-0.305517241379,1981MM08,112.581314879
44741,A4,311000,44741,-1.7342192691,-0.306206896552,1981MM09,112.453979239
44742,A4,311000,44742,-1.726910299,-0.306896551724,1981MM10,112.326643599
44743,A4,311000,44743,-1.7196013289,-0.307586206897,1981MM11,112.199307958
44744,A4,311000,44744,-1.7122923588,-0.308275862069,1981MM12,112.071972318
44746,A4,311000,44746,-1.7049833887,-0.308965517241,1982MM01,111.944636678
44747,A4,311000,44747,-1.6976744186,-0.309655172414,1982MM02,111.817301038
44748,A4,311000,44748,-1.6903654485,-0.310344827586,1982MM03,111.689965398
44749,A4,311000,44749,-1.68305647841,-0.311034482759,1982MM04,111.562629758
44750,A4,311000,44750,-1.67574750831,-0.311724137931,1982MM05,111.435294118
44751,A4,311000,44751,-1.66843853821,-0.312413793103,1982MM06,111.307958478
44752,A4,311000,44752,-1.66112956811,-0.313103448276,1982MM07,111.180622837
44753,A4,311000,44753,-1.65382059801,-0.313793103448,1982MM08,111.053287197
44754,A4,311000,44754,-1.64651162791,-0.314482758621,1982MM09,110.925951557
44755,A4,311000,44755,-1.63920265781,-0.315172413793,1982MM10,110.798615917
44756,A4,311000,44756,-1.63189368771,-0.315862068966,1982MM11,110.671280277
44757,A4,311000,44757,-1.62458471761,-0.316551724138,1982MM12,110.543944637
44759,A4,311000,44759,-1.61727574751,-0.31724137931,1983MM01,110.416608997
44760,A4,311000,44760,-1.60996677741,-0.317931034483,1983MM02,110.289273356
44761,A4,311000,44761,-1.60265780731,-0.318620689655,1983MM03,110.161937716
44762,A4,311000,44762,-1.59534883721,-0.319310344828,1983MM04,110.034602076
44763,A4,311000,44763,-1.58803986711,-0.32,1983MM05,109.907266436
44764,A4,311000,44764,-1.58073089701,-0.320689655172,1983MM06,109.779930796
44765,A4,311000,44765,-1.57342192691,-0.321379310345,1983MM07,109.652595156
44766,A4,311000,44766,-1.56611295681,-0.322068965517,1983MM08,109.525259516
44767,A4,311000,44767,-1.55880398671,-0.32275862069,1983MM09,109.397923875
44768,A4,311000,44768,-1.55149501661,-0.323448275862,1983MM10,109.270588235
44769,A4,311000,44769,-1.54418604651,-0.324137931034,1983MM11,109.143252595
44770,A4,311000,44770,-1.53687707641,-0.324827586207,1983MM12,109.015916955
44772,A4,311000,44772,-1.52956810631,-0.325517241379,1984MM01,108.888581315
44773,A4,311000,44773,-1.52225913621,-0.326206896552,1984MM02,108.761245675
44774,A4,311000,44774,-1.51495016611,-0.326896551724,1984MM03,108.633910035
44775,A4,311000,44775,-1.50764119601,-0.327586206897,1984MM04,108.506574394
44776,A4,311000,44776,-1.50033222591,-0.328275862069,1984MM05,108.379238754
44777,A4,311000,44777,-1.49302325581,-0.328965517241,1984MM06,108.251903114
44778,A4,311000,44778,-1.48571428571,-0.329655172414,1984MM07,108.124567474
44779,A4,311000,44779,-1.47840531561,-0.330344827586,1984MM08,107.997231834
44780,A4,311000,44780,-1.47109634551,-0.331034482759,1984MM09,107.869896194
44781,A4,311000,44781,-1.46378737542,-0.331724137931,1984MM10,107.742560554
44782,A4,311000,44782,-1.45647840532,-0.332413793103,1984MM11,107.615224913
44783,A4,311000,44783,-1.44916943522,-0.333103448276,1984MM12,107.487889273
44785,A4,311000,44785,-1.44186046512,-0.333793103448,1985MM01,107.360553633
44786,A4,311000,44786,-1.43455149502,-0.334482758621,1985MM02,107.233217993
44787,A4,311000,44787,-1.42724252492,-0.335172413793,1985MM03,107.105882353
44788,A4,311000,44788,-1.41993355482,-0.335862068966,1985MM04,106.978546713
44789,A4,311000,44789,-1.41262458472,-0.336551724138,1985MM05,106.851211073
44790,A4,311000,44790,-1.40531561462,-0.33724137931,1985MM06,106.723875433
44791,A4,311000,44791,-1.39800664452,-0.337931034483,1985MM07,106.596539792
44792,A4,311000,44792,-1.39069767442,-0.338620689655,1985MM08,106.469204152
44793,A4,311000,44793,-1.38338870432,-0.339310344828,1985MM09,106.341868512
44794,A4,311000,44794,-1.37607973422,-0.34,1985MM10,106.214532872
44795,A4,311000,44795,-1.36877076412,-0.340689655172,1985MM11,106.087197232
44796,A4,311000,44796,-1.36146179402,-0.341379310345,1985MM12,105.959861592
44798,A4,311000,44798,-1.35415282392,-0.342068965517,1986MM01,105.832525952
44799,A4,311000,44799,-1.34684385382,-0.34275862069,1986MM02,105.705190311
44800,A4,311000,44800,-1.33953488372,-0.343448275862,1986MM03,105.577854671
44801,A4,311000,44801,-1.33222591362,-0.344137931034,1986MM04,105.450519031
44802,A4,311000,44802,-1.32491694352,-0.344827586207,1986MM05,105.323183391
44803,A4,311000,44803,-1.31760797342,-0.345517241379,1986MM06,105.195847751
44804,A4,311000,44804,-1.31029900332,-0.346206896552,1986MM07,105.068512111
44805,A4,311000,44805,-1.30299003322,-0.346896551724,1986MM08,104.941176471
44806,A4,311000,44806,-1.29568106312,-0.347586206897,1986MM09,104.81384083
44807,A4,311000,44807,-1.28837209302,-0.348275862069,1986MM10,104.68650519
44808,A4,311000,44808,-1.28106312292,-0.348965517241,1986MM11,104.55916955
44809,A4,311000,44809,-1.27375415282,-0.349655172414,1986MM12,104.43183391
44811,A4,311000,44811,-1.26644518272,-0.350344827586,1987MM01,104.30449827
44812,A4,311000,44812,-1.25913621262,-0.351034482759,1987MM02,104.17716263
44813,A4,311000,44813,-1.25182724252,-0.351724137931,1987MM03,104.04982699
44814,A4,311000,44814,-1.24451827243,-0.352413793103,1987MM04,103.922491349
44815,A4,311000,44815,-1.23720930233,-0.353103448276,1987MM05,103.795155709
44816,A4,311000,44816,-1.22990033223,-0.353793103448,1987MM06,103.667820069
44817,A4,311000,44817,-1.22259136213,-0.354482758621,1987MM07,103.540484429
44818,A4,311000,44818,-1.21528239203,-0.355172413793,1987MM08,103.413148789
44819,A4,311000,44819,-1.20797342193,-0.355862068966,1987MM09,103.285813149
44820,A4,311000,44820,-1.20066445183,-0.356551724138,1987MM10,103.158477509
44821,A4,311000,44821,-1.19335548173,-0.35724137931,1987MM11,103.031141869
44822,A4,311000,44822,-1.18604651163,-0.357931034483,1987MM12,102.903806228
44824,A4,311000,44824,-1.17873754153,-0.358620689655,1988MM01,102.776470588
44825,A4,311000,44825,-1.17142857143,-0.359310344828,1988MM02,102.649134948
44826,A4,311000,44826,-1.16411960133,-0.36,1988MM03,102.521799308
44827,A4,311000,44827,-1.15681063123,-0.360689655172,1988MM04,102.394463668
44828,A4,311000,44828,-1.14950166113,-0.361379310345,1988MM05,102.267128028
44829,A4,311000,44829,-1.14219269103,-0.362068965517,1988MM06,102.139792388
44830,A4,311000,44830,-1.13488372093,-0.36275862069,1988MM07,102.012456747
44831,A4,311000,44831,-1.12757475083,-0.363448275862,1988MM08,101.885121107
44832,A4,311000,44832,-1.12026578073,-0.364137931034,1988MM09,101.757785467
44833,A4,311000,44833,-1.11295681063,-0.364827586207,1988MM10,101.630449827
44834,A4,311000,44834,-1.10564784053,-0.365517241379,1988MM11,101.503114187
44835,A4,311000,44835,-1.09833887043,-0.366206896552,1988MM12,101.375778547
44837,A4,311000,44837,-1.09102990033,-0.366896551724,1989MM01,101.248442907
44838,A4,311000,44838,-1.08372093023,-0.367586206897,1989MM02,101.121107266
44839,A4,311000,44839,-1.07641196013,-0.368275862069,1989MM03,100.993771626
44840,A4,311000,44840,-1.06910299003,-0.368965517241,1989MM04,100.866435986
44841,A4,311000,44841,-1.06179401993,-0.369655172414,1989MM05,100.739100346
44842,A4,311000,44842,-1.05448504983,-0.370344827586,1989MM06,100.611764706
44843,A4,311000,44843,-1.04717607973,-0.371034482759,1989MM07,100.484429066
44844,A4,311000,44844,-1.03986710963,-0.371724137931,1989MM08,100.357093426
44845,A4,311000,44845,-1.03255813953,-0.372413793103,1989MM09,100.229757785
44846,A4,311000,44846,-1.02524916944,-0.373103448276,1989MM10,100.102422145
44847,A4,311000,44847,-1.01794019934,-0.373793103448,1989MM11,99.9750865052
44848,A4,311000,44848,-1.01063122924,-0.374482758621,1989MM12,99.8477508651
44850,A4,311000,44850,-1.00332225914,-0.375172413793,1990MM01,99.7204152249
44851,A4,311000,44851,-0.996013289037,-0.375862068966,1990MM02,99.5930795848
44852,A4,311000,44852,-0.988704318937,-0.376551724138,1990MM03,99.4657439446
44853,A4,311000,44853,-0.981395348837,-0.37724137931,1990MM04,99.3384083045
44854,A4,311000,44854,-0.974086378738,-0.377931034483,1990MM05,99.2110726644
44855,A4,311000,44855,-0.966777408638,-0.378620689655,1990MM06,99.0837370242
44856,A4,311000,44856,-0.959468438538,-0.379310344828,1990MM07,98.9564013841
44857,A4,311000,44857,-0.952159468439,-0.38,1990MM08,98.8290657439
44858,A4,311000,44858,-0.944850498339,-0.380689655172,1990MM09,98.7017301038
44859,A4,311000,44859,-0.937541528239,-0.381379310345,1990MM10,98.5743944637
44860,A4,311000,44860,-0.93023255814,-0.382068965517,1990MM11,98.4470588235
44861,A4,311000,44861,-0.92292358804,-0.38275862069,1990MM12,98.3197231834
44863,A4,311000,44863,-0.91561461794,-0.383448275862,1991MM01,98.1923875433
44864,A4,311000,44864,-0.908305647841,-0.384137931034,1991MM02,98.0650519031
44865,A4,311000,44865,-0.900996677741,-0.384827586207,1991MM03,97.937716263
44866,A4,311000,44866,-0.893687707641,-0.385517241379,1991MM04,97.8103806228
44867,A4,311000,44867,-0.886378737542,-0.386206896552,1991MM05,97.6830449827
44868,A4,311000,44868,-0.879069767442,-0.386896551724,1991MM06,97.5557093426
44869,A4,311000,44869,-0.871760797342,-0.387586206897,1991MM07,97.4283737024
44870,A4,311000,44870,-0.864451827243,-0.388275862069,1991MM08,97.3010380623
44871,A4,311000,44871,-0.857142857143,-0.388965517241,1991MM09,97.1737024221
44872,A4,311000,44872,-0.849833887043,-0.389655172414,1991MM10,97.046366782
44873,A4,311000,44873,-0.842524916944,-0.390344827586,1991MM11,96.9190311419
44874,A4,311000,44874,-0.835215946844,-0.391034482759,1991MM12,96.7916955017
44876,A4,311000,44876,-0.827906976744,-0.391724137931,1992MM01,96.6643598616
44877,A4,311000,44877,-0.820598006645,-0.392413793103,1992MM02,96.5370242215
44878,A4,311000,44878,-0.813289036545,-0.393103448276,1992MM03,96.4096885813
44879,A4,311000,44879,-0.805980066445,-0.393793103448,1992MM04,96.2823529412
44880,A4,311000,44880,-0.798671096346,-0.394482758621,1992MM05,96.155017301
44881,A4,311000,44881,-0.791362126246,-0.395172413793,1992MM06,96.0276816609
44882,A4,311000,44882,-0.784053156146,-0.395862068966,1992MM07,95.9003460208
44883,A4,311000,44883,-0.776744186047,-0.396551724138,1992MM08,95.7730103806
44884,A4,311000,44884,-0.769435215947,-0.39724137931,1992MM09,95.6456747405
44885,A4,311000,44885,-0.762126245847,-0.397931034483,1992MM10,95.5183391003
44886,A4,311000,44886,-0.754817275748,-0.398620689655,1992MM11,95.3910034602
44887,A4,311000,44887,-0.747508305648,-0.399310344828,1992MM12,95.2636678201
44889,A4,311000,44889,-0.740199335548,-0.4,1993MM01,95.1363321799
44890,A4,311000,44890,-0.732890365449,-0.400689655172,1993MM02,95.0089965398
44891,A4,311000,44891,-0.725581395349,-0.401379310345,1993MM03,94.8816608997
44892,A4,311000,44892,-0.718272425249,-0.402068965517,1993MM04,94.7543252595
44893,A4,311000,44893,-0.71096345515,-0.40275862069,1993MM05,94.6269896194
44894,A4,311000,44894,-0.70365448505,-0.403448275862,1993MM06,94.4996539792
44895,A4,311000,44895,-0.69634551495,-0.404137931034,1993MM07,94.3723183391
44896,A4,311000,44896,-0.68903654485,-0.404827586207,1993MM08,94.244982699
44897,A4,311000,44897,-0.681727574751,-0.405517241379,1993MM09,94.1176470588
44898,A4,311000,44898,-0.674418604651,-0.406206896552,1993MM10,93.9903114187
44899,A4,311000,44899,-0.667109634551,-0.406896551724,1993MM11,93.8629757785
44900,A4,311000,44900,-0.659800664452,-0.407586206897,1993MM12,93.7356401384
44902,A4,311000,44902,-0.652491694352,-0.408275862069,1994MM01,93.6083044983
44903,A4,311000,44903,-0.645182724252,-0.408965517241,1994MM02,93.4809688581
44904,A4,311000,44904,-0.637873754153,-0.409655172414,1994MM03,93.353633218
44905,A4,311000,44905,-0.630564784053,-0.410344827586,1994MM04,93.2262975779
44906,A4,311000,44906,-0.623255813953,-0.411034482759,1994MM05,93.0989619377
44907,A4,311000,44907,-0.615946843854,-0.411724137931,1994MM06,92.9716262976
44908,A4,311000,44908,-0.608637873754,-0.412413793103,1994MM07,92.8442906574
44909,A4,311000,44909,-0.601328903654,-0.413103448276,1994MM08,92.7169550173
44910,A4,311000,44910,-0.594019933555,-0.413793103448,1994MM09,92.5896193772
44911,A4,311000,44911,-0.586710963455,-0.414482758621,1994MM10,92.462283737
44912,A4,311000,44912,-0.579401993355,-0.415172413793,1994MM11,92.3349480969
44913,A4,311000,44913,-0.572093023256,-0.415862068966,1994MM12,92.2076124567
44915,A4,311000,44915,-0.564784053156,-0.416551724138,1995MM01,92.0802768166
44916,A4,311000,44916,-0.557475083056,-0.41724137931,1995MM02,91.9529411765
44917,A4,311000,44917,-0.550166112957,-0.417931034483,1995MM03,91.8256055363
44918,A4,311000,44918,-0.542857142857,-0.418620689655,1995MM04,91.6982698962
44919,A4,311000,44919,-0.535548172757,-0.419310344828,1995MM05,91.5709342561
44920,A4,311000,44920,-0.528239202658,-0.42,1995MM06,91.4435986159
44921,A4,311000,44921,-0.520930232558,-0.420689655172,1995MM07,91.3162629758
44922,A4,311000,44922,-0.513621262458,-0.421379310345,1995MM08,91.1889273356
44923,A4,311000,44923,-0.506312292359,-0.422068965517,1995MM09,91.0615916955
44924,A4,311000,44924,-0.499003322259,-0.42275862069,1995MM10,90.9342560554
44925,A4,311000,44925,-0.491694352159,-0.423448275862,1995MM11,90.8069204152
44926,A4,311000,44926,-0.48438538206,-0.424137931034,1995MM12,90.6795847751
44928,A4,311000,44928,-0.47707641196,-0.424827586207,1996MM01,90.5522491349
44929,A4,311000,44929,-0.46976744186,-0.425517241379,1996MM02,90.4249134948
44930,A4,311000,44930,-0.462458471761,-0.426206896552,1996MM03,90.2975778547
44931,A4,311000,44931,-0.455149501661,-0.426896551724,1996MM04,90.1702422145
44932,A4,311000,44932,-0.447840531561,-0.427586206897,1996MM05,90.0429065744
44933,A4,311000,44933,-0.440531561462,-0.428275862069,1996MM06,89.9155709343
44934,A4,311000,44934,-0.433222591362,-0.428965517241,1996MM07,89.7882352941
44935,A4,311000,44935,-0.425913621262,-0.429655172414,1996MM08,89.660899654
44936,A4,311000,44936,-0.418604651163,-0.430344827586,1996MM09,89.5335640138
44937,A4,311000,44937,-0.411295681063,-0.431034482759,1996MM10,89.4062283737
44938,A4,311000,44938,-0.403986710963,-0.431724137931,1996MM11,89.2788927336
44939,A4,311000,44939,-0.396677740864,-0.432413793103,1996MM12,89.1515570934
44941,A4,311000,44941,-0.389368770764,-0.433103448276,1997MM01,89.0242214533
44942,A4,311000,44942,-0.382059800664,-0.433793103448,1997MM02,88.8968858131
44943,A4,311000,44943,-0.374750830565,-0.434482758621,1997MM03,88.769550173
44944,A4,311000,44944,-0.367441860465,-0.435172413793,1997MM04,88.6422145329
44945,A4,311000,44945,-0.360132890365,-0.435862068966,1997MM05,88.5148788927
44946,A4,311000,44946,-0.352823920266,-0.436551724138,1997MM06,88.3875432526
44947,A4,311000,44947,-0.345514950166,-0.43724137931,1997MM07,88.2602076125
44948,A4,311000,44948,-0.338205980066,-0.437931034483,1997MM08,88.1328719723
44949,A4,311000,44949,-0.330897009967,-0.438620689655,1997MM09,88.0055363322
44950,A4,311000,44950,-0.323588039867,-0.439310344828,1997MM10,87.878200692
44951,A4,311000,44951,-0.316279069767,-0.44,1997MM11,87.7508650519
44952,A4,311000,44952,-0.308970099668,-0.440689655172,1997MM12,87.6235294118
44954,A4,311000,44954,-0.301661129568,-0.441379310345,1998MM01,87.4961937716
44955,A4,311000,44955,-0.294352159468,-0.442068965517,1998MM02,87.3688581315
44956,A4,311000,44956,-0.287043189369,-0.44275862069,1998MM03,87.2415224913
44957,A4,311000,44957,-0.279734219269,-0.443448275862,1998MM04,87.1141868512
44958,A4,311000,44958,-0.272425249169,-0.444137931034,1998MM05,86.9868512111
44959,A4,311000,44959,-0.26511627907,-0.444827586207,1998MM06,86.8595155709
44960,A4,311000,44960,-0.25780730897,-0.445517241379,1998MM07,86.7321799308
44961,A4,311000,44961,-0.25049833887,-0.446206896552,1998MM08,86.6048442907
44962,A4,311000,44962,-0.243189368771,-0.446896551724,1998MM09,86.4775086505
44963,A4,311000,44963,-0.235880398671,-0.447586206897,1998MM10,86.3501730104
44964,A4,311000,44964,-0.228571428571,-0.448275862069,1998MM11,86.2228373702
44965,A4,311000,44965,-0.221262458472,-0.448965517241,1998MM12,86.0955017301
44967,A4,311000,44967,-0.213953488372,-0.449655172414,1999MM01,85.96816609
44968,A4,311000,44968,-0.206644518272,-0.450344827586,1999MM02,85.8408304498
44969,A4,311000,44969,-0.199335548173,-0.451034482759,1999MM03,85.7134948097
44970,A4,311000,44970,-0.192026578073,-0.451724137931,1999MM04,85.5861591696
44971,A4,311000,44971,-0.184717607973,-0.452413793103,1999MM05,85.4588235294
44972,A4,311000,44972,-0.177408637874,-0.453103448276,1999MM06,85.3314878893
44973,A4,311000,44973,-0.170099667774,-0.453793103448,1999MM07,85.2041522491
44974,A4,311000,44974,-0.162790697674,-0.454482758621,1999MM08,85.076816609
44975,A4,311000,44975,-0.155481727575,-0.455172413793,1999MM09,84.9494809689
44976,A4,311000,44976,-0.148172757475,-0.455862068966,1999MM10,84.8221453287
44977,A4,311000,44977,-0.140863787375,-0.456551724138,1999MM11,84.6948096886
44978,A4,311000,44978,-0.133554817276,-0.45724137931,1999MM12,84.5674740484
44980,A4,311000,44980,-0.126245847176,-0.457931034483,2000MM01,84.4401384083
44981,A4,311000,44981,-0.118936877076,-0.458620689655,2000MM02,84.3128027682
44982,A4,311000,44982,-0.111627906977,-0.459310344828,2000MM03,84.185467128
44983,A4,311000,44983,-0.104318936877,-0.46,2000MM04,84.0581314879
44984,A4,311000,44984,-0.0970099667774,-0.460689655172,2000MM05,83.9307958478
44985,A4,311000,44985,-0.0897009966777,-0.461379310345,2000MM06,83.8034602076
44986,A4,311000,44986,-0.0823920265781,-0.462068965517,2000MM07,83.6761245675
44987,A4,311000,44987,-0.0750830564784,-0.46275862069,2000MM08,83.5487889273
44988,A4,311000,44988,-0.0677740863787,-0.463448275862,2000MM09,83.4214532872
44989,A4,311000,44989,-0.0604651162791,-0.464137931034,2000MM10,83.2941176471
44990,A4,311000,44990,-0.0531561461794,-0.464827586207,2000MM11,83.1667820069
44991,A4,311000,44991,-0.0458471760797,-0.465517241379,2000MM12,83.0394463668
44993,A4,311000,44993,-0.0385382059801,-0.466206896552,2001MM01,82.9121107266
44994,A4,311000,44994,-0.0312292358804,-0.466896551724,2001MM02,82.7847750865
44995,A4,311000,44995,-0.0239202657807,-0.467586206897,2001MM03,82.6574394464
44996,A4,311000,44996,-0.0166112956811,-0.468275862069,2001MM04,82.5301038062
44997,A4,311000,44997,-0.0093023255814,-0.468965517241,2001MM05,82.4027681661
44998,A4,311000,44998,-0.00199335548173,-0.469655172414,2001MM06,82.275432526
44999,A4,311000,44999,0.00531561461794,-0.470344827586,2001MM07,82.1480968858
45000,A4,311000,45000,0.0126245847176,-0.471034482759,2001MM08,82.0207612457
45001,A4,311000,45001,0.0199335548173,-0.471724137931,2001MM09,81.8934256055
45002,A4,311000,45002,0.0272425249169,-0.472413793103,2001MM10,81.7660899654
45003,A4,311000,45003,0.0345514950166,-0.473103448276,2001MM11,81.6387543253
45004,A4,311000,45004,0.0418604651163,-0.473793103448,2001MM12,81.5114186851
45006,A4,311000,45006,0.0491694352159,-0.474482758621,2002MM01,81.384083045
45007,A4,311000,45007,0.0564784053156,-0.475172413793,2002MM02,81.2567474048
45008,A4,311000,45008,0.0637873754153,-0.475862068966,2002MM03,81.1294117647
45009,A4,311000,45009,0.071096345515,-0.476551724138,2002MM04,81.0020761246
45010,A4,311000,45010,0.0784053156146,-0.47724137931,2002MM05,80.8747404844
45011,A4,311000,45011,0.0857142857143,-0.477931034483,2002MM06,80.7474048443
45012,A4,311000,45012,0.093023255814,-0.478620689655,2002MM07,80.6200692042
45013,A4,311000,45013,0.100332225914,-0.479310344828,2002MM08,80.492733564
45014,A4,311000,45014,0.107641196013,-0.48,2002MM09,80.3653979239
45015,A4,311000,45015,0.114950166113,-0.480689655172,2002MM10,80.2380622837
45016,A4,311000,45016,0.122259136213,-0.481379310345,2002MM11,80.1107266436
45017,A4,311000,45017,0.129568106312,-0.482068965517,2002MM12,79.9833910035
45019,A4,311000,45019,0.136877076412,-0.48275862069,2003MM01,79.8560553633
45020,A4,311000,45020,0.144186046512,-0.483448275862,2003MM02,79.7287197232
45021,A4,311000,45021,0.151495016611,-0.484137931034,2003MM03,79.601384083
45022,A4,311000,45022,0.158803986711,-0.484827586207,2003MM04,79.4740484429
45023,A4,311000,45023,0.166112956811,-0.485517241379,2003MM05,79.3467128028
45024,A4,311000,45024,0.17342192691,-0.486206896552,2003MM06,79.2193771626
45025,A4,311000,45025,0.18073089701,-0.486896551724,2003MM07,79.0920415225
45026,A4,311000,45026,0.18803986711,-0.487586206897,2003MM08,78.9647058824
45027,A4,311000,45027,0.195348837209,-0.488275862069,2003MM09,78.8373702422
45028,A4,311000,45028,0.202657807309,-0.488965517241,2003MM10,78.7100346021
45029,A4,311000,45029,0.209966777409,-0.489655172414,2003MM11,78.5826989619
45030,A4,311000,45030,0.217275747508,-0.490344827586,2003MM12,78.4553633218
45032,A4,311000,45032,0.224584717608,-0.491034482759,2004MM01,78.3280276817
45033,A4,311000,45033,0.231893687708,-0.491724137931,2004MM02,78.2006920415
45034,A4,311000,45034,0.239202657807,-0.492413793103,2004MM03,78.0733564014
45035,A4,311000,45035,0.246511627907,-0.493103448276,2004MM04,77.9460207612
45036,A4,311000,45036,0.253820598007,-0.493793103448,2004MM05,77.8186851211
45037,A4,311000,45037,0.261129568106,-0.494482758621,2004MM06,77.691349481
45038,A4,311000,45038,0.268438538206,-0.495172413793,2004MM07,77.5640138408
45039,A4,311000,45039,0.275747508306,-0.495862068966,2004MM08,77.4366782007
45040,A4,311000,45040,0.283056478405,-0.496551724138,2004MM09,77.3093425606
45041,A4,311000,45041,0.290365448505,-0.49724137931,2004MM10,77.1820069204
45042,A4,311000,45042,0.297674418605,-0.497931034483,2004MM11,77.0546712803
45043,A4,311000,45043,0.304983388704,-0.498620689655,2004MM12,76.9273356401
45045,A4,311000,45045,0.312292358804,-0.499310344828,2005MM01,76.8
45046,A4,311000,45046,0.319601328904,-0.5,2005MM02,76.4
45047,A4,311000,45047,0.326910299003,-0.3,2005MM03,76.2
45048,A4,311000,45048,0.334219269103,0.0,2005MM04,76.2
45049,A4,311000,45049,0.341528239203,0.6,2005MM05,76.7
45050,A4,311000,45050,0.348837209302,0.3,2005MM06,76.9
45051,A4,311000,45051,0.356146179402,0.3,2005MM07,77.1
45052,A4,311000,45052,0.363455149502,-0.1,2005MM08,77.1
45053,A4,311000,45053,0.370764119601,0.1,2005MM09,77.1
45054,A4,311000,45054,0.378073089701,-0.4,2005MM10,76.8
45055,A4,311000,45055,0.385382059801,0.1,2005MM11,76.9
45056,A4,311000,45056,0.3926910299,0.5,2005MM12,77.3
45058,A4,311000,45058,0.4,-0.4,2006MM01,77.0
45059,A4,311000,45059,1.4,0.6,2006MM02,77.5
45060,A4,311000,45060,2.5,0.8,2006MM03,78.1
45061,A4,311000,45061,3.1,0.5,2006MM04,78.5
45062,A4,311000,45062,2.4,-0.1,2006MM05,78.5
45063,A4,311000,45063,2.3,0.3,2006MM06,78.7
45064,A4,311000,45064,2.3,0.3,2006MM07,78.9
45065,A4,311000,45065,3.1,0.7,2006MM08,79.4
45066,A4,311000,45066,4.6,1.6,2006MM09,80.7
45067,A4,311000,45067,7.1,2.0,2006MM10,82.3
45068,A4,311000,45068,8.7,1.6,2006MM11,83.6
45069,A4,311000,45069,10.3,2.0,2006MM12,85.3
45071,A4,311000,45071,12.9,2.0,2007MM01,87.0
45072,A4,311000,45072,14.2,1.7,2007MM02,88.5
45073,A4,311000,45073,15.1,1.6,2007MM03,89.9
45074,A4,311000,45074,16.5,1.7,2007MM04,91.4
45075,A4,311000,45075,18.2,1.4,2007MM05,92.7
45076,A4,311000,45076,18.8,0.7,2007MM06,93.4
45077,A4,311000,45077,20.1,1.4,2007MM07,94.7
45078,A4,311000,45078,21.7,2.1,2007MM08,96.7
45079,A4,311000,45079,25.1,4.4,2007MM09,101.0
45080,A4,311000,45080,27.4,3.8,2007MM10,104.8
45081,A4,311000,45081,27.7,1.9,2007MM11,106.8
45082,A4,311000,45082,26.1,0.7,2007MM12,107.5
45084,A4,311000,45084,25.0,1.1,2008MM01,108.8
45085,A4,311000,45085,23.9,0.9,2008MM02,109.7
45086,A4,311000,45086,22.5,0.4,2008MM03,110.1
45087,A4,311000,45087,22.3,1.6,2008MM04,111.8
45088,A4,311000,45088,21.8,1.0,2008MM05,112.9
45089,A4,311000,45089,22.1,1.0,2008MM06,114.0
45090,A4,311000,45090,20.8,0.3,2008MM07,114.4
45091,A4,311000,45091,17.5,-0.7,2008MM08,113.6
45092,A4,311000,45092,10.0,-2.2,2008MM09,111.1
45093,A4,311000,45093,3.6,-2.3,2008MM10,108.5
45094,A4,311000,45094,-2.6,-4.1,2008MM11,104.0
45095,A4,311000,45095,-5.8,-2.7,2008MM12,101.3
45097,A4,311000,45097,-9.0,-2.3,2009MM01,98.9
45098,A4,311000,45098,-10.7,-1.0,2009MM02,98.0
45099,A4,311000,45099,-11.7,-0.7,2009MM03,97.2
45100,A4,311000,45100,-13.6,-0.7,2009MM04,96.6
45101,A4,311000,45101,-14.6,-0.2,2009MM05,96.4
45102,A4,311000,45102,-15.8,-0.4,2009MM06,96.1
45103,A4,311000,45103,-16.1,-0.1,2009MM07,96.0
45104,A4,311000,45104,-16.1,-0.8,2009MM08,95.3
45105,A4,311000,45105,-15.1,-1.1,2009MM09,94.3
45106,A4,311000,45106,-13.9,-0.9,2009MM10,93.4
45107,A4,311000,45107,-10.3,-0.1,2009MM11,93.3
45108,A4,311000,45108,-7.7,0.1,2009MM12,93.4
45110,A4,311000,45110,-5.4,0.1,2010MM01,93.5
45111,A4,311000,45111,-3.9,0.6,2010MM02,94.1
45112,A4,311000,45112,-3.0,0.2,2010MM03,94.3
45113,A4,311000,45113,-2.4,0.0,2010MM04,94.3
45114,A4,311000,45114,-1.3,1.0,2010MM05,95.2
45115,A4,311000,45115,-0.2,0.7,2010MM06,95.9
45116,A4,311000,45116,1.6,1.7,2010MM07,97.5
45117,A4,311000,45117,5.5,3.1,2010MM08,100.5
45118,A4,311000,45118,10.7,3.8,2010MM09,104.3
45119,A4,311000,45119,16.0,3.9,2010MM10,108.4
45120,A4,311000,45120,17.9,1.5,2010MM11,110.0
45121,A4,311000,45121,19.9,1.9,2010MM12,112.0
45123,A4,311000,45123,23.1,2.8,2011MM01,115.1
45124,A4,311000,45124,25.4,2.5,2011MM02,118.0
45125,A4,311000,45125,29.0,3.0,2011MM03,121.6
45126,A4,311000,45126,30.4,1.1,2011MM04,123.0
45127,A4,311000,45127,29.6,0.4,2011MM05,123.5
45128,A4,311000,45128,29.2,0.4,2011MM06,123.9
45129,A4,311000,45129,27.0,0.0,2011MM07,123.9
45130,A4,311000,45130,22.7,-0.5,2011MM08,123.3
45131,A4,311000,45131,17.5,-0.6,2011MM09,122.5
45132,A4,311000,45132,12.1,-0.8,2011MM10,121.5
45133,A4,311000,45133,10.0,-0.4,2011MM11,121.0
45134,A4,311000,45134,7.4,-0.6,2011MM12,120.3
45136,A4,311000,45136,3.5,-0.9,2012MM01,119.2
45137,A4,311000,45137,1.5,0.5,2012MM02,119.8
45138,A4,311000,45138,-0.6,0.9,2012MM03,120.9
45139,A4,311000,45139,-0.1,1.6,2012MM04,122.8
45140,A4,311000,45140,1.2,1.7,2012MM05,124.9
45141,A4,311000,45141,2.4,1.6,2012MM06,126.9
45142,A4,311000,45142,4.4,1.9,2012MM07,129.3
45143,A4,311000,45143,7.4,2.3,2012MM08,132.4
45144,A4,311000,45144,10.9,2.7,2012MM09,135.9
45145,A4,311000,45145,13.1,1.2,2012MM10,137.5
45146,A4,311000,45146,15.3,1.5,2012MM11,139.5
45147,A4,311000,45147,17.2,1.1,2012MM12,141.0
45149,A4,311000,45149,19.1,0.7,2013MM01,142.0
45150,A4,311000,45150,18.2,-0.2,2013MM02,141.7
45151,A4,311000,45151,16.8,-0.3,2013MM03,141.2
45152,A4,311000,45152,14.0,-0.9,2013MM04,140.0
45153,A4,311000,45153,11.7,-0.3,2013MM05,139.6
45154,A4,311000,45154,9.4,-0.5,2013MM06,138.9
45155,A4,311000,45155,6.4,-1.0,2013MM07,137.6
45156,A4,311000,45156,1.1,-2.7,2013MM08,133.8
45157,A4,311000,45157,-5.4,-3.9,2013MM09,128.6
45158,A4,311000,45158,-8.8,-2.4,2013MM10,125.4
45159,A4,311000,45159,-11.5,-1.6,2013MM11,123.5
45160,A4,311000,45160,-12.5,-0.1,2013MM12,123.3
45162,A4,311000,45162,-13.3,-0.2,2014MM01,123.1
45163,A4,311000,45163,-13.1,0.0,2014MM02,123.2
45164,A4,311000,45164,-12.2,0.7,2014MM03,124.0
45165,A4,311000,45165,-10.3,1.2,2014MM04,125.5
45166,A4,311000,45166,-9.3,0.9,2014MM05,126.6
45167,A4,311000,45167,-8.9,0.0,2014MM06,126.6
45168,A4,311000,45168,-8.1,-0.1,2014MM07,126.5
45169,A4,311000,45169,-7.5,-2.1,2014MM08,123.8
45170,A4,311000,45170,-6.0,-2.4,2014MM09,120.8
45171,A4,311000,45171,-6.1,-2.5,2014MM10,117.8
45172,A4,311000,45172,-5.8,-1.3,2014MM11,116.3
45173,A4,311000,45173,-6.2,-0.5,2014MM12,115.6
45175,A4,311000,45175,-5.8,0.3,2015MM01,115.9
45176,A4,311000,45176,-4.4,1.6,2015MM02,117.7
45177,A4,311000,45177,-4.1,1.0,2015MM03,118.9
45178,A4,311000,45178,-5.0,0.3,2015MM04,119.3
45179,A4,311000,45179,-5.8,0.0,2015MM05,119.2
45180,A4,311000,45180,-6.3,-0.5,2015MM06,118.7
45181,A4,311000,45181,-6.5,-0.4,2015MM07,118.2
45182,A4,311000,45182,-4.4,0.2,2015MM08,118.4
45183,A4,311000,45183,-2.9,-0.9,2015MM09,117.3
45184,A4,311000,45184,-1.5,-1.1,2015MM10,116.0
45185,A4,311000,45185,-0.4,-0.2,2015MM11,115.8
45186,A4,311000,45186,-0.3,-0.4,2015MM12,115.3
45188,A4,311000,45188,-1.4,-0.9,2016MM01,114.3
45189,A4,311000,45189,-3.6,-0.8,2016MM02,113.5
45190,A4,311000,45190,-5.9,-1.4,2016MM03,111.8
45191,A4,311000,45191,-7.0,-0.9,2016MM04,110.9
45192,A4,311000,45192,-7.1,0.0,2016MM05,110.8
45193,A4,311000,45193,-5.3,1.4,2016MM06,112.4
45194,A4,311000,45194,-3.8,1.2,2016MM07,113.7
45195,A4,311000,45195,-3.6,0.4,2016MM08,114.2
45196,A4,311000,45196,-1.8,0.9,2016MM09,115.2
45197,A4,311000,45197,0.2,0.9,2016MM10,116.3
45198,A4,311000,45198,0.6,0.2,2016MM11,116.5
45199,A4,311000,45199,1.3,0.3,2016MM12,116.9
45201,A4,311000,45201,3.1,0.9,2017MM01,117.9
45202,A4,311000,45202,4.8,0.9,2017MM02,118.9
45203,A4,311000,45203,6.8,0.5,2017MM03,119.5
45204,A4,311000,45204,7.6,-0.1,2017MM04,119.3
45205,A4,311000,45205,6.8,-0.8,2017MM05,118.4
45206,A4,311000,45206,6.0,0.6,2017MM06,119.1
45207,A4,311000,45207,4.7,-0.1,2017MM07,119.0
45208,A4,311000,45208,3.3,-0.9,2017MM08,118.0
45209,A4,311000,45209,1.9,-0.5,2017MM09,117.3
45210,A4,311000,45210,-0.1,-1.0,2017MM10,116.1
45211,A4,311000,45211,-0.3,0.0,2017MM11,116.1
45212,A4,311000,45212,-0.6,0.0,2017MM12,116.1
