,Afzet,BedrijfstakkenBranchesSBI2008,ID,OntwikkelingTOV1JaarEerder_2,OntwikkelingTOV1MaandEerder_3,Perioden,ProducentenprijsindexPPI_1
76960,A5,311000,76960,-0.589700996678,-0.00931034482759,1981MM01,115.975432526
76961,A5,311000,76961,-0.579401993355,-0.0186206896552,1981MM02,115.850865052
76962,A5,311000,76962,-0.569102990033,-0.0279310344828,1981MM03,115.726297578
76963,A5,311000,76963,-0.558803986711,-0.0372413793103,1981MM04,115.601730104
76964,A5,311000,76964,-0.548504983389,-0.0465517241379,1981MM05,115.47716263
76965,A5,311000,76965,-0.538205980066,-0.0558620689655,1981MM06,115.352595156
76966,A5,311000,76966,-0.527906976744,-0.0651724137931,1981MM07,115.228027682
76967,A5,311000,76967,-0.517607973422,-0.0744827586207,1981MM08,115.103460208
76968,A5,311000,76968,-0.5073089701,-0.0837931034483,1981MM09,114.978892734
76969,A5,311000,76969,-0.497009966777,-0.0931034482759,1981MM10,114.85432526
76970,A5,311000,76970,-0.486710963455,-0.102413793103,1981MM11,114.729757785
76971,A5,311000,76971,-0.476411960133,-0.111724137931,1981MM12,114.605190311
76973,A5,311000,76973,-0.466112956811,-0.121034482759,1982MM01,114.480622837
76974,A5,311000,76974,-0.455813953488,-0.130344827586,1982MM02,114.356055363
76975,A5,311000,76975,-0.445514950166,-0.139655172414,1982MM03,114.231487889
76976,A5,311000,76976,-0.435215946844,-0.148965517241,1982MM04,114.106920415
76977,A5,311000,76977,-0.424916943522,-0.158275862069,1982MM05,113.982352941
76978,A5,311000,76978,-0.414617940199,-0.167586206897,1982MM06,113.857785467
76979,A5,311000,76979,-0.404318936877,-0.176896551724,1982MM07,113.733217993
76980,A5,311000,76980,-0.394019933555,-0.186206896552,1982MM08,113.608650519
76981,A5,311000,76981,-0.383720930233,-0.195517241379,1982MM09,113.484083045
76982,A5,311000,76982,-0.37342192691,-0.204827586207,1982MM10,113.359515571
76983,A5,311000,76983,-0.363122923588,-0.214137931034,1982MM11,113.234948097
76984,A5,311000,76984,-0.352823920266,-0.223448275862,1982MM12,113.110380623
76986,A5,311000,76986,-0.342524916944,-0.23275862069,1983MM01,112.985813149
76987,A5,311000,76987,-0.332225913621,-0.242068965517,1983MM02,112.861245675
76988,A5,311000,76988,-0.321926910299,-0.251379310345,1983MM03,112.736678201
76989,A5,311000,76989,-0.311627906977,-0.260689655172,1983MM04,112.612110727
76990,A5,311000,76990,-0.301328903654,-0.27,1983MM05,112.487543253
76991,A5,311000,76991,-0.291029900332,-0.279310344828,1983MM06,112.362975779
76992,A5,311000,76992,-0.28073089701,-0.288620689655,1983MM07,112.238408304
76993,A5,311000,76993,-0.270431893688,-0.297931034483,1983MM08,112.11384083
76994,A5,311000,76994,-0.260132890365,-0.30724137931,1983MM09,111.989273356
76995,A5,311000,76995,-0.249833887043,-0.316551724138,1983MM10,111.864705882
76996,A5,311000,76996,-0.239534883721,-0.325862068966,1983MM11,111.740138408
76997,A5,311000,76997,-0.229235880399,-0.335172413793,1983MM12,111.615570934
76999,A5,311000,76999,-0.218936877076,-0.344482758621,1984MM01,111.49100346
77000,A5,311000,77000,-0.208637873754,-0.353793103448,1984MM02,111.366435986
77001,A5,311000,77001,-0.198338870432,-0.363103448276,1984MM03,111.241868512
77002,A5,311000,77002,-0.18803986711,-0.372413793103,1984MM04,111.117301038
77003,A5,311000,77003,-0.177740863787,-0.381724137931,1984MM05,110.992733564
77004,A5,311000,77004,-0.167441860465,-0.391034482759,1984MM06,110.86816609
77005,A5,311000,77005,-0.157142857143,-0.400344827586,1984MM07,110.743598616
77006,A5,311000,77006,-0.146843853821,-0.409655172414,1984MM08,110.619031142
77007,A5,311000,77007,-0.136544850498,-0.418965517241,1984MM09,110.494463668
77008,A5,311000,77008,-0.126245847176,-0.428275862069,1984MM10,110.369896194
77009,A5,311000,77009,-0.115946843854,-0.437586206897,1984MM11,110.24532872
77010,A5,311000,77010,-0.105647840532,-0.446896551724,1984MM12,110.120761246
77012,A5,311000,77012,-0.0953488372093,-0.456206896552,1985MM01,109.996193772
77013,A5,311000,77013,-0.085049833887,-0.465517241379,1985MM02,109.871626298
77014,A5,311000,77014,-0.0747508305648,-0.474827586207,1985MM03,109.747058824
77015,A5,311000,77015,-0.0644518272425,-0.484137931034,1985MM04,109.622491349
77016,A5,311000,77016,-0.0541528239203,-0.493448275862,1985MM05,109.497923875
77017,A5,311000,77017,-0.043853820598,-0.50275862069,1985MM06,109.373356401
77018,A5,311000,77018,-0.0335548172757,-0.512068965517,1985MM07,109.248788927
77019,A5,311000,77019,-0.0232558139535,-0.521379310345,1985MM08,109.124221453
77020,A5,311000,77020,-0.0129568106312,-0.530689655172,1985MM09,108.999653979
77021,A5,311000,77021,-0.00265780730897,-0.54,1985MM10,108.875086505
77022,A5,311000,77022,0.00764119601329,-0.549310344828,1985MM11,108.750519031
77023,A5,311000,77023,0.0179401993355,-0.558620689655,1985MM12,108.625951557
77025,A5,311000,77025,0.0282392026578,-0.567931034483,1986MM01,108.501384083
77026,A5,311000,77026,0.0385382059801,-0.57724137931,1986MM02,108.376816609
77027,A5,311000,77027,0.0488372093023,-0.586551724138,1986MM03,108.252249135
77028,A5,311000,77028,0.0591362126246,-0.595862068966,1986MM04,108.127681661
77029,A5,311000,77029,0.0694352159468,-0.605172413793,1986MM05,108.003114187
77030,A5,311000,77030,0.0797342192691,-0.614482758621,1986MM06,107.878546713
77031,A5,311000,77031,0.0900332225914,-0.623793103448,1986MM07,107.753979239
77032,A5,311000,77032,0.100332225914,-0.633103448276,1986MM08,107.629411765
77033,A5,311000,77033,0.110631229236,-0.642413793103,1986MM09,107.504844291
77034,A5,311000,77034,0.120930232558,-0.651724137931,1986MM10,107.380276817
77035,A5,311000,77035,0.13122923588,-0.661034482759,1986MM11,107.255709343
77036,A5,311000,77036,0.141528239203,-0.670344827586,1986MM12,107.131141869
77038,A5,311000,77038,0.151827242525,-0.679655172414,1987MM01,107.006574394
77039,A5,311000,77039,0.162126245847,-0.688965517241,1987MM02,106.88200692
77040,A5,311000,77040,0.172425249169,-0.698275862069,1987MM03,106.757439446
77041,A5,311000,77041,0.182724252492,-0.707586206897,1987MM04,106.632871972
77042,A5,311000,77042,0.193023255814,-0.716896551724,1987MM05,106.508304498
77043,A5,311000,77043,0.203322259136,-0.726206896552,1987MM06,106.383737024
77044,A5,311000,77044,0.213621262458,-0.735517241379,1987MM07,106.25916955
77045,A5,311000,77045,0.223920265781,-0.744827586207,1987MM08,106.134602076
77046,A5,311000,77046,0.234219269103,-0.754137931034,1987MM09,106.010034602
77047,A5,311000,77047,0.244518272425,-0.763448275862,1987MM10,105.885467128
77048,A5,311000,77048,0.254817275748,-0.77275862069,1987MM11,105.760899654
77049,A5,311000,77049,0.26511627907,-0.782068965517,1987MM12,105.63633218
77051,A5,311000,77051,0.275415282392,-0.791379310345,1988MM01,105.511764706
77052,A5,311000,77052,0.285714285714,-0.800689655172,1988MM02,105.387197232
77053,A5,311000,77053,0.296013289037,-0.81,1988MM03,105.262629758
77054,A5,311000,77054,0.306312292359,-0.819310344828,1988MM04,105.138062284
77055,A5,311000,77055,0.316611295681,-0.828620689655,1988MM05,105.01349481
77056,A5,311000,77056,0.326910299003,-0.837931034483,1988MM06,104.888927336
77057,A5,311000,77057,0.337209302326,-0.84724137931,1988MM07,104.764359862
77058,A5,311000,77058,0.347508305648,-0.856551724138,1988MM08,104.639792388
77059,A5,311000,77059,0.35780730897,-0.865862068966,1988MM09,104.515224913
77060,A5,311000,77060,0.368106312292,-0.875172413793,1988MM10,104.390657439
77061,A5,311000,77061,0.378405315615,-0.884482758621,1988MM11,104.266089965
77062,A5,311000,77062,0.388704318937,-0.893793103448,1988MM12,104.141522491
77064,A5,311000,77064,0.399003322259,-0.903103448276,1989MM01,104.016955017
77065,A5,311000,77065,0.409302325581,-0.912413793103,1989MM02,103.892387543
77066,A5,311000,77066,0.419601328904,-0.921724137931,1989MM03,103.767820069
77067,A5,311000,77067,0.429900332226,-0.931034482759,1989MM04,103.643252595
77068,A5,311000,77068,0.440199335548,-0.940344827586,1989MM05,103.518685121
77069,A5,311000,77069,0.45049833887,-0.949655172414,1989MM06,103.394117647
77070,A5,311000,77070,0.460797342193,-0.958965517241,1989MM07,103.269550173
77071,A5,311000,77071,0.471096345515,-0.968275862069,1989MM08,103.144982699
77072,A5,311000,77072,0.481395348837,-0.977586206897,1989MM09,103.020415225
77073,A5,311000,77073,0.491694352159,-0.986896551724,1989MM10,102.895847751
77074,A5,311000,77074,0.501993355482,-0.996206896552,1989MM11,102.771280277
77075,A5,311000,77075,0.512292358804,-1.00551724138,1989MM12,102.646712803
77077,A5,311000,77077,0.522591362126,-1.01482758621,1990MM01,102.522145329
77078,A5,311000,77078,0.532890365449,-1.02413793103,1990MM02,102.397577855
77079,A5,311000,77079,0.543189368771,-1.03344827586,1990MM03,102.273010381
77080,A5,311000,77080,0.553488372093,-1.04275862069,1990MM04,102.148442907
77081,A5,311000,77081,0.563787375415,-1.05206896552,1990MM05,102.023875433
77082,A5,311000,77082,0.574086378738,-1.06137931034,1990MM06,101.899307958
77083,A5,311000,77083,0.58438538206,-1.07068965517,1990MM07,101.774740484
77084,A5,311000,77084,0.594684385382,-1.08,1990MM08,101.65017301
77085,A5,311000,77085,0.604983388704,-1.08931034483,1990MM09,101.525605536
77086,A5,311000,77086,0.615282392027,-1.09862068966,1990MM10,101.401038062
77087,A5,311000,77087,0.625581395349,-1.10793103448,1990MM11,101.276470588
77088,A5,311000,77088,0.635880398671,-1.11724137931,1990MM12,101.151903114
77090,A5,311000,77090,0.646179401993,-1.12655172414,1991MM01,101.02733564
77091,A5,311000,77091,0.656478405316,-1.13586206897,1991MM02,100.902768166
77092,A5,311000,77092,0.666777408638,-1.14517241379,1991MM03,100.778200692
77093,A5,311000,77093,0.67707641196,-1.15448275862,1991MM04,100.653633218
77094,A5,311000,77094,0.687375415282,-1.16379310345,1991MM05,100.529065744
77095,A5,311000,77095,0.697674418605,-1.17310344828,1991MM06,100.40449827
77096,A5,311000,77096,0.707973421927,-1.1824137931,1991MM07,100.279930796
77097,A5,311000,77097,0.718272425249,-1.19172413793,1991MM08,100.155363322
77098,A5,311000,77098,0.728571428571,-1.20103448276,1991MM09,100.030795848
77099,A5,311000,77099,0.738870431894,-1.21034482759,1991MM10,99.9062283737
77100,A5,311000,77100,0.749169435216,-1.21965517241,1991MM11,99.7816608997
77101,A5,311000,77101,0.759468438538,-1.22896551724,1991MM12,99.6570934256
77103,A5,311000,77103,0.76976744186,-1.23827586207,1992MM01,99.5325259516
77104,A5,311000,77104,0.780066445183,-1.2475862069,1992MM02,99.4079584775
77105,A5,311000,77105,0.790365448505,-1.25689655172,1992MM03,99.2833910035
77106,A5,311000,77106,0.800664451827,-1.26620689655,1992MM04,99.1588235294
77107,A5,311000,77107,0.81096345515,-1.27551724138,1992MM05,99.0342560554
77108,A5,311000,77108,0.821262458472,-1.28482758621,1992MM06,98.9096885813
77109,A5,311000,77109,0.831561461794,-1.29413793103,1992MM07,98.7851211073
77110,A5,311000,77110,0.841860465116,-1.30344827586,1992MM08,98.6605536332
77111,A5,311000,77111,0.852159468439,-1.31275862069,1992MM09,98.5359861592
77112,A5,311000,77112,0.862458471761,-1.32206896552,1992MM10,98.4114186851
77113,A5,311000,77113,0.872757475083,-1.33137931034,1992MM11,98.2868512111
77114,A5,311000,77114,0.883056478405,-1.34068965517,1992MM12,98.162283737
77116,A5,311000,77116,0.893355481728,-1.35,1993MM01,98.037716263
77117,A5,311000,77117,0.90365448505,-1.35931034483,1993MM02,97.9131487889
77118,A5,311000,77118,0.913953488372,-1.36862068966,1993MM03,97.7885813149
77119,A5,311000,77119,0.924252491694,-1.37793103448,1993MM04,97.6640138408
77120,A5,311000,77120,0.934551495017,-1.38724137931,1993MM05,97.5394463668
77121,A5,311000,77121,0.944850498339,-1.39655172414,1993MM06,97.4148788927
77122,A5,311000,77122,0.955149501661,-1.40586206897,1993MM07,97.2903114187
77123,A5,311000,77123,0.965448504983,-1.41517241379,1993MM08,97.1657439446
77124,A5,311000,77124,0.975747508306,-1.42448275862,1993MM09,97.0411764706
77125,A5,311000,77125,0.986046511628,-1.43379310345,1993MM10,96.9166089965
77126,A5,311000,77126,0.99634551495,-1.44310344828,1993MM11,96.7920415225
77127,A5,311000,77127,1.00664451827,-1.4524137931,1993MM12,96.6674740484
77129,A5,311000,77129,1.01694352159,-1.46172413793,1994MM01,96.5429065744
77130,A5,311000,77130,1.02724252492,-1.47103448276,1994MM02,96.4183391003
77131,A5,311000,77131,1.03754152824,-1.48034482759,1994MM03,96.2937716263
77132,A5,311000,77132,1.04784053156,-1.48965517241,1994MM04,96.1692041522
77133,A5,311000,77133,1.05813953488,-1.49896551724,1994MM05,96.0446366782
77134,A5,311000,77134,1.06843853821,-1.50827586207,1994MM06,95.9200692042
77135,A5,311000,77135,1.07873754153,-1.5175862069,1994MM07,95.7955017301
77136,A5,311000,77136,1.08903654485,-1.52689655172,1994MM08,95.6709342561
77137,A5,311000,77137,1.09933554817,-1.53620689655,1994MM09,95.546366782
77138,A5,311000,77138,1.1096345515,-1.54551724138,1994MM10,95.421799308
77139,A5,311000,77139,1.11993355482,-1.55482758621,1994MM11,95.2972318339
77140,A5,311000,77140,1.13023255814,-1.56413793103,1994MM12,95.1726643599
77142,A5,311000,77142,1.14053156146,-1.57344827586,1995MM01,95.0480968858
77143,A5,311000,77143,1.15083056478,-1.58275862069,1995MM02,94.9235294118
77144,A5,311000,77144,1.16112956811,-1.59206896552,1995MM03,94.7989619377
77145,A5,311000,77145,1.17142857143,-1.60137931034,1995MM04,94.6743944637
77146,A5,311000,77146,1.18172757475,-1.61068965517,1995MM05,94.5498269896
77147,A5,311000,77147,1.19202657807,-1.62,1995MM06,94.4252595156
77148,A5,311000,77148,1.2023255814,-1.62931034483,1995MM07,94.3006920415
77149,A5,311000,77149,1.21262458472,-1.63862068966,1995MM08,94.1761245675
77150,A5,311000,77150,1.22292358804,-1.64793103448,1995MM09,94.0515570934
77151,A5,311000,77151,1.23322259136,-1.65724137931,1995MM10,93.9269896194
77152,A5,311000,77152,1.24352159468,-1.66655172414,1995MM11,93.8024221453
77153,A5,311000,77153,1.25382059801,-1.67586206897,1995MM12,93.6778546713
77155,A5,311000,77155,1.26411960133,-1.68517241379,1996MM01,93.5532871972
77156,A5,311000,77156,1.27441860465,-1.69448275862,1996MM02,93.4287197232
77157,A5,311000,77157,1.28471760797,-1.70379310345,1996MM03,93.3041522491
77158,A5,311000,77158,1.2950166113,-1.71310344828,1996MM04,93.1795847751
77159,A5,311000,77159,1.30531561462,-1.7224137931,1996MM05,93.055017301
77160,A5,311000,77160,1.31561461794,-1.73172413793,1996MM06,92.930449827
77161,A5,311000,77161,1.32591362126,-1.74103448276,1996MM07,92.8058823529
77162,A5,311000,77162,1.33621262458,-1.75034482759,1996MM08,92.6813148789
77163,A5,311000,77163,1.34651162791,-1.75965517241,1996MM09,92.5567474048
77164,A5,311000,77164,1.35681063123,-1.76896551724,1996MM10,92.4321799308
77165,A5,311000,77165,1.36710963455,-1.77827586207,1996MM11,92.3076124567
77166,A5,311000,77166,1.37740863787,-1.7875862069,1996MM12,92.1830449827
77168,A5,311000,77168,1.3877076412,-1.79689655172,1997MM01,92.0584775087
77169,A5,311000,77169,1.39800664452,-1.80620689655,1997MM02,91.9339100346
77170,A5,311000,77170,1.40830564784,-1.81551724138,1997MM03,91.8093425606
77171,A5,311000,77171,1.41860465116,-1.82482758621,1997MM04,91.6847750865
77172,A5,311000,77172,1.42890365449,-1.83413793103,1997MM05,91.5602076125
77173,A5,311000,77173,1.43920265781,-1.84344827586,1997MM06,91.4356401384
77174,A5,311000,77174,1.44950166113,-1.85275862069,1997MM07,91.3110726644
77175,A5,311000,77175,1.45980066445,-1.86206896552,1997MM08,91.1865051903
77176,A5,311000,77176,1.47009966777,-1.87137931034,1997MM09,91.0619377163
77177,A5,311000,77177,1.4803986711,-1.88068965517,1997MM10,90.9373702422
77178,A5,311000,77178,1.49069767442,-1.89,1997MM11,90.8128027682
77179,A5,311000,77179,1.50099667774,-1.89931034483,1997MM12,90.6882352941
77181,A5,311000,77181,1.51129568106,-1.90862068966,1998MM01,90.5636678201
77182,A5,311000,77182,1.52159468439,-1.91793103448,1998MM02,90.439100346
77183,A5,311000,77183,1.53189368771,-1.92724137931,1998MM03,90.314532872
77184,A5,311000,77184,1.54219269103,-1.93655172414,1998MM04,90.1899653979
77185,A5,311000,77185,1.55249169435,-1.94586206897,1998MM05,90.0653979239
77186,A5,311000,77186,1.56279069767,-1.95517241379,1998MM06,89.9408304498
77187,A5,311000,77187,1.573089701,-1.96448275862,1998MM07,89.8162629758
77188,A5,311000,77188,1.58338870432,-1.97379310345,1998MM08,89.6916955017
77189,A5,311000,77189,1.59368770764,-1.98310344828,1998MM09,89.5671280277
77190,A5,311000,77190,1.60398671096,-1.9924137931,1998MM10,89.4425605536
77191,A5,311000,77191,1.61428571429,-2.00172413793,1998MM11,89.3179930796
77192,A5,311000,77192,1.62458471761,-2.01103448276,1998MM12,89.1934256055
77194,A5,311000,77194,1.63488372093,-2.02034482759,1999MM01,89.0688581315
77195,A5,311000,77195,1.64518272425,-2.02965517241,1999MM02,88.9442906574
77196,A5,311000,77196,1.65548172757,-2.03896551724,1999MM03,88.8197231834
77197,A5,311000,77197,1.6657807309,-2.04827586207,1999MM04,88.6951557093
77198,A5,311000,77198,1.67607973422,-2.0575862069,1999MM05,88.5705882353
77199,A5,311000,77199,1.68637873754,-2.06689655172,1999MM06,88.4460207612
77200,A5,311000,77200,1.69667774086,-2.07620689655,1999MM07,88.3214532872
77201,A5,311000,77201,1.70697674419,-2.08551724138,1999MM08,88.1968858131
77202,A5,311000,77202,1.71727574751,-2.09482758621,1999MM09,88.0723183391
77203,A5,311000,77203,1.72757475083,-2.10413793103,1999MM10,87.9477508651
77204,A5,311000,77204,1.73787375415,-2.11344827586,1999MM11,87.823183391
77205,A5,311000,77205,1.74817275748,-2.12275862069,1999MM12,87.698615917
77207,A5,311000,77207,1.7584717608,-2.13206896552,2000MM01,87.5740484429
77208,A5,311000,77208,1.76877076412,-2.14137931034,2000MM02,87.4494809689
77209,A5,311000,77209,1.77906976744,-2.15068965517,2000MM03,87.3249134948
77210,A5,311000,77210,1.78936877076,-2.16,2000MM04,87.2003460208
77211,A5,311000,77211,1.79966777409,-2.16931034483,2000MM05,87.0757785467
77212,A5,311000,77212,1.80996677741,-2.17862068966,2000MM06,86.9512110727
77213,A5,311000,77213,1.82026578073,-2.18793103448,2000MM07,86.8266435986
77214,A5,311000,77214,1.83056478405,-2.19724137931,2000MM08,86.7020761246
77215,A5,311000,77215,1.84086378738,-2.20655172414,2000MM09,86.5775086505
77216,A5,311000,77216,1.8511627907,-2.21586206897,2000MM10,86.4529411765
77217,A5,311000,77217,1.86146179402,-2.22517241379,2000MM11,86.3283737024
77218,A5,311000,77218,1.87176079734,-2.23448275862,2000MM12,86.2038062284
77220,A5,311000,77220,1.88205980066,-2.24379310345,2001MM01,86.0792387543
77221,A5,311000,77221,1.89235880399,-2.25310344828,2001MM02,85.9546712803
77222,A5,311000,77222,1.90265780731,-2.2624137931,2001MM03,85.8301038062
77223,A5,311000,77223,1.91295681063,-2.27172413793,2001MM04,85.7055363322
77224,A5,311000,77224,1.92325581395,-2.28103448276,2001MM05,85.5809688581
77225,A5,311000,77225,1.93355481728,-2.29034482759,2001MM06,85.4564013841
77226,A5,311000,77226,1.9438538206,-2.29965517241,2001MM07,85.33183391
77227,A5,311000,77227,1.95415282392,-2.30896551724,2001MM08,85.207266436
77228,A5,311000,77228,1.96445182724,-2.31827586207,2001MM09,85.0826989619
77229,A5,311000,77229,1.97475083056,-2.3275862069,2001MM10,84.9581314879
77230,A5,311000,77230,1.98504983389,-2.33689655172,2001MM11,84.8335640138
77231,A5,311000,77231,1.99534883721,-2.34620689655,2001MM12,84.7089965398
77233,A5,311000,77233,2.00564784053,-2.35551724138,2002MM01,84.5844290657
77234,A5,311000,77234,2.01594684385,-2.36482758621,2002MM02,84.4598615917
77235,A5,311000,77235,2.02624584718,-2.37413793103,2002MM03,84.3352941176
77236,A5,311000,77236,2.0365448505,-2.38344827586,2002MM04,84.2107266436
77237,A5,311000,77237,2.04684385382,-2.39275862069,2002MM05,84.0861591696
77238,A5,311000,77238,2.05714285714,-2.40206896552,2002MM06,83.9615916955
77239,A5,311000,77239,2.06744186047,-2.41137931034,2002MM07,83.8370242215
77240,A5,311000,77240,2.07774086379,-2.42068965517,2002MM08,83.7124567474
77241,A5,311000,77241,2.08803986711,-2.43,2002MM09,83.5878892734
77242,A5,311000,77242,2.09833887043,-2.43931034483,2002MM10,83.4633217993
77243,A5,311000,77243,2.10863787375,-2.44862068966,2002MM11,83.3387543253
77244,A5,311000,77244,2.11893687708,-2.45793103448,2002MM12,83.2141868512
77246,A5,311000,77246,2.1292358804,-2.46724137931,2003MM01,83.0896193772
77247,A5,311000,77247,2.13953488372,-2.47655172414,2003MM02,82.9650519031
77248,A5,311000,77248,2.14983388704,-2.48586206897,2003MM03,82.8404844291
77249,A5,311000,77249,2.16013289037,-2.49517241379,2003MM04,82.715916955
77250,A5,311000,77250,2.17043189369,-2.50448275862,2003MM05,82.591349481
77251,A5,311000,77251,2.18073089701,-2.51379310345,2003MM06,82.4667820069
77252,A5,311000,77252,2.19102990033,-2.52310344828,2003MM07,82.3422145329
77253,A5,311000,77253,2.20132890365,-2.5324137931,2003MM08,82.2176470588
77254,A5,311000,77254,2.21162790698,-2.54172413793,2003MM09,82.0930795848
77255,A5,311000,77255,2.2219269103,-2.55103448276,2003MM10,81.9685121107
77256,A5,311000,77256,2.23222591362,-2.56034482759,2003MM11,81.8439446367
77257,A5,311000,77257,2.24252491694,-2.56965517241,2003MM12,81.7193771626
77259,A5,311000,77259,2.25282392027,-2.57896551724,2004MM01,81.5948096886
77260,A5,311000,77260,2.26312292359,-2.58827586207,2004MM02,81.4702422145
77261,A5,311000,77261,2.27342192691,-2.5975862069,2004MM03,81.3456747405
77262,A5,311000,77262,2.28372093023,-2.60689655172,2004MM04,81.2211072664
77263,A5,311000,77263,2.29401993355,-2.61620689655,2004MM05,81.0965397924
77264,A5,311000,77264,2.30431893688,-2.62551724138,2004MM06,80.9719723183
77265,A5,311000,77265,2.3146179402,-2.63482758621,2004MM07,80.8474048443
77266,A5,311000,77266,2.32491694352,-2.64413793103,2004MM08,80.7228373702
77267,A5,311000,77267,2.33521594684,-2.65344827586,2004MM09,80.5982698962
77268,A5,311000,77268,2.34551495017,-2.66275862069,2004MM10,80.4737024221
77269,A5,311000,77269,2.35581395349,-2.67206896552,2004MM11,80.3491349481
77270,A5,311000,77270,2.36611295681,-2.68137931034,2004MM12,80.224567474
77272,A5,311000,77272,2.37641196013,-2.69068965517,2005MM01,80.1
77273,A5,311000,77273,2.38671096346,-2.7,2005MM02,78.0
77274,A5,311000,77274,2.39700996678,1.4,2005MM03,79.0
77275,A5,311000,77275,2.4073089701,0.4,2005MM04,79.4
77276,A5,311000,77276,2.41760797342,2.0,2005MM05,80.9
77277,A5,311000,77277,2.42790697674,1.4,2005MM06,82.0
77278,A5,311000,77278,2.43820598007,0.4,2005MM07,82.4
77279,A5,311000,77279,2.44850498339,-0.7,2005MM08,81.8
77280,A5,311000,77280,2.45880398671,-0.2,2005MM09,81.7
77281,A5,311000,77281,2.46910299003,1.7,2005MM10,83.1
77282,A5,311000,77282,2.47940199336,0.0,2005MM11,83.1
77283,A5,311000,77283,2.48970099668,-0.1,2005MM12,83.0
77285,A5,311000,77285,2.5,-1.1,2006MM01,82.1
77286,A5,311000,77286,6.7,1.3,2006MM02,83.2
77287,A5,311000,77287,7.5,2.1,2006MM03,84.9
77288,A5,311000,77288,6.7,-0.3,2006MM04,84.6
77289,A5,311000,77289,3.5,-1.0,2006MM05,83.8
77290,A5,311000,77290,1.7,-0.4,2006MM06,83.5
77291,A5,311000,77291,3.0,1.7,2006MM07,84.9
77292,A5,311000,77292,5.7,1.9,2006MM08,86.5
77293,A5,311000,77293,7.9,2.0,2006MM09,88.2
77294,A5,311000,77294,10.3,3.9,2006MM10,91.6
77295,A5,311000,77295,11.5,1.1,2006MM11,92.6
77296,A5,311000,77296,15.1,3.2,2006MM12,95.6
77298,A5,311000,77298,19.5,2.7,2007MM01,98.1
77299,A5,311000,77299,18.8,0.8,2007MM02,98.9
77300,A5,311000,77300,20.0,3.1,2007MM03,101.9
77301,A5,311000,77301,27.7,6.1,2007MM04,108.1
77302,A5,311000,77302,35.4,4.9,2007MM05,113.4
77303,A5,311000,77303,35.9,0.0,2007MM06,113.4
77304,A5,311000,77304,34.9,0.9,2007MM07,114.5
77305,A5,311000,77305,33.3,0.6,2007MM08,115.2
77306,A5,311000,77306,31.0,0.2,2007MM09,115.5
77307,A5,311000,77307,21.2,-3.8,2007MM10,111.1
77308,A5,311000,77308,15.4,-3.8,2007MM11,106.9
77309,A5,311000,77309,7.2,-4.2,2007MM12,102.5
77311,A5,311000,77311,1.2,-3.0,2008MM01,99.4
77312,A5,311000,77312,-0.1,-0.6,2008MM02,98.8
77313,A5,311000,77313,-6.8,-3.8,2008MM03,95.0
77314,A5,311000,77314,-12.7,-0.6,2008MM04,94.4
77315,A5,311000,77315,-15.1,2.0,2008MM05,96.3
77316,A5,311000,77316,-10.9,5.0,2008MM06,101.1
77317,A5,311000,77317,-11.5,0.3,2008MM07,101.4
77318,A5,311000,77318,-13.5,-1.7,2008MM08,99.6
77319,A5,311000,77319,-16.2,-2.9,2008MM09,96.8
77320,A5,311000,77320,-14.8,-2.2,2008MM10,94.6
77321,A5,311000,77321,-14.6,-3.5,2008MM11,91.3
77322,A5,311000,77322,-12.3,-1.6,2008MM12,89.9
77324,A5,311000,77324,-10.8,-1.4,2009MM01,88.6
77325,A5,311000,77325,-10.5,-0.2,2009MM02,88.4
77326,A5,311000,77326,-8.6,-1.8,2009MM03,86.9
77327,A5,311000,77327,-8.6,-0.7,2009MM04,86.3
77328,A5,311000,77328,-9.8,0.7,2009MM05,86.9
77329,A5,311000,77329,-13.5,0.6,2009MM06,87.4
77330,A5,311000,77330,-12.5,1.5,2009MM07,88.7
77331,A5,311000,77331,-10.2,0.9,2009MM08,89.5
77332,A5,311000,77332,-6.7,1.0,2009MM09,90.3
77333,A5,311000,77333,-1.4,3.3,2009MM10,93.3
77334,A5,311000,77334,4.9,2.6,2009MM11,95.8
77335,A5,311000,77335,7.1,0.5,2009MM12,96.2
77337,A5,311000,77337,9.2,0.5,2010MM01,96.7
77338,A5,311000,77338,10.0,0.6,2010MM02,97.3
77339,A5,311000,77339,12.3,0.2,2010MM03,97.5
77340,A5,311000,77340,12.5,-0.5,2010MM04,97.0
77341,A5,311000,77341,16.0,3.9,2010MM05,100.8
77342,A5,311000,77342,12.8,-2.2,2010MM06,98.6
77343,A5,311000,77343,11.7,0.5,2010MM07,99.1
77344,A5,311000,77344,9.6,-1.0,2010MM08,98.1
77345,A5,311000,77345,11.8,2.9,2010MM09,100.9
77346,A5,311000,77346,13.2,4.6,2010MM10,105.6
77347,A5,311000,77347,8.1,-2.0,2010MM11,103.6
77348,A5,311000,77348,8.9,1.2,2010MM12,104.8
77350,A5,311000,77350,12.5,3.9,2011MM01,108.8
77351,A5,311000,77351,18.9,6.3,2011MM02,115.6
77352,A5,311000,77352,24.4,4.9,2011MM03,121.3
77353,A5,311000,77353,22.5,-2.0,2011MM04,118.9
77354,A5,311000,77354,16.5,-1.3,2011MM05,117.4
77355,A5,311000,77355,19.9,0.6,2011MM06,118.2
77356,A5,311000,77356,19.5,0.2,2011MM07,118.4
77357,A5,311000,77357,18.7,-1.6,2011MM08,116.5
77358,A5,311000,77358,14.8,-0.5,2011MM09,115.8
77359,A5,311000,77359,9.2,-0.5,2011MM10,115.3
77360,A5,311000,77360,13.2,1.6,2011MM11,117.2
77361,A5,311000,77361,13.4,1.4,2011MM12,118.8
77363,A5,311000,77363,9.0,-0.1,2012MM01,118.6
77364,A5,311000,77364,3.6,1.0,2012MM02,119.8
77365,A5,311000,77365,-2.4,-1.1,2012MM03,118.4
77366,A5,311000,77366,-0.4,0.0,2012MM04,118.5
77367,A5,311000,77367,0.6,-0.3,2012MM05,118.1
77368,A5,311000,77368,0.5,0.5,2012MM06,118.7
77369,A5,311000,77369,1.7,1.4,2012MM07,120.4
77370,A5,311000,77370,4.5,1.0,2012MM08,121.7
77371,A5,311000,77371,8.3,3.1,2012MM09,125.5
77372,A5,311000,77372,11.3,2.3,2012MM10,128.4
77373,A5,311000,77373,9.9,0.3,2012MM11,128.8
77374,A5,311000,77374,8.7,0.3,2012MM12,129.1
77376,A5,311000,77376,9.1,0.3,2013MM01,129.5
77377,A5,311000,77377,8.0,-0.1,2013MM02,129.3
77378,A5,311000,77378,8.1,-1.0,2013MM03,128.1
77379,A5,311000,77379,7.3,-0.7,2013MM04,127.1
77380,A5,311000,77380,9.7,2.0,2013MM05,129.6
77381,A5,311000,77381,8.4,-0.7,2013MM06,128.7
77382,A5,311000,77382,7.2,0.3,2013MM07,129.0
77383,A5,311000,77383,5.2,-0.8,2013MM08,128.0
77384,A5,311000,77384,1.3,-0.7,2013MM09,127.1
77385,A5,311000,77385,-2.5,-1.5,2013MM10,125.2
77386,A5,311000,77386,-3.2,-0.4,2013MM11,124.6
77387,A5,311000,77387,-3.6,-0.2,2013MM12,124.4
77389,A5,311000,77389,-3.4,0.5,2014MM01,125.1
77390,A5,311000,77390,-3.2,0.1,2014MM02,125.2
77391,A5,311000,77391,-2.6,-0.4,2014MM03,124.7
77392,A5,311000,77392,-2.0,-0.2,2014MM04,124.5
77393,A5,311000,77393,-4.8,-0.8,2014MM05,123.4
77394,A5,311000,77394,-4.6,-0.5,2014MM06,122.8
77395,A5,311000,77395,-4.8,0.0,2014MM07,122.9
77396,A5,311000,77396,-4.9,-0.9,2014MM08,121.7
77397,A5,311000,77397,-6.6,-2.4,2014MM09,118.7
77398,A5,311000,77398,-6.7,-1.7,2014MM10,116.8
77399,A5,311000,77399,-8.0,-1.8,2014MM11,114.6
77400,A5,311000,77400,-8.5,-0.7,2014MM12,113.8
77402,A5,311000,77402,-9.7,-0.8,2015MM01,113.0
77403,A5,311000,77403,-9.1,0.7,2015MM02,113.8
77404,A5,311000,77404,-7.2,1.8,2015MM03,115.8
77405,A5,311000,77405,-7.4,-0.4,2015MM04,115.3
77406,A5,311000,77406,-7.1,-0.6,2015MM05,114.7
77407,A5,311000,77407,-7.8,-1.3,2015MM06,113.2
77408,A5,311000,77408,-9.3,-1.6,2015MM07,111.5
77409,A5,311000,77409,-8.9,-0.5,2015MM08,110.9
77410,A5,311000,77410,-7.5,-0.9,2015MM09,109.9
77411,A5,311000,77411,-6.7,-0.8,2015MM10,109.0
77412,A5,311000,77412,-4.7,0.3,2015MM11,109.2
77413,A5,311000,77413,-5.0,-1.0,2015MM12,108.2
77415,A5,311000,77415,-5.5,-1.4,2016MM01,106.7
77416,A5,311000,77416,-6.6,-0.4,2016MM02,106.2
77417,A5,311000,77417,-9.3,-1.1,2016MM03,105.0
77418,A5,311000,77418,-9.2,-0.3,2016MM04,104.7
77419,A5,311000,77419,-8.5,0.2,2016MM05,104.9
77420,A5,311000,77420,-6.1,1.4,2016MM06,106.4
77421,A5,311000,77421,-2.3,2.4,2016MM07,108.9
77422,A5,311000,77422,-1.2,0.6,2016MM08,109.5
77423,A5,311000,77423,1.6,1.9,2016MM09,111.6
77424,A5,311000,77424,4.3,1.8,2016MM10,113.6
77425,A5,311000,77425,3.9,-0.1,2016MM11,113.5
77426,A5,311000,77426,5.0,0.1,2016MM12,113.6
77428,A5,311000,77428,8.7,2.1,2017MM01,116.0
77429,A5,311000,77429,10.4,1.1,2017MM02,117.3
77430,A5,311000,77430,11.6,0.0,2017MM03,117.3
77431,A5,311000,77431,11.2,-0.7,2017MM04,116.4
77432,A5,311000,77432,10.2,-0.6,2017MM05,115.7
77433,A5,311000,77433,9.9,1.0,2017MM06,116.9
77434,A5,311000,77434,7.5,0.2,2017MM07,117.1
77435,A5,311000,77435,6.1,-0.8,2017MM08,116.2
77436,A5,311000,77436,3.2,-0.8,2017MM09,115.2
77437,A5,311000,77437,-0.9,-2.3,2017MM10,112.5
77438,A5,311000,77438,-2.9,-2.1,2017MM11,110.2
77439,A5,311000,77439,-3.9,-1.0,2017MM12,109.1
