,Afzet,BedrijfstakkenBranchesSBI2008,ID,OntwikkelingTOV1JaarEerder_2,OntwikkelingTOV1MaandEerder_3,Perioden,ProducentenprijsindexPPI_1
12818,A6,311000,12818,,,2005MM01,78.0
12819,A6,311000,12819,,-1.3,2005MM02,76.9
12820,A6,311000,12820,,0.3,2005MM03,77.2
12821,A6,311000,12821,,0.2,2005MM04,77.3
12822,A6,311000,12822,,1.1,2005MM05,78.2
12823,A6,311000,12823,,0.7,2005MM06,78.7
12824,A6,311000,12824,,0.3,2005MM07,79.0
12825,A6,311000,12825,,-0.3,2005MM08,78.8
12826,A6,311000,12826,,0.0,2005MM09,78.8
12827,A6,311000,12827,,0.3,2005MM10,79.0
12828,A6,311000,12828,,0.1,2005MM11,79.1
12829,A6,311000,12829,,0.3,2005MM12,79.4
12831,A6,311000,12831,1.1,-0.6,2006MM01,78.8
12832,A6,311000,12832,3.4,0.9,2006MM02,79.5
12833,A6,311000,12833,4.3,1.3,2006MM03,80.5
12834,A6,311000,12834,4.4,0.2,2006MM04,80.7
12835,A6,311000,12835,2.8,-0.4,2006MM05,80.4
12836,A6,311000,12836,2.1,0.0,2006MM06,80.4
12837,A6,311000,12837,2.6,0.8,2006MM07,81.0
12838,A6,311000,12838,4.0,1.2,2006MM08,81.9
12839,A6,311000,12839,5.8,1.7,2006MM09,83.4
12840,A6,311000,12840,8.3,2.7,2006MM10,85.6
12841,A6,311000,12841,9.8,1.4,2006MM11,86.8
12842,A6,311000,12842,12.1,2.5,2006MM12,89.0
12844,A6,311000,12844,15.4,2.3,2007MM01,91.0
12845,A6,311000,12845,16.0,1.4,2007MM02,92.2
12846,A6,311000,12846,17.0,2.2,2007MM03,94.2
12847,A6,311000,12847,20.7,3.4,2007MM04,97.4
12848,A6,311000,12848,24.6,2.8,2007MM05,100.1
12849,A6,311000,12849,25.1,0.5,2007MM06,100.6
12850,A6,311000,12850,25.6,1.2,2007MM07,101.8
12851,A6,311000,12851,26.1,1.5,2007MM08,103.3
12852,A6,311000,12852,27.3,2.8,2007MM09,106.2
12853,A6,311000,12853,25.0,0.8,2007MM10,107.0
12854,A6,311000,12854,23.0,-0.2,2007MM11,106.8
12855,A6,311000,12855,18.8,-1.0,2007MM12,105.7
12857,A6,311000,12857,15.9,-0.3,2008MM01,105.4
12858,A6,311000,12858,14.7,0.4,2008MM02,105.8
12859,A6,311000,12859,11.2,-1.0,2008MM03,104.7
12860,A6,311000,12860,8.5,0.9,2008MM04,105.6
12861,A6,311000,12861,6.9,1.3,2008MM05,107.0
12862,A6,311000,12862,8.8,2.3,2008MM06,109.4
12863,A6,311000,12863,7.8,0.3,2008MM07,109.7
12864,A6,311000,12864,5.2,-1.0,2008MM08,108.6
12865,A6,311000,12865,-0.2,-2.4,2008MM09,106.0
12866,A6,311000,12866,-3.2,-2.3,2008MM10,103.6
12867,A6,311000,12867,-6.8,-3.9,2008MM11,99.5
12868,A6,311000,12868,-8.1,-2.3,2008MM12,97.2
12870,A6,311000,12870,-9.6,-2.0,2009MM01,95.2
12871,A6,311000,12871,-10.6,-0.7,2009MM02,94.6
12872,A6,311000,12872,-10.7,-1.1,2009MM03,93.5
12873,A6,311000,12873,-12.0,-0.7,2009MM04,92.9
12874,A6,311000,12874,-13.1,0.1,2009MM05,93.0
12875,A6,311000,12875,-15.0,-0.1,2009MM06,93.0
12876,A6,311000,12876,-14.9,0.5,2009MM07,93.4
12877,A6,311000,12877,-14.2,-0.2,2009MM08,93.2
12878,A6,311000,12878,-12.4,-0.4,2009MM09,92.9
12879,A6,311000,12879,-9.8,0.6,2009MM10,93.4
12880,A6,311000,12880,-5.4,0.8,2009MM11,94.2
12881,A6,311000,12881,-2.9,0.3,2009MM12,94.4
12883,A6,311000,12883,-0.6,0.3,2010MM01,94.7
12884,A6,311000,12884,0.7,0.6,2010MM02,95.2
12885,A6,311000,12885,2.0,0.2,2010MM03,95.4
12886,A6,311000,12886,2.5,-0.2,2010MM04,95.3
12887,A6,311000,12887,4.5,2.0,2010MM05,97.2
12888,A6,311000,12888,4.2,-0.4,2010MM06,96.8
12889,A6,311000,12889,5.0,1.3,2010MM07,98.1
12890,A6,311000,12890,6.9,1.6,2010MM08,99.6
12891,A6,311000,12891,11.0,3.5,2010MM09,103.1
12892,A6,311000,12892,15.0,4.2,2010MM10,107.4
12893,A6,311000,12893,14.4,0.3,2010MM11,107.7
12894,A6,311000,12894,15.9,1.6,2010MM12,109.4
12896,A6,311000,12896,19.2,3.1,2011MM01,112.9
12897,A6,311000,12897,23.1,3.8,2011MM02,117.2
12898,A6,311000,12898,27.3,3.7,2011MM03,121.5
12899,A6,311000,12899,27.5,0.0,2011MM04,121.5
12900,A6,311000,12900,24.8,-0.2,2011MM05,121.3
12901,A6,311000,12901,25.8,0.5,2011MM06,121.9
12902,A6,311000,12902,24.3,0.0,2011MM07,121.9
12903,A6,311000,12903,21.3,-0.9,2011MM08,120.9
12904,A6,311000,12904,16.5,-0.6,2011MM09,120.2
12905,A6,311000,12905,11.1,-0.7,2011MM10,119.3
12906,A6,311000,12906,11.1,0.3,2011MM11,119.7
12907,A6,311000,12907,9.4,0.1,2011MM12,119.8
12909,A6,311000,12909,5.4,-0.7,2012MM01,119.0
12910,A6,311000,12910,2.3,0.7,2012MM02,119.8
12911,A6,311000,12911,-1.2,0.2,2012MM03,120.0
12912,A6,311000,12912,-0.2,1.0,2012MM04,121.3
12913,A6,311000,12913,1.0,1.0,2012MM05,122.5
12914,A6,311000,12914,1.7,1.2,2012MM06,124.0
12915,A6,311000,12915,3.5,1.7,2012MM07,126.2
12916,A6,311000,12916,6.4,1.9,2012MM08,128.6
12917,A6,311000,12917,10.0,2.8,2012MM09,132.2
12918,A6,311000,12918,12.5,1.6,2012MM10,134.3
12919,A6,311000,12919,13.4,1.1,2012MM11,135.7
12920,A6,311000,12920,14.2,0.8,2012MM12,136.8
12922,A6,311000,12922,15.6,0.5,2013MM01,137.5
12923,A6,311000,12923,14.6,-0.2,2013MM02,137.3
12924,A6,311000,12924,13.8,-0.5,2013MM03,136.5
12925,A6,311000,12925,11.7,-0.8,2013MM04,135.4
12926,A6,311000,12926,11.0,0.5,2013MM05,136.0
12927,A6,311000,12927,9.1,-0.6,2013MM06,135.3
12928,A6,311000,12928,6.6,-0.6,2013MM07,134.5
12929,A6,311000,12929,2.5,-2.1,2013MM08,131.7
12930,A6,311000,12930,-3.1,-2.8,2013MM09,128.1
12931,A6,311000,12931,-6.6,-2.1,2013MM10,125.3
12932,A6,311000,12932,-8.7,-1.2,2013MM11,123.9
12933,A6,311000,12933,-9.6,-0.1,2013MM12,123.7
12935,A6,311000,12935,-9.9,0.1,2014MM01,123.8
12936,A6,311000,12936,-9.7,0.1,2014MM02,123.9
12937,A6,311000,12937,-9.0,0.3,2014MM03,124.3
12938,A6,311000,12938,-7.6,0.7,2014MM04,125.2
12939,A6,311000,12939,-7.8,0.3,2014MM05,125.5
12940,A6,311000,12940,-7.4,-0.2,2014MM06,125.3
12941,A6,311000,12941,-7.0,-0.1,2014MM07,125.2
12942,A6,311000,12942,-6.6,-1.7,2014MM08,123.1
12943,A6,311000,12943,-6.2,-2.4,2014MM09,120.1
12944,A6,311000,12944,-6.3,-2.2,2014MM10,117.4
12945,A6,311000,12945,-6.6,-1.5,2014MM11,115.7
12946,A6,311000,12946,-7.0,-0.6,2014MM12,115.0
12948,A6,311000,12948,-7.2,-0.1,2015MM01,114.9
12949,A6,311000,12949,-6.1,1.3,2015MM02,116.3
12950,A6,311000,12950,-5.2,1.2,2015MM03,117.8
12951,A6,311000,12951,-5.8,0.1,2015MM04,117.9
12952,A6,311000,12952,-6.3,-0.2,2015MM05,117.6
12953,A6,311000,12953,-6.8,-0.8,2015MM06,116.7
12954,A6,311000,12954,-7.5,-0.8,2015MM07,115.8
12955,A6,311000,12955,-6.0,-0.1,2015MM08,115.7
12956,A6,311000,12956,-4.5,-0.9,2015MM09,114.7
12957,A6,311000,12957,-3.4,-1.0,2015MM10,113.5
12958,A6,311000,12958,-2.0,0.0,2015MM11,113.4
12959,A6,311000,12959,-1.9,-0.6,2015MM12,112.8
12961,A6,311000,12961,-2.8,-1.0,2016MM01,111.6
12962,A6,311000,12962,-4.7,-0.7,2016MM02,110.9
12963,A6,311000,12963,-7.1,-1.3,2016MM03,109.4
12964,A6,311000,12964,-7.8,-0.7,2016MM04,108.7
12965,A6,311000,12965,-7.6,0.0,2016MM05,108.7
12966,A6,311000,12966,-5.6,1.4,2016MM06,110.2
12967,A6,311000,12967,-3.3,1.6,2016MM07,112.0
12968,A6,311000,12968,-2.8,0.5,2016MM08,112.5
12969,A6,311000,12969,-0.6,1.3,2016MM09,113.9
12970,A6,311000,12970,1.6,1.2,2016MM10,115.3
12971,A6,311000,12971,1.7,0.1,2016MM11,115.4
12972,A6,311000,12972,2.6,0.3,2016MM12,115.7
12974,A6,311000,12974,5.0,1.3,2017MM01,117.2
12975,A6,311000,12975,6.7,0.9,2017MM02,118.3
12976,A6,311000,12976,8.5,0.3,2017MM03,118.7
12977,A6,311000,12977,8.8,-0.3,2017MM04,118.3
12978,A6,311000,12978,8.0,-0.7,2017MM05,117.4
12979,A6,311000,12979,7.4,0.8,2017MM06,118.3
12980,A6,311000,12980,5.7,0.0,2017MM07,118.3
12981,A6,311000,12981,4.3,-0.8,2017MM08,117.3
12982,A6,311000,12982,2.3,-0.6,2017MM09,116.6
12983,A6,311000,12983,-0.4,-1.5,2017MM10,114.8
12984,A6,311000,12984,-1.2,-0.7,2017MM11,114.0
12985,A6,311000,12985,-1.8,-0.3,2017MM12,113.6
