,Afzet,BedrijfstakkenBranchesSBI2008,ID,OntwikkelingTOV1JaarEerder_2,OntwikkelingTOV1MaandEerder_3,Perioden,ProducentenprijsindexPPI_1
77441,A5,311300,77441,4.66153846154,-0.1,1981MM01,64.4
77442,A5,311300,77442,4.72307692308,0.0,1981MM02,64.4
77443,A5,311300,77443,4.78461538462,0.6,1981MM03,64.8
77444,A5,311300,77444,4.84615384615,-0.1,1981MM04,64.8
77445,A5,311300,77445,4.90769230769,0.2,1981MM05,64.9
77446,A5,311300,77446,4.96923076923,0.1,1981MM06,65.0
77447,A5,311300,77447,5.03076923077,0.4,1981MM07,65.3
77448,A5,311300,77448,5.09230769231,0.0,1981MM08,65.2
77449,A5,311300,77449,5.15384615385,0.0,1981MM09,65.3
77450,A5,311300,77450,5.21538461538,0.1,1981MM10,65.4
77451,A5,311300,77451,5.27692307692,-0.2,1981MM11,65.3
77452,A5,311300,77452,5.33846153846,0.0,1981MM12,65.3
77454,A5,311300,77454,5.4,4.0,1982MM01,67.9
77455,A5,311300,77455,5.5,0.0,1982MM02,67.9
77456,A5,311300,77456,4.9,0.1,1982MM03,68.0
77457,A5,311300,77457,5.2,0.3,1982MM04,68.2
77458,A5,311300,77458,4.8,-0.1,1982MM05,68.1
77459,A5,311300,77459,4.8,0.1,1982MM06,68.1
77460,A5,311300,77460,6.3,1.8,1982MM07,69.4
77461,A5,311300,77461,6.2,-0.1,1982MM08,69.3
77462,A5,311300,77462,6.1,0.0,1982MM09,69.3
77463,A5,311300,77463,5.7,-0.2,1982MM10,69.1
77464,A5,311300,77464,5.7,-0.1,1982MM11,69.0
77465,A5,311300,77465,5.9,0.2,1982MM12,69.1
77467,A5,311300,77467,5.6,3.7,1983MM01,71.7
77468,A5,311300,77468,5.8,0.3,1983MM02,71.9
77469,A5,311300,77469,6.1,0.3,1983MM03,72.1
77470,A5,311300,77470,6.1,0.4,1983MM04,72.3
77471,A5,311300,77471,6.1,-0.1,1983MM05,72.3
77472,A5,311300,77472,6.1,0.0,1983MM06,72.3
77473,A5,311300,77473,3.9,-0.3,1983MM07,72.0
77474,A5,311300,77474,3.8,-0.2,1983MM08,71.9
77475,A5,311300,77475,3.8,0.0,1983MM09,71.9
77476,A5,311300,77476,4.2,0.1,1983MM10,72.0
77477,A5,311300,77477,4.2,-0.1,1983MM11,71.9
77478,A5,311300,77478,5.8,1.7,1983MM12,73.2
77480,A5,311300,77480,3.3,1.2,1984MM01,74.0
77481,A5,311300,77481,3.1,0.1,1984MM02,74.1
77482,A5,311300,77482,2.5,-0.3,1984MM03,73.9
77483,A5,311300,77483,2.2,0.1,1984MM04,73.9
77484,A5,311300,77484,1.7,-0.6,1984MM05,73.5
77485,A5,311300,77485,1.6,-0.1,1984MM06,73.4
77486,A5,311300,77486,2.9,0.9,1984MM07,74.1
77487,A5,311300,77487,4.0,0.9,1984MM08,74.8
77488,A5,311300,77488,7.1,3.0,1984MM09,77.0
77489,A5,311300,77489,9.2,2.1,1984MM10,78.6
77490,A5,311300,77490,8.4,-0.8,1984MM11,78.0
77491,A5,311300,77491,6.5,0.0,1984MM12,77.9
77493,A5,311300,77493,8.5,3.1,1985MM01,80.3
77494,A5,311300,77494,8.6,0.1,1985MM02,80.4
77495,A5,311300,77495,10.0,1.0,1985MM03,81.3
77496,A5,311300,77496,10.2,0.2,1985MM04,81.4
77497,A5,311300,77497,9.6,-1.1,1985MM05,80.5
77498,A5,311300,77498,9.3,-0.3,1985MM06,80.3
77499,A5,311300,77499,8.1,-0.2,1985MM07,80.1
77500,A5,311300,77500,7.2,0.1,1985MM08,80.1
77501,A5,311300,77501,3.5,-0.6,1985MM09,79.7
77502,A5,311300,77502,1.7,0.3,1985MM10,80.0
77503,A5,311300,77503,1.7,-0.9,1985MM11,79.3
77504,A5,311300,77504,1.5,-0.2,1985MM12,79.2
77506,A5,311300,77506,-1.8,-0.3,1986MM01,78.9
77507,A5,311300,77507,-1.9,0.0,1986MM02,78.9
77508,A5,311300,77508,-1.6,1.4,1986MM03,80.0
77509,A5,311300,77509,-2.6,-0.9,1986MM04,79.3
77510,A5,311300,77510,-1.7,-0.1,1986MM05,79.2
77511,A5,311300,77511,-1.0,0.4,1986MM06,79.5
77512,A5,311300,77512,-0.8,-0.1,1986MM07,79.4
77513,A5,311300,77513,-0.9,0.0,1986MM08,79.4
77514,A5,311300,77514,-0.6,-0.2,1986MM09,79.2
77515,A5,311300,77515,-1.8,-0.9,1986MM10,78.5
77516,A5,311300,77516,-1.2,-0.2,1986MM11,78.3
77517,A5,311300,77517,-1.0,0.0,1986MM12,78.3
77519,A5,311300,77519,-0.6,0.2,1987MM01,78.5
77520,A5,311300,77520,-1.0,-0.5,1987MM02,78.1
77521,A5,311300,77521,-2.6,-0.3,1987MM03,77.9
77522,A5,311300,77522,-1.9,-0.1,1987MM04,77.8
77523,A5,311300,77523,-1.9,-0.1,1987MM05,77.7
77524,A5,311300,77524,-1.8,0.5,1987MM06,78.0
77525,A5,311300,77525,-1.8,-0.1,1987MM07,77.9
77526,A5,311300,77526,-2.0,-0.1,1987MM08,77.8
77527,A5,311300,77527,-1.6,0.1,1987MM09,77.9
77528,A5,311300,77528,-0.4,0.3,1987MM10,78.2
77529,A5,311300,77529,0.0,0.1,1987MM11,78.3
77530,A5,311300,77530,-0.4,-0.4,1987MM12,78.0
77532,A5,311300,77532,-0.7,-0.1,1988MM01,77.9
77533,A5,311300,77533,-1.0,-0.7,1988MM02,77.4
77534,A5,311300,77534,-1.3,-0.7,1988MM03,76.8
77535,A5,311300,77535,0.1,1.3,1988MM04,77.9
77536,A5,311300,77536,-1.7,-2.0,1988MM05,76.3
77537,A5,311300,77537,-1.7,0.5,1988MM06,76.7
77538,A5,311300,77538,-1.0,0.6,1988MM07,77.1
77539,A5,311300,77539,-0.6,0.3,1988MM08,77.4
77540,A5,311300,77540,-0.5,0.2,1988MM09,77.5
77541,A5,311300,77541,-0.4,0.4,1988MM10,77.9
77542,A5,311300,77542,1.0,1.6,1988MM11,79.1
77543,A5,311300,77543,1.9,0.5,1988MM12,79.5
77545,A5,311300,77545,1.8,-0.2,1989MM01,79.4
77546,A5,311300,77546,1.9,-0.6,1989MM02,78.9
77547,A5,311300,77547,2.0,-0.6,1989MM03,78.3
77548,A5,311300,77548,0.9,0.3,1989MM04,78.6
77549,A5,311300,77549,6.2,3.2,1989MM05,81.1
77550,A5,311300,77550,4.0,-1.6,1989MM06,79.8
77551,A5,311300,77551,4.4,0.9,1989MM07,80.5
77552,A5,311300,77552,3.8,-0.2,1989MM08,80.3
77553,A5,311300,77553,3.6,0.0,1989MM09,80.3
77554,A5,311300,77554,3.8,0.7,1989MM10,80.8
77555,A5,311300,77555,2.2,0.0,1989MM11,80.8
77556,A5,311300,77556,2.0,0.4,1989MM12,81.1
77558,A5,311300,77558,2.1,-0.1,1990MM01,81.0
77559,A5,311300,77559,2.4,-0.3,1990MM02,80.7
77560,A5,311300,77560,2.7,-0.4,1990MM03,80.4
77561,A5,311300,77561,2.4,0.0,1990MM04,80.4
77562,A5,311300,77562,-0.7,0.1,1990MM05,80.5
77563,A5,311300,77563,0.6,-0.4,1990MM06,80.2
77564,A5,311300,77564,0.3,0.7,1990MM07,80.8
77565,A5,311300,77565,0.5,-0.1,1990MM08,80.7
77566,A5,311300,77566,0.0,-0.5,1990MM09,80.3
77567,A5,311300,77567,-0.9,-0.3,1990MM10,80.1
77568,A5,311300,77568,-1.3,-0.4,1990MM11,79.7
77569,A5,311300,77569,-2.2,-0.5,1990MM12,79.3
77571,A5,311300,77571,-1.9,0.3,1991MM01,79.5
77572,A5,311300,77572,2.3,3.9,1991MM02,82.6
77573,A5,311300,77573,-0.2,-2.8,1991MM03,80.3
77574,A5,311300,77574,-0.7,-0.5,1991MM04,79.9
77575,A5,311300,77575,2.1,2.8,1991MM05,82.2
77576,A5,311300,77576,3.9,1.4,1991MM06,83.3
77577,A5,311300,77577,3.4,0.2,1991MM07,83.5
77578,A5,311300,77578,3.9,0.4,1991MM08,83.9
77579,A5,311300,77579,4.5,0.0,1991MM09,83.9
77580,A5,311300,77580,4.8,0.0,1991MM10,83.9
77581,A5,311300,77581,4.8,-0.5,1991MM11,83.5
77582,A5,311300,77582,5.2,-0.1,1991MM12,83.4
77584,A5,311300,77584,4.3,-0.6,1992MM01,82.9
77585,A5,311300,77585,-0.7,-1.1,1992MM02,82.0
77586,A5,311300,77586,3.0,0.8,1992MM03,82.7
77587,A5,311300,77587,3.2,-0.3,1992MM04,82.4
77588,A5,311300,77588,1.4,1.1,1992MM05,83.3
77589,A5,311300,77589,-0.1,-0.1,1992MM06,83.3
77590,A5,311300,77590,0.2,0.6,1992MM07,83.7
77591,A5,311300,77591,0.0,0.1,1992MM08,83.8
77592,A5,311300,77592,-1.0,-1.0,1992MM09,83.0
77593,A5,311300,77593,-2.2,-1.1,1992MM10,82.1
77594,A5,311300,77594,-1.5,0.2,1992MM11,82.3
77595,A5,311300,77595,-2.2,-0.8,1992MM12,81.6
77597,A5,311300,77597,-2.0,-0.4,1993MM01,81.3
77598,A5,311300,77598,0.2,1.1,1993MM02,82.2
77599,A5,311300,77599,-0.2,0.4,1993MM03,82.5
77600,A5,311300,77600,1.6,1.5,1993MM04,83.8
77601,A5,311300,77601,0.5,-0.1,1993MM05,83.7
77602,A5,311300,77602,0.9,0.4,1993MM06,84.0
77603,A5,311300,77603,0.3,-0.1,1993MM07,84.0
77604,A5,311300,77604,-0.6,-0.8,1993MM08,83.3
77605,A5,311300,77605,0.7,0.3,1993MM09,83.6
77606,A5,311300,77606,1.8,-0.1,1993MM10,83.5
77607,A5,311300,77607,2.7,1.2,1993MM11,84.5
77608,A5,311300,77608,3.2,-0.3,1993MM12,84.2
77610,A5,311300,77610,2.0,-1.5,1994MM01,82.9
77611,A5,311300,77611,1.0,0.1,1994MM02,83.0
77612,A5,311300,77612,2.4,1.7,1994MM03,84.5
77613,A5,311300,77613,0.5,-0.4,1994MM04,84.1
77614,A5,311300,77614,-1.7,-2.2,1994MM05,82.3
77615,A5,311300,77615,0.5,2.7,1994MM06,84.5
77616,A5,311300,77616,0.3,-0.3,1994MM07,84.2
77617,A5,311300,77617,0.3,-0.8,1994MM08,83.5
77618,A5,311300,77618,-0.1,-0.1,1994MM09,83.5
77619,A5,311300,77619,-0.9,-0.8,1994MM10,82.8
77620,A5,311300,77620,-2.5,-0.5,1994MM11,82.4
77621,A5,311300,77621,-3.4,-1.2,1994MM12,81.4
77623,A5,311300,77623,-2.2,-0.3,1995MM01,81.1
77624,A5,311300,77624,-2.4,-0.1,1995MM02,81.0
77625,A5,311300,77625,-5.0,-1.0,1995MM03,80.3
77626,A5,311300,77626,-4.8,-0.2,1995MM04,80.1
77627,A5,311300,77627,-2.4,0.1,1995MM05,80.3
77628,A5,311300,77628,-5.2,-0.2,1995MM06,80.1
77629,A5,311300,77629,-5.1,-0.2,1995MM07,79.9
77630,A5,311300,77630,-3.4,0.9,1995MM08,80.7
77631,A5,311300,77631,-3.7,-0.3,1995MM09,80.4
77632,A5,311300,77632,-3.4,-0.5,1995MM10,80.0
77633,A5,311300,77633,-3.0,-0.1,1995MM11,79.9
77634,A5,311300,77634,-1.8,-0.1,1995MM12,79.9
77636,A5,311300,77636,-1.2,0.3,1996MM01,80.2
77637,A5,311300,77637,-1.3,-0.2,1996MM02,80.0
77638,A5,311300,77638,-0.2,0.1,1996MM03,80.1
77639,A5,311300,77639,0.5,0.5,1996MM04,80.5
77640,A5,311300,77640,0.9,0.5,1996MM05,81.0
77641,A5,311300,77641,0.6,-0.5,1996MM06,80.6
77642,A5,311300,77642,1.1,0.3,1996MM07,80.8
77643,A5,311300,77643,-0.2,-0.4,1996MM08,80.5
77644,A5,311300,77644,0.8,0.7,1996MM09,81.1
77645,A5,311300,77645,1.6,0.2,1996MM10,81.3
77646,A5,311300,77646,1.8,0.2,1996MM11,81.4
77647,A5,311300,77647,2.4,0.5,1996MM12,81.8
77649,A5,311300,77649,2.9,0.9,1997MM01,82.5
77650,A5,311300,77650,3.8,0.6,1997MM02,83.0
77651,A5,311300,77651,3.9,0.3,1997MM03,83.2
77652,A5,311300,77652,3.6,0.2,1997MM04,83.4
77653,A5,311300,77653,3.1,0.1,1997MM05,83.5
77654,A5,311300,77654,4.2,0.5,1997MM06,83.9
77655,A5,311300,77655,3.9,0.0,1997MM07,83.9
77656,A5,311300,77656,4.8,0.5,1997MM08,84.4
77657,A5,311300,77657,3.6,-0.5,1997MM09,83.9
77658,A5,311300,77658,3.1,-0.2,1997MM10,83.8
77659,A5,311300,77659,2.8,-0.1,1997MM11,83.7
77660,A5,311300,77660,2.8,0.5,1997MM12,84.1
77662,A5,311300,77662,2.3,0.4,1998MM01,84.4
77663,A5,311300,77663,1.7,0.0,1998MM02,84.4
77664,A5,311300,77664,1.6,0.1,1998MM03,84.5
77665,A5,311300,77665,1.5,0.1,1998MM04,84.6
77666,A5,311300,77666,0.9,-0.5,1998MM05,84.2
77667,A5,311300,77667,0.6,0.2,1998MM06,84.4
77668,A5,311300,77668,0.7,0.1,1998MM07,84.5
77669,A5,311300,77669,0.0,-0.1,1998MM08,84.4
77670,A5,311300,77670,-0.3,-0.8,1998MM09,83.7
77671,A5,311300,77671,-0.6,-0.5,1998MM10,83.2
77672,A5,311300,77672,-0.2,0.4,1998MM11,83.6
77673,A5,311300,77673,-0.6,0.0,1998MM12,83.6
77675,A5,311300,77675,-0.6,0.4,1999MM01,83.9
77676,A5,311300,77676,0.0,0.6,1999MM02,84.4
77677,A5,311300,77677,0.7,0.8,1999MM03,85.1
77678,A5,311300,77678,0.7,0.1,1999MM04,85.2
77679,A5,311300,77679,1.5,0.3,1999MM05,85.5
77680,A5,311300,77680,1.5,0.2,1999MM06,85.6
77681,A5,311300,77681,1.2,-0.1,1999MM07,85.5
77682,A5,311300,77682,0.5,-0.9,1999MM08,84.8
77683,A5,311300,77683,1.7,0.4,1999MM09,85.1
77684,A5,311300,77684,2.3,0.0,1999MM10,85.1
77685,A5,311300,77685,3.0,1.1,1999MM11,86.0
77686,A5,311300,77686,3.6,0.6,1999MM12,86.6
77688,A5,311300,77688,9.9,6.5,2000MM01,92.2
77689,A5,311300,77689,10.2,0.9,2000MM02,93.1
77690,A5,311300,77690,10.0,0.5,2000MM03,93.6
77691,A5,311300,77691,10.5,0.7,2000MM04,94.2
77692,A5,311300,77692,11.6,1.3,2000MM05,95.4
77693,A5,311300,77693,9.9,-1.3,2000MM06,94.1
77694,A5,311300,77694,10.4,0.3,2000MM07,94.4
77695,A5,311300,77695,12.4,1.0,2000MM08,95.3
77696,A5,311300,77696,13.9,1.7,2000MM09,97.0
77697,A5,311300,77697,14.4,0.4,2000MM10,97.4
77698,A5,311300,77698,13.1,-0.1,2000MM11,97.3
77699,A5,311300,77699,11.2,-1.1,2000MM12,96.2
77701,A5,311300,77701,3.9,-0.4,2001MM01,95.9
77702,A5,311300,77702,3.4,0.4,2001MM02,96.3
77703,A5,311300,77703,3.3,0.4,2001MM03,96.7
77704,A5,311300,77704,3.2,0.5,2001MM04,97.2
77705,A5,311300,77705,2.4,0.5,2001MM05,97.7
77706,A5,311300,77706,4.6,0.8,2001MM06,98.4
77707,A5,311300,77707,4.1,-0.1,2001MM07,98.3
77708,A5,311300,77708,1.5,-1.5,2001MM08,96.8
77709,A5,311300,77709,-0.5,-0.3,2001MM09,96.5
77710,A5,311300,77710,-0.6,0.3,2001MM10,96.8
77711,A5,311300,77711,0.2,0.7,2001MM11,97.4
77712,A5,311300,77712,1.1,-0.2,2001MM12,97.3
77714,A5,311300,77714,1.8,0.3,2002MM01,97.6
77715,A5,311300,77715,1.8,0.4,2002MM02,98.0
77716,A5,311300,77716,0.9,-0.4,2002MM03,97.6
77717,A5,311300,77717,1.2,0.8,2002MM04,98.4
77718,A5,311300,77718,-0.4,-1.1,2002MM05,97.3
77719,A5,311300,77719,-2.0,-0.8,2002MM06,96.5
77720,A5,311300,77720,-2.7,-0.9,2002MM07,95.6
77721,A5,311300,77721,-1.1,0.1,2002MM08,95.8
77722,A5,311300,77722,-0.9,-0.1,2002MM09,95.6
77723,A5,311300,77723,-1.2,0.0,2002MM10,95.6
77724,A5,311300,77724,-2.4,-0.6,2002MM11,95.1
77725,A5,311300,77725,-2.5,-0.3,2002MM12,94.8
77727,A5,311300,77727,-4.7,-2.0,2003MM01,93.0
77728,A5,311300,77728,-5.2,-0.1,2003MM02,92.8
77729,A5,311300,77729,-5.0,-0.1,2003MM03,92.7
77730,A5,311300,77730,-5.5,0.2,2003MM04,92.9
77731,A5,311300,77731,-6.0,-1.6,2003MM05,91.4
77732,A5,311300,77732,-5.5,-0.2,2003MM06,91.2
77733,A5,311300,77733,-4.0,0.7,2003MM07,91.8
77734,A5,311300,77734,-3.6,0.6,2003MM08,92.4
77735,A5,311300,77735,-3.8,-0.3,2003MM09,92.0
77736,A5,311300,77736,-5.3,-1.6,2003MM10,90.5
77737,A5,311300,77737,-4.9,-0.1,2003MM11,90.5
77738,A5,311300,77738,-6.3,-1.8,2003MM12,88.8
77740,A5,311300,77740,-5.3,-0.9,2004MM01,88.0
77741,A5,311300,77741,-5.5,-0.3,2004MM02,87.8
77742,A5,311300,77742,-4.2,1.3,2004MM03,88.9
77743,A5,311300,77743,-2.8,1.6,2004MM04,90.3
77744,A5,311300,77744,-1.4,-0.2,2004MM05,90.1
77745,A5,311300,77745,-1.7,-0.5,2004MM06,89.7
77746,A5,311300,77746,-2.7,-0.4,2004MM07,89.3
77747,A5,311300,77747,-4.2,-0.9,2004MM08,88.5
77748,A5,311300,77748,-4.2,-0.4,2004MM09,88.2
77749,A5,311300,77749,-3.3,-0.7,2004MM10,87.6
77750,A5,311300,77750,-4.6,-1.5,2004MM11,86.3
77751,A5,311300,77751,-4.4,-1.5,2004MM12,84.9
77753,A5,311300,77753,-3.83846153846,-0.7,2005MM01,86.0
77754,A5,311300,77754,-3.27692307692,0.1,2005MM02,86.0
77755,A5,311300,77755,-2.71538461538,-0.6,2005MM03,85.5
77756,A5,311300,77756,-2.15384615385,1.0,2005MM04,86.3
77757,A5,311300,77757,-1.59230769231,0.5,2005MM05,86.7
77758,A5,311300,77758,-1.03076923077,1.1,2005MM06,87.7
77759,A5,311300,77759,-0.469230769231,0.3,2005MM07,88.0
77760,A5,311300,77760,0.0923076923077,-0.4,2005MM08,87.6
77761,A5,311300,77761,0.653846153846,0.2,2005MM09,87.8
77762,A5,311300,77762,1.21538461538,0.8,2005MM10,88.5
77763,A5,311300,77763,1.77692307692,0.4,2005MM11,88.9
77764,A5,311300,77764,2.33846153846,0.1,2005MM12,89.0
77766,A5,311300,77766,2.9,-0.6,2006MM01,88.5
77767,A5,311300,77767,2.8,0.0,2006MM02,88.5
77768,A5,311300,77768,3.6,0.1,2006MM03,88.6
77769,A5,311300,77769,6.2,3.5,2006MM04,91.7
77770,A5,311300,77770,5.6,-0.1,2006MM05,91.6
77771,A5,311300,77771,4.9,0.4,2006MM06,92.0
77772,A5,311300,77772,4.6,0.0,2006MM07,92.0
77773,A5,311300,77773,5.0,0.0,2006MM08,92.0
77774,A5,311300,77774,4.6,-0.2,2006MM09,91.8
77775,A5,311300,77775,4.0,0.2,2006MM10,92.0
77776,A5,311300,77776,3.5,0.0,2006MM11,92.0
77777,A5,311300,77777,3.3,0.0,2006MM12,91.9
77779,A5,311300,77779,6.0,2.0,2007MM01,93.8
77780,A5,311300,77780,6.1,0.1,2007MM02,93.8
77781,A5,311300,77781,5.7,-0.2,2007MM03,93.6
77782,A5,311300,77782,2.5,0.4,2007MM04,94.0
77783,A5,311300,77783,2.8,0.1,2007MM05,94.1
77784,A5,311300,77784,2.3,0.0,2007MM06,94.1
77785,A5,311300,77785,2.2,-0.1,2007MM07,94.0
77786,A5,311300,77786,3.0,0.8,2007MM08,94.8
77787,A5,311300,77787,3.9,0.7,2007MM09,95.4
77788,A5,311300,77788,3.1,-0.6,2007MM10,94.9
77789,A5,311300,77789,3.3,0.2,2007MM11,95.0
77790,A5,311300,77790,2.5,-0.8,2007MM12,94.3
77792,A5,311300,77792,0.7,0.2,2008MM01,94.5
77793,A5,311300,77793,1.2,0.5,2008MM02,94.9
77794,A5,311300,77794,1.1,-0.3,2008MM03,94.7
77795,A5,311300,77795,1.0,0.3,2008MM04,94.9
77796,A5,311300,77796,1.1,0.2,2008MM05,95.1
77797,A5,311300,77797,0.9,-0.2,2008MM06,94.9
77798,A5,311300,77798,1.2,0.2,2008MM07,95.1
77799,A5,311300,77799,0.8,0.4,2008MM08,95.5
77800,A5,311300,77800,0.2,0.1,2008MM09,95.6
77801,A5,311300,77801,0.6,-0.1,2008MM10,95.5
77802,A5,311300,77802,0.3,-0.1,2008MM11,95.3
77803,A5,311300,77803,1.6,0.5,2008MM12,95.8
77805,A5,311300,77805,2.1,0.7,2009MM01,96.4
77806,A5,311300,77806,1.1,-0.4,2009MM02,96.0
77807,A5,311300,77807,1.2,-0.2,2009MM03,95.8
77808,A5,311300,77808,5.6,4.6,2009MM04,100.2
77809,A5,311300,77809,5.0,-0.3,2009MM05,99.9
77810,A5,311300,77810,5.1,-0.1,2009MM06,99.8
77811,A5,311300,77811,5.0,0.2,2009MM07,99.9
77812,A5,311300,77812,4.3,-0.3,2009MM08,99.6
77813,A5,311300,77813,3.5,-0.7,2009MM09,99.0
77814,A5,311300,77814,3.5,-0.2,2009MM10,98.8
77815,A5,311300,77815,3.7,0.0,2009MM11,98.8
77816,A5,311300,77816,3.2,0.1,2009MM12,98.9
77818,A5,311300,77818,2.6,0.0,2010MM01,98.9
77819,A5,311300,77819,3.8,0.7,2010MM02,99.6
77820,A5,311300,77820,4.1,0.1,2010MM03,99.7
77821,A5,311300,77821,-0.7,-0.2,2010MM04,99.5
77822,A5,311300,77822,0.1,0.5,2010MM05,100.0
77823,A5,311300,77823,0.3,0.1,2010MM06,100.0
77824,A5,311300,77824,0.7,0.6,2010MM07,100.7
77825,A5,311300,77825,0.5,-0.5,2010MM08,100.1
77826,A5,311300,77826,1.2,0.0,2010MM09,100.1
77827,A5,311300,77827,1.4,0.1,2010MM10,100.2
77828,A5,311300,77828,1.6,0.2,2010MM11,100.4
77829,A5,311300,77829,1.8,0.3,2010MM12,100.7
77831,A5,311300,77831,4.7,2.9,2011MM01,103.6
77832,A5,311300,77832,5.0,0.9,2011MM02,104.5
77833,A5,311300,77833,4.7,-0.2,2011MM03,104.4
77834,A5,311300,77834,5.7,0.8,2011MM04,105.2
77835,A5,311300,77835,5.6,0.3,2011MM05,105.5
77836,A5,311300,77836,4.9,-0.6,2011MM06,105.0
77837,A5,311300,77837,4.3,0.1,2011MM07,105.0
77838,A5,311300,77838,5.3,0.4,2011MM08,105.4
77839,A5,311300,77839,4.9,-0.4,2011MM09,105.0
77840,A5,311300,77840,4.6,-0.2,2011MM10,104.8
77841,A5,311300,77841,4.5,0.1,2011MM11,104.9
77842,A5,311300,77842,4.6,0.4,2011MM12,105.3
77844,A5,311300,77844,4.4,2.7,2012MM01,108.1
77845,A5,311300,77845,3.4,0.0,2012MM02,108.1
77846,A5,311300,77846,4.2,0.5,2012MM03,108.7
77847,A5,311300,77847,3.3,0.0,2012MM04,108.7
77848,A5,311300,77848,3.2,0.2,2012MM05,108.9
77849,A5,311300,77849,3.1,-0.7,2012MM06,108.2
77850,A5,311300,77850,2.7,-0.2,2012MM07,107.9
77851,A5,311300,77851,2.1,-0.3,2012MM08,107.6
77852,A5,311300,77852,2.8,0.3,2012MM09,107.9
77853,A5,311300,77853,2.7,-0.3,2012MM10,107.7
77854,A5,311300,77854,2.2,-0.5,2012MM11,107.2
77855,A5,311300,77855,1.3,-0.5,2012MM12,106.6
77857,A5,311300,77857,0.0,1.4,2013MM01,108.1
77858,A5,311300,77858,-0.3,-0.2,2013MM02,107.9
77859,A5,311300,77859,-0.8,0.0,2013MM03,107.8
77860,A5,311300,77860,-0.9,-0.2,2013MM04,107.7
77861,A5,311300,77861,-1.3,-0.2,2013MM05,107.5
77862,A5,311300,77862,-1.0,-0.4,2013MM06,107.1
77863,A5,311300,77863,-0.5,0.3,2013MM07,107.4
77864,A5,311300,77864,-0.2,0.0,2013MM08,107.4
77865,A5,311300,77865,-0.7,-0.2,2013MM09,107.2
77866,A5,311300,77866,-0.1,0.3,2013MM10,107.6
77867,A5,311300,77867,-0.4,-0.7,2013MM11,106.7
77868,A5,311300,77868,0.6,0.5,2013MM12,107.2
77870,A5,311300,77870,-2.4,-1.7,2014MM01,105.4
77871,A5,311300,77871,-1.7,0.5,2014MM02,106.0
77872,A5,311300,77872,-1.5,0.2,2014MM03,106.2
77873,A5,311300,77873,-1.4,-0.1,2014MM04,106.1
77874,A5,311300,77874,-1.1,0.2,2014MM05,106.3
77875,A5,311300,77875,-0.6,0.1,2014MM06,106.4
77876,A5,311300,77876,-1.4,-0.5,2014MM07,105.9
77877,A5,311300,77877,-1.5,-0.1,2014MM08,105.8
77878,A5,311300,77878,-1.6,-0.2,2014MM09,105.5
77879,A5,311300,77879,-1.8,0.0,2014MM10,105.6
77880,A5,311300,77880,-0.7,0.4,2014MM11,106.0
77881,A5,311300,77881,-2.7,-1.5,2014MM12,104.4
77883,A5,311300,77883,-2.3,-1.3,2015MM01,103.0
77884,A5,311300,77884,-2.0,0.8,2015MM02,103.8
77885,A5,311300,77885,-1.6,0.7,2015MM03,104.5
77886,A5,311300,77886,0.1,1.6,2015MM04,106.2
77887,A5,311300,77887,0.1,0.2,2015MM05,106.4
77888,A5,311300,77888,0.3,0.3,2015MM06,106.7
77889,A5,311300,77889,0.9,0.1,2015MM07,106.8
77890,A5,311300,77890,-0.2,-1.2,2015MM08,105.5
77891,A5,311300,77891,-1.0,-1.0,2015MM09,104.5
77892,A5,311300,77892,-1.1,0.0,2015MM10,104.4
77893,A5,311300,77893,-1.5,0.0,2015MM11,104.4
77894,A5,311300,77894,-0.4,-0.5,2015MM12,103.9
77896,A5,311300,77896,2.6,1.7,2016MM01,105.7
77897,A5,311300,77897,1.6,-0.3,2016MM02,105.4
77898,A5,311300,77898,1.1,0.2,2016MM03,105.7
77899,A5,311300,77899,0.1,0.6,2016MM04,106.3
77900,A5,311300,77900,0.2,0.3,2016MM05,106.6
77901,A5,311300,77901,0.2,0.3,2016MM06,107.0
77902,A5,311300,77902,0.5,0.4,2016MM07,107.4
77903,A5,311300,77903,2.0,0.2,2016MM08,107.6
77904,A5,311300,77904,2.8,-0.2,2016MM09,107.4
77905,A5,311300,77905,3.1,0.3,2016MM10,107.7
77906,A5,311300,77906,3.5,0.3,2016MM11,108.0
77907,A5,311300,77907,3.9,0.0,2016MM12,108.0
77909,A5,311300,77909,3.2,1.1,2017MM01,109.2
77910,A5,311300,77910,3.7,0.2,2017MM02,109.4
77911,A5,311300,77911,3.4,-0.1,2017MM03,109.2
77912,A5,311300,77912,1.8,-0.9,2017MM04,108.2
77913,A5,311300,77913,1.3,-0.2,2017MM05,108.0
77914,A5,311300,77914,0.6,-0.4,2017MM06,107.6
77915,A5,311300,77915,0.9,0.6,2017MM07,108.3
77916,A5,311300,77916,0.7,0.1,2017MM08,108.4
77917,A5,311300,77917,1.0,0.1,2017MM09,108.5
77918,A5,311300,77918,1.2,0.5,2017MM10,109.0
77919,A5,311300,77919,1.2,0.3,2017MM11,109.4
77920,A5,311300,77920,1.6,0.3,2017MM12,109.7
