,Afzet,BedrijfstakkenBranchesSBI2008,ID,OntwikkelingTOV1JaarEerder_2,OntwikkelingTOV1MaandEerder_3,Perioden,ProducentenprijsindexPPI_1
12987,A6,311300,12987,,,1981MM01,52.8
12988,A6,311300,12988,,0.1,1981MM02,52.8
12989,A6,311300,12989,,1.2,1981MM03,53.5
12990,A6,311300,12990,,-0.1,1981MM04,53.4
12991,A6,311300,12991,,0.1,1981MM05,53.4
12992,A6,311300,12992,,0.0,1981MM06,53.5
12993,A6,311300,12993,,0.5,1981MM07,53.7
12994,A6,311300,12994,,0.0,1981MM08,53.7
12995,A6,311300,12995,,0.2,1981MM09,53.8
12996,A6,311300,12996,,0.1,1981MM10,53.8
12997,A6,311300,12997,,0.7,1981MM11,54.2
12998,A6,311300,12998,,0.3,1981MM12,54.4
13000,A6,311300,13000,11.2,7.9,1982MM01,58.7
13001,A6,311300,13001,11.2,0.1,1982MM02,58.8
13002,A6,311300,13002,10.1,0.1,1982MM03,58.8
13003,A6,311300,13003,10.3,0.2,1982MM04,58.9
13004,A6,311300,13004,10.3,0.0,1982MM05,58.9
13005,A6,311300,13005,10.3,0.0,1982MM06,58.9
13006,A6,311300,13006,10.3,0.5,1982MM07,59.2
13007,A6,311300,13007,10.3,0.0,1982MM08,59.2
13008,A6,311300,13008,10.1,0.0,1982MM09,59.2
13009,A6,311300,13009,10.0,0.0,1982MM10,59.2
13010,A6,311300,13010,10.0,0.7,1982MM11,59.6
13011,A6,311300,13011,10.0,0.3,1982MM12,59.8
13013,A6,311300,13013,2.7,0.8,1983MM01,60.3
13014,A6,311300,13014,2.7,0.1,1983MM02,60.3
13015,A6,311300,13015,2.6,0.0,1983MM03,60.3
13016,A6,311300,13016,2.4,0.1,1983MM04,60.4
13017,A6,311300,13017,2.7,0.2,1983MM05,60.5
13018,A6,311300,13018,2.8,0.1,1983MM06,60.6
13019,A6,311300,13019,2.3,0.0,1983MM07,60.6
13020,A6,311300,13020,2.3,0.0,1983MM08,60.6
13021,A6,311300,13021,2.4,0.1,1983MM09,60.7
13022,A6,311300,13022,2.5,0.0,1983MM10,60.7
13023,A6,311300,13023,1.8,0.0,1983MM11,60.7
13024,A6,311300,13024,1.9,0.4,1983MM12,60.9
13026,A6,311300,13026,2.7,1.6,1984MM01,61.9
13027,A6,311300,13027,5.4,2.7,1984MM02,63.5
13028,A6,311300,13028,5.3,0.0,1984MM03,63.5
13029,A6,311300,13029,5.2,0.0,1984MM04,63.5
13030,A6,311300,13030,4.9,-0.1,1984MM05,63.5
13031,A6,311300,13031,4.7,0.0,1984MM06,63.5
13032,A6,311300,13032,5.0,0.2,1984MM07,63.6
13033,A6,311300,13033,5.2,0.2,1984MM08,63.8
13034,A6,311300,13034,5.9,0.7,1984MM09,64.2
13035,A6,311300,13035,6.3,0.4,1984MM10,64.5
13036,A6,311300,13036,6.3,0.0,1984MM11,64.5
13037,A6,311300,13037,5.7,-0.1,1984MM12,64.4
13039,A6,311300,13039,5.5,1.4,1985MM01,65.3
13040,A6,311300,13040,3.2,0.4,1985MM02,65.6
13041,A6,311300,13041,3.3,0.1,1985MM03,65.6
13042,A6,311300,13042,2.9,-0.3,1985MM04,65.4
13043,A6,311300,13043,2.9,-0.1,1985MM05,65.3
13044,A6,311300,13044,2.9,0.0,1985MM06,65.3
13045,A6,311300,13045,2.7,0.0,1985MM07,65.3
13046,A6,311300,13046,2.3,-0.2,1985MM08,65.2
13047,A6,311300,13047,1.6,0.1,1985MM09,65.3
13048,A6,311300,13048,1.0,-0.3,1985MM10,65.1
13049,A6,311300,13049,1.0,0.0,1985MM11,65.1
13050,A6,311300,13050,0.9,-0.1,1985MM12,65.0
13052,A6,311300,13052,0.1,0.6,1986MM01,65.4
13053,A6,311300,13053,-0.5,-0.3,1986MM02,65.2
13054,A6,311300,13054,-0.6,0.1,1986MM03,65.3
13055,A6,311300,13055,0.2,0.4,1986MM04,65.5
13056,A6,311300,13056,0.3,0.0,1986MM05,65.5
13057,A6,311300,13057,0.3,0.0,1986MM06,65.5
13058,A6,311300,13058,0.1,-0.2,1986MM07,65.4
13059,A6,311300,13059,0.0,-0.2,1986MM08,65.2
13060,A6,311300,13060,-0.1,-0.1,1986MM09,65.2
13061,A6,311300,13061,0.2,0.0,1986MM10,65.2
13062,A6,311300,13062,0.2,0.0,1986MM11,65.2
13063,A6,311300,13063,0.1,-0.1,1986MM12,65.1
13065,A6,311300,13065,-0.7,-0.2,1987MM01,65.0
13066,A6,311300,13066,-0.4,0.0,1987MM02,65.0
13067,A6,311300,13067,-0.3,0.2,1987MM03,65.1
13068,A6,311300,13068,-0.5,0.1,1987MM04,65.2
13069,A6,311300,13069,-0.5,0.1,1987MM05,65.2
13070,A6,311300,13070,-0.4,0.1,1987MM06,65.3
13071,A6,311300,13071,-0.1,0.0,1987MM07,65.3
13072,A6,311300,13072,0.2,0.1,1987MM08,65.3
13073,A6,311300,13073,0.2,-0.1,1987MM09,65.3
13074,A6,311300,13074,0.1,0.0,1987MM10,65.3
13075,A6,311300,13075,0.1,0.0,1987MM11,65.3
13076,A6,311300,13076,0.1,-0.1,1987MM12,65.2
13078,A6,311300,13078,0.2,-0.2,1988MM01,65.1
13079,A6,311300,13079,0.3,0.2,1988MM02,65.2
13080,A6,311300,13080,0.4,0.3,1988MM03,65.4
13081,A6,311300,13081,0.4,0.2,1988MM04,65.5
13082,A6,311300,13082,0.4,0.0,1988MM05,65.5
13083,A6,311300,13083,0.5,0.1,1988MM06,65.6
13084,A6,311300,13084,0.9,0.5,1988MM07,65.9
13085,A6,311300,13085,1.4,0.5,1988MM08,66.3
13086,A6,311300,13086,1.5,0.0,1988MM09,66.3
13087,A6,311300,13087,1.2,-0.2,1988MM10,66.1
13088,A6,311300,13088,1.1,-0.2,1988MM11,66.0
13089,A6,311300,13089,1.3,0.1,1988MM12,66.0
13091,A6,311300,13091,2.6,1.1,1989MM01,66.7
13092,A6,311300,13092,2.6,0.2,1989MM02,66.9
13093,A6,311300,13093,2.3,0.0,1989MM03,66.9
13094,A6,311300,13094,2.4,0.2,1989MM04,67.0
13095,A6,311300,13095,2.6,0.3,1989MM05,67.2
13096,A6,311300,13096,2.5,0.0,1989MM06,67.2
13097,A6,311300,13097,2.7,0.7,1989MM07,67.7
13098,A6,311300,13098,2.4,0.3,1989MM08,67.9
13099,A6,311300,13099,2.6,0.2,1989MM09,68.0
13100,A6,311300,13100,2.3,-0.5,1989MM10,67.6
13101,A6,311300,13101,2.3,-0.2,1989MM11,67.5
13102,A6,311300,13102,1.7,-0.5,1989MM12,67.1
13104,A6,311300,13104,0.7,0.0,1990MM01,67.2
13105,A6,311300,13105,0.3,-0.2,1990MM02,67.1
13106,A6,311300,13106,1.5,1.2,1990MM03,67.9
13107,A6,311300,13107,1.8,0.5,1990MM04,68.2
13108,A6,311300,13108,1.5,0.0,1990MM05,68.2
13109,A6,311300,13109,1.8,0.3,1990MM06,68.4
13110,A6,311300,13110,1.0,-0.1,1990MM07,68.4
13111,A6,311300,13111,0.6,-0.1,1990MM08,68.3
13112,A6,311300,13112,0.3,-0.1,1990MM09,68.2
13113,A6,311300,13113,0.7,-0.2,1990MM10,68.1
13114,A6,311300,13114,0.7,-0.2,1990MM11,68.0
13115,A6,311300,13115,1.4,0.2,1990MM12,68.1
13117,A6,311300,13117,3.5,2.1,1991MM01,69.5
13118,A6,311300,13118,3.9,0.2,1991MM02,69.7
13119,A6,311300,13119,4.1,1.4,1991MM03,70.7
13120,A6,311300,13120,4.4,0.7,1991MM04,71.2
13121,A6,311300,13121,4.4,0.0,1991MM05,71.2
13122,A6,311300,13122,4.2,0.2,1991MM06,71.3
13123,A6,311300,13123,4.3,0.0,1991MM07,71.3
13124,A6,311300,13124,4.6,0.1,1991MM08,71.4
13125,A6,311300,13125,4.5,-0.1,1991MM09,71.3
13126,A6,311300,13126,4.8,0.1,1991MM10,71.4
13127,A6,311300,13127,5.0,0.0,1991MM11,71.4
13128,A6,311300,13128,4.8,0.0,1991MM12,71.4
13130,A6,311300,13130,3.4,0.8,1992MM01,71.9
13131,A6,311300,13131,3.9,0.7,1992MM02,72.4
13132,A6,311300,13132,2.6,0.1,1992MM03,72.5
13133,A6,311300,13133,2.6,0.7,1992MM04,73.0
13134,A6,311300,13134,2.7,0.1,1992MM05,73.1
13135,A6,311300,13135,1.9,-0.5,1992MM06,72.7
13136,A6,311300,13136,1.6,-0.3,1992MM07,72.5
13137,A6,311300,13137,1.3,-0.2,1992MM08,72.3
13138,A6,311300,13138,1.1,-0.3,1992MM09,72.1
13139,A6,311300,13139,1.4,0.4,1992MM10,72.4
13140,A6,311300,13140,2.0,0.6,1992MM11,72.8
13141,A6,311300,13141,3.6,1.6,1992MM12,73.9
13143,A6,311300,13143,3.9,1.1,1993MM01,74.7
13144,A6,311300,13144,3.4,0.2,1993MM02,74.9
13145,A6,311300,13145,3.5,0.1,1993MM03,75.0
13146,A6,311300,13146,2.5,-0.2,1993MM04,74.8
13147,A6,311300,13147,2.5,0.1,1993MM05,74.9
13148,A6,311300,13148,3.0,-0.1,1993MM06,74.9
13149,A6,311300,13149,3.7,0.3,1993MM07,75.1
13150,A6,311300,13150,3.7,-0.1,1993MM08,75.0
13151,A6,311300,13151,3.4,-0.6,1993MM09,74.6
13152,A6,311300,13152,3.1,0.0,1993MM10,74.6
13153,A6,311300,13153,3.2,0.7,1993MM11,75.1
13154,A6,311300,13154,1.4,-0.2,1993MM12,75.0
13156,A6,311300,13156,0.5,0.2,1994MM01,75.1
13157,A6,311300,13157,0.2,-0.1,1994MM02,75.1
13158,A6,311300,13158,0.1,0.1,1994MM03,75.1
13159,A6,311300,13159,0.0,-0.4,1994MM04,74.8
13160,A6,311300,13160,-0.5,-0.3,1994MM05,74.5
13161,A6,311300,13161,-0.6,-0.2,1994MM06,74.4
13162,A6,311300,13162,-1.4,-0.4,1994MM07,74.1
13163,A6,311300,13163,-1.4,-0.1,1994MM08,74.0
13164,A6,311300,13164,-0.6,0.1,1994MM09,74.1
13165,A6,311300,13165,-1.0,-0.3,1994MM10,73.9
13166,A6,311300,13166,-1.5,0.2,1994MM11,74.0
13167,A6,311300,13167,-0.9,0.5,1994MM12,74.3
13169,A6,311300,13169,-0.9,0.2,1995MM01,74.4
13170,A6,311300,13170,-0.8,0.0,1995MM02,74.5
13171,A6,311300,13171,-1.4,-0.6,1995MM03,74.0
13172,A6,311300,13172,-0.9,0.1,1995MM04,74.1
13173,A6,311300,13173,-0.5,0.1,1995MM05,74.2
13174,A6,311300,13174,-0.3,0.0,1995MM06,74.2
13175,A6,311300,13175,-0.1,-0.3,1995MM07,74.0
13176,A6,311300,13176,0.6,0.6,1995MM08,74.4
13177,A6,311300,13177,0.3,-0.1,1995MM09,74.3
13178,A6,311300,13178,0.6,-0.1,1995MM10,74.3
13179,A6,311300,13179,0.3,-0.2,1995MM11,74.2
13180,A6,311300,13180,-0.3,-0.1,1995MM12,74.1
13182,A6,311300,13182,-0.3,0.2,1996MM01,74.2
13183,A6,311300,13183,-0.2,0.1,1996MM02,74.3
13184,A6,311300,13184,0.4,0.0,1996MM03,74.3
13185,A6,311300,13185,1.3,1.0,1996MM04,75.1
13186,A6,311300,13186,1.5,0.3,1996MM05,75.3
13187,A6,311300,13187,1.0,-0.5,1996MM06,75.0
13188,A6,311300,13188,1.6,0.3,1996MM07,75.2
13189,A6,311300,13189,0.8,-0.3,1996MM08,75.0
13190,A6,311300,13190,1.2,0.3,1996MM09,75.2
13191,A6,311300,13191,1.7,0.5,1996MM10,75.6
13192,A6,311300,13192,1.8,-0.1,1996MM11,75.5
13193,A6,311300,13193,2.4,0.5,1996MM12,75.9
13195,A6,311300,13195,2.6,0.3,1997MM01,76.2
13196,A6,311300,13196,2.9,0.4,1997MM02,76.5
13197,A6,311300,13197,3.1,0.2,1997MM03,76.6
13198,A6,311300,13198,2.1,0.1,1997MM04,76.7
13199,A6,311300,13199,1.9,0.1,1997MM05,76.7
13200,A6,311300,13200,2.7,0.3,1997MM06,77.0
13201,A6,311300,13201,2.6,0.2,1997MM07,77.1
13202,A6,311300,13202,3.4,0.6,1997MM08,77.6
13203,A6,311300,13203,2.8,-0.3,1997MM09,77.4
13204,A6,311300,13204,2.1,-0.2,1997MM10,77.2
13205,A6,311300,13205,2.2,0.0,1997MM11,77.2
13206,A6,311300,13206,1.9,0.2,1997MM12,77.4
13208,A6,311300,13208,1.9,0.3,1998MM01,77.6
13209,A6,311300,13209,1.4,-0.1,1998MM02,77.6
13210,A6,311300,13210,1.5,0.3,1998MM03,77.8
13211,A6,311300,13211,1.8,0.4,1998MM04,78.1
13212,A6,311300,13212,1.6,-0.1,1998MM05,78.0
13213,A6,311300,13213,1.3,-0.1,1998MM06,78.0
13214,A6,311300,13214,1.5,0.4,1998MM07,78.3
13215,A6,311300,13215,0.6,-0.3,1998MM08,78.1
13216,A6,311300,13216,0.5,-0.4,1998MM09,77.8
13217,A6,311300,13217,0.6,-0.1,1998MM10,77.7
13218,A6,311300,13218,1.0,0.4,1998MM11,78.0
13219,A6,311300,13219,0.6,-0.2,1998MM12,77.9
13221,A6,311300,13221,1.1,0.7,1999MM01,78.4
13222,A6,311300,13222,1.9,0.7,1999MM02,79.0
13223,A6,311300,13223,1.8,0.2,1999MM03,79.2
13224,A6,311300,13224,1.8,0.4,1999MM04,79.5
13225,A6,311300,13225,2.0,0.1,1999MM05,79.5
13226,A6,311300,13226,2.1,0.1,1999MM06,79.6
13227,A6,311300,13227,1.5,-0.2,1999MM07,79.5
13228,A6,311300,13228,1.4,-0.4,1999MM08,79.1
13229,A6,311300,13229,2.1,0.3,1999MM09,79.4
13230,A6,311300,13230,1.8,-0.4,1999MM10,79.1
13231,A6,311300,13231,1.9,0.5,1999MM11,79.5
13232,A6,311300,13232,2.8,0.7,1999MM12,80.0
13234,A6,311300,13234,6.7,4.6,2000MM01,83.7
13235,A6,311300,13235,6.4,0.4,2000MM02,84.1
13236,A6,311300,13236,6.7,0.4,2000MM03,84.4
13237,A6,311300,13237,6.5,0.2,2000MM04,84.6
13238,A6,311300,13238,7.2,0.8,2000MM05,85.3
13239,A6,311300,13239,6.3,-0.8,2000MM06,84.6
13240,A6,311300,13240,6.7,0.2,2000MM07,84.8
13241,A6,311300,13241,7.5,0.3,2000MM08,85.1
13242,A6,311300,13242,8.6,1.3,2000MM09,86.2
13243,A6,311300,13243,9.5,0.5,2000MM10,86.6
13244,A6,311300,13244,9.1,0.2,2000MM11,86.7
13245,A6,311300,13245,7.3,-1.0,2000MM12,85.9
13247,A6,311300,13247,3.3,0.8,2001MM01,86.5
13248,A6,311300,13248,3.3,0.3,2001MM02,86.8
13249,A6,311300,13249,2.7,-0.1,2001MM03,86.8
13250,A6,311300,13250,3.2,0.7,2001MM04,87.4
13251,A6,311300,13251,2.5,0.1,2001MM05,87.4
13252,A6,311300,13252,4.2,0.8,2001MM06,88.1
13253,A6,311300,13253,4.2,0.2,2001MM07,88.3
13254,A6,311300,13254,2.7,-1.1,2001MM08,87.4
13255,A6,311300,13255,1.0,-0.4,2001MM09,87.1
13256,A6,311300,13256,1.1,0.5,2001MM10,87.5
13257,A6,311300,13257,1.4,0.5,2001MM11,88.0
13258,A6,311300,13258,2.1,-0.4,2001MM12,87.6
13260,A6,311300,13260,1.7,0.4,2002MM01,87.9
13261,A6,311300,13261,1.7,0.4,2002MM02,88.3
13262,A6,311300,13262,1.4,-0.4,2002MM03,88.0
13263,A6,311300,13263,2.6,1.9,2002MM04,89.6
13264,A6,311300,13264,1.4,-1.1,2002MM05,88.6
13265,A6,311300,13265,0.3,-0.3,2002MM06,88.4
13266,A6,311300,13266,-0.2,-0.2,2002MM07,88.2
13267,A6,311300,13267,1.1,0.2,2002MM08,88.3
13268,A6,311300,13268,1.5,0.0,2002MM09,88.4
13269,A6,311300,13269,1.1,0.2,2002MM10,88.5
13270,A6,311300,13270,0.0,-0.6,2002MM11,88.0
13271,A6,311300,13271,1.0,0.6,2002MM12,88.5
13273,A6,311300,13273,0.5,-0.2,2003MM01,88.4
13274,A6,311300,13274,-0.1,-0.2,2003MM02,88.2
13275,A6,311300,13275,-0.2,-0.4,2003MM03,87.8
13276,A6,311300,13276,-1.4,0.6,2003MM04,88.3
13277,A6,311300,13277,-0.7,-0.4,2003MM05,88.0
13278,A6,311300,13278,-1.1,-0.7,2003MM06,87.4
13279,A6,311300,13279,-0.1,0.8,2003MM07,88.1
13280,A6,311300,13280,0.0,0.3,2003MM08,88.3
13281,A6,311300,13281,0.1,0.2,2003MM09,88.4
13282,A6,311300,13282,-1.8,-1.7,2003MM10,86.9
13283,A6,311300,13283,-0.7,0.4,2003MM11,87.3
13284,A6,311300,13284,-2.6,-1.3,2003MM12,86.2
13286,A6,311300,13286,-3.3,-0.8,2004MM01,85.5
13287,A6,311300,13287,-2.7,0.3,2004MM02,85.7
13288,A6,311300,13288,-1.7,0.6,2004MM03,86.3
13289,A6,311300,13289,-0.5,1.9,2004MM04,87.9
13290,A6,311300,13290,0.0,0.1,2004MM05,88.0
13291,A6,311300,13291,0.2,-0.5,2004MM06,87.5
13292,A6,311300,13292,-1.3,-0.7,2004MM07,87.0
13293,A6,311300,13293,-2.1,-0.6,2004MM08,86.4
13294,A6,311300,13294,-2.5,-0.3,2004MM09,86.2
13295,A6,311300,13295,-1.5,-0.7,2004MM10,85.6
13296,A6,311300,13296,-2.5,-0.6,2004MM11,85.1
13297,A6,311300,13297,-2.3,-1.1,2004MM12,84.2
13299,A6,311300,13299,-1.88461538462,-0.55,2005MM01,84.8
13300,A6,311300,13300,-1.46923076923,0.0,2005MM02,84.8
13301,A6,311300,13301,-1.05384615385,-0.4,2005MM03,84.5
13302,A6,311300,13302,-0.638461538462,0.4,2005MM04,84.8
13303,A6,311300,13303,-0.223076923077,0.4,2005MM05,85.1
13304,A6,311300,13304,0.192307692308,0.7,2005MM06,85.7
13305,A6,311300,13305,0.607692307692,0.5,2005MM07,86.1
13306,A6,311300,13306,1.02307692308,-0.2,2005MM08,85.9
13307,A6,311300,13307,1.43846153846,0.2,2005MM09,86.0
13308,A6,311300,13308,1.85384615385,0.6,2005MM10,86.5
13309,A6,311300,13309,2.26923076923,0.2,2005MM11,86.7
13310,A6,311300,13310,2.68461538462,0.0,2005MM12,86.8
13312,A6,311300,13312,3.1,0.7,2006MM01,87.4
13313,A6,311300,13313,3.0,0.0,2006MM02,87.4
13314,A6,311300,13314,3.5,0.1,2006MM03,87.4
13315,A6,311300,13315,5.5,2.3,2006MM04,89.5
13316,A6,311300,13316,5.1,0.0,2006MM05,89.5
13317,A6,311300,13317,4.7,0.3,2006MM06,89.7
13318,A6,311300,13318,4.2,0.0,2006MM07,89.7
13319,A6,311300,13319,4.4,0.0,2006MM08,89.7
13320,A6,311300,13320,4.2,-0.1,2006MM09,89.6
13321,A6,311300,13321,3.8,0.2,2006MM10,89.8
13322,A6,311300,13322,3.5,-0.1,2006MM11,89.8
13323,A6,311300,13323,3.4,0.0,2006MM12,89.7
13325,A6,311300,13325,4.5,1.8,2007MM01,91.3
13326,A6,311300,13326,4.5,0.0,2007MM02,91.4
13327,A6,311300,13327,4.3,-0.1,2007MM03,91.2
13328,A6,311300,13328,3.1,1.1,2007MM04,92.2
13329,A6,311300,13329,3.2,0.1,2007MM05,92.3
13330,A6,311300,13330,2.9,0.1,2007MM06,92.4
13331,A6,311300,13331,3.5,0.5,2007MM07,92.8
13332,A6,311300,13332,3.9,0.4,2007MM08,93.2
13333,A6,311300,13333,4.5,0.5,2007MM09,93.7
13334,A6,311300,13334,3.9,-0.3,2007MM10,93.4
13335,A6,311300,13335,4.1,0.1,2007MM11,93.4
13336,A6,311300,13336,3.6,-0.4,2007MM12,93.0
13338,A6,311300,13338,3.8,1.9,2008MM01,94.8
13339,A6,311300,13339,4.4,0.6,2008MM02,95.3
13340,A6,311300,13340,4.1,-0.4,2008MM03,94.9
13341,A6,311300,13341,3.1,0.2,2008MM04,95.1
13342,A6,311300,13342,3.2,0.2,2008MM05,95.3
13343,A6,311300,13343,3.3,0.1,2008MM06,95.4
13344,A6,311300,13344,2.8,0.0,2008MM07,95.4
13345,A6,311300,13345,2.6,0.2,2008MM08,95.6
13346,A6,311300,13346,2.3,0.2,2008MM09,95.8
13347,A6,311300,13347,2.5,-0.1,2008MM10,95.7
13348,A6,311300,13348,2.3,-0.2,2008MM11,95.5
13349,A6,311300,13349,2.9,0.2,2008MM12,95.7
13351,A6,311300,13351,3.0,2.0,2009MM01,97.6
13352,A6,311300,13352,2.1,-0.3,2009MM02,97.3
13353,A6,311300,13353,2.4,-0.1,2009MM03,97.2
13354,A6,311300,13354,4.7,2.5,2009MM04,99.6
13355,A6,311300,13355,4.3,-0.2,2009MM05,99.4
13356,A6,311300,13356,4.2,0.0,2009MM06,99.4
13357,A6,311300,13357,4.4,0.2,2009MM07,99.6
13358,A6,311300,13358,3.9,-0.2,2009MM08,99.3
13359,A6,311300,13359,3.4,-0.2,2009MM09,99.1
13360,A6,311300,13360,3.5,-0.1,2009MM10,99.0
13361,A6,311300,13361,3.7,0.1,2009MM11,99.1
13362,A6,311300,13362,3.5,0.0,2009MM12,99.1
13364,A6,311300,13364,1.5,0.0,2010MM01,99.1
13365,A6,311300,13365,2.3,0.5,2010MM02,99.6
13366,A6,311300,13366,2.5,0.1,2010MM03,99.7
13367,A6,311300,13367,0.0,-0.1,2010MM04,99.6
13368,A6,311300,13368,0.5,0.3,2010MM05,99.9
13369,A6,311300,13369,0.5,0.0,2010MM06,99.9
13370,A6,311300,13370,0.8,0.4,2010MM07,100.3
13371,A6,311300,13371,0.7,-0.4,2010MM08,100.0
13372,A6,311300,13372,1.0,0.1,2010MM09,100.1
13373,A6,311300,13373,1.5,0.3,2010MM10,100.4
13374,A6,311300,13374,1.5,0.1,2010MM11,100.6
13375,A6,311300,13375,1.7,0.2,2010MM12,100.8
13377,A6,311300,13377,3.7,2.0,2011MM01,102.8
13378,A6,311300,13378,3.9,0.6,2011MM02,103.5
13379,A6,311300,13379,3.7,-0.1,2011MM03,103.4
13380,A6,311300,13380,4.6,0.8,2011MM04,104.2
13381,A6,311300,13381,4.6,0.3,2011MM05,104.4
13382,A6,311300,13382,4.2,-0.4,2011MM06,104.1
13383,A6,311300,13383,3.9,0.1,2011MM07,104.2
13384,A6,311300,13384,4.5,0.3,2011MM08,104.5
13385,A6,311300,13385,4.4,0.0,2011MM09,104.5
13386,A6,311300,13386,4.0,-0.1,2011MM10,104.4
13387,A6,311300,13387,3.9,0.1,2011MM11,104.5
13388,A6,311300,13388,3.9,0.2,2011MM12,104.7
13390,A6,311300,13390,4.6,2.7,2012MM01,107.5
13391,A6,311300,13391,3.9,0.0,2012MM02,107.5
13392,A6,311300,13392,4.4,0.3,2012MM03,107.9
13393,A6,311300,13393,3.9,0.3,2012MM04,108.2
13394,A6,311300,13394,3.9,0.3,2012MM05,108.5
13395,A6,311300,13395,3.7,-0.5,2012MM06,107.9
13396,A6,311300,13396,3.5,-0.1,2012MM07,107.8
13397,A6,311300,13397,3.0,-0.1,2012MM08,107.7
13398,A6,311300,13398,3.5,0.5,2012MM09,108.2
13399,A6,311300,13399,3.6,0.0,2012MM10,108.2
13400,A6,311300,13400,3.2,-0.3,2012MM11,107.9
13401,A6,311300,13401,2.6,-0.4,2012MM12,107.5
13403,A6,311300,13403,1.3,1.3,2013MM01,108.9
13404,A6,311300,13404,1.0,-0.2,2013MM02,108.6
13405,A6,311300,13405,0.6,-0.1,2013MM03,108.5
13406,A6,311300,13406,0.3,0.0,2013MM04,108.5
13407,A6,311300,13407,0.0,0.0,2013MM05,108.5
13408,A6,311300,13408,0.3,-0.3,2013MM06,108.2
13409,A6,311300,13409,0.9,0.5,2013MM07,108.8
13410,A6,311300,13410,1.0,0.0,2013MM08,108.8
13411,A6,311300,13411,0.5,-0.1,2013MM09,108.7
13412,A6,311300,13412,0.6,0.2,2013MM10,108.9
13413,A6,311300,13413,0.9,-0.1,2013MM11,108.8
13414,A6,311300,13414,1.5,0.2,2013MM12,109.1
13416,A6,311300,13416,-0.5,-0.6,2014MM01,108.4
13417,A6,311300,13417,-0.4,-0.1,2014MM02,108.2
13418,A6,311300,13418,-0.2,0.1,2014MM03,108.4
13419,A6,311300,13419,-0.1,0.1,2014MM04,108.4
13420,A6,311300,13420,-0.8,-0.8,2014MM05,107.6
13421,A6,311300,13421,-0.5,0.1,2014MM06,107.7
13422,A6,311300,13422,-1.3,-0.4,2014MM07,107.3
13423,A6,311300,13423,-1.6,-0.2,2014MM08,107.1
13424,A6,311300,13424,-1.6,-0.1,2014MM09,107.0
13425,A6,311300,13425,-1.6,0.1,2014MM10,107.1
13426,A6,311300,13426,-1.6,0.0,2014MM11,107.1
13427,A6,311300,13427,-3.1,-1.3,2014MM12,105.8
13429,A6,311300,13429,-2.8,-0.3,2015MM01,105.4
13430,A6,311300,13430,-2.2,0.5,2015MM02,105.9
13431,A6,311300,13431,-1.8,0.5,2015MM03,106.5
13432,A6,311300,13432,-0.6,1.2,2015MM04,107.8
13433,A6,311300,13433,0.3,0.1,2015MM05,107.9
13434,A6,311300,13434,0.4,0.2,2015MM06,108.2
13435,A6,311300,13435,0.9,0.1,2015MM07,108.3
13436,A6,311300,13436,0.2,-0.9,2015MM08,107.4
13437,A6,311300,13437,-0.4,-0.8,2015MM09,106.5
13438,A6,311300,13438,-0.9,-0.3,2015MM10,106.2
13439,A6,311300,13439,-0.9,0.0,2015MM11,106.1
13440,A6,311300,13440,0.1,-0.3,2015MM12,105.8
13442,A6,311300,13442,1.8,1.4,2016MM01,107.3
13443,A6,311300,13443,1.1,-0.2,2016MM02,107.0
13444,A6,311300,13444,0.7,0.2,2016MM03,107.3
13445,A6,311300,13445,0.5,1.0,2016MM04,108.3
13446,A6,311300,13446,0.7,0.3,2016MM05,108.6
13447,A6,311300,13447,0.7,0.2,2016MM06,108.9
13448,A6,311300,13448,1.0,0.4,2016MM07,109.4
13449,A6,311300,13449,2.0,0.1,2016MM08,109.5
13450,A6,311300,13450,2.7,-0.1,2016MM09,109.4
13451,A6,311300,13451,3.2,0.1,2016MM10,109.6
13452,A6,311300,13452,3.4,0.2,2016MM11,109.7
13453,A6,311300,13453,3.8,0.1,2016MM12,109.8
13455,A6,311300,13455,5.0,2.6,2017MM01,112.6
13456,A6,311300,13456,5.3,0.1,2017MM02,112.8
13457,A6,311300,13457,4.9,-0.2,2017MM03,112.5
13458,A6,311300,13458,3.3,-0.5,2017MM04,112.0
13459,A6,311300,13459,2.8,-0.2,2017MM05,111.7
13460,A6,311300,13460,2.4,-0.2,2017MM06,111.5
13461,A6,311300,13461,1.9,0.0,2017MM07,111.5
13462,A6,311300,13462,2.0,0.2,2017MM08,111.7
13463,A6,311300,13463,2.3,0.2,2017MM09,111.9
13464,A6,311300,13464,2.7,0.6,2017MM10,112.5
13465,A6,311300,13465,2.7,0.2,2017MM11,112.7
13466,A6,311300,13466,2.8,0.1,2017MM12,112.8
