,Afzet,BedrijfstakkenBranchesSBI2008,ID,OntwikkelingTOV1JaarEerder_2,OntwikkelingTOV1MaandEerder_3,Perioden,ProducentenprijsindexPPI_1
45214,A4,311300,45214,3.56923076923,0.15,1981MM01,43.2
45215,A4,311300,45215,4.33846153846,0.2,1981MM02,43.2
45216,A4,311300,45216,5.10769230769,1.3,1981MM03,43.8
45217,A4,311300,45217,5.87692307692,-0.1,1981MM04,43.8
45218,A4,311300,45218,6.64615384615,0.0,1981MM05,43.8
45219,A4,311300,45219,7.41538461538,0.0,1981MM06,43.8
45220,A4,311300,45220,8.18461538462,0.5,1981MM07,44.0
45221,A4,311300,45221,8.95384615385,0.0,1981MM08,44.0
45222,A4,311300,45222,9.72307692308,0.2,1981MM09,44.1
45223,A4,311300,45223,10.4923076923,0.0,1981MM10,44.1
45224,A4,311300,45224,11.2615384615,0.9,1981MM11,44.5
45225,A4,311300,45225,12.0307692308,0.4,1981MM12,44.7
45227,A4,311300,45227,12.8,9.0,1982MM01,48.7
45228,A4,311300,45228,12.8,0.2,1982MM02,48.8
45229,A4,311300,45229,11.5,0.1,1982MM03,48.9
45230,A4,311300,45230,11.8,0.2,1982MM04,48.9
45231,A4,311300,45231,11.8,0.0,1982MM05,49.0
45232,A4,311300,45232,11.7,0.0,1982MM06,48.9
45233,A4,311300,45233,11.4,0.1,1982MM07,49.0
45234,A4,311300,45234,11.4,0.0,1982MM08,49.0
45235,A4,311300,45235,11.2,0.0,1982MM09,49.0
45236,A4,311300,45236,11.2,0.0,1982MM10,49.0
45237,A4,311300,45237,11.2,0.9,1982MM11,49.5
45238,A4,311300,45238,11.1,0.3,1982MM12,49.6
45240,A4,311300,45240,2.0,0.1,1983MM01,49.7
45241,A4,311300,45241,1.8,0.0,1983MM02,49.7
45242,A4,311300,45242,1.7,0.0,1983MM03,49.7
45243,A4,311300,45243,1.5,0.0,1983MM04,49.7
45244,A4,311300,45244,1.8,0.3,1983MM05,49.8
45245,A4,311300,45245,2.0,0.2,1983MM06,49.9
45246,A4,311300,45246,1.9,0.1,1983MM07,49.9
45247,A4,311300,45247,2.0,0.1,1983MM08,50.0
45248,A4,311300,45248,2.1,0.1,1983MM09,50.0
45249,A4,311300,45249,2.1,0.0,1983MM10,50.0
45250,A4,311300,45250,1.1,0.0,1983MM11,50.0
45251,A4,311300,45251,0.9,0.1,1983MM12,50.1
45253,A4,311300,45253,2.6,1.7,1984MM01,51.0
45254,A4,311300,45254,6.0,3.4,1984MM02,52.7
45255,A4,311300,45255,6.1,0.1,1984MM03,52.7
45256,A4,311300,45256,6.1,0.0,1984MM04,52.7
45257,A4,311300,45257,5.8,0.0,1984MM05,52.7
45258,A4,311300,45258,5.6,0.0,1984MM06,52.7
45259,A4,311300,45259,5.6,0.0,1984MM07,52.7
45260,A4,311300,45260,5.5,0.1,1984MM08,52.7
45261,A4,311300,45261,5.5,0.1,1984MM09,52.8
45262,A4,311300,45262,5.5,0.0,1984MM10,52.8
45263,A4,311300,45263,5.6,0.2,1984MM11,52.9
45264,A4,311300,45264,5.4,-0.1,1984MM12,52.8
45266,A4,311300,45266,4.6,0.9,1985MM01,53.3
45267,A4,311300,45267,1.2,0.0,1985MM02,53.3
45268,A4,311300,45268,1.2,0.0,1985MM03,53.3
45269,A4,311300,45269,1.2,0.0,1985MM04,53.3
45270,A4,311300,45270,1.2,0.0,1985MM05,53.4
45271,A4,311300,45271,1.3,0.0,1985MM06,53.4
45272,A4,311300,45272,1.2,0.0,1985MM07,53.4
45273,A4,311300,45273,1.2,0.0,1985MM08,53.4
45274,A4,311300,45274,1.0,0.0,1985MM09,53.3
45275,A4,311300,45275,1.1,0.0,1985MM10,53.4
45276,A4,311300,45276,0.9,0.0,1985MM11,53.4
45277,A4,311300,45277,1.1,0.1,1985MM12,53.4
45279,A4,311300,45279,0.2,0.0,1986MM01,53.4
45280,A4,311300,45280,0.8,0.6,1986MM02,53.7
45281,A4,311300,45281,0.4,-0.4,1986MM03,53.5
45282,A4,311300,45282,0.4,0.1,1986MM04,53.5
45283,A4,311300,45283,0.5,0.1,1986MM05,53.6
45284,A4,311300,45284,0.8,0.3,1986MM06,53.8
45285,A4,311300,45285,0.8,0.0,1986MM07,53.8
45286,A4,311300,45286,0.7,0.0,1986MM08,53.8
45287,A4,311300,45287,0.7,-0.1,1986MM09,53.7
45288,A4,311300,45288,0.7,0.1,1986MM10,53.7
45289,A4,311300,45289,0.7,0.0,1986MM11,53.7
45290,A4,311300,45290,0.6,0.0,1986MM12,53.7
45292,A4,311300,45292,0.6,0.0,1987MM01,53.7
45293,A4,311300,45293,0.0,0.0,1987MM02,53.7
45294,A4,311300,45294,0.8,0.4,1987MM03,53.9
45295,A4,311300,45295,0.4,-0.4,1987MM04,53.7
45296,A4,311300,45296,0.3,0.0,1987MM05,53.8
45297,A4,311300,45297,0.0,0.1,1987MM06,53.8
45298,A4,311300,45298,0.3,0.2,1987MM07,53.9
45299,A4,311300,45299,0.4,0.1,1987MM08,54.0
45300,A4,311300,45300,0.5,0.0,1987MM09,54.0
45301,A4,311300,45301,0.3,-0.1,1987MM10,53.9
45302,A4,311300,45302,0.4,0.1,1987MM11,54.0
45303,A4,311300,45303,0.4,0.0,1987MM12,54.0
45305,A4,311300,45305,0.5,0.0,1988MM01,54.0
45306,A4,311300,45306,0.8,0.3,1988MM02,54.1
45307,A4,311300,45307,0.6,0.2,1988MM03,54.3
45308,A4,311300,45308,1.5,0.5,1988MM04,54.5
45309,A4,311300,45309,1.0,-0.5,1988MM05,54.3
45310,A4,311300,45310,0.9,0.0,1988MM06,54.3
45311,A4,311300,45311,0.8,0.1,1988MM07,54.4
45312,A4,311300,45312,0.8,0.1,1988MM08,54.4
45313,A4,311300,45313,0.8,0.0,1988MM09,54.4
45314,A4,311300,45314,0.9,0.0,1988MM10,54.4
45315,A4,311300,45315,0.9,0.0,1988MM11,54.4
45316,A4,311300,45316,1.4,0.5,1988MM12,54.7
45318,A4,311300,45318,1.4,0.1,1989MM01,54.8
45319,A4,311300,45319,1.1,0.0,1989MM02,54.7
45320,A4,311300,45320,0.9,0.0,1989MM03,54.7
45321,A4,311300,45321,0.3,0.0,1989MM04,54.7
45322,A4,311300,45322,2.3,1.5,1989MM05,55.5
45323,A4,311300,45323,1.5,-0.8,1989MM06,55.1
45324,A4,311300,45324,1.4,0.0,1989MM07,55.1
45325,A4,311300,45325,1.3,0.0,1989MM08,55.1
45326,A4,311300,45326,1.5,0.2,1989MM09,55.2
45327,A4,311300,45327,1.5,0.0,1989MM10,55.2
45328,A4,311300,45328,1.5,0.0,1989MM11,55.3
45329,A4,311300,45329,1.7,0.7,1989MM12,55.7
45331,A4,311300,45331,2.2,0.5,1990MM01,56.0
45332,A4,311300,45332,-0.4,-2.6,1990MM02,54.5
45333,A4,311300,45333,-0.4,0.0,1990MM03,54.5
45334,A4,311300,45334,1.8,2.1,1990MM04,55.7
45335,A4,311300,45335,1.1,0.8,1990MM05,56.1
45336,A4,311300,45336,2.1,0.3,1990MM06,56.3
45337,A4,311300,45337,2.2,0.1,1990MM07,56.3
45338,A4,311300,45338,2.1,0.0,1990MM08,56.3
45339,A4,311300,45339,2.1,0.2,1990MM09,56.4
45340,A4,311300,45340,2.2,0.1,1990MM10,56.5
45341,A4,311300,45341,2.3,0.1,1990MM11,56.5
45342,A4,311300,45342,1.6,0.1,1990MM12,56.6
45344,A4,311300,45344,1.2,0.1,1991MM01,56.6
45345,A4,311300,45345,8.3,4.3,1991MM02,59.1
45346,A4,311300,45346,6.9,-1.3,1991MM03,58.3
45347,A4,311300,45347,5.4,0.7,1991MM04,58.7
45348,A4,311300,45348,5.0,0.4,1991MM05,58.9
45349,A4,311300,45349,4.8,0.1,1991MM06,59.0
45350,A4,311300,45350,4.6,-0.2,1991MM07,58.9
45351,A4,311300,45351,4.7,0.1,1991MM08,58.9
45352,A4,311300,45352,4.5,0.0,1991MM09,58.9
45353,A4,311300,45353,4.6,0.2,1991MM10,59.1
45354,A4,311300,45354,4.6,0.1,1991MM11,59.1
45355,A4,311300,45355,4.7,0.2,1991MM12,59.2
45357,A4,311300,45357,5.1,0.5,1992MM01,59.5
45358,A4,311300,45358,1.6,0.8,1992MM02,60.0
45359,A4,311300,45359,5.4,2.5,1992MM03,61.5
45360,A4,311300,45360,3.2,-1.5,1992MM04,60.6
45361,A4,311300,45361,3.2,0.4,1992MM05,60.8
45362,A4,311300,45362,3.2,0.2,1992MM06,60.9
45363,A4,311300,45363,4.3,0.8,1992MM07,61.4
45364,A4,311300,45364,4.3,0.1,1992MM08,61.5
45365,A4,311300,45365,4.1,-0.2,1992MM09,61.4
45366,A4,311300,45366,4.2,0.3,1992MM10,61.5
45367,A4,311300,45367,3.6,-0.4,1992MM11,61.3
45368,A4,311300,45368,3.5,0.0,1992MM12,61.3
45370,A4,311300,45370,3.9,0.9,1993MM01,61.8
45371,A4,311300,45371,3.2,0.2,1993MM02,61.9
45372,A4,311300,45372,3.2,2.4,1993MM03,63.4
45373,A4,311300,45373,6.0,1.2,1993MM04,64.2
45374,A4,311300,45374,5.2,-0.3,1993MM05,64.0
45375,A4,311300,45375,5.1,0.1,1993MM06,64.0
45376,A4,311300,45376,4.5,0.3,1993MM07,64.2
45377,A4,311300,45377,4.5,0.1,1993MM08,64.3
45378,A4,311300,45378,4.7,0.0,1993MM09,64.3
45379,A4,311300,45379,4.4,-0.1,1993MM10,64.2
45380,A4,311300,45380,4.5,-0.3,1993MM11,64.0
45381,A4,311300,45381,4.6,0.0,1993MM12,64.1
45383,A4,311300,45383,3.7,0.0,1994MM01,64.1
45384,A4,311300,45384,3.4,0.0,1994MM02,64.1
45385,A4,311300,45385,1.0,0.0,1994MM03,64.0
45386,A4,311300,45386,-0.2,0.0,1994MM04,64.1
45387,A4,311300,45387,0.4,0.3,1994MM05,64.2
45388,A4,311300,45388,0.3,-0.1,1994MM06,64.2
45389,A4,311300,45389,0.0,0.0,1994MM07,64.2
45390,A4,311300,45390,0.6,0.7,1994MM08,64.6
45391,A4,311300,45391,0.0,-0.6,1994MM09,64.3
45392,A4,311300,45392,0.1,0.1,1994MM10,64.3
45393,A4,311300,45393,0.5,0.1,1994MM11,64.4
45394,A4,311300,45394,0.6,0.1,1994MM12,64.5
45396,A4,311300,45396,0.6,0.0,1995MM01,64.5
45397,A4,311300,45397,0.7,0.1,1995MM02,64.5
45398,A4,311300,45398,0.6,-0.1,1995MM03,64.4
45399,A4,311300,45399,1.0,0.4,1995MM04,64.7
45400,A4,311300,45400,0.8,0.1,1995MM05,64.8
45401,A4,311300,45401,1.2,0.3,1995MM06,64.9
45402,A4,311300,45402,0.8,-0.4,1995MM07,64.7
45403,A4,311300,45403,0.1,0.0,1995MM08,64.7
45404,A4,311300,45404,0.8,0.1,1995MM09,64.8
45405,A4,311300,45405,1.3,0.5,1995MM10,65.1
45406,A4,311300,45406,1.0,-0.2,1995MM11,65.0
45407,A4,311300,45407,0.7,-0.2,1995MM12,64.9
45409,A4,311300,45409,0.7,0.1,1996MM01,64.9
45410,A4,311300,45410,1.2,0.5,1996MM02,65.3
45411,A4,311300,45411,1.1,-0.3,1996MM03,65.1
45412,A4,311300,45412,2.4,1.8,1996MM04,66.3
45413,A4,311300,45413,2.3,0.0,1996MM05,66.3
45414,A4,311300,45414,1.6,-0.4,1996MM06,66.0
45415,A4,311300,45415,2.4,0.4,1996MM07,66.2
45416,A4,311300,45416,2.2,-0.1,1996MM08,66.2
45417,A4,311300,45417,1.8,-0.3,1996MM09,66.0
45418,A4,311300,45418,2.1,0.8,1996MM10,66.5
45419,A4,311300,45419,1.9,-0.4,1996MM11,66.2
45420,A4,311300,45420,2.6,0.5,1996MM12,66.6
45422,A4,311300,45422,2.2,-0.3,1997MM01,66.3
45423,A4,311300,45423,1.7,0.1,1997MM02,66.4
45424,A4,311300,45424,2.1,0.2,1997MM03,66.5
45425,A4,311300,45425,0.2,-0.1,1997MM04,66.4
45426,A4,311300,45426,0.3,0.1,1997MM05,66.5
45427,A4,311300,45427,0.7,0.0,1997MM06,66.5
45428,A4,311300,45428,0.8,0.4,1997MM07,66.7
45429,A4,311300,45429,1.6,0.7,1997MM08,67.2
45430,A4,311300,45430,1.9,0.0,1997MM09,67.2
45431,A4,311300,45431,0.9,-0.2,1997MM10,67.1
45432,A4,311300,45432,1.5,0.2,1997MM11,67.2
45433,A4,311300,45433,0.8,-0.1,1997MM12,67.1
45435,A4,311300,45435,1.3,0.2,1998MM01,67.2
45436,A4,311300,45436,1.1,-0.1,1998MM02,67.2
45437,A4,311300,45437,1.4,0.5,1998MM03,67.5
45438,A4,311300,45438,2.3,0.7,1998MM04,67.9
45439,A4,311300,45439,2.7,0.5,1998MM05,68.3
45440,A4,311300,45440,2.3,-0.4,1998MM06,68.0
45441,A4,311300,45441,2.6,0.7,1998MM07,68.5
45442,A4,311300,45442,1.5,-0.5,1998MM08,68.2
45443,A4,311300,45443,1.6,0.2,1998MM09,68.3
45444,A4,311300,45444,2.3,0.4,1998MM10,68.6
45445,A4,311300,45445,2.5,0.4,1998MM11,68.9
45446,A4,311300,45446,2.2,-0.5,1998MM12,68.6
45448,A4,311300,45448,3.1,1.1,1999MM01,69.3
45449,A4,311300,45449,4.2,0.9,1999MM02,70.0
45450,A4,311300,45450,3.1,-0.6,1999MM03,69.6
45451,A4,311300,45451,3.1,0.7,1999MM04,70.0
45452,A4,311300,45452,2.5,-0.1,1999MM05,69.9
45453,A4,311300,45453,2.8,-0.1,1999MM06,69.9
45454,A4,311300,45454,1.9,-0.2,1999MM07,69.8
45455,A4,311300,45455,2.6,0.3,1999MM08,69.9
45456,A4,311300,45456,2.8,0.3,1999MM09,70.2
45457,A4,311300,45457,1.4,-0.9,1999MM10,69.5
45458,A4,311300,45458,0.9,-0.1,1999MM11,69.5
45459,A4,311300,45459,2.2,0.8,1999MM12,70.1
45461,A4,311300,45461,3.3,2.1,2000MM01,71.6
45462,A4,311300,45462,1.8,-0.5,2000MM02,71.2
45463,A4,311300,45463,2.7,0.3,2000MM03,71.5
45464,A4,311300,45464,1.5,-0.6,2000MM04,71.1
45465,A4,311300,45465,1.5,-0.1,2000MM05,71.0
45466,A4,311300,45466,1.6,0.1,2000MM06,71.0
45467,A4,311300,45467,1.9,0.1,2000MM07,71.1
45468,A4,311300,45468,0.8,-0.9,2000MM08,70.5
45469,A4,311300,45469,1.1,0.6,2000MM09,70.9
45470,A4,311300,45470,2.6,0.6,2000MM10,71.3
45471,A4,311300,45471,3.3,0.6,2000MM11,71.8
45472,A4,311300,45472,1.5,-0.9,2000MM12,71.1
45474,A4,311300,45474,2.3,3.0,2001MM01,73.3
45475,A4,311300,45475,3.0,0.1,2001MM02,73.4
45476,A4,311300,45476,1.7,-1.0,2001MM03,72.7
45477,A4,311300,45477,3.3,1.0,2001MM04,73.4
45478,A4,311300,45478,2.7,-0.7,2001MM05,72.9
45479,A4,311300,45479,3.4,0.8,2001MM06,73.4
45480,A4,311300,45480,4.3,1.0,2001MM07,74.1
45481,A4,311300,45481,5.0,-0.2,2001MM08,74.0
45482,A4,311300,45482,3.9,-0.4,2001MM09,73.7
45483,A4,311300,45483,4.3,1.0,2001MM10,74.4
45484,A4,311300,45484,3.8,0.1,2001MM11,74.5
45485,A4,311300,45485,4.0,-0.7,2001MM12,74.0
45487,A4,311300,45487,1.4,0.5,2002MM01,74.3
45488,A4,311300,45488,1.6,0.3,2002MM02,74.5
45489,A4,311300,45489,2.2,-0.4,2002MM03,74.3
45490,A4,311300,45490,5.1,3.8,2002MM04,77.1
45491,A4,311300,45491,4.7,-1.0,2002MM05,76.3
45492,A4,311300,45492,4.5,0.6,2002MM06,76.8
45493,A4,311300,45493,4.5,0.9,2002MM07,77.5
45494,A4,311300,45494,5.0,0.4,2002MM08,77.7
45495,A4,311300,45495,5.9,0.3,2002MM09,78.0
45496,A4,311300,45496,5.3,0.4,2002MM10,78.3
45497,A4,311300,45497,4.4,-0.7,2002MM11,77.7
45498,A4,311300,45498,7.4,2.2,2002MM12,79.4
45500,A4,311300,45500,9.9,2.8,2003MM01,81.7
45501,A4,311300,45501,9.2,-0.4,2003MM02,81.4
45502,A4,311300,45502,8.5,-1.0,2003MM03,80.6
45503,A4,311300,45503,5.8,1.2,2003MM04,81.6
45504,A4,311300,45504,8.7,1.7,2003MM05,82.9
45505,A4,311300,45505,6.4,-1.4,2003MM06,81.7
45506,A4,311300,45506,6.6,1.0,2003MM07,82.5
45507,A4,311300,45507,6.0,-0.2,2003MM08,82.4
45508,A4,311300,45508,6.6,0.9,2003MM09,83.1
45509,A4,311300,45509,4.2,-1.8,2003MM10,81.6
45510,A4,311300,45510,6.2,1.2,2003MM11,82.6
45511,A4,311300,45511,3.4,-0.6,2003MM12,82.1
45513,A4,311300,45513,-0.1,-0.7,2004MM01,81.6
45514,A4,311300,45514,1.5,1.2,2004MM02,82.6
45515,A4,311300,45515,2.3,-0.3,2004MM03,82.4
45516,A4,311300,45516,3.1,2.1,2004MM04,84.1
45517,A4,311300,45517,2.1,0.6,2004MM05,84.6
45518,A4,311300,45518,3.1,-0.5,2004MM06,84.2
45519,A4,311300,45519,0.8,-1.2,2004MM07,83.2
45520,A4,311300,45520,1.0,-0.1,2004MM08,83.2
45521,A4,311300,45521,0.0,-0.1,2004MM09,83.1
45522,A4,311300,45522,1.3,-0.5,2004MM10,82.6
45523,A4,311300,45523,0.7,0.7,2004MM11,83.2
45524,A4,311300,45524,0.9,-0.4,2004MM12,82.8
45526,A4,311300,45526,1.08461538462,-0.2,2005MM01,82.8
45527,A4,311300,45527,1.26923076923,0.0,2005MM02,82.9
45528,A4,311300,45528,1.45384615385,0.0,2005MM03,82.9
45529,A4,311300,45529,1.63846153846,-0.6,2005MM04,82.3
45530,A4,311300,45530,1.82307692308,0.2,2005MM05,82.5
45531,A4,311300,45531,2.00769230769,0.0,2005MM06,82.5
45532,A4,311300,45532,2.19230769231,0.7,2005MM07,83.1
45533,A4,311300,45533,2.37692307692,0.1,2005MM08,83.2
45534,A4,311300,45534,2.56153846154,0.1,2005MM09,83.2
45535,A4,311300,45535,2.74615384615,0.1,2005MM10,83.3
45536,A4,311300,45536,2.93076923077,-0.1,2005MM11,83.3
45537,A4,311300,45537,3.11538461538,-0.1,2005MM12,83.2
45539,A4,311300,45539,3.3,2.9,2006MM01,85.6
45540,A4,311300,45540,3.4,0.1,2006MM02,85.6
45541,A4,311300,45541,3.3,0.0,2006MM03,85.6
45542,A4,311300,45542,4.3,0.3,2006MM04,85.9
45543,A4,311300,45543,4.3,0.2,2006MM05,86.1
45544,A4,311300,45544,4.4,0.0,2006MM06,86.1
45545,A4,311300,45545,3.5,-0.1,2006MM07,86.0
45546,A4,311300,45546,3.5,0.1,2006MM08,86.1
45547,A4,311300,45547,3.5,0.0,2006MM09,86.1
45548,A4,311300,45548,3.5,0.2,2006MM10,86.3
45549,A4,311300,45549,3.5,-0.1,2006MM11,86.2
45550,A4,311300,45550,3.6,-0.1,2006MM12,86.2
45552,A4,311300,45552,2.1,1.4,2007MM01,87.4
45553,A4,311300,45553,2.0,0.0,2007MM02,87.3
45554,A4,311300,45554,2.1,0.1,2007MM03,87.4
45555,A4,311300,45555,4.0,2.2,2007MM04,89.3
45556,A4,311300,45556,3.8,0.1,2007MM05,89.4
45557,A4,311300,45557,4.0,0.2,2007MM06,89.6
45558,A4,311300,45558,5.6,1.4,2007MM07,90.9
45559,A4,311300,45559,5.4,-0.1,2007MM08,90.7
45560,A4,311300,45560,5.4,0.1,2007MM09,90.8
45561,A4,311300,45561,5.3,0.1,2007MM10,90.9
45562,A4,311300,45562,5.3,-0.1,2007MM11,90.8
45563,A4,311300,45563,5.6,0.1,2007MM12,91.0
45565,A4,311300,45565,9.0,4.7,2008MM01,95.3
45566,A4,311300,45566,9.9,0.8,2008MM02,96.0
45567,A4,311300,45567,9.2,-0.6,2008MM03,95.4
45568,A4,311300,45568,6.8,0.0,2008MM04,95.4
45569,A4,311300,45569,6.8,0.0,2008MM05,95.4
45570,A4,311300,45570,7.2,0.6,2008MM06,96.0
45571,A4,311300,45571,5.4,-0.3,2008MM07,95.8
45572,A4,311300,45572,5.6,0.0,2008MM08,95.8
45573,A4,311300,45573,5.9,0.4,2008MM09,96.1
45574,A4,311300,45574,5.6,-0.2,2008MM10,96.0
45575,A4,311300,45575,5.5,-0.2,2008MM11,95.8
45576,A4,311300,45576,5.1,-0.2,2008MM12,95.6
45578,A4,311300,45578,4.6,4.2,2009MM01,99.6
45579,A4,311300,45579,3.6,-0.1,2009MM02,99.5
45580,A4,311300,45580,4.3,0.0,2009MM03,99.5
45581,A4,311300,45581,3.4,-0.9,2009MM04,98.6
45582,A4,311300,45582,3.4,0.0,2009MM05,98.7
45583,A4,311300,45583,2.9,0.2,2009MM06,98.8
45584,A4,311300,45584,3.4,0.2,2009MM07,99.0
45585,A4,311300,45585,3.2,-0.2,2009MM08,98.9
45586,A4,311300,45586,3.3,0.5,2009MM09,99.4
45587,A4,311300,45587,3.4,-0.1,2009MM10,99.3
45588,A4,311300,45588,3.8,0.1,2009MM11,99.4
45589,A4,311300,45589,3.9,0.0,2009MM12,99.4
45591,A4,311300,45591,-0.2,0.0,2010MM01,99.4
45592,A4,311300,45592,0.1,0.2,2010MM02,99.6
45593,A4,311300,45593,0.1,0.0,2010MM03,99.6
45594,A4,311300,45594,1.1,0.1,2010MM04,99.7
45595,A4,311300,45595,1.1,0.0,2010MM05,99.7
45596,A4,311300,45596,0.9,0.0,2010MM06,99.7
45597,A4,311300,45597,0.8,0.1,2010MM07,99.8
45598,A4,311300,45598,0.9,-0.1,2010MM08,99.7
45599,A4,311300,45599,0.8,0.4,2010MM09,100.1
45600,A4,311300,45600,1.5,0.7,2010MM10,100.8
45601,A4,311300,45601,1.5,0.1,2010MM11,100.9
45602,A4,311300,45602,1.5,0.1,2010MM12,100.9
45604,A4,311300,45604,2.2,0.7,2011MM01,101.6
45605,A4,311300,45605,2.1,0.1,2011MM02,101.7
45606,A4,311300,45606,2.1,0.1,2011MM03,101.7
45607,A4,311300,45607,2.8,0.8,2011MM04,102.5
45608,A4,311300,45608,2.9,0.1,2011MM05,102.7
45609,A4,311300,45609,2.9,0.0,2011MM06,102.6
45610,A4,311300,45610,3.2,0.3,2011MM07,102.9
45611,A4,311300,45611,3.4,0.1,2011MM08,103.1
45612,A4,311300,45612,3.6,0.6,2011MM09,103.7
45613,A4,311300,45613,3.0,0.2,2011MM10,103.9
45614,A4,311300,45614,3.0,0.1,2011MM11,103.9
45615,A4,311300,45615,2.9,-0.1,2011MM12,103.9
45617,A4,311300,45617,4.8,2.5,2012MM01,106.5
45618,A4,311300,45618,4.8,0.0,2012MM02,106.5
45619,A4,311300,45619,4.8,0.0,2012MM03,106.6
45620,A4,311300,45620,4.7,0.8,2012MM04,107.4
45621,A4,311300,45621,5.0,0.4,2012MM05,107.8
45622,A4,311300,45622,4.8,-0.3,2012MM06,107.6
45623,A4,311300,45623,4.6,0.2,2012MM07,107.7
45624,A4,311300,45624,4.7,0.1,2012MM08,107.9
45625,A4,311300,45625,4.7,0.7,2012MM09,108.6
45626,A4,311300,45626,5.0,0.5,2012MM10,109.1
45627,A4,311300,45627,4.9,0.0,2012MM11,109.1
45628,A4,311300,45628,4.9,-0.1,2012MM12,108.9
45630,A4,311300,45630,3.5,1.2,2013MM01,110.2
45631,A4,311300,45631,3.2,-0.3,2013MM02,109.9
45632,A4,311300,45632,2.9,-0.2,2013MM03,109.7
45633,A4,311300,45633,2.3,0.1,2013MM04,109.8
45634,A4,311300,45634,2.2,0.3,2013MM05,110.2
45635,A4,311300,45635,2.3,-0.1,2013MM06,110.1
45636,A4,311300,45636,3.1,0.9,2013MM07,111.1
45637,A4,311300,45637,3.0,0.0,2013MM08,111.1
45638,A4,311300,45638,2.3,-0.1,2013MM09,111.0
45639,A4,311300,45639,1.8,0.0,2013MM10,111.0
45640,A4,311300,45640,2.9,1.0,2013MM11,112.2
45641,A4,311300,45641,2.9,-0.1,2013MM12,112.1
45643,A4,311300,45643,2.7,0.9,2014MM01,113.1
45644,A4,311300,45644,1.8,-1.1,2014MM02,111.9
45645,A4,311300,45645,2.0,0.0,2014MM03,111.9
45646,A4,311300,45646,2.1,0.3,2014MM04,112.2
45647,A4,311300,45647,-0.4,-2.2,2014MM05,109.7
45648,A4,311300,45648,-0.2,0.1,2014MM06,109.8
45649,A4,311300,45649,-1.2,-0.1,2014MM07,109.7
45650,A4,311300,45650,-1.7,-0.4,2014MM08,109.3
45651,A4,311300,45651,-1.6,0.0,2014MM09,109.3
45652,A4,311300,45652,-1.3,0.3,2014MM10,109.6
45653,A4,311300,45653,-2.9,-0.5,2014MM11,109.0
45654,A4,311300,45654,-3.6,-0.9,2014MM12,108.0
45656,A4,311300,45656,-3.4,1.1,2015MM01,109.3
45657,A4,311300,45657,-2.3,0.0,2015MM02,109.3
45658,A4,311300,45658,-2.0,0.4,2015MM03,109.7
45659,A4,311300,45659,-1.6,0.7,2015MM04,110.4
45660,A4,311300,45660,0.6,0.0,2015MM05,110.4
45661,A4,311300,45661,0.6,0.1,2015MM06,110.5
45662,A4,311300,45662,0.9,0.2,2015MM07,110.7
45663,A4,311300,45663,0.9,-0.4,2015MM08,110.3
45664,A4,311300,45664,0.5,-0.4,2015MM09,109.8
45665,A4,311300,45665,-0.6,-0.8,2015MM10,108.9
45666,A4,311300,45666,-0.1,0.0,2015MM11,108.9
45667,A4,311300,45667,0.8,0.0,2015MM12,108.9
45669,A4,311300,45669,0.5,0.9,2016MM01,109.8
45670,A4,311300,45670,0.3,-0.2,2016MM02,109.6
45671,A4,311300,45671,0.1,0.2,2016MM03,109.8
45672,A4,311300,45672,1.2,1.7,2016MM04,111.7
45673,A4,311300,45673,1.4,0.2,2016MM05,111.9
45674,A4,311300,45674,1.4,0.1,2016MM06,112.0
45675,A4,311300,45675,1.7,0.5,2016MM07,112.6
45676,A4,311300,45676,2.1,0.0,2016MM08,112.6
45677,A4,311300,45677,2.6,0.1,2016MM09,112.7
45678,A4,311300,45678,3.3,-0.1,2016MM10,112.6
45679,A4,311300,45679,3.2,-0.1,2016MM11,112.5
45680,A4,311300,45680,3.5,0.2,2016MM12,112.7
45682,A4,311300,45682,7.7,4.9,2017MM01,118.3
45683,A4,311300,45683,7.8,-0.1,2017MM02,118.2
45684,A4,311300,45684,7.3,-0.3,2017MM03,117.9
45685,A4,311300,45685,5.6,0.1,2017MM04,118.0
45686,A4,311300,45686,5.1,-0.3,2017MM05,117.7
45687,A4,311300,45687,5.0,0.0,2017MM06,117.7
45688,A4,311300,45688,3.6,-0.8,2017MM07,116.7
45689,A4,311300,45689,4.0,0.3,2017MM08,117.1
45690,A4,311300,45690,4.1,0.2,2017MM09,117.3
45691,A4,311300,45691,5.0,0.7,2017MM10,118.1
45692,A4,311300,45692,5.0,-0.1,2017MM11,118.1
45693,A4,311300,45693,4.6,-0.2,2017MM12,117.9
