,Afzet,BedrijfstakkenBranchesSBI2008,ID,OntwikkelingTOV1JaarEerder_2,OntwikkelingTOV1MaandEerder_3,Perioden,ProducentenprijsindexPPI_1
14261,A6,312100,14261,,,2005MM01,89.5
14262,A6,312100,14262,,0.1,2005MM02,89.6
14263,A6,312100,14263,,-0.2,2005MM03,89.5
14264,A6,312100,14264,,-0.1,2005MM04,89.3
14265,A6,312100,14265,,0.4,2005MM05,89.7
14266,A6,312100,14266,,-0.3,2005MM06,89.4
14267,A6,312100,14267,,0.2,2005MM07,89.6
14268,A6,312100,14268,,-0.4,2005MM08,89.2
14269,A6,312100,14269,,0.1,2005MM09,89.3
14270,A6,312100,14270,,0.5,2005MM10,89.8
14271,A6,312100,14271,,-0.1,2005MM11,89.7
14272,A6,312100,14272,,0.2,2005MM12,89.9
14274,A6,312100,14274,0.6,0.2,2006MM01,90.0
14275,A6,312100,14275,0.3,-0.2,2006MM02,89.9
14276,A6,312100,14276,0.7,0.2,2006MM03,90.1
14277,A6,312100,14277,0.7,-0.1,2006MM04,90.0
14278,A6,312100,14278,0.3,0.0,2006MM05,90.0
14279,A6,312100,14279,0.7,0.1,2006MM06,90.1
14280,A6,312100,14280,0.5,0.0,2006MM07,90.1
14281,A6,312100,14281,0.9,0.0,2006MM08,90.1
14282,A6,312100,14282,1.1,0.3,2006MM09,90.3
14283,A6,312100,14283,0.7,0.1,2006MM10,90.4
14284,A6,312100,14284,0.9,0.1,2006MM11,90.5
14285,A6,312100,14285,0.6,-0.1,2006MM12,90.4
14287,A6,312100,14287,4.4,4.0,2007MM01,94.0
14288,A6,312100,14288,5.0,0.4,2007MM02,94.4
14289,A6,312100,14289,4.6,-0.2,2007MM03,94.2
14290,A6,312100,14290,5.2,0.5,2007MM04,94.6
14291,A6,312100,14291,5.5,0.4,2007MM05,95.0
14292,A6,312100,14292,5.1,-0.3,2007MM06,94.7
14293,A6,312100,14293,7.7,2.5,2007MM07,97.0
14294,A6,312100,14294,9.3,1.5,2007MM08,98.5
14295,A6,312100,14295,9.7,0.6,2007MM09,99.1
14296,A6,312100,14296,8.2,-1.2,2007MM10,97.9
14297,A6,312100,14297,8.4,0.3,2007MM11,98.1
14298,A6,312100,14298,7.3,-1.2,2007MM12,97.0
14300,A6,312100,14300,5.4,2.2,2008MM01,99.1
14301,A6,312100,14301,6.4,1.4,2008MM02,100.5
14302,A6,312100,14302,5.7,-1.0,2008MM03,99.5
14303,A6,312100,14303,5.0,-0.2,2008MM04,99.4
14304,A6,312100,14304,4.9,0.3,2008MM05,99.7
14305,A6,312100,14305,5.8,0.5,2008MM06,100.2
14306,A6,312100,14306,3.1,-0.2,2008MM07,100.0
14307,A6,312100,14307,1.6,0.0,2008MM08,100.0
14308,A6,312100,14308,0.4,-0.5,2008MM09,99.5
14309,A6,312100,14309,1.8,0.2,2008MM10,99.6
14310,A6,312100,14310,1.0,-0.6,2008MM11,99.1
14311,A6,312100,14311,3.4,1.2,2008MM12,100.3
14313,A6,312100,14313,3.3,2.1,2009MM01,102.4
14314,A6,312100,14314,2.0,0.1,2009MM02,102.5
14315,A6,312100,14315,2.8,-0.2,2009MM03,102.3
14316,A6,312100,14316,1.8,-1.1,2009MM04,101.2
14317,A6,312100,14317,1.6,0.1,2009MM05,101.3
14318,A6,312100,14318,1.1,0.0,2009MM06,101.3
14319,A6,312100,14319,1.4,0.1,2009MM07,101.4
14320,A6,312100,14320,1.0,-0.3,2009MM08,101.0
14321,A6,312100,14321,0.4,-1.1,2009MM09,99.9
14322,A6,312100,14322,0.9,0.6,2009MM10,100.5
14323,A6,312100,14323,1.3,-0.1,2009MM11,100.3
14324,A6,312100,14324,0.2,0.1,2009MM12,100.5
14326,A6,312100,14326,-2.0,-0.2,2010MM01,100.3
14327,A6,312100,14327,-2.0,0.1,2010MM02,100.5
14328,A6,312100,14328,-1.8,0.0,2010MM03,100.5
14329,A6,312100,14329,-2.0,-1.3,2010MM04,99.1
14330,A6,312100,14330,-2.1,0.0,2010MM05,99.1
14331,A6,312100,14331,-2.1,0.0,2010MM06,99.1
14332,A6,312100,14332,-2.2,0.0,2010MM07,99.1
14333,A6,312100,14333,-1.8,0.1,2010MM08,99.2
14334,A6,312100,14334,-0.2,0.5,2010MM09,99.7
14335,A6,312100,14335,0.6,1.4,2010MM10,101.1
14336,A6,312100,14336,0.8,0.0,2010MM11,101.1
14337,A6,312100,14337,0.6,0.0,2010MM12,101.1
14339,A6,312100,14339,3.3,2.5,2011MM01,103.6
14340,A6,312100,14340,3.1,0.0,2011MM02,103.6
14341,A6,312100,14341,3.1,0.1,2011MM03,103.6
14342,A6,312100,14342,5.3,0.7,2011MM04,104.4
14343,A6,312100,14343,5.3,0.0,2011MM05,104.4
14344,A6,312100,14344,5.4,0.1,2011MM06,104.5
14345,A6,312100,14345,5.0,-0.3,2011MM07,104.1
14346,A6,312100,14346,4.8,-0.1,2011MM08,104.0
14347,A6,312100,14347,5.2,0.8,2011MM09,104.9
14348,A6,312100,14348,4.1,0.3,2011MM10,105.2
14349,A6,312100,14349,4.1,0.1,2011MM11,105.3
14350,A6,312100,14350,4.1,0.0,2011MM12,105.2
14352,A6,312100,14352,4.1,2.5,2012MM01,107.8
14353,A6,312100,14353,4.0,-0.1,2012MM02,107.7
14354,A6,312100,14354,3.9,0.0,2012MM03,107.7
14355,A6,312100,14355,3.4,0.3,2012MM04,108.0
14356,A6,312100,14356,3.5,0.1,2012MM05,108.0
14357,A6,312100,14357,3.5,0.1,2012MM06,108.1
14358,A6,312100,14358,3.9,0.1,2012MM07,108.2
14359,A6,312100,14359,2.6,-1.3,2012MM08,106.8
14360,A6,312100,14360,2.6,0.8,2012MM09,107.7
14361,A6,312100,14361,1.8,-0.5,2012MM10,107.1
14362,A6,312100,14362,1.7,0.0,2012MM11,107.1
14363,A6,312100,14363,1.5,-0.2,2012MM12,106.8
14365,A6,312100,14365,0.2,1.1,2013MM01,108.0
14366,A6,312100,14366,-1.3,-1.6,2013MM02,106.3
14367,A6,312100,14367,-1.1,0.2,2013MM03,106.5
14368,A6,312100,14368,-1.4,-0.1,2013MM04,106.4
14369,A6,312100,14369,-1.2,0.3,2013MM05,106.7
14370,A6,312100,14370,-1.2,0.1,2013MM06,106.9
14371,A6,312100,14371,-0.7,0.6,2013MM07,107.5
14372,A6,312100,14372,0.6,0.0,2013MM08,107.4
14373,A6,312100,14373,-0.3,-0.1,2013MM09,107.4
14374,A6,312100,14374,0.2,0.0,2013MM10,107.3
14375,A6,312100,14375,1.8,1.6,2013MM11,109.0
14376,A6,312100,14376,2.0,0.0,2013MM12,109.0
14378,A6,312100,14378,0.8,-0.1,2014MM01,108.9
14379,A6,312100,14379,0.8,-1.5,2014MM02,107.2
14380,A6,312100,14380,0.5,-0.1,2014MM03,107.1
14381,A6,312100,14381,1.1,0.5,2014MM04,107.6
14382,A6,312100,14382,-2.2,-3.0,2014MM05,104.4
14383,A6,312100,14383,-2.3,0.0,2014MM06,104.4
14384,A6,312100,14384,-3.3,-0.5,2014MM07,103.9
14385,A6,312100,14385,-3.6,-0.3,2014MM08,103.5
14386,A6,312100,14386,-3.5,0.0,2014MM09,103.6
14387,A6,312100,14387,-3.2,0.3,2014MM10,103.9
14388,A6,312100,14388,-4.5,0.2,2014MM11,104.1
14389,A6,312100,14389,-4.5,0.0,2014MM12,104.1
14391,A6,312100,14391,-4.3,0.1,2015MM01,104.2
14392,A6,312100,14392,-3.4,-0.6,2015MM02,103.6
14393,A6,312100,14393,-3.1,0.1,2015MM03,103.8
14394,A6,312100,14394,-1.6,2.1,2015MM04,106.0
14395,A6,312100,14395,1.1,-0.4,2015MM05,105.5
14396,A6,312100,14396,1.0,0.0,2015MM06,105.5
14397,A6,312100,14397,1.9,0.4,2015MM07,105.9
14398,A6,312100,14398,2.3,0.0,2015MM08,105.9
14399,A6,312100,14399,2.3,0.0,2015MM09,105.9
14400,A6,312100,14400,1.5,-0.5,2015MM10,105.4
14401,A6,312100,14401,1.3,0.1,2015MM11,105.4
14402,A6,312100,14402,1.4,0.1,2015MM12,105.6
14404,A6,312100,14404,2.0,0.7,2016MM01,106.3
14405,A6,312100,14405,2.7,0.1,2016MM02,106.4
14406,A6,312100,14406,2.5,-0.1,2016MM03,106.3
14407,A6,312100,14407,1.2,0.8,2016MM04,107.2
14408,A6,312100,14408,1.5,-0.1,2016MM05,107.1
14409,A6,312100,14409,1.6,0.1,2016MM06,107.2
14410,A6,312100,14410,2.9,1.7,2016MM07,109.0
14411,A6,312100,14411,2.9,0.0,2016MM08,109.0
14412,A6,312100,14412,2.9,0.0,2016MM09,109.0
14413,A6,312100,14413,3.0,-0.4,2016MM10,108.6
14414,A6,312100,14414,3.1,0.1,2016MM11,108.7
14415,A6,312100,14415,3.1,0.1,2016MM12,108.8
14417,A6,312100,14417,6.7,4.3,2017MM01,113.5
14418,A6,312100,14418,6.6,0.0,2017MM02,113.5
14419,A6,312100,14419,6.7,0.0,2017MM03,113.5
14420,A6,312100,14420,4.0,-1.8,2017MM04,111.4
14421,A6,312100,14421,4.1,0.0,2017MM05,111.4
14422,A6,312100,14422,4.0,0.1,2017MM06,111.5
14423,A6,312100,14423,1.8,-0.5,2017MM07,111.0
14424,A6,312100,14424,2.1,0.3,2017MM08,111.3
14425,A6,312100,14425,2.2,0.0,2017MM09,111.4
14426,A6,312100,14426,4.9,2.3,2017MM10,113.9
14427,A6,312100,14427,4.4,-0.4,2017MM11,113.5
14428,A6,312100,14428,4.2,0.0,2017MM12,113.4
