,Afzet,BedrijfstakkenBranchesSBI2008,ID,OntwikkelingTOV1JaarEerder_2,OntwikkelingTOV1MaandEerder_3,Perioden,ProducentenprijsindexPPI_1
46176,A4,312100,46176,4.18970099668,-0.000344827586207,1981MM01,113.307612457
46177,A4,312100,46177,4.17940199336,-0.000689655172414,1981MM02,113.215224913
46178,A4,312100,46178,4.16910299003,-0.00103448275862,1981MM03,113.12283737
46179,A4,312100,46179,4.15880398671,-0.00137931034483,1981MM04,113.030449827
46180,A4,312100,46180,4.14850498339,-0.00172413793103,1981MM05,112.938062284
46181,A4,312100,46181,4.13820598007,-0.00206896551724,1981MM06,112.84567474
46182,A4,312100,46182,4.12790697674,-0.00241379310345,1981MM07,112.753287197
46183,A4,312100,46183,4.11760797342,-0.00275862068966,1981MM08,112.660899654
46184,A4,312100,46184,4.1073089701,-0.00310344827586,1981MM09,112.568512111
46185,A4,312100,46185,4.09700996678,-0.00344827586207,1981MM10,112.476124567
46186,A4,312100,46186,4.08671096346,-0.00379310344828,1981MM11,112.383737024
46187,A4,312100,46187,4.07641196013,-0.00413793103448,1981MM12,112.291349481
46189,A4,312100,46189,4.06611295681,-0.00448275862069,1982MM01,112.198961938
46190,A4,312100,46190,4.05581395349,-0.0048275862069,1982MM02,112.106574394
46191,A4,312100,46191,4.04551495017,-0.0051724137931,1982MM03,112.014186851
46192,A4,312100,46192,4.03521594684,-0.00551724137931,1982MM04,111.921799308
46193,A4,312100,46193,4.02491694352,-0.00586206896552,1982MM05,111.829411765
46194,A4,312100,46194,4.0146179402,-0.00620689655172,1982MM06,111.737024221
46195,A4,312100,46195,4.00431893688,-0.00655172413793,1982MM07,111.644636678
46196,A4,312100,46196,3.99401993355,-0.00689655172414,1982MM08,111.552249135
46197,A4,312100,46197,3.98372093023,-0.00724137931034,1982MM09,111.459861592
46198,A4,312100,46198,3.97342192691,-0.00758620689655,1982MM10,111.367474048
46199,A4,312100,46199,3.96312292359,-0.00793103448276,1982MM11,111.275086505
46200,A4,312100,46200,3.95282392027,-0.00827586206897,1982MM12,111.182698962
46202,A4,312100,46202,3.94252491694,-0.00862068965517,1983MM01,111.090311419
46203,A4,312100,46203,3.93222591362,-0.00896551724138,1983MM02,110.997923875
46204,A4,312100,46204,3.9219269103,-0.00931034482759,1983MM03,110.905536332
46205,A4,312100,46205,3.91162790698,-0.00965517241379,1983MM04,110.813148789
46206,A4,312100,46206,3.90132890365,-0.01,1983MM05,110.720761246
46207,A4,312100,46207,3.89102990033,-0.0103448275862,1983MM06,110.628373702
46208,A4,312100,46208,3.88073089701,-0.0106896551724,1983MM07,110.535986159
46209,A4,312100,46209,3.87043189369,-0.0110344827586,1983MM08,110.443598616
46210,A4,312100,46210,3.86013289037,-0.0113793103448,1983MM09,110.351211073
46211,A4,312100,46211,3.84983388704,-0.011724137931,1983MM10,110.258823529
46212,A4,312100,46212,3.83953488372,-0.0120689655172,1983MM11,110.166435986
46213,A4,312100,46213,3.8292358804,-0.0124137931034,1983MM12,110.074048443
46215,A4,312100,46215,3.81893687708,-0.0127586206897,1984MM01,109.9816609
46216,A4,312100,46216,3.80863787375,-0.0131034482759,1984MM02,109.889273356
46217,A4,312100,46217,3.79833887043,-0.0134482758621,1984MM03,109.796885813
46218,A4,312100,46218,3.78803986711,-0.0137931034483,1984MM04,109.70449827
46219,A4,312100,46219,3.77774086379,-0.0141379310345,1984MM05,109.612110727
46220,A4,312100,46220,3.76744186047,-0.0144827586207,1984MM06,109.519723183
46221,A4,312100,46221,3.75714285714,-0.0148275862069,1984MM07,109.42733564
46222,A4,312100,46222,3.74684385382,-0.0151724137931,1984MM08,109.334948097
46223,A4,312100,46223,3.7365448505,-0.0155172413793,1984MM09,109.242560554
46224,A4,312100,46224,3.72624584718,-0.0158620689655,1984MM10,109.15017301
46225,A4,312100,46225,3.71594684385,-0.0162068965517,1984MM11,109.057785467
46226,A4,312100,46226,3.70564784053,-0.0165517241379,1984MM12,108.965397924
46228,A4,312100,46228,3.69534883721,-0.0168965517241,1985MM01,108.873010381
46229,A4,312100,46229,3.68504983389,-0.0172413793103,1985MM02,108.780622837
46230,A4,312100,46230,3.67475083056,-0.0175862068966,1985MM03,108.688235294
46231,A4,312100,46231,3.66445182724,-0.0179310344828,1985MM04,108.595847751
46232,A4,312100,46232,3.65415282392,-0.018275862069,1985MM05,108.503460208
46233,A4,312100,46233,3.6438538206,-0.0186206896552,1985MM06,108.411072664
46234,A4,312100,46234,3.63355481728,-0.0189655172414,1985MM07,108.318685121
46235,A4,312100,46235,3.62325581395,-0.0193103448276,1985MM08,108.226297578
46236,A4,312100,46236,3.61295681063,-0.0196551724138,1985MM09,108.133910035
46237,A4,312100,46237,3.60265780731,-0.02,1985MM10,108.041522491
46238,A4,312100,46238,3.59235880399,-0.0203448275862,1985MM11,107.949134948
46239,A4,312100,46239,3.58205980066,-0.0206896551724,1985MM12,107.856747405
46241,A4,312100,46241,3.57176079734,-0.0210344827586,1986MM01,107.764359862
46242,A4,312100,46242,3.56146179402,-0.0213793103448,1986MM02,107.671972318
46243,A4,312100,46243,3.5511627907,-0.021724137931,1986MM03,107.579584775
46244,A4,312100,46244,3.54086378738,-0.0220689655172,1986MM04,107.487197232
46245,A4,312100,46245,3.53056478405,-0.0224137931034,1986MM05,107.394809689
46246,A4,312100,46246,3.52026578073,-0.0227586206897,1986MM06,107.302422145
46247,A4,312100,46247,3.50996677741,-0.0231034482759,1986MM07,107.210034602
46248,A4,312100,46248,3.49966777409,-0.0234482758621,1986MM08,107.117647059
46249,A4,312100,46249,3.48936877076,-0.0237931034483,1986MM09,107.025259516
46250,A4,312100,46250,3.47906976744,-0.0241379310345,1986MM10,106.932871972
46251,A4,312100,46251,3.46877076412,-0.0244827586207,1986MM11,106.840484429
46252,A4,312100,46252,3.4584717608,-0.0248275862069,1986MM12,106.748096886
46254,A4,312100,46254,3.44817275748,-0.0251724137931,1987MM01,106.655709343
46255,A4,312100,46255,3.43787375415,-0.0255172413793,1987MM02,106.563321799
46256,A4,312100,46256,3.42757475083,-0.0258620689655,1987MM03,106.470934256
46257,A4,312100,46257,3.41727574751,-0.0262068965517,1987MM04,106.378546713
46258,A4,312100,46258,3.40697674419,-0.0265517241379,1987MM05,106.28615917
46259,A4,312100,46259,3.39667774086,-0.0268965517241,1987MM06,106.193771626
46260,A4,312100,46260,3.38637873754,-0.0272413793103,1987MM07,106.101384083
46261,A4,312100,46261,3.37607973422,-0.0275862068966,1987MM08,106.00899654
46262,A4,312100,46262,3.3657807309,-0.0279310344828,1987MM09,105.916608997
46263,A4,312100,46263,3.35548172757,-0.028275862069,1987MM10,105.824221453
46264,A4,312100,46264,3.34518272425,-0.0286206896552,1987MM11,105.73183391
46265,A4,312100,46265,3.33488372093,-0.0289655172414,1987MM12,105.639446367
46267,A4,312100,46267,3.32458471761,-0.0293103448276,1988MM01,105.547058824
46268,A4,312100,46268,3.31428571429,-0.0296551724138,1988MM02,105.45467128
46269,A4,312100,46269,3.30398671096,-0.03,1988MM03,105.362283737
46270,A4,312100,46270,3.29368770764,-0.0303448275862,1988MM04,105.269896194
46271,A4,312100,46271,3.28338870432,-0.0306896551724,1988MM05,105.177508651
46272,A4,312100,46272,3.273089701,-0.0310344827586,1988MM06,105.085121107
46273,A4,312100,46273,3.26279069767,-0.0313793103448,1988MM07,104.992733564
46274,A4,312100,46274,3.25249169435,-0.031724137931,1988MM08,104.900346021
46275,A4,312100,46275,3.24219269103,-0.0320689655172,1988MM09,104.807958478
46276,A4,312100,46276,3.23189368771,-0.0324137931034,1988MM10,104.715570934
46277,A4,312100,46277,3.22159468439,-0.0327586206897,1988MM11,104.623183391
46278,A4,312100,46278,3.21129568106,-0.0331034482759,1988MM12,104.530795848
46280,A4,312100,46280,3.20099667774,-0.0334482758621,1989MM01,104.438408304
46281,A4,312100,46281,3.19069767442,-0.0337931034483,1989MM02,104.346020761
46282,A4,312100,46282,3.1803986711,-0.0341379310345,1989MM03,104.253633218
46283,A4,312100,46283,3.17009966777,-0.0344827586207,1989MM04,104.161245675
46284,A4,312100,46284,3.15980066445,-0.0348275862069,1989MM05,104.068858131
46285,A4,312100,46285,3.14950166113,-0.0351724137931,1989MM06,103.976470588
46286,A4,312100,46286,3.13920265781,-0.0355172413793,1989MM07,103.884083045
46287,A4,312100,46287,3.12890365449,-0.0358620689655,1989MM08,103.791695502
46288,A4,312100,46288,3.11860465116,-0.0362068965517,1989MM09,103.699307958
46289,A4,312100,46289,3.10830564784,-0.0365517241379,1989MM10,103.606920415
46290,A4,312100,46290,3.09800664452,-0.0368965517241,1989MM11,103.514532872
46291,A4,312100,46291,3.0877076412,-0.0372413793103,1989MM12,103.422145329
46293,A4,312100,46293,3.07740863787,-0.0375862068966,1990MM01,103.329757785
46294,A4,312100,46294,3.06710963455,-0.0379310344828,1990MM02,103.237370242
46295,A4,312100,46295,3.05681063123,-0.038275862069,1990MM03,103.144982699
46296,A4,312100,46296,3.04651162791,-0.0386206896552,1990MM04,103.052595156
46297,A4,312100,46297,3.03621262458,-0.0389655172414,1990MM05,102.960207612
46298,A4,312100,46298,3.02591362126,-0.0393103448276,1990MM06,102.867820069
46299,A4,312100,46299,3.01561461794,-0.0396551724138,1990MM07,102.775432526
46300,A4,312100,46300,3.00531561462,-0.04,1990MM08,102.683044983
46301,A4,312100,46301,2.9950166113,-0.0403448275862,1990MM09,102.590657439
46302,A4,312100,46302,2.98471760797,-0.0406896551724,1990MM10,102.498269896
46303,A4,312100,46303,2.97441860465,-0.0410344827586,1990MM11,102.405882353
46304,A4,312100,46304,2.96411960133,-0.0413793103448,1990MM12,102.31349481
46306,A4,312100,46306,2.95382059801,-0.041724137931,1991MM01,102.221107266
46307,A4,312100,46307,2.94352159468,-0.0420689655172,1991MM02,102.128719723
46308,A4,312100,46308,2.93322259136,-0.0424137931034,1991MM03,102.03633218
46309,A4,312100,46309,2.92292358804,-0.0427586206897,1991MM04,101.943944637
46310,A4,312100,46310,2.91262458472,-0.0431034482759,1991MM05,101.851557093
46311,A4,312100,46311,2.9023255814,-0.0434482758621,1991MM06,101.75916955
46312,A4,312100,46312,2.89202657807,-0.0437931034483,1991MM07,101.666782007
46313,A4,312100,46313,2.88172757475,-0.0441379310345,1991MM08,101.574394464
46314,A4,312100,46314,2.87142857143,-0.0444827586207,1991MM09,101.48200692
46315,A4,312100,46315,2.86112956811,-0.0448275862069,1991MM10,101.389619377
46316,A4,312100,46316,2.85083056478,-0.0451724137931,1991MM11,101.297231834
46317,A4,312100,46317,2.84053156146,-0.0455172413793,1991MM12,101.204844291
46319,A4,312100,46319,2.83023255814,-0.0458620689655,1992MM01,101.112456747
46320,A4,312100,46320,2.81993355482,-0.0462068965517,1992MM02,101.020069204
46321,A4,312100,46321,2.8096345515,-0.0465517241379,1992MM03,100.927681661
46322,A4,312100,46322,2.79933554817,-0.0468965517241,1992MM04,100.835294118
46323,A4,312100,46323,2.78903654485,-0.0472413793103,1992MM05,100.742906574
46324,A4,312100,46324,2.77873754153,-0.0475862068966,1992MM06,100.650519031
46325,A4,312100,46325,2.76843853821,-0.0479310344828,1992MM07,100.558131488
46326,A4,312100,46326,2.75813953488,-0.048275862069,1992MM08,100.465743945
46327,A4,312100,46327,2.74784053156,-0.0486206896552,1992MM09,100.373356401
46328,A4,312100,46328,2.73754152824,-0.0489655172414,1992MM10,100.280968858
46329,A4,312100,46329,2.72724252492,-0.0493103448276,1992MM11,100.188581315
46330,A4,312100,46330,2.71694352159,-0.0496551724138,1992MM12,100.096193772
46332,A4,312100,46332,2.70664451827,-0.05,1993MM01,100.003806228
46333,A4,312100,46333,2.69634551495,-0.0503448275862,1993MM02,99.9114186851
46334,A4,312100,46334,2.68604651163,-0.0506896551724,1993MM03,99.8190311419
46335,A4,312100,46335,2.67574750831,-0.0510344827586,1993MM04,99.7266435986
46336,A4,312100,46336,2.66544850498,-0.0513793103448,1993MM05,99.6342560554
46337,A4,312100,46337,2.65514950166,-0.051724137931,1993MM06,99.5418685121
46338,A4,312100,46338,2.64485049834,-0.0520689655172,1993MM07,99.4494809689
46339,A4,312100,46339,2.63455149502,-0.0524137931034,1993MM08,99.3570934256
46340,A4,312100,46340,2.62425249169,-0.0527586206897,1993MM09,99.2647058824
46341,A4,312100,46341,2.61395348837,-0.0531034482759,1993MM10,99.1723183391
46342,A4,312100,46342,2.60365448505,-0.0534482758621,1993MM11,99.0799307958
46343,A4,312100,46343,2.59335548173,-0.0537931034483,1993MM12,98.9875432526
46345,A4,312100,46345,2.58305647841,-0.0541379310345,1994MM01,98.8951557093
46346,A4,312100,46346,2.57275747508,-0.0544827586207,1994MM02,98.8027681661
46347,A4,312100,46347,2.56245847176,-0.0548275862069,1994MM03,98.7103806228
46348,A4,312100,46348,2.55215946844,-0.0551724137931,1994MM04,98.6179930796
46349,A4,312100,46349,2.54186046512,-0.0555172413793,1994MM05,98.5256055363
46350,A4,312100,46350,2.53156146179,-0.0558620689655,1994MM06,98.4332179931
46351,A4,312100,46351,2.52126245847,-0.0562068965517,1994MM07,98.3408304498
46352,A4,312100,46352,2.51096345515,-0.0565517241379,1994MM08,98.2484429066
46353,A4,312100,46353,2.50066445183,-0.0568965517241,1994MM09,98.1560553633
46354,A4,312100,46354,2.4903654485,-0.0572413793103,1994MM10,98.0636678201
46355,A4,312100,46355,2.48006644518,-0.0575862068966,1994MM11,97.9712802768
46356,A4,312100,46356,2.46976744186,-0.0579310344828,1994MM12,97.8788927336
46358,A4,312100,46358,2.45946843854,-0.058275862069,1995MM01,97.7865051903
46359,A4,312100,46359,2.44916943522,-0.0586206896552,1995MM02,97.6941176471
46360,A4,312100,46360,2.43887043189,-0.0589655172414,1995MM03,97.6017301038
46361,A4,312100,46361,2.42857142857,-0.0593103448276,1995MM04,97.5093425606
46362,A4,312100,46362,2.41827242525,-0.0596551724138,1995MM05,97.4169550173
46363,A4,312100,46363,2.40797342193,-0.06,1995MM06,97.324567474
46364,A4,312100,46364,2.3976744186,-0.0603448275862,1995MM07,97.2321799308
46365,A4,312100,46365,2.38737541528,-0.0606896551724,1995MM08,97.1397923875
46366,A4,312100,46366,2.37707641196,-0.0610344827586,1995MM09,97.0474048443
46367,A4,312100,46367,2.36677740864,-0.0613793103448,1995MM10,96.955017301
46368,A4,312100,46368,2.35647840532,-0.061724137931,1995MM11,96.8626297578
46369,A4,312100,46369,2.34617940199,-0.0620689655172,1995MM12,96.7702422145
46371,A4,312100,46371,2.33588039867,-0.0624137931034,1996MM01,96.6778546713
46372,A4,312100,46372,2.32558139535,-0.0627586206897,1996MM02,96.585467128
46373,A4,312100,46373,2.31528239203,-0.0631034482759,1996MM03,96.4930795848
46374,A4,312100,46374,2.3049833887,-0.0634482758621,1996MM04,96.4006920415
46375,A4,312100,46375,2.29468438538,-0.0637931034483,1996MM05,96.3083044983
46376,A4,312100,46376,2.28438538206,-0.0641379310345,1996MM06,96.215916955
46377,A4,312100,46377,2.27408637874,-0.0644827586207,1996MM07,96.1235294118
46378,A4,312100,46378,2.26378737542,-0.0648275862069,1996MM08,96.0311418685
46379,A4,312100,46379,2.25348837209,-0.0651724137931,1996MM09,95.9387543253
46380,A4,312100,46380,2.24318936877,-0.0655172413793,1996MM10,95.846366782
46381,A4,312100,46381,2.23289036545,-0.0658620689655,1996MM11,95.7539792388
46382,A4,312100,46382,2.22259136213,-0.0662068965517,1996MM12,95.6615916955
46384,A4,312100,46384,2.2122923588,-0.0665517241379,1997MM01,95.5692041522
46385,A4,312100,46385,2.20199335548,-0.0668965517241,1997MM02,95.476816609
46386,A4,312100,46386,2.19169435216,-0.0672413793103,1997MM03,95.3844290657
46387,A4,312100,46387,2.18139534884,-0.0675862068966,1997MM04,95.2920415225
46388,A4,312100,46388,2.17109634551,-0.0679310344828,1997MM05,95.1996539792
46389,A4,312100,46389,2.16079734219,-0.068275862069,1997MM06,95.107266436
46390,A4,312100,46390,2.15049833887,-0.0686206896552,1997MM07,95.0148788927
46391,A4,312100,46391,2.14019933555,-0.0689655172414,1997MM08,94.9224913495
46392,A4,312100,46392,2.12990033223,-0.0693103448276,1997MM09,94.8301038062
46393,A4,312100,46393,2.1196013289,-0.0696551724138,1997MM10,94.737716263
46394,A4,312100,46394,2.10930232558,-0.07,1997MM11,94.6453287197
46395,A4,312100,46395,2.09900332226,-0.0703448275862,1997MM12,94.5529411765
46397,A4,312100,46397,2.08870431894,-0.0706896551724,1998MM01,94.4605536332
46398,A4,312100,46398,2.07840531561,-0.0710344827586,1998MM02,94.36816609
46399,A4,312100,46399,2.06810631229,-0.0713793103448,1998MM03,94.2757785467
46400,A4,312100,46400,2.05780730897,-0.071724137931,1998MM04,94.1833910035
46401,A4,312100,46401,2.04750830565,-0.0720689655172,1998MM05,94.0910034602
46402,A4,312100,46402,2.03720930233,-0.0724137931034,1998MM06,93.998615917
46403,A4,312100,46403,2.026910299,-0.0727586206897,1998MM07,93.9062283737
46404,A4,312100,46404,2.01661129568,-0.0731034482759,1998MM08,93.8138408304
46405,A4,312100,46405,2.00631229236,-0.0734482758621,1998MM09,93.7214532872
46406,A4,312100,46406,1.99601328904,-0.0737931034483,1998MM10,93.6290657439
46407,A4,312100,46407,1.98571428571,-0.0741379310345,1998MM11,93.5366782007
46408,A4,312100,46408,1.97541528239,-0.0744827586207,1998MM12,93.4442906574
46410,A4,312100,46410,1.96511627907,-0.0748275862069,1999MM01,93.3519031142
46411,A4,312100,46411,1.95481727575,-0.0751724137931,1999MM02,93.2595155709
46412,A4,312100,46412,1.94451827243,-0.0755172413793,1999MM03,93.1671280277
46413,A4,312100,46413,1.9342192691,-0.0758620689655,1999MM04,93.0747404844
46414,A4,312100,46414,1.92392026578,-0.0762068965517,1999MM05,92.9823529412
46415,A4,312100,46415,1.91362126246,-0.0765517241379,1999MM06,92.8899653979
46416,A4,312100,46416,1.90332225914,-0.0768965517241,1999MM07,92.7975778547
46417,A4,312100,46417,1.89302325581,-0.0772413793103,1999MM08,92.7051903114
46418,A4,312100,46418,1.88272425249,-0.0775862068966,1999MM09,92.6128027682
46419,A4,312100,46419,1.87242524917,-0.0779310344828,1999MM10,92.5204152249
46420,A4,312100,46420,1.86212624585,-0.078275862069,1999MM11,92.4280276817
46421,A4,312100,46421,1.85182724252,-0.0786206896552,1999MM12,92.3356401384
46423,A4,312100,46423,1.8415282392,-0.0789655172414,2000MM01,92.2432525952
46424,A4,312100,46424,1.83122923588,-0.0793103448276,2000MM02,92.1508650519
46425,A4,312100,46425,1.82093023256,-0.0796551724138,2000MM03,92.0584775087
46426,A4,312100,46426,1.81063122924,-0.08,2000MM04,91.9660899654
46427,A4,312100,46427,1.80033222591,-0.0803448275862,2000MM05,91.8737024221
46428,A4,312100,46428,1.79003322259,-0.0806896551724,2000MM06,91.7813148789
46429,A4,312100,46429,1.77973421927,-0.0810344827586,2000MM07,91.6889273356
46430,A4,312100,46430,1.76943521595,-0.0813793103448,2000MM08,91.5965397924
46431,A4,312100,46431,1.75913621262,-0.081724137931,2000MM09,91.5041522491
46432,A4,312100,46432,1.7488372093,-0.0820689655172,2000MM10,91.4117647059
46433,A4,312100,46433,1.73853820598,-0.0824137931034,2000MM11,91.3193771626
46434,A4,312100,46434,1.72823920266,-0.0827586206897,2000MM12,91.2269896194
46436,A4,312100,46436,1.71794019934,-0.0831034482759,2001MM01,91.1346020761
46437,A4,312100,46437,1.70764119601,-0.0834482758621,2001MM02,91.0422145329
46438,A4,312100,46438,1.69734219269,-0.0837931034483,2001MM03,90.9498269896
46439,A4,312100,46439,1.68704318937,-0.0841379310345,2001MM04,90.8574394464
46440,A4,312100,46440,1.67674418605,-0.0844827586207,2001MM05,90.7650519031
46441,A4,312100,46441,1.66644518272,-0.0848275862069,2001MM06,90.6726643599
46442,A4,312100,46442,1.6561461794,-0.0851724137931,2001MM07,90.5802768166
46443,A4,312100,46443,1.64584717608,-0.0855172413793,2001MM08,90.4878892734
46444,A4,312100,46444,1.63554817276,-0.0858620689655,2001MM09,90.3955017301
46445,A4,312100,46445,1.62524916944,-0.0862068965517,2001MM10,90.3031141869
46446,A4,312100,46446,1.61495016611,-0.0865517241379,2001MM11,90.2107266436
46447,A4,312100,46447,1.60465116279,-0.0868965517241,2001MM12,90.1183391003
46449,A4,312100,46449,1.59435215947,-0.0872413793103,2002MM01,90.0259515571
46450,A4,312100,46450,1.58405315615,-0.0875862068966,2002MM02,89.9335640138
46451,A4,312100,46451,1.57375415282,-0.0879310344828,2002MM03,89.8411764706
46452,A4,312100,46452,1.5634551495,-0.088275862069,2002MM04,89.7487889273
46453,A4,312100,46453,1.55315614618,-0.0886206896552,2002MM05,89.6564013841
46454,A4,312100,46454,1.54285714286,-0.0889655172414,2002MM06,89.5640138408
46455,A4,312100,46455,1.53255813953,-0.0893103448276,2002MM07,89.4716262976
46456,A4,312100,46456,1.52225913621,-0.0896551724138,2002MM08,89.3792387543
46457,A4,312100,46457,1.51196013289,-0.09,2002MM09,89.2868512111
46458,A4,312100,46458,1.50166112957,-0.0903448275862,2002MM10,89.1944636678
46459,A4,312100,46459,1.49136212625,-0.0906896551724,2002MM11,89.1020761246
46460,A4,312100,46460,1.48106312292,-0.0910344827586,2002MM12,89.0096885813
46462,A4,312100,46462,1.4707641196,-0.0913793103448,2003MM01,88.9173010381
46463,A4,312100,46463,1.46046511628,-0.091724137931,2003MM02,88.8249134948
46464,A4,312100,46464,1.45016611296,-0.0920689655172,2003MM03,88.7325259516
46465,A4,312100,46465,1.43986710963,-0.0924137931034,2003MM04,88.6401384083
46466,A4,312100,46466,1.42956810631,-0.0927586206897,2003MM05,88.5477508651
46467,A4,312100,46467,1.41926910299,-0.0931034482759,2003MM06,88.4553633218
46468,A4,312100,46468,1.40897009967,-0.0934482758621,2003MM07,88.3629757785
46469,A4,312100,46469,1.39867109635,-0.0937931034483,2003MM08,88.2705882353
46470,A4,312100,46470,1.38837209302,-0.0941379310345,2003MM09,88.178200692
46471,A4,312100,46471,1.3780730897,-0.0944827586207,2003MM10,88.0858131488
46472,A4,312100,46472,1.36777408638,-0.0948275862069,2003MM11,87.9934256055
46473,A4,312100,46473,1.35747508306,-0.0951724137931,2003MM12,87.9010380623
46475,A4,312100,46475,1.34717607973,-0.0955172413793,2004MM01,87.808650519
46476,A4,312100,46476,1.33687707641,-0.0958620689655,2004MM02,87.7162629758
46477,A4,312100,46477,1.32657807309,-0.0962068965517,2004MM03,87.6238754325
46478,A4,312100,46478,1.31627906977,-0.0965517241379,2004MM04,87.5314878893
46479,A4,312100,46479,1.30598006645,-0.0968965517241,2004MM05,87.439100346
46480,A4,312100,46480,1.29568106312,-0.0972413793103,2004MM06,87.3467128028
46481,A4,312100,46481,1.2853820598,-0.0975862068966,2004MM07,87.2543252595
46482,A4,312100,46482,1.27508305648,-0.0979310344828,2004MM08,87.1619377163
46483,A4,312100,46483,1.26478405316,-0.098275862069,2004MM09,87.069550173
46484,A4,312100,46484,1.25448504983,-0.0986206896552,2004MM10,86.9771626298
46485,A4,312100,46485,1.24418604651,-0.0989655172414,2004MM11,86.8847750865
46486,A4,312100,46486,1.23388704319,-0.0993103448276,2004MM12,86.7923875433
46488,A4,312100,46488,1.22358803987,-0.0996551724138,2005MM01,86.7
46489,A4,312100,46489,1.21328903654,-0.1,2005MM02,86.6
46490,A4,312100,46490,1.20299003322,0.1,2005MM03,86.7
46491,A4,312100,46491,1.1926910299,-0.1,2005MM04,86.6
46492,A4,312100,46492,1.18239202658,0.2,2005MM05,86.8
46493,A4,312100,46493,1.17209302326,0.0,2005MM06,86.8
46494,A4,312100,46494,1.16179401993,0.0,2005MM07,86.8
46495,A4,312100,46495,1.15149501661,0.0,2005MM08,86.8
46496,A4,312100,46496,1.14119601329,0.0,2005MM09,86.8
46497,A4,312100,46497,1.13089700997,0.0,2005MM10,86.8
46498,A4,312100,46498,1.12059800664,0.1,2005MM11,86.8
46499,A4,312100,46499,1.11029900332,0.0,2005MM12,86.8
46501,A4,312100,46501,1.1,0.9,2006MM01,87.7
46502,A4,312100,46502,1.2,0.0,2006MM02,87.7
46503,A4,312100,46503,1.1,0.0,2006MM03,87.7
46504,A4,312100,46504,1.3,0.1,2006MM04,87.8
46505,A4,312100,46505,1.2,0.0,2006MM05,87.8
46506,A4,312100,46506,1.2,0.0,2006MM06,87.8
46507,A4,312100,46507,1.2,0.0,2006MM07,87.8
46508,A4,312100,46508,1.2,0.0,2006MM08,87.8
46509,A4,312100,46509,1.1,0.0,2006MM09,87.8
46510,A4,312100,46510,1.4,0.2,2006MM10,88.0
46511,A4,312100,46511,1.4,0.0,2006MM11,88.0
46512,A4,312100,46512,1.4,0.0,2006MM12,88.0
46514,A4,312100,46514,3.0,2.6,2007MM01,90.3
46515,A4,312100,46515,3.0,0.0,2007MM02,90.4
46516,A4,312100,46516,3.1,0.0,2007MM03,90.4
46517,A4,312100,46517,4.3,1.3,2007MM04,91.5
46518,A4,312100,46518,4.2,-0.1,2007MM05,91.5
46519,A4,312100,46519,4.3,0.2,2007MM06,91.6
46520,A4,312100,46520,7.4,2.9,2007MM07,94.3
46521,A4,312100,46521,7.2,-0.1,2007MM08,94.1
46522,A4,312100,46522,7.3,0.0,2007MM09,94.2
46523,A4,312100,46523,7.2,0.2,2007MM10,94.3
46524,A4,312100,46524,7.0,-0.2,2007MM11,94.1
46525,A4,312100,46525,7.3,0.3,2007MM12,94.4
46527,A4,312100,46527,6.5,1.8,2008MM01,96.2
46528,A4,312100,46528,8.3,1.7,2008MM02,97.8
46529,A4,312100,46529,6.7,-1.5,2008MM03,96.4
46530,A4,312100,46530,5.3,0.0,2008MM04,96.3
46531,A4,312100,46531,5.4,0.0,2008MM05,96.4
46532,A4,312100,46532,6.2,0.9,2008MM06,97.3
46533,A4,312100,46533,2.6,-0.5,2008MM07,96.8
46534,A4,312100,46534,2.7,-0.1,2008MM08,96.7
46535,A4,312100,46535,3.5,0.8,2008MM09,97.5
46536,A4,312100,46536,3.3,0.0,2008MM10,97.4
46537,A4,312100,46537,3.5,0.0,2008MM11,97.5
46538,A4,312100,46538,3.2,0.0,2008MM12,97.5
46540,A4,312100,46540,4.7,3.4,2009MM01,100.7
46541,A4,312100,46541,2.9,0.0,2009MM02,100.7
46542,A4,312100,46542,4.5,0.0,2009MM03,100.7
46543,A4,312100,46543,2.8,-1.7,2009MM04,99.1
46544,A4,312100,46544,2.7,0.0,2009MM05,99.0
46545,A4,312100,46545,1.9,0.1,2009MM06,99.1
46546,A4,312100,46546,2.2,-0.3,2009MM07,98.8
46547,A4,312100,46547,2.4,0.2,2009MM08,99.0
46548,A4,312100,46548,2.2,0.6,2009MM09,99.6
46549,A4,312100,46549,2.4,0.1,2009MM10,99.7
46550,A4,312100,46550,2.5,0.1,2009MM11,99.9
46551,A4,312100,46551,2.3,-0.1,2009MM12,99.7
46553,A4,312100,46553,-1.1,-0.1,2010MM01,99.6
46554,A4,312100,46554,-0.9,0.2,2010MM02,99.8
46555,A4,312100,46555,-0.9,0.0,2010MM03,99.8
46556,A4,312100,46556,0.5,-0.3,2010MM04,99.5
46557,A4,312100,46557,0.5,0.0,2010MM05,99.5
46558,A4,312100,46558,0.4,0.0,2010MM06,99.5
46559,A4,312100,46559,0.3,-0.4,2010MM07,99.1
46560,A4,312100,46560,0.2,0.1,2010MM08,99.2
46561,A4,312100,46561,0.4,0.8,2010MM09,100.0
46562,A4,312100,46562,1.5,1.2,2010MM10,101.2
46563,A4,312100,46563,1.5,0.1,2010MM11,101.3
46564,A4,312100,46564,1.6,0.0,2010MM12,101.3
46566,A4,312100,46566,2.0,0.2,2011MM01,101.6
46567,A4,312100,46567,1.8,0.0,2011MM02,101.6
46568,A4,312100,46568,1.8,0.0,2011MM03,101.6
46569,A4,312100,46569,2.5,0.4,2011MM04,102.0
46570,A4,312100,46570,2.5,0.0,2011MM05,102.0
46571,A4,312100,46571,2.5,0.0,2011MM06,102.0
46572,A4,312100,46572,3.0,0.1,2011MM07,102.1
46573,A4,312100,46573,2.8,0.0,2011MM08,102.0
46574,A4,312100,46574,3.5,1.5,2011MM09,103.6
46575,A4,312100,46575,2.5,0.2,2011MM10,103.8
46576,A4,312100,46576,2.4,0.0,2011MM11,103.8
46577,A4,312100,46577,2.4,0.0,2011MM12,103.8
46579,A4,312100,46579,4.8,2.6,2012MM01,106.5
46580,A4,312100,46580,4.8,0.0,2012MM02,106.5
46581,A4,312100,46581,4.8,0.0,2012MM03,106.5
46582,A4,312100,46582,4.9,0.5,2012MM04,106.9
46583,A4,312100,46583,4.9,0.0,2012MM05,106.9
46584,A4,312100,46584,4.8,0.0,2012MM06,106.9
46585,A4,312100,46585,5.2,0.4,2012MM07,107.4
46586,A4,312100,46586,5.3,0.0,2012MM08,107.4
46587,A4,312100,46587,5.1,1.3,2012MM09,108.8
46588,A4,312100,46588,5.4,0.5,2012MM10,109.4
46589,A4,312100,46589,5.3,0.0,2012MM11,109.4
46590,A4,312100,46590,5.4,0.0,2012MM12,109.4
46592,A4,312100,46592,3.5,0.8,2013MM01,110.2
46593,A4,312100,46593,2.2,-1.3,2013MM02,108.8
46594,A4,312100,46594,2.2,0.0,2013MM03,108.8
46595,A4,312100,46595,1.8,0.0,2013MM04,108.9
46596,A4,312100,46596,2.3,0.5,2013MM05,109.4
46597,A4,312100,46597,2.3,0.0,2013MM06,109.4
46598,A4,312100,46598,2.8,0.9,2013MM07,110.4
46599,A4,312100,46599,2.8,0.0,2013MM08,110.4
46600,A4,312100,46600,1.5,0.0,2013MM09,110.4
46601,A4,312100,46601,1.0,0.1,2013MM10,110.5
46602,A4,312100,46602,3.5,2.4,2013MM11,113.2
46603,A4,312100,46603,3.5,0.0,2013MM12,113.2
46605,A4,312100,46605,2.5,-0.3,2014MM01,112.9
46606,A4,312100,46606,1.3,-2.3,2014MM02,110.3
46607,A4,312100,46607,1.3,0.0,2014MM03,110.3
46608,A4,312100,46608,1.3,0.1,2014MM04,110.3
46609,A4,312100,46609,-3.9,-4.7,2014MM05,105.2
46610,A4,312100,46610,-3.9,0.0,2014MM06,105.2
46611,A4,312100,46611,-4.9,-0.2,2014MM07,105.0
46612,A4,312100,46612,-5.5,-0.6,2014MM08,104.4
46613,A4,312100,46613,-5.5,0.0,2014MM09,104.4
46614,A4,312100,46614,-5.2,0.4,2014MM10,104.8
46615,A4,312100,46615,-7.1,0.3,2014MM11,105.2
46616,A4,312100,46616,-7.1,0.0,2014MM12,105.2
46618,A4,312100,46618,-6.1,0.8,2015MM01,106.0
46619,A4,312100,46619,-4.7,-0.9,2015MM02,105.1
46620,A4,312100,46620,-4.6,0.1,2015MM03,105.2
46621,A4,312100,46621,-3.7,1.0,2015MM04,106.3
46622,A4,312100,46622,0.5,-0.5,2015MM05,105.7
46623,A4,312100,46623,0.5,0.0,2015MM06,105.7
46624,A4,312100,46624,1.1,0.4,2015MM07,106.1
46625,A4,312100,46625,1.7,0.0,2015MM08,106.1
46626,A4,312100,46626,1.6,-0.1,2015MM09,106.1
46627,A4,312100,46627,-0.2,-1.4,2015MM10,104.6
46628,A4,312100,46628,-0.6,0.0,2015MM11,104.6
46629,A4,312100,46629,-0.5,0.1,2015MM12,104.7
46631,A4,312100,46631,-0.8,0.5,2016MM01,105.2
46632,A4,312100,46632,0.1,0.0,2016MM02,105.2
46633,A4,312100,46633,0.0,0.0,2016MM03,105.2
46634,A4,312100,46634,-0.4,0.7,2016MM04,105.9
46635,A4,312100,46635,0.1,-0.1,2016MM05,105.8
46636,A4,312100,46636,0.2,0.1,2016MM06,105.9
46637,A4,312100,46637,1.4,1.6,2016MM07,107.6
46638,A4,312100,46638,1.4,0.1,2016MM08,107.6
46639,A4,312100,46639,1.5,0.0,2016MM09,107.6
46640,A4,312100,46640,2.2,-0.7,2016MM10,106.9
46641,A4,312100,46641,2.3,0.1,2016MM11,107.0
46642,A4,312100,46642,2.2,0.0,2016MM12,107.0
46644,A4,312100,46644,8.7,6.9,2017MM01,114.4
46645,A4,312100,46645,8.7,0.0,2017MM02,114.4
46646,A4,312100,46646,8.7,0.0,2017MM03,114.4
46647,A4,312100,46647,7.2,-0.7,2017MM04,113.5
46648,A4,312100,46648,7.3,0.0,2017MM05,113.6
46649,A4,312100,46649,7.3,0.0,2017MM06,113.6
46650,A4,312100,46650,3.5,-2.0,2017MM07,111.3
46651,A4,312100,46651,4.1,0.7,2017MM08,112.1
46652,A4,312100,46652,4.1,0.0,2017MM09,112.1
46653,A4,312100,46653,6.8,1.9,2017MM10,114.2
46654,A4,312100,46654,6.1,-0.6,2017MM11,113.6
46655,A4,312100,46655,6.0,-0.1,2017MM12,113.5
