,Afzet,BedrijfstakkenBranchesSBI2008,ID,OntwikkelingTOV1JaarEerder_2,OntwikkelingTOV1MaandEerder_3,Perioden,ProducentenprijsindexPPI_1
78403,A5,312100,78403,5.98006644518,-0.0979310344828,1981MM01,113.432871972
78404,A5,312100,78404,5.96013289037,-0.0958620689655,1981MM02,113.365743945
78405,A5,312100,78405,5.94019933555,-0.0937931034483,1981MM03,113.298615917
78406,A5,312100,78406,5.92026578073,-0.091724137931,1981MM04,113.231487889
78407,A5,312100,78407,5.90033222591,-0.0896551724138,1981MM05,113.164359862
78408,A5,312100,78408,5.8803986711,-0.0875862068966,1981MM06,113.097231834
78409,A5,312100,78409,5.86046511628,-0.0855172413793,1981MM07,113.030103806
78410,A5,312100,78410,5.84053156146,-0.0834482758621,1981MM08,112.962975779
78411,A5,312100,78411,5.82059800664,-0.0813793103448,1981MM09,112.895847751
78412,A5,312100,78412,5.80066445183,-0.0793103448276,1981MM10,112.828719723
78413,A5,312100,78413,5.78073089701,-0.0772413793103,1981MM11,112.761591696
78414,A5,312100,78414,5.76079734219,-0.0751724137931,1981MM12,112.694463668
78416,A5,312100,78416,5.74086378738,-0.0731034482759,1982MM01,112.62733564
78417,A5,312100,78417,5.72093023256,-0.0710344827586,1982MM02,112.560207612
78418,A5,312100,78418,5.70099667774,-0.0689655172414,1982MM03,112.493079585
78419,A5,312100,78419,5.68106312292,-0.0668965517241,1982MM04,112.425951557
78420,A5,312100,78420,5.66112956811,-0.0648275862069,1982MM05,112.358823529
78421,A5,312100,78421,5.64119601329,-0.0627586206897,1982MM06,112.291695502
78422,A5,312100,78422,5.62126245847,-0.0606896551724,1982MM07,112.224567474
78423,A5,312100,78423,5.60132890365,-0.0586206896552,1982MM08,112.157439446
78424,A5,312100,78424,5.58139534884,-0.0565517241379,1982MM09,112.090311419
78425,A5,312100,78425,5.56146179402,-0.0544827586207,1982MM10,112.023183391
78426,A5,312100,78426,5.5415282392,-0.0524137931034,1982MM11,111.956055363
78427,A5,312100,78427,5.52159468439,-0.0503448275862,1982MM12,111.888927336
78429,A5,312100,78429,5.50166112957,-0.048275862069,1983MM01,111.821799308
78430,A5,312100,78430,5.48172757475,-0.0462068965517,1983MM02,111.75467128
78431,A5,312100,78431,5.46179401993,-0.0441379310345,1983MM03,111.687543253
78432,A5,312100,78432,5.44186046512,-0.0420689655172,1983MM04,111.620415225
78433,A5,312100,78433,5.4219269103,-0.04,1983MM05,111.553287197
78434,A5,312100,78434,5.40199335548,-0.0379310344828,1983MM06,111.48615917
78435,A5,312100,78435,5.38205980066,-0.0358620689655,1983MM07,111.419031142
78436,A5,312100,78436,5.36212624585,-0.0337931034483,1983MM08,111.351903114
78437,A5,312100,78437,5.34219269103,-0.031724137931,1983MM09,111.284775087
78438,A5,312100,78438,5.32225913621,-0.0296551724138,1983MM10,111.217647059
78439,A5,312100,78439,5.3023255814,-0.0275862068966,1983MM11,111.150519031
78440,A5,312100,78440,5.28239202658,-0.0255172413793,1983MM12,111.083391003
78442,A5,312100,78442,5.26245847176,-0.0234482758621,1984MM01,111.016262976
78443,A5,312100,78443,5.24252491694,-0.0213793103448,1984MM02,110.949134948
78444,A5,312100,78444,5.22259136213,-0.0193103448276,1984MM03,110.88200692
78445,A5,312100,78445,5.20265780731,-0.0172413793103,1984MM04,110.814878893
78446,A5,312100,78446,5.18272425249,-0.0151724137931,1984MM05,110.747750865
78447,A5,312100,78447,5.16279069767,-0.0131034482759,1984MM06,110.680622837
78448,A5,312100,78448,5.14285714286,-0.0110344827586,1984MM07,110.61349481
78449,A5,312100,78449,5.12292358804,-0.00896551724138,1984MM08,110.546366782
78450,A5,312100,78450,5.10299003322,-0.00689655172414,1984MM09,110.479238754
78451,A5,312100,78451,5.08305647841,-0.0048275862069,1984MM10,110.412110727
78452,A5,312100,78452,5.06312292359,-0.00275862068966,1984MM11,110.344982699
78453,A5,312100,78453,5.04318936877,-0.000689655172414,1984MM12,110.277854671
78455,A5,312100,78455,5.02325581395,0.00137931034483,1985MM01,110.210726644
78456,A5,312100,78456,5.00332225914,0.00344827586207,1985MM02,110.143598616
78457,A5,312100,78457,4.98338870432,0.00551724137931,1985MM03,110.076470588
78458,A5,312100,78458,4.9634551495,0.00758620689655,1985MM04,110.009342561
78459,A5,312100,78459,4.94352159468,0.00965517241379,1985MM05,109.942214533
78460,A5,312100,78460,4.92358803987,0.011724137931,1985MM06,109.875086505
78461,A5,312100,78461,4.90365448505,0.0137931034483,1985MM07,109.807958478
78462,A5,312100,78462,4.88372093023,0.0158620689655,1985MM08,109.74083045
78463,A5,312100,78463,4.86378737542,0.0179310344828,1985MM09,109.673702422
78464,A5,312100,78464,4.8438538206,0.02,1985MM10,109.606574394
78465,A5,312100,78465,4.82392026578,0.0220689655172,1985MM11,109.539446367
78466,A5,312100,78466,4.80398671096,0.0241379310345,1985MM12,109.472318339
78468,A5,312100,78468,4.78405315615,0.0262068965517,1986MM01,109.405190311
78469,A5,312100,78469,4.76411960133,0.028275862069,1986MM02,109.338062284
78470,A5,312100,78470,4.74418604651,0.0303448275862,1986MM03,109.270934256
78471,A5,312100,78471,4.72425249169,0.0324137931034,1986MM04,109.203806228
78472,A5,312100,78472,4.70431893688,0.0344827586207,1986MM05,109.136678201
78473,A5,312100,78473,4.68438538206,0.0365517241379,1986MM06,109.069550173
78474,A5,312100,78474,4.66445182724,0.0386206896552,1986MM07,109.002422145
78475,A5,312100,78475,4.64451827243,0.0406896551724,1986MM08,108.935294118
78476,A5,312100,78476,4.62458471761,0.0427586206897,1986MM09,108.86816609
78477,A5,312100,78477,4.60465116279,0.0448275862069,1986MM10,108.801038062
78478,A5,312100,78478,4.58471760797,0.0468965517241,1986MM11,108.733910035
78479,A5,312100,78479,4.56478405316,0.0489655172414,1986MM12,108.666782007
78481,A5,312100,78481,4.54485049834,0.0510344827586,1987MM01,108.599653979
78482,A5,312100,78482,4.52491694352,0.0531034482759,1987MM02,108.532525952
78483,A5,312100,78483,4.5049833887,0.0551724137931,1987MM03,108.465397924
78484,A5,312100,78484,4.48504983389,0.0572413793103,1987MM04,108.398269896
78485,A5,312100,78485,4.46511627907,0.0593103448276,1987MM05,108.331141869
78486,A5,312100,78486,4.44518272425,0.0613793103448,1987MM06,108.264013841
78487,A5,312100,78487,4.42524916944,0.0634482758621,1987MM07,108.196885813
78488,A5,312100,78488,4.40531561462,0.0655172413793,1987MM08,108.129757785
78489,A5,312100,78489,4.3853820598,0.0675862068966,1987MM09,108.062629758
78490,A5,312100,78490,4.36544850498,0.0696551724138,1987MM10,107.99550173
78491,A5,312100,78491,4.34551495017,0.071724137931,1987MM11,107.928373702
78492,A5,312100,78492,4.32558139535,0.0737931034483,1987MM12,107.861245675
78494,A5,312100,78494,4.30564784053,0.0758620689655,1988MM01,107.794117647
78495,A5,312100,78495,4.28571428571,0.0779310344828,1988MM02,107.726989619
78496,A5,312100,78496,4.2657807309,0.08,1988MM03,107.659861592
78497,A5,312100,78497,4.24584717608,0.0820689655172,1988MM04,107.592733564
78498,A5,312100,78498,4.22591362126,0.0841379310345,1988MM05,107.525605536
78499,A5,312100,78499,4.20598006645,0.0862068965517,1988MM06,107.458477509
78500,A5,312100,78500,4.18604651163,0.088275862069,1988MM07,107.391349481
78501,A5,312100,78501,4.16611295681,0.0903448275862,1988MM08,107.324221453
78502,A5,312100,78502,4.14617940199,0.0924137931034,1988MM09,107.257093426
78503,A5,312100,78503,4.12624584718,0.0944827586207,1988MM10,107.189965398
78504,A5,312100,78504,4.10631229236,0.0965517241379,1988MM11,107.12283737
78505,A5,312100,78505,4.08637873754,0.0986206896552,1988MM12,107.055709343
78507,A5,312100,78507,4.06644518272,0.100689655172,1989MM01,106.988581315
78508,A5,312100,78508,4.04651162791,0.10275862069,1989MM02,106.921453287
78509,A5,312100,78509,4.02657807309,0.104827586207,1989MM03,106.85432526
78510,A5,312100,78510,4.00664451827,0.106896551724,1989MM04,106.787197232
78511,A5,312100,78511,3.98671096346,0.108965517241,1989MM05,106.720069204
78512,A5,312100,78512,3.96677740864,0.111034482759,1989MM06,106.652941176
78513,A5,312100,78513,3.94684385382,0.113103448276,1989MM07,106.585813149
78514,A5,312100,78514,3.926910299,0.115172413793,1989MM08,106.518685121
78515,A5,312100,78515,3.90697674419,0.11724137931,1989MM09,106.451557093
78516,A5,312100,78516,3.88704318937,0.119310344828,1989MM10,106.384429066
78517,A5,312100,78517,3.86710963455,0.121379310345,1989MM11,106.317301038
78518,A5,312100,78518,3.84717607973,0.123448275862,1989MM12,106.25017301
78520,A5,312100,78520,3.82724252492,0.125517241379,1990MM01,106.183044983
78521,A5,312100,78521,3.8073089701,0.127586206897,1990MM02,106.115916955
78522,A5,312100,78522,3.78737541528,0.129655172414,1990MM03,106.048788927
78523,A5,312100,78523,3.76744186047,0.131724137931,1990MM04,105.9816609
78524,A5,312100,78524,3.74750830565,0.133793103448,1990MM05,105.914532872
78525,A5,312100,78525,3.72757475083,0.135862068966,1990MM06,105.847404844
78526,A5,312100,78526,3.70764119601,0.137931034483,1990MM07,105.780276817
78527,A5,312100,78527,3.6877076412,0.14,1990MM08,105.713148789
78528,A5,312100,78528,3.66777408638,0.142068965517,1990MM09,105.646020761
78529,A5,312100,78529,3.64784053156,0.144137931034,1990MM10,105.578892734
78530,A5,312100,78530,3.62790697674,0.146206896552,1990MM11,105.511764706
78531,A5,312100,78531,3.60797342193,0.148275862069,1990MM12,105.444636678
78533,A5,312100,78533,3.58803986711,0.150344827586,1991MM01,105.377508651
78534,A5,312100,78534,3.56810631229,0.152413793103,1991MM02,105.310380623
78535,A5,312100,78535,3.54817275748,0.154482758621,1991MM03,105.243252595
78536,A5,312100,78536,3.52823920266,0.156551724138,1991MM04,105.176124567
78537,A5,312100,78537,3.50830564784,0.158620689655,1991MM05,105.10899654
78538,A5,312100,78538,3.48837209302,0.160689655172,1991MM06,105.041868512
78539,A5,312100,78539,3.46843853821,0.16275862069,1991MM07,104.974740484
78540,A5,312100,78540,3.44850498339,0.164827586207,1991MM08,104.907612457
78541,A5,312100,78541,3.42857142857,0.166896551724,1991MM09,104.840484429
78542,A5,312100,78542,3.40863787375,0.168965517241,1991MM10,104.773356401
78543,A5,312100,78543,3.38870431894,0.171034482759,1991MM11,104.706228374
78544,A5,312100,78544,3.36877076412,0.173103448276,1991MM12,104.639100346
78546,A5,312100,78546,3.3488372093,0.175172413793,1992MM01,104.571972318
78547,A5,312100,78547,3.32890365449,0.17724137931,1992MM02,104.504844291
78548,A5,312100,78548,3.30897009967,0.179310344828,1992MM03,104.437716263
78549,A5,312100,78549,3.28903654485,0.181379310345,1992MM04,104.370588235
78550,A5,312100,78550,3.26910299003,0.183448275862,1992MM05,104.303460208
78551,A5,312100,78551,3.24916943522,0.185517241379,1992MM06,104.23633218
78552,A5,312100,78552,3.2292358804,0.187586206897,1992MM07,104.169204152
78553,A5,312100,78553,3.20930232558,0.189655172414,1992MM08,104.102076125
78554,A5,312100,78554,3.18936877076,0.191724137931,1992MM09,104.034948097
78555,A5,312100,78555,3.16943521595,0.193793103448,1992MM10,103.967820069
78556,A5,312100,78556,3.14950166113,0.195862068966,1992MM11,103.900692042
78557,A5,312100,78557,3.12956810631,0.197931034483,1992MM12,103.833564014
78559,A5,312100,78559,3.1096345515,0.2,1993MM01,103.766435986
78560,A5,312100,78560,3.08970099668,0.202068965517,1993MM02,103.699307958
78561,A5,312100,78561,3.06976744186,0.204137931034,1993MM03,103.632179931
78562,A5,312100,78562,3.04983388704,0.206206896552,1993MM04,103.565051903
78563,A5,312100,78563,3.02990033223,0.208275862069,1993MM05,103.497923875
78564,A5,312100,78564,3.00996677741,0.210344827586,1993MM06,103.430795848
78565,A5,312100,78565,2.99003322259,0.212413793103,1993MM07,103.36366782
78566,A5,312100,78566,2.97009966777,0.214482758621,1993MM08,103.296539792
78567,A5,312100,78567,2.95016611296,0.216551724138,1993MM09,103.229411765
78568,A5,312100,78568,2.93023255814,0.218620689655,1993MM10,103.162283737
78569,A5,312100,78569,2.91029900332,0.220689655172,1993MM11,103.095155709
78570,A5,312100,78570,2.8903654485,0.22275862069,1993MM12,103.028027682
78572,A5,312100,78572,2.87043189369,0.224827586207,1994MM01,102.960899654
78573,A5,312100,78573,2.85049833887,0.226896551724,1994MM02,102.893771626
78574,A5,312100,78574,2.83056478405,0.228965517241,1994MM03,102.826643599
78575,A5,312100,78575,2.81063122924,0.231034482759,1994MM04,102.759515571
78576,A5,312100,78576,2.79069767442,0.233103448276,1994MM05,102.692387543
78577,A5,312100,78577,2.7707641196,0.235172413793,1994MM06,102.625259516
78578,A5,312100,78578,2.75083056478,0.23724137931,1994MM07,102.558131488
78579,A5,312100,78579,2.73089700997,0.239310344828,1994MM08,102.49100346
78580,A5,312100,78580,2.71096345515,0.241379310345,1994MM09,102.423875433
78581,A5,312100,78581,2.69102990033,0.243448275862,1994MM10,102.356747405
78582,A5,312100,78582,2.67109634551,0.245517241379,1994MM11,102.289619377
78583,A5,312100,78583,2.6511627907,0.247586206897,1994MM12,102.222491349
78585,A5,312100,78585,2.63122923588,0.249655172414,1995MM01,102.155363322
78586,A5,312100,78586,2.61129568106,0.251724137931,1995MM02,102.088235294
78587,A5,312100,78587,2.59136212625,0.253793103448,1995MM03,102.021107266
78588,A5,312100,78588,2.57142857143,0.255862068966,1995MM04,101.953979239
78589,A5,312100,78589,2.55149501661,0.257931034483,1995MM05,101.886851211
78590,A5,312100,78590,2.53156146179,0.26,1995MM06,101.819723183
78591,A5,312100,78591,2.51162790698,0.262068965517,1995MM07,101.752595156
78592,A5,312100,78592,2.49169435216,0.264137931034,1995MM08,101.685467128
78593,A5,312100,78593,2.47176079734,0.266206896552,1995MM09,101.6183391
78594,A5,312100,78594,2.45182724252,0.268275862069,1995MM10,101.551211073
78595,A5,312100,78595,2.43189368771,0.270344827586,1995MM11,101.484083045
78596,A5,312100,78596,2.41196013289,0.272413793103,1995MM12,101.416955017
78598,A5,312100,78598,2.39202657807,0.274482758621,1996MM01,101.34982699
78599,A5,312100,78599,2.37209302326,0.276551724138,1996MM02,101.282698962
78600,A5,312100,78600,2.35215946844,0.278620689655,1996MM03,101.215570934
78601,A5,312100,78601,2.33222591362,0.280689655172,1996MM04,101.148442907
78602,A5,312100,78602,2.3122923588,0.28275862069,1996MM05,101.081314879
78603,A5,312100,78603,2.29235880399,0.284827586207,1996MM06,101.014186851
78604,A5,312100,78604,2.27242524917,0.286896551724,1996MM07,100.947058824
78605,A5,312100,78605,2.25249169435,0.288965517241,1996MM08,100.879930796
78606,A5,312100,78606,2.23255813953,0.291034482759,1996MM09,100.812802768
78607,A5,312100,78607,2.21262458472,0.293103448276,1996MM10,100.74567474
78608,A5,312100,78608,2.1926910299,0.295172413793,1996MM11,100.678546713
78609,A5,312100,78609,2.17275747508,0.29724137931,1996MM12,100.611418685
78611,A5,312100,78611,2.15282392027,0.299310344828,1997MM01,100.544290657
78612,A5,312100,78612,2.13289036545,0.301379310345,1997MM02,100.47716263
78613,A5,312100,78613,2.11295681063,0.303448275862,1997MM03,100.410034602
78614,A5,312100,78614,2.09302325581,0.305517241379,1997MM04,100.342906574
78615,A5,312100,78615,2.073089701,0.307586206897,1997MM05,100.275778547
78616,A5,312100,78616,2.05315614618,0.309655172414,1997MM06,100.208650519
78617,A5,312100,78617,2.03322259136,0.311724137931,1997MM07,100.141522491
78618,A5,312100,78618,2.01328903654,0.313793103448,1997MM08,100.074394464
78619,A5,312100,78619,1.99335548173,0.315862068966,1997MM09,100.007266436
78620,A5,312100,78620,1.97342192691,0.317931034483,1997MM10,99.9401384083
78621,A5,312100,78621,1.95348837209,0.32,1997MM11,99.8730103806
78622,A5,312100,78622,1.93355481728,0.322068965517,1997MM12,99.8058823529
78624,A5,312100,78624,1.91362126246,0.324137931034,1998MM01,99.7387543253
78625,A5,312100,78625,1.89368770764,0.326206896552,1998MM02,99.6716262976
78626,A5,312100,78626,1.87375415282,0.328275862069,1998MM03,99.6044982699
78627,A5,312100,78627,1.85382059801,0.330344827586,1998MM04,99.5373702422
78628,A5,312100,78628,1.83388704319,0.332413793103,1998MM05,99.4702422145
78629,A5,312100,78629,1.81395348837,0.334482758621,1998MM06,99.4031141869
78630,A5,312100,78630,1.79401993355,0.336551724138,1998MM07,99.3359861592
78631,A5,312100,78631,1.77408637874,0.338620689655,1998MM08,99.2688581315
78632,A5,312100,78632,1.75415282392,0.340689655172,1998MM09,99.2017301038
78633,A5,312100,78633,1.7342192691,0.34275862069,1998MM10,99.1346020761
78634,A5,312100,78634,1.71428571429,0.344827586207,1998MM11,99.0674740484
78635,A5,312100,78635,1.69435215947,0.346896551724,1998MM12,99.0003460208
78637,A5,312100,78637,1.67441860465,0.348965517241,1999MM01,98.9332179931
78638,A5,312100,78638,1.65448504983,0.351034482759,1999MM02,98.8660899654
78639,A5,312100,78639,1.63455149502,0.353103448276,1999MM03,98.7989619377
78640,A5,312100,78640,1.6146179402,0.355172413793,1999MM04,98.73183391
78641,A5,312100,78641,1.59468438538,0.35724137931,1999MM05,98.6647058824
78642,A5,312100,78642,1.57475083056,0.359310344828,1999MM06,98.5975778547
78643,A5,312100,78643,1.55481727575,0.361379310345,1999MM07,98.530449827
78644,A5,312100,78644,1.53488372093,0.363448275862,1999MM08,98.4633217993
78645,A5,312100,78645,1.51495016611,0.365517241379,1999MM09,98.3961937716
78646,A5,312100,78646,1.4950166113,0.367586206897,1999MM10,98.3290657439
78647,A5,312100,78647,1.47508305648,0.369655172414,1999MM11,98.2619377163
78648,A5,312100,78648,1.45514950166,0.371724137931,1999MM12,98.1948096886
78650,A5,312100,78650,1.43521594684,0.373793103448,2000MM01,98.1276816609
78651,A5,312100,78651,1.41528239203,0.375862068966,2000MM02,98.0605536332
78652,A5,312100,78652,1.39534883721,0.377931034483,2000MM03,97.9934256055
78653,A5,312100,78653,1.37541528239,0.38,2000MM04,97.9262975779
78654,A5,312100,78654,1.35548172757,0.382068965517,2000MM05,97.8591695502
78655,A5,312100,78655,1.33554817276,0.384137931034,2000MM06,97.7920415225
78656,A5,312100,78656,1.31561461794,0.386206896552,2000MM07,97.7249134948
78657,A5,312100,78657,1.29568106312,0.388275862069,2000MM08,97.6577854671
78658,A5,312100,78658,1.27574750831,0.390344827586,2000MM09,97.5906574394
78659,A5,312100,78659,1.25581395349,0.392413793103,2000MM10,97.5235294118
78660,A5,312100,78660,1.23588039867,0.394482758621,2000MM11,97.4564013841
78661,A5,312100,78661,1.21594684385,0.396551724138,2000MM12,97.3892733564
78663,A5,312100,78663,1.19601328904,0.398620689655,2001MM01,97.3221453287
78664,A5,312100,78664,1.17607973422,0.400689655172,2001MM02,97.255017301
78665,A5,312100,78665,1.1561461794,0.40275862069,2001MM03,97.1878892734
78666,A5,312100,78666,1.13621262458,0.404827586207,2001MM04,97.1207612457
78667,A5,312100,78667,1.11627906977,0.406896551724,2001MM05,97.053633218
78668,A5,312100,78668,1.09634551495,0.408965517241,2001MM06,96.9865051903
78669,A5,312100,78669,1.07641196013,0.411034482759,2001MM07,96.9193771626
78670,A5,312100,78670,1.05647840532,0.413103448276,2001MM08,96.8522491349
78671,A5,312100,78671,1.0365448505,0.415172413793,2001MM09,96.7851211073
78672,A5,312100,78672,1.01661129568,0.41724137931,2001MM10,96.7179930796
78673,A5,312100,78673,0.996677740864,0.419310344828,2001MM11,96.6508650519
78674,A5,312100,78674,0.976744186047,0.421379310345,2001MM12,96.5837370242
78676,A5,312100,78676,0.956810631229,0.423448275862,2002MM01,96.5166089965
78677,A5,312100,78677,0.936877076412,0.425517241379,2002MM02,96.4494809689
78678,A5,312100,78678,0.916943521595,0.427586206897,2002MM03,96.3823529412
78679,A5,312100,78679,0.897009966777,0.429655172414,2002MM04,96.3152249135
78680,A5,312100,78680,0.87707641196,0.431724137931,2002MM05,96.2480968858
78681,A5,312100,78681,0.857142857143,0.433793103448,2002MM06,96.1809688581
78682,A5,312100,78682,0.837209302326,0.435862068966,2002MM07,96.1138408304
78683,A5,312100,78683,0.817275747508,0.437931034483,2002MM08,96.0467128028
78684,A5,312100,78684,0.797342192691,0.44,2002MM09,95.9795847751
78685,A5,312100,78685,0.777408637874,0.442068965517,2002MM10,95.9124567474
78686,A5,312100,78686,0.757475083056,0.444137931034,2002MM11,95.8453287197
78687,A5,312100,78687,0.737541528239,0.446206896552,2002MM12,95.778200692
78689,A5,312100,78689,0.717607973422,0.448275862069,2003MM01,95.7110726644
78690,A5,312100,78690,0.697674418605,0.450344827586,2003MM02,95.6439446367
78691,A5,312100,78691,0.677740863787,0.452413793103,2003MM03,95.576816609
78692,A5,312100,78692,0.65780730897,0.454482758621,2003MM04,95.5096885813
78693,A5,312100,78693,0.637873754153,0.456551724138,2003MM05,95.4425605536
78694,A5,312100,78694,0.617940199336,0.458620689655,2003MM06,95.375432526
78695,A5,312100,78695,0.598006644518,0.460689655172,2003MM07,95.3083044983
78696,A5,312100,78696,0.578073089701,0.46275862069,2003MM08,95.2411764706
78697,A5,312100,78697,0.558139534884,0.464827586207,2003MM09,95.1740484429
78698,A5,312100,78698,0.538205980066,0.466896551724,2003MM10,95.1069204152
78699,A5,312100,78699,0.518272425249,0.468965517241,2003MM11,95.0397923875
78700,A5,312100,78700,0.498338870432,0.471034482759,2003MM12,94.9726643599
78702,A5,312100,78702,0.478405315615,0.473103448276,2004MM01,94.9055363322
78703,A5,312100,78703,0.458471760797,0.475172413793,2004MM02,94.8384083045
78704,A5,312100,78704,0.43853820598,0.47724137931,2004MM03,94.7712802768
78705,A5,312100,78705,0.418604651163,0.479310344828,2004MM04,94.7041522491
78706,A5,312100,78706,0.398671096346,0.481379310345,2004MM05,94.6370242215
78707,A5,312100,78707,0.378737541528,0.483448275862,2004MM06,94.5698961938
78708,A5,312100,78708,0.358803986711,0.485517241379,2004MM07,94.5027681661
78709,A5,312100,78709,0.338870431894,0.487586206897,2004MM08,94.4356401384
78710,A5,312100,78710,0.318936877076,0.489655172414,2004MM09,94.3685121107
78711,A5,312100,78711,0.299003322259,0.491724137931,2004MM10,94.301384083
78712,A5,312100,78712,0.279069767442,0.493793103448,2004MM11,94.2342560554
78713,A5,312100,78713,0.259136212625,0.495862068966,2004MM12,94.1671280277
78715,A5,312100,78715,0.239202657807,0.497931034483,2005MM01,94.1
78716,A5,312100,78716,0.21926910299,0.5,2005MM02,94.6
78717,A5,312100,78717,0.199335548173,-0.6,2005MM03,94.1
78718,A5,312100,78718,0.179401993355,-0.1,2005MM04,93.9
78719,A5,312100,78719,0.159468438538,0.8,2005MM05,94.7
78720,A5,312100,78720,0.139534883721,-0.8,2005MM06,93.9
78721,A5,312100,78721,0.119601328904,0.5,2005MM07,94.3
78722,A5,312100,78722,0.0996677740864,-1.0,2005MM08,93.4
78723,A5,312100,78723,0.0797342192691,0.3,2005MM09,93.6
78724,A5,312100,78724,0.0598006644518,1.5,2005MM10,95.0
78725,A5,312100,78725,0.0398671096346,-0.4,2005MM11,94.6
78726,A5,312100,78726,0.0199335548173,0.4,2005MM12,95.0
78728,A5,312100,78728,0.0,-1.0,2006MM01,94.1
78729,A5,312100,78729,-1.1,-0.5,2006MM02,93.6
78730,A5,312100,78730,0.1,0.6,2006MM03,94.2
78731,A5,312100,78731,-0.2,-0.5,2006MM04,93.7
78732,A5,312100,78732,-1.0,0.0,2006MM05,93.8
78733,A5,312100,78733,0.0,0.1,2006MM06,93.9
78734,A5,312100,78734,-0.5,0.0,2006MM07,93.9
78735,A5,312100,78735,0.6,0.0,2006MM08,93.9
78736,A5,312100,78736,1.0,0.7,2006MM09,94.6
78737,A5,312100,78737,-0.5,0.0,2006MM10,94.6
78738,A5,312100,78738,0.1,0.2,2006MM11,94.7
78739,A5,312100,78739,-0.6,-0.3,2006MM12,94.4
78741,A5,312100,78741,6.6,6.2,2007MM01,100.2
78742,A5,312100,78742,8.2,1.0,2007MM02,101.3
78743,A5,312100,78743,6.9,-0.6,2007MM03,100.7
78744,A5,312100,78744,6.6,-0.8,2007MM04,99.9
78745,A5,312100,78745,7.7,1.1,2007MM05,101.0
78746,A5,312100,78746,6.4,-1.1,2007MM06,99.9
78747,A5,312100,78747,8.3,1.8,2007MM07,101.7
78748,A5,312100,78748,12.6,4.0,2007MM08,105.8
78749,A5,312100,78749,13.5,1.5,2007MM09,107.4
78750,A5,312100,78750,9.8,-3.3,2007MM10,103.8
78751,A5,312100,78751,10.7,1.0,2007MM11,104.9
78752,A5,312100,78752,7.2,-3.5,2007MM12,101.2
78754,A5,312100,78754,3.8,2.8,2008MM01,104.0
78755,A5,312100,78755,3.7,1.0,2008MM02,105.1
78756,A5,312100,78756,4.1,-0.2,2008MM03,104.9
78757,A5,312100,78757,4.6,-0.4,2008MM04,104.5
78758,A5,312100,78758,4.2,0.8,2008MM05,105.3
78759,A5,312100,78759,5.2,-0.2,2008MM06,105.0
78760,A5,312100,78760,3.7,0.4,2008MM07,105.5
78761,A5,312100,78761,-0.2,0.1,2008MM08,105.6
78762,A5,312100,78762,-4.1,-2.5,2008MM09,102.9
78763,A5,312100,78763,-0.4,0.4,2008MM10,103.4
78764,A5,312100,78764,-2.9,-1.5,2008MM11,101.8
78765,A5,312100,78765,3.8,3.2,2008MM12,105.0
78767,A5,312100,78767,1.2,0.2,2009MM01,105.2
78768,A5,312100,78768,0.4,0.3,2009MM02,105.5
78769,A5,312100,78769,0.2,-0.5,2009MM03,105.0
78770,A5,312100,78770,0.3,-0.2,2009MM04,104.8
78771,A5,312100,78771,-0.3,0.2,2009MM05,105.0
78772,A5,312100,78772,-0.1,-0.1,2009MM06,104.9
78773,A5,312100,78773,0.2,0.7,2009MM07,105.7
78774,A5,312100,78774,-1.0,-1.1,2009MM08,104.5
78775,A5,312100,78775,-2.5,-3.9,2009MM09,100.4
78776,A5,312100,78776,-1.6,1.4,2009MM10,101.8
78777,A5,312100,78777,-0.6,-0.6,2009MM11,101.2
78778,A5,312100,78778,-3.2,0.5,2009MM12,101.7
78780,A5,312100,78780,-3.5,-0.2,2010MM01,101.5
78781,A5,312100,78781,-3.7,0.1,2010MM02,101.6
78782,A5,312100,78782,-3.2,0.0,2010MM03,101.6
78783,A5,312100,78783,-6.0,-3.1,2010MM04,98.5
78784,A5,312100,78784,-6.2,0.0,2010MM05,98.5
78785,A5,312100,78785,-6.2,0.0,2010MM06,98.5
78786,A5,312100,78786,-6.2,0.7,2010MM07,99.1
78787,A5,312100,78787,-5.0,0.1,2010MM08,99.3
78788,A5,312100,78788,-1.2,-0.1,2010MM09,99.2
78789,A5,312100,78789,-0.9,1.6,2010MM10,100.8
78790,A5,312100,78790,-0.4,-0.1,2010MM11,100.7
78791,A5,312100,78791,-1.0,-0.1,2010MM12,100.7
78793,A5,312100,78793,5.4,6.3,2011MM01,107.0
78794,A5,312100,78794,5.2,-0.1,2011MM02,106.9
78795,A5,312100,78795,5.3,0.2,2011MM03,107.1
78796,A5,312100,78796,10.1,1.3,2011MM04,108.4
78797,A5,312100,78797,10.2,0.1,2011MM05,108.5
78798,A5,312100,78798,10.3,0.1,2011MM06,108.7
78799,A5,312100,78799,8.5,-1.0,2011MM07,107.6
78800,A5,312100,78800,8.2,-0.2,2011MM08,107.4
78801,A5,312100,78801,8.0,-0.2,2011MM09,107.2
78802,A5,312100,78802,6.8,0.4,2011MM10,107.6
78803,A5,312100,78803,7.0,0.1,2011MM11,107.7
78804,A5,312100,78804,7.0,-0.1,2011MM12,107.7
78806,A5,312100,78806,2.9,2.2,2012MM01,110.1
78807,A5,312100,78807,2.7,-0.3,2012MM02,109.8
78808,A5,312100,78808,2.6,0.0,2012MM03,109.8
78809,A5,312100,78809,1.2,-0.1,2012MM04,109.7
78810,A5,312100,78810,1.2,0.2,2012MM05,109.9
78811,A5,312100,78811,1.3,0.2,2012MM06,110.1
78812,A5,312100,78812,1.9,-0.4,2012MM07,109.6
78813,A5,312100,78813,-1.5,-3.5,2012MM08,105.8
78814,A5,312100,78814,-1.4,-0.1,2012MM09,105.7
78815,A5,312100,78815,-4.1,-2.4,2012MM10,103.1
78816,A5,312100,78816,-4.3,0.0,2012MM11,103.1
78817,A5,312100,78817,-4.7,-0.5,2012MM12,102.6
78819,A5,312100,78819,-5.2,1.7,2013MM01,104.3
78820,A5,312100,78820,-7.0,-2.1,2013MM02,102.1
78821,A5,312100,78821,-6.5,0.5,2013MM03,102.7
78822,A5,312100,78822,-6.7,-0.3,2013MM04,102.4
78823,A5,312100,78823,-7.0,-0.2,2013MM05,102.2
78824,A5,312100,78824,-6.9,0.3,2013MM06,102.5
78825,A5,312100,78825,-6.5,0.0,2013MM07,102.5
78826,A5,312100,78826,-3.2,-0.1,2013MM08,102.4
78827,A5,312100,78827,-3.2,-0.2,2013MM09,102.2
78828,A5,312100,78828,-1.2,-0.3,2013MM10,101.9
78829,A5,312100,78829,-1.1,0.0,2013MM11,102.0
78830,A5,312100,78830,-0.7,-0.1,2013MM12,101.9
78832,A5,312100,78832,-2.1,0.2,2014MM01,102.1
78833,A5,312100,78833,0.0,0.0,2014MM02,102.1
78834,A5,312100,78834,-0.9,-0.3,2014MM03,101.8
78835,A5,312100,78835,0.7,1.3,2014MM04,103.1
78836,A5,312100,78836,0.9,0.0,2014MM05,103.1
78837,A5,312100,78837,0.6,0.0,2014MM06,103.1
78838,A5,312100,78838,-0.4,-1.0,2014MM07,102.1
78839,A5,312100,78839,-0.3,0.0,2014MM08,102.1
78840,A5,312100,78840,-0.1,0.1,2014MM09,102.2
78841,A5,312100,78841,0.3,0.0,2014MM10,102.2
78842,A5,312100,78842,0.3,0.1,2014MM11,102.3
78843,A5,312100,78843,0.4,0.0,2014MM12,102.3
78845,A5,312100,78845,-1.0,-1.2,2015MM01,101.1
78846,A5,312100,78846,-1.0,0.0,2015MM02,101.1
78847,A5,312100,78847,-0.3,0.3,2015MM03,101.4
78848,A5,312100,78848,2.3,3.9,2015MM04,105.4
78849,A5,312100,78849,2.1,-0.2,2015MM05,105.2
78850,A5,312100,78850,2.0,-0.1,2015MM06,105.1
78851,A5,312100,78851,3.3,0.3,2015MM07,105.5
78852,A5,312100,78852,3.3,0.1,2015MM08,105.5
78853,A5,312100,78853,3.5,0.2,2015MM09,105.7
78854,A5,312100,78854,4.4,1.0,2015MM10,106.8
78855,A5,312100,78855,4.5,0.1,2015MM11,106.9
78856,A5,312100,78856,4.6,0.2,2015MM12,107.1
78858,A5,312100,78858,7.0,1.1,2016MM01,108.2
78859,A5,312100,78859,7.3,0.3,2016MM02,108.5
78860,A5,312100,78860,6.7,-0.2,2016MM03,108.3
78861,A5,312100,78861,3.7,1.0,2016MM04,109.4
78862,A5,312100,78862,3.8,-0.1,2016MM05,109.2
78863,A5,312100,78863,3.9,0.0,2016MM06,109.3
78864,A5,312100,78864,5.5,1.8,2016MM07,111.3
78865,A5,312100,78865,5.5,0.0,2016MM08,111.3
78866,A5,312100,78866,5.3,0.0,2016MM09,111.3
78867,A5,312100,78867,4.4,0.1,2016MM10,111.4
78868,A5,312100,78868,4.3,0.0,2016MM11,111.5
78869,A5,312100,78869,4.4,0.3,2016MM12,111.8
78871,A5,312100,78871,3.5,0.2,2017MM01,112.0
78872,A5,312100,78872,3.2,0.0,2017MM02,111.9
78873,A5,312100,78873,3.5,0.1,2017MM03,112.0
78874,A5,312100,78874,-1.3,-3.7,2017MM04,107.9
78875,A5,312100,78875,-1.3,-0.1,2017MM05,107.8
78876,A5,312100,78876,-1.2,0.1,2017MM06,108.0
78877,A5,312100,78877,-0.8,2.2,2017MM07,110.4
78878,A5,312100,78878,-1.1,-0.2,2017MM08,110.1
78879,A5,312100,78879,-1.1,0.0,2017MM09,110.1
78880,A5,312100,78880,1.7,2.9,2017MM10,113.3
78881,A5,312100,78881,1.6,0.0,2017MM11,113.3
78882,A5,312100,78882,1.3,0.0,2017MM12,113.3
