,Afzet,BedrijfstakkenBranchesSBI2008,ID,OntwikkelingTOV1JaarEerder_2,OntwikkelingTOV1MaandEerder_3,Perioden,ProducentenprijsindexPPI_1
46657,A4,312200,46657,5.76923076923,1.6,1981MM01,30.4
46658,A4,312200,46658,5.93846153846,3.2,1981MM02,31.4
46659,A4,312200,46659,6.10769230769,3.8,1981MM03,32.5
46660,A4,312200,46660,6.27692307692,0.3,1981MM04,32.6
46661,A4,312200,46661,6.44615384615,0.0,1981MM05,32.7
46662,A4,312200,46662,6.61538461538,0.0,1981MM06,32.7
46663,A4,312200,46663,6.78461538462,0.0,1981MM07,32.7
46664,A4,312200,46664,6.95384615385,0.0,1981MM08,32.7
46665,A4,312200,46665,7.12307692308,0.0,1981MM09,32.6
46666,A4,312200,46666,7.29230769231,0.3,1981MM10,32.8
46667,A4,312200,46667,7.46153846154,0.0,1981MM11,32.8
46668,A4,312200,46668,7.63076923077,0.0,1981MM12,32.8
46670,A4,312200,46670,7.8,0.0,1982MM01,32.8
46671,A4,312200,46671,4.5,0.0,1982MM02,32.8
46672,A4,312200,46672,0.7,0.0,1982MM03,32.8
46673,A4,312200,46673,0.6,0.2,1982MM04,32.8
46674,A4,312200,46674,0.5,0.0,1982MM05,32.8
46675,A4,312200,46675,0.5,0.0,1982MM06,32.8
46676,A4,312200,46676,1.1,0.6,1982MM07,33.0
46677,A4,312200,46677,4.8,3.6,1982MM08,34.2
46678,A4,312200,46678,6.2,1.4,1982MM09,34.7
46679,A4,312200,46679,5.9,0.0,1982MM10,34.7
46680,A4,312200,46680,6.2,0.3,1982MM11,34.8
46681,A4,312200,46681,6.2,0.0,1982MM12,34.8
46683,A4,312200,46683,6.2,0.0,1983MM01,34.8
46684,A4,312200,46684,6.4,0.2,1983MM02,34.9
46685,A4,312200,46685,6.4,0.0,1983MM03,34.9
46686,A4,312200,46686,6.5,0.3,1983MM04,35.0
46687,A4,312200,46687,6.5,0.0,1983MM05,35.0
46688,A4,312200,46688,6.5,0.0,1983MM06,35.0
46689,A4,312200,46689,6.2,0.3,1983MM07,35.1
46690,A4,312200,46690,3.8,1.3,1983MM08,35.5
46691,A4,312200,46691,2.7,0.3,1983MM09,35.6
46692,A4,312200,46692,2.7,0.0,1983MM10,35.6
46693,A4,312200,46693,2.4,0.0,1983MM11,35.6
46694,A4,312200,46694,3.5,1.0,1983MM12,36.0
46696,A4,312200,46696,13.6,9.8,1984MM01,39.5
46697,A4,312200,46697,13.2,-0.1,1984MM02,39.5
46698,A4,312200,46698,13.2,0.0,1984MM03,39.5
46699,A4,312200,46699,12.9,0.0,1984MM04,39.5
46700,A4,312200,46700,12.9,0.0,1984MM05,39.5
46701,A4,312200,46701,12.9,0.0,1984MM06,39.5
46702,A4,312200,46702,12.3,-0.3,1984MM07,39.4
46703,A4,312200,46703,10.8,0.0,1984MM08,39.4
46704,A4,312200,46704,11.0,0.5,1984MM09,39.5
46705,A4,312200,46705,12.1,1.0,1984MM10,40.0
46706,A4,312200,46706,14.3,1.9,1984MM11,40.7
46707,A4,312200,46707,13.6,0.4,1984MM12,40.9
46709,A4,312200,46709,3.6,0.0,1985MM01,40.9
46710,A4,312200,46710,3.6,-0.1,1985MM02,40.9
46711,A4,312200,46711,3.6,0.0,1985MM03,40.9
46712,A4,312200,46712,3.6,0.0,1985MM04,40.9
46713,A4,312200,46713,3.7,0.1,1985MM05,40.9
46714,A4,312200,46714,3.8,0.0,1985MM06,41.0
46715,A4,312200,46715,4.0,0.0,1985MM07,41.0
46716,A4,312200,46716,4.1,0.1,1985MM08,41.0
46717,A4,312200,46717,3.7,0.0,1985MM09,41.0
46718,A4,312200,46718,2.7,0.1,1985MM10,41.0
46719,A4,312200,46719,0.8,0.0,1985MM11,41.1
46720,A4,312200,46720,0.4,0.1,1985MM12,41.1
46722,A4,312200,46722,0.4,0.0,1986MM01,41.1
46723,A4,312200,46723,1.7,1.1,1986MM02,41.6
46724,A4,312200,46724,0.5,-1.1,1986MM03,41.1
46725,A4,312200,46725,0.5,0.0,1986MM04,41.1
46726,A4,312200,46726,0.5,0.1,1986MM05,41.2
46727,A4,312200,46727,1.0,0.5,1986MM06,41.4
46728,A4,312200,46728,0.5,-0.5,1986MM07,41.2
46729,A4,312200,46729,1.2,0.8,1986MM08,41.5
46730,A4,312200,46730,2.9,1.6,1986MM09,42.2
46731,A4,312200,46731,2.8,0.0,1986MM10,42.2
46732,A4,312200,46732,0.2,-2.4,1986MM11,41.2
46733,A4,312200,46733,0.5,0.3,1986MM12,41.3
46735,A4,312200,46735,2.5,2.1,1987MM01,42.1
46736,A4,312200,46736,1.4,0.0,1987MM02,42.1
46737,A4,312200,46737,2.5,0.0,1987MM03,42.1
46738,A4,312200,46738,2.9,0.4,1987MM04,42.3
46739,A4,312200,46739,2.4,-0.4,1987MM05,42.1
46740,A4,312200,46740,1.9,0.0,1987MM06,42.1
46741,A4,312200,46741,2.3,-0.1,1987MM07,42.1
46742,A4,312200,46742,1.5,0.0,1987MM08,42.1
46743,A4,312200,46743,-0.1,0.0,1987MM09,42.1
46744,A4,312200,46744,-0.1,0.0,1987MM10,42.1
46745,A4,312200,46745,2.4,0.0,1987MM11,42.2
46746,A4,312200,46746,2.2,0.0,1987MM12,42.2
46748,A4,312200,46748,0.1,0.0,1988MM01,42.2
46749,A4,312200,46749,0.2,0.0,1988MM02,42.2
46750,A4,312200,46750,0.2,0.0,1988MM03,42.2
46751,A4,312200,46751,-0.3,0.0,1988MM04,42.2
46752,A4,312200,46752,0.1,0.0,1988MM05,42.2
46753,A4,312200,46753,0.0,-0.1,1988MM06,42.1
46754,A4,312200,46754,0.0,0.0,1988MM07,42.1
46755,A4,312200,46755,-0.1,0.0,1988MM08,42.1
46756,A4,312200,46756,-0.2,-0.1,1988MM09,42.0
46757,A4,312200,46757,-0.3,-0.1,1988MM10,42.0
46758,A4,312200,46758,-0.5,-0.1,1988MM11,42.0
46759,A4,312200,46759,-0.6,-0.1,1988MM12,41.9
46761,A4,312200,46761,-0.6,0.0,1989MM01,41.9
46762,A4,312200,46762,-0.8,-0.2,1989MM02,41.9
46763,A4,312200,46763,-0.7,0.1,1989MM03,41.9
46764,A4,312200,46764,-0.6,0.1,1989MM04,41.9
46765,A4,312200,46765,0.4,1.0,1989MM05,42.4
46766,A4,312200,46766,0.4,-0.1,1989MM06,42.3
46767,A4,312200,46767,0.7,0.2,1989MM07,42.4
46768,A4,312200,46768,1.1,0.3,1989MM08,42.6
46769,A4,312200,46769,1.4,0.2,1989MM09,42.7
46770,A4,312200,46770,1.9,0.3,1989MM10,42.8
46771,A4,312200,46771,2.4,0.4,1989MM11,43.0
46772,A4,312200,46772,3.1,0.7,1989MM12,43.2
46774,A4,312200,46774,3.8,0.6,1990MM01,43.5
46775,A4,312200,46775,3.3,-0.6,1990MM02,43.2
46776,A4,312200,46776,3.7,0.5,1990MM03,43.5
46777,A4,312200,46777,4.0,0.3,1990MM04,43.6
46778,A4,312200,46778,3.8,0.9,1990MM05,44.0
46779,A4,312200,46779,4.4,0.5,1990MM06,44.2
46780,A4,312200,46780,4.3,0.1,1990MM07,44.3
46781,A4,312200,46781,4.2,0.2,1990MM08,44.3
46782,A4,312200,46782,4.0,0.1,1990MM09,44.4
46783,A4,312200,46783,3.7,0.1,1990MM10,44.4
46784,A4,312200,46784,4.5,1.1,1990MM11,44.9
46785,A4,312200,46785,3.7,-0.1,1990MM12,44.8
46787,A4,312200,46787,2.9,-0.1,1991MM01,44.8
46788,A4,312200,46788,5.3,1.7,1991MM02,45.5
46789,A4,312200,46789,2.8,-1.9,1991MM03,44.7
46790,A4,312200,46790,2.5,0.0,1991MM04,44.7
46791,A4,312200,46791,1.6,0.0,1991MM05,44.7
46792,A4,312200,46792,1.1,-0.1,1991MM06,44.7
46793,A4,312200,46793,2.0,1.1,1991MM07,45.1
46794,A4,312200,46794,1.6,-0.2,1991MM08,45.1
46795,A4,312200,46795,1.5,0.0,1991MM09,45.0
46796,A4,312200,46796,1.7,0.2,1991MM10,45.1
46797,A4,312200,46797,3.1,2.6,1991MM11,46.3
46798,A4,312200,46798,3.6,0.3,1991MM12,46.4
46800,A4,312200,46800,3.7,0.0,1992MM01,46.4
46801,A4,312200,46801,2.0,0.0,1992MM02,46.5
46802,A4,312200,46802,6.3,2.3,1992MM03,47.5
46803,A4,312200,46803,3.8,-2.4,1992MM04,46.4
46804,A4,312200,46804,5.6,1.7,1992MM05,47.2
46805,A4,312200,46805,5.8,0.1,1992MM06,47.2
46806,A4,312200,46806,4.5,-0.2,1992MM07,47.2
46807,A4,312200,46807,4.2,-0.5,1992MM08,47.0
46808,A4,312200,46808,4.2,0.0,1992MM09,47.0
46809,A4,312200,46809,6.3,2.2,1992MM10,48.0
46810,A4,312200,46810,3.6,0.0,1992MM11,48.0
46811,A4,312200,46811,3.3,0.0,1992MM12,48.0
46813,A4,312200,46813,3.7,0.4,1993MM01,48.2
46814,A4,312200,46814,3.9,0.2,1993MM02,48.3
46815,A4,312200,46815,1.5,0.0,1993MM03,48.3
46816,A4,312200,46816,5.0,1.0,1993MM04,48.7
46817,A4,312200,46817,3.0,-0.3,1993MM05,48.6
46818,A4,312200,46818,3.1,0.3,1993MM06,48.7
46819,A4,312200,46819,3.4,0.0,1993MM07,48.8
46820,A4,312200,46820,3.9,0.0,1993MM08,48.8
46821,A4,312200,46821,3.9,0.0,1993MM09,48.8
46822,A4,312200,46822,1.7,0.0,1993MM10,48.8
46823,A4,312200,46823,1.8,0.1,1993MM11,48.8
46824,A4,312200,46824,1.8,0.1,1993MM12,48.9
46826,A4,312200,46826,1.5,0.1,1994MM01,48.9
46827,A4,312200,46827,1.4,0.0,1994MM02,48.9
46828,A4,312200,46828,1.5,0.1,1994MM03,49.0
46829,A4,312200,46829,0.5,0.0,1994MM04,49.0
46830,A4,312200,46830,2.0,1.2,1994MM05,49.6
46831,A4,312200,46831,0.7,-1.0,1994MM06,49.1
46832,A4,312200,46832,0.9,0.2,1994MM07,49.2
46833,A4,312200,46833,0.8,0.0,1994MM08,49.2
46834,A4,312200,46834,0.7,-0.1,1994MM09,49.1
46835,A4,312200,46835,0.5,-0.2,1994MM10,49.0
46836,A4,312200,46836,0.2,-0.2,1994MM11,48.9
46837,A4,312200,46837,0.3,0.1,1994MM12,49.0
46839,A4,312200,46839,1.5,1.2,1995MM01,49.6
46840,A4,312200,46840,1.7,0.3,1995MM02,49.8
46841,A4,312200,46841,1.4,-0.2,1995MM03,49.7
46842,A4,312200,46842,1.7,0.2,1995MM04,49.8
46843,A4,312200,46843,0.3,-0.1,1995MM05,49.7
46844,A4,312200,46844,1.1,-0.1,1995MM06,49.7
46845,A4,312200,46845,0.9,-0.1,1995MM07,49.6
46846,A4,312200,46846,0.8,-0.1,1995MM08,49.6
46847,A4,312200,46847,0.9,0.0,1995MM09,49.5
46848,A4,312200,46848,1.6,0.6,1995MM10,49.8
46849,A4,312200,46849,2.9,1.1,1995MM11,50.4
46850,A4,312200,46850,4.3,1.5,1995MM12,51.1
46852,A4,312200,46852,3.6,0.5,1996MM01,51.4
46853,A4,312200,46853,3.3,0.1,1996MM02,51.4
46854,A4,312200,46854,3.6,0.1,1996MM03,51.5
46855,A4,312200,46855,3.5,0.1,1996MM04,51.5
46856,A4,312200,46856,3.6,0.0,1996MM05,51.5
46857,A4,312200,46857,3.8,0.0,1996MM06,51.5
46858,A4,312200,46858,4.8,0.9,1996MM07,52.0
46859,A4,312200,46859,6.0,1.0,1996MM08,52.5
46860,A4,312200,46860,8.9,2.7,1996MM09,53.9
46861,A4,312200,46861,7.8,-0.3,1996MM10,53.8
46862,A4,312200,46862,6.6,-0.1,1996MM11,53.7
46863,A4,312200,46863,5.3,0.2,1996MM12,53.8
46865,A4,312200,46865,4.6,-0.1,1997MM01,53.7
46866,A4,312200,46866,6.0,1.5,1997MM02,54.5
46867,A4,312200,46867,6.6,0.6,1997MM03,54.9
46868,A4,312200,46868,6.5,0.0,1997MM04,54.9
46869,A4,312200,46869,6.5,0.0,1997MM05,54.9
46870,A4,312200,46870,6.5,0.0,1997MM06,54.9
46871,A4,312200,46871,5.6,0.1,1997MM07,54.9
46872,A4,312200,46872,4.5,-0.1,1997MM08,54.9
46873,A4,312200,46873,1.7,0.0,1997MM09,54.9
46874,A4,312200,46874,2.1,0.0,1997MM10,54.9
46875,A4,312200,46875,2.2,0.0,1997MM11,54.9
46876,A4,312200,46876,1.7,-0.3,1997MM12,54.7
46878,A4,312200,46878,4.9,3.0,1998MM01,56.3
46879,A4,312200,46879,4.3,0.9,1998MM02,56.8
46880,A4,312200,46880,3.6,0.0,1998MM03,56.8
46881,A4,312200,46881,3.7,0.2,1998MM04,56.9
46882,A4,312200,46882,3.7,0.0,1998MM05,56.9
46883,A4,312200,46883,3.7,0.0,1998MM06,56.9
46884,A4,312200,46884,3.7,0.1,1998MM07,57.0
46885,A4,312200,46885,3.8,0.0,1998MM08,57.0
46886,A4,312200,46886,3.9,0.0,1998MM09,57.0
46887,A4,312200,46887,6.9,2.9,1998MM10,58.7
46888,A4,312200,46888,9.1,2.0,1998MM11,59.8
46889,A4,312200,46889,8.7,-0.5,1998MM12,59.5
46891,A4,312200,46891,5.7,0.0,1999MM01,59.5
46892,A4,312200,46892,3.7,-1.0,1999MM02,59.0
46893,A4,312200,46893,3.9,0.1,1999MM03,59.0
46894,A4,312200,46894,3.8,0.1,1999MM04,59.1
46895,A4,312200,46895,3.8,0.0,1999MM05,59.1
46896,A4,312200,46896,3.8,0.0,1999MM06,59.1
46897,A4,312200,46897,3.9,0.2,1999MM07,59.2
46898,A4,312200,46898,4.0,0.1,1999MM08,59.2
46899,A4,312200,46899,4.9,0.9,1999MM09,59.8
46900,A4,312200,46900,1.8,-0.1,1999MM10,59.7
46901,A4,312200,46901,-0.3,-0.1,1999MM11,59.7
46902,A4,312200,46902,0.0,-0.3,1999MM12,59.5
46904,A4,312200,46904,-0.2,-0.1,2000MM01,59.4
46905,A4,312200,46905,1.7,0.9,2000MM02,60.0
46906,A4,312200,46906,4.7,3.0,2000MM03,61.8
46907,A4,312200,46907,4.9,0.4,2000MM04,62.0
46908,A4,312200,46908,4.9,0.0,2000MM05,62.0
46909,A4,312200,46909,4.9,0.0,2000MM06,62.0
46910,A4,312200,46910,5.7,0.9,2000MM07,62.5
46911,A4,312200,46911,5.8,0.2,2000MM08,62.7
46912,A4,312200,46912,4.6,-0.2,2000MM09,62.6
46913,A4,312200,46913,7.5,2.7,2000MM10,64.2
46914,A4,312200,46914,7.6,0.0,2000MM11,64.2
46915,A4,312200,46915,7.7,-0.2,2000MM12,64.1
46917,A4,312200,46917,11.3,3.2,2001MM01,66.2
46918,A4,312200,46918,10.3,0.0,2001MM02,66.2
46919,A4,312200,46919,7.2,0.1,2001MM03,66.2
46920,A4,312200,46920,7.0,0.2,2001MM04,66.4
46921,A4,312200,46921,7.0,-0.1,2001MM05,66.3
46922,A4,312200,46922,7.0,0.0,2001MM06,66.3
46923,A4,312200,46923,7.2,1.1,2001MM07,67.0
46924,A4,312200,46924,9.0,1.9,2001MM08,68.3
46925,A4,312200,46925,9.2,0.0,2001MM09,68.3
46926,A4,312200,46926,6.5,0.2,2001MM10,68.4
46927,A4,312200,46927,6.5,0.0,2001MM11,68.4
46928,A4,312200,46928,6.3,-0.4,2001MM12,68.1
46930,A4,312200,46930,5.1,2.0,2002MM01,69.5
46931,A4,312200,46931,5.1,0.0,2002MM02,69.5
46932,A4,312200,46932,5.0,0.0,2002MM03,69.5
46933,A4,312200,46933,6.3,1.5,2002MM04,70.6
46934,A4,312200,46934,6.8,0.4,2002MM05,70.8
46935,A4,312200,46935,8.1,1.2,2002MM06,71.6
46936,A4,312200,46936,7.1,0.2,2002MM07,71.8
46937,A4,312200,46937,5.2,0.1,2002MM08,71.8
46938,A4,312200,46938,5.2,0.0,2002MM09,71.9
46939,A4,312200,46939,5.1,0.0,2002MM10,71.9
46940,A4,312200,46940,5.1,0.0,2002MM11,71.9
46941,A4,312200,46941,5.6,0.0,2002MM12,71.9
46943,A4,312200,46943,4.1,0.6,2003MM01,72.4
46944,A4,312200,46944,4.1,0.0,2003MM02,72.4
46945,A4,312200,46945,6.7,2.5,2003MM03,74.2
46946,A4,312200,46946,6.0,0.8,2003MM04,74.8
46947,A4,312200,46947,5.6,0.0,2003MM05,74.8
46948,A4,312200,46948,4.6,0.2,2003MM06,74.9
46949,A4,312200,46949,4.3,-0.1,2003MM07,74.8
46950,A4,312200,46950,4.1,-0.1,2003MM08,74.8
46951,A4,312200,46951,4.0,-0.1,2003MM09,74.7
46952,A4,312200,46952,3.8,-0.1,2003MM10,74.6
46953,A4,312200,46953,3.7,-0.1,2003MM11,74.5
46954,A4,312200,46954,3.5,-0.1,2003MM12,74.4
46956,A4,312200,46956,4.8,1.9,2004MM01,75.9
46957,A4,312200,46957,7.3,2.4,2004MM02,77.7
46958,A4,312200,46958,10.5,5.6,2004MM03,82.0
46959,A4,312200,46959,10.5,0.7,2004MM04,82.6
46960,A4,312200,46960,10.6,0.1,2004MM05,82.7
46961,A4,312200,46961,10.6,0.2,2004MM06,82.8
46962,A4,312200,46962,10.9,0.2,2004MM07,83.0
46963,A4,312200,46963,11.3,0.3,2004MM08,83.3
46964,A4,312200,46964,11.8,0.4,2004MM09,83.6
46965,A4,312200,46965,12.4,0.4,2004MM10,83.9
46966,A4,312200,46966,13.0,0.4,2004MM11,84.3
46967,A4,312200,46967,13.8,0.5,2004MM12,84.7
46969,A4,312200,46969,12.95,0.25,2005MM01,85.6
46970,A4,312200,46970,12.1,0.0,2005MM02,85.6
46971,A4,312200,46971,11.25,0.0,2005MM03,85.6
46972,A4,312200,46972,10.4,1.4,2005MM04,86.7
46973,A4,312200,46973,9.55,0.0,2005MM05,86.7
46974,A4,312200,46974,8.7,0.2,2005MM06,86.9
46975,A4,312200,46975,7.85,-0.9,2005MM07,86.1
46976,A4,312200,46976,7.0,0.0,2005MM08,86.1
46977,A4,312200,46977,6.15,0.0,2005MM09,86.1
46978,A4,312200,46978,5.3,1.1,2005MM10,87.1
46979,A4,312200,46979,4.45,0.0,2005MM11,87.1
46980,A4,312200,46980,3.6,0.0,2005MM12,87.1
46982,A4,312200,46982,2.75,0.0,2006MM01,87.15
46983,A4,312200,46983,1.9,0.0,2006MM02,87.2
46984,A4,312200,46984,1.9,0.0,2006MM03,87.2
46985,A4,312200,46985,0.7,0.2,2006MM04,87.4
46986,A4,312200,46986,0.7,0.0,2006MM05,87.4
46987,A4,312200,46987,0.5,0.0,2006MM06,87.4
46988,A4,312200,46988,1.3,-0.1,2006MM07,87.3
46989,A4,312200,46989,1.3,0.0,2006MM08,87.3
46990,A4,312200,46990,1.3,0.0,2006MM09,87.3
46991,A4,312200,46991,0.2,0.0,2006MM10,87.3
46992,A4,312200,46992,0.2,0.0,2006MM11,87.3
46993,A4,312200,46993,0.2,0.0,2006MM12,87.3
46995,A4,312200,46995,0.4,0.5,2007MM01,87.7
46996,A4,312200,46996,0.6,0.0,2007MM02,87.7
46997,A4,312200,46997,0.6,0.0,2007MM03,87.7
46998,A4,312200,46998,1.1,0.7,2007MM04,88.3
46999,A4,312200,46999,1.1,0.0,2007MM05,88.3
47000,A4,312200,47000,1.1,0.0,2007MM06,88.3
47001,A4,312200,47001,3.4,2.2,2007MM07,90.2
47002,A4,312200,47002,3.4,0.0,2007MM08,90.2
47003,A4,312200,47003,3.4,0.0,2007MM09,90.2
47004,A4,312200,47004,3.6,0.2,2007MM10,90.4
47005,A4,312200,47005,3.6,0.0,2007MM11,90.4
47006,A4,312200,47006,3.6,0.0,2007MM12,90.4
47008,A4,312200,47008,3.1,0.0,2008MM01,90.4
47009,A4,312200,47009,3.1,0.0,2008MM02,90.4
47010,A4,312200,47010,3.1,0.0,2008MM03,90.4
47011,A4,312200,47011,4.3,1.8,2008MM04,92.1
47012,A4,312200,47012,4.3,0.0,2008MM05,92.1
47013,A4,312200,47013,4.3,0.0,2008MM06,92.1
47014,A4,312200,47014,0.8,-1.3,2008MM07,90.9
47015,A4,312200,47015,0.8,0.0,2008MM08,90.9
47016,A4,312200,47016,0.8,0.0,2008MM09,90.9
47017,A4,312200,47017,0.7,0.2,2008MM10,91.1
47018,A4,312200,47018,1.4,0.7,2008MM11,91.7
47019,A4,312200,47019,1.4,0.0,2008MM12,91.7
47021,A4,312200,47021,1.9,0.5,2009MM01,92.2
47022,A4,312200,47022,2.0,0.0,2009MM02,92.2
47023,A4,312200,47023,3.1,1.1,2009MM03,93.2
47024,A4,312200,47024,2.1,0.9,2009MM04,94.0
47025,A4,312200,47025,2.1,0.0,2009MM05,94.0
47026,A4,312200,47026,2.3,0.2,2009MM06,94.2
47027,A4,312200,47027,4.4,0.7,2009MM07,94.9
47028,A4,312200,47028,4.5,0.1,2009MM08,95.0
47029,A4,312200,47029,4.5,0.0,2009MM09,95.0
47030,A4,312200,47030,4.3,0.0,2009MM10,95.0
47031,A4,312200,47031,3.6,0.0,2009MM11,95.0
47032,A4,312200,47032,3.6,0.0,2009MM12,95.0
47034,A4,312200,47034,3.0,0.0,2010MM01,95.0
47035,A4,312200,47035,3.0,0.0,2010MM02,95.0
47036,A4,312200,47036,4.0,2.1,2010MM03,96.9
47037,A4,312200,47037,7.8,4.6,2010MM04,101.4
47038,A4,312200,47038,7.9,0.1,2010MM05,101.5
47039,A4,312200,47039,7.7,0.0,2010MM06,101.5
47040,A4,312200,47040,6.9,0.1,2010MM07,101.5
47041,A4,312200,47041,6.9,0.0,2010MM08,101.5
47042,A4,312200,47042,6.9,0.0,2010MM09,101.5
47043,A4,312200,47043,6.8,-0.1,2010MM10,101.4
47044,A4,312200,47044,6.8,0.0,2010MM11,101.4
47045,A4,312200,47045,6.8,0.0,2010MM12,101.4
47047,A4,312200,47047,6.8,0.0,2011MM01,101.5
47048,A4,312200,47048,6.8,0.0,2011MM02,101.5
47049,A4,312200,47049,7.7,2.9,2011MM03,104.4
47050,A4,312200,47050,3.9,0.8,2011MM04,105.3
47051,A4,312200,47051,3.8,0.0,2011MM05,105.3
47052,A4,312200,47052,3.8,0.0,2011MM06,105.3
47053,A4,312200,47053,3.1,-0.6,2011MM07,104.6
47054,A4,312200,47054,3.1,0.0,2011MM08,104.6
47055,A4,312200,47055,3.1,0.0,2011MM09,104.6
47056,A4,312200,47056,4.0,0.8,2011MM10,105.5
47057,A4,312200,47057,4.0,0.0,2011MM11,105.5
47058,A4,312200,47058,4.0,0.0,2011MM12,105.5
47060,A4,312200,47060,6.4,2.3,2012MM01,108.0
47061,A4,312200,47061,6.7,0.3,2012MM02,108.3
47062,A4,312200,47062,3.7,0.0,2012MM03,108.3
47063,A4,312200,47063,3.8,0.9,2012MM04,109.3
47064,A4,312200,47064,3.8,0.0,2012MM05,109.3
47065,A4,312200,47065,3.8,0.0,2012MM06,109.3
47066,A4,312200,47066,4.7,0.2,2012MM07,109.5
47067,A4,312200,47067,5.9,1.2,2012MM08,110.8
47068,A4,312200,47068,5.9,0.0,2012MM09,110.8
47069,A4,312200,47069,6.0,0.9,2012MM10,111.8
47070,A4,312200,47070,7.0,1.0,2012MM11,112.9
47071,A4,312200,47071,7.0,0.0,2012MM12,112.9
47073,A4,312200,47073,5.5,0.9,2013MM01,113.9
47074,A4,312200,47074,5.2,0.0,2013MM02,113.9
47075,A4,312200,47075,5.2,0.0,2013MM03,113.9
47076,A4,312200,47076,5.6,1.3,2013MM04,115.4
47077,A4,312200,47077,5.6,0.0,2013MM05,115.4
47078,A4,312200,47078,5.6,0.0,2013MM06,115.4
47079,A4,312200,47079,3.9,-1.4,2013MM07,113.8
47080,A4,312200,47080,2.7,0.0,2013MM08,113.8
47081,A4,312200,47081,2.7,0.0,2013MM09,113.8
47082,A4,312200,47082,1.7,0.0,2013MM10,113.8
47083,A4,312200,47083,0.8,0.0,2013MM11,113.8
47084,A4,312200,47084,0.8,0.0,2013MM12,113.8
47086,A4,312200,47086,0.3,0.3,2014MM01,114.2
47087,A4,312200,47087,0.3,0.0,2014MM02,114.2
47088,A4,312200,47088,0.3,0.0,2014MM03,114.2
47089,A4,312200,47089,0.9,2.0,2014MM04,116.5
47090,A4,312200,47090,0.9,0.0,2014MM05,116.5
47091,A4,312200,47091,0.9,0.0,2014MM06,116.5
47092,A4,312200,47092,2.3,-0.1,2014MM07,116.3
47093,A4,312200,47093,2.3,0.0,2014MM08,116.3
47094,A4,312200,47094,2.3,0.0,2014MM09,116.3
47095,A4,312200,47095,3.6,1.3,2014MM10,117.9
47096,A4,312200,47096,3.6,0.0,2014MM11,117.9
47097,A4,312200,47097,3.6,0.0,2014MM12,117.9
47099,A4,312200,47099,5.4,2.0,2015MM01,120.3
47100,A4,312200,47100,5.4,0.0,2015MM02,120.3
47101,A4,312200,47101,5.4,0.0,2015MM03,120.3
47102,A4,312200,47102,2.0,-1.2,2015MM04,118.8
47103,A4,312200,47103,2.0,0.0,2015MM05,118.8
47104,A4,312200,47104,2.0,0.0,2015MM06,118.8
47105,A4,312200,47105,2.1,0.0,2015MM07,118.8
47106,A4,312200,47106,2.1,0.0,2015MM08,118.8
47107,A4,312200,47107,2.1,0.0,2015MM09,118.8
47108,A4,312200,47108,0.9,0.1,2015MM10,118.9
47109,A4,312200,47109,0.9,0.0,2015MM11,118.9
47110,A4,312200,47110,0.9,0.0,2015MM12,118.9
47112,A4,312200,47112,0.7,1.8,2016MM01,121.1
47113,A4,312200,47113,0.7,0.0,2016MM02,121.1
47114,A4,312200,47114,0.7,0.0,2016MM03,121.1
47115,A4,312200,47115,2.3,0.4,2016MM04,121.6
47116,A4,312200,47116,2.3,0.0,2016MM05,121.6
47117,A4,312200,47117,2.3,0.0,2016MM06,121.6
47118,A4,312200,47118,2.3,0.0,2016MM07,121.6
47119,A4,312200,47119,2.3,0.0,2016MM08,121.6
47120,A4,312200,47120,2.3,0.0,2016MM09,121.6
47121,A4,312200,47121,2.4,0.1,2016MM10,121.7
47122,A4,312200,47122,2.4,0.0,2016MM11,121.7
47123,A4,312200,47123,2.4,0.0,2016MM12,121.7
47125,A4,312200,47125,0.0,-0.5,2017MM01,121.1
47126,A4,312200,47126,0.0,0.0,2017MM02,121.1
47127,A4,312200,47127,0.0,0.0,2017MM03,121.1
47128,A4,312200,47128,1.3,1.7,2017MM04,123.2
47129,A4,312200,47129,1.3,0.0,2017MM05,123.2
47130,A4,312200,47130,1.3,0.0,2017MM06,123.2
47131,A4,312200,47131,1.7,0.4,2017MM07,123.7
47132,A4,312200,47132,1.7,0.0,2017MM08,123.7
47133,A4,312200,47133,1.7,0.0,2017MM09,123.7
47134,A4,312200,47134,1.6,0.0,2017MM10,123.7
47135,A4,312200,47135,1.6,0.0,2017MM11,123.7
47136,A4,312200,47136,1.6,0.0,2017MM12,123.7
