,Afzet,BedrijfstakkenBranchesSBI2008,ID,OntwikkelingTOV1JaarEerder_2,OntwikkelingTOV1MaandEerder_3,Perioden,ProducentenprijsindexPPI_1
14430,A6,312200,14430,,,1981MM01,42.2
14431,A6,312200,14431,,2.2,1981MM02,43.1
14432,A6,312200,14432,,2.5,1981MM03,44.2
14433,A6,312200,14433,,1.6,1981MM04,44.9
14434,A6,312200,14434,,0.3,1981MM05,45.1
14435,A6,312200,14435,,-0.1,1981MM06,45.0
14436,A6,312200,14436,,0.1,1981MM07,45.1
14437,A6,312200,14437,,1.0,1981MM08,45.6
14438,A6,312200,14438,,1.8,1981MM09,46.4
14439,A6,312200,14439,,-0.2,1981MM10,46.3
14440,A6,312200,14440,,0.0,1981MM11,46.3
14441,A6,312200,14441,,-0.9,1981MM12,45.9
14443,A6,312200,14443,9.8,1.0,1982MM01,46.3
14444,A6,312200,14444,7.4,0.0,1982MM02,46.3
14445,A6,312200,14445,5.0,0.2,1982MM03,46.4
14446,A6,312200,14446,2.7,-0.6,1982MM04,46.2
14447,A6,312200,14447,2.8,0.5,1982MM05,46.4
14448,A6,312200,14448,3.3,0.3,1982MM06,46.5
14449,A6,312200,14449,3.8,0.6,1982MM07,46.8
14450,A6,312200,14450,5.2,2.4,1982MM08,47.9
14451,A6,312200,14451,4.2,0.9,1982MM09,48.4
14452,A6,312200,14452,4.2,-0.2,1982MM10,48.3
14453,A6,312200,14453,4.2,0.0,1982MM11,48.3
14454,A6,312200,14454,5.7,0.4,1982MM12,48.5
14456,A6,312200,14456,4.6,0.0,1983MM01,48.5
14457,A6,312200,14457,4.8,0.2,1983MM02,48.6
14458,A6,312200,14458,4.8,0.2,1983MM03,48.7
14459,A6,312200,14459,5.1,-0.3,1983MM04,48.5
14460,A6,312200,14460,4.7,0.1,1983MM05,48.5
14461,A6,312200,14461,4.2,-0.2,1983MM06,48.5
14462,A6,312200,14462,5.3,1.7,1983MM07,49.3
14463,A6,312200,14463,4.3,1.4,1983MM08,50.0
14464,A6,312200,14464,3.3,0.0,1983MM09,50.0
14465,A6,312200,14465,3.6,0.1,1983MM10,50.0
14466,A6,312200,14466,3.4,-0.1,1983MM11,49.9
14467,A6,312200,14467,3.7,0.7,1983MM12,50.3
14469,A6,312200,14469,10.8,6.8,1984MM01,53.7
14470,A6,312200,14470,10.4,-0.2,1984MM02,53.6
14471,A6,312200,14471,10.1,0.0,1984MM03,53.6
14472,A6,312200,14472,10.8,0.2,1984MM04,53.7
14473,A6,312200,14473,10.7,0.0,1984MM05,53.7
14474,A6,312200,14474,11.0,0.1,1984MM06,53.8
14475,A6,312200,14475,9.3,0.2,1984MM07,53.9
14476,A6,312200,14476,7.7,-0.1,1984MM08,53.8
14477,A6,312200,14477,8.1,0.4,1984MM09,54.0
14478,A6,312200,14478,8.8,0.7,1984MM10,54.4
14479,A6,312200,14479,10.3,1.2,1984MM11,55.1
14480,A6,312200,14480,10.0,0.4,1984MM12,55.3
14482,A6,312200,14482,3.7,0.7,1985MM01,55.7
14483,A6,312200,14483,3.9,0.1,1985MM02,55.7
14484,A6,312200,14484,3.3,-0.6,1985MM03,55.4
14485,A6,312200,14485,3.7,0.6,1985MM04,55.7
14486,A6,312200,14486,4.6,0.9,1985MM05,56.2
14487,A6,312200,14487,4.5,0.0,1985MM06,56.2
14488,A6,312200,14488,4.3,0.1,1985MM07,56.2
14489,A6,312200,14489,4.9,0.4,1985MM08,56.5
14490,A6,312200,14490,4.6,0.1,1985MM09,56.5
14491,A6,312200,14491,3.8,0.0,1985MM10,56.5
14492,A6,312200,14492,2.7,0.0,1985MM11,56.5
14493,A6,312200,14493,2.2,0.0,1985MM12,56.5
14495,A6,312200,14495,1.5,0.0,1986MM01,56.5
14496,A6,312200,14496,1.5,0.1,1986MM02,56.6
14497,A6,312200,14497,2.0,-0.1,1986MM03,56.5
14498,A6,312200,14498,1.2,-0.2,1986MM04,56.4
14499,A6,312200,14499,0.2,-0.1,1986MM05,56.3
14500,A6,312200,14500,1.3,1.0,1986MM06,56.9
14501,A6,312200,14501,2.3,1.1,1986MM07,57.5
14502,A6,312200,14502,1.6,-0.2,1986MM08,57.4
14503,A6,312200,14503,-0.4,-1.9,1986MM09,56.3
14504,A6,312200,14504,-0.3,0.1,1986MM10,56.4
14505,A6,312200,14505,1.1,1.4,1986MM11,57.2
14506,A6,312200,14506,1.0,-0.1,1986MM12,57.1
14508,A6,312200,14508,1.8,0.8,1987MM01,57.6
14509,A6,312200,14509,1.3,-0.5,1987MM02,57.3
14510,A6,312200,14510,1.5,0.1,1987MM03,57.3
14511,A6,312200,14511,1.5,-0.1,1987MM04,57.3
14512,A6,312200,14512,1.6,-0.1,1987MM05,57.2
14513,A6,312200,14513,0.5,-0.1,1987MM06,57.2
14514,A6,312200,14514,-0.6,0.0,1987MM07,57.1
14515,A6,312200,14515,-0.3,0.1,1987MM08,57.2
14516,A6,312200,14516,1.7,0.1,1987MM09,57.3
14517,A6,312200,14517,2.1,0.5,1987MM10,57.6
14518,A6,312200,14518,0.5,-0.2,1987MM11,57.4
14519,A6,312200,14519,0.6,0.0,1987MM12,57.5
14521,A6,312200,14521,-0.5,-0.3,1988MM01,57.3
14522,A6,312200,14522,-0.1,-0.1,1988MM02,57.2
14523,A6,312200,14523,-0.3,-0.1,1988MM03,57.2
14524,A6,312200,14524,0.2,0.4,1988MM04,57.4
14525,A6,312200,14525,0.9,0.6,1988MM05,57.7
14526,A6,312200,14526,1.1,0.2,1988MM06,57.8
14527,A6,312200,14527,1.4,0.3,1988MM07,58.0
14528,A6,312200,14528,1.3,0.0,1988MM08,58.0
14529,A6,312200,14529,1.3,0.1,1988MM09,58.0
14530,A6,312200,14530,0.7,0.0,1988MM10,58.0
14531,A6,312200,14531,1.8,0.8,1988MM11,58.5
14532,A6,312200,14532,1.9,0.2,1988MM12,58.6
14534,A6,312200,14534,3.8,1.5,1989MM01,59.4
14535,A6,312200,14535,3.9,0.0,1989MM02,59.4
14536,A6,312200,14536,3.8,-0.2,1989MM03,59.3
14537,A6,312200,14537,3.4,0.0,1989MM04,59.4
14538,A6,312200,14538,2.9,0.1,1989MM05,59.4
14539,A6,312200,14539,2.7,-0.1,1989MM06,59.4
14540,A6,312200,14540,2.8,0.3,1989MM07,59.6
14541,A6,312200,14541,2.9,0.1,1989MM08,59.6
14542,A6,312200,14542,2.7,-0.1,1989MM09,59.6
14543,A6,312200,14543,2.3,-0.4,1989MM10,59.3
14544,A6,312200,14544,1.5,0.0,1989MM11,59.3
14545,A6,312200,14545,1.1,-0.2,1989MM12,59.2
14547,A6,312200,14547,0.9,1.3,1990MM01,60.0
14548,A6,312200,14548,1.0,0.1,1990MM02,60.0
14549,A6,312200,14549,1.1,0.0,1990MM03,60.0
14550,A6,312200,14550,2.0,1.0,1990MM04,60.6
14551,A6,312200,14551,2.0,0.0,1990MM05,60.6
14552,A6,312200,14552,1.9,-0.1,1990MM06,60.5
14553,A6,312200,14553,1.8,0.3,1990MM07,60.7
14554,A6,312200,14554,1.6,-0.1,1990MM08,60.6
14555,A6,312200,14555,1.3,-0.4,1990MM09,60.4
14556,A6,312200,14556,1.8,0.1,1990MM10,60.4
14557,A6,312200,14557,1.7,-0.1,1990MM11,60.4
14558,A6,312200,14558,1.6,-0.4,1990MM12,60.2
14560,A6,312200,14560,2.4,2.1,1991MM01,61.4
14561,A6,312200,14561,2.4,0.0,1991MM02,61.5
14562,A6,312200,14562,2.8,0.4,1991MM03,61.7
14563,A6,312200,14563,2.9,1.0,1991MM04,62.3
14564,A6,312200,14564,3.1,0.2,1991MM05,62.4
14565,A6,312200,14565,2.8,-0.4,1991MM06,62.2
14566,A6,312200,14566,2.6,0.1,1991MM07,62.2
14567,A6,312200,14567,2.5,-0.2,1991MM08,62.1
14568,A6,312200,14568,3.5,0.5,1991MM09,62.4
14569,A6,312200,14569,3.9,0.5,1991MM10,62.8
14570,A6,312200,14570,3.8,-0.1,1991MM11,62.7
14571,A6,312200,14571,5.6,1.4,1991MM12,63.6
14573,A6,312200,14573,3.1,-0.3,1992MM01,63.3
14574,A6,312200,14574,5.5,2.3,1992MM02,64.8
14575,A6,312200,14575,4.9,-0.2,1992MM03,64.7
14576,A6,312200,14576,6.1,2.2,1992MM04,66.1
14577,A6,312200,14577,5.8,-0.1,1992MM05,66.0
14578,A6,312200,14578,6.4,0.2,1992MM06,66.2
14579,A6,312200,14579,6.9,0.5,1992MM07,66.5
14580,A6,312200,14580,7.0,-0.1,1992MM08,66.5
14581,A6,312200,14581,6.1,-0.3,1992MM09,66.3
14582,A6,312200,14582,3.9,-1.6,1992MM10,65.2
14583,A6,312200,14583,4.2,0.1,1992MM11,65.3
14584,A6,312200,14584,1.7,-1.0,1992MM12,64.6
14586,A6,312200,14586,2.1,0.1,1993MM01,64.7
14587,A6,312200,14587,0.4,0.6,1993MM02,65.1
14588,A6,312200,14588,-0.6,-1.2,1993MM03,64.3
14589,A6,312200,14589,-4.1,-1.4,1993MM04,63.4
14590,A6,312200,14590,-1.8,2.3,1993MM05,64.8
14591,A6,312200,14591,-2.4,-0.4,1993MM06,64.6
14592,A6,312200,14592,-1.9,1.0,1993MM07,65.3
14593,A6,312200,14593,-3.6,-1.8,1993MM08,64.1
14594,A6,312200,14594,-4.3,-1.1,1993MM09,63.4
14595,A6,312200,14595,-3.5,-0.7,1993MM10,62.9
14596,A6,312200,14596,-3.6,0.0,1993MM11,62.9
14597,A6,312200,14597,-3.2,-0.6,1993MM12,62.5
14599,A6,312200,14599,-3.1,0.2,1994MM01,62.7
14600,A6,312200,14600,-3.2,0.5,1994MM02,63.0
14601,A6,312200,14601,-1.6,0.4,1994MM03,63.3
14602,A6,312200,14602,-0.1,0.1,1994MM04,63.3
14603,A6,312200,14603,-0.1,2.3,1994MM05,64.8
14604,A6,312200,14604,0.5,0.2,1994MM06,64.9
14605,A6,312200,14605,-1.5,-1.0,1994MM07,64.3
14606,A6,312200,14606,0.3,0.0,1994MM08,64.3
14607,A6,312200,14607,1.6,0.1,1994MM09,64.4
14608,A6,312200,14608,1.8,-0.5,1994MM10,64.1
14609,A6,312200,14609,2.0,0.2,1994MM11,64.2
14610,A6,312200,14610,2.8,0.1,1994MM12,64.3
14612,A6,312200,14612,1.8,-0.8,1995MM01,63.8
14613,A6,312200,14613,0.6,-0.6,1995MM02,63.4
14614,A6,312200,14614,0.3,0.1,1995MM03,63.5
14615,A6,312200,14615,-3.8,-4.0,1995MM04,60.9
14616,A6,312200,14616,-4.1,2.0,1995MM05,62.2
14617,A6,312200,14617,-4.0,0.2,1995MM06,62.3
14618,A6,312200,14618,-2.5,0.6,1995MM07,62.7
14619,A6,312200,14619,-0.7,1.8,1995MM08,63.8
14620,A6,312200,14620,-0.6,0.2,1995MM09,64.0
14621,A6,312200,14621,-1.4,-1.2,1995MM10,63.2
14622,A6,312200,14622,-0.8,0.8,1995MM11,63.7
14623,A6,312200,14623,0.0,0.9,1995MM12,64.3
14625,A6,312200,14625,3.5,2.7,1996MM01,66.0
14626,A6,312200,14626,4.8,0.7,1996MM02,66.5
14627,A6,312200,14627,5.3,0.6,1996MM03,66.9
14628,A6,312200,14628,10.7,0.8,1996MM04,67.4
14629,A6,312200,14629,9.1,0.6,1996MM05,67.8
14630,A6,312200,14630,9.6,0.7,1996MM06,68.3
14631,A6,312200,14631,8.3,-0.6,1996MM07,67.9
14632,A6,312200,14632,7.0,0.6,1996MM08,68.3
14633,A6,312200,14633,8.0,1.2,1996MM09,69.1
14634,A6,312200,14634,10.0,0.6,1996MM10,69.5
14635,A6,312200,14635,8.7,-0.4,1996MM11,69.3
14636,A6,312200,14636,9.2,1.3,1996MM12,70.2
14638,A6,312200,14638,7.4,1.1,1997MM01,70.9
14639,A6,312200,14639,7.0,0.2,1997MM02,71.1
14640,A6,312200,14640,4.9,-1.4,1997MM03,70.1
14641,A6,312200,14641,5.2,1.2,1997MM04,70.9
14642,A6,312200,14642,5.1,0.4,1997MM05,71.3
14643,A6,312200,14643,4.7,0.3,1997MM06,71.5
14644,A6,312200,14644,5.9,0.5,1997MM07,71.8
14645,A6,312200,14645,5.6,0.3,1997MM08,72.1
14646,A6,312200,14646,4.1,-0.3,1997MM09,71.9
14647,A6,312200,14647,3.2,-0.3,1997MM10,71.7
14648,A6,312200,14648,2.2,-1.3,1997MM11,70.8
14649,A6,312200,14649,-1.2,-2.1,1997MM12,69.3
14651,A6,312200,14651,-2.3,0.0,1998MM01,69.3
14652,A6,312200,14652,-3.0,-0.4,1998MM02,69.0
14653,A6,312200,14653,-1.3,0.2,1998MM03,69.2
14654,A6,312200,14654,-1.3,1.2,1998MM04,70.0
14655,A6,312200,14655,-1.8,0.0,1998MM05,70.0
14656,A6,312200,14656,-2.0,0.1,1998MM06,70.0
14657,A6,312200,14657,-2.1,0.4,1998MM07,70.3
14658,A6,312200,14658,-2.4,0.0,1998MM08,70.4
14659,A6,312200,14659,-2.2,-0.1,1998MM09,70.3
14660,A6,312200,14660,-1.6,0.4,1998MM10,70.6
14661,A6,312200,14661,1.9,2.2,1998MM11,72.1
14662,A6,312200,14662,3.9,-0.1,1998MM12,72.0
14664,A6,312200,14664,3.5,-0.4,1999MM01,71.7
14665,A6,312200,14665,2.9,-1.0,1999MM02,71.0
14666,A6,312200,14666,3.0,0.4,1999MM03,71.3
14667,A6,312200,14667,1.3,-0.5,1999MM04,70.9
14668,A6,312200,14668,1.4,0.1,1999MM05,71.0
14669,A6,312200,14669,1.5,0.1,1999MM06,71.1
14670,A6,312200,14670,1.6,0.5,1999MM07,71.4
14671,A6,312200,14671,2.0,0.4,1999MM08,71.8
14672,A6,312200,14672,2.5,0.4,1999MM09,72.1
14673,A6,312200,14673,2.2,0.1,1999MM10,72.1
14674,A6,312200,14674,0.1,0.1,1999MM11,72.2
14675,A6,312200,14675,0.5,0.2,1999MM12,72.4
14677,A6,312200,14677,1.4,0.5,2000MM01,72.7
14678,A6,312200,14678,2.3,-0.1,2000MM02,72.6
14679,A6,312200,14679,2.8,0.8,2000MM03,73.2
14680,A6,312200,14680,5.5,2.1,2000MM04,74.8
14681,A6,312200,14681,5.5,0.2,2000MM05,74.9
14682,A6,312200,14682,5.3,-0.1,2000MM06,74.8
14683,A6,312200,14683,6.1,1.3,2000MM07,75.8
14684,A6,312200,14684,5.8,0.1,2000MM08,75.9
14685,A6,312200,14685,5.4,0.1,2000MM09,75.9
14686,A6,312200,14686,5.8,0.5,2000MM10,76.3
14687,A6,312200,14687,5.5,-0.1,2000MM11,76.2
14688,A6,312200,14688,5.3,-0.1,2000MM12,76.2
14690,A6,312200,14690,7.5,2.6,2001MM01,78.2
14691,A6,312200,14691,6.9,-0.6,2001MM02,77.7
14692,A6,312200,14692,6.2,0.2,2001MM03,77.8
14693,A6,312200,14693,6.1,2.0,2001MM04,79.4
14694,A6,312200,14694,6.2,0.2,2001MM05,79.5
14695,A6,312200,14695,6.5,0.2,2001MM06,79.7
14696,A6,312200,14696,5.2,0.1,2001MM07,79.8
14697,A6,312200,14697,5.2,0.1,2001MM08,79.9
14698,A6,312200,14698,5.1,-0.1,2001MM09,79.8
14699,A6,312200,14699,4.8,0.2,2001MM10,80.0
14700,A6,312200,14700,5.5,0.5,2001MM11,80.4
14701,A6,312200,14701,5.0,-0.5,2001MM12,80.0
14703,A6,312200,14703,4.1,1.7,2002MM01,81.4
14704,A6,312200,14704,2.4,-2.2,2002MM02,79.6
14705,A6,312200,14705,2.6,0.3,2002MM03,79.8
14706,A6,312200,14706,1.2,0.6,2002MM04,80.3
14707,A6,312200,14707,0.9,-0.1,2002MM05,80.2
14708,A6,312200,14708,1.7,1.0,2002MM06,81.0
14709,A6,312200,14709,1.5,0.0,2002MM07,81.0
14710,A6,312200,14710,1.6,0.2,2002MM08,81.1
14711,A6,312200,14711,1.7,0.0,2002MM09,81.2
14712,A6,312200,14712,1.6,0.1,2002MM10,81.2
14713,A6,312200,14713,0.2,-0.9,2002MM11,80.5
14714,A6,312200,14714,0.6,0.0,2002MM12,80.5
14716,A6,312200,14716,1.0,2.2,2003MM01,82.2
14717,A6,312200,14717,3.3,-0.1,2003MM02,82.2
14718,A6,312200,14718,4.2,1.2,2003MM03,83.2
14719,A6,312200,14719,3.7,0.1,2003MM04,83.3
14720,A6,312200,14720,6.0,2.1,2003MM05,85.0
14721,A6,312200,14721,5.1,0.1,2003MM06,85.1
14722,A6,312200,14722,5.4,0.3,2003MM07,85.4
14723,A6,312200,14723,4.7,-0.5,2003MM08,85.0
14724,A6,312200,14724,4.7,0.0,2003MM09,85.0
14725,A6,312200,14725,4.9,0.3,2003MM10,85.2
14726,A6,312200,14726,6.0,0.1,2003MM11,85.3
14727,A6,312200,14727,5.9,-0.1,2003MM12,85.2
14729,A6,312200,14729,2.0,-1.6,2004MM01,83.9
14730,A6,312200,14730,3.8,1.7,2004MM02,85.3
14731,A6,312200,14731,3.5,0.9,2004MM03,86.1
14732,A6,312200,14732,3.6,0.2,2004MM04,86.3
14733,A6,312200,14733,1.4,-0.1,2004MM05,86.2
14734,A6,312200,14734,1.2,-0.1,2004MM06,86.2
14735,A6,312200,14735,1.0,0.1,2004MM07,86.2
14736,A6,312200,14736,0.8,-0.6,2004MM08,85.7
14737,A6,312200,14737,0.5,-0.3,2004MM09,85.4
14738,A6,312200,14738,0.2,0.0,2004MM10,85.4
14739,A6,312200,14739,-0.9,-1.0,2004MM11,84.5
14740,A6,312200,14740,1.9,2.7,2004MM12,86.8
14742,A6,312200,14742,1.81538461538,1.4,2005MM01,87.0
14743,A6,312200,14743,1.73076923077,0.1,2005MM02,87.1
14744,A6,312200,14744,1.64615384615,0.0,2005MM03,87.1
14745,A6,312200,14745,1.56153846154,0.3,2005MM04,87.3
14746,A6,312200,14746,1.47692307692,0.0,2005MM05,87.4
14747,A6,312200,14747,1.39230769231,-0.1,2005MM06,87.2
14748,A6,312200,14748,1.30769230769,-0.2,2005MM07,87.1
14749,A6,312200,14749,1.22307692308,0.0,2005MM08,87.1
14750,A6,312200,14750,1.13846153846,0.6,2005MM09,87.6
14751,A6,312200,14751,1.05384615385,0.3,2005MM10,87.9
14752,A6,312200,14752,0.969230769231,0.0,2005MM11,87.9
14753,A6,312200,14753,0.884615384615,0.0,2005MM12,87.9
14755,A6,312200,14755,0.8,-0.2,2006MM01,87.7
14756,A6,312200,14756,0.7,0.0,2006MM02,87.7
14757,A6,312200,14757,0.7,-0.1,2006MM03,87.6
14758,A6,312200,14758,0.3,0.0,2006MM04,87.6
14759,A6,312200,14759,0.3,0.0,2006MM05,87.6
14760,A6,312200,14760,0.4,-0.1,2006MM06,87.6
14761,A6,312200,14761,0.7,0.1,2006MM07,87.7
14762,A6,312200,14762,0.7,0.0,2006MM08,87.7
14763,A6,312200,14763,0.1,0.0,2006MM09,87.7
14764,A6,312200,14764,-0.1,0.0,2006MM10,87.8
14765,A6,312200,14765,-0.1,0.0,2006MM11,87.8
14766,A6,312200,14766,-0.1,0.0,2006MM12,87.7
14768,A6,312200,14768,0.6,0.6,2007MM01,88.2
14769,A6,312200,14769,0.6,0.0,2007MM02,88.2
14770,A6,312200,14770,0.6,0.0,2007MM03,88.2
14771,A6,312200,14771,0.9,0.2,2007MM04,88.4
14772,A6,312200,14772,0.8,0.0,2007MM05,88.4
14773,A6,312200,14773,1.0,0.1,2007MM06,88.5
14774,A6,312200,14774,1.3,0.5,2007MM07,88.9
14775,A6,312200,14775,1.2,-0.1,2007MM08,88.8
14776,A6,312200,14776,1.2,0.0,2007MM09,88.8
14777,A6,312200,14777,2.9,1.7,2007MM10,90.3
14778,A6,312200,14778,2.8,-0.1,2007MM11,90.2
14779,A6,312200,14779,2.7,-0.1,2007MM12,90.1
14781,A6,312200,14781,3.2,1.0,2008MM01,91.1
14782,A6,312200,14782,3.2,0.0,2008MM02,91.0
14783,A6,312200,14783,3.1,-0.1,2008MM03,90.9
14784,A6,312200,14784,3.2,0.4,2008MM04,91.2
14785,A6,312200,14785,3.3,0.1,2008MM05,91.3
14786,A6,312200,14786,3.2,0.0,2008MM06,91.3
14787,A6,312200,14787,2.5,-0.3,2008MM07,91.1
14788,A6,312200,14788,2.5,-0.1,2008MM08,91.0
14789,A6,312200,14789,2.4,-0.1,2008MM09,90.9
14790,A6,312200,14790,0.8,0.1,2008MM10,91.0
14791,A6,312200,14791,5.6,4.7,2008MM11,95.3
14792,A6,312200,14792,5.5,-0.2,2008MM12,95.1
14794,A6,312200,14794,4.6,0.2,2009MM01,95.2
14795,A6,312200,14795,4.7,0.0,2009MM02,95.3
14796,A6,312200,14796,5.0,0.2,2009MM03,95.5
14797,A6,312200,14797,5.0,0.3,2009MM04,95.8
14798,A6,312200,14798,5.0,0.1,2009MM05,95.9
14799,A6,312200,14799,6.8,1.8,2009MM06,97.6
14800,A6,312200,14800,7.1,0.0,2009MM07,97.5
14801,A6,312200,14801,7.1,-0.1,2009MM08,97.5
14802,A6,312200,14802,7.2,0.0,2009MM09,97.4
14803,A6,312200,14803,7.1,0.0,2009MM10,97.5
14804,A6,312200,14804,3.3,0.9,2009MM11,98.4
14805,A6,312200,14805,3.5,0.0,2009MM12,98.4
14807,A6,312200,14807,3.6,0.3,2010MM01,98.6
14808,A6,312200,14808,3.6,0.0,2010MM02,98.7
14809,A6,312200,14809,4.2,0.8,2010MM03,99.5
14810,A6,312200,14810,4.6,0.7,2010MM04,100.1
14811,A6,312200,14811,4.5,0.1,2010MM05,100.2
14812,A6,312200,14812,2.8,0.1,2010MM06,100.3
14813,A6,312200,14813,2.9,0.1,2010MM07,100.4
14814,A6,312200,14814,3.0,0.1,2010MM08,100.4
14815,A6,312200,14815,3.1,0.0,2010MM09,100.5
14816,A6,312200,14816,2.9,-0.1,2010MM10,100.3
14817,A6,312200,14817,2.2,0.2,2010MM11,100.5
14818,A6,312200,14818,2.2,0.0,2010MM12,100.6
14820,A6,312200,14820,2.3,0.4,2011MM01,100.9
14821,A6,312200,14821,2.2,0.0,2011MM02,100.9
14822,A6,312200,14822,1.9,0.5,2011MM03,101.4
14823,A6,312200,14823,1.4,0.2,2011MM04,101.6
14824,A6,312200,14824,1.4,0.0,2011MM05,101.6
14825,A6,312200,14825,1.5,0.1,2011MM06,101.7
14826,A6,312200,14826,1.4,0.0,2011MM07,101.7
14827,A6,312200,14827,1.2,-0.1,2011MM08,101.7
14828,A6,312200,14828,1.2,0.0,2011MM09,101.7
14829,A6,312200,14829,6.8,5.4,2011MM10,107.1
14830,A6,312200,14830,6.6,0.0,2011MM11,107.2
14831,A6,312200,14831,6.7,0.1,2011MM12,107.3
14833,A6,312200,14833,7.3,0.9,2012MM01,108.3
14834,A6,312200,14834,7.4,0.0,2012MM02,108.3
14835,A6,312200,14835,6.8,0.0,2012MM03,108.3
14836,A6,312200,14836,6.9,0.2,2012MM04,108.6
14837,A6,312200,14837,6.9,0.0,2012MM05,108.6
14838,A6,312200,14838,6.7,0.0,2012MM06,108.6
14839,A6,312200,14839,7.2,0.4,2012MM07,109.0
14840,A6,312200,14840,15.9,8.0,2012MM08,117.8
14841,A6,312200,14841,15.8,0.0,2012MM09,117.8
14842,A6,312200,14842,11.2,1.1,2012MM10,119.1
14843,A6,312200,14843,17.9,6.1,2012MM11,126.4
14844,A6,312200,14844,17.7,0.0,2012MM12,126.3
14846,A6,312200,14846,17.4,0.6,2013MM01,127.1
14847,A6,312200,14847,17.3,-0.1,2013MM02,127.0
14848,A6,312200,14848,17.3,0.0,2013MM03,127.0
14849,A6,312200,14849,17.1,0.1,2013MM04,127.1
14850,A6,312200,14850,17.0,0.0,2013MM05,127.1
14851,A6,312200,14851,17.0,0.0,2013MM06,127.1
14852,A6,312200,14852,6.6,-8.6,2013MM07,116.2
14853,A6,312200,14853,-0.7,0.6,2013MM08,116.9
14854,A6,312200,14854,-0.7,0.0,2013MM09,117.0
14855,A6,312200,14855,-1.8,0.0,2013MM10,117.0
14856,A6,312200,14856,-7.4,0.0,2013MM11,117.1
14857,A6,312200,14857,-7.3,0.0,2013MM12,117.1
14859,A6,312200,14859,-10.6,-3.0,2014MM01,113.6
14860,A6,312200,14860,-10.6,0.0,2014MM02,113.6
14861,A6,312200,14861,-10.6,0.0,2014MM03,113.6
14862,A6,312200,14862,-10.3,0.4,2014MM04,114.1
14863,A6,312200,14863,-1.8,9.4,2014MM05,124.8
14864,A6,312200,14864,-1.8,0.0,2014MM06,124.9
14865,A6,312200,14865,7.5,0.0,2014MM07,124.9
14866,A6,312200,14866,6.8,0.0,2014MM08,124.9
14867,A6,312200,14867,6.7,0.0,2014MM09,124.9
14868,A6,312200,14868,0.5,-5.8,2014MM10,117.6
14869,A6,312200,14869,0.5,0.0,2014MM11,117.6
14870,A6,312200,14870,0.5,0.0,2014MM12,117.6
14872,A6,312200,14872,2.0,-1.4,2015MM01,115.9
14873,A6,312200,14873,2.5,0.4,2015MM02,116.4
14874,A6,312200,14874,2.5,0.0,2015MM03,116.5
14875,A6,312200,14875,1.9,-0.2,2015MM04,116.2
14876,A6,312200,14876,-6.9,0.0,2015MM05,116.2
14877,A6,312200,14877,-6.9,0.0,2015MM06,116.2
14878,A6,312200,14878,-6.9,0.0,2015MM07,116.2
14879,A6,312200,14879,-6.9,0.0,2015MM08,116.2
14880,A6,312200,14880,-7.5,-0.6,2015MM09,115.5
14881,A6,312200,14881,-1.8,0.0,2015MM10,115.5
14882,A6,312200,14882,-1.7,0.1,2015MM11,115.6
14883,A6,312200,14883,-1.8,-0.1,2015MM12,115.5
14885,A6,312200,14885,-0.1,0.2,2016MM01,115.8
14886,A6,312200,14886,-0.6,-0.1,2016MM02,115.7
14887,A6,312200,14887,-0.6,0.0,2016MM03,115.7
14888,A6,312200,14888,-0.3,0.1,2016MM04,115.8
14889,A6,312200,14889,0.3,0.7,2016MM05,116.6
14890,A6,312200,14890,0.3,0.0,2016MM06,116.5
14891,A6,312200,14891,0.1,-0.1,2016MM07,116.4
14892,A6,312200,14892,0.1,0.0,2016MM08,116.3
14893,A6,312200,14893,0.7,0.0,2016MM09,116.3
14894,A6,312200,14894,0.9,0.2,2016MM10,116.6
14895,A6,312200,14895,0.9,0.1,2016MM11,116.6
14896,A6,312200,14896,1.0,0.1,2016MM12,116.7
14898,A6,312200,14898,4.2,3.4,2017MM01,120.6
14899,A6,312200,14899,4.3,0.0,2017MM02,120.7
14900,A6,312200,14900,4.2,0.0,2017MM03,120.6
14901,A6,312200,14901,7.0,2.7,2017MM04,123.9
14902,A6,312200,14902,6.2,0.0,2017MM05,123.8
14903,A6,312200,14903,6.2,-0.1,2017MM06,123.8
14904,A6,312200,14904,5.9,-0.4,2017MM07,123.3
14905,A6,312200,14905,5.9,-0.1,2017MM08,123.2
14906,A6,312200,14906,5.9,0.0,2017MM09,123.3
14907,A6,312200,14907,5.8,0.0,2017MM10,123.3
14908,A6,312200,14908,5.7,0.0,2017MM11,123.3
14909,A6,312200,14909,5.6,0.0,2017MM12,123.3
