,Afzet,BedrijfstakkenBranchesSBI2008,ID,OntwikkelingTOV1JaarEerder_2,OntwikkelingTOV1MaandEerder_3,Perioden,ProducentenprijsindexPPI_1
78884,A5,312200,78884,2.50769230769,0.25,1981MM01,45.1
78885,A5,312200,78885,3.41538461538,0.5,1981MM02,45.3
78886,A5,312200,78886,4.32307692308,0.1,1981MM03,45.4
78887,A5,312200,78887,5.23076923077,4.3,1981MM04,47.3
78888,A5,312200,78888,6.13846153846,0.9,1981MM05,47.7
78889,A5,312200,78889,7.04615384615,-0.4,1981MM06,47.5
78890,A5,312200,78890,7.95384615385,0.4,1981MM07,47.7
78891,A5,312200,78891,8.86153846154,3.0,1981MM08,49.2
78892,A5,312200,78892,9.76923076923,5.2,1981MM09,51.7
78893,A5,312200,78893,10.6769230769,-1.1,1981MM10,51.2
78894,A5,312200,78894,11.5846153846,-0.1,1981MM11,51.1
78895,A5,312200,78895,12.4923076923,-2.6,1981MM12,49.8
78897,A5,312200,78897,13.4,2.7,1982MM01,51.1
78898,A5,312200,78898,12.8,0.0,1982MM02,51.1
78899,A5,312200,78899,13.4,0.7,1982MM03,51.5
78900,A5,312200,78900,6.7,-2.0,1982MM04,50.4
78901,A5,312200,78901,7.1,1.3,1982MM05,51.1
78902,A5,312200,78902,8.4,0.8,1982MM06,51.5
78903,A5,312200,78903,8.7,0.7,1982MM07,51.9
78904,A5,312200,78904,6.0,0.4,1982MM08,52.1
78905,A5,312200,78905,0.7,0.0,1982MM09,52.1
78906,A5,312200,78906,1.4,-0.4,1982MM10,51.9
78907,A5,312200,78907,0.9,-0.6,1982MM11,51.6
78908,A5,312200,78908,4.8,1.3,1982MM12,52.2
78910,A5,312200,78910,2.0,-0.1,1983MM01,52.2
78911,A5,312200,78911,2.3,0.2,1983MM02,52.3
78912,A5,312200,78912,2.2,0.6,1983MM03,52.6
78913,A5,312200,78913,2.7,-1.5,1983MM04,51.8
78914,A5,312200,78914,1.7,0.3,1983MM05,52.0
78915,A5,312200,78915,0.3,-0.5,1983MM06,51.7
78916,A5,312200,78916,3.9,4.3,1983MM07,53.9
78917,A5,312200,78917,5.1,1.5,1983MM08,54.7
78918,A5,312200,78918,4.3,-0.7,1983MM09,54.3
78919,A5,312200,78919,4.9,0.1,1983MM10,54.4
78920,A5,312200,78920,5.1,-0.4,1983MM11,54.2
78921,A5,312200,78921,3.7,0.0,1983MM12,54.1
78923,A5,312200,78923,5.2,1.3,1984MM01,54.9
78924,A5,312200,78924,4.6,-0.3,1984MM02,54.7
78925,A5,312200,78925,4.0,-0.1,1984MM03,54.7
78926,A5,312200,78926,6.1,0.6,1984MM04,55.0
78927,A5,312200,78927,6.0,0.1,1984MM05,55.1
78928,A5,312200,78928,6.9,0.3,1984MM06,55.3
78929,A5,312200,78929,3.8,1.3,1984MM07,56.0
78930,A5,312200,78930,2.2,-0.1,1984MM08,55.9
78931,A5,312200,78931,3.3,0.4,1984MM09,56.2
78932,A5,312200,78932,3.5,0.3,1984MM10,56.3
78933,A5,312200,78933,4.1,0.1,1984MM11,56.4
78934,A5,312200,78934,4.9,0.7,1984MM12,56.8
78936,A5,312200,78936,5.8,2.3,1985MM01,58.1
78937,A5,312200,78937,4.3,-1.7,1985MM02,57.1
78938,A5,312200,78938,4.9,0.5,1985MM03,57.3
78939,A5,312200,78939,2.8,-1.4,1985MM04,56.5
78940,A5,312200,78940,4.3,1.6,1985MM05,57.4
78941,A5,312200,78941,6.5,2.5,1985MM06,58.9
78942,A5,312200,78942,5.2,0.1,1985MM07,58.9
78943,A5,312200,78943,5.5,0.2,1985MM08,59.0
78944,A5,312200,78944,6.4,1.2,1985MM09,59.7
78945,A5,312200,78945,6.2,0.2,1985MM10,59.8
78946,A5,312200,78946,6.0,-0.2,1985MM11,59.7
78947,A5,312200,78947,5.2,0.0,1985MM12,59.7
78949,A5,312200,78949,2.7,-0.1,1986MM01,59.7
78950,A5,312200,78950,3.4,-1.1,1986MM02,59.0
78951,A5,312200,78951,3.8,0.8,1986MM03,59.5
78952,A5,312200,78952,5.3,0.0,1986MM04,59.5
78953,A5,312200,78953,3.1,-0.6,1986MM05,59.2
78954,A5,312200,78954,-0.8,-1.3,1986MM06,58.4
78955,A5,312200,78955,-0.5,0.4,1986MM07,58.6
78956,A5,312200,78956,0.6,1.3,1986MM08,59.4
78957,A5,312200,78957,-0.6,0.0,1986MM09,59.4
78958,A5,312200,78958,-1.3,-0.5,1986MM10,59.1
78959,A5,312200,78959,-2.1,-1.0,1986MM11,58.5
78960,A5,312200,78960,-2.3,-0.2,1986MM12,58.4
78962,A5,312200,78962,-1.8,0.3,1987MM01,58.6
78963,A5,312200,78963,-0.9,-0.1,1987MM02,58.5
78964,A5,312200,78964,-0.8,1.0,1987MM03,59.0
78965,A5,312200,78965,-0.4,0.4,1987MM04,59.3
78966,A5,312200,78966,-0.5,-0.7,1987MM05,58.9
78967,A5,312200,78967,1.1,0.2,1987MM06,59.0
78968,A5,312200,78968,0.6,-0.1,1987MM07,58.9
78969,A5,312200,78969,-1.0,-0.2,1987MM08,58.8
78970,A5,312200,78970,-1.2,-0.2,1987MM09,58.7
78971,A5,312200,78971,-0.7,-0.1,1987MM10,58.6
78972,A5,312200,78972,0.4,0.2,1987MM11,58.7
78973,A5,312200,78973,1.0,0.4,1987MM12,59.0
78975,A5,312200,78975,2.2,1.5,1988MM01,59.9
78976,A5,312200,78976,1.7,-0.6,1988MM02,59.5
78977,A5,312200,78977,0.9,0.1,1988MM03,59.6
78978,A5,312200,78978,2.0,1.5,1988MM04,60.5
78979,A5,312200,78979,0.2,-2.4,1988MM05,59.0
78980,A5,312200,78980,-0.1,-0.1,1988MM06,59.0
78981,A5,312200,78981,-0.2,-0.3,1988MM07,58.8
78982,A5,312200,78982,1.0,1.0,1988MM08,59.4
78983,A5,312200,78983,2.9,1.7,1988MM09,60.4
78984,A5,312200,78984,3.4,0.4,1988MM10,60.6
78985,A5,312200,78985,4.0,0.7,1988MM11,61.1
78986,A5,312200,78986,3.4,-0.2,1988MM12,61.0
78988,A5,312200,78988,1.7,-0.2,1989MM01,60.9
78989,A5,312200,78989,2.4,0.1,1989MM02,60.9
78990,A5,312200,78990,4.1,1.8,1989MM03,62.0
78991,A5,312200,78991,2.9,0.4,1989MM04,62.3
78992,A5,312200,78992,8.2,2.6,1989MM05,63.9
78993,A5,312200,78993,8.4,0.1,1989MM06,63.9
78994,A5,312200,78994,8.7,-0.1,1989MM07,63.9
78995,A5,312200,78995,6.9,-0.6,1989MM08,63.5
78996,A5,312200,78996,5.5,0.3,1989MM09,63.7
78997,A5,312200,78997,5.3,0.3,1989MM10,63.9
78998,A5,312200,78998,4.6,0.1,1989MM11,63.9
78999,A5,312200,78999,5.6,0.7,1989MM12,64.4
79001,A5,312200,79001,6.0,0.2,1990MM01,64.5
79002,A5,312200,79002,5.0,-0.9,1990MM02,63.9
79003,A5,312200,79003,3.3,0.3,1990MM03,64.1
79004,A5,312200,79004,3.1,0.1,1990MM04,64.2
79005,A5,312200,79005,1.7,1.2,1990MM05,65.0
79006,A5,312200,79006,1.7,0.1,1990MM06,65.1
79007,A5,312200,79007,1.8,0.0,1990MM07,65.0
79008,A5,312200,79008,2.8,0.4,1990MM08,65.3
79009,A5,312200,79009,2.4,-0.1,1990MM09,65.2
79010,A5,312200,79010,1.6,-0.5,1990MM10,64.9
79011,A5,312200,79011,1.4,-0.2,1990MM11,64.8
79012,A5,312200,79012,0.5,-0.1,1990MM12,64.8
79014,A5,312200,79014,-0.2,-0.6,1991MM01,64.4
79015,A5,312200,79015,4.6,3.8,1991MM02,66.9
79016,A5,312200,79016,3.2,-1.1,1991MM03,66.1
79017,A5,312200,79017,3.0,-0.1,1991MM04,66.1
79018,A5,312200,79018,2.1,0.4,1991MM05,66.4
79019,A5,312200,79019,3.3,1.2,1991MM06,67.2
79020,A5,312200,79020,3.2,-0.1,1991MM07,67.1
79021,A5,312200,79021,2.3,-0.5,1991MM08,66.8
79022,A5,312200,79022,2.5,0.1,1991MM09,66.9
79023,A5,312200,79023,2.7,-0.3,1991MM10,66.7
79024,A5,312200,79024,2.7,-0.1,1991MM11,66.6
79025,A5,312200,79025,3.5,0.6,1991MM12,67.0
79027,A5,312200,79027,3.9,-0.2,1992MM01,66.9
79028,A5,312200,79028,1.9,1.8,1992MM02,68.1
79029,A5,312200,79029,6.4,3.3,1992MM03,70.3
79030,A5,312200,79030,2.7,-3.5,1992MM04,67.9
79031,A5,312200,79031,4.9,2.6,1992MM05,69.6
79032,A5,312200,79032,3.3,-0.2,1992MM06,69.4
79033,A5,312200,79033,6.4,2.9,1992MM07,71.4
79034,A5,312200,79034,6.9,0.0,1992MM08,71.4
79035,A5,312200,79035,7.1,0.3,1992MM09,71.6
79036,A5,312200,79036,7.5,0.0,1992MM10,71.6
79037,A5,312200,79037,7.5,-0.1,1992MM11,71.6
79038,A5,312200,79038,6.4,-0.4,1992MM12,71.3
79040,A5,312200,79040,4.2,-2.2,1993MM01,69.7
79041,A5,312200,79041,2.4,0.1,1993MM02,69.8
79042,A5,312200,79042,-2.1,-1.3,1993MM03,68.8
79043,A5,312200,79043,-0.2,-1.6,1993MM04,67.7
79044,A5,312200,79044,-1.2,1.5,1993MM05,68.8
79045,A5,312200,79045,-0.2,0.7,1993MM06,69.3
79046,A5,312200,79046,-4.6,-1.6,1993MM07,68.1
79047,A5,312200,79047,-6.4,-1.9,1993MM08,66.9
79048,A5,312200,79048,-3.8,3.1,1993MM09,68.9
79049,A5,312200,79049,-4.3,-0.5,1993MM10,68.6
79050,A5,312200,79050,-2.9,1.3,1993MM11,69.5
79051,A5,312200,79051,-4.8,-2.4,1993MM12,67.8
79053,A5,312200,79053,-4.0,-1.4,1994MM01,66.9
79054,A5,312200,79054,-5.0,-1.0,1994MM02,66.3
79055,A5,312200,79055,-3.8,0.0,1994MM03,66.2
79056,A5,312200,79056,-3.0,-0.8,1994MM04,65.7
79057,A5,312200,79057,-2.0,2.5,1994MM05,67.4
79058,A5,312200,79058,-4.9,-2.3,1994MM06,65.8
79059,A5,312200,79059,-2.8,0.6,1994MM07,66.3
79060,A5,312200,79060,-0.4,0.5,1994MM08,66.6
79061,A5,312200,79061,-3.3,0.1,1994MM09,66.7
79062,A5,312200,79062,0.2,3.1,1994MM10,68.7
79063,A5,312200,79063,-0.9,0.2,1994MM11,68.9
79064,A5,312200,79064,0.0,-1.5,1994MM12,67.8
79066,A5,312200,79066,0.9,-0.5,1995MM01,67.5
79067,A5,312200,79067,0.9,-1.0,1995MM02,66.9
79068,A5,312200,79068,1.1,0.1,1995MM03,66.9
79069,A5,312200,79069,-3.5,-5.3,1995MM04,63.4
79070,A5,312200,79070,-3.5,2.5,1995MM05,65.0
79071,A5,312200,79071,-1.0,0.2,1995MM06,65.2
79072,A5,312200,79072,-0.9,0.8,1995MM07,65.7
79073,A5,312200,79073,0.9,2.3,1995MM08,67.2
79074,A5,312200,79074,1.1,0.3,1995MM09,67.4
79075,A5,312200,79075,-3.6,-1.7,1995MM10,66.3
79076,A5,312200,79076,-3.1,0.7,1995MM11,66.7
79077,A5,312200,79077,-0.9,0.8,1995MM12,67.3
79079,A5,312200,79079,2.9,3.4,1996MM01,69.5
79080,A5,312200,79080,4.8,0.8,1996MM02,70.1
79081,A5,312200,79081,5.5,0.8,1996MM03,70.7
79082,A5,312200,79082,12.5,1.0,1996MM04,71.4
79083,A5,312200,79083,10.6,0.8,1996MM05,71.9
79084,A5,312200,79084,11.3,0.9,1996MM06,72.6
79085,A5,312200,79085,9.4,-1.0,1996MM07,71.8
79086,A5,312200,79086,7.5,0.5,1996MM08,72.2
79087,A5,312200,79087,8.0,0.8,1996MM09,72.8
79088,A5,312200,79088,10.8,0.9,1996MM10,73.4
79089,A5,312200,79089,9.5,-0.4,1996MM11,73.1
79090,A5,312200,79090,10.5,1.6,1996MM12,74.3
79092,A5,312200,79092,8.4,1.4,1997MM01,75.3
79093,A5,312200,79093,7.4,-0.1,1997MM02,75.3
79094,A5,312200,79094,4.5,-1.9,1997MM03,73.8
79095,A5,312200,79095,4.9,1.5,1997MM04,74.9
79096,A5,312200,79096,4.7,0.6,1997MM05,75.3
79097,A5,312200,79097,4.2,0.4,1997MM06,75.6
79098,A5,312200,79098,5.9,0.6,1997MM07,76.1
79099,A5,312200,79099,5.8,0.4,1997MM08,76.4
79100,A5,312200,79100,4.6,-0.3,1997MM09,76.2
79101,A5,312200,79101,3.4,-0.3,1997MM10,75.9
79102,A5,312200,79102,2.1,-1.6,1997MM11,74.7
79103,A5,312200,79103,-2.1,-2.6,1997MM12,72.8
79105,A5,312200,79105,-4.2,-0.9,1998MM01,72.2
79106,A5,312200,79106,-4.9,-0.8,1998MM02,71.6
79107,A5,312200,79107,-2.7,0.3,1998MM03,71.8
79108,A5,312200,79108,-2.7,1.5,1998MM04,72.9
79109,A5,312200,79109,-3.2,0.0,1998MM05,72.9
79110,A5,312200,79110,-3.5,0.1,1998MM06,73.0
79111,A5,312200,79111,-3.6,0.5,1998MM07,73.3
79112,A5,312200,79112,-4.0,0.1,1998MM08,73.4
79113,A5,312200,79113,-3.8,-0.1,1998MM09,73.3
79114,A5,312200,79114,-3.7,-0.3,1998MM10,73.1
79115,A5,312200,79115,0.1,2.3,1998MM11,74.7
79116,A5,312200,79116,2.7,0.0,1998MM12,74.7
79118,A5,312200,79118,3.0,-0.6,1999MM01,74.3
79119,A5,312200,79119,2.7,-1.0,1999MM02,73.6
79120,A5,312200,79120,2.9,0.4,1999MM03,73.9
79121,A5,312200,79121,0.6,-0.7,1999MM04,73.4
79122,A5,312200,79122,0.8,0.2,1999MM05,73.5
79123,A5,312200,79123,0.9,0.1,1999MM06,73.6
79124,A5,312200,79124,1.0,0.6,1999MM07,74.1
79125,A5,312200,79125,1.4,0.5,1999MM08,74.4
79126,A5,312200,79126,1.8,0.2,1999MM09,74.6
79127,A5,312200,79127,2.2,0.1,1999MM10,74.7
79128,A5,312200,79128,0.1,0.2,1999MM11,74.8
79129,A5,312200,79129,0.4,0.3,1999MM12,75.0
79131,A5,312200,79131,1.6,0.6,2000MM01,75.5
79132,A5,312200,79132,2.4,-0.3,2000MM02,75.3
79133,A5,312200,79133,2.4,0.5,2000MM03,75.6
79134,A5,312200,79134,5.6,2.4,2000MM04,77.5
79135,A5,312200,79135,5.6,0.2,2000MM05,77.6
79136,A5,312200,79136,5.3,-0.2,2000MM06,77.5
79137,A5,312200,79137,6.1,1.4,2000MM07,78.6
79138,A5,312200,79138,5.7,0.1,2000MM08,78.7
79139,A5,312200,79139,5.6,0.1,2000MM09,78.7
79140,A5,312200,79140,5.6,0.1,2000MM10,78.8
79141,A5,312200,79141,5.2,-0.1,2000MM11,78.7
79142,A5,312200,79142,4.9,0.0,2000MM12,78.7
79144,A5,312200,79144,6.9,2.5,2001MM01,80.7
79145,A5,312200,79145,6.4,-0.7,2001MM02,80.1
79146,A5,312200,79146,6.1,0.2,2001MM03,80.2
79147,A5,312200,79147,5.9,2.3,2001MM04,82.1
79148,A5,312200,79148,6.0,0.3,2001MM05,82.3
79149,A5,312200,79149,6.4,0.2,2001MM06,82.5
79150,A5,312200,79150,4.9,-0.1,2001MM07,82.4
79151,A5,312200,79151,4.6,-0.2,2001MM08,82.3
79152,A5,312200,79152,4.4,-0.1,2001MM09,82.2
79153,A5,312200,79153,4.5,0.2,2001MM10,82.4
79154,A5,312200,79154,5.3,0.6,2001MM11,82.9
79155,A5,312200,79155,4.8,-0.5,2001MM12,82.5
79157,A5,312200,79157,4.0,1.7,2002MM01,83.9
79158,A5,312200,79158,2.0,-2.6,2002MM02,81.7
79159,A5,312200,79159,2.2,0.4,2002MM03,82.0
79160,A5,312200,79160,0.3,0.4,2002MM04,82.3
79161,A5,312200,79161,-0.1,-0.1,2002MM05,82.2
79162,A5,312200,79162,0.6,0.9,2002MM06,83.0
79163,A5,312200,79163,0.6,-0.1,2002MM07,82.9
79164,A5,312200,79164,0.9,0.2,2002MM08,83.1
79165,A5,312200,79165,1.0,0.1,2002MM09,83.1
79166,A5,312200,79166,0.9,0.1,2002MM10,83.2
79167,A5,312200,79167,-0.7,-1.1,2002MM11,82.3
79168,A5,312200,79168,-0.3,-0.1,2002MM12,82.2
79170,A5,312200,79170,0.5,2.5,2003MM01,84.3
79171,A5,312200,79171,3.1,-0.1,2003MM02,84.2
79172,A5,312200,79172,3.8,1.0,2003MM03,85.0
79173,A5,312200,79173,3.3,0.0,2003MM04,85.1
79174,A5,312200,79174,6.1,2.5,2003MM05,87.2
79175,A5,312200,79175,5.2,0.1,2003MM06,87.3
79176,A5,312200,79176,5.6,0.3,2003MM07,87.5
79177,A5,312200,79177,4.8,-0.5,2003MM08,87.1
79178,A5,312200,79178,4.8,0.0,2003MM09,87.1
79179,A5,312200,79179,5.1,0.4,2003MM10,87.4
79180,A5,312200,79180,6.4,0.1,2003MM11,87.5
79181,A5,312200,79181,6.3,-0.1,2003MM12,87.4
79183,A5,312200,79183,1.4,-2.2,2004MM01,85.5
79184,A5,312200,79184,3.1,1.6,2004MM02,86.9
79185,A5,312200,79185,2.1,0.0,2004MM03,86.9
79186,A5,312200,79186,2.3,0.2,2004MM04,87.0
79187,A5,312200,79187,-0.4,-0.2,2004MM05,86.9
79188,A5,312200,79188,-0.5,0.0,2004MM06,86.8
79189,A5,312200,79189,-0.8,0.0,2004MM07,86.8
79190,A5,312200,79190,-1.1,-0.8,2004MM08,86.1
79191,A5,312200,79191,-1.5,-0.4,2004MM09,85.8
79192,A5,312200,79192,-2.0,-0.1,2004MM10,85.7
79193,A5,312200,79193,-3.4,-1.3,2004MM11,84.6
79194,A5,312200,79194,-0.1,3.2,2004MM12,87.3
79196,A5,312200,79196,-0.0538461538462,1.65,2005MM01,87.4
79197,A5,312200,79197,-0.00769230769231,0.1,2005MM02,87.5
79198,A5,312200,79198,0.0384615384615,0.0,2005MM03,87.4
79199,A5,312200,79199,0.0846153846154,0.1,2005MM04,87.5
79200,A5,312200,79200,0.130769230769,0.0,2005MM05,87.5
79201,A5,312200,79201,0.176923076923,-0.2,2005MM06,87.3
79202,A5,312200,79202,0.223076923077,0.0,2005MM07,87.3
79203,A5,312200,79203,0.269230769231,0.0,2005MM08,87.3
79204,A5,312200,79204,0.315384615385,0.8,2005MM09,88.0
79205,A5,312200,79205,0.361538461538,0.1,2005MM10,88.1
79206,A5,312200,79206,0.407692307692,0.0,2005MM11,88.1
79207,A5,312200,79207,0.453846153846,0.0,2005MM12,88.0
79209,A5,312200,79209,0.5,-0.2,2006MM01,87.8
79210,A5,312200,79210,0.4,0.0,2006MM02,87.8
79211,A5,312200,79211,0.4,-0.1,2006MM03,87.8
79212,A5,312200,79212,0.2,-0.1,2006MM04,87.7
79213,A5,312200,79213,0.2,0.0,2006MM05,87.7
79214,A5,312200,79214,0.4,-0.1,2006MM06,87.6
79215,A5,312200,79215,0.6,0.2,2006MM07,87.8
79216,A5,312200,79216,0.6,0.0,2006MM08,87.9
79217,A5,312200,79217,-0.2,0.0,2006MM09,87.9
79218,A5,312200,79218,-0.2,0.0,2006MM10,87.9
79219,A5,312200,79219,-0.2,0.0,2006MM11,87.9
79220,A5,312200,79220,-0.2,0.0,2006MM12,87.9
79222,A5,312200,79222,0.6,0.6,2007MM01,88.4
79223,A5,312200,79223,0.6,0.0,2007MM02,88.3
79224,A5,312200,79224,0.6,0.0,2007MM03,88.3
79225,A5,312200,79225,0.8,0.1,2007MM04,88.4
79226,A5,312200,79226,0.8,0.0,2007MM05,88.4
79227,A5,312200,79227,1.0,0.1,2007MM06,88.5
79228,A5,312200,79228,0.8,0.1,2007MM07,88.6
79229,A5,312200,79229,0.7,-0.1,2007MM08,88.5
79230,A5,312200,79230,0.7,0.0,2007MM09,88.4
79231,A5,312200,79231,2.7,2.0,2007MM10,90.2
79232,A5,312200,79232,2.5,-0.1,2007MM11,90.1
79233,A5,312200,79233,2.5,-0.1,2007MM12,90.0
79235,A5,312200,79235,3.2,1.3,2008MM01,91.2
79236,A5,312200,79236,3.2,-0.1,2008MM02,91.2
79237,A5,312200,79237,3.1,-0.2,2008MM03,91.0
79238,A5,312200,79238,3.0,0.0,2008MM04,91.0
79239,A5,312200,79239,3.1,0.1,2008MM05,91.1
79240,A5,312200,79240,3.0,0.0,2008MM06,91.1
79241,A5,312200,79241,2.9,0.0,2008MM07,91.1
79242,A5,312200,79242,2.9,-0.1,2008MM08,91.0
79243,A5,312200,79243,2.8,-0.1,2008MM09,90.9
79244,A5,312200,79244,0.8,0.0,2008MM10,91.0
79245,A5,312200,79245,6.7,5.7,2008MM11,96.1
79246,A5,312200,79246,6.5,-0.3,2008MM12,95.9
79248,A5,312200,79248,5.2,0.1,2009MM01,96.0
79249,A5,312200,79249,5.3,0.0,2009MM02,96.0
79250,A5,312200,79250,5.5,0.0,2009MM03,96.0
79251,A5,312200,79251,5.7,0.2,2009MM04,96.2
79252,A5,312200,79252,5.7,0.1,2009MM05,96.3
79253,A5,312200,79253,7.9,2.1,2009MM06,98.4
79254,A5,312200,79254,7.7,-0.2,2009MM07,98.2
79255,A5,312200,79255,7.7,-0.1,2009MM08,98.1
79256,A5,312200,79256,7.8,0.0,2009MM09,98.0
79257,A5,312200,79257,7.8,0.0,2009MM10,98.1
79258,A5,312200,79258,3.2,1.2,2009MM11,99.2
79259,A5,312200,79259,3.5,0.0,2009MM12,99.2
79261,A5,312200,79261,3.7,0.3,2010MM01,99.5
79262,A5,312200,79262,3.7,0.0,2010MM02,99.6
79263,A5,312200,79263,4.2,0.5,2010MM03,100.1
79264,A5,312200,79264,3.8,-0.2,2010MM04,99.8
79265,A5,312200,79265,3.7,0.0,2010MM05,99.9
79266,A5,312200,79266,1.6,0.1,2010MM06,100.0
79267,A5,312200,79267,1.9,0.1,2010MM07,100.1
79268,A5,312200,79268,2.1,0.1,2010MM08,100.1
79269,A5,312200,79269,2.2,0.0,2010MM09,100.2
79270,A5,312200,79270,2.0,-0.1,2010MM10,100.1
79271,A5,312200,79271,1.1,0.2,2010MM11,100.3
79272,A5,312200,79272,1.1,0.1,2010MM12,100.3
79274,A5,312200,79274,1.2,0.4,2011MM01,100.8
79275,A5,312200,79275,1.2,0.0,2011MM02,100.8
79276,A5,312200,79276,0.6,-0.1,2011MM03,100.6
79277,A5,312200,79277,0.8,0.0,2011MM04,100.7
79278,A5,312200,79278,0.8,0.1,2011MM05,100.7
79279,A5,312200,79279,0.9,0.2,2011MM06,100.9
79280,A5,312200,79280,0.9,0.1,2011MM07,101.0
79281,A5,312200,79281,0.8,-0.1,2011MM08,100.9
79282,A5,312200,79282,0.8,0.1,2011MM09,101.0
79283,A5,312200,79283,7.5,6.5,2011MM10,107.6
79284,A5,312200,79284,7.3,0.0,2011MM11,107.6
79285,A5,312200,79285,7.4,0.1,2011MM12,107.7
79287,A5,312200,79287,7.5,0.6,2012MM01,108.4
79288,A5,312200,79288,7.5,0.0,2012MM02,108.3
79289,A5,312200,79289,7.6,0.0,2012MM03,108.3
79290,A5,312200,79290,7.7,0.0,2012MM04,108.4
79291,A5,312200,79291,7.7,0.1,2012MM05,108.4
79292,A5,312200,79292,7.5,0.0,2012MM06,108.4
79293,A5,312200,79293,7.8,0.4,2012MM07,108.9
79294,A5,312200,79294,18.4,9.7,2012MM08,119.5
79295,A5,312200,79295,18.3,0.0,2012MM09,119.5
79296,A5,312200,79296,12.4,1.2,2012MM10,120.9
79297,A5,312200,79297,20.5,7.2,2012MM11,129.6
79298,A5,312200,79298,20.3,0.0,2012MM12,129.6
79300,A5,312200,79300,20.3,0.6,2013MM01,130.3
79301,A5,312200,79301,20.2,-0.1,2013MM02,130.2
79302,A5,312200,79302,20.2,0.0,2013MM03,130.2
79303,A5,312200,79303,19.9,-0.2,2013MM04,130.0
79304,A5,312200,79304,19.9,0.0,2013MM05,130.0
79305,A5,312200,79305,19.9,0.0,2013MM06,130.0
79306,A5,312200,79306,7.2,-10.1,2013MM07,116.8
79307,A5,312200,79307,-1.5,0.8,2013MM08,117.7
79308,A5,312200,79308,-1.4,0.0,2013MM09,117.8
79309,A5,312200,79309,-2.6,0.0,2013MM10,117.8
79310,A5,312200,79310,-9.1,0.0,2013MM11,117.9
79311,A5,312200,79311,-9.1,0.0,2013MM12,117.9
79313,A5,312200,79313,-12.9,-3.7,2014MM01,113.5
79314,A5,312200,79314,-12.9,0.0,2014MM02,113.5
79315,A5,312200,79315,-12.9,0.0,2014MM03,113.4
79316,A5,312200,79316,-12.7,0.0,2014MM04,113.5
79317,A5,312200,79317,-2.4,11.8,2014MM05,126.9
79318,A5,312200,79318,-2.4,0.0,2014MM06,126.9
79319,A5,312200,79319,8.7,0.0,2014MM07,127.0
79320,A5,312200,79320,7.8,0.0,2014MM08,126.9
79321,A5,312200,79321,7.8,0.0,2014MM09,127.0
79322,A5,312200,79322,-0.3,-7.4,2014MM10,117.5
79323,A5,312200,79323,-0.3,0.0,2014MM11,117.5
79324,A5,312200,79324,-0.3,0.0,2014MM12,117.5
79326,A5,312200,79326,1.2,-2.3,2015MM01,114.8
79327,A5,312200,79327,1.8,0.6,2015MM02,115.5
79328,A5,312200,79328,1.8,0.1,2015MM03,115.5
79329,A5,312200,79329,1.8,0.0,2015MM04,115.5
79330,A5,312200,79330,-8.9,0.0,2015MM05,115.5
79331,A5,312200,79331,-9.0,0.0,2015MM06,115.5
79332,A5,312200,79332,-8.9,0.0,2015MM07,115.6
79333,A5,312200,79333,-9.0,0.0,2015MM08,115.6
79334,A5,312200,79334,-9.7,-0.8,2015MM09,114.7
79335,A5,312200,79335,-2.4,0.0,2015MM10,114.7
79336,A5,312200,79336,-2.3,0.1,2015MM11,114.8
79337,A5,312200,79337,-2.4,-0.1,2015MM12,114.7
79339,A5,312200,79339,-0.3,-0.2,2016MM01,114.5
79340,A5,312200,79340,-0.9,-0.1,2016MM02,114.4
79341,A5,312200,79341,-1.0,0.0,2016MM03,114.4
79342,A5,312200,79342,-1.0,0.0,2016MM04,114.4
79343,A5,312200,79343,-0.2,0.8,2016MM05,115.3
79344,A5,312200,79344,-0.2,0.0,2016MM06,115.3
79345,A5,312200,79345,-0.4,-0.2,2016MM07,115.1
79346,A5,312200,79346,-0.4,0.0,2016MM08,115.0
79347,A5,312200,79347,0.3,0.0,2016MM09,115.1
79348,A5,312200,79348,0.5,0.2,2016MM10,115.3
79349,A5,312200,79349,0.5,0.1,2016MM11,115.4
79350,A5,312200,79350,0.7,0.1,2016MM12,115.5
79352,A5,312200,79352,5.2,4.4,2017MM01,120.5
79353,A5,312200,79353,5.4,0.0,2017MM02,120.6
79354,A5,312200,79354,5.3,0.0,2017MM03,120.5
79355,A5,312200,79355,8.4,2.9,2017MM04,124.0
79356,A5,312200,79356,7.5,0.0,2017MM05,124.0
79357,A5,312200,79357,7.5,-0.1,2017MM06,123.9
79358,A5,312200,79358,7.0,-0.6,2017MM07,123.2
79359,A5,312200,79359,7.0,-0.1,2017MM08,123.1
79360,A5,312200,79360,7.0,0.0,2017MM09,123.2
79361,A5,312200,79361,6.8,0.0,2017MM10,123.2
79362,A5,312200,79362,6.7,0.0,2017MM11,123.2
79363,A5,312200,79363,6.7,0.0,2017MM12,123.2
