,Afzet,BedrijfstakkenBranchesSBI2008,ID,OntwikkelingTOV1JaarEerder_2,OntwikkelingTOV1MaandEerder_3,Perioden,ProducentenprijsindexPPI_1
79846,A5,312500,79846,0.938461538462,0.15,1981MM01,80.2
79847,A5,312500,79847,1.17692307692,0.3,1981MM02,80.5
79848,A5,312500,79848,1.41538461538,0.3,1981MM03,80.7
79849,A5,312500,79849,1.65384615385,0.5,1981MM04,81.1
79850,A5,312500,79850,1.89230769231,-0.5,1981MM05,80.7
79851,A5,312500,79851,2.13076923077,0.2,1981MM06,80.8
79852,A5,312500,79852,2.36923076923,1.3,1981MM07,81.9
79853,A5,312500,79853,2.60769230769,0.1,1981MM08,82.0
79854,A5,312500,79854,2.84615384615,-0.2,1981MM09,81.8
79855,A5,312500,79855,3.08461538462,0.0,1981MM10,81.8
79856,A5,312500,79856,3.32307692308,0.5,1981MM11,82.2
79857,A5,312500,79857,3.56153846154,0.3,1981MM12,82.5
79859,A5,312500,79859,3.8,1.0,1982MM01,83.3
79860,A5,312500,79860,3.7,0.2,1982MM02,83.5
79861,A5,312500,79861,3.2,-0.2,1982MM03,83.3
79862,A5,312500,79862,3.6,0.9,1982MM04,84.0
79863,A5,312500,79863,4.3,0.1,1982MM05,84.1
79864,A5,312500,79864,4.1,0.0,1982MM06,84.1
79865,A5,312500,79865,3.0,0.2,1982MM07,84.3
79866,A5,312500,79866,3.0,0.2,1982MM08,84.5
79867,A5,312500,79867,3.1,-0.1,1982MM09,84.4
79868,A5,312500,79868,3.1,-0.1,1982MM10,84.3
79869,A5,312500,79869,2.5,0.0,1982MM11,84.3
79870,A5,312500,79870,2.0,-0.2,1982MM12,84.1
79872,A5,312500,79872,1.6,0.6,1983MM01,84.6
79873,A5,312500,79873,1.3,-0.1,1983MM02,84.6
79874,A5,312500,79874,2.0,0.5,1983MM03,85.0
79875,A5,312500,79875,1.6,0.4,1983MM04,85.3
79876,A5,312500,79876,1.6,0.2,1983MM05,85.5
79877,A5,312500,79877,1.8,0.2,1983MM06,85.7
79878,A5,312500,79878,2.2,0.5,1983MM07,86.1
79879,A5,312500,79879,1.7,-0.2,1983MM08,85.9
79880,A5,312500,79880,1.6,-0.2,1983MM09,85.7
79881,A5,312500,79881,2.1,0.4,1983MM10,86.1
79882,A5,312500,79882,2.2,0.2,1983MM11,86.2
79883,A5,312500,79883,2.6,0.1,1983MM12,86.3
79885,A5,312500,79885,4.0,2.0,1984MM01,88.0
79886,A5,312500,79886,4.4,0.3,1984MM02,88.3
79887,A5,312500,79887,4.3,0.4,1984MM03,88.6
79888,A5,312500,79888,3.8,0.0,1984MM04,88.6
79889,A5,312500,79889,3.7,0.1,1984MM05,88.6
79890,A5,312500,79890,3.4,0.0,1984MM06,88.6
79891,A5,312500,79891,2.4,-0.5,1984MM07,88.2
79892,A5,312500,79892,3.3,0.6,1984MM08,88.7
79893,A5,312500,79893,3.7,0.2,1984MM09,88.8
79894,A5,312500,79894,3.7,0.5,1984MM10,89.3
79895,A5,312500,79895,3.8,0.2,1984MM11,89.5
79896,A5,312500,79896,4.0,0.3,1984MM12,89.7
79898,A5,312500,79898,2.8,0.8,1985MM01,90.5
79899,A5,312500,79899,1.9,-0.5,1985MM02,90.0
79900,A5,312500,79900,2.1,0.5,1985MM03,90.4
79901,A5,312500,79901,2.3,0.2,1985MM04,90.6
79902,A5,312500,79902,2.4,0.2,1985MM05,90.8
79903,A5,312500,79903,2.6,0.2,1985MM06,90.9
79904,A5,312500,79904,3.1,0.0,1985MM07,90.9
79905,A5,312500,79905,2.7,0.2,1985MM08,91.1
79906,A5,312500,79906,2.6,0.0,1985MM09,91.1
79907,A5,312500,79907,2.1,0.1,1985MM10,91.2
79908,A5,312500,79908,1.9,0.0,1985MM11,91.2
79909,A5,312500,79909,1.6,0.0,1985MM12,91.2
79911,A5,312500,79911,0.6,-0.2,1986MM01,91.0
79912,A5,312500,79912,1.1,-0.1,1986MM02,91.0
79913,A5,312500,79913,0.7,0.1,1986MM03,91.1
79914,A5,312500,79914,0.6,0.1,1986MM04,91.1
79915,A5,312500,79915,0.5,0.1,1986MM05,91.2
79916,A5,312500,79916,0.4,0.2,1986MM06,91.4
79917,A5,312500,79917,0.3,-0.1,1986MM07,91.2
79918,A5,312500,79918,0.1,0.0,1986MM08,91.2
79919,A5,312500,79919,-0.1,-0.2,1986MM09,91.0
79920,A5,312500,79920,-0.4,-0.2,1986MM10,90.8
79921,A5,312500,79921,-0.5,-0.1,1986MM11,90.7
79922,A5,312500,79922,-0.7,-0.2,1986MM12,90.5
79924,A5,312500,79924,-0.6,-0.1,1987MM01,90.5
79925,A5,312500,79925,-0.9,-0.3,1987MM02,90.2
79926,A5,312500,79926,-1.2,-0.2,1987MM03,90.0
79927,A5,312500,79927,-1.1,0.2,1987MM04,90.1
79928,A5,312500,79928,-1.3,-0.1,1987MM05,90.0
79929,A5,312500,79929,-1.4,0.0,1987MM06,90.0
79930,A5,312500,79930,-1.1,0.2,1987MM07,90.2
79931,A5,312500,79931,-1.3,-0.2,1987MM08,90.0
79932,A5,312500,79932,-1.3,-0.2,1987MM09,89.9
79933,A5,312500,79933,-1.0,0.0,1987MM10,89.9
79934,A5,312500,79934,-0.8,0.1,1987MM11,90.0
79935,A5,312500,79935,-0.8,-0.2,1987MM12,89.8
79937,A5,312500,79937,-0.6,0.1,1988MM01,89.9
79938,A5,312500,79938,-0.5,-0.2,1988MM02,89.7
79939,A5,312500,79939,-0.3,-0.1,1988MM03,89.7
79940,A5,312500,79940,0.4,0.9,1988MM04,90.5
79941,A5,312500,79941,0.0,-0.5,1988MM05,90.0
79942,A5,312500,79942,0.1,0.1,1988MM06,90.1
79943,A5,312500,79943,0.0,0.0,1988MM07,90.2
79944,A5,312500,79944,0.5,0.3,1988MM08,90.5
79945,A5,312500,79945,0.7,0.0,1988MM09,90.5
79946,A5,312500,79946,0.8,0.2,1988MM10,90.7
79947,A5,312500,79947,0.9,0.1,1988MM11,90.8
79948,A5,312500,79948,1.6,0.6,1988MM12,91.3
79950,A5,312500,79950,1.4,-0.1,1989MM01,91.2
79951,A5,312500,79951,1.4,-0.2,1989MM02,91.0
79952,A5,312500,79952,1.4,-0.1,1989MM03,91.0
79953,A5,312500,79953,0.7,0.2,1989MM04,91.1
79954,A5,312500,79954,2.3,1.1,1989MM05,92.1
79955,A5,312500,79955,1.7,-0.5,1989MM06,91.7
79956,A5,312500,79956,1.7,0.0,1989MM07,91.7
79957,A5,312500,79957,1.4,0.1,1989MM08,91.8
79958,A5,312500,79958,1.5,0.1,1989MM09,91.9
79959,A5,312500,79959,1.2,-0.1,1989MM10,91.8
79960,A5,312500,79960,1.0,-0.1,1989MM11,91.7
79961,A5,312500,79961,0.3,-0.1,1989MM12,91.6
79963,A5,312500,79963,0.1,-0.3,1990MM01,91.3
79964,A5,312500,79964,-0.4,-0.7,1990MM02,90.7
79965,A5,312500,79965,-0.6,-0.3,1990MM03,90.4
79966,A5,312500,79966,-1.2,-0.4,1990MM04,90.1
79967,A5,312500,79967,-2.1,0.2,1990MM05,90.2
79968,A5,312500,79968,-2.0,-0.3,1990MM06,89.9
79969,A5,312500,79969,-1.6,0.3,1990MM07,90.2
79970,A5,312500,79970,-1.8,0.0,1990MM08,90.2
79971,A5,312500,79971,-1.7,0.2,1990MM09,90.3
79972,A5,312500,79972,-1.5,0.0,1990MM10,90.4
79973,A5,312500,79973,-1.1,0.3,1990MM11,90.7
79974,A5,312500,79974,-1.0,0.0,1990MM12,90.6
79976,A5,312500,79976,-0.7,0.0,1991MM01,90.6
79977,A5,312500,79977,1.0,1.1,1991MM02,91.6
79978,A5,312500,79978,1.0,-0.3,1991MM03,91.3
79979,A5,312500,79979,1.6,0.3,1991MM04,91.5
79980,A5,312500,79980,1.6,0.1,1991MM05,91.6
79981,A5,312500,79981,2.2,0.3,1991MM06,91.9
79982,A5,312500,79982,1.7,-0.1,1991MM07,91.8
79983,A5,312500,79983,1.8,0.1,1991MM08,91.8
79984,A5,312500,79984,1.7,0.0,1991MM09,91.9
79985,A5,312500,79985,1.7,0.0,1991MM10,91.9
79986,A5,312500,79986,1.4,0.0,1991MM11,92.0
79987,A5,312500,79987,1.6,0.2,1991MM12,92.1
79989,A5,312500,79989,1.4,-0.2,1992MM01,91.9
79990,A5,312500,79990,0.2,-0.1,1992MM02,91.8
79991,A5,312500,79991,1.4,0.9,1992MM03,92.6
79992,A5,312500,79992,0.8,-0.4,1992MM04,92.2
79993,A5,312500,79993,0.9,0.3,1992MM05,92.5
79994,A5,312500,79994,0.7,0.0,1992MM06,92.5
79995,A5,312500,79995,0.9,0.1,1992MM07,92.6
79996,A5,312500,79996,0.9,0.0,1992MM08,92.6
79997,A5,312500,79997,1.2,0.3,1992MM09,92.9
79998,A5,312500,79998,0.9,-0.2,1992MM10,92.8
79999,A5,312500,79999,0.9,0.1,1992MM11,92.8
80000,A5,312500,80000,0.5,-0.3,1992MM12,92.6
80002,A5,312500,80002,0.6,-0.1,1993MM01,92.4
80003,A5,312500,80003,0.9,0.3,1993MM02,92.7
80004,A5,312500,80004,-0.1,-0.1,1993MM03,92.5
80005,A5,312500,80005,0.1,-0.2,1993MM04,92.4
80006,A5,312500,80006,0.4,0.6,1993MM05,92.9
80007,A5,312500,80007,0.2,-0.2,1993MM06,92.7
80008,A5,312500,80008,0.0,-0.1,1993MM07,92.6
80009,A5,312500,80009,-0.4,-0.3,1993MM08,92.3
80010,A5,312500,80010,-0.7,0.0,1993MM09,92.3
80011,A5,312500,80011,-0.7,-0.2,1993MM10,92.2
80012,A5,312500,80012,-0.6,0.1,1993MM11,92.3
80013,A5,312500,80013,-0.6,-0.3,1993MM12,92.0
80015,A5,312500,80015,-0.8,-0.3,1994MM01,91.7
80016,A5,312500,80016,-1.1,-0.1,1994MM02,91.6
80017,A5,312500,80017,-0.6,0.3,1994MM03,91.9
80018,A5,312500,80018,-0.5,0.0,1994MM04,91.9
80019,A5,312500,80019,-1.5,-0.5,1994MM05,91.5
80020,A5,312500,80020,-1.1,0.3,1994MM06,91.8
80021,A5,312500,80021,-0.6,0.3,1994MM07,92.0
80022,A5,312500,80022,-0.5,-0.2,1994MM08,91.9
80023,A5,312500,80023,-0.4,0.1,1994MM09,92.0
80024,A5,312500,80024,-0.1,0.1,1994MM10,92.0
80025,A5,312500,80025,-0.3,-0.1,1994MM11,92.0
80026,A5,312500,80026,0.3,0.3,1994MM12,92.2
80028,A5,312500,80028,0.7,0.1,1995MM01,92.3
80029,A5,312500,80029,0.7,0.0,1995MM02,92.3
80030,A5,312500,80030,-0.2,-0.5,1995MM03,91.8
80031,A5,312500,80031,-0.1,0.0,1995MM04,91.8
80032,A5,312500,80032,0.6,0.2,1995MM05,92.0
80033,A5,312500,80033,0.5,0.2,1995MM06,92.2
80034,A5,312500,80034,0.3,0.1,1995MM07,92.3
80035,A5,312500,80035,0.9,0.4,1995MM08,92.7
80036,A5,312500,80036,0.7,-0.1,1995MM09,92.6
80037,A5,312500,80037,0.3,-0.4,1995MM10,92.3
80038,A5,312500,80038,0.3,0.0,1995MM11,92.3
80039,A5,312500,80039,0.0,-0.1,1995MM12,92.2
80041,A5,312500,80041,1.0,1.1,1996MM01,93.2
80042,A5,312500,80042,1.0,-0.1,1996MM02,93.2
80043,A5,312500,80043,1.7,0.1,1996MM03,93.3
80044,A5,312500,80044,1.0,-0.7,1996MM04,92.7
80045,A5,312500,80045,1.5,0.7,1996MM05,93.4
80046,A5,312500,80046,1.2,-0.1,1996MM06,93.3
80047,A5,312500,80047,0.7,-0.3,1996MM07,93.0
80048,A5,312500,80048,0.4,0.1,1996MM08,93.0
80049,A5,312500,80049,0.2,-0.2,1996MM09,92.8
80050,A5,312500,80050,0.5,-0.1,1996MM10,92.8
80051,A5,312500,80051,0.7,0.1,1996MM11,92.9
80052,A5,312500,80052,1.0,0.3,1996MM12,93.1
80054,A5,312500,80054,0.0,0.1,1997MM01,93.2
80055,A5,312500,80055,0.1,0.1,1997MM02,93.3
80056,A5,312500,80056,0.2,0.2,1997MM03,93.5
80057,A5,312500,80057,1.0,0.1,1997MM04,93.6
80058,A5,312500,80058,0.2,0.0,1997MM05,93.5
80059,A5,312500,80059,0.5,0.2,1997MM06,93.7
80060,A5,312500,80060,1.2,0.3,1997MM07,94.1
80061,A5,312500,80061,1.2,0.1,1997MM08,94.1
80062,A5,312500,80062,1.2,-0.1,1997MM09,94.0
80063,A5,312500,80063,1.4,0.1,1997MM10,94.1
80064,A5,312500,80064,1.4,0.1,1997MM11,94.2
80065,A5,312500,80065,1.1,-0.1,1997MM12,94.1
80067,A5,312500,80067,0.9,-0.1,1998MM01,94.0
80068,A5,312500,80068,0.7,-0.1,1998MM02,94.0
80069,A5,312500,80069,0.8,0.3,1998MM03,94.2
80070,A5,312500,80070,0.6,-0.1,1998MM04,94.1
80071,A5,312500,80071,0.5,-0.2,1998MM05,94.0
80072,A5,312500,80072,0.4,0.1,1998MM06,94.1
80073,A5,312500,80073,-0.2,-0.3,1998MM07,93.8
80074,A5,312500,80074,-0.5,-0.2,1998MM08,93.6
80075,A5,312500,80075,-0.4,-0.1,1998MM09,93.6
80076,A5,312500,80076,-0.9,-0.4,1998MM10,93.2
80077,A5,312500,80077,-1.0,0.0,1998MM11,93.2
80078,A5,312500,80078,-0.9,0.0,1998MM12,93.2
80080,A5,312500,80080,-1.0,-0.2,1999MM01,93.1
80081,A5,312500,80081,-0.8,0.1,1999MM02,93.2
80082,A5,312500,80082,-1.1,0.0,1999MM03,93.2
80083,A5,312500,80083,-1.0,-0.1,1999MM04,93.2
80084,A5,312500,80084,-0.8,0.0,1999MM05,93.2
80085,A5,312500,80085,-0.9,0.1,1999MM06,93.3
80086,A5,312500,80086,-0.8,-0.2,1999MM07,93.1
80087,A5,312500,80087,-1.2,-0.7,1999MM08,92.5
80088,A5,312500,80088,-0.9,0.2,1999MM09,92.7
80089,A5,312500,80089,-0.7,-0.2,1999MM10,92.6
80090,A5,312500,80090,-0.5,0.2,1999MM11,92.8
80091,A5,312500,80091,-0.3,0.2,1999MM12,92.9
80093,A5,312500,80093,-0.8,-0.7,2000MM01,92.3
80094,A5,312500,80094,-0.8,0.1,2000MM02,92.4
80095,A5,312500,80095,-0.8,0.0,2000MM03,92.4
80096,A5,312500,80096,-0.3,0.5,2000MM04,92.9
80097,A5,312500,80097,-0.5,-0.2,2000MM05,92.7
80098,A5,312500,80098,-0.5,0.1,2000MM06,92.8
80099,A5,312500,80099,0.0,0.4,2000MM07,93.1
80100,A5,312500,80100,0.9,0.2,2000MM08,93.4
80101,A5,312500,80101,0.7,0.0,2000MM09,93.4
80102,A5,312500,80102,1.1,0.2,2000MM10,93.5
80103,A5,312500,80103,0.9,0.0,2000MM11,93.6
80104,A5,312500,80104,0.5,-0.2,2000MM12,93.4
80106,A5,312500,80106,2.2,1.0,2001MM01,94.3
80107,A5,312500,80107,2.1,0.1,2001MM02,94.4
80108,A5,312500,80108,2.1,0.0,2001MM03,94.4
80109,A5,312500,80109,1.8,0.2,2001MM04,94.6
80110,A5,312500,80110,1.8,-0.3,2001MM05,94.4
80111,A5,312500,80111,1.8,0.1,2001MM06,94.4
80112,A5,312500,80112,1.3,-0.1,2001MM07,94.4
80113,A5,312500,80113,0.9,-0.1,2001MM08,94.2
80114,A5,312500,80114,0.8,-0.1,2001MM09,94.1
80115,A5,312500,80115,0.6,0.0,2001MM10,94.1
80116,A5,312500,80116,0.6,0.1,2001MM11,94.2
80117,A5,312500,80117,0.8,0.0,2001MM12,94.1
80119,A5,312500,80119,0.0,0.3,2002MM01,94.4
80120,A5,312500,80120,0.0,0.0,2002MM02,94.4
80121,A5,312500,80121,0.0,0.1,2002MM03,94.5
80122,A5,312500,80122,0.2,0.4,2002MM04,94.8
80123,A5,312500,80123,0.4,-0.1,2002MM05,94.7
80124,A5,312500,80124,0.4,0.1,2002MM06,94.8
80125,A5,312500,80125,0.3,-0.2,2002MM07,94.6
80126,A5,312500,80126,0.5,0.0,2002MM08,94.7
80127,A5,312500,80127,0.6,0.1,2002MM09,94.7
80128,A5,312500,80128,0.5,-0.1,2002MM10,94.6
80129,A5,312500,80129,0.4,-0.1,2002MM11,94.5
80130,A5,312500,80130,0.4,0.0,2002MM12,94.5
80132,A5,312500,80132,0.8,0.7,2003MM01,95.1
80133,A5,312500,80133,0.7,-0.1,2003MM02,95.1
80134,A5,312500,80134,0.4,-0.2,2003MM03,94.9
80135,A5,312500,80135,-0.3,-0.3,2003MM04,94.6
80136,A5,312500,80136,-0.2,-0.1,2003MM05,94.5
80137,A5,312500,80137,-0.2,0.1,2003MM06,94.6
80138,A5,312500,80138,-0.1,-0.1,2003MM07,94.5
80139,A5,312500,80139,0.0,0.1,2003MM08,94.6
80140,A5,312500,80140,-0.1,0.0,2003MM09,94.6
80141,A5,312500,80141,-0.2,-0.2,2003MM10,94.4
80142,A5,312500,80142,0.0,0.1,2003MM11,94.5
80143,A5,312500,80143,0.0,0.0,2003MM12,94.5
80145,A5,312500,80145,-0.2,0.5,2004MM01,94.9
80146,A5,312500,80146,0.0,0.2,2004MM02,95.1
80147,A5,312500,80147,0.3,0.1,2004MM03,95.2
80148,A5,312500,80148,0.7,0.0,2004MM04,95.2
80149,A5,312500,80149,0.7,0.0,2004MM05,95.2
80150,A5,312500,80150,0.6,0.0,2004MM06,95.2
80151,A5,312500,80151,0.5,-0.2,2004MM07,95.0
80152,A5,312500,80152,0.1,-0.3,2004MM08,94.7
80153,A5,312500,80153,-0.1,-0.3,2004MM09,94.5
80154,A5,312500,80154,0.5,0.4,2004MM10,94.9
80155,A5,312500,80155,0.2,-0.2,2004MM11,94.7
80156,A5,312500,80156,0.2,0.0,2004MM12,94.7
80158,A5,312500,80158,0.3,0.0,2005MM01,95.8
80159,A5,312500,80159,0.4,0.0,2005MM02,95.8
80160,A5,312500,80160,0.5,0.0,2005MM03,95.8
80161,A5,312500,80161,0.6,0.3,2005MM04,96.1
80162,A5,312500,80162,0.7,0.1,2005MM05,96.1
80163,A5,312500,80163,0.8,0.1,2005MM06,96.2
80164,A5,312500,80164,0.9,-0.4,2005MM07,95.9
80165,A5,312500,80165,1.0,-0.1,2005MM08,95.8
80166,A5,312500,80166,1.1,0.2,2005MM09,96.0
80167,A5,312500,80167,1.2,0.2,2005MM10,96.2
80168,A5,312500,80168,1.3,0.7,2005MM11,96.9
80169,A5,312500,80169,1.4,-0.5,2005MM12,96.4
80171,A5,312500,80171,1.5,0.8,2006MM01,97.2
80172,A5,312500,80172,1.8,0.3,2006MM02,97.5
80173,A5,312500,80173,1.7,0.0,2006MM03,97.5
80174,A5,312500,80174,1.1,-0.4,2006MM04,97.1
80175,A5,312500,80175,0.9,-0.1,2006MM05,97.0
80176,A5,312500,80176,0.8,0.1,2006MM06,97.1
80177,A5,312500,80177,1.2,0.0,2006MM07,97.0
80178,A5,312500,80178,1.4,0.2,2006MM08,97.2
80179,A5,312500,80179,1.2,-0.1,2006MM09,97.2
80180,A5,312500,80180,1.1,0.1,2006MM10,97.3
80181,A5,312500,80181,0.2,-0.2,2006MM11,97.1
80182,A5,312500,80182,0.5,-0.2,2006MM12,96.9
80184,A5,312500,80184,0.9,1.3,2007MM01,98.1
80185,A5,312500,80185,0.7,0.1,2007MM02,98.2
80186,A5,312500,80186,0.5,-0.2,2007MM03,98.0
80187,A5,312500,80187,0.9,0.0,2007MM04,98.0
80188,A5,312500,80188,1.0,0.0,2007MM05,98.0
80189,A5,312500,80189,1.0,0.1,2007MM06,98.1
80190,A5,312500,80190,1.6,0.5,2007MM07,98.5
80191,A5,312500,80191,1.4,0.0,2007MM08,98.6
80192,A5,312500,80192,1.2,-0.3,2007MM09,98.3
80193,A5,312500,80193,1.2,0.1,2007MM10,98.4
80194,A5,312500,80194,1.2,-0.2,2007MM11,98.2
80195,A5,312500,80195,1.2,-0.2,2007MM12,98.0
80197,A5,312500,80197,0.5,0.6,2008MM01,98.6
80198,A5,312500,80198,0.4,0.0,2008MM02,98.6
80199,A5,312500,80199,0.7,0.0,2008MM03,98.6
80200,A5,312500,80200,0.8,0.1,2008MM04,98.7
80201,A5,312500,80201,0.9,0.1,2008MM05,98.9
80202,A5,312500,80202,0.6,-0.2,2008MM06,98.7
80203,A5,312500,80203,0.8,0.7,2008MM07,99.3
80204,A5,312500,80204,1.0,0.2,2008MM08,99.5
80205,A5,312500,80205,1.1,-0.1,2008MM09,99.4
80206,A5,312500,80206,1.3,0.3,2008MM10,99.7
80207,A5,312500,80207,2.2,0.7,2008MM11,100.4
80208,A5,312500,80208,2.0,-0.5,2008MM12,99.9
80210,A5,312500,80210,1.4,0.0,2009MM01,100.0
80211,A5,312500,80211,1.7,0.3,2009MM02,100.3
80212,A5,312500,80212,1.3,-0.3,2009MM03,99.9
80213,A5,312500,80213,0.1,-1.1,2009MM04,98.8
80214,A5,312500,80214,-0.2,-0.1,2009MM05,98.7
80215,A5,312500,80215,0.1,0.0,2009MM06,98.7
80216,A5,312500,80216,0.3,0.9,2009MM07,99.7
80217,A5,312500,80217,0.0,-0.1,2009MM08,99.5
80218,A5,312500,80218,-0.3,-0.4,2009MM09,99.1
80219,A5,312500,80219,-0.8,-0.3,2009MM10,98.9
80220,A5,312500,80220,-1.4,0.2,2009MM11,99.0
80221,A5,312500,80221,-1.2,-0.3,2009MM12,98.8
80223,A5,312500,80223,-1.1,0.1,2010MM01,98.8
80224,A5,312500,80224,-1.0,0.5,2010MM02,99.3
80225,A5,312500,80225,-0.9,-0.3,2010MM03,99.0
80226,A5,312500,80226,0.5,0.3,2010MM04,99.3
80227,A5,312500,80227,0.7,0.1,2010MM05,99.4
80228,A5,312500,80228,0.9,0.2,2010MM06,99.6
80229,A5,312500,80229,0.9,0.9,2010MM07,100.5
80230,A5,312500,80230,1.1,0.1,2010MM08,100.6
80231,A5,312500,80231,1.5,0.0,2010MM09,100.6
80232,A5,312500,80232,2.0,0.2,2010MM10,100.8
80233,A5,312500,80233,1.9,0.1,2010MM11,100.9
80234,A5,312500,80234,2.3,0.1,2010MM12,101.0
80236,A5,312500,80236,4.3,2.0,2011MM01,103.0
80237,A5,312500,80237,3.9,0.2,2011MM02,103.2
80238,A5,312500,80238,4.4,0.2,2011MM03,103.4
80239,A5,312500,80239,5.2,1.1,2011MM04,104.5
80240,A5,312500,80240,5.3,0.2,2011MM05,104.7
80241,A5,312500,80241,5.0,0.0,2011MM06,104.6
80242,A5,312500,80242,5.2,1.1,2011MM07,105.8
80243,A5,312500,80243,5.3,0.1,2011MM08,105.9
80244,A5,312500,80244,5.5,0.2,2011MM09,106.1
80245,A5,312500,80245,5.1,-0.2,2011MM10,105.9
80246,A5,312500,80246,5.1,0.1,2011MM11,106.0
80247,A5,312500,80247,5.1,0.1,2011MM12,106.1
80249,A5,312500,80249,3.1,0.1,2012MM01,106.2
80250,A5,312500,80250,2.7,-0.2,2012MM02,106.0
80251,A5,312500,80251,2.7,0.1,2012MM03,106.1
80252,A5,312500,80252,1.4,-0.1,2012MM04,106.0
80253,A5,312500,80253,1.6,0.3,2012MM05,106.3
80254,A5,312500,80254,1.5,0.0,2012MM06,106.2
80255,A5,312500,80255,1.8,1.4,2012MM07,107.7
80256,A5,312500,80256,1.7,0.0,2012MM08,107.7
80257,A5,312500,80257,1.4,-0.1,2012MM09,107.6
80258,A5,312500,80258,1.2,-0.4,2012MM10,107.2
80259,A5,312500,80259,0.9,-0.2,2012MM11,107.0
80260,A5,312500,80260,1.0,0.2,2012MM12,107.2
80262,A5,312500,80262,0.7,-0.2,2013MM01,107.0
80263,A5,312500,80263,0.8,-0.1,2013MM02,106.9
80264,A5,312500,80264,0.9,0.2,2013MM03,107.1
80265,A5,312500,80265,-0.7,-1.7,2013MM04,105.3
80266,A5,312500,80266,-0.6,0.3,2013MM05,105.6
80267,A5,312500,80267,-1.0,-0.4,2013MM06,105.2
80268,A5,312500,80268,-1.7,0.7,2013MM07,105.9
80269,A5,312500,80269,-1.2,0.5,2013MM08,106.4
80270,A5,312500,80270,-1.6,-0.5,2013MM09,105.8
80271,A5,312500,80271,-1.1,0.1,2013MM10,105.9
80272,A5,312500,80272,-1.2,-0.3,2013MM11,105.7
80273,A5,312500,80273,-1.3,0.1,2013MM12,105.8
80275,A5,312500,80275,-0.3,0.9,2014MM01,106.7
80276,A5,312500,80276,-0.3,-0.2,2014MM02,106.6
80277,A5,312500,80277,-0.3,0.2,2014MM03,106.8
80278,A5,312500,80278,0.8,-0.7,2014MM04,106.1
80279,A5,312500,80279,0.9,0.5,2014MM05,106.6
80280,A5,312500,80280,0.9,-0.4,2014MM06,106.1
80281,A5,312500,80281,0.6,0.4,2014MM07,106.5
80282,A5,312500,80282,0.2,0.0,2014MM08,106.6
80283,A5,312500,80283,0.5,-0.2,2014MM09,106.4
80284,A5,312500,80284,0.6,0.2,2014MM10,106.6
80285,A5,312500,80285,1.0,0.1,2014MM11,106.7
80286,A5,312500,80286,0.9,0.0,2014MM12,106.8
80288,A5,312500,80288,0.9,0.9,2015MM01,107.7
80289,A5,312500,80289,1.4,0.3,2015MM02,108.0
80290,A5,312500,80290,1.5,0.4,2015MM03,108.5
80291,A5,312500,80291,1.6,-0.6,2015MM04,107.8
80292,A5,312500,80292,1.0,-0.1,2015MM05,107.7
80293,A5,312500,80293,1.4,-0.1,2015MM06,107.6
80294,A5,312500,80294,1.6,0.6,2015MM07,108.2
80295,A5,312500,80295,1.4,-0.1,2015MM08,108.0
80296,A5,312500,80296,1.6,0.1,2015MM09,108.1
80297,A5,312500,80297,1.1,-0.2,2015MM10,107.8
80298,A5,312500,80298,1.1,0.1,2015MM11,108.0
80299,A5,312500,80299,0.9,-0.3,2015MM12,107.7
80301,A5,312500,80301,0.0,0.0,2016MM01,107.7
80302,A5,312500,80302,-0.6,-0.3,2016MM02,107.3
80303,A5,312500,80303,-1.0,0.0,2016MM03,107.4
80304,A5,312500,80304,-1.4,-1.0,2016MM04,106.3
80305,A5,312500,80305,-0.8,0.5,2016MM05,106.8
80306,A5,312500,80306,-1.5,-0.8,2016MM06,106.0
80307,A5,312500,80307,-1.5,0.5,2016MM07,106.6
80308,A5,312500,80308,-2.0,-0.6,2016MM08,105.9
80309,A5,312500,80309,-2.0,0.0,2016MM09,105.9
80310,A5,312500,80310,-2.3,-0.5,2016MM10,105.4
80311,A5,312500,80311,-2.5,-0.1,2016MM11,105.3
80312,A5,312500,80312,-2.0,0.2,2016MM12,105.5
80314,A5,312500,80314,-2.8,-0.8,2017MM01,104.7
80315,A5,312500,80315,-2.4,0.1,2017MM02,104.8
80316,A5,312500,80316,-2.5,0.0,2017MM03,104.7
80317,A5,312500,80317,-0.9,0.6,2017MM04,105.3
80318,A5,312500,80318,-1.3,0.1,2017MM05,105.4
80319,A5,312500,80319,-1.2,-0.7,2017MM06,104.7
80320,A5,312500,80320,0.0,1.8,2017MM07,106.6
80321,A5,312500,80321,0.6,0.0,2017MM08,106.6
80322,A5,312500,80322,1.0,0.3,2017MM09,106.9
80323,A5,312500,80323,0.1,-1.3,2017MM10,105.5
80324,A5,312500,80324,0.7,0.5,2017MM11,106.0
80325,A5,312500,80325,0.3,-0.2,2017MM12,105.8
