,Afzet,BedrijfstakkenBranchesSBI2008,ID,OntwikkelingTOV1JaarEerder_2,OntwikkelingTOV1MaandEerder_3,Perioden,ProducentenprijsindexPPI_1
15392,A6,312500,15392,,,1981MM01,77.1
15393,A6,312500,15393,,0.4,1981MM02,77.4
15394,A6,312500,15394,,0.3,1981MM03,77.6
15395,A6,312500,15395,,0.4,1981MM04,77.9
15396,A6,312500,15396,,-0.3,1981MM05,77.7
15397,A6,312500,15397,,0.2,1981MM06,77.8
15398,A6,312500,15398,,1.0,1981MM07,78.6
15399,A6,312500,15399,,0.2,1981MM08,78.8
15400,A6,312500,15400,,-0.1,1981MM09,78.7
15401,A6,312500,15401,,0.0,1981MM10,78.7
15402,A6,312500,15402,,0.6,1981MM11,79.2
15403,A6,312500,15403,,0.3,1981MM12,79.4
15405,A6,312500,15405,4.2,1.2,1982MM01,80.3
15406,A6,312500,15406,4.0,0.2,1982MM02,80.5
15407,A6,312500,15407,3.7,-0.1,1982MM03,80.4
15408,A6,312500,15408,3.9,0.6,1982MM04,80.9
15409,A6,312500,15409,4.3,0.1,1982MM05,81.0
15410,A6,312500,15410,4.0,-0.1,1982MM06,80.9
15411,A6,312500,15411,3.2,0.2,1982MM07,81.0
15412,A6,312500,15412,3.1,0.2,1982MM08,81.2
15413,A6,312500,15413,3.1,-0.1,1982MM09,81.1
15414,A6,312500,15414,3.0,-0.1,1982MM10,81.1
15415,A6,312500,15415,2.3,-0.1,1982MM11,81.0
15416,A6,312500,15416,1.8,-0.3,1982MM12,80.8
15418,A6,312500,15418,1.3,0.6,1983MM01,81.3
15419,A6,312500,15419,1.0,0.0,1983MM02,81.3
15420,A6,312500,15420,1.4,0.3,1983MM03,81.6
15421,A6,312500,15421,1.2,0.4,1983MM04,81.9
15422,A6,312500,15422,1.3,0.2,1983MM05,82.0
15423,A6,312500,15423,1.7,0.3,1983MM06,82.3
15424,A6,312500,15424,1.9,0.4,1983MM07,82.6
15425,A6,312500,15425,1.6,-0.1,1983MM08,82.5
15426,A6,312500,15426,1.6,0.0,1983MM09,82.5
15427,A6,312500,15427,2.1,0.4,1983MM10,82.8
15428,A6,312500,15428,2.3,0.0,1983MM11,82.9
15429,A6,312500,15429,2.9,0.3,1983MM12,83.1
15431,A6,312500,15431,4.0,1.7,1984MM01,84.5
15432,A6,312500,15432,4.2,0.2,1984MM02,84.7
15433,A6,312500,15433,4.2,0.3,1984MM03,85.0
15434,A6,312500,15434,4.0,0.2,1984MM04,85.1
15435,A6,312500,15435,3.8,0.1,1984MM05,85.2
15436,A6,312500,15436,3.6,0.0,1984MM06,85.2
15437,A6,312500,15437,2.8,-0.3,1984MM07,84.9
15438,A6,312500,15438,3.4,0.5,1984MM08,85.3
15439,A6,312500,15439,3.5,0.1,1984MM09,85.4
15440,A6,312500,15440,3.4,0.3,1984MM10,85.7
15441,A6,312500,15441,3.6,0.2,1984MM11,85.9
15442,A6,312500,15442,3.5,0.2,1984MM12,86.1
15444,A6,312500,15444,2.7,0.9,1985MM01,86.8
15445,A6,312500,15445,2.8,0.3,1985MM02,87.1
15446,A6,312500,15446,2.6,0.1,1985MM03,87.2
15447,A6,312500,15447,2.6,0.2,1985MM04,87.3
15448,A6,312500,15448,2.6,0.1,1985MM05,87.4
15449,A6,312500,15449,2.6,-0.1,1985MM06,87.4
15450,A6,312500,15450,3.1,0.2,1985MM07,87.6
15451,A6,312500,15451,2.6,0.0,1985MM08,87.6
15452,A6,312500,15452,2.6,0.1,1985MM09,87.6
15453,A6,312500,15453,2.4,0.1,1985MM10,87.7
15454,A6,312500,15454,2.2,0.0,1985MM11,87.7
15455,A6,312500,15455,1.8,-0.1,1985MM12,87.6
15457,A6,312500,15457,1.1,0.1,1986MM01,87.7
15458,A6,312500,15458,0.8,0.1,1986MM02,87.8
15459,A6,312500,15459,0.8,0.1,1986MM03,87.9
15460,A6,312500,15460,0.7,0.1,1986MM04,88.0
15461,A6,312500,15461,0.5,-0.1,1986MM05,87.9
15462,A6,312500,15462,0.6,0.0,1986MM06,87.9
15463,A6,312500,15463,0.1,-0.2,1986MM07,87.7
15464,A6,312500,15464,0.0,-0.1,1986MM08,87.6
15465,A6,312500,15465,-0.2,-0.1,1986MM09,87.5
15466,A6,312500,15466,-0.4,-0.2,1986MM10,87.3
15467,A6,312500,15467,-0.5,-0.1,1986MM11,87.3
15468,A6,312500,15468,-0.7,-0.3,1986MM12,87.0
15470,A6,312500,15470,-0.9,0.0,1987MM01,87.0
15471,A6,312500,15471,-1.1,-0.1,1987MM02,86.9
15472,A6,312500,15472,-1.2,0.0,1987MM03,86.8
15473,A6,312500,15473,-1.1,0.2,1987MM04,87.0
15474,A6,312500,15474,-1.2,-0.1,1987MM05,86.9
15475,A6,312500,15475,-1.3,-0.1,1987MM06,86.8
15476,A6,312500,15476,-1.0,0.0,1987MM07,86.8
15477,A6,312500,15477,-0.7,0.2,1987MM08,86.9
15478,A6,312500,15478,-0.8,-0.2,1987MM09,86.8
15479,A6,312500,15479,-0.5,0.1,1987MM10,86.9
15480,A6,312500,15480,-0.6,-0.1,1987MM11,86.8
15481,A6,312500,15481,-0.3,0.0,1987MM12,86.7
15483,A6,312500,15483,0.1,0.4,1988MM01,87.1
15484,A6,312500,15484,0.3,0.1,1988MM02,87.2
15485,A6,312500,15485,0.4,0.0,1988MM03,87.2
15486,A6,312500,15486,0.5,0.3,1988MM04,87.4
15487,A6,312500,15487,0.6,0.0,1988MM05,87.4
15488,A6,312500,15488,0.9,0.1,1988MM06,87.5
15489,A6,312500,15489,1.0,0.1,1988MM07,87.6
15490,A6,312500,15490,1.1,0.4,1988MM08,87.9
15491,A6,312500,15491,1.2,-0.1,1988MM09,87.8
15492,A6,312500,15492,1.0,0.0,1988MM10,87.8
15493,A6,312500,15493,1.2,0.0,1988MM11,87.8
15494,A6,312500,15494,1.4,0.2,1988MM12,88.0
15496,A6,312500,15496,1.7,0.6,1989MM01,88.5
15497,A6,312500,15497,1.7,0.1,1989MM02,88.6
15498,A6,312500,15498,1.9,0.2,1989MM03,88.8
15499,A6,312500,15499,1.8,0.2,1989MM04,89.0
15500,A6,312500,15500,1.9,0.1,1989MM05,89.1
15501,A6,312500,15501,1.8,0.1,1989MM06,89.1
15502,A6,312500,15502,1.8,0.0,1989MM07,89.2
15503,A6,312500,15503,1.3,-0.1,1989MM08,89.1
15504,A6,312500,15504,0.9,-0.5,1989MM09,88.7
15505,A6,312500,15505,0.5,-0.5,1989MM10,88.2
15506,A6,312500,15506,0.3,-0.2,1989MM11,88.0
15507,A6,312500,15507,-0.2,-0.3,1989MM12,87.8
15509,A6,312500,15509,-0.4,0.5,1990MM01,88.2
15510,A6,312500,15510,-0.6,-0.1,1990MM02,88.1
15511,A6,312500,15511,-1.0,-0.2,1990MM03,88.0
15512,A6,312500,15512,-1.1,0.0,1990MM04,88.0
15513,A6,312500,15513,-1.4,-0.2,1990MM05,87.8
15514,A6,312500,15514,-1.3,0.2,1990MM06,88.0
15515,A6,312500,15515,-1.4,0.0,1990MM07,88.0
15516,A6,312500,15516,-1.1,0.1,1990MM08,88.1
15517,A6,312500,15517,-0.7,0.0,1990MM09,88.1
15518,A6,312500,15518,0.2,0.3,1990MM10,88.4
15519,A6,312500,15519,0.4,0.0,1990MM11,88.4
15520,A6,312500,15520,0.7,0.0,1990MM12,88.4
15522,A6,312500,15522,0.9,0.7,1991MM01,89.0
15523,A6,312500,15523,1.2,0.3,1991MM02,89.2
15524,A6,312500,15524,1.5,0.0,1991MM03,89.3
15525,A6,312500,15525,1.6,0.2,1991MM04,89.4
15526,A6,312500,15526,1.8,-0.1,1991MM05,89.4
15527,A6,312500,15527,1.6,0.0,1991MM06,89.4
15528,A6,312500,15528,1.6,0.0,1991MM07,89.4
15529,A6,312500,15529,1.5,0.0,1991MM08,89.4
15530,A6,312500,15530,1.6,0.0,1991MM09,89.5
15531,A6,312500,15531,1.4,0.2,1991MM10,89.6
15532,A6,312500,15532,1.3,-0.1,1991MM11,89.5
15533,A6,312500,15533,1.2,-0.1,1991MM12,89.4
15535,A6,312500,15535,1.0,0.5,1992MM01,89.9
15536,A6,312500,15536,1.0,0.3,1992MM02,90.1
15537,A6,312500,15537,1.0,0.0,1992MM03,90.2
15538,A6,312500,15538,0.9,0.1,1992MM04,90.2
15539,A6,312500,15539,0.9,0.0,1992MM05,90.2
15540,A6,312500,15540,1.1,0.2,1992MM06,90.4
15541,A6,312500,15541,1.0,-0.1,1992MM07,90.3
15542,A6,312500,15542,1.0,0.0,1992MM08,90.3
15543,A6,312500,15543,0.8,-0.2,1992MM09,90.2
15544,A6,312500,15544,0.6,-0.1,1992MM10,90.1
15545,A6,312500,15545,0.8,0.2,1992MM11,90.3
15546,A6,312500,15546,0.8,-0.1,1992MM12,90.2
15548,A6,312500,15548,0.7,0.3,1993MM01,90.5
15549,A6,312500,15549,0.3,-0.1,1993MM02,90.4
15550,A6,312500,15550,0.2,0.0,1993MM03,90.3
15551,A6,312500,15551,0.0,-0.2,1993MM04,90.2
15552,A6,312500,15552,0.1,0.0,1993MM05,90.2
15553,A6,312500,15553,-0.3,-0.2,1993MM06,90.1
15554,A6,312500,15554,-0.1,0.1,1993MM07,90.2
15555,A6,312500,15555,-0.3,-0.1,1993MM08,90.1
15556,A6,312500,15556,-0.4,-0.3,1993MM09,89.8
15557,A6,312500,15557,-0.4,0.0,1993MM10,89.8
15558,A6,312500,15558,-0.4,0.2,1993MM11,90.0
15559,A6,312500,15559,-0.2,0.0,1993MM12,90.0
15561,A6,312500,15561,-0.7,-0.2,1994MM01,89.8
15562,A6,312500,15562,-0.5,0.1,1994MM02,89.9
15563,A6,312500,15563,-0.7,-0.2,1994MM03,89.7
15564,A6,312500,15564,-0.5,0.0,1994MM04,89.7
15565,A6,312500,15565,-0.6,0.0,1994MM05,89.7
15566,A6,312500,15566,-0.6,-0.2,1994MM06,89.6
15567,A6,312500,15567,-0.5,0.2,1994MM07,89.7
15568,A6,312500,15568,-0.4,0.0,1994MM08,89.7
15569,A6,312500,15569,0.1,0.1,1994MM09,89.8
15570,A6,312500,15570,0.3,0.2,1994MM10,90.1
15571,A6,312500,15571,0.3,0.2,1994MM11,90.2
15572,A6,312500,15572,0.6,0.4,1994MM12,90.6
15574,A6,312500,15574,2.3,1.5,1995MM01,91.9
15575,A6,312500,15575,2.3,0.1,1995MM02,92.0
15576,A6,312500,15576,2.4,-0.1,1995MM03,91.9
15577,A6,312500,15577,2.3,0.0,1995MM04,91.8
15578,A6,312500,15578,2.7,0.3,1995MM05,92.1
15579,A6,312500,15579,2.5,-0.3,1995MM06,91.8
15580,A6,312500,15580,1.3,-1.0,1995MM07,90.9
15581,A6,312500,15581,1.4,0.1,1995MM08,91.0
15582,A6,312500,15582,1.1,-0.2,1995MM09,90.9
15583,A6,312500,15583,0.6,-0.3,1995MM10,90.6
15584,A6,312500,15584,0.2,-0.2,1995MM11,90.4
15585,A6,312500,15585,0.0,0.1,1995MM12,90.5
15587,A6,312500,15587,-1.0,0.5,1996MM01,91.0
15588,A6,312500,15588,-1.1,-0.1,1996MM02,91.0
15589,A6,312500,15589,-1.0,0.0,1996MM03,91.0
15590,A6,312500,15590,-1.3,-0.3,1996MM04,90.7
15591,A6,312500,15591,-1.3,0.3,1996MM05,90.9
15592,A6,312500,15592,-0.9,0.0,1996MM06,91.0
15593,A6,312500,15593,-0.3,-0.4,1996MM07,90.6
15594,A6,312500,15594,-0.4,0.0,1996MM08,90.6
15595,A6,312500,15595,-0.3,-0.1,1996MM09,90.6
15596,A6,312500,15596,-0.2,-0.2,1996MM10,90.4
15597,A6,312500,15597,0.1,0.1,1996MM11,90.5
15598,A6,312500,15598,0.3,0.4,1996MM12,90.8
15600,A6,312500,15600,0.2,0.4,1997MM01,91.2
15601,A6,312500,15601,0.3,0.0,1997MM02,91.2
15602,A6,312500,15602,0.5,0.3,1997MM03,91.5
15603,A6,312500,15603,0.9,0.0,1997MM04,91.5
15604,A6,312500,15604,0.8,0.2,1997MM05,91.7
15605,A6,312500,15605,0.9,0.2,1997MM06,91.8
15606,A6,312500,15606,1.5,0.2,1997MM07,92.0
15607,A6,312500,15607,1.6,0.0,1997MM08,92.0
15608,A6,312500,15608,1.4,-0.3,1997MM09,91.8
15609,A6,312500,15609,1.5,-0.1,1997MM10,91.8
15610,A6,312500,15610,1.3,-0.1,1997MM11,91.7
15611,A6,312500,15611,0.9,-0.1,1997MM12,91.6
15613,A6,312500,15613,0.4,-0.1,1998MM01,91.5
15614,A6,312500,15614,0.3,0.0,1998MM02,91.5
15615,A6,312500,15615,0.1,0.0,1998MM03,91.5
15616,A6,312500,15616,-0.2,-0.3,1998MM04,91.3
15617,A6,312500,15617,-0.5,-0.1,1998MM05,91.2
15618,A6,312500,15618,-0.7,0.0,1998MM06,91.2
15619,A6,312500,15619,-0.9,0.0,1998MM07,91.2
15620,A6,312500,15620,-1.0,-0.1,1998MM08,91.1
15621,A6,312500,15621,-0.8,-0.1,1998MM09,91.0
15622,A6,312500,15622,-1.0,-0.2,1998MM10,90.8
15623,A6,312500,15623,-1.0,0.0,1998MM11,90.8
15624,A6,312500,15624,-0.9,0.0,1998MM12,90.8
15626,A6,312500,15626,-0.8,0.0,1999MM01,90.8
15627,A6,312500,15627,-0.7,0.1,1999MM02,90.9
15628,A6,312500,15628,-0.7,0.0,1999MM03,90.9
15629,A6,312500,15629,-0.4,0.0,1999MM04,90.9
15630,A6,312500,15630,-0.4,0.0,1999MM05,90.9
15631,A6,312500,15631,-0.2,0.1,1999MM06,91.0
15632,A6,312500,15632,-0.4,-0.2,1999MM07,90.8
15633,A6,312500,15633,-0.6,-0.3,1999MM08,90.5
15634,A6,312500,15634,-0.5,0.1,1999MM09,90.6
15635,A6,312500,15635,-0.3,-0.1,1999MM10,90.6
15636,A6,312500,15636,-0.2,0.1,1999MM11,90.6
15637,A6,312500,15637,-0.1,0.1,1999MM12,90.7
15639,A6,312500,15639,-0.3,-0.2,2000MM01,90.5
15640,A6,312500,15640,-0.4,0.0,2000MM02,90.5
15641,A6,312500,15641,-0.3,0.0,2000MM03,90.6
15642,A6,312500,15642,-0.1,0.3,2000MM04,90.8
15643,A6,312500,15643,-0.1,0.0,2000MM05,90.8
15644,A6,312500,15644,-0.2,0.0,2000MM06,90.8
15645,A6,312500,15645,0.2,0.3,2000MM07,91.0
15646,A6,312500,15646,0.7,0.2,2000MM08,91.2
15647,A6,312500,15647,0.7,0.0,2000MM09,91.2
15648,A6,312500,15648,0.9,0.1,2000MM10,91.3
15649,A6,312500,15649,0.8,0.0,2000MM11,91.4
15650,A6,312500,15650,0.6,-0.1,2000MM12,91.3
15652,A6,312500,15652,1.8,1.0,2001MM01,92.2
15653,A6,312500,15653,1.9,0.1,2001MM02,92.3
15654,A6,312500,15654,1.9,0.0,2001MM03,92.3
15655,A6,312500,15655,1.8,0.1,2001MM04,92.4
15656,A6,312500,15656,1.6,-0.1,2001MM05,92.3
15657,A6,312500,15657,1.6,0.0,2001MM06,92.3
15658,A6,312500,15658,1.4,0.0,2001MM07,92.3
15659,A6,312500,15659,1.1,-0.1,2001MM08,92.2
15660,A6,312500,15660,1.1,0.0,2001MM09,92.2
15661,A6,312500,15661,0.9,0.0,2001MM10,92.2
15662,A6,312500,15662,0.9,0.0,2001MM11,92.1
15663,A6,312500,15663,0.9,0.0,2001MM12,92.1
15665,A6,312500,15665,0.0,0.1,2002MM01,92.2
15666,A6,312500,15666,0.0,0.1,2002MM02,92.3
15667,A6,312500,15667,0.0,0.0,2002MM03,92.3
15668,A6,312500,15668,0.2,0.3,2002MM04,92.6
15669,A6,312500,15669,0.3,-0.1,2002MM05,92.6
15670,A6,312500,15670,0.5,0.1,2002MM06,92.7
15671,A6,312500,15671,0.2,-0.3,2002MM07,92.5
15672,A6,312500,15672,0.3,0.0,2002MM08,92.5
15673,A6,312500,15673,0.5,0.1,2002MM09,92.6
15674,A6,312500,15674,0.5,0.0,2002MM10,92.6
15675,A6,312500,15675,0.5,0.0,2002MM11,92.6
15676,A6,312500,15676,0.5,0.0,2002MM12,92.6
15678,A6,312500,15678,1.2,0.8,2003MM01,93.4
15679,A6,312500,15679,1.1,0.0,2003MM02,93.3
15680,A6,312500,15680,1.0,-0.1,2003MM03,93.2
15681,A6,312500,15681,0.6,-0.1,2003MM04,93.2
15682,A6,312500,15682,0.6,0.0,2003MM05,93.2
15683,A6,312500,15683,0.5,0.0,2003MM06,93.2
15684,A6,312500,15684,0.8,0.0,2003MM07,93.2
15685,A6,312500,15685,0.8,0.0,2003MM08,93.2
15686,A6,312500,15686,0.7,0.0,2003MM09,93.2
15687,A6,312500,15687,0.5,-0.1,2003MM10,93.1
15688,A6,312500,15688,0.5,0.0,2003MM11,93.1
15689,A6,312500,15689,0.6,0.0,2003MM12,93.1
15691,A6,312500,15691,0.0,0.2,2004MM01,93.3
15692,A6,312500,15692,0.2,0.2,2004MM02,93.5
15693,A6,312500,15693,0.3,0.0,2004MM03,93.5
15694,A6,312500,15694,0.4,0.0,2004MM04,93.5
15695,A6,312500,15695,0.4,0.0,2004MM05,93.5
15696,A6,312500,15696,0.3,0.0,2004MM06,93.5
15697,A6,312500,15697,0.5,0.1,2004MM07,93.6
15698,A6,312500,15698,0.3,-0.1,2004MM08,93.5
15699,A6,312500,15699,0.2,-0.1,2004MM09,93.3
15700,A6,312500,15700,0.4,0.2,2004MM10,93.5
15701,A6,312500,15701,0.2,-0.1,2004MM11,93.4
15702,A6,312500,15702,0.3,0.0,2004MM12,93.4
15704,A6,312500,15704,0.376923076923,0.0,2005MM01,94.2
15705,A6,312500,15705,0.453846153846,0.0,2005MM02,94.2
15706,A6,312500,15706,0.530769230769,0.0,2005MM03,94.2
15707,A6,312500,15707,0.607692307692,0.2,2005MM04,94.3
15708,A6,312500,15708,0.684615384615,0.0,2005MM05,94.3
15709,A6,312500,15709,0.761538461538,0.1,2005MM06,94.4
15710,A6,312500,15710,0.838461538462,-0.2,2005MM07,94.2
15711,A6,312500,15711,0.915384615385,0.0,2005MM08,94.2
15712,A6,312500,15712,0.992307692308,0.1,2005MM09,94.3
15713,A6,312500,15713,1.06923076923,0.3,2005MM10,94.6
15714,A6,312500,15714,1.14615384615,0.5,2005MM11,95.0
15715,A6,312500,15715,1.22307692308,-0.3,2005MM12,94.7
15717,A6,312500,15717,1.3,0.8,2006MM01,95.5
15718,A6,312500,15718,1.6,0.2,2006MM02,95.7
15719,A6,312500,15719,1.6,0.0,2006MM03,95.7
15720,A6,312500,15720,1.2,-0.2,2006MM04,95.5
15721,A6,312500,15721,1.1,-0.1,2006MM05,95.4
15722,A6,312500,15722,1.1,0.1,2006MM06,95.5
15723,A6,312500,15723,1.4,0.1,2006MM07,95.5
15724,A6,312500,15724,1.5,0.1,2006MM08,95.6
15725,A6,312500,15725,1.3,0.0,2006MM09,95.6
15726,A6,312500,15726,1.2,0.1,2006MM10,95.7
15727,A6,312500,15727,0.6,-0.1,2006MM11,95.6
15728,A6,312500,15728,0.8,-0.1,2006MM12,95.5
15730,A6,312500,15730,1.4,1.4,2007MM01,96.8
15731,A6,312500,15731,1.3,0.1,2007MM02,97.0
15732,A6,312500,15732,1.2,-0.2,2007MM03,96.8
15733,A6,312500,15733,1.5,0.1,2007MM04,96.9
15734,A6,312500,15734,1.6,0.0,2007MM05,96.9
15735,A6,312500,15735,1.6,0.1,2007MM06,97.0
15736,A6,312500,15736,1.8,0.3,2007MM07,97.2
15737,A6,312500,15737,1.8,0.0,2007MM08,97.3
15738,A6,312500,15738,1.6,-0.1,2007MM09,97.1
15739,A6,312500,15739,1.6,0.1,2007MM10,97.2
15740,A6,312500,15740,1.6,-0.1,2007MM11,97.1
15741,A6,312500,15741,1.5,-0.2,2007MM12,97.0
15743,A6,312500,15743,0.9,0.8,2008MM01,97.7
15744,A6,312500,15744,0.8,0.1,2008MM02,97.8
15745,A6,312500,15745,1.0,0.0,2008MM03,97.8
15746,A6,312500,15746,1.3,0.4,2008MM04,98.1
15747,A6,312500,15747,1.4,0.1,2008MM05,98.2
15748,A6,312500,15748,1.1,-0.2,2008MM06,98.1
15749,A6,312500,15749,1.5,0.7,2008MM07,98.7
15750,A6,312500,15750,1.7,0.1,2008MM08,98.9
15751,A6,312500,15751,1.8,0.0,2008MM09,98.8
15752,A6,312500,15752,2.0,0.3,2008MM10,99.1
15753,A6,312500,15753,2.5,0.4,2008MM11,99.5
15754,A6,312500,15754,2.2,-0.4,2008MM12,99.1
15756,A6,312500,15756,1.5,0.0,2009MM01,99.2
15757,A6,312500,15757,1.6,0.2,2009MM02,99.3
15758,A6,312500,15758,1.4,-0.2,2009MM03,99.2
15759,A6,312500,15759,0.4,-0.7,2009MM04,98.5
15760,A6,312500,15760,0.2,-0.1,2009MM05,98.4
15761,A6,312500,15761,0.3,0.0,2009MM06,98.4
15762,A6,312500,15762,0.6,1.0,2009MM07,99.3
15763,A6,312500,15763,0.4,0.0,2009MM08,99.3
15764,A6,312500,15764,0.2,-0.2,2009MM09,99.1
15765,A6,312500,15765,-0.2,-0.2,2009MM10,98.9
15766,A6,312500,15766,-0.6,0.0,2009MM11,98.9
15767,A6,312500,15767,-0.4,-0.2,2009MM12,98.8
15769,A6,312500,15769,-0.5,0.0,2010MM01,98.7
15770,A6,312500,15770,-0.3,0.3,2010MM02,99.0
15771,A6,312500,15771,-0.3,-0.1,2010MM03,98.9
15772,A6,312500,15772,0.9,0.5,2010MM04,99.4
15773,A6,312500,15773,1.0,0.0,2010MM05,99.4
15774,A6,312500,15774,1.2,0.1,2010MM06,99.5
15775,A6,312500,15775,1.4,1.2,2010MM07,100.7
15776,A6,312500,15776,1.4,0.0,2010MM08,100.7
15777,A6,312500,15777,1.7,0.0,2010MM09,100.8
15778,A6,312500,15778,2.0,0.1,2010MM10,100.9
15779,A6,312500,15779,2.1,0.1,2010MM11,101.0
15780,A6,312500,15780,2.3,0.0,2010MM12,101.0
15782,A6,312500,15782,4.5,2.2,2011MM01,103.2
15783,A6,312500,15783,4.3,0.1,2011MM02,103.3
15784,A6,312500,15784,4.6,0.1,2011MM03,103.4
15785,A6,312500,15785,5.5,1.4,2011MM04,104.8
15786,A6,312500,15786,5.6,0.1,2011MM05,104.9
15787,A6,312500,15787,5.4,0.0,2011MM06,104.9
15788,A6,312500,15788,5.0,0.8,2011MM07,105.8
15789,A6,312500,15789,5.0,0.1,2011MM08,105.8
15790,A6,312500,15790,5.1,0.1,2011MM09,105.9
15791,A6,312500,15791,5.0,0.0,2011MM10,105.9
15792,A6,312500,15792,5.0,0.0,2011MM11,106.0
15793,A6,312500,15793,5.0,0.1,2011MM12,106.0
15795,A6,312500,15795,3.3,0.5,2012MM01,106.6
15796,A6,312500,15796,3.0,-0.1,2012MM02,106.4
15797,A6,312500,15797,3.0,0.1,2012MM03,106.5
15798,A6,312500,15798,1.9,0.3,2012MM04,106.9
15799,A6,312500,15799,1.9,0.1,2012MM05,107.0
15800,A6,312500,15800,1.9,0.0,2012MM06,107.0
15801,A6,312500,15801,2.5,1.3,2012MM07,108.4
15802,A6,312500,15802,2.4,0.0,2012MM08,108.4
15803,A6,312500,15803,2.3,0.0,2012MM09,108.4
15804,A6,312500,15804,2.3,0.0,2012MM10,108.4
15805,A6,312500,15805,2.4,0.1,2012MM11,108.5
15806,A6,312500,15806,2.4,0.1,2012MM12,108.5
15808,A6,312500,15808,1.7,-0.2,2013MM01,108.4
15809,A6,312500,15809,1.8,0.0,2013MM02,108.3
15810,A6,312500,15810,1.8,0.1,2013MM03,108.4
15811,A6,312500,15811,0.4,-1.1,2013MM04,107.2
15812,A6,312500,15812,0.5,0.3,2013MM05,107.5
15813,A6,312500,15813,0.4,-0.1,2013MM06,107.4
15814,A6,312500,15814,-0.7,0.2,2013MM07,107.6
15815,A6,312500,15815,-0.3,0.4,2013MM08,108.0
15816,A6,312500,15816,-0.5,-0.2,2013MM09,107.8
15817,A6,312500,15817,-0.5,0.1,2013MM10,107.9
15818,A6,312500,15818,-0.7,-0.1,2013MM11,107.7
15819,A6,312500,15819,-0.8,0.0,2013MM12,107.7
15821,A6,312500,15821,0.1,0.7,2014MM01,108.5
15822,A6,312500,15822,0.0,-0.1,2014MM02,108.4
15823,A6,312500,15823,0.1,0.1,2014MM03,108.5
15824,A6,312500,15824,1.2,0.0,2014MM04,108.5
15825,A6,312500,15825,1.2,0.3,2014MM05,108.8
15826,A6,312500,15826,1.0,-0.3,2014MM06,108.5
15827,A6,312500,15827,1.2,0.3,2014MM07,108.8
15828,A6,312500,15828,0.9,0.1,2014MM08,109.0
15829,A6,312500,15829,0.9,-0.3,2014MM09,108.7
15830,A6,312500,15830,1.0,0.3,2014MM10,109.0
15831,A6,312500,15831,1.2,0.0,2014MM11,109.0
15832,A6,312500,15832,1.2,0.0,2014MM12,109.0
15834,A6,312500,15834,1.0,0.5,2015MM01,109.6
15835,A6,312500,15835,1.2,0.1,2015MM02,109.7
15836,A6,312500,15836,1.4,0.3,2015MM03,110.0
15837,A6,312500,15837,1.2,-0.2,2015MM04,109.7
15838,A6,312500,15838,0.9,0.0,2015MM05,109.7
15839,A6,312500,15839,1.1,-0.1,2015MM06,109.7
15840,A6,312500,15840,2.1,1.4,2015MM07,111.2
15841,A6,312500,15841,1.9,-0.1,2015MM08,111.1
15842,A6,312500,15842,2.2,0.0,2015MM09,111.1
15843,A6,312500,15843,1.8,-0.2,2015MM10,110.9
15844,A6,312500,15844,1.8,0.1,2015MM11,111.0
15845,A6,312500,15845,1.7,-0.1,2015MM12,110.9
15847,A6,312500,15847,1.5,0.3,2016MM01,111.2
15848,A6,312500,15848,1.2,-0.2,2016MM02,111.1
15849,A6,312500,15849,1.0,0.0,2016MM03,111.1
15850,A6,312500,15850,0.7,-0.5,2016MM04,110.5
15851,A6,312500,15851,1.0,0.3,2016MM05,110.8
15852,A6,312500,15852,0.6,-0.5,2016MM06,110.3
15853,A6,312500,15853,-0.8,0.0,2016MM07,110.3
15854,A6,312500,15854,-1.2,-0.4,2016MM08,109.8
15855,A6,312500,15855,-1.2,0.0,2016MM09,109.8
15856,A6,312500,15856,-1.5,-0.5,2016MM10,109.2
15857,A6,312500,15857,-1.7,-0.1,2016MM11,109.2
15858,A6,312500,15858,-1.4,0.2,2016MM12,109.3
15860,A6,312500,15860,-1.8,-0.1,2017MM01,109.2
15861,A6,312500,15861,-1.6,0.0,2017MM02,109.2
15862,A6,312500,15862,-1.6,0.0,2017MM03,109.2
15863,A6,312500,15863,-0.7,0.4,2017MM04,109.7
15864,A6,312500,15864,-1.0,0.0,2017MM05,109.7
15865,A6,312500,15865,-1.0,-0.4,2017MM06,109.2
15866,A6,312500,15866,0.4,1.3,2017MM07,110.6
15867,A6,312500,15867,0.7,0.0,2017MM08,110.6
15868,A6,312500,15868,1.0,0.2,2017MM09,110.8
15869,A6,312500,15869,0.4,-1.1,2017MM10,109.7
15870,A6,312500,15870,0.7,0.3,2017MM11,110.0
15871,A6,312500,15871,0.5,-0.1,2017MM12,109.8
