,Afzet,BedrijfstakkenBranchesSBI2008,ID,OntwikkelingTOV1JaarEerder_2,OntwikkelingTOV1MaandEerder_3,Perioden,ProducentenprijsindexPPI_1
79365,A5,312505,79365,1.10299003322,0.000344827586207,1981MM01,116.030103806
79366,A5,312505,79366,1.10598006645,0.000689655172414,1981MM02,115.960207612
79367,A5,312505,79367,1.10897009967,0.00103448275862,1981MM03,115.890311419
79368,A5,312505,79368,1.11196013289,0.00137931034483,1981MM04,115.820415225
79369,A5,312505,79369,1.11495016611,0.00172413793103,1981MM05,115.750519031
79370,A5,312505,79370,1.11794019934,0.00206896551724,1981MM06,115.680622837
79371,A5,312505,79371,1.12093023256,0.00241379310345,1981MM07,115.610726644
79372,A5,312505,79372,1.12392026578,0.00275862068966,1981MM08,115.54083045
79373,A5,312505,79373,1.126910299,0.00310344827586,1981MM09,115.470934256
79374,A5,312505,79374,1.12990033223,0.00344827586207,1981MM10,115.401038062
79375,A5,312505,79375,1.13289036545,0.00379310344828,1981MM11,115.331141869
79376,A5,312505,79376,1.13588039867,0.00413793103448,1981MM12,115.261245675
79378,A5,312505,79378,1.13887043189,0.00448275862069,1982MM01,115.191349481
79379,A5,312505,79379,1.14186046512,0.0048275862069,1982MM02,115.121453287
79380,A5,312505,79380,1.14485049834,0.0051724137931,1982MM03,115.051557093
79381,A5,312505,79381,1.14784053156,0.00551724137931,1982MM04,114.9816609
79382,A5,312505,79382,1.15083056478,0.00586206896552,1982MM05,114.911764706
79383,A5,312505,79383,1.15382059801,0.00620689655172,1982MM06,114.841868512
79384,A5,312505,79384,1.15681063123,0.00655172413793,1982MM07,114.771972318
79385,A5,312505,79385,1.15980066445,0.00689655172414,1982MM08,114.702076125
79386,A5,312505,79386,1.16279069767,0.00724137931034,1982MM09,114.632179931
79387,A5,312505,79387,1.1657807309,0.00758620689655,1982MM10,114.562283737
79388,A5,312505,79388,1.16877076412,0.00793103448276,1982MM11,114.492387543
79389,A5,312505,79389,1.17176079734,0.00827586206897,1982MM12,114.422491349
79391,A5,312505,79391,1.17475083056,0.00862068965517,1983MM01,114.352595156
79392,A5,312505,79392,1.17774086379,0.00896551724138,1983MM02,114.282698962
79393,A5,312505,79393,1.18073089701,0.00931034482759,1983MM03,114.212802768
79394,A5,312505,79394,1.18372093023,0.00965517241379,1983MM04,114.142906574
79395,A5,312505,79395,1.18671096346,0.01,1983MM05,114.073010381
79396,A5,312505,79396,1.18970099668,0.0103448275862,1983MM06,114.003114187
79397,A5,312505,79397,1.1926910299,0.0106896551724,1983MM07,113.933217993
79398,A5,312505,79398,1.19568106312,0.0110344827586,1983MM08,113.863321799
79399,A5,312505,79399,1.19867109635,0.0113793103448,1983MM09,113.793425606
79400,A5,312505,79400,1.20166112957,0.011724137931,1983MM10,113.723529412
79401,A5,312505,79401,1.20465116279,0.0120689655172,1983MM11,113.653633218
79402,A5,312505,79402,1.20764119601,0.0124137931034,1983MM12,113.583737024
79404,A5,312505,79404,1.21063122924,0.0127586206897,1984MM01,113.51384083
79405,A5,312505,79405,1.21362126246,0.0131034482759,1984MM02,113.443944637
79406,A5,312505,79406,1.21661129568,0.0134482758621,1984MM03,113.374048443
79407,A5,312505,79407,1.2196013289,0.0137931034483,1984MM04,113.304152249
79408,A5,312505,79408,1.22259136213,0.0141379310345,1984MM05,113.234256055
79409,A5,312505,79409,1.22558139535,0.0144827586207,1984MM06,113.164359862
79410,A5,312505,79410,1.22857142857,0.0148275862069,1984MM07,113.094463668
79411,A5,312505,79411,1.23156146179,0.0151724137931,1984MM08,113.024567474
79412,A5,312505,79412,1.23455149502,0.0155172413793,1984MM09,112.95467128
79413,A5,312505,79413,1.23754152824,0.0158620689655,1984MM10,112.884775087
79414,A5,312505,79414,1.24053156146,0.0162068965517,1984MM11,112.814878893
79415,A5,312505,79415,1.24352159468,0.0165517241379,1984MM12,112.744982699
79417,A5,312505,79417,1.24651162791,0.0168965517241,1985MM01,112.675086505
79418,A5,312505,79418,1.24950166113,0.0172413793103,1985MM02,112.605190311
79419,A5,312505,79419,1.25249169435,0.0175862068966,1985MM03,112.535294118
79420,A5,312505,79420,1.25548172757,0.0179310344828,1985MM04,112.465397924
79421,A5,312505,79421,1.2584717608,0.018275862069,1985MM05,112.39550173
79422,A5,312505,79422,1.26146179402,0.0186206896552,1985MM06,112.325605536
79423,A5,312505,79423,1.26445182724,0.0189655172414,1985MM07,112.255709343
79424,A5,312505,79424,1.26744186047,0.0193103448276,1985MM08,112.185813149
79425,A5,312505,79425,1.27043189369,0.0196551724138,1985MM09,112.115916955
79426,A5,312505,79426,1.27342192691,0.02,1985MM10,112.046020761
79427,A5,312505,79427,1.27641196013,0.0203448275862,1985MM11,111.976124567
79428,A5,312505,79428,1.27940199336,0.0206896551724,1985MM12,111.906228374
79430,A5,312505,79430,1.28239202658,0.0210344827586,1986MM01,111.83633218
79431,A5,312505,79431,1.2853820598,0.0213793103448,1986MM02,111.766435986
79432,A5,312505,79432,1.28837209302,0.021724137931,1986MM03,111.696539792
79433,A5,312505,79433,1.29136212625,0.0220689655172,1986MM04,111.626643599
79434,A5,312505,79434,1.29435215947,0.0224137931034,1986MM05,111.556747405
79435,A5,312505,79435,1.29734219269,0.0227586206897,1986MM06,111.486851211
79436,A5,312505,79436,1.30033222591,0.0231034482759,1986MM07,111.416955017
79437,A5,312505,79437,1.30332225914,0.0234482758621,1986MM08,111.347058824
79438,A5,312505,79438,1.30631229236,0.0237931034483,1986MM09,111.27716263
79439,A5,312505,79439,1.30930232558,0.0241379310345,1986MM10,111.207266436
79440,A5,312505,79440,1.3122923588,0.0244827586207,1986MM11,111.137370242
79441,A5,312505,79441,1.31528239203,0.0248275862069,1986MM12,111.067474048
79443,A5,312505,79443,1.31827242525,0.0251724137931,1987MM01,110.997577855
79444,A5,312505,79444,1.32126245847,0.0255172413793,1987MM02,110.927681661
79445,A5,312505,79445,1.32425249169,0.0258620689655,1987MM03,110.857785467
79446,A5,312505,79446,1.32724252492,0.0262068965517,1987MM04,110.787889273
79447,A5,312505,79447,1.33023255814,0.0265517241379,1987MM05,110.71799308
79448,A5,312505,79448,1.33322259136,0.0268965517241,1987MM06,110.648096886
79449,A5,312505,79449,1.33621262458,0.0272413793103,1987MM07,110.578200692
79450,A5,312505,79450,1.33920265781,0.0275862068966,1987MM08,110.508304498
79451,A5,312505,79451,1.34219269103,0.0279310344828,1987MM09,110.438408304
79452,A5,312505,79452,1.34518272425,0.028275862069,1987MM10,110.368512111
79453,A5,312505,79453,1.34817275748,0.0286206896552,1987MM11,110.298615917
79454,A5,312505,79454,1.3511627907,0.0289655172414,1987MM12,110.228719723
79456,A5,312505,79456,1.35415282392,0.0293103448276,1988MM01,110.158823529
79457,A5,312505,79457,1.35714285714,0.0296551724138,1988MM02,110.088927336
79458,A5,312505,79458,1.36013289037,0.03,1988MM03,110.019031142
79459,A5,312505,79459,1.36312292359,0.0303448275862,1988MM04,109.949134948
79460,A5,312505,79460,1.36611295681,0.0306896551724,1988MM05,109.879238754
79461,A5,312505,79461,1.36910299003,0.0310344827586,1988MM06,109.809342561
79462,A5,312505,79462,1.37209302326,0.0313793103448,1988MM07,109.739446367
79463,A5,312505,79463,1.37508305648,0.031724137931,1988MM08,109.669550173
79464,A5,312505,79464,1.3780730897,0.0320689655172,1988MM09,109.599653979
79465,A5,312505,79465,1.38106312292,0.0324137931034,1988MM10,109.529757785
79466,A5,312505,79466,1.38405315615,0.0327586206897,1988MM11,109.459861592
79467,A5,312505,79467,1.38704318937,0.0331034482759,1988MM12,109.389965398
79469,A5,312505,79469,1.39003322259,0.0334482758621,1989MM01,109.320069204
79470,A5,312505,79470,1.39302325581,0.0337931034483,1989MM02,109.25017301
79471,A5,312505,79471,1.39601328904,0.0341379310345,1989MM03,109.180276817
79472,A5,312505,79472,1.39900332226,0.0344827586207,1989MM04,109.110380623
79473,A5,312505,79473,1.40199335548,0.0348275862069,1989MM05,109.040484429
79474,A5,312505,79474,1.4049833887,0.0351724137931,1989MM06,108.970588235
79475,A5,312505,79475,1.40797342193,0.0355172413793,1989MM07,108.900692042
79476,A5,312505,79476,1.41096345515,0.0358620689655,1989MM08,108.830795848
79477,A5,312505,79477,1.41395348837,0.0362068965517,1989MM09,108.760899654
79478,A5,312505,79478,1.41694352159,0.0365517241379,1989MM10,108.69100346
79479,A5,312505,79479,1.41993355482,0.0368965517241,1989MM11,108.621107266
79480,A5,312505,79480,1.42292358804,0.0372413793103,1989MM12,108.551211073
79482,A5,312505,79482,1.42591362126,0.0375862068966,1990MM01,108.481314879
79483,A5,312505,79483,1.42890365449,0.0379310344828,1990MM02,108.411418685
79484,A5,312505,79484,1.43189368771,0.038275862069,1990MM03,108.341522491
79485,A5,312505,79485,1.43488372093,0.0386206896552,1990MM04,108.271626298
79486,A5,312505,79486,1.43787375415,0.0389655172414,1990MM05,108.201730104
79487,A5,312505,79487,1.44086378738,0.0393103448276,1990MM06,108.13183391
79488,A5,312505,79488,1.4438538206,0.0396551724138,1990MM07,108.061937716
79489,A5,312505,79489,1.44684385382,0.04,1990MM08,107.992041522
79490,A5,312505,79490,1.44983388704,0.0403448275862,1990MM09,107.922145329
79491,A5,312505,79491,1.45282392027,0.0406896551724,1990MM10,107.852249135
79492,A5,312505,79492,1.45581395349,0.0410344827586,1990MM11,107.782352941
79493,A5,312505,79493,1.45880398671,0.0413793103448,1990MM12,107.712456747
79495,A5,312505,79495,1.46179401993,0.041724137931,1991MM01,107.642560554
79496,A5,312505,79496,1.46478405316,0.0420689655172,1991MM02,107.57266436
79497,A5,312505,79497,1.46777408638,0.0424137931034,1991MM03,107.502768166
79498,A5,312505,79498,1.4707641196,0.0427586206897,1991MM04,107.432871972
79499,A5,312505,79499,1.47375415282,0.0431034482759,1991MM05,107.362975779
79500,A5,312505,79500,1.47674418605,0.0434482758621,1991MM06,107.293079585
79501,A5,312505,79501,1.47973421927,0.0437931034483,1991MM07,107.223183391
79502,A5,312505,79502,1.48272425249,0.0441379310345,1991MM08,107.153287197
79503,A5,312505,79503,1.48571428571,0.0444827586207,1991MM09,107.083391003
79504,A5,312505,79504,1.48870431894,0.0448275862069,1991MM10,107.01349481
79505,A5,312505,79505,1.49169435216,0.0451724137931,1991MM11,106.943598616
79506,A5,312505,79506,1.49468438538,0.0455172413793,1991MM12,106.873702422
79508,A5,312505,79508,1.4976744186,0.0458620689655,1992MM01,106.803806228
79509,A5,312505,79509,1.50066445183,0.0462068965517,1992MM02,106.733910035
79510,A5,312505,79510,1.50365448505,0.0465517241379,1992MM03,106.664013841
79511,A5,312505,79511,1.50664451827,0.0468965517241,1992MM04,106.594117647
79512,A5,312505,79512,1.5096345515,0.0472413793103,1992MM05,106.524221453
79513,A5,312505,79513,1.51262458472,0.0475862068966,1992MM06,106.45432526
79514,A5,312505,79514,1.51561461794,0.0479310344828,1992MM07,106.384429066
79515,A5,312505,79515,1.51860465116,0.048275862069,1992MM08,106.314532872
79516,A5,312505,79516,1.52159468439,0.0486206896552,1992MM09,106.244636678
79517,A5,312505,79517,1.52458471761,0.0489655172414,1992MM10,106.174740484
79518,A5,312505,79518,1.52757475083,0.0493103448276,1992MM11,106.104844291
79519,A5,312505,79519,1.53056478405,0.0496551724138,1992MM12,106.034948097
79521,A5,312505,79521,1.53355481728,0.05,1993MM01,105.965051903
79522,A5,312505,79522,1.5365448505,0.0503448275862,1993MM02,105.895155709
79523,A5,312505,79523,1.53953488372,0.0506896551724,1993MM03,105.825259516
79524,A5,312505,79524,1.54252491694,0.0510344827586,1993MM04,105.755363322
79525,A5,312505,79525,1.54551495017,0.0513793103448,1993MM05,105.685467128
79526,A5,312505,79526,1.54850498339,0.051724137931,1993MM06,105.615570934
79527,A5,312505,79527,1.55149501661,0.0520689655172,1993MM07,105.54567474
79528,A5,312505,79528,1.55448504983,0.0524137931034,1993MM08,105.475778547
79529,A5,312505,79529,1.55747508306,0.0527586206897,1993MM09,105.405882353
79530,A5,312505,79530,1.56046511628,0.0531034482759,1993MM10,105.335986159
79531,A5,312505,79531,1.5634551495,0.0534482758621,1993MM11,105.266089965
79532,A5,312505,79532,1.56644518272,0.0537931034483,1993MM12,105.196193772
79534,A5,312505,79534,1.56943521595,0.0541379310345,1994MM01,105.126297578
79535,A5,312505,79535,1.57242524917,0.0544827586207,1994MM02,105.056401384
79536,A5,312505,79536,1.57541528239,0.0548275862069,1994MM03,104.98650519
79537,A5,312505,79537,1.57840531561,0.0551724137931,1994MM04,104.916608997
79538,A5,312505,79538,1.58139534884,0.0555172413793,1994MM05,104.846712803
79539,A5,312505,79539,1.58438538206,0.0558620689655,1994MM06,104.776816609
79540,A5,312505,79540,1.58737541528,0.0562068965517,1994MM07,104.706920415
79541,A5,312505,79541,1.5903654485,0.0565517241379,1994MM08,104.637024221
79542,A5,312505,79542,1.59335548173,0.0568965517241,1994MM09,104.567128028
79543,A5,312505,79543,1.59634551495,0.0572413793103,1994MM10,104.497231834
79544,A5,312505,79544,1.59933554817,0.0575862068966,1994MM11,104.42733564
79545,A5,312505,79545,1.6023255814,0.0579310344828,1994MM12,104.357439446
79547,A5,312505,79547,1.60531561462,0.058275862069,1995MM01,104.287543253
79548,A5,312505,79548,1.60830564784,0.0586206896552,1995MM02,104.217647059
79549,A5,312505,79549,1.61129568106,0.0589655172414,1995MM03,104.147750865
79550,A5,312505,79550,1.61428571429,0.0593103448276,1995MM04,104.077854671
79551,A5,312505,79551,1.61727574751,0.0596551724138,1995MM05,104.007958478
79552,A5,312505,79552,1.62026578073,0.06,1995MM06,103.938062284
79553,A5,312505,79553,1.62325581395,0.0603448275862,1995MM07,103.86816609
79554,A5,312505,79554,1.62624584718,0.0606896551724,1995MM08,103.798269896
79555,A5,312505,79555,1.6292358804,0.0610344827586,1995MM09,103.728373702
79556,A5,312505,79556,1.63222591362,0.0613793103448,1995MM10,103.658477509
79557,A5,312505,79557,1.63521594684,0.061724137931,1995MM11,103.588581315
79558,A5,312505,79558,1.63820598007,0.0620689655172,1995MM12,103.518685121
79560,A5,312505,79560,1.64119601329,0.0624137931034,1996MM01,103.448788927
79561,A5,312505,79561,1.64418604651,0.0627586206897,1996MM02,103.378892734
79562,A5,312505,79562,1.64717607973,0.0631034482759,1996MM03,103.30899654
79563,A5,312505,79563,1.65016611296,0.0634482758621,1996MM04,103.239100346
79564,A5,312505,79564,1.65315614618,0.0637931034483,1996MM05,103.169204152
79565,A5,312505,79565,1.6561461794,0.0641379310345,1996MM06,103.099307958
79566,A5,312505,79566,1.65913621262,0.0644827586207,1996MM07,103.029411765
79567,A5,312505,79567,1.66212624585,0.0648275862069,1996MM08,102.959515571
79568,A5,312505,79568,1.66511627907,0.0651724137931,1996MM09,102.889619377
79569,A5,312505,79569,1.66810631229,0.0655172413793,1996MM10,102.819723183
79570,A5,312505,79570,1.67109634551,0.0658620689655,1996MM11,102.74982699
79571,A5,312505,79571,1.67408637874,0.0662068965517,1996MM12,102.679930796
79573,A5,312505,79573,1.67707641196,0.0665517241379,1997MM01,102.610034602
79574,A5,312505,79574,1.68006644518,0.0668965517241,1997MM02,102.540138408
79575,A5,312505,79575,1.68305647841,0.0672413793103,1997MM03,102.470242215
79576,A5,312505,79576,1.68604651163,0.0675862068966,1997MM04,102.400346021
79577,A5,312505,79577,1.68903654485,0.0679310344828,1997MM05,102.330449827
79578,A5,312505,79578,1.69202657807,0.068275862069,1997MM06,102.260553633
79579,A5,312505,79579,1.6950166113,0.0686206896552,1997MM07,102.190657439
79580,A5,312505,79580,1.69800664452,0.0689655172414,1997MM08,102.120761246
79581,A5,312505,79581,1.70099667774,0.0693103448276,1997MM09,102.050865052
79582,A5,312505,79582,1.70398671096,0.0696551724138,1997MM10,101.980968858
79583,A5,312505,79583,1.70697674419,0.07,1997MM11,101.911072664
79584,A5,312505,79584,1.70996677741,0.0703448275862,1997MM12,101.841176471
79586,A5,312505,79586,1.71295681063,0.0706896551724,1998MM01,101.771280277
79587,A5,312505,79587,1.71594684385,0.0710344827586,1998MM02,101.701384083
79588,A5,312505,79588,1.71893687708,0.0713793103448,1998MM03,101.631487889
79589,A5,312505,79589,1.7219269103,0.071724137931,1998MM04,101.561591696
79590,A5,312505,79590,1.72491694352,0.0720689655172,1998MM05,101.491695502
79591,A5,312505,79591,1.72790697674,0.0724137931034,1998MM06,101.421799308
79592,A5,312505,79592,1.73089700997,0.0727586206897,1998MM07,101.351903114
79593,A5,312505,79593,1.73388704319,0.0731034482759,1998MM08,101.28200692
79594,A5,312505,79594,1.73687707641,0.0734482758621,1998MM09,101.212110727
79595,A5,312505,79595,1.73986710963,0.0737931034483,1998MM10,101.142214533
79596,A5,312505,79596,1.74285714286,0.0741379310345,1998MM11,101.072318339
79597,A5,312505,79597,1.74584717608,0.0744827586207,1998MM12,101.002422145
79599,A5,312505,79599,1.7488372093,0.0748275862069,1999MM01,100.932525952
79600,A5,312505,79600,1.75182724252,0.0751724137931,1999MM02,100.862629758
79601,A5,312505,79601,1.75481727575,0.0755172413793,1999MM03,100.792733564
79602,A5,312505,79602,1.75780730897,0.0758620689655,1999MM04,100.72283737
79603,A5,312505,79603,1.76079734219,0.0762068965517,1999MM05,100.652941176
79604,A5,312505,79604,1.76378737542,0.0765517241379,1999MM06,100.583044983
79605,A5,312505,79605,1.76677740864,0.0768965517241,1999MM07,100.513148789
79606,A5,312505,79606,1.76976744186,0.0772413793103,1999MM08,100.443252595
79607,A5,312505,79607,1.77275747508,0.0775862068966,1999MM09,100.373356401
79608,A5,312505,79608,1.77574750831,0.0779310344828,1999MM10,100.303460208
79609,A5,312505,79609,1.77873754153,0.078275862069,1999MM11,100.233564014
79610,A5,312505,79610,1.78172757475,0.0786206896552,1999MM12,100.16366782
79612,A5,312505,79612,1.78471760797,0.0789655172414,2000MM01,100.093771626
79613,A5,312505,79613,1.7877076412,0.0793103448276,2000MM02,100.023875433
79614,A5,312505,79614,1.79069767442,0.0796551724138,2000MM03,99.9539792388
79615,A5,312505,79615,1.79368770764,0.08,2000MM04,99.884083045
79616,A5,312505,79616,1.79667774086,0.0803448275862,2000MM05,99.8141868512
79617,A5,312505,79617,1.79966777409,0.0806896551724,2000MM06,99.7442906574
79618,A5,312505,79618,1.80265780731,0.0810344827586,2000MM07,99.6743944637
79619,A5,312505,79619,1.80564784053,0.0813793103448,2000MM08,99.6044982699
79620,A5,312505,79620,1.80863787375,0.081724137931,2000MM09,99.5346020761
79621,A5,312505,79621,1.81162790698,0.0820689655172,2000MM10,99.4647058824
79622,A5,312505,79622,1.8146179402,0.0824137931034,2000MM11,99.3948096886
79623,A5,312505,79623,1.81760797342,0.0827586206897,2000MM12,99.3249134948
79625,A5,312505,79625,1.82059800664,0.0831034482759,2001MM01,99.255017301
79626,A5,312505,79626,1.82358803987,0.0834482758621,2001MM02,99.1851211073
79627,A5,312505,79627,1.82657807309,0.0837931034483,2001MM03,99.1152249135
79628,A5,312505,79628,1.82956810631,0.0841379310345,2001MM04,99.0453287197
79629,A5,312505,79629,1.83255813953,0.0844827586207,2001MM05,98.975432526
79630,A5,312505,79630,1.83554817276,0.0848275862069,2001MM06,98.9055363322
79631,A5,312505,79631,1.83853820598,0.0851724137931,2001MM07,98.8356401384
79632,A5,312505,79632,1.8415282392,0.0855172413793,2001MM08,98.7657439446
79633,A5,312505,79633,1.84451827243,0.0858620689655,2001MM09,98.6958477509
79634,A5,312505,79634,1.84750830565,0.0862068965517,2001MM10,98.6259515571
79635,A5,312505,79635,1.85049833887,0.0865517241379,2001MM11,98.5560553633
79636,A5,312505,79636,1.85348837209,0.0868965517241,2001MM12,98.4861591696
79638,A5,312505,79638,1.85647840532,0.0872413793103,2002MM01,98.4162629758
79639,A5,312505,79639,1.85946843854,0.0875862068966,2002MM02,98.346366782
79640,A5,312505,79640,1.86245847176,0.0879310344828,2002MM03,98.2764705882
79641,A5,312505,79641,1.86544850498,0.088275862069,2002MM04,98.2065743945
79642,A5,312505,79642,1.86843853821,0.0886206896552,2002MM05,98.1366782007
79643,A5,312505,79643,1.87142857143,0.0889655172414,2002MM06,98.0667820069
79644,A5,312505,79644,1.87441860465,0.0893103448276,2002MM07,97.9968858131
79645,A5,312505,79645,1.87740863787,0.0896551724138,2002MM08,97.9269896194
79646,A5,312505,79646,1.8803986711,0.09,2002MM09,97.8570934256
79647,A5,312505,79647,1.88338870432,0.0903448275862,2002MM10,97.7871972318
79648,A5,312505,79648,1.88637873754,0.0906896551724,2002MM11,97.7173010381
79649,A5,312505,79649,1.88936877076,0.0910344827586,2002MM12,97.6474048443
79651,A5,312505,79651,1.89235880399,0.0913793103448,2003MM01,97.5775086505
79652,A5,312505,79652,1.89534883721,0.091724137931,2003MM02,97.5076124567
79653,A5,312505,79653,1.89833887043,0.0920689655172,2003MM03,97.437716263
79654,A5,312505,79654,1.90132890365,0.0924137931034,2003MM04,97.3678200692
79655,A5,312505,79655,1.90431893688,0.0927586206897,2003MM05,97.2979238754
79656,A5,312505,79656,1.9073089701,0.0931034482759,2003MM06,97.2280276817
79657,A5,312505,79657,1.91029900332,0.0934482758621,2003MM07,97.1581314879
79658,A5,312505,79658,1.91328903654,0.0937931034483,2003MM08,97.0882352941
79659,A5,312505,79659,1.91627906977,0.0941379310345,2003MM09,97.0183391003
79660,A5,312505,79660,1.91926910299,0.0944827586207,2003MM10,96.9484429066
79661,A5,312505,79661,1.92225913621,0.0948275862069,2003MM11,96.8785467128
79662,A5,312505,79662,1.92524916944,0.0951724137931,2003MM12,96.808650519
79664,A5,312505,79664,1.92823920266,0.0955172413793,2004MM01,96.7387543253
79665,A5,312505,79665,1.93122923588,0.0958620689655,2004MM02,96.6688581315
79666,A5,312505,79666,1.9342192691,0.0962068965517,2004MM03,96.5989619377
79667,A5,312505,79667,1.93720930233,0.0965517241379,2004MM04,96.5290657439
79668,A5,312505,79668,1.94019933555,0.0968965517241,2004MM05,96.4591695502
79669,A5,312505,79669,1.94318936877,0.0972413793103,2004MM06,96.3892733564
79670,A5,312505,79670,1.94617940199,0.0975862068966,2004MM07,96.3193771626
79671,A5,312505,79671,1.94916943522,0.0979310344828,2004MM08,96.2494809689
79672,A5,312505,79672,1.95215946844,0.098275862069,2004MM09,96.1795847751
79673,A5,312505,79673,1.95514950166,0.0986206896552,2004MM10,96.1096885813
79674,A5,312505,79674,1.95813953488,0.0989655172414,2004MM11,96.0397923875
79675,A5,312505,79675,1.96112956811,0.0993103448276,2004MM12,95.9698961938
79677,A5,312505,79677,1.96411960133,0.0996551724138,2005MM01,95.9
79678,A5,312505,79678,1.96710963455,0.1,2005MM02,96.1
79679,A5,312505,79679,1.97009966777,0.1,2005MM03,96.2
79680,A5,312505,79680,1.973089701,0.2,2005MM04,96.4
79681,A5,312505,79681,1.97607973422,0.0,2005MM05,96.4
79682,A5,312505,79682,1.97906976744,0.6,2005MM06,96.9
79683,A5,312505,79683,1.98205980066,-0.3,2005MM07,96.6
79684,A5,312505,79684,1.98504983389,-0.1,2005MM08,96.5
79685,A5,312505,79685,1.98803986711,0.3,2005MM09,96.8
79686,A5,312505,79686,1.99102990033,0.2,2005MM10,97.0
79687,A5,312505,79687,1.99401993355,0.5,2005MM11,97.5
79688,A5,312505,79688,1.99700996678,-0.4,2005MM12,97.1
79690,A5,312505,79690,2.0,0.7,2006MM01,97.8
79691,A5,312505,79691,2.2,0.3,2006MM02,98.2
79692,A5,312505,79692,2.0,-0.1,2006MM03,98.0
79693,A5,312505,79693,1.3,-0.5,2006MM04,97.6
79694,A5,312505,79694,1.2,-0.1,2006MM05,97.5
79695,A5,312505,79695,0.7,0.1,2006MM06,97.6
79696,A5,312505,79696,1.0,0.0,2006MM07,97.6
79697,A5,312505,79697,1.4,0.3,2006MM08,97.9
79698,A5,312505,79698,1.0,-0.1,2006MM09,97.8
79699,A5,312505,79699,1.0,0.1,2006MM10,97.9
79700,A5,312505,79700,0.3,-0.2,2006MM11,97.7
79701,A5,312505,79701,0.5,-0.1,2006MM12,97.6
79703,A5,312505,79703,0.8,1.1,2007MM01,98.6
79704,A5,312505,79704,0.5,0.0,2007MM02,98.7
79705,A5,312505,79705,0.3,-0.3,2007MM03,98.4
79706,A5,312505,79706,0.8,0.0,2007MM04,98.4
79707,A5,312505,79707,0.9,0.0,2007MM05,98.4
79708,A5,312505,79708,1.0,0.1,2007MM06,98.5
79709,A5,312505,79709,1.4,0.4,2007MM07,98.9
79710,A5,312505,79710,1.1,0.0,2007MM08,98.9
79711,A5,312505,79711,0.9,-0.3,2007MM09,98.6
79712,A5,312505,79712,0.9,0.2,2007MM10,98.8
79713,A5,312505,79713,0.9,-0.2,2007MM11,98.6
79714,A5,312505,79714,0.8,-0.3,2007MM12,98.4
79716,A5,312505,79716,0.4,0.6,2008MM01,99.0
79717,A5,312505,79717,0.2,-0.1,2008MM02,98.9
79718,A5,312505,79718,0.5,0.0,2008MM03,98.9
79719,A5,312505,79719,0.6,0.1,2008MM04,99.0
79720,A5,312505,79720,0.7,0.1,2008MM05,99.1
79721,A5,312505,79721,0.3,-0.2,2008MM06,98.9
79722,A5,312505,79722,0.4,0.4,2008MM07,99.3
79723,A5,312505,79723,0.7,0.4,2008MM08,99.6
79724,A5,312505,79724,0.9,-0.1,2008MM09,99.5
79725,A5,312505,79725,1.0,0.3,2008MM10,99.8
79726,A5,312505,79726,1.8,0.6,2008MM11,100.4
79727,A5,312505,79727,1.6,-0.4,2008MM12,100.0
79729,A5,312505,79729,1.1,0.1,2009MM01,100.1
79730,A5,312505,79730,1.5,0.3,2009MM02,100.4
79731,A5,312505,79731,1.2,-0.4,2009MM03,100.0
79732,A5,312505,79732,0.1,-1.0,2009MM04,99.0
79733,A5,312505,79733,-0.3,-0.2,2009MM05,98.8
79734,A5,312505,79734,-0.1,0.0,2009MM06,98.8
79735,A5,312505,79735,0.3,0.8,2009MM07,99.6
79736,A5,312505,79736,-0.2,-0.1,2009MM08,99.4
79737,A5,312505,79737,-0.5,-0.4,2009MM09,99.1
79738,A5,312505,79738,-1.0,-0.2,2009MM10,98.8
79739,A5,312505,79739,-1.3,0.2,2009MM11,99.1
79740,A5,312505,79740,-1.3,-0.4,2009MM12,98.7
79742,A5,312505,79742,-1.2,0.2,2010MM01,98.9
79743,A5,312505,79743,-1.0,0.6,2010MM02,99.4
79744,A5,312505,79744,-0.9,-0.3,2010MM03,99.2
79745,A5,312505,79745,0.1,0.0,2010MM04,99.2
79746,A5,312505,79746,0.5,0.1,2010MM05,99.2
79747,A5,312505,79747,0.7,0.3,2010MM06,99.5
79748,A5,312505,79748,0.8,0.9,2010MM07,100.4
79749,A5,312505,79749,1.2,0.2,2010MM08,100.6
79750,A5,312505,79750,1.6,0.1,2010MM09,100.7
79751,A5,312505,79751,2.0,0.2,2010MM10,100.9
79752,A5,312505,79752,1.9,0.1,2010MM11,101.0
79753,A5,312505,79753,2.4,0.1,2010MM12,101.1
79755,A5,312505,79755,4.0,1.7,2011MM01,102.8
79756,A5,312505,79756,3.7,0.3,2011MM02,103.1
79757,A5,312505,79757,4.1,0.1,2011MM03,103.2
79758,A5,312505,79758,5.0,0.9,2011MM04,104.2
79759,A5,312505,79759,5.1,0.1,2011MM05,104.3
79760,A5,312505,79760,4.8,0.0,2011MM06,104.3
79761,A5,312505,79761,5.0,1.1,2011MM07,105.4
79762,A5,312505,79762,4.9,0.2,2011MM08,105.6
79763,A5,312505,79763,5.1,0.2,2011MM09,105.8
79764,A5,312505,79764,4.7,-0.2,2011MM10,105.6
79765,A5,312505,79765,4.7,0.1,2011MM11,105.7
79766,A5,312505,79766,4.7,0.1,2011MM12,105.8
79768,A5,312505,79768,3.0,0.0,2012MM01,105.9
79769,A5,312505,79769,2.6,-0.1,2012MM02,105.8
79770,A5,312505,79770,2.7,0.2,2012MM03,106.0
79771,A5,312505,79771,1.7,0.0,2012MM04,106.0
79772,A5,312505,79772,1.9,0.2,2012MM05,106.2
79773,A5,312505,79773,1.9,0.0,2012MM06,106.2
79774,A5,312505,79774,2.1,1.3,2012MM07,107.6
79775,A5,312505,79775,1.9,0.0,2012MM08,107.6
79776,A5,312505,79776,1.5,-0.1,2012MM09,107.4
79777,A5,312505,79777,1.4,-0.3,2012MM10,107.1
79778,A5,312505,79778,1.1,-0.2,2012MM11,106.9
79779,A5,312505,79779,1.4,0.3,2012MM12,107.3
79781,A5,312505,79781,1.2,-0.1,2013MM01,107.2
79782,A5,312505,79782,1.4,0.0,2013MM02,107.2
79783,A5,312505,79783,1.3,0.2,2013MM03,107.4
79784,A5,312505,79784,-0.2,-1.5,2013MM04,105.7
79785,A5,312505,79785,-0.2,0.3,2013MM05,106.0
79786,A5,312505,79786,-0.4,-0.3,2013MM06,105.7
79787,A5,312505,79787,-1.1,0.6,2013MM07,106.4
79788,A5,312505,79788,-0.7,0.4,2013MM08,106.8
79789,A5,312505,79789,-1.2,-0.6,2013MM09,106.2
79790,A5,312505,79790,-0.8,0.1,2013MM10,106.2
79791,A5,312505,79791,-0.9,-0.2,2013MM11,106.0
79792,A5,312505,79792,-1.0,0.1,2013MM12,106.2
79794,A5,312505,79794,-0.2,0.8,2014MM01,107.0
79795,A5,312505,79795,-0.4,-0.2,2014MM02,106.8
79796,A5,312505,79796,-0.3,0.2,2014MM03,107.0
79797,A5,312505,79797,0.3,-0.9,2014MM04,106.1
79798,A5,312505,79798,0.5,0.4,2014MM05,106.5
79799,A5,312505,79799,0.4,-0.3,2014MM06,106.1
79800,A5,312505,79800,0.1,0.4,2014MM07,106.5
79801,A5,312505,79801,-0.4,-0.1,2014MM08,106.4
79802,A5,312505,79802,0.1,-0.1,2014MM09,106.2
79803,A5,312505,79803,0.3,0.3,2014MM10,106.5
79804,A5,312505,79804,0.6,0.1,2014MM11,106.6
79805,A5,312505,79805,0.5,0.0,2014MM12,106.6
79807,A5,312505,79807,0.4,0.7,2015MM01,107.4
79808,A5,312505,79808,0.9,0.3,2015MM02,107.8
79809,A5,312505,79809,1.1,0.4,2015MM03,108.1
79810,A5,312505,79810,1.4,-0.5,2015MM04,107.6
79811,A5,312505,79811,0.9,-0.1,2015MM05,107.5
79812,A5,312505,79812,1.2,-0.1,2015MM06,107.4
79813,A5,312505,79813,1.4,0.6,2015MM07,108.0
79814,A5,312505,79814,1.3,-0.2,2015MM08,107.8
79815,A5,312505,79815,1.7,0.3,2015MM09,108.1
79816,A5,312505,79816,1.2,-0.3,2015MM10,107.8
79817,A5,312505,79817,1.2,0.0,2015MM11,107.8
79818,A5,312505,79818,0.9,-0.2,2015MM12,107.6
79820,A5,312505,79820,0.0,-0.1,2016MM01,107.5
79821,A5,312505,79821,-0.5,-0.3,2016MM02,107.2
79822,A5,312505,79822,-0.8,0.1,2016MM03,107.3
79823,A5,312505,79823,-1.2,-0.9,2016MM04,106.3
79824,A5,312505,79824,-0.6,0.5,2016MM05,106.8
79825,A5,312505,79825,-1.2,-0.6,2016MM06,106.1
79826,A5,312505,79826,-1.3,0.5,2016MM07,106.6
79827,A5,312505,79827,-1.8,-0.7,2016MM08,105.9
79828,A5,312505,79828,-2.0,0.1,2016MM09,106.0
79829,A5,312505,79829,-2.2,-0.5,2016MM10,105.5
79830,A5,312505,79830,-2.2,-0.1,2016MM11,105.4
79831,A5,312505,79831,-1.8,0.2,2016MM12,105.6
79833,A5,312505,79833,-2.4,-0.6,2017MM01,104.9
79834,A5,312505,79834,-2.1,0.0,2017MM02,104.9
79835,A5,312505,79835,-2.0,0.2,2017MM03,105.1
79836,A5,312505,79836,-0.5,0.6,2017MM04,105.7
79837,A5,312505,79837,-1.0,0.1,2017MM05,105.7
79838,A5,312505,79838,-1.0,-0.6,2017MM06,105.1
79839,A5,312505,79839,0.2,1.7,2017MM07,106.9
79840,A5,312505,79840,1.1,0.1,2017MM08,107.0
79841,A5,312505,79841,1.4,0.4,2017MM09,107.4
79842,A5,312505,79842,0.5,-1.4,2017MM10,106.0
79843,A5,312505,79843,1.0,0.5,2017MM11,106.4
79844,A5,312505,79844,0.6,-0.1,2017MM12,106.3
