,Afzet,BedrijfstakkenBranchesSBI2008,ID,OntwikkelingTOV1JaarEerder_2,OntwikkelingTOV1MaandEerder_3,Perioden,ProducentenprijsindexPPI_1
47619,A4,312500,47619,0.830769230769,0.25,1981MM01,75.2
47620,A4,312500,47620,1.16153846154,0.6,1981MM02,75.6
47621,A4,312500,47621,1.49230769231,0.2,1981MM03,75.8
47622,A4,312500,47622,1.82307692308,0.3,1981MM04,76.0
47623,A4,312500,47623,2.15384615385,0.1,1981MM05,76.1
47624,A4,312500,47624,2.48461538462,0.1,1981MM06,76.2
47625,A4,312500,47625,2.81538461538,0.5,1981MM07,76.6
47626,A4,312500,47626,3.14615384615,0.4,1981MM08,76.9
47627,A4,312500,47627,3.47692307692,0.1,1981MM09,77.0
47628,A4,312500,47628,3.80769230769,0.1,1981MM10,77.1
47629,A4,312500,47629,4.13846153846,0.6,1981MM11,77.5
47630,A4,312500,47630,4.46923076923,0.2,1981MM12,77.7
47632,A4,312500,47632,4.8,1.4,1982MM01,78.8
47633,A4,312500,47633,4.4,0.2,1982MM02,79.0
47634,A4,312500,47634,4.4,0.2,1982MM03,79.1
47635,A4,312500,47635,4.3,0.2,1982MM04,79.3
47636,A4,312500,47636,4.3,0.1,1982MM05,79.3
47637,A4,312500,47637,3.8,-0.3,1982MM06,79.1
47638,A4,312500,47638,3.5,0.2,1982MM07,79.2
47639,A4,312500,47639,3.2,0.2,1982MM08,79.4
47640,A4,312500,47640,3.1,0.0,1982MM09,79.4
47641,A4,312500,47641,3.0,-0.1,1982MM10,79.3
47642,A4,312500,47642,2.1,-0.2,1982MM11,79.2
47643,A4,312500,47643,1.5,-0.4,1982MM12,78.8
47645,A4,312500,47645,0.8,0.8,1983MM01,79.4
47646,A4,312500,47646,0.7,0.1,1983MM02,79.5
47647,A4,312500,47647,0.5,0.0,1983MM03,79.6
47648,A4,312500,47648,0.7,0.3,1983MM04,79.8
47649,A4,312500,47649,0.8,0.2,1983MM05,80.0
47650,A4,312500,47650,1.5,0.4,1983MM06,80.3
47651,A4,312500,47651,1.5,0.2,1983MM07,80.4
47652,A4,312500,47652,1.4,0.1,1983MM08,80.5
47653,A4,312500,47653,1.7,0.2,1983MM09,80.7
47654,A4,312500,47654,2.1,0.4,1983MM10,81.0
47655,A4,312500,47655,2.1,-0.2,1983MM11,80.8
47656,A4,312500,47656,3.2,0.6,1983MM12,81.4
47658,A4,312500,47658,3.5,1.1,1984MM01,82.2
47659,A4,312500,47659,3.5,0.1,1984MM02,82.4
47660,A4,312500,47660,3.7,0.2,1984MM03,82.5
47661,A4,312500,47661,3.9,0.5,1984MM04,82.9
47662,A4,312500,47662,3.8,0.1,1984MM05,83.0
47663,A4,312500,47663,3.5,0.1,1984MM06,83.1
47664,A4,312500,47664,3.4,0.1,1984MM07,83.1
47665,A4,312500,47665,3.7,0.5,1984MM08,83.5
47666,A4,312500,47666,3.6,0.1,1984MM09,83.6
47667,A4,312500,47667,3.4,0.2,1984MM10,83.7
47668,A4,312500,47668,4.0,0.4,1984MM11,84.1
47669,A4,312500,47669,3.7,0.4,1984MM12,84.4
47671,A4,312500,47671,3.9,1.3,1985MM01,85.5
47672,A4,312500,47672,3.3,-0.4,1985MM02,85.1
47673,A4,312500,47673,3.2,0.1,1985MM03,85.1
47674,A4,312500,47674,2.8,0.2,1985MM04,85.3
47675,A4,312500,47675,3.1,0.4,1985MM05,85.6
47676,A4,312500,47676,3.1,0.0,1985MM06,85.6
47677,A4,312500,47677,3.1,0.0,1985MM07,85.7
47678,A4,312500,47678,2.7,0.2,1985MM08,85.8
47679,A4,312500,47679,2.8,0.1,1985MM09,85.9
47680,A4,312500,47680,2.6,0.0,1985MM10,85.9
47681,A4,312500,47681,2.4,0.2,1985MM11,86.1
47682,A4,312500,47682,2.0,0.0,1985MM12,86.1
47684,A4,312500,47684,0.7,0.0,1986MM01,86.1
47685,A4,312500,47685,1.3,0.1,1986MM02,86.2
47686,A4,312500,47686,1.4,0.1,1986MM03,86.3
47687,A4,312500,47687,1.2,0.1,1986MM04,86.3
47688,A4,312500,47688,0.8,0.0,1986MM05,86.3
47689,A4,312500,47689,0.8,0.0,1986MM06,86.3
47690,A4,312500,47690,0.7,0.0,1986MM07,86.3
47691,A4,312500,47691,0.5,-0.1,1986MM08,86.2
47692,A4,312500,47692,0.1,-0.3,1986MM09,86.0
47693,A4,312500,47693,0.2,0.2,1986MM10,86.1
47694,A4,312500,47694,0.1,0.0,1986MM11,86.2
47695,A4,312500,47695,-0.1,-0.1,1986MM12,86.1
47697,A4,312500,47697,0.0,0.1,1987MM01,86.1
47698,A4,312500,47698,-0.4,-0.3,1987MM02,85.8
47699,A4,312500,47699,-0.5,0.0,1987MM03,85.9
47700,A4,312500,47700,-0.6,0.0,1987MM04,85.8
47701,A4,312500,47701,-0.7,-0.1,1987MM05,85.7
47702,A4,312500,47702,-0.9,-0.2,1987MM06,85.5
47703,A4,312500,47703,-0.6,0.3,1987MM07,85.7
47704,A4,312500,47704,-0.6,0.0,1987MM08,85.7
47705,A4,312500,47705,-0.3,0.0,1987MM09,85.7
47706,A4,312500,47706,-0.6,-0.1,1987MM10,85.6
47707,A4,312500,47707,-0.1,0.6,1987MM11,86.1
47708,A4,312500,47708,-0.2,-0.3,1987MM12,85.9
47710,A4,312500,47710,-0.2,0.1,1988MM01,86.0
47711,A4,312500,47711,0.1,-0.1,1988MM02,85.9
47712,A4,312500,47712,0.1,0.0,1988MM03,85.9
47713,A4,312500,47713,0.8,0.7,1988MM04,86.6
47714,A4,312500,47714,0.6,-0.4,1988MM05,86.2
47715,A4,312500,47715,0.9,0.1,1988MM06,86.3
47716,A4,312500,47716,0.7,0.1,1988MM07,86.4
47717,A4,312500,47717,1.1,0.3,1988MM08,86.6
47718,A4,312500,47718,1.1,0.1,1988MM09,86.7
47719,A4,312500,47719,1.3,0.1,1988MM10,86.7
47720,A4,312500,47720,1.2,0.4,1988MM11,87.1
47721,A4,312500,47721,1.3,-0.1,1988MM12,87.0
47723,A4,312500,47723,1.4,0.2,1989MM01,87.1
47724,A4,312500,47724,1.7,0.2,1989MM02,87.4
47725,A4,312500,47725,1.7,0.1,1989MM03,87.4
47726,A4,312500,47726,1.1,0.1,1989MM04,87.5
47727,A4,312500,47727,1.9,0.4,1989MM05,87.8
47728,A4,312500,47728,1.4,-0.4,1989MM06,87.5
47729,A4,312500,47729,1.2,-0.1,1989MM07,87.4
47730,A4,312500,47730,0.8,-0.1,1989MM08,87.3
47731,A4,312500,47731,0.5,-0.2,1989MM09,87.1
47732,A4,312500,47732,0.2,-0.2,1989MM10,86.9
47733,A4,312500,47733,-0.4,-0.2,1989MM11,86.8
47734,A4,312500,47734,-0.7,-0.4,1989MM12,86.4
47736,A4,312500,47736,-1.2,-0.3,1990MM01,86.1
47737,A4,312500,47737,-2.4,-1.0,1990MM02,85.3
47738,A4,312500,47738,-2.3,0.2,1990MM03,85.4
47739,A4,312500,47739,-2.5,-0.1,1990MM04,85.3
47740,A4,312500,47740,-3.3,-0.5,1990MM05,84.9
47741,A4,312500,47741,-3.1,-0.2,1990MM06,84.7
47742,A4,312500,47742,-3.3,-0.2,1990MM07,84.6
47743,A4,312500,47743,-3.2,-0.1,1990MM08,84.5
47744,A4,312500,47744,-3.0,0.0,1990MM09,84.5
47745,A4,312500,47745,-2.8,0.0,1990MM10,84.5
47746,A4,312500,47746,-2.2,0.4,1990MM11,84.9
47747,A4,312500,47747,-1.5,0.3,1990MM12,85.1
47749,A4,312500,47749,-0.9,0.3,1991MM01,85.4
47750,A4,312500,47750,0.9,0.8,1991MM02,86.0
47751,A4,312500,47751,0.7,0.0,1991MM03,86.1
47752,A4,312500,47752,1.4,0.5,1991MM04,86.5
47753,A4,312500,47753,1.7,-0.2,1991MM05,86.3
47754,A4,312500,47754,1.8,0.0,1991MM06,86.3
47755,A4,312500,47755,2.2,0.1,1991MM07,86.4
47756,A4,312500,47756,2.2,0.0,1991MM08,86.4
47757,A4,312500,47757,2.0,-0.2,1991MM09,86.2
47758,A4,312500,47758,1.9,0.0,1991MM10,86.2
47759,A4,312500,47759,1.5,0.0,1991MM11,86.2
47760,A4,312500,47760,1.4,0.2,1991MM12,86.3
47762,A4,312500,47762,1.2,0.1,1992MM01,86.4
47763,A4,312500,47763,0.3,-0.2,1992MM02,86.3
47764,A4,312500,47764,1.1,0.9,1992MM03,87.0
47765,A4,312500,47765,0.2,-0.4,1992MM04,86.6
47766,A4,312500,47766,0.6,0.3,1992MM05,86.9
47767,A4,312500,47767,0.8,0.1,1992MM06,87.0
47768,A4,312500,47768,0.6,0.0,1992MM07,87.0
47769,A4,312500,47769,0.6,-0.1,1992MM08,86.9
47770,A4,312500,47770,0.9,0.1,1992MM09,86.9
47771,A4,312500,47771,1.0,0.1,1992MM10,87.1
47772,A4,312500,47772,1.0,0.0,1992MM11,87.0
47773,A4,312500,47773,1.1,0.2,1992MM12,87.2
47775,A4,312500,47775,1.1,0.2,1993MM01,87.4
47776,A4,312500,47776,1.4,0.1,1993MM02,87.4
47777,A4,312500,47777,0.3,-0.1,1993MM03,87.3
47778,A4,312500,47778,1.1,0.3,1993MM04,87.6
47779,A4,312500,47779,0.5,-0.3,1993MM05,87.3
47780,A4,312500,47780,0.4,0.0,1993MM06,87.3
47781,A4,312500,47781,0.5,0.1,1993MM07,87.4
47782,A4,312500,47782,0.9,0.2,1993MM08,87.6
47783,A4,312500,47783,0.7,-0.1,1993MM09,87.6
47784,A4,312500,47784,0.4,-0.2,1993MM10,87.4
47785,A4,312500,47785,0.1,-0.3,1993MM11,87.2
47786,A4,312500,47786,0.1,0.2,1993MM12,87.3
47788,A4,312500,47788,-0.5,-0.4,1994MM01,87.0
47789,A4,312500,47789,-0.5,0.0,1994MM02,87.0
47790,A4,312500,47790,-0.4,0.0,1994MM03,86.9
47791,A4,312500,47791,-0.5,0.3,1994MM04,87.2
47792,A4,312500,47792,0.3,0.5,1994MM05,87.6
47793,A4,312500,47793,0.3,-0.1,1994MM06,87.5
47794,A4,312500,47794,0.3,0.2,1994MM07,87.7
47795,A4,312500,47795,0.3,0.2,1994MM08,87.9
47796,A4,312500,47796,0.7,0.3,1994MM09,88.2
47797,A4,312500,47797,1.2,0.3,1994MM10,88.5
47798,A4,312500,47798,1.8,0.3,1994MM11,88.7
47799,A4,312500,47799,2.2,0.6,1994MM12,89.3
47801,A4,312500,47801,3.2,0.5,1995MM01,89.7
47802,A4,312500,47802,3.7,0.5,1995MM02,90.2
47803,A4,312500,47803,4.3,0.5,1995MM03,90.7
47804,A4,312500,47804,4.1,0.1,1995MM04,90.8
47805,A4,312500,47805,4.2,0.6,1995MM05,91.3
47806,A4,312500,47806,3.6,-0.7,1995MM06,90.7
47807,A4,312500,47807,1.3,-2.1,1995MM07,88.9
47808,A4,312500,47808,1.1,0.0,1995MM08,88.8
47809,A4,312500,47809,0.5,-0.3,1995MM09,88.6
47810,A4,312500,47810,-0.1,-0.3,1995MM10,88.4
47811,A4,312500,47811,-0.7,-0.3,1995MM11,88.1
47812,A4,312500,47812,-1.1,0.2,1995MM12,88.3
47814,A4,312500,47814,-1.7,-0.2,1996MM01,88.2
47815,A4,312500,47815,-2.4,-0.1,1996MM02,88.0
47816,A4,312500,47816,-3.1,-0.2,1996MM03,87.9
47817,A4,312500,47817,-3.3,0.0,1996MM04,87.8
47818,A4,312500,47818,-4.1,-0.2,1996MM05,87.6
47819,A4,312500,47819,-3.3,0.1,1996MM06,87.8
47820,A4,312500,47820,-1.6,-0.4,1996MM07,87.4
47821,A4,312500,47821,-1.7,-0.1,1996MM08,87.3
47822,A4,312500,47822,-1.4,0.1,1996MM09,87.4
47823,A4,312500,47823,-1.5,-0.3,1996MM10,87.1
47824,A4,312500,47824,-1.1,0.1,1996MM11,87.2
47825,A4,312500,47825,-0.8,0.5,1996MM12,87.6
47827,A4,312500,47827,0.1,0.8,1997MM01,88.2
47828,A4,312500,47828,0.3,0.0,1997MM02,88.3
47829,A4,312500,47829,0.8,0.3,1997MM03,88.5
47830,A4,312500,47830,0.7,-0.1,1997MM04,88.5
47831,A4,312500,47831,1.5,0.5,1997MM05,88.9
47832,A4,312500,47832,1.5,0.1,1997MM06,89.0
47833,A4,312500,47833,2.0,0.1,1997MM07,89.2
47834,A4,312500,47834,2.1,0.0,1997MM08,89.1
47835,A4,312500,47835,1.6,-0.4,1997MM09,88.8
47836,A4,312500,47836,1.7,-0.2,1997MM10,88.6
47837,A4,312500,47837,1.4,-0.2,1997MM11,88.4
47838,A4,312500,47838,0.8,-0.1,1997MM12,88.3
47840,A4,312500,47840,-0.1,-0.2,1998MM01,88.2
47841,A4,312500,47841,-0.1,0.0,1998MM02,88.2
47842,A4,312500,47842,-0.6,-0.2,1998MM03,88.0
47843,A4,312500,47843,-1.0,-0.5,1998MM04,87.6
47844,A4,312500,47844,-1.5,0.0,1998MM05,87.6
47845,A4,312500,47845,-1.8,-0.2,1998MM06,87.4
47846,A4,312500,47846,-1.6,0.4,1998MM07,87.7
47847,A4,312500,47847,-1.6,0.0,1998MM08,87.7
47848,A4,312500,47848,-1.3,-0.1,1998MM09,87.7
47849,A4,312500,47849,-1.1,-0.1,1998MM10,87.6
47850,A4,312500,47850,-0.9,-0.1,1998MM11,87.5
47851,A4,312500,47851,-0.9,0.0,1998MM12,87.5
47853,A4,312500,47853,-0.6,0.1,1999MM01,87.6
47854,A4,312500,47854,-0.6,0.1,1999MM02,87.7
47855,A4,312500,47855,-0.4,0.0,1999MM03,87.7
47856,A4,312500,47856,0.2,0.1,1999MM04,87.8
47857,A4,312500,47857,0.1,0.0,1999MM05,87.7
47858,A4,312500,47858,0.4,0.1,1999MM06,87.8
47859,A4,312500,47859,-0.1,-0.1,1999MM07,87.6
47860,A4,312500,47860,0.0,0.1,1999MM08,87.7
47861,A4,312500,47861,0.0,-0.1,1999MM09,87.7
47862,A4,312500,47862,0.1,0.1,1999MM10,87.7
47863,A4,312500,47863,0.2,0.0,1999MM11,87.7
47864,A4,312500,47864,0.1,0.0,1999MM12,87.7
47866,A4,312500,47866,0.4,0.4,2000MM01,88.0
47867,A4,312500,47867,0.2,-0.1,2000MM02,87.9
47868,A4,312500,47868,0.3,0.1,2000MM03,87.9
47869,A4,312500,47869,0.1,-0.1,2000MM04,87.9
47870,A4,312500,47870,0.5,0.3,2000MM05,88.2
47871,A4,312500,47871,0.2,-0.2,2000MM06,88.0
47872,A4,312500,47872,0.4,0.1,2000MM07,88.0
47873,A4,312500,47873,0.4,0.1,2000MM08,88.1
47874,A4,312500,47874,0.5,0.0,2000MM09,88.1
47875,A4,312500,47875,0.5,0.1,2000MM10,88.2
47876,A4,312500,47876,0.6,0.1,2000MM11,88.2
47877,A4,312500,47877,0.7,0.0,2000MM12,88.3
47879,A4,312500,47879,1.3,1.0,2001MM01,89.1
47880,A4,312500,47880,1.7,0.2,2001MM02,89.3
47881,A4,312500,47881,1.5,0.0,2001MM03,89.3
47882,A4,312500,47882,1.7,0.0,2001MM04,89.3
47883,A4,312500,47883,1.4,0.1,2001MM05,89.4
47884,A4,312500,47884,1.4,-0.2,2001MM06,89.2
47885,A4,312500,47885,1.5,0.2,2001MM07,89.3
47886,A4,312500,47886,1.3,-0.1,2001MM08,89.2
47887,A4,312500,47887,1.5,0.2,2001MM09,89.4
47888,A4,312500,47888,1.5,0.1,2001MM10,89.5
47889,A4,312500,47889,1.2,-0.2,2001MM11,89.3
47890,A4,312500,47890,1.1,-0.1,2001MM12,89.2
47892,A4,312500,47892,0.1,-0.1,2002MM01,89.2
47893,A4,312500,47893,0.0,0.2,2002MM02,89.4
47894,A4,312500,47894,0.0,0.0,2002MM03,89.3
47895,A4,312500,47895,0.3,0.3,2002MM04,89.6
47896,A4,312500,47896,0.2,0.0,2002MM05,89.5
47897,A4,312500,47897,0.6,0.2,2002MM06,89.7
47898,A4,312500,47898,0.0,-0.3,2002MM07,89.4
47899,A4,312500,47899,0.1,0.0,2002MM08,89.4
47900,A4,312500,47900,0.2,0.2,2002MM09,89.6
47901,A4,312500,47901,0.4,0.3,2002MM10,89.9
47902,A4,312500,47902,0.7,0.1,2002MM11,89.9
47903,A4,312500,47903,0.8,0.0,2002MM12,89.9
47905,A4,312500,47905,1.9,1.1,2003MM01,90.9
47906,A4,312500,47906,1.7,0.0,2003MM02,90.9
47907,A4,312500,47907,1.8,0.1,2003MM03,90.9
47908,A4,312500,47908,1.9,0.3,2003MM04,91.2
47909,A4,312500,47909,1.9,0.0,2003MM05,91.3
47910,A4,312500,47910,1.7,-0.1,2003MM06,91.2
47911,A4,312500,47911,2.0,0.0,2003MM07,91.2
47912,A4,312500,47912,2.0,0.0,2003MM08,91.2
47913,A4,312500,47913,1.8,0.0,2003MM09,91.2
47914,A4,312500,47914,1.5,0.1,2003MM10,91.2
47915,A4,312500,47915,1.4,-0.1,2003MM11,91.2
47916,A4,312500,47916,1.4,0.0,2003MM12,91.2
47918,A4,312500,47918,0.2,-0.1,2004MM01,91.1
47919,A4,312500,47919,0.4,0.2,2004MM02,91.3
47920,A4,312500,47920,0.3,0.0,2004MM03,91.2
47921,A4,312500,47921,-0.1,0.0,2004MM04,91.2
47922,A4,312500,47922,-0.1,0.0,2004MM05,91.2
47923,A4,312500,47923,-0.1,-0.1,2004MM06,91.1
47924,A4,312500,47924,0.5,0.5,2004MM07,91.6
47925,A4,312500,47925,0.5,0.1,2004MM08,91.7
47926,A4,312500,47926,0.5,-0.1,2004MM09,91.6
47927,A4,312500,47927,0.3,-0.1,2004MM10,91.5
47928,A4,312500,47928,0.4,0.0,2004MM11,91.6
47929,A4,312500,47929,0.4,0.0,2004MM12,91.6
47931,A4,312500,47931,0.453846153846,-0.05,2005MM01,92.0
47932,A4,312500,47932,0.507692307692,-0.1,2005MM02,91.9
47933,A4,312500,47933,0.561538461538,0.0,2005MM03,91.9
47934,A4,312500,47934,0.615384615385,0.0,2005MM04,91.8
47935,A4,312500,47935,0.669230769231,0.0,2005MM05,91.8
47936,A4,312500,47936,0.723076923077,0.0,2005MM06,91.8
47937,A4,312500,47937,0.776923076923,0.1,2005MM07,91.9
47938,A4,312500,47938,0.830769230769,0.1,2005MM08,92.0
47939,A4,312500,47939,0.884615384615,0.0,2005MM09,91.9
47940,A4,312500,47940,0.938461538462,0.4,2005MM10,92.3
47941,A4,312500,47941,0.992307692308,0.1,2005MM11,92.4
47942,A4,312500,47942,1.04615384615,0.0,2005MM12,92.4
47944,A4,312500,47944,1.1,0.6,2006MM01,93.0
47945,A4,312500,47945,1.4,0.1,2006MM02,93.1
47946,A4,312500,47946,1.4,0.0,2006MM03,93.1
47947,A4,312500,47947,1.5,0.1,2006MM04,93.2
47948,A4,312500,47948,1.5,0.0,2006MM05,93.2
47949,A4,312500,47949,1.5,0.0,2006MM06,93.2
47950,A4,312500,47950,1.6,0.2,2006MM07,93.4
47951,A4,312500,47951,1.5,0.0,2006MM08,93.3
47952,A4,312500,47952,1.6,0.0,2006MM09,93.4
47953,A4,312500,47953,1.3,0.1,2006MM10,93.5
47954,A4,312500,47954,1.2,0.0,2006MM11,93.5
47955,A4,312500,47955,1.3,0.1,2006MM12,93.6
47957,A4,312500,47957,2.3,1.6,2007MM01,95.1
47958,A4,312500,47958,2.3,0.2,2007MM02,95.3
47959,A4,312500,47959,2.2,-0.1,2007MM03,95.2
47960,A4,312500,47960,2.4,0.2,2007MM04,95.4
47961,A4,312500,47961,2.3,0.0,2007MM05,95.4
47962,A4,312500,47962,2.4,0.0,2007MM06,95.4
47963,A4,312500,47963,2.2,0.0,2007MM07,95.4
47964,A4,312500,47964,2.3,0.0,2007MM08,95.5
47965,A4,312500,47965,2.3,0.1,2007MM09,95.6
47966,A4,312500,47966,2.2,0.0,2007MM10,95.6
47967,A4,312500,47967,2.2,0.0,2007MM11,95.6
47968,A4,312500,47968,2.1,0.0,2007MM12,95.5
47970,A4,312500,47970,1.4,1.0,2008MM01,96.4
47971,A4,312500,47971,1.3,0.1,2008MM02,96.5
47972,A4,312500,47972,1.5,0.1,2008MM03,96.6
47973,A4,312500,47973,2.0,0.7,2008MM04,97.3
47974,A4,312500,47974,2.0,0.0,2008MM05,97.3
47975,A4,312500,47975,1.9,-0.1,2008MM06,97.2
47976,A4,312500,47976,2.6,0.8,2008MM07,98.0
47977,A4,312500,47977,2.6,0.0,2008MM08,98.0
47978,A4,312500,47978,2.6,0.1,2008MM09,98.1
47979,A4,312500,47979,2.9,0.3,2008MM10,98.3
47980,A4,312500,47980,2.8,-0.1,2008MM11,98.2
47981,A4,312500,47981,2.6,-0.2,2008MM12,98.0
47983,A4,312500,47983,1.7,0.1,2009MM01,98.1
47984,A4,312500,47984,1.6,0.0,2009MM02,98.1
47985,A4,312500,47985,1.6,0.1,2009MM03,98.2
47986,A4,312500,47986,0.7,-0.2,2009MM04,98.0
47987,A4,312500,47987,0.7,0.0,2009MM05,98.0
47988,A4,312500,47988,0.7,-0.1,2009MM06,97.9
47989,A4,312500,47989,1.0,1.1,2009MM07,98.9
47990,A4,312500,47990,1.1,0.1,2009MM08,99.0
47991,A4,312500,47991,1.0,0.0,2009MM09,99.1
47992,A4,312500,47992,0.6,-0.2,2009MM10,98.9
47993,A4,312500,47993,0.5,-0.1,2009MM11,98.8
47994,A4,312500,47994,0.7,0.0,2009MM12,98.8
47996,A4,312500,47996,0.5,-0.1,2010MM01,98.6
47997,A4,312500,47997,0.6,0.0,2010MM02,98.6
47998,A4,312500,47998,0.5,0.1,2010MM03,98.7
47999,A4,312500,47999,1.5,0.7,2010MM04,99.5
48000,A4,312500,48000,1.4,-0.1,2010MM05,99.4
48001,A4,312500,48001,1.6,0.0,2010MM06,99.4
48002,A4,312500,48002,2.1,1.6,2010MM07,101.0
48003,A4,312500,48003,1.9,-0.1,2010MM08,100.9
48004,A4,312500,48004,1.9,0.0,2010MM09,100.9
48005,A4,312500,48005,2.1,0.0,2010MM10,101.0
48006,A4,312500,48006,2.2,0.0,2010MM11,101.0
48007,A4,312500,48007,2.2,0.0,2010MM12,101.0
48009,A4,312500,48009,4.9,2.4,2011MM01,103.4
48010,A4,312500,48010,4.9,0.0,2011MM02,103.4
48011,A4,312500,48011,4.9,0.1,2011MM03,103.5
48012,A4,312500,48012,5.9,1.8,2011MM04,105.3
48013,A4,312500,48013,6.0,0.0,2011MM05,105.4
48014,A4,312500,48014,6.0,0.0,2011MM06,105.3
48015,A4,312500,48015,4.7,0.4,2011MM07,105.7
48016,A4,312500,48016,4.7,-0.1,2011MM08,105.7
48017,A4,312500,48017,4.6,0.0,2011MM09,105.6
48018,A4,312500,48018,4.9,0.3,2011MM10,105.9
48019,A4,312500,48019,4.8,0.0,2011MM11,105.9
48020,A4,312500,48020,4.9,0.0,2011MM12,105.9
48022,A4,312500,48022,3.5,1.1,2012MM01,107.0
48023,A4,312500,48023,3.4,0.0,2012MM02,107.0
48024,A4,312500,48024,3.5,0.1,2012MM03,107.1
48025,A4,312500,48025,2.6,0.9,2012MM04,108.0
48026,A4,312500,48026,2.5,-0.1,2012MM05,108.0
48027,A4,312500,48027,2.5,0.0,2012MM06,108.0
48028,A4,312500,48028,3.4,1.3,2012MM07,109.3
48029,A4,312500,48029,3.5,0.0,2012MM08,109.3
48030,A4,312500,48030,3.6,0.1,2012MM09,109.5
48031,A4,312500,48031,3.9,0.5,2012MM10,110.0
48032,A4,312500,48032,4.4,0.5,2012MM11,110.6
48033,A4,312500,48033,4.3,-0.1,2012MM12,110.4
48035,A4,312500,48035,3.0,-0.2,2013MM01,110.2
48036,A4,312500,48036,3.1,0.1,2013MM02,110.4
48037,A4,312500,48037,3.0,-0.1,2013MM03,110.3
48038,A4,312500,48038,1.8,-0.3,2013MM04,110.0
48039,A4,312500,48039,2.1,0.2,2013MM05,110.2
48040,A4,312500,48040,2.3,0.3,2013MM06,110.5
48041,A4,312500,48041,0.6,-0.5,2013MM07,109.9
48042,A4,312500,48042,0.9,0.3,2013MM08,110.3
48043,A4,312500,48043,0.9,0.2,2013MM09,110.5
48044,A4,312500,48044,0.5,0.1,2013MM10,110.6
48045,A4,312500,48045,0.0,0.0,2013MM11,110.6
48046,A4,312500,48046,0.0,-0.2,2013MM12,110.4
48048,A4,312500,48048,0.6,0.4,2014MM01,110.9
48049,A4,312500,48049,0.5,0.0,2014MM02,110.9
48050,A4,312500,48050,0.5,0.0,2014MM03,110.9
48051,A4,312500,48051,1.7,0.8,2014MM04,111.8
48052,A4,312500,48052,1.5,0.0,2014MM05,111.9
48053,A4,312500,48053,1.1,-0.1,2014MM06,111.8
48054,A4,312500,48054,1.9,0.3,2014MM07,112.1
48055,A4,312500,48055,1.9,0.3,2014MM08,112.4
48056,A4,312500,48056,1.3,-0.4,2014MM09,112.0
48057,A4,312500,48057,1.6,0.3,2014MM10,112.3
48058,A4,312500,48058,1.4,-0.1,2014MM11,112.2
48059,A4,312500,48059,1.6,0.0,2014MM12,112.2
48061,A4,312500,48061,1.2,0.0,2015MM01,112.2
48062,A4,312500,48062,1.0,-0.2,2015MM02,112.0
48063,A4,312500,48063,1.1,0.1,2015MM03,112.1
48064,A4,312500,48064,0.6,0.3,2015MM04,112.5
48065,A4,312500,48065,0.6,0.1,2015MM05,112.5
48066,A4,312500,48066,0.7,0.0,2015MM06,112.5
48067,A4,312500,48067,2.9,2.5,2015MM07,115.3
48068,A4,312500,48068,2.6,0.0,2015MM08,115.4
48069,A4,312500,48069,3.0,0.0,2015MM09,115.3
48070,A4,312500,48070,2.7,-0.1,2015MM10,115.3
48071,A4,312500,48071,2.8,0.0,2015MM11,115.3
48072,A4,312500,48072,2.9,0.1,2015MM12,115.5
48074,A4,312500,48074,3.6,0.6,2016MM01,116.2
48075,A4,312500,48075,3.7,0.0,2016MM02,116.2
48076,A4,312500,48076,3.6,0.0,2016MM03,116.2
48077,A4,312500,48077,3.5,0.1,2016MM04,116.3
48078,A4,312500,48078,3.4,0.0,2016MM05,116.3
48079,A4,312500,48079,3.3,0.0,2016MM06,116.3
48080,A4,312500,48080,0.0,-0.8,2016MM07,115.4
48081,A4,312500,48081,-0.1,-0.2,2016MM08,115.2
48082,A4,312500,48082,-0.1,0.0,2016MM09,115.2
48083,A4,312500,48083,-0.6,-0.5,2016MM10,114.6
48084,A4,312500,48084,-0.6,0.0,2016MM11,114.6
48085,A4,312500,48085,-0.7,0.1,2016MM12,114.7
48087,A4,312500,48087,-0.6,0.7,2017MM01,115.5
48088,A4,312500,48088,-0.6,0.0,2017MM02,115.5
48089,A4,312500,48089,-0.6,0.0,2017MM03,115.5
48090,A4,312500,48090,-0.5,0.2,2017MM04,115.8
48091,A4,312500,48091,-0.5,0.0,2017MM05,115.7
48092,A4,312500,48092,-0.6,-0.1,2017MM06,115.6
48093,A4,312500,48093,0.8,0.6,2017MM07,116.3
48094,A4,312500,48094,0.9,0.0,2017MM08,116.3
48095,A4,312500,48095,1.0,0.0,2017MM09,116.3
48096,A4,312500,48096,0.8,-0.7,2017MM10,115.5
48097,A4,312500,48097,0.8,0.0,2017MM11,115.5
48098,A4,312500,48098,0.7,0.0,2017MM12,115.5
