,Afzet,BedrijfstakkenBranchesSBI2008,ID,OntwikkelingTOV1JaarEerder_2,OntwikkelingTOV1MaandEerder_3,Perioden,ProducentenprijsindexPPI_1
47138,A4,312505,47138,0.901661129568,-0.0996551724138,1981MM01,110.937716263
47139,A4,312505,47139,0.903322259136,-0.0993103448276,1981MM02,110.875432526
47140,A4,312505,47140,0.904983388704,-0.0989655172414,1981MM03,110.813148789
47141,A4,312505,47141,0.906644518272,-0.0986206896552,1981MM04,110.750865052
47142,A4,312505,47142,0.908305647841,-0.098275862069,1981MM05,110.688581315
47143,A4,312505,47143,0.909966777409,-0.0979310344828,1981MM06,110.626297578
47144,A4,312505,47144,0.911627906977,-0.0975862068966,1981MM07,110.564013841
47145,A4,312505,47145,0.913289036545,-0.0972413793103,1981MM08,110.501730104
47146,A4,312505,47146,0.914950166113,-0.0968965517241,1981MM09,110.439446367
47147,A4,312505,47147,0.916611295681,-0.0965517241379,1981MM10,110.37716263
47148,A4,312505,47148,0.918272425249,-0.0962068965517,1981MM11,110.314878893
47149,A4,312505,47149,0.919933554817,-0.0958620689655,1981MM12,110.252595156
47151,A4,312505,47151,0.921594684385,-0.0955172413793,1982MM01,110.190311419
47152,A4,312505,47152,0.923255813953,-0.0951724137931,1982MM02,110.128027682
47153,A4,312505,47153,0.924916943522,-0.0948275862069,1982MM03,110.065743945
47154,A4,312505,47154,0.92657807309,-0.0944827586207,1982MM04,110.003460208
47155,A4,312505,47155,0.928239202658,-0.0941379310345,1982MM05,109.941176471
47156,A4,312505,47156,0.929900332226,-0.0937931034483,1982MM06,109.878892734
47157,A4,312505,47157,0.931561461794,-0.0934482758621,1982MM07,109.816608997
47158,A4,312505,47158,0.933222591362,-0.0931034482759,1982MM08,109.75432526
47159,A4,312505,47159,0.93488372093,-0.0927586206897,1982MM09,109.692041522
47160,A4,312505,47160,0.936544850498,-0.0924137931034,1982MM10,109.629757785
47161,A4,312505,47161,0.938205980066,-0.0920689655172,1982MM11,109.567474048
47162,A4,312505,47162,0.939867109635,-0.091724137931,1982MM12,109.505190311
47164,A4,312505,47164,0.941528239203,-0.0913793103448,1983MM01,109.442906574
47165,A4,312505,47165,0.943189368771,-0.0910344827586,1983MM02,109.380622837
47166,A4,312505,47166,0.944850498339,-0.0906896551724,1983MM03,109.3183391
47167,A4,312505,47167,0.946511627907,-0.0903448275862,1983MM04,109.256055363
47168,A4,312505,47168,0.948172757475,-0.09,1983MM05,109.193771626
47169,A4,312505,47169,0.949833887043,-0.0896551724138,1983MM06,109.131487889
47170,A4,312505,47170,0.951495016611,-0.0893103448276,1983MM07,109.069204152
47171,A4,312505,47171,0.953156146179,-0.0889655172414,1983MM08,109.006920415
47172,A4,312505,47172,0.954817275748,-0.0886206896552,1983MM09,108.944636678
47173,A4,312505,47173,0.956478405316,-0.088275862069,1983MM10,108.882352941
47174,A4,312505,47174,0.958139534884,-0.0879310344828,1983MM11,108.820069204
47175,A4,312505,47175,0.959800664452,-0.0875862068966,1983MM12,108.757785467
47177,A4,312505,47177,0.96146179402,-0.0872413793103,1984MM01,108.69550173
47178,A4,312505,47178,0.963122923588,-0.0868965517241,1984MM02,108.633217993
47179,A4,312505,47179,0.964784053156,-0.0865517241379,1984MM03,108.570934256
47180,A4,312505,47180,0.966445182724,-0.0862068965517,1984MM04,108.508650519
47181,A4,312505,47181,0.968106312292,-0.0858620689655,1984MM05,108.446366782
47182,A4,312505,47182,0.96976744186,-0.0855172413793,1984MM06,108.384083045
47183,A4,312505,47183,0.971428571429,-0.0851724137931,1984MM07,108.321799308
47184,A4,312505,47184,0.973089700997,-0.0848275862069,1984MM08,108.259515571
47185,A4,312505,47185,0.974750830565,-0.0844827586207,1984MM09,108.197231834
47186,A4,312505,47186,0.976411960133,-0.0841379310345,1984MM10,108.134948097
47187,A4,312505,47187,0.978073089701,-0.0837931034483,1984MM11,108.07266436
47188,A4,312505,47188,0.979734219269,-0.0834482758621,1984MM12,108.010380623
47190,A4,312505,47190,0.981395348837,-0.0831034482759,1985MM01,107.948096886
47191,A4,312505,47191,0.983056478405,-0.0827586206897,1985MM02,107.885813149
47192,A4,312505,47192,0.984717607973,-0.0824137931034,1985MM03,107.823529412
47193,A4,312505,47193,0.986378737542,-0.0820689655172,1985MM04,107.761245675
47194,A4,312505,47194,0.98803986711,-0.081724137931,1985MM05,107.698961938
47195,A4,312505,47195,0.989700996678,-0.0813793103448,1985MM06,107.636678201
47196,A4,312505,47196,0.991362126246,-0.0810344827586,1985MM07,107.574394464
47197,A4,312505,47197,0.993023255814,-0.0806896551724,1985MM08,107.512110727
47198,A4,312505,47198,0.994684385382,-0.0803448275862,1985MM09,107.44982699
47199,A4,312505,47199,0.99634551495,-0.08,1985MM10,107.387543253
47200,A4,312505,47200,0.998006644518,-0.0796551724138,1985MM11,107.325259516
47201,A4,312505,47201,0.999667774086,-0.0793103448276,1985MM12,107.262975779
47203,A4,312505,47203,1.00132890365,-0.0789655172414,1986MM01,107.200692042
47204,A4,312505,47204,1.00299003322,-0.0786206896552,1986MM02,107.138408304
47205,A4,312505,47205,1.00465116279,-0.078275862069,1986MM03,107.076124567
47206,A4,312505,47206,1.00631229236,-0.0779310344828,1986MM04,107.01384083
47207,A4,312505,47207,1.00797342193,-0.0775862068966,1986MM05,106.951557093
47208,A4,312505,47208,1.0096345515,-0.0772413793103,1986MM06,106.889273356
47209,A4,312505,47209,1.01129568106,-0.0768965517241,1986MM07,106.826989619
47210,A4,312505,47210,1.01295681063,-0.0765517241379,1986MM08,106.764705882
47211,A4,312505,47211,1.0146179402,-0.0762068965517,1986MM09,106.702422145
47212,A4,312505,47212,1.01627906977,-0.0758620689655,1986MM10,106.640138408
47213,A4,312505,47213,1.01794019934,-0.0755172413793,1986MM11,106.577854671
47214,A4,312505,47214,1.0196013289,-0.0751724137931,1986MM12,106.515570934
47216,A4,312505,47216,1.02126245847,-0.0748275862069,1987MM01,106.453287197
47217,A4,312505,47217,1.02292358804,-0.0744827586207,1987MM02,106.39100346
47218,A4,312505,47218,1.02458471761,-0.0741379310345,1987MM03,106.328719723
47219,A4,312505,47219,1.02624584718,-0.0737931034483,1987MM04,106.266435986
47220,A4,312505,47220,1.02790697674,-0.0734482758621,1987MM05,106.204152249
47221,A4,312505,47221,1.02956810631,-0.0731034482759,1987MM06,106.141868512
47222,A4,312505,47222,1.03122923588,-0.0727586206897,1987MM07,106.079584775
47223,A4,312505,47223,1.03289036545,-0.0724137931034,1987MM08,106.017301038
47224,A4,312505,47224,1.03455149502,-0.0720689655172,1987MM09,105.955017301
47225,A4,312505,47225,1.03621262458,-0.071724137931,1987MM10,105.892733564
47226,A4,312505,47226,1.03787375415,-0.0713793103448,1987MM11,105.830449827
47227,A4,312505,47227,1.03953488372,-0.0710344827586,1987MM12,105.76816609
47229,A4,312505,47229,1.04119601329,-0.0706896551724,1988MM01,105.705882353
47230,A4,312505,47230,1.04285714286,-0.0703448275862,1988MM02,105.643598616
47231,A4,312505,47231,1.04451827243,-0.07,1988MM03,105.581314879
47232,A4,312505,47232,1.04617940199,-0.0696551724138,1988MM04,105.519031142
47233,A4,312505,47233,1.04784053156,-0.0693103448276,1988MM05,105.456747405
47234,A4,312505,47234,1.04950166113,-0.0689655172414,1988MM06,105.394463668
47235,A4,312505,47235,1.0511627907,-0.0686206896552,1988MM07,105.332179931
47236,A4,312505,47236,1.05282392027,-0.068275862069,1988MM08,105.269896194
47237,A4,312505,47237,1.05448504983,-0.0679310344828,1988MM09,105.207612457
47238,A4,312505,47238,1.0561461794,-0.0675862068966,1988MM10,105.14532872
47239,A4,312505,47239,1.05780730897,-0.0672413793103,1988MM11,105.083044983
47240,A4,312505,47240,1.05946843854,-0.0668965517241,1988MM12,105.020761246
47242,A4,312505,47242,1.06112956811,-0.0665517241379,1989MM01,104.958477509
47243,A4,312505,47243,1.06279069767,-0.0662068965517,1989MM02,104.896193772
47244,A4,312505,47244,1.06445182724,-0.0658620689655,1989MM03,104.833910035
47245,A4,312505,47245,1.06611295681,-0.0655172413793,1989MM04,104.771626298
47246,A4,312505,47246,1.06777408638,-0.0651724137931,1989MM05,104.709342561
47247,A4,312505,47247,1.06943521595,-0.0648275862069,1989MM06,104.647058824
47248,A4,312505,47248,1.07109634551,-0.0644827586207,1989MM07,104.584775087
47249,A4,312505,47249,1.07275747508,-0.0641379310345,1989MM08,104.522491349
47250,A4,312505,47250,1.07441860465,-0.0637931034483,1989MM09,104.460207612
47251,A4,312505,47251,1.07607973422,-0.0634482758621,1989MM10,104.397923875
47252,A4,312505,47252,1.07774086379,-0.0631034482759,1989MM11,104.335640138
47253,A4,312505,47253,1.07940199336,-0.0627586206897,1989MM12,104.273356401
47255,A4,312505,47255,1.08106312292,-0.0624137931034,1990MM01,104.211072664
47256,A4,312505,47256,1.08272425249,-0.0620689655172,1990MM02,104.148788927
47257,A4,312505,47257,1.08438538206,-0.061724137931,1990MM03,104.08650519
47258,A4,312505,47258,1.08604651163,-0.0613793103448,1990MM04,104.024221453
47259,A4,312505,47259,1.0877076412,-0.0610344827586,1990MM05,103.961937716
47260,A4,312505,47260,1.08936877076,-0.0606896551724,1990MM06,103.899653979
47261,A4,312505,47261,1.09102990033,-0.0603448275862,1990MM07,103.837370242
47262,A4,312505,47262,1.0926910299,-0.06,1990MM08,103.775086505
47263,A4,312505,47263,1.09435215947,-0.0596551724138,1990MM09,103.712802768
47264,A4,312505,47264,1.09601328904,-0.0593103448276,1990MM10,103.650519031
47265,A4,312505,47265,1.0976744186,-0.0589655172414,1990MM11,103.588235294
47266,A4,312505,47266,1.09933554817,-0.0586206896552,1990MM12,103.525951557
47268,A4,312505,47268,1.10099667774,-0.058275862069,1991MM01,103.46366782
47269,A4,312505,47269,1.10265780731,-0.0579310344828,1991MM02,103.401384083
47270,A4,312505,47270,1.10431893688,-0.0575862068966,1991MM03,103.339100346
47271,A4,312505,47271,1.10598006645,-0.0572413793103,1991MM04,103.276816609
47272,A4,312505,47272,1.10764119601,-0.0568965517241,1991MM05,103.214532872
47273,A4,312505,47273,1.10930232558,-0.0565517241379,1991MM06,103.152249135
47274,A4,312505,47274,1.11096345515,-0.0562068965517,1991MM07,103.089965398
47275,A4,312505,47275,1.11262458472,-0.0558620689655,1991MM08,103.027681661
47276,A4,312505,47276,1.11428571429,-0.0555172413793,1991MM09,102.965397924
47277,A4,312505,47277,1.11594684385,-0.0551724137931,1991MM10,102.903114187
47278,A4,312505,47278,1.11760797342,-0.0548275862069,1991MM11,102.84083045
47279,A4,312505,47279,1.11926910299,-0.0544827586207,1991MM12,102.778546713
47281,A4,312505,47281,1.12093023256,-0.0541379310345,1992MM01,102.716262976
47282,A4,312505,47282,1.12259136213,-0.0537931034483,1992MM02,102.653979239
47283,A4,312505,47283,1.12425249169,-0.0534482758621,1992MM03,102.591695502
47284,A4,312505,47284,1.12591362126,-0.0531034482759,1992MM04,102.529411765
47285,A4,312505,47285,1.12757475083,-0.0527586206897,1992MM05,102.467128028
47286,A4,312505,47286,1.1292358804,-0.0524137931034,1992MM06,102.404844291
47287,A4,312505,47287,1.13089700997,-0.0520689655172,1992MM07,102.342560554
47288,A4,312505,47288,1.13255813953,-0.051724137931,1992MM08,102.280276817
47289,A4,312505,47289,1.1342192691,-0.0513793103448,1992MM09,102.21799308
47290,A4,312505,47290,1.13588039867,-0.0510344827586,1992MM10,102.155709343
47291,A4,312505,47291,1.13754152824,-0.0506896551724,1992MM11,102.093425606
47292,A4,312505,47292,1.13920265781,-0.0503448275862,1992MM12,102.031141869
47294,A4,312505,47294,1.14086378738,-0.05,1993MM01,101.968858131
47295,A4,312505,47295,1.14252491694,-0.0496551724138,1993MM02,101.906574394
47296,A4,312505,47296,1.14418604651,-0.0493103448276,1993MM03,101.844290657
47297,A4,312505,47297,1.14584717608,-0.0489655172414,1993MM04,101.78200692
47298,A4,312505,47298,1.14750830565,-0.0486206896552,1993MM05,101.719723183
47299,A4,312505,47299,1.14916943522,-0.048275862069,1993MM06,101.657439446
47300,A4,312505,47300,1.15083056478,-0.0479310344828,1993MM07,101.595155709
47301,A4,312505,47301,1.15249169435,-0.0475862068966,1993MM08,101.532871972
47302,A4,312505,47302,1.15415282392,-0.0472413793103,1993MM09,101.470588235
47303,A4,312505,47303,1.15581395349,-0.0468965517241,1993MM10,101.408304498
47304,A4,312505,47304,1.15747508306,-0.0465517241379,1993MM11,101.346020761
47305,A4,312505,47305,1.15913621262,-0.0462068965517,1993MM12,101.283737024
47307,A4,312505,47307,1.16079734219,-0.0458620689655,1994MM01,101.221453287
47308,A4,312505,47308,1.16245847176,-0.0455172413793,1994MM02,101.15916955
47309,A4,312505,47309,1.16411960133,-0.0451724137931,1994MM03,101.096885813
47310,A4,312505,47310,1.1657807309,-0.0448275862069,1994MM04,101.034602076
47311,A4,312505,47311,1.16744186047,-0.0444827586207,1994MM05,100.972318339
47312,A4,312505,47312,1.16910299003,-0.0441379310345,1994MM06,100.910034602
47313,A4,312505,47313,1.1707641196,-0.0437931034483,1994MM07,100.847750865
47314,A4,312505,47314,1.17242524917,-0.0434482758621,1994MM08,100.785467128
47315,A4,312505,47315,1.17408637874,-0.0431034482759,1994MM09,100.723183391
47316,A4,312505,47316,1.17574750831,-0.0427586206897,1994MM10,100.660899654
47317,A4,312505,47317,1.17740863787,-0.0424137931034,1994MM11,100.598615917
47318,A4,312505,47318,1.17906976744,-0.0420689655172,1994MM12,100.53633218
47320,A4,312505,47320,1.18073089701,-0.041724137931,1995MM01,100.474048443
47321,A4,312505,47321,1.18239202658,-0.0413793103448,1995MM02,100.411764706
47322,A4,312505,47322,1.18405315615,-0.0410344827586,1995MM03,100.349480969
47323,A4,312505,47323,1.18571428571,-0.0406896551724,1995MM04,100.287197232
47324,A4,312505,47324,1.18737541528,-0.0403448275862,1995MM05,100.224913495
47325,A4,312505,47325,1.18903654485,-0.04,1995MM06,100.162629758
47326,A4,312505,47326,1.19069767442,-0.0396551724138,1995MM07,100.100346021
47327,A4,312505,47327,1.19235880399,-0.0393103448276,1995MM08,100.038062284
47328,A4,312505,47328,1.19401993355,-0.0389655172414,1995MM09,99.9757785467
47329,A4,312505,47329,1.19568106312,-0.0386206896552,1995MM10,99.9134948097
47330,A4,312505,47330,1.19734219269,-0.038275862069,1995MM11,99.8512110727
47331,A4,312505,47331,1.19900332226,-0.0379310344828,1995MM12,99.7889273356
47333,A4,312505,47333,1.20066445183,-0.0375862068966,1996MM01,99.7266435986
47334,A4,312505,47334,1.2023255814,-0.0372413793103,1996MM02,99.6643598616
47335,A4,312505,47335,1.20398671096,-0.0368965517241,1996MM03,99.6020761246
47336,A4,312505,47336,1.20564784053,-0.0365517241379,1996MM04,99.5397923875
47337,A4,312505,47337,1.2073089701,-0.0362068965517,1996MM05,99.4775086505
47338,A4,312505,47338,1.20897009967,-0.0358620689655,1996MM06,99.4152249135
47339,A4,312505,47339,1.21063122924,-0.0355172413793,1996MM07,99.3529411765
47340,A4,312505,47340,1.2122923588,-0.0351724137931,1996MM08,99.2906574394
47341,A4,312505,47341,1.21395348837,-0.0348275862069,1996MM09,99.2283737024
47342,A4,312505,47342,1.21561461794,-0.0344827586207,1996MM10,99.1660899654
47343,A4,312505,47343,1.21727574751,-0.0341379310345,1996MM11,99.1038062284
47344,A4,312505,47344,1.21893687708,-0.0337931034483,1996MM12,99.0415224913
47346,A4,312505,47346,1.22059800664,-0.0334482758621,1997MM01,98.9792387543
47347,A4,312505,47347,1.22225913621,-0.0331034482759,1997MM02,98.9169550173
47348,A4,312505,47348,1.22392026578,-0.0327586206897,1997MM03,98.8546712803
47349,A4,312505,47349,1.22558139535,-0.0324137931034,1997MM04,98.7923875433
47350,A4,312505,47350,1.22724252492,-0.0320689655172,1997MM05,98.7301038062
47351,A4,312505,47351,1.22890365449,-0.031724137931,1997MM06,98.6678200692
47352,A4,312505,47352,1.23056478405,-0.0313793103448,1997MM07,98.6055363322
47353,A4,312505,47353,1.23222591362,-0.0310344827586,1997MM08,98.5432525952
47354,A4,312505,47354,1.23388704319,-0.0306896551724,1997MM09,98.4809688581
47355,A4,312505,47355,1.23554817276,-0.0303448275862,1997MM10,98.4186851211
47356,A4,312505,47356,1.23720930233,-0.03,1997MM11,98.3564013841
47357,A4,312505,47357,1.23887043189,-0.0296551724138,1997MM12,98.2941176471
47359,A4,312505,47359,1.24053156146,-0.0293103448276,1998MM01,98.23183391
47360,A4,312505,47360,1.24219269103,-0.0289655172414,1998MM02,98.169550173
47361,A4,312505,47361,1.2438538206,-0.0286206896552,1998MM03,98.107266436
47362,A4,312505,47362,1.24551495017,-0.028275862069,1998MM04,98.044982699
47363,A4,312505,47363,1.24717607973,-0.0279310344828,1998MM05,97.9826989619
47364,A4,312505,47364,1.2488372093,-0.0275862068966,1998MM06,97.9204152249
47365,A4,312505,47365,1.25049833887,-0.0272413793103,1998MM07,97.8581314879
47366,A4,312505,47366,1.25215946844,-0.0268965517241,1998MM08,97.7958477509
47367,A4,312505,47367,1.25382059801,-0.0265517241379,1998MM09,97.7335640138
47368,A4,312505,47368,1.25548172757,-0.0262068965517,1998MM10,97.6712802768
47369,A4,312505,47369,1.25714285714,-0.0258620689655,1998MM11,97.6089965398
47370,A4,312505,47370,1.25880398671,-0.0255172413793,1998MM12,97.5467128028
47372,A4,312505,47372,1.26046511628,-0.0251724137931,1999MM01,97.4844290657
47373,A4,312505,47373,1.26212624585,-0.0248275862069,1999MM02,97.4221453287
47374,A4,312505,47374,1.26378737542,-0.0244827586207,1999MM03,97.3598615917
47375,A4,312505,47375,1.26544850498,-0.0241379310345,1999MM04,97.2975778547
47376,A4,312505,47376,1.26710963455,-0.0237931034483,1999MM05,97.2352941176
47377,A4,312505,47377,1.26877076412,-0.0234482758621,1999MM06,97.1730103806
47378,A4,312505,47378,1.27043189369,-0.0231034482759,1999MM07,97.1107266436
47379,A4,312505,47379,1.27209302326,-0.0227586206897,1999MM08,97.0484429066
47380,A4,312505,47380,1.27375415282,-0.0224137931034,1999MM09,96.9861591696
47381,A4,312505,47381,1.27541528239,-0.0220689655172,1999MM10,96.9238754325
47382,A4,312505,47382,1.27707641196,-0.021724137931,1999MM11,96.8615916955
47383,A4,312505,47383,1.27873754153,-0.0213793103448,1999MM12,96.7993079585
47385,A4,312505,47385,1.2803986711,-0.0210344827586,2000MM01,96.7370242215
47386,A4,312505,47386,1.28205980066,-0.0206896551724,2000MM02,96.6747404844
47387,A4,312505,47387,1.28372093023,-0.0203448275862,2000MM03,96.6124567474
47388,A4,312505,47388,1.2853820598,-0.02,2000MM04,96.5501730104
47389,A4,312505,47389,1.28704318937,-0.0196551724138,2000MM05,96.4878892734
47390,A4,312505,47390,1.28870431894,-0.0193103448276,2000MM06,96.4256055363
47391,A4,312505,47391,1.2903654485,-0.0189655172414,2000MM07,96.3633217993
47392,A4,312505,47392,1.29202657807,-0.0186206896552,2000MM08,96.3010380623
47393,A4,312505,47393,1.29368770764,-0.018275862069,2000MM09,96.2387543253
47394,A4,312505,47394,1.29534883721,-0.0179310344828,2000MM10,96.1764705882
47395,A4,312505,47395,1.29700996678,-0.0175862068966,2000MM11,96.1141868512
47396,A4,312505,47396,1.29867109635,-0.0172413793103,2000MM12,96.0519031142
47398,A4,312505,47398,1.30033222591,-0.0168965517241,2001MM01,95.9896193772
47399,A4,312505,47399,1.30199335548,-0.0165517241379,2001MM02,95.9273356401
47400,A4,312505,47400,1.30365448505,-0.0162068965517,2001MM03,95.8650519031
47401,A4,312505,47401,1.30531561462,-0.0158620689655,2001MM04,95.8027681661
47402,A4,312505,47402,1.30697674419,-0.0155172413793,2001MM05,95.7404844291
47403,A4,312505,47403,1.30863787375,-0.0151724137931,2001MM06,95.678200692
47404,A4,312505,47404,1.31029900332,-0.0148275862069,2001MM07,95.615916955
47405,A4,312505,47405,1.31196013289,-0.0144827586207,2001MM08,95.553633218
47406,A4,312505,47406,1.31362126246,-0.0141379310345,2001MM09,95.491349481
47407,A4,312505,47407,1.31528239203,-0.0137931034483,2001MM10,95.4290657439
47408,A4,312505,47408,1.31694352159,-0.0134482758621,2001MM11,95.3667820069
47409,A4,312505,47409,1.31860465116,-0.0131034482759,2001MM12,95.3044982699
47411,A4,312505,47411,1.32026578073,-0.0127586206897,2002MM01,95.2422145329
47412,A4,312505,47412,1.3219269103,-0.0124137931034,2002MM02,95.1799307958
47413,A4,312505,47413,1.32358803987,-0.0120689655172,2002MM03,95.1176470588
47414,A4,312505,47414,1.32524916944,-0.011724137931,2002MM04,95.0553633218
47415,A4,312505,47415,1.326910299,-0.0113793103448,2002MM05,94.9930795848
47416,A4,312505,47416,1.32857142857,-0.0110344827586,2002MM06,94.9307958478
47417,A4,312505,47417,1.33023255814,-0.0106896551724,2002MM07,94.8685121107
47418,A4,312505,47418,1.33189368771,-0.0103448275862,2002MM08,94.8062283737
47419,A4,312505,47419,1.33355481728,-0.01,2002MM09,94.7439446367
47420,A4,312505,47420,1.33521594684,-0.00965517241379,2002MM10,94.6816608997
47421,A4,312505,47421,1.33687707641,-0.00931034482759,2002MM11,94.6193771626
47422,A4,312505,47422,1.33853820598,-0.00896551724138,2002MM12,94.5570934256
47424,A4,312505,47424,1.34019933555,-0.00862068965517,2003MM01,94.4948096886
47425,A4,312505,47425,1.34186046512,-0.00827586206897,2003MM02,94.4325259516
47426,A4,312505,47426,1.34352159468,-0.00793103448276,2003MM03,94.3702422145
47427,A4,312505,47427,1.34518272425,-0.00758620689655,2003MM04,94.3079584775
47428,A4,312505,47428,1.34684385382,-0.00724137931034,2003MM05,94.2456747405
47429,A4,312505,47429,1.34850498339,-0.00689655172414,2003MM06,94.1833910035
47430,A4,312505,47430,1.35016611296,-0.00655172413793,2003MM07,94.1211072664
47431,A4,312505,47431,1.35182724252,-0.00620689655172,2003MM08,94.0588235294
47432,A4,312505,47432,1.35348837209,-0.00586206896552,2003MM09,93.9965397924
47433,A4,312505,47433,1.35514950166,-0.00551724137931,2003MM10,93.9342560554
47434,A4,312505,47434,1.35681063123,-0.0051724137931,2003MM11,93.8719723183
47435,A4,312505,47435,1.3584717608,-0.0048275862069,2003MM12,93.8096885813
47437,A4,312505,47437,1.36013289037,-0.00448275862069,2004MM01,93.7474048443
47438,A4,312505,47438,1.36179401993,-0.00413793103448,2004MM02,93.6851211073
47439,A4,312505,47439,1.3634551495,-0.00379310344828,2004MM03,93.6228373702
47440,A4,312505,47440,1.36511627907,-0.00344827586207,2004MM04,93.5605536332
47441,A4,312505,47441,1.36677740864,-0.00310344827586,2004MM05,93.4982698962
47442,A4,312505,47442,1.36843853821,-0.00275862068966,2004MM06,93.4359861592
47443,A4,312505,47443,1.37009966777,-0.00241379310345,2004MM07,93.3737024221
47444,A4,312505,47444,1.37176079734,-0.00206896551724,2004MM08,93.3114186851
47445,A4,312505,47445,1.37342192691,-0.00172413793103,2004MM09,93.2491349481
47446,A4,312505,47446,1.37508305648,-0.00137931034483,2004MM10,93.1868512111
47447,A4,312505,47447,1.37674418605,-0.00103448275862,2004MM11,93.124567474
47448,A4,312505,47448,1.37840531561,-0.000689655172414,2004MM12,93.062283737
47450,A4,312505,47450,1.38006644518,-0.000344827586207,2005MM01,93.0
47451,A4,312505,47451,1.38172757475,0.0,2005MM02,93.0
47452,A4,312505,47452,1.38338870432,0.0,2005MM03,92.9
47453,A4,312505,47453,1.38504983389,0.0,2005MM04,92.9
47454,A4,312505,47454,1.38671096346,0.0,2005MM05,92.9
47455,A4,312505,47455,1.38837209302,0.1,2005MM06,93.0
47456,A4,312505,47456,1.39003322259,0.0,2005MM07,93.0
47457,A4,312505,47457,1.39169435216,0.1,2005MM08,93.0
47458,A4,312505,47458,1.39335548173,0.0,2005MM09,93.0
47459,A4,312505,47459,1.3950166113,0.3,2005MM10,93.3
47460,A4,312505,47460,1.39667774086,0.2,2005MM11,93.5
47461,A4,312505,47461,1.39833887043,0.0,2005MM12,93.5
47463,A4,312505,47463,1.4,0.8,2006MM01,94.3
47464,A4,312505,47464,1.5,0.1,2006MM02,94.4
47465,A4,312505,47465,1.5,0.0,2006MM03,94.4
47466,A4,312505,47466,1.6,0.0,2006MM04,94.4
47467,A4,312505,47467,1.7,0.0,2006MM05,94.4
47468,A4,312505,47468,1.5,0.0,2006MM06,94.4
47469,A4,312505,47469,1.7,0.2,2006MM07,94.6
47470,A4,312505,47470,1.7,0.0,2006MM08,94.6
47471,A4,312505,47471,1.7,0.0,2006MM09,94.6
47472,A4,312505,47472,1.5,0.1,2006MM10,94.7
47473,A4,312505,47473,1.3,0.0,2006MM11,94.7
47474,A4,312505,47474,1.4,0.1,2006MM12,94.8
47476,A4,312505,47476,1.6,1.0,2007MM01,95.7
47477,A4,312505,47477,1.6,0.1,2007MM02,95.9
47478,A4,312505,47478,1.5,-0.1,2007MM03,95.8
47479,A4,312505,47479,1.8,0.3,2007MM04,96.0
47480,A4,312505,47480,1.7,0.0,2007MM05,96.1
47481,A4,312505,47481,1.8,0.0,2007MM06,96.1
47482,A4,312505,47482,1.6,0.0,2007MM07,96.1
47483,A4,312505,47483,1.5,0.0,2007MM08,96.1
47484,A4,312505,47484,1.6,0.0,2007MM09,96.1
47485,A4,312505,47485,1.5,0.1,2007MM10,96.2
47486,A4,312505,47486,1.5,0.0,2007MM11,96.2
47487,A4,312505,47487,1.4,-0.1,2007MM12,96.1
47489,A4,312505,47489,1.6,1.2,2008MM01,97.3
47490,A4,312505,47490,1.5,0.0,2008MM02,97.3
47491,A4,312505,47491,1.6,0.0,2008MM03,97.3
47492,A4,312505,47492,1.8,0.5,2008MM04,97.8
47493,A4,312505,47493,1.9,0.0,2008MM05,97.8
47494,A4,312505,47494,1.7,-0.1,2008MM06,97.7
47495,A4,312505,47495,2.3,0.5,2008MM07,98.2
47496,A4,312505,47496,2.4,0.2,2008MM08,98.4
47497,A4,312505,47497,2.4,0.1,2008MM09,98.5
47498,A4,312505,47498,2.6,0.2,2008MM10,98.7
47499,A4,312505,47499,2.5,-0.1,2008MM11,98.6
47500,A4,312505,47500,2.4,-0.2,2008MM12,98.4
47502,A4,312505,47502,1.5,0.4,2009MM01,98.7
47503,A4,312505,47503,1.5,0.0,2009MM02,98.8
47504,A4,312505,47504,1.5,0.0,2009MM03,98.7
47505,A4,312505,47505,0.6,-0.3,2009MM04,98.4
47506,A4,312505,47506,0.5,-0.1,2009MM05,98.3
47507,A4,312505,47507,0.5,-0.1,2009MM06,98.2
47508,A4,312505,47508,0.7,0.8,2009MM07,99.0
47509,A4,312505,47509,0.6,0.1,2009MM08,99.0
47510,A4,312505,47510,0.6,0.0,2009MM09,99.0
47511,A4,312505,47511,0.4,0.1,2009MM10,99.1
47512,A4,312505,47512,0.5,0.0,2009MM11,99.1
47513,A4,312505,47513,0.6,-0.1,2009MM12,98.9
47515,A4,312505,47515,0.3,0.1,2010MM01,99.1
47516,A4,312505,47516,0.3,0.0,2010MM02,99.1
47517,A4,312505,47517,0.4,0.0,2010MM03,99.1
47518,A4,312505,47518,1.1,0.4,2010MM04,99.5
47519,A4,312505,47519,1.2,0.0,2010MM05,99.5
47520,A4,312505,47520,1.3,0.1,2010MM06,99.5
47521,A4,312505,47521,1.6,1.1,2010MM07,100.6
47522,A4,312505,47522,1.6,0.0,2010MM08,100.6
47523,A4,312505,47523,1.7,0.0,2010MM09,100.7
47524,A4,312505,47524,1.7,0.1,2010MM10,100.8
47525,A4,312505,47525,1.8,0.0,2010MM11,100.8
47526,A4,312505,47526,1.9,0.0,2010MM12,100.8
47528,A4,312505,47528,3.7,1.9,2011MM01,102.7
47529,A4,312505,47529,3.8,0.1,2011MM02,102.9
47530,A4,312505,47530,3.8,0.1,2011MM03,102.9
47531,A4,312505,47531,5.1,1.6,2011MM04,104.5
47532,A4,312505,47532,5.1,0.0,2011MM05,104.6
47533,A4,312505,47533,5.0,0.0,2011MM06,104.5
47534,A4,312505,47534,4.5,0.6,2011MM07,105.1
47535,A4,312505,47535,4.4,0.0,2011MM08,105.1
47536,A4,312505,47536,4.4,0.0,2011MM09,105.1
47537,A4,312505,47537,4.4,0.1,2011MM10,105.3
47538,A4,312505,47538,4.4,0.0,2011MM11,105.2
47539,A4,312505,47539,4.4,0.0,2011MM12,105.2
47541,A4,312505,47541,3.2,0.8,2012MM01,106.1
47542,A4,312505,47542,3.1,0.0,2012MM02,106.1
47543,A4,312505,47543,3.1,0.1,2012MM03,106.1
47544,A4,312505,47544,2.0,0.5,2012MM04,106.6
47545,A4,312505,47545,2.0,0.0,2012MM05,106.6
47546,A4,312505,47546,2.0,0.0,2012MM06,106.6
47547,A4,312505,47547,2.3,0.9,2012MM07,107.6
47548,A4,312505,47548,2.4,0.0,2012MM08,107.6
47549,A4,312505,47549,2.4,0.0,2012MM09,107.6
47550,A4,312505,47550,2.8,0.5,2012MM10,108.2
47551,A4,312505,47551,3.2,0.3,2012MM11,108.5
47552,A4,312505,47552,3.0,-0.1,2012MM12,108.4
47554,A4,312505,47554,2.2,0.0,2013MM01,108.4
47555,A4,312505,47555,2.3,0.1,2013MM02,108.5
47556,A4,312505,47556,2.2,0.0,2013MM03,108.4
47557,A4,312505,47557,1.6,0.0,2013MM04,108.4
47558,A4,312505,47558,1.8,0.1,2013MM05,108.5
47559,A4,312505,47559,2.0,0.2,2013MM06,108.8
47560,A4,312505,47560,0.8,-0.4,2013MM07,108.4
47561,A4,312505,47561,1.0,0.3,2013MM08,108.7
47562,A4,312505,47562,1.1,0.1,2013MM09,108.8
47563,A4,312505,47563,0.9,0.3,2013MM10,109.1
47564,A4,312505,47564,0.5,0.0,2013MM11,109.1
47565,A4,312505,47565,0.6,0.0,2013MM12,109.1
47567,A4,312505,47567,1.2,0.5,2014MM01,109.6
47568,A4,312505,47568,1.0,0.0,2014MM02,109.6
47569,A4,312505,47569,1.1,0.0,2014MM03,109.6
47570,A4,312505,47570,1.8,0.7,2014MM04,110.4
47571,A4,312505,47571,1.7,0.0,2014MM05,110.4
47572,A4,312505,47572,1.4,-0.1,2014MM06,110.3
47573,A4,312505,47573,2.1,0.3,2014MM07,110.7
47574,A4,312505,47574,1.9,0.1,2014MM08,110.8
47575,A4,312505,47575,1.5,-0.3,2014MM09,110.5
47576,A4,312505,47576,1.6,0.4,2014MM10,110.9
47577,A4,312505,47577,1.5,-0.1,2014MM11,110.8
47578,A4,312505,47578,1.6,0.0,2014MM12,110.8
47580,A4,312505,47580,1.0,0.0,2015MM01,110.8
47581,A4,312505,47581,0.9,-0.1,2015MM02,110.6
47582,A4,312505,47582,1.0,0.1,2015MM03,110.7
47583,A4,312505,47583,0.7,0.4,2015MM04,111.1
47584,A4,312505,47584,0.7,0.1,2015MM05,111.2
47585,A4,312505,47585,0.8,0.0,2015MM06,111.2
47586,A4,312505,47586,3.8,3.3,2015MM07,114.9
47587,A4,312505,47587,3.7,0.0,2015MM08,114.8
47588,A4,312505,47588,4.1,0.1,2015MM09,115.0
47589,A4,312505,47589,3.8,0.0,2015MM10,115.0
47590,A4,312505,47590,3.8,0.0,2015MM11,115.0
47591,A4,312505,47591,3.9,0.1,2015MM12,115.1
47593,A4,312505,47593,4.5,0.6,2016MM01,115.8
47594,A4,312505,47594,4.7,0.0,2016MM02,115.8
47595,A4,312505,47595,4.6,0.0,2016MM03,115.8
47596,A4,312505,47596,4.4,0.1,2016MM04,116.0
47597,A4,312505,47597,4.3,0.0,2016MM05,116.0
47598,A4,312505,47598,4.3,0.0,2016MM06,116.0
47599,A4,312505,47599,0.5,-0.5,2016MM07,115.4
47600,A4,312505,47600,0.3,-0.2,2016MM08,115.2
47601,A4,312505,47601,0.2,0.0,2016MM09,115.3
47602,A4,312505,47602,-0.2,-0.5,2016MM10,114.7
47603,A4,312505,47603,-0.2,0.0,2016MM11,114.7
47604,A4,312505,47604,-0.2,0.1,2016MM12,114.8
47606,A4,312505,47606,-0.2,0.7,2017MM01,115.6
47607,A4,312505,47607,-0.3,-0.1,2017MM02,115.5
47608,A4,312505,47608,-0.3,0.0,2017MM03,115.5
47609,A4,312505,47609,0.1,0.5,2017MM04,116.0
47610,A4,312505,47610,0.0,0.0,2017MM05,116.0
47611,A4,312505,47611,-0.1,-0.1,2017MM06,115.9
47612,A4,312505,47612,0.8,0.4,2017MM07,116.4
47613,A4,312505,47613,0.9,-0.1,2017MM08,116.3
47614,A4,312505,47614,0.9,0.1,2017MM09,116.3
47615,A4,312505,47615,1.2,-0.2,2017MM10,116.1
47616,A4,312505,47616,1.2,0.0,2017MM11,116.1
47617,A4,312505,47617,1.1,0.0,2017MM12,116.1
