,Afzet,BedrijfstakkenBranchesSBI2008,ID,OntwikkelingTOV1JaarEerder_2,OntwikkelingTOV1MaandEerder_3,Perioden,ProducentenprijsindexPPI_1
15223,A6,312505,15223,,,2005MM01,94.5
15224,A6,312505,15224,,0.1,2005MM02,94.6
15225,A6,312505,15225,,0.0,2005MM03,94.6
15226,A6,312505,15226,,0.1,2005MM04,94.7
15227,A6,312505,15227,,0.0,2005MM05,94.7
15228,A6,312505,15228,,0.4,2005MM06,95.0
15229,A6,312505,15229,,-0.2,2005MM07,94.8
15230,A6,312505,15230,,0.0,2005MM08,94.8
15231,A6,312505,15231,,0.1,2005MM09,95.0
15232,A6,312505,15232,,0.2,2005MM10,95.2
15233,A6,312505,15233,,0.3,2005MM11,95.5
15234,A6,312505,15234,,-0.2,2005MM12,95.3
15236,A6,312505,15236,1.7,0.8,2006MM01,96.1
15237,A6,312505,15237,1.9,0.2,2006MM02,96.3
15238,A6,312505,15238,1.8,-0.1,2006MM03,96.3
15239,A6,312505,15239,1.4,-0.2,2006MM04,96.0
15240,A6,312505,15240,1.4,0.0,2006MM05,96.0
15241,A6,312505,15241,1.1,0.0,2006MM06,96.1
15242,A6,312505,15242,1.3,0.1,2006MM07,96.1
15243,A6,312505,15243,1.5,0.2,2006MM08,96.3
15244,A6,312505,15244,1.4,0.0,2006MM09,96.3
15245,A6,312505,15245,1.2,0.1,2006MM10,96.4
15246,A6,312505,15246,0.8,-0.1,2006MM11,96.3
15247,A6,312505,15247,0.9,0.0,2006MM12,96.2
15249,A6,312505,15249,1.2,1.0,2007MM01,97.2
15250,A6,312505,15250,1.0,0.1,2007MM02,97.3
15251,A6,312505,15251,0.9,-0.2,2007MM03,97.1
15252,A6,312505,15252,1.3,0.1,2007MM04,97.3
15253,A6,312505,15253,1.3,0.0,2007MM05,97.3
15254,A6,312505,15254,1.3,0.1,2007MM06,97.3
15255,A6,312505,15255,1.5,0.2,2007MM07,97.5
15256,A6,312505,15256,1.3,0.0,2007MM08,97.5
15257,A6,312505,15257,1.2,-0.1,2007MM09,97.4
15258,A6,312505,15258,1.2,0.1,2007MM10,97.5
15259,A6,312505,15259,1.2,-0.1,2007MM11,97.4
15260,A6,312505,15260,1.1,-0.2,2007MM12,97.3
15262,A6,312505,15262,1.0,0.9,2008MM01,98.2
15263,A6,312505,15263,0.8,-0.1,2008MM02,98.1
15264,A6,312505,15264,1.0,0.0,2008MM03,98.1
15265,A6,312505,15265,1.2,0.3,2008MM04,98.4
15266,A6,312505,15266,1.2,0.1,2008MM05,98.5
15267,A6,312505,15267,1.0,-0.2,2008MM06,98.3
15268,A6,312505,15268,1.3,0.5,2008MM07,98.8
15269,A6,312505,15269,1.5,0.3,2008MM08,99.0
15270,A6,312505,15270,1.6,0.0,2008MM09,99.0
15271,A6,312505,15271,1.8,0.3,2008MM10,99.2
15272,A6,312505,15272,2.1,0.3,2008MM11,99.5
15273,A6,312505,15273,2.0,-0.3,2008MM12,99.2
15275,A6,312505,15275,1.3,0.2,2009MM01,99.4
15276,A6,312505,15276,1.5,0.2,2009MM02,99.6
15277,A6,312505,15277,1.3,-0.2,2009MM03,99.4
15278,A6,312505,15278,0.3,-0.7,2009MM04,98.7
15279,A6,312505,15279,0.1,-0.2,2009MM05,98.6
15280,A6,312505,15280,0.2,-0.1,2009MM06,98.5
15281,A6,312505,15281,0.5,0.8,2009MM07,99.3
15282,A6,312505,15282,0.2,0.0,2009MM08,99.2
15283,A6,312505,15283,0.0,-0.2,2009MM09,99.0
15284,A6,312505,15284,-0.3,-0.1,2009MM10,99.0
15285,A6,312505,15285,-0.4,0.1,2009MM11,99.1
15286,A6,312505,15286,-0.4,-0.3,2009MM12,98.8
15288,A6,312505,15288,-0.5,0.1,2010MM01,99.0
15289,A6,312505,15289,-0.3,0.3,2010MM02,99.3
15290,A6,312505,15290,-0.3,-0.1,2010MM03,99.1
15291,A6,312505,15291,0.6,0.2,2010MM04,99.3
15292,A6,312505,15292,0.8,0.0,2010MM05,99.3
15293,A6,312505,15293,1.0,0.2,2010MM06,99.5
15294,A6,312505,15294,1.2,1.0,2010MM07,100.5
15295,A6,312505,15295,1.4,0.1,2010MM08,100.6
15296,A6,312505,15296,1.7,0.1,2010MM09,100.7
15297,A6,312505,15297,1.9,0.1,2010MM10,100.8
15298,A6,312505,15298,1.9,0.1,2010MM11,100.9
15299,A6,312505,15299,2.2,0.0,2010MM12,101.0
15301,A6,312505,15301,3.8,1.8,2011MM01,102.8
15302,A6,312505,15302,3.8,0.2,2011MM02,103.0
15303,A6,312505,15303,4.0,0.1,2011MM03,103.1
15304,A6,312505,15304,5.1,1.2,2011MM04,104.3
15305,A6,312505,15305,5.1,0.1,2011MM05,104.4
15306,A6,312505,15306,4.9,0.0,2011MM06,104.4
15307,A6,312505,15307,4.8,0.8,2011MM07,105.3
15308,A6,312505,15308,4.7,0.1,2011MM08,105.3
15309,A6,312505,15309,4.8,0.1,2011MM09,105.5
15310,A6,312505,15310,4.6,0.0,2011MM10,105.4
15311,A6,312505,15311,4.5,0.0,2011MM11,105.5
15312,A6,312505,15312,4.5,0.1,2011MM12,105.5
15314,A6,312505,15314,3.1,0.4,2012MM01,106.0
15315,A6,312505,15315,2.8,-0.1,2012MM02,105.9
15316,A6,312505,15316,2.9,0.1,2012MM03,106.0
15317,A6,312505,15317,1.9,0.2,2012MM04,106.3
15318,A6,312505,15318,1.9,0.1,2012MM05,106.4
15319,A6,312505,15319,1.9,0.0,2012MM06,106.4
15320,A6,312505,15320,2.2,1.1,2012MM07,107.6
15321,A6,312505,15321,2.2,0.0,2012MM08,107.6
15322,A6,312505,15322,2.0,-0.1,2012MM09,107.5
15323,A6,312505,15323,2.1,0.1,2012MM10,107.6
15324,A6,312505,15324,2.1,0.1,2012MM11,107.7
15325,A6,312505,15325,2.2,0.1,2012MM12,107.8
15327,A6,312505,15327,1.7,-0.1,2013MM01,107.7
15328,A6,312505,15328,1.8,0.1,2013MM02,107.8
15329,A6,312505,15329,1.7,0.1,2013MM03,107.9
15330,A6,312505,15330,0.7,-0.8,2013MM04,107.0
15331,A6,312505,15331,0.8,0.2,2013MM05,107.2
15332,A6,312505,15332,0.8,0.0,2013MM06,107.2
15333,A6,312505,15333,-0.2,0.1,2013MM07,107.3
15334,A6,312505,15334,0.1,0.3,2013MM08,107.7
15335,A6,312505,15335,-0.1,-0.2,2013MM09,107.4
15336,A6,312505,15336,0.0,0.2,2013MM10,107.6
15337,A6,312505,15337,-0.2,-0.1,2013MM11,107.5
15338,A6,312505,15338,-0.2,0.0,2013MM12,107.6
15340,A6,312505,15340,0.5,0.6,2014MM01,108.3
15341,A6,312505,15341,0.3,-0.1,2014MM02,108.1
15342,A6,312505,15342,0.4,0.1,2014MM03,108.3
15343,A6,312505,15343,1.1,-0.1,2014MM04,108.2
15344,A6,312505,15344,1.1,0.2,2014MM05,108.4
15345,A6,312505,15345,0.9,-0.2,2014MM06,108.2
15346,A6,312505,15346,1.1,0.3,2014MM07,108.5
15347,A6,312505,15347,0.7,0.0,2014MM08,108.5
15348,A6,312505,15348,0.8,-0.2,2014MM09,108.3
15349,A6,312505,15349,0.9,0.3,2014MM10,108.6
15350,A6,312505,15350,1.0,0.0,2014MM11,108.6
15351,A6,312505,15351,1.0,0.0,2014MM12,108.7
15353,A6,312505,15353,0.7,0.4,2015MM01,109.0
15354,A6,312505,15354,0.9,0.1,2015MM02,109.2
15355,A6,312505,15355,1.0,0.2,2015MM03,109.4
15356,A6,312505,15356,1.1,-0.1,2015MM04,109.3
15357,A6,312505,15357,0.8,0.0,2015MM05,109.3
15358,A6,312505,15358,1.0,-0.1,2015MM06,109.2
15359,A6,312505,15359,2.6,1.9,2015MM07,111.4
15360,A6,312505,15360,2.5,-0.1,2015MM08,111.2
15361,A6,312505,15361,2.9,0.2,2015MM09,111.4
15362,A6,312505,15362,2.5,-0.1,2015MM10,111.3
15363,A6,312505,15363,2.5,0.0,2015MM11,111.3
15364,A6,312505,15364,2.4,-0.1,2015MM12,111.2
15366,A6,312505,15366,2.3,0.3,2016MM01,111.5
15367,A6,312505,15367,2.0,-0.1,2016MM02,111.4
15368,A6,312505,15368,1.8,0.0,2016MM03,111.4
15369,A6,312505,15369,1.5,-0.4,2016MM04,111.0
15370,A6,312505,15370,1.8,0.3,2016MM05,111.3
15371,A6,312505,15371,1.6,-0.3,2016MM06,110.9
15372,A6,312505,15372,-0.4,0.0,2016MM07,110.9
15373,A6,312505,15373,-0.7,-0.4,2016MM08,110.4
15374,A6,312505,15374,-0.9,0.0,2016MM09,110.5
15375,A6,312505,15375,-1.2,-0.5,2016MM10,110.0
15376,A6,312505,15376,-1.2,0.0,2016MM11,109.9
15377,A6,312505,15377,-1.0,0.1,2016MM12,110.1
15379,A6,312505,15379,-1.2,0.0,2017MM01,110.1
15380,A6,312505,15380,-1.2,-0.1,2017MM02,110.0
15381,A6,312505,15381,-1.1,0.1,2017MM03,110.1
15382,A6,312505,15382,-0.2,0.5,2017MM04,110.7
15383,A6,312505,15383,-0.5,0.0,2017MM05,110.7
15384,A6,312505,15384,-0.5,-0.3,2017MM06,110.4
15385,A6,312505,15385,0.5,1.0,2017MM07,111.5
15386,A6,312505,15386,1.0,0.0,2017MM08,111.5
15387,A6,312505,15387,1.2,0.2,2017MM09,111.8
15388,A6,312505,15388,0.8,-0.8,2017MM10,110.9
15389,A6,312505,15389,1.1,0.2,2017MM11,111.1
15390,A6,312505,15390,0.9,-0.1,2017MM12,111.0
