,Afzet,BedrijfstakkenBranchesSBI2008,ID,OntwikkelingTOV1JaarEerder_2,OntwikkelingTOV1MaandEerder_3,Perioden,ProducentenprijsindexPPI_1
48100,A4,314000,48100,2.5,0.45,1981MM01,66.8
48101,A4,314000,48101,2.7,0.9,1981MM02,67.4
48102,A4,314000,48102,2.9,0.1,1981MM03,67.5
48103,A4,314000,48103,3.1,-0.1,1981MM04,67.4
48104,A4,314000,48104,3.3,0.1,1981MM05,67.5
48105,A4,314000,48105,3.5,0.0,1981MM06,67.5
48106,A4,314000,48106,3.7,0.0,1981MM07,67.5
48107,A4,314000,48107,3.9,2.6,1981MM08,69.3
48108,A4,314000,48108,4.1,0.0,1981MM09,69.3
48109,A4,314000,48109,4.3,0.4,1981MM10,69.6
48110,A4,314000,48110,4.5,0.1,1981MM11,69.7
48111,A4,314000,48111,4.7,0.0,1981MM12,69.7
48113,A4,314000,48113,4.9,0.6,1982MM01,70.1
48114,A4,314000,48114,4.1,0.2,1982MM02,70.2
48115,A4,314000,48115,4.0,0.0,1982MM03,70.2
48116,A4,314000,48116,4.3,0.1,1982MM04,70.3
48117,A4,314000,48117,4.2,0.0,1982MM05,70.3
48118,A4,314000,48118,4.1,-0.1,1982MM06,70.3
48119,A4,314000,48119,4.1,0.0,1982MM07,70.3
48120,A4,314000,48120,3.2,1.7,1982MM08,71.5
48121,A4,314000,48121,3.3,0.2,1982MM09,71.6
48122,A4,314000,48122,2.9,0.1,1982MM10,71.6
48123,A4,314000,48123,2.8,0.0,1982MM11,71.6
48124,A4,314000,48124,2.9,0.0,1982MM12,71.7
48126,A4,314000,48126,2.4,0.1,1983MM01,71.8
48127,A4,314000,48127,0.4,-1.8,1983MM02,70.5
48128,A4,314000,48128,0.4,0.0,1983MM03,70.5
48129,A4,314000,48129,0.3,0.1,1983MM04,70.5
48130,A4,314000,48130,0.3,0.0,1983MM05,70.5
48131,A4,314000,48131,0.4,0.0,1983MM06,70.5
48132,A4,314000,48132,0.4,0.0,1983MM07,70.6
48133,A4,314000,48133,0.5,1.9,1983MM08,71.9
48134,A4,314000,48134,0.4,0.0,1983MM09,71.9
48135,A4,314000,48135,0.4,0.1,1983MM10,71.9
48136,A4,314000,48136,0.4,0.0,1983MM11,71.9
48137,A4,314000,48137,0.5,0.2,1983MM12,72.0
48139,A4,314000,48139,0.8,0.4,1984MM01,72.3
48140,A4,314000,48140,3.0,0.4,1984MM02,72.6
48141,A4,314000,48141,3.2,0.2,1984MM03,72.8
48142,A4,314000,48142,3.2,0.0,1984MM04,72.8
48143,A4,314000,48143,3.2,0.1,1984MM05,72.8
48144,A4,314000,48144,3.2,0.0,1984MM06,72.8
48145,A4,314000,48145,3.3,0.1,1984MM07,72.9
48146,A4,314000,48146,4.7,3.2,1984MM08,75.2
48147,A4,314000,48147,4.7,0.0,1984MM09,75.3
48148,A4,314000,48148,4.8,0.1,1984MM10,75.3
48149,A4,314000,48149,4.7,0.0,1984MM11,75.3
48150,A4,314000,48150,4.8,0.2,1984MM12,75.5
48152,A4,314000,48152,4.5,0.2,1985MM01,75.6
48153,A4,314000,48153,2.7,-1.4,1985MM02,74.6
48154,A4,314000,48154,3.2,0.7,1985MM03,75.1
48155,A4,314000,48155,3.4,0.2,1985MM04,75.3
48156,A4,314000,48156,3.4,0.1,1985MM05,75.3
48157,A4,314000,48157,3.5,0.1,1985MM06,75.4
48158,A4,314000,48158,3.3,-0.1,1985MM07,75.3
48159,A4,314000,48159,0.4,0.3,1985MM08,75.5
48160,A4,314000,48160,1.9,1.6,1985MM09,76.7
48161,A4,314000,48161,1.8,0.0,1985MM10,76.7
48162,A4,314000,48162,1.9,0.0,1985MM11,76.7
48163,A4,314000,48163,1.6,0.0,1985MM12,76.7
48165,A4,314000,48165,1.5,0.0,1986MM01,76.7
48166,A4,314000,48166,4.3,1.4,1986MM02,77.8
48167,A4,314000,48167,2.3,-1.3,1986MM03,76.8
48168,A4,314000,48168,2.4,0.3,1986MM04,77.1
48169,A4,314000,48169,2.3,0.0,1986MM05,77.1
48170,A4,314000,48170,2.4,0.1,1986MM06,77.2
48171,A4,314000,48171,2.4,0.0,1986MM07,77.1
48172,A4,314000,48172,2.2,0.0,1986MM08,77.2
48173,A4,314000,48173,0.5,-0.1,1986MM09,77.1
48174,A4,314000,48174,2.6,2.0,1986MM10,78.7
48175,A4,314000,48175,2.6,0.0,1986MM11,78.7
48176,A4,314000,48176,2.6,0.1,1986MM12,78.7
48178,A4,314000,48178,2.6,0.0,1987MM01,78.7
48179,A4,314000,48179,1.1,-0.1,1987MM02,78.7
48180,A4,314000,48180,2.5,0.1,1987MM03,78.8
48181,A4,314000,48181,2.1,-0.1,1987MM04,78.7
48182,A4,314000,48182,1.6,-0.5,1987MM05,78.3
48183,A4,314000,48183,1.6,0.1,1987MM06,78.4
48184,A4,314000,48184,1.6,0.1,1987MM07,78.4
48185,A4,314000,48185,1.6,0.0,1987MM08,78.4
48186,A4,314000,48186,1.7,0.0,1987MM09,78.4
48187,A4,314000,48187,-0.1,0.3,1987MM10,78.6
48188,A4,314000,48188,0.6,0.6,1987MM11,79.1
48189,A4,314000,48189,0.6,0.1,1987MM12,79.2
48191,A4,314000,48191,0.6,0.1,1988MM01,79.2
48192,A4,314000,48192,0.7,0.0,1988MM02,79.2
48193,A4,314000,48193,0.6,0.0,1988MM03,79.2
48194,A4,314000,48194,1.4,0.7,1988MM04,79.7
48195,A4,314000,48195,1.2,-0.7,1988MM05,79.2
48196,A4,314000,48196,0.6,-0.4,1988MM06,78.9
48197,A4,314000,48197,0.9,0.3,1988MM07,79.1
48198,A4,314000,48198,0.9,0.0,1988MM08,79.1
48199,A4,314000,48199,1.1,0.2,1988MM09,79.3
48200,A4,314000,48200,0.8,0.0,1988MM10,79.3
48201,A4,314000,48201,0.4,0.2,1988MM11,79.4
48202,A4,314000,48202,1.7,1.3,1988MM12,80.5
48204,A4,314000,48204,1.8,0.1,1989MM01,80.6
48205,A4,314000,48205,1.8,0.0,1989MM02,80.6
48206,A4,314000,48206,1.8,0.0,1989MM03,80.6
48207,A4,314000,48207,1.1,0.0,1989MM04,80.6
48208,A4,314000,48208,2.3,0.5,1989MM05,81.0
48209,A4,314000,48209,1.7,-0.9,1989MM06,80.2
48210,A4,314000,48210,1.4,0.0,1989MM07,80.2
48211,A4,314000,48211,1.6,0.2,1989MM08,80.4
48212,A4,314000,48212,1.4,-0.1,1989MM09,80.4
48213,A4,314000,48213,1.3,-0.1,1989MM10,80.3
48214,A4,314000,48214,1.1,0.0,1989MM11,80.3
48215,A4,314000,48215,0.0,0.3,1989MM12,80.5
48217,A4,314000,48217,1.3,1.4,1990MM01,81.6
48218,A4,314000,48218,0.4,-0.9,1990MM02,80.9
48219,A4,314000,48219,0.1,-0.2,1990MM03,80.8
48220,A4,314000,48220,0.1,-0.1,1990MM04,80.7
48221,A4,314000,48221,-0.3,0.1,1990MM05,80.8
48222,A4,314000,48222,0.6,-0.1,1990MM06,80.7
48223,A4,314000,48223,0.8,0.2,1990MM07,80.9
48224,A4,314000,48224,0.6,0.0,1990MM08,80.9
48225,A4,314000,48225,2.6,1.9,1990MM09,82.4
48226,A4,314000,48226,2.5,-0.1,1990MM10,82.3
48227,A4,314000,48227,2.6,0.1,1990MM11,82.4
48228,A4,314000,48228,2.6,0.2,1990MM12,82.6
48230,A4,314000,48230,1.1,0.0,1991MM01,82.6
48231,A4,314000,48231,2.6,0.6,1991MM02,83.1
48232,A4,314000,48232,2.2,-0.7,1991MM03,82.5
48233,A4,314000,48233,2.4,0.2,1991MM04,82.7
48234,A4,314000,48234,2.3,0.0,1991MM05,82.6
48235,A4,314000,48235,2.5,0.1,1991MM06,82.7
48236,A4,314000,48236,2.3,0.0,1991MM07,82.8
48237,A4,314000,48237,2.4,0.1,1991MM08,82.9
48238,A4,314000,48238,1.0,0.4,1991MM09,83.2
48239,A4,314000,48239,1.3,0.3,1991MM10,83.4
48240,A4,314000,48240,1.4,0.1,1991MM11,83.5
48241,A4,314000,48241,1.3,0.1,1991MM12,83.6
48243,A4,314000,48243,1.2,-0.1,1992MM01,83.6
48244,A4,314000,48244,0.7,0.1,1992MM02,83.6
48245,A4,314000,48245,3.0,1.6,1992MM03,85.0
48246,A4,314000,48246,2.0,-0.8,1992MM04,84.3
48247,A4,314000,48247,2.3,0.3,1992MM05,84.6
48248,A4,314000,48248,2.1,-0.1,1992MM06,84.5
48249,A4,314000,48249,2.1,0.0,1992MM07,84.5
48250,A4,314000,48250,2.1,0.1,1992MM08,84.6
48251,A4,314000,48251,1.6,0.0,1992MM09,84.6
48252,A4,314000,48252,2.1,0.7,1992MM10,85.2
48253,A4,314000,48253,2.2,0.2,1992MM11,85.4
48254,A4,314000,48254,2.1,0.0,1992MM12,85.4
48256,A4,314000,48256,2.2,0.0,1993MM01,85.4
48257,A4,314000,48257,2.1,0.0,1993MM02,85.4
48258,A4,314000,48258,0.8,0.2,1993MM03,85.6
48259,A4,314000,48259,1.5,0.0,1993MM04,85.6
48260,A4,314000,48260,1.1,-0.1,1993MM05,85.5
48261,A4,314000,48261,1.3,0.2,1993MM06,85.6
48262,A4,314000,48262,1.3,0.0,1993MM07,85.6
48263,A4,314000,48263,1.4,0.1,1993MM08,85.7
48264,A4,314000,48264,1.4,0.0,1993MM09,85.7
48265,A4,314000,48265,0.7,0.1,1993MM10,85.8
48266,A4,314000,48266,0.2,-0.2,1993MM11,85.6
48267,A4,314000,48267,0.3,0.1,1993MM12,85.6
48269,A4,314000,48269,0.2,0.0,1994MM01,85.6
48270,A4,314000,48270,0.3,0.1,1994MM02,85.7
48271,A4,314000,48271,-0.2,-0.3,1994MM03,85.4
48272,A4,314000,48272,-0.3,-0.2,1994MM04,85.3
48273,A4,314000,48273,-0.3,-0.1,1994MM05,85.2
48274,A4,314000,48274,-0.6,-0.1,1994MM06,85.1
48275,A4,314000,48275,-0.5,0.1,1994MM07,85.2
48276,A4,314000,48276,-0.7,-0.1,1994MM08,85.1
48277,A4,314000,48277,-0.7,0.0,1994MM09,85.1
48278,A4,314000,48278,-0.7,0.1,1994MM10,85.1
48279,A4,314000,48279,-0.6,-0.1,1994MM11,85.0
48280,A4,314000,48280,-0.7,0.0,1994MM12,85.0
48282,A4,314000,48282,-0.3,0.4,1995MM01,85.4
48283,A4,314000,48283,-0.4,0.0,1995MM02,85.4
48284,A4,314000,48284,0.7,0.8,1995MM03,86.1
48285,A4,314000,48285,1.3,0.4,1995MM04,86.4
48286,A4,314000,48286,1.4,0.0,1995MM05,86.4
48287,A4,314000,48287,1.3,-0.2,1995MM06,86.2
48288,A4,314000,48288,0.6,-0.6,1995MM07,85.7
48289,A4,314000,48289,0.6,0.0,1995MM08,85.6
48290,A4,314000,48290,0.6,-0.1,1995MM09,85.6
48291,A4,314000,48291,0.5,0.0,1995MM10,85.5
48292,A4,314000,48292,0.6,0.0,1995MM11,85.5
48293,A4,314000,48293,0.1,-0.5,1995MM12,85.1
48295,A4,314000,48295,-0.3,0.0,1996MM01,85.1
48296,A4,314000,48296,-0.6,-0.3,1996MM02,84.9
48297,A4,314000,48297,-1.4,0.0,1996MM03,84.9
48298,A4,314000,48298,-1.6,0.2,1996MM04,85.0
48299,A4,314000,48299,-1.6,-0.1,1996MM05,85.0
48300,A4,314000,48300,-1.4,0.0,1996MM06,85.0
48301,A4,314000,48301,-1.3,-0.5,1996MM07,84.5
48302,A4,314000,48302,-1.2,0.1,1996MM08,84.6
48303,A4,314000,48303,-1.1,0.0,1996MM09,84.6
48304,A4,314000,48304,-1.1,0.0,1996MM10,84.6
48305,A4,314000,48305,-1.1,0.0,1996MM11,84.6
48306,A4,314000,48306,-1.4,-0.9,1996MM12,83.9
48308,A4,314000,48308,-1.0,0.5,1997MM01,84.3
48309,A4,314000,48309,-1.5,-0.8,1997MM02,83.6
48310,A4,314000,48310,-1.6,-0.1,1997MM03,83.6
48311,A4,314000,48311,-1.5,0.2,1997MM04,83.7
48312,A4,314000,48312,-1.4,0.0,1997MM05,83.7
48313,A4,314000,48313,-1.5,0.0,1997MM06,83.7
48314,A4,314000,48314,-0.9,0.0,1997MM07,83.7
48315,A4,314000,48315,-0.6,0.4,1997MM08,84.1
48316,A4,314000,48316,-0.8,-0.2,1997MM09,84.0
48317,A4,314000,48317,-0.5,0.3,1997MM10,84.2
48318,A4,314000,48318,-0.5,0.0,1997MM11,84.2
48319,A4,314000,48319,0.5,0.1,1997MM12,84.3
48321,A4,314000,48321,0.8,0.8,1998MM01,85.0
48322,A4,314000,48322,2.3,0.7,1998MM02,85.5
48323,A4,314000,48323,2.4,0.0,1998MM03,85.5
48324,A4,314000,48324,2.0,-0.2,1998MM04,85.4
48325,A4,314000,48325,1.9,0.0,1998MM05,85.4
48326,A4,314000,48326,2.1,0.1,1998MM06,85.5
48327,A4,314000,48327,4.7,2.6,1998MM07,87.7
48328,A4,314000,48328,4.3,-0.1,1998MM08,87.7
48329,A4,314000,48329,4.4,0.0,1998MM09,87.6
48330,A4,314000,48330,4.0,-0.1,1998MM10,87.6
48331,A4,314000,48331,4.0,0.0,1998MM11,87.5
48332,A4,314000,48332,3.8,-0.1,1998MM12,87.5
48334,A4,314000,48334,3.5,0.5,1999MM01,87.9
48335,A4,314000,48335,2.7,-0.1,1999MM02,87.8
48336,A4,314000,48336,2.7,0.0,1999MM03,87.8
48337,A4,314000,48337,2.8,-0.1,1999MM04,87.8
48338,A4,314000,48338,2.9,0.0,1999MM05,87.8
48339,A4,314000,48339,2.8,0.1,1999MM06,87.8
48340,A4,314000,48340,0.3,0.2,1999MM07,88.0
48341,A4,314000,48341,0.2,-0.2,1999MM08,87.9
48342,A4,314000,48342,0.3,0.0,1999MM09,87.9
48343,A4,314000,48343,1.0,0.6,1999MM10,88.4
48344,A4,314000,48344,1.1,0.1,1999MM11,88.5
48345,A4,314000,48345,1.4,0.3,1999MM12,88.7
48347,A4,314000,48347,1.2,0.2,2000MM01,89.0
48348,A4,314000,48348,1.4,0.1,2000MM02,89.1
48349,A4,314000,48349,1.4,0.0,2000MM03,89.1
48350,A4,314000,48350,1.5,0.0,2000MM04,89.1
48351,A4,314000,48351,1.9,0.5,2000MM05,89.5
48352,A4,314000,48352,1.8,0.0,2000MM06,89.4
48353,A4,314000,48353,1.2,-0.4,2000MM07,89.0
48354,A4,314000,48354,0.8,-0.6,2000MM08,88.5
48355,A4,314000,48355,1.0,0.3,2000MM09,88.8
48356,A4,314000,48356,0.6,0.1,2000MM10,88.9
48357,A4,314000,48357,0.6,0.2,2000MM11,89.1
48358,A4,314000,48358,0.2,-0.2,2000MM12,88.9
48360,A4,314000,48360,0.9,0.9,2001MM01,89.7
48361,A4,314000,48361,1.0,0.2,2001MM02,89.9
48362,A4,314000,48362,1.0,0.1,2001MM03,90.0
48363,A4,314000,48363,1.1,0.1,2001MM04,90.0
48364,A4,314000,48364,0.8,0.2,2001MM05,90.2
48365,A4,314000,48365,1.4,0.6,2001MM06,90.7
48366,A4,314000,48366,1.6,-0.3,2001MM07,90.5
48367,A4,314000,48367,2.0,-0.2,2001MM08,90.3
48368,A4,314000,48368,1.4,-0.3,2001MM09,90.0
48369,A4,314000,48369,1.5,0.2,2001MM10,90.2
48370,A4,314000,48370,1.5,0.2,2001MM11,90.4
48371,A4,314000,48371,1.7,0.0,2001MM12,90.4
48373,A4,314000,48373,2.5,1.7,2002MM01,92.0
48374,A4,314000,48374,2.4,0.1,2002MM02,92.0
48375,A4,314000,48375,2.4,0.1,2002MM03,92.2
48376,A4,314000,48376,1.9,-0.5,2002MM04,91.7
48377,A4,314000,48377,1.9,0.2,2002MM05,91.9
48378,A4,314000,48378,1.7,0.3,2002MM06,92.2
48379,A4,314000,48379,2.3,0.3,2002MM07,92.5
48380,A4,314000,48380,1.9,-0.6,2002MM08,92.0
48381,A4,314000,48381,2.6,0.4,2002MM09,92.4
48382,A4,314000,48382,2.4,0.0,2002MM10,92.4
48383,A4,314000,48383,2.0,-0.1,2002MM11,92.2
48384,A4,314000,48384,3.4,1.3,2002MM12,93.4
48386,A4,314000,48386,0.3,-1.3,2003MM01,92.3
48387,A4,314000,48387,0.6,0.4,2003MM02,92.6
48388,A4,314000,48388,0.5,0.0,2003MM03,92.7
48389,A4,314000,48389,2.1,1.1,2003MM04,93.7
48390,A4,314000,48390,0.8,-1.1,2003MM05,92.6
48391,A4,314000,48391,0.6,0.2,2003MM06,92.8
48392,A4,314000,48392,-0.8,-1.1,2003MM07,91.8
48393,A4,314000,48393,0.5,0.7,2003MM08,92.5
48394,A4,314000,48394,1.7,1.6,2003MM09,93.9
48395,A4,314000,48395,1.6,-0.1,2003MM10,93.8
48396,A4,314000,48396,0.7,-1.0,2003MM11,92.9
48397,A4,314000,48397,-0.7,-0.1,2003MM12,92.8
48399,A4,314000,48399,0.8,0.2,2004MM01,93.0
48400,A4,314000,48400,1.0,0.6,2004MM02,93.5
48401,A4,314000,48401,0.3,-0.6,2004MM03,93.0
48402,A4,314000,48402,-0.1,0.7,2004MM04,93.6
48403,A4,314000,48403,0.5,-0.5,2004MM05,93.1
48404,A4,314000,48404,-0.1,-0.5,2004MM06,92.7
48405,A4,314000,48405,1.0,0.0,2004MM07,92.7
48406,A4,314000,48406,0.4,0.1,2004MM08,92.8
48407,A4,314000,48407,-0.7,0.4,2004MM09,93.2
48408,A4,314000,48408,-0.2,0.5,2004MM10,93.7
48409,A4,314000,48409,1.1,0.3,2004MM11,93.9
48410,A4,314000,48410,1.3,0.1,2004MM12,94.0
48412,A4,314000,48412,1.32307692308,0.05,2005MM01,94.7
48413,A4,314000,48413,1.34615384615,0.0,2005MM02,94.6
48414,A4,314000,48414,1.36923076923,-0.1,2005MM03,94.6
48415,A4,314000,48415,1.39230769231,0.0,2005MM04,94.6
48416,A4,314000,48416,1.41538461538,0.0,2005MM05,94.5
48417,A4,314000,48417,1.43846153846,0.4,2005MM06,94.9
48418,A4,314000,48418,1.46153846154,-0.1,2005MM07,94.8
48419,A4,314000,48419,1.48461538462,0.0,2005MM08,94.8
48420,A4,314000,48420,1.50769230769,0.0,2005MM09,94.8
48421,A4,314000,48421,1.53076923077,0.1,2005MM10,94.9
48422,A4,314000,48422,1.55384615385,0.0,2005MM11,95.0
48423,A4,314000,48423,1.57692307692,0.0,2005MM12,95.0
48425,A4,314000,48425,1.6,1.3,2006MM01,96.2
48426,A4,314000,48426,1.7,0.0,2006MM02,96.2
48427,A4,314000,48427,1.8,0.0,2006MM03,96.3
48428,A4,314000,48428,1.9,0.1,2006MM04,96.3
48429,A4,314000,48429,1.9,0.0,2006MM05,96.3
48430,A4,314000,48430,1.5,0.0,2006MM06,96.3
48431,A4,314000,48431,1.7,0.1,2006MM07,96.5
48432,A4,314000,48432,1.8,0.1,2006MM08,96.5
48433,A4,314000,48433,1.8,0.0,2006MM09,96.6
48434,A4,314000,48434,1.8,0.0,2006MM10,96.6
48435,A4,314000,48435,1.7,0.0,2006MM11,96.6
48436,A4,314000,48436,1.7,0.0,2006MM12,96.6
48438,A4,314000,48438,0.1,-0.3,2007MM01,96.3
48439,A4,314000,48439,0.2,0.1,2007MM02,96.4
48440,A4,314000,48440,0.1,0.0,2007MM03,96.4
48441,A4,314000,48441,0.4,0.3,2007MM04,96.7
48442,A4,314000,48442,0.3,0.0,2007MM05,96.7
48443,A4,314000,48443,0.4,0.0,2007MM06,96.7
48444,A4,314000,48444,0.2,-0.1,2007MM07,96.6
48445,A4,314000,48445,-0.1,-0.2,2007MM08,96.4
48446,A4,314000,48446,-0.1,0.0,2007MM09,96.4
48447,A4,314000,48447,-0.1,0.1,2007MM10,96.5
48448,A4,314000,48448,-0.1,0.0,2007MM11,96.5
48449,A4,314000,48449,-0.1,0.0,2007MM12,96.5
48451,A4,314000,48451,2.1,1.9,2008MM01,98.4
48452,A4,314000,48452,1.9,-0.1,2008MM02,98.2
48453,A4,314000,48453,2.0,0.0,2008MM03,98.3
48454,A4,314000,48454,1.7,0.1,2008MM04,98.4
48455,A4,314000,48455,1.7,0.0,2008MM05,98.4
48456,A4,314000,48456,1.7,0.0,2008MM06,98.4
48457,A4,314000,48457,2.0,0.2,2008MM07,98.6
48458,A4,314000,48458,2.3,0.0,2008MM08,98.6
48459,A4,314000,48459,2.3,0.0,2008MM09,98.6
48460,A4,314000,48460,2.3,0.1,2008MM10,98.7
48461,A4,314000,48461,2.2,-0.1,2008MM11,98.7
48462,A4,314000,48462,2.2,0.0,2008MM12,98.6
48464,A4,314000,48464,1.1,0.8,2009MM01,99.4
48465,A4,314000,48465,1.2,0.1,2009MM02,99.5
48466,A4,314000,48466,1.2,0.0,2009MM03,99.4
48467,A4,314000,48467,0.6,-0.5,2009MM04,99.0
48468,A4,314000,48468,0.6,0.0,2009MM05,98.9
48469,A4,314000,48469,0.6,0.0,2009MM06,98.9
48470,A4,314000,48470,0.6,0.2,2009MM07,99.2
48471,A4,314000,48471,0.6,0.0,2009MM08,99.2
48472,A4,314000,48472,0.6,0.0,2009MM09,99.2
48473,A4,314000,48473,1.2,0.7,2009MM10,99.9
48474,A4,314000,48474,1.2,0.0,2009MM11,99.8
48475,A4,314000,48475,1.3,0.0,2009MM12,99.9
48477,A4,314000,48477,0.9,0.5,2010MM01,100.4
48478,A4,314000,48478,0.6,-0.3,2010MM02,100.1
48479,A4,314000,48479,0.7,0.0,2010MM03,100.1
48480,A4,314000,48480,0.8,-0.4,2010MM04,99.7
48481,A4,314000,48481,0.8,0.0,2010MM05,99.8
48482,A4,314000,48482,0.9,0.0,2010MM06,99.8
48483,A4,314000,48483,0.8,0.2,2010MM07,99.9
48484,A4,314000,48484,0.8,0.0,2010MM08,100.0
48485,A4,314000,48485,0.8,0.0,2010MM09,100.0
48486,A4,314000,48486,0.2,0.1,2010MM10,100.1
48487,A4,314000,48487,0.3,0.0,2010MM11,100.1
48488,A4,314000,48488,0.2,0.0,2010MM12,100.1
48490,A4,314000,48490,0.9,1.2,2011MM01,101.3
48491,A4,314000,48491,1.3,0.1,2011MM02,101.4
48492,A4,314000,48492,1.3,0.1,2011MM03,101.5
48493,A4,314000,48493,3.0,1.2,2011MM04,102.7
48494,A4,314000,48494,3.0,0.0,2011MM05,102.7
48495,A4,314000,48495,3.0,0.0,2011MM06,102.7
48496,A4,314000,48496,3.7,0.9,2011MM07,103.6
48497,A4,314000,48497,3.7,0.0,2011MM08,103.6
48498,A4,314000,48498,3.6,0.0,2011MM09,103.6
48499,A4,314000,48499,3.4,-0.1,2011MM10,103.5
48500,A4,314000,48500,3.3,0.0,2011MM11,103.5
48501,A4,314000,48501,3.4,0.0,2011MM12,103.5
48503,A4,314000,48503,2.4,0.3,2012MM01,103.7
48504,A4,314000,48504,2.5,0.1,2012MM02,103.9
48505,A4,314000,48505,2.4,0.0,2012MM03,103.9
48506,A4,314000,48506,0.9,-0.3,2012MM04,103.6
48507,A4,314000,48507,0.8,0.0,2012MM05,103.6
48508,A4,314000,48508,0.8,0.0,2012MM06,103.6
48509,A4,314000,48509,0.0,0.1,2012MM07,103.7
48510,A4,314000,48510,0.0,0.0,2012MM08,103.7
48511,A4,314000,48511,0.1,0.0,2012MM09,103.7
48512,A4,314000,48512,0.7,0.5,2012MM10,104.2
48513,A4,314000,48513,0.7,0.0,2012MM11,104.2
48514,A4,314000,48514,0.7,0.0,2012MM12,104.2
48516,A4,314000,48516,0.6,0.2,2013MM01,104.4
48517,A4,314000,48517,0.5,0.0,2013MM02,104.4
48518,A4,314000,48518,0.5,0.0,2013MM03,104.4
48519,A4,314000,48519,1.1,0.3,2013MM04,104.7
48520,A4,314000,48520,1.1,0.0,2013MM05,104.7
48521,A4,314000,48521,1.1,0.0,2013MM06,104.7
48522,A4,314000,48522,1.3,0.3,2013MM07,105.0
48523,A4,314000,48523,1.4,0.2,2013MM08,105.2
48524,A4,314000,48524,1.4,0.0,2013MM09,105.2
48525,A4,314000,48525,1.4,0.4,2013MM10,105.6
48526,A4,314000,48526,1.4,0.0,2013MM11,105.6
48527,A4,314000,48527,1.4,0.0,2013MM12,105.6
48529,A4,314000,48529,1.8,0.7,2014MM01,106.3
48530,A4,314000,48530,1.8,0.0,2014MM02,106.3
48531,A4,314000,48531,1.8,0.0,2014MM03,106.3
48532,A4,314000,48532,2.0,0.5,2014MM04,106.8
48533,A4,314000,48533,2.0,0.0,2014MM05,106.8
48534,A4,314000,48534,2.0,0.0,2014MM06,106.8
48535,A4,314000,48535,2.0,0.2,2014MM07,107.0
48536,A4,314000,48536,1.3,-0.5,2014MM08,106.5
48537,A4,314000,48537,1.3,0.0,2014MM09,106.5
48538,A4,314000,48538,1.2,0.3,2014MM10,106.9
48539,A4,314000,48539,1.2,0.0,2014MM11,106.8
48540,A4,314000,48540,1.2,0.0,2014MM12,106.8
48542,A4,314000,48542,0.3,-0.2,2015MM01,106.6
48543,A4,314000,48543,0.3,0.0,2015MM02,106.6
48544,A4,314000,48544,0.3,0.0,2015MM03,106.7
48545,A4,314000,48545,0.5,0.6,2015MM04,107.3
48546,A4,314000,48546,0.5,0.0,2015MM05,107.4
48547,A4,314000,48547,0.5,0.0,2015MM06,107.4
48548,A4,314000,48548,6.0,5.7,2015MM07,113.5
48549,A4,314000,48549,6.8,0.2,2015MM08,113.7
48550,A4,314000,48550,6.8,0.0,2015MM09,113.7
48551,A4,314000,48551,6.8,0.3,2015MM10,114.1
48552,A4,314000,48552,6.8,0.0,2015MM11,114.1
48553,A4,314000,48553,6.8,0.0,2015MM12,114.1
48555,A4,314000,48555,7.7,0.7,2016MM01,114.9
48556,A4,314000,48556,7.7,0.0,2016MM02,114.9
48557,A4,314000,48557,7.7,0.0,2016MM03,114.8
48558,A4,314000,48558,7.2,0.2,2016MM04,115.1
48559,A4,314000,48559,7.2,0.0,2016MM05,115.1
48560,A4,314000,48560,7.2,0.0,2016MM06,115.1
48561,A4,314000,48561,1.4,0.0,2016MM07,115.1
48562,A4,314000,48562,1.2,0.0,2016MM08,115.1
48563,A4,314000,48563,1.2,0.0,2016MM09,115.1
48564,A4,314000,48564,0.6,-0.2,2016MM10,114.8
48565,A4,314000,48565,0.7,0.0,2016MM11,114.8
48566,A4,314000,48566,0.7,0.0,2016MM12,114.8
48568,A4,314000,48568,0.6,0.6,2017MM01,115.5
48569,A4,314000,48569,0.2,-0.3,2017MM02,115.1
48570,A4,314000,48570,0.3,0.1,2017MM03,115.2
48571,A4,314000,48571,1.1,1.0,2017MM04,116.3
48572,A4,314000,48572,1.1,0.0,2017MM05,116.3
48573,A4,314000,48573,1.0,-0.1,2017MM06,116.3
48574,A4,314000,48574,1.1,0.1,2017MM07,116.4
48575,A4,314000,48575,0.8,-0.3,2017MM08,116.0
48576,A4,314000,48576,0.8,0.0,2017MM09,116.0
48577,A4,314000,48577,2.0,0.9,2017MM10,117.1
48578,A4,314000,48578,2.0,0.0,2017MM11,117.1
48579,A4,314000,48579,2.0,0.0,2017MM12,117.1
