,Afzet,BedrijfstakkenBranchesSBI2008,ID,OntwikkelingTOV1JaarEerder_2,OntwikkelingTOV1MaandEerder_3,Perioden,ProducentenprijsindexPPI_1
15873,A6,314000,15873,,,1981MM01,65.0
15874,A6,314000,15874,,0.9,1981MM02,65.6
15875,A6,314000,15875,,0.1,1981MM03,65.6
15876,A6,314000,15876,,0.2,1981MM04,65.7
15877,A6,314000,15877,,0.0,1981MM05,65.7
15878,A6,314000,15878,,0.0,1981MM06,65.8
15879,A6,314000,15879,,0.0,1981MM07,65.8
15880,A6,314000,15880,,2.7,1981MM08,67.5
15881,A6,314000,15881,,0.0,1981MM09,67.5
15882,A6,314000,15882,,0.3,1981MM10,67.7
15883,A6,314000,15883,,0.0,1981MM11,67.8
15884,A6,314000,15884,,0.0,1981MM12,67.8
15886,A6,314000,15886,4.5,0.2,1982MM01,67.9
15887,A6,314000,15887,5.6,2.0,1982MM02,69.2
15888,A6,314000,15888,5.4,-0.1,1982MM03,69.2
15889,A6,314000,15889,5.5,0.3,1982MM04,69.4
15890,A6,314000,15890,6.0,0.4,1982MM05,69.7
15891,A6,314000,15891,5.8,-0.1,1982MM06,69.6
15892,A6,314000,15892,5.9,0.1,1982MM07,69.7
15893,A6,314000,15893,5.0,1.7,1982MM08,70.9
15894,A6,314000,15894,5.0,0.0,1982MM09,70.9
15895,A6,314000,15895,4.7,0.0,1982MM10,70.9
15896,A6,314000,15896,4.6,0.0,1982MM11,70.9
15897,A6,314000,15897,4.6,0.1,1982MM12,70.9
15899,A6,314000,15899,4.2,-0.2,1983MM01,70.7
15900,A6,314000,15900,0.8,-1.4,1983MM02,69.8
15901,A6,314000,15901,0.9,0.1,1983MM03,69.8
15902,A6,314000,15902,0.7,0.1,1983MM04,69.9
15903,A6,314000,15903,-0.1,-0.4,1983MM05,69.6
15904,A6,314000,15904,0.1,0.0,1983MM06,69.7
15905,A6,314000,15905,0.0,0.1,1983MM07,69.7
15906,A6,314000,15906,-0.9,0.7,1983MM08,70.2
15907,A6,314000,15907,-1.0,0.0,1983MM09,70.2
15908,A6,314000,15908,-0.9,0.1,1983MM10,70.3
15909,A6,314000,15909,-0.8,0.0,1983MM11,70.3
15910,A6,314000,15910,-0.8,0.1,1983MM12,70.4
15912,A6,314000,15912,0.2,0.8,1984MM01,70.9
15913,A6,314000,15913,1.3,-0.3,1984MM02,70.7
15914,A6,314000,15914,1.3,0.1,1984MM03,70.7
15915,A6,314000,15915,1.3,0.1,1984MM04,70.8
15916,A6,314000,15916,2.0,0.2,1984MM05,71.0
15917,A6,314000,15917,1.9,-0.1,1984MM06,71.0
15918,A6,314000,15918,1.8,0.0,1984MM07,71.0
15919,A6,314000,15919,3.3,2.2,1984MM08,72.5
15920,A6,314000,15920,3.3,0.0,1984MM09,72.5
15921,A6,314000,15921,3.2,0.0,1984MM10,72.5
15922,A6,314000,15922,3.2,0.0,1984MM11,72.5
15923,A6,314000,15923,3.0,0.0,1984MM12,72.5
15925,A6,314000,15925,2.9,0.6,1985MM01,72.9
15926,A6,314000,15926,3.6,0.4,1985MM02,73.2
15927,A6,314000,15927,3.5,0.0,1985MM03,73.2
15928,A6,314000,15928,3.5,0.1,1985MM04,73.3
15929,A6,314000,15929,3.2,0.0,1985MM05,73.3
15930,A6,314000,15930,3.0,-0.2,1985MM06,73.1
15931,A6,314000,15931,3.1,0.1,1985MM07,73.2
15932,A6,314000,15932,3.3,2.4,1985MM08,74.9
15933,A6,314000,15933,3.5,0.2,1985MM09,75.1
15934,A6,314000,15934,3.6,0.1,1985MM10,75.1
15935,A6,314000,15935,3.6,0.0,1985MM11,75.1
15936,A6,314000,15936,3.6,0.0,1985MM12,75.1
15938,A6,314000,15938,3.0,0.0,1986MM01,75.1
15939,A6,314000,15939,3.1,0.5,1986MM02,75.5
15940,A6,314000,15940,3.0,0.0,1986MM03,75.5
15941,A6,314000,15941,2.8,-0.2,1986MM04,75.3
15942,A6,314000,15942,2.8,0.0,1986MM05,75.3
15943,A6,314000,15943,3.1,0.1,1986MM06,75.4
15944,A6,314000,15944,3.5,0.5,1986MM07,75.7
15945,A6,314000,15945,3.6,2.5,1986MM08,77.6
15946,A6,314000,15946,3.1,-0.3,1986MM09,77.4
15947,A6,314000,15947,3.1,0.0,1986MM10,77.4
15948,A6,314000,15948,3.2,0.1,1986MM11,77.5
15949,A6,314000,15949,3.1,-0.1,1986MM12,77.4
15951,A6,314000,15951,2.8,-0.3,1987MM01,77.2
15952,A6,314000,15952,2.4,0.1,1987MM02,77.3
15953,A6,314000,15953,2.4,0.0,1987MM03,77.3
15954,A6,314000,15954,3.2,0.6,1987MM04,77.7
15955,A6,314000,15955,3.2,0.0,1987MM05,77.7
15956,A6,314000,15956,3.1,0.0,1987MM06,77.7
15957,A6,314000,15957,3.2,0.5,1987MM07,78.1
15958,A6,314000,15958,-0.2,-0.8,1987MM08,77.5
15959,A6,314000,15959,0.1,0.0,1987MM09,77.5
15960,A6,314000,15960,0.3,0.3,1987MM10,77.7
15961,A6,314000,15961,0.2,-0.1,1987MM11,77.6
15962,A6,314000,15962,0.4,0.2,1987MM12,77.8
15964,A6,314000,15964,0.4,-0.3,1988MM01,77.5
15965,A6,314000,15965,0.0,-0.3,1988MM02,77.3
15966,A6,314000,15966,0.1,0.1,1988MM03,77.4
15967,A6,314000,15967,-0.7,-0.3,1988MM04,77.2
15968,A6,314000,15968,-0.7,0.0,1988MM05,77.2
15969,A6,314000,15969,-0.6,0.0,1988MM06,77.3
15970,A6,314000,15970,-0.1,1.0,1988MM07,78.1
15971,A6,314000,15971,1.6,0.8,1988MM08,78.7
15972,A6,314000,15972,1.7,0.1,1988MM09,78.8
15973,A6,314000,15973,1.1,-0.3,1988MM10,78.5
15974,A6,314000,15974,1.2,0.0,1988MM11,78.5
15975,A6,314000,15975,1.5,0.5,1988MM12,78.9
15977,A6,314000,15977,1.5,-0.3,1989MM01,78.7
15978,A6,314000,15978,2.4,0.6,1989MM02,79.2
15979,A6,314000,15979,2.4,0.1,1989MM03,79.2
15980,A6,314000,15980,2.5,-0.1,1989MM04,79.1
15981,A6,314000,15981,2.4,0.0,1989MM05,79.1
15982,A6,314000,15982,2.5,0.1,1989MM06,79.1
15983,A6,314000,15983,1.7,0.3,1989MM07,79.4
15984,A6,314000,15984,2.5,1.6,1989MM08,80.7
15985,A6,314000,15985,2.5,0.2,1989MM09,80.8
15986,A6,314000,15986,2.8,-0.1,1989MM10,80.7
15987,A6,314000,15987,2.7,-0.1,1989MM11,80.6
15988,A6,314000,15988,2.0,-0.2,1989MM12,80.5
15990,A6,314000,15990,2.8,0.5,1990MM01,80.9
15991,A6,314000,15991,2.0,-0.1,1990MM02,80.8
15992,A6,314000,15992,1.9,0.0,1990MM03,80.8
15993,A6,314000,15993,2.2,0.2,1990MM04,80.9
15994,A6,314000,15994,2.2,-0.1,1990MM05,80.8
15995,A6,314000,15995,3.2,1.1,1990MM06,81.7
15996,A6,314000,15996,1.6,-1.3,1990MM07,80.7
15997,A6,314000,15997,1.3,1.3,1990MM08,81.7
15998,A6,314000,15998,1.1,0.0,1990MM09,81.7
15999,A6,314000,15999,1.1,0.0,1990MM10,81.7
16000,A6,314000,16000,1.3,0.1,1990MM11,81.7
16001,A6,314000,16001,1.6,0.1,1990MM12,81.8
16003,A6,314000,16003,1.3,0.1,1991MM01,81.9
16004,A6,314000,16004,1.6,0.2,1991MM02,82.1
16005,A6,314000,16005,1.5,-0.1,1991MM03,82.0
16006,A6,314000,16006,1.3,0.0,1991MM04,81.9
16007,A6,314000,16007,1.3,-0.1,1991MM05,81.9
16008,A6,314000,16008,1.6,1.4,1991MM06,83.0
16009,A6,314000,16009,3.6,0.7,1991MM07,83.6
16010,A6,314000,16010,2.3,0.0,1991MM08,83.5
16011,A6,314000,16011,2.5,0.2,1991MM09,83.7
16012,A6,314000,16012,2.5,0.0,1991MM10,83.7
16013,A6,314000,16013,1.9,-0.6,1991MM11,83.2
16014,A6,314000,16014,2.9,1.1,1991MM12,84.2
16016,A6,314000,16016,2.9,0.2,1992MM01,84.3
16017,A6,314000,16017,2.5,-0.2,1992MM02,84.1
16018,A6,314000,16018,2.6,0.0,1992MM03,84.1
16019,A6,314000,16019,2.7,0.0,1992MM04,84.1
16020,A6,314000,16020,2.8,0.1,1992MM05,84.2
16021,A6,314000,16021,1.4,0.0,1992MM06,84.2
16022,A6,314000,16022,1.9,1.2,1992MM07,85.2
16023,A6,314000,16023,2.5,0.5,1992MM08,85.6
16024,A6,314000,16024,2.2,0.0,1992MM09,85.6
16025,A6,314000,16025,2.2,-0.1,1992MM10,85.5
16026,A6,314000,16026,2.9,0.1,1992MM11,85.6
16027,A6,314000,16027,2.1,0.3,1992MM12,85.9
16029,A6,314000,16029,2.4,0.5,1993MM01,86.3
16030,A6,314000,16030,3.1,0.4,1993MM02,86.7
16031,A6,314000,16031,2.9,-0.2,1993MM03,86.6
16032,A6,314000,16032,2.8,-0.1,1993MM04,86.5
16033,A6,314000,16033,2.8,0.0,1993MM05,86.5
16034,A6,314000,16034,2.7,0.0,1993MM06,86.5
16035,A6,314000,16035,2.3,0.8,1993MM07,87.1
16036,A6,314000,16036,2.6,0.9,1993MM08,87.9
16037,A6,314000,16037,2.2,-0.5,1993MM09,87.5
16038,A6,314000,16038,2.3,0.1,1993MM10,87.5
16039,A6,314000,16039,1.8,-0.4,1993MM11,87.2
16040,A6,314000,16040,1.6,0.1,1993MM12,87.3
16042,A6,314000,16042,0.5,-0.5,1994MM01,86.8
16043,A6,314000,16043,0.1,0.0,1994MM02,86.8
16044,A6,314000,16044,0.1,-0.2,1994MM03,86.6
16045,A6,314000,16045,0.2,0.1,1994MM04,86.7
16046,A6,314000,16046,0.2,0.0,1994MM05,86.7
16047,A6,314000,16047,-0.5,-0.7,1994MM06,86.1
16048,A6,314000,16048,-1.0,0.2,1994MM07,86.3
16049,A6,314000,16049,-1.6,0.2,1994MM08,86.5
16050,A6,314000,16050,-1.0,0.2,1994MM09,86.7
16051,A6,314000,16051,-0.9,0.1,1994MM10,86.8
16052,A6,314000,16052,-0.1,0.3,1994MM11,87.1
16053,A6,314000,16053,1.3,1.5,1994MM12,88.4
16055,A6,314000,16055,2.8,1.0,1995MM01,89.3
16056,A6,314000,16056,2.9,0.0,1995MM02,89.3
16057,A6,314000,16057,3.2,0.2,1995MM03,89.5
16058,A6,314000,16058,3.4,0.2,1995MM04,89.6
16059,A6,314000,16059,3.2,-0.1,1995MM05,89.5
16060,A6,314000,16060,4.2,0.2,1995MM06,89.7
16061,A6,314000,16061,2.7,-1.3,1995MM07,88.6
16062,A6,314000,16062,2.7,0.3,1995MM08,88.8
16063,A6,314000,16063,2.0,-0.4,1995MM09,88.4
16064,A6,314000,16064,1.7,-0.1,1995MM10,88.3
16065,A6,314000,16065,1.4,-0.1,1995MM11,88.2
16066,A6,314000,16066,-2.2,-2.1,1995MM12,86.4
16068,A6,314000,16068,-2.6,0.7,1996MM01,87.0
16069,A6,314000,16069,-3.1,-0.5,1996MM02,86.5
16070,A6,314000,16070,-3.4,-0.1,1996MM03,86.4
16071,A6,314000,16071,-3.3,0.3,1996MM04,86.7
16072,A6,314000,16072,-3.2,0.0,1996MM05,86.6
16073,A6,314000,16073,-3.5,-0.1,1996MM06,86.6
16074,A6,314000,16074,-3.9,-1.6,1996MM07,85.1
16075,A6,314000,16075,-4.0,0.2,1996MM08,85.3
16076,A6,314000,16076,-3.7,-0.1,1996MM09,85.2
16077,A6,314000,16077,-3.3,0.2,1996MM10,85.4
16078,A6,314000,16078,-3.2,0.1,1996MM11,85.5
16079,A6,314000,16079,-3.8,-2.8,1996MM12,83.1
16081,A6,314000,16081,-3.8,0.7,1997MM01,83.7
16082,A6,314000,16082,-3.0,0.3,1997MM02,83.9
16083,A6,314000,16083,-3.0,-0.1,1997MM03,83.9
16084,A6,314000,16084,-3.1,0.1,1997MM04,83.9
16085,A6,314000,16085,-3.1,0.0,1997MM05,84.0
16086,A6,314000,16086,-2.9,0.1,1997MM06,84.1
16087,A6,314000,16087,0.2,1.4,1997MM07,85.3
16088,A6,314000,16088,0.6,0.7,1997MM08,85.9
16089,A6,314000,16089,0.9,0.1,1997MM09,85.9
16090,A6,314000,16090,0.8,0.1,1997MM10,86.0
16091,A6,314000,16091,0.7,0.1,1997MM11,86.1
16092,A6,314000,16092,6.6,2.9,1997MM12,88.6
16094,A6,314000,16094,6.8,0.9,1998MM01,89.3
16095,A6,314000,16095,6.5,0.0,1998MM02,89.3
16096,A6,314000,16096,7.1,0.5,1998MM03,89.8
16097,A6,314000,16097,6.9,-0.1,1998MM04,89.8
16098,A6,314000,16098,6.7,-0.2,1998MM05,89.6
16099,A6,314000,16099,6.7,0.2,1998MM06,89.7
16100,A6,314000,16100,6.9,1.5,1998MM07,91.1
16101,A6,314000,16101,5.8,-0.3,1998MM08,90.8
16102,A6,314000,16102,5.6,-0.1,1998MM09,90.7
16103,A6,314000,16103,5.4,-0.1,1998MM10,90.6
16104,A6,314000,16104,5.4,0.1,1998MM11,90.7
16105,A6,314000,16105,2.4,0.0,1998MM12,90.7
16107,A6,314000,16107,2.0,0.5,1999MM01,91.1
16108,A6,314000,16108,2.1,0.2,1999MM02,91.3
16109,A6,314000,16109,1.9,0.3,1999MM03,91.5
16110,A6,314000,16110,2.0,0.0,1999MM04,91.6
16111,A6,314000,16111,2.2,-0.1,1999MM05,91.5
16112,A6,314000,16112,2.3,0.3,1999MM06,91.8
16113,A6,314000,16113,1.3,0.6,1999MM07,92.3
16114,A6,314000,16114,1.5,-0.2,1999MM08,92.2
16115,A6,314000,16115,1.7,0.1,1999MM09,92.3
16116,A6,314000,16116,1.7,-0.1,1999MM10,92.2
16117,A6,314000,16117,1.4,-0.2,1999MM11,92.0
16118,A6,314000,16118,1.7,0.2,1999MM12,92.2
16120,A6,314000,16120,0.8,-0.4,2000MM01,91.8
16121,A6,314000,16121,0.7,0.1,2000MM02,91.9
16122,A6,314000,16122,0.3,-0.1,2000MM03,91.8
16123,A6,314000,16123,0.3,0.1,2000MM04,91.9
16124,A6,314000,16124,0.8,0.4,2000MM05,92.2
16125,A6,314000,16125,0.5,0.0,2000MM06,92.3
16126,A6,314000,16126,-0.4,-0.3,2000MM07,92.0
16127,A6,314000,16127,-0.3,-0.1,2000MM08,91.9
16128,A6,314000,16128,-0.4,0.1,2000MM09,91.9
16129,A6,314000,16129,-0.1,0.2,2000MM10,92.1
16130,A6,314000,16130,0.1,0.1,2000MM11,92.1
16131,A6,314000,16131,-0.4,-0.4,2000MM12,91.8
16133,A6,314000,16133,0.9,0.9,2001MM01,92.7
16134,A6,314000,16134,1.0,0.1,2001MM02,92.8
16135,A6,314000,16135,1.2,0.1,2001MM03,92.9
16136,A6,314000,16136,1.2,0.1,2001MM04,93.0
16137,A6,314000,16137,0.9,0.1,2001MM05,93.0
16138,A6,314000,16138,1.3,0.5,2001MM06,93.5
16139,A6,314000,16139,1.1,-0.5,2001MM07,93.0
16140,A6,314000,16140,0.9,-0.3,2001MM08,92.7
16141,A6,314000,16141,0.4,-0.5,2001MM09,92.3
16142,A6,314000,16142,0.4,0.2,2001MM10,92.4
16143,A6,314000,16143,0.6,0.3,2001MM11,92.7
16144,A6,314000,16144,1.1,0.1,2001MM12,92.8
16146,A6,314000,16146,1.8,1.6,2002MM01,94.3
16147,A6,314000,16147,1.7,0.1,2002MM02,94.4
16148,A6,314000,16148,1.6,0.0,2002MM03,94.4
16149,A6,314000,16149,1.4,-0.2,2002MM04,94.2
16150,A6,314000,16150,1.5,0.2,2002MM05,94.4
16151,A6,314000,16151,1.2,0.2,2002MM06,94.6
16152,A6,314000,16152,1.9,0.2,2002MM07,94.8
16153,A6,314000,16153,1.9,-0.3,2002MM08,94.5
16154,A6,314000,16154,2.6,0.2,2002MM09,94.6
16155,A6,314000,16155,2.5,0.1,2002MM10,94.7
16156,A6,314000,16156,2.0,-0.1,2002MM11,94.6
16157,A6,314000,16157,2.5,0.5,2002MM12,95.1
16159,A6,314000,16159,0.5,-0.3,2003MM01,94.9
16160,A6,314000,16160,0.8,0.3,2003MM02,95.1
16161,A6,314000,16161,0.9,0.1,2003MM03,95.2
16162,A6,314000,16162,1.7,0.7,2003MM04,95.9
16163,A6,314000,16163,0.9,-0.7,2003MM05,95.2
16164,A6,314000,16164,0.1,-0.6,2003MM06,94.7
16165,A6,314000,16165,-0.9,-0.8,2003MM07,93.9
16166,A6,314000,16166,0.0,0.5,2003MM08,94.4
16167,A6,314000,16167,0.9,1.1,2003MM09,95.5
16168,A6,314000,16168,0.4,-0.4,2003MM10,95.1
16169,A6,314000,16169,-0.2,-0.7,2003MM11,94.4
16170,A6,314000,16170,-0.8,0.0,2003MM12,94.4
16172,A6,314000,16172,-0.4,0.1,2004MM01,94.5
16173,A6,314000,16173,-0.5,0.2,2004MM02,94.7
16174,A6,314000,16174,-0.7,-0.2,2004MM03,94.5
16175,A6,314000,16175,-1.0,0.4,2004MM04,94.9
16176,A6,314000,16176,-0.8,-0.5,2004MM05,94.4
16177,A6,314000,16177,-0.8,-0.5,2004MM06,93.9
16178,A6,314000,16178,0.3,0.4,2004MM07,94.2
16179,A6,314000,16179,-0.2,0.0,2004MM08,94.3
16180,A6,314000,16180,-1.2,0.0,2004MM09,94.3
16181,A6,314000,16181,-0.4,0.4,2004MM10,94.7
16182,A6,314000,16182,0.5,0.2,2004MM11,94.9
16183,A6,314000,16183,0.6,0.0,2004MM12,94.9
16185,A6,314000,16185,0.746153846154,0.0,2005MM01,95.3
16186,A6,314000,16186,0.892307692308,0.0,2005MM02,95.3
16187,A6,314000,16187,1.03846153846,0.2,2005MM03,95.5
16188,A6,314000,16188,1.18461538462,0.1,2005MM04,95.5
16189,A6,314000,16189,1.33076923077,0.0,2005MM05,95.5
16190,A6,314000,16190,1.47692307692,1.1,2005MM06,96.6
16191,A6,314000,16191,1.62307692308,0.1,2005MM07,96.7
16192,A6,314000,16192,1.76923076923,0.0,2005MM08,96.7
16193,A6,314000,16193,1.91538461538,0.3,2005MM09,96.9
16194,A6,314000,16194,2.06153846154,0.1,2005MM10,97.0
16195,A6,314000,16195,2.20769230769,-0.2,2005MM11,96.8
16196,A6,314000,16196,2.35384615385,-0.1,2005MM12,96.7
16198,A6,314000,16198,2.5,1.0,2006MM01,97.7
16199,A6,314000,16199,2.7,0.2,2006MM02,97.9
16200,A6,314000,16200,2.5,0.0,2006MM03,97.9
16201,A6,314000,16201,2.5,0.1,2006MM04,97.9
16202,A6,314000,16202,2.5,0.0,2006MM05,97.9
16203,A6,314000,16203,1.4,0.0,2006MM06,97.9
16204,A6,314000,16204,1.2,0.0,2006MM07,97.9
16205,A6,314000,16205,1.4,0.2,2006MM08,98.0
16206,A6,314000,16206,1.2,0.0,2006MM09,98.1
16207,A6,314000,16207,1.2,0.0,2006MM10,98.1
16208,A6,314000,16208,1.4,0.0,2006MM11,98.1
16209,A6,314000,16209,1.5,0.0,2006MM12,98.1
16211,A6,314000,16211,0.2,-0.3,2007MM01,97.8
16212,A6,314000,16212,-0.1,-0.1,2007MM02,97.8
16213,A6,314000,16213,-0.1,0.0,2007MM03,97.8
16214,A6,314000,16214,0.1,0.2,2007MM04,98.0
16215,A6,314000,16215,0.1,0.0,2007MM05,98.0
16216,A6,314000,16216,0.1,0.0,2007MM06,98.0
16217,A6,314000,16217,0.0,-0.2,2007MM07,97.9
16218,A6,314000,16218,-0.5,-0.3,2007MM08,97.5
16219,A6,314000,16219,-0.5,0.0,2007MM09,97.6
16220,A6,314000,16220,-0.5,0.1,2007MM10,97.7
16221,A6,314000,16221,-0.5,0.0,2007MM11,97.7
16222,A6,314000,16222,-0.5,0.0,2007MM12,97.7
16224,A6,314000,16224,1.4,1.6,2008MM01,99.2
16225,A6,314000,16225,1.1,-0.4,2008MM02,98.8
16226,A6,314000,16226,1.1,0.0,2008MM03,98.8
16227,A6,314000,16227,0.9,0.1,2008MM04,98.9
16228,A6,314000,16228,1.0,0.0,2008MM05,98.9
16229,A6,314000,16229,0.9,0.0,2008MM06,98.9
16230,A6,314000,16230,1.1,0.0,2008MM07,98.9
16231,A6,314000,16231,1.4,0.0,2008MM08,98.9
16232,A6,314000,16232,1.4,0.0,2008MM09,98.9
16233,A6,314000,16233,1.5,0.2,2008MM10,99.1
16234,A6,314000,16234,1.5,0.0,2008MM11,99.1
16235,A6,314000,16235,1.4,-0.1,2008MM12,99.0
16237,A6,314000,16237,0.5,0.7,2009MM01,99.7
16238,A6,314000,16238,0.9,0.0,2009MM02,99.8
16239,A6,314000,16239,0.9,0.0,2009MM03,99.7
16240,A6,314000,16240,0.6,-0.2,2009MM04,99.5
16241,A6,314000,16241,0.6,0.0,2009MM05,99.5
16242,A6,314000,16242,0.5,0.0,2009MM06,99.4
16243,A6,314000,16243,0.8,0.2,2009MM07,99.7
16244,A6,314000,16244,0.8,0.0,2009MM08,99.7
16245,A6,314000,16245,0.8,0.0,2009MM09,99.7
16246,A6,314000,16246,1.2,0.6,2009MM10,100.3
16247,A6,314000,16247,1.2,0.0,2009MM11,100.3
16248,A6,314000,16248,1.3,0.0,2009MM12,100.3
16250,A6,314000,16250,0.8,0.3,2010MM01,100.5
16251,A6,314000,16251,0.6,-0.2,2010MM02,100.3
16252,A6,314000,16252,0.7,0.0,2010MM03,100.4
16253,A6,314000,16253,0.0,-0.9,2010MM04,99.5
16254,A6,314000,16254,0.0,0.0,2010MM05,99.5
16255,A6,314000,16255,0.1,0.0,2010MM06,99.5
16256,A6,314000,16256,0.3,0.4,2010MM07,99.9
16257,A6,314000,16257,0.3,0.0,2010MM08,100.0
16258,A6,314000,16258,0.3,0.0,2010MM09,100.0
16259,A6,314000,16259,-0.2,0.2,2010MM10,100.1
16260,A6,314000,16260,-0.1,0.0,2010MM11,100.1
16261,A6,314000,16261,-0.2,0.0,2010MM12,100.1
16263,A6,314000,16263,0.6,1.0,2011MM01,101.1
16264,A6,314000,16264,0.9,0.1,2011MM02,101.2
16265,A6,314000,16265,0.9,0.0,2011MM03,101.2
16266,A6,314000,16266,2.5,0.7,2011MM04,102.0
16267,A6,314000,16267,2.5,0.0,2011MM05,102.0
16268,A6,314000,16268,2.5,0.0,2011MM06,102.0
16269,A6,314000,16269,3.1,1.0,2011MM07,103.0
16270,A6,314000,16270,3.0,0.0,2011MM08,103.0
16271,A6,314000,16271,3.0,0.0,2011MM09,103.0
16272,A6,314000,16272,2.8,-0.1,2011MM10,102.9
16273,A6,314000,16273,2.7,0.0,2011MM11,102.8
16274,A6,314000,16274,2.7,0.0,2011MM12,102.9
16276,A6,314000,16276,1.9,0.2,2012MM01,103.1
16277,A6,314000,16277,1.9,0.1,2012MM02,103.2
16278,A6,314000,16278,1.9,0.0,2012MM03,103.2
16279,A6,314000,16279,1.2,0.0,2012MM04,103.2
16280,A6,314000,16280,1.2,0.0,2012MM05,103.2
16281,A6,314000,16281,1.2,0.0,2012MM06,103.2
16282,A6,314000,16282,0.4,0.2,2012MM07,103.4
16283,A6,314000,16283,0.4,0.0,2012MM08,103.4
16284,A6,314000,16284,0.4,0.0,2012MM09,103.4
16285,A6,314000,16285,0.8,0.3,2012MM10,103.7
16286,A6,314000,16286,0.9,0.0,2012MM11,103.7
16287,A6,314000,16287,0.9,0.0,2012MM12,103.7
16289,A6,314000,16289,0.9,0.2,2013MM01,104.0
16290,A6,314000,16290,0.8,0.0,2013MM02,104.0
16291,A6,314000,16291,0.8,0.0,2013MM03,104.0
16292,A6,314000,16292,0.9,0.0,2013MM04,104.1
16293,A6,314000,16293,0.9,0.0,2013MM05,104.1
16294,A6,314000,16294,0.8,0.0,2013MM06,104.1
16295,A6,314000,16295,0.9,0.3,2013MM07,104.4
16296,A6,314000,16296,1.0,0.1,2013MM08,104.5
16297,A6,314000,16297,1.1,0.0,2013MM09,104.5
16298,A6,314000,16298,1.1,0.3,2013MM10,104.8
16299,A6,314000,16299,1.1,0.0,2013MM11,104.8
16300,A6,314000,16300,1.1,0.0,2013MM12,104.8
16302,A6,314000,16302,1.4,0.6,2014MM01,105.4
16303,A6,314000,16303,1.4,0.0,2014MM02,105.5
16304,A6,314000,16304,1.4,0.0,2014MM03,105.4
16305,A6,314000,16305,1.7,0.3,2014MM04,105.8
16306,A6,314000,16306,1.7,0.0,2014MM05,105.8
16307,A6,314000,16307,1.7,0.0,2014MM06,105.8
16308,A6,314000,16308,1.5,0.2,2014MM07,106.0
16309,A6,314000,16309,0.8,-0.6,2014MM08,105.3
16310,A6,314000,16310,0.8,0.0,2014MM09,105.3
16311,A6,314000,16311,0.8,0.3,2014MM10,105.6
16312,A6,314000,16312,0.8,0.0,2014MM11,105.6
16313,A6,314000,16313,0.8,0.0,2014MM12,105.6
16315,A6,314000,16315,0.0,-0.2,2015MM01,105.5
16316,A6,314000,16316,0.1,0.0,2015MM02,105.5
16317,A6,314000,16317,0.1,0.0,2015MM03,105.6
16318,A6,314000,16318,0.2,0.4,2015MM04,106.0
16319,A6,314000,16319,0.2,0.0,2015MM05,106.0
16320,A6,314000,16320,0.2,0.0,2015MM06,106.0
16321,A6,314000,16321,4.6,4.6,2015MM07,110.9
16322,A6,314000,16322,5.6,0.4,2015MM08,111.3
16323,A6,314000,16323,5.6,0.0,2015MM09,111.3
16324,A6,314000,16324,5.6,0.2,2015MM10,111.5
16325,A6,314000,16325,5.5,0.0,2015MM11,111.5
16326,A6,314000,16326,5.5,0.0,2015MM12,111.5
16328,A6,314000,16328,6.1,0.4,2016MM01,111.9
16329,A6,314000,16329,6.1,0.0,2016MM02,111.9
16330,A6,314000,16330,6.0,0.0,2016MM03,111.9
16331,A6,314000,16331,5.6,0.0,2016MM04,111.9
16332,A6,314000,16332,5.6,0.0,2016MM05,111.9
16333,A6,314000,16333,5.6,0.0,2016MM06,111.9
16334,A6,314000,16334,1.0,0.1,2016MM07,112.0
16335,A6,314000,16335,0.7,0.0,2016MM08,112.0
16336,A6,314000,16336,0.6,0.0,2016MM09,112.0
16337,A6,314000,16337,0.2,-0.2,2016MM10,111.7
16338,A6,314000,16338,0.2,0.0,2016MM11,111.8
16339,A6,314000,16339,0.3,0.0,2016MM12,111.8
16341,A6,314000,16341,0.1,0.2,2017MM01,112.0
16342,A6,314000,16342,-0.2,-0.3,2017MM02,111.8
16343,A6,314000,16343,0.4,0.6,2017MM03,112.4
16344,A6,314000,16344,1.2,0.8,2017MM04,113.3
16345,A6,314000,16345,1.2,0.0,2017MM05,113.3
16346,A6,314000,16346,1.2,-0.1,2017MM06,113.2
16347,A6,314000,16347,1.3,0.2,2017MM07,113.5
16348,A6,314000,16348,1.7,0.3,2017MM08,113.9
16349,A6,314000,16349,1.7,0.0,2017MM09,113.9
16350,A6,314000,16350,2.4,0.4,2017MM10,114.4
16351,A6,314000,16351,2.3,0.0,2017MM11,114.4
16352,A6,314000,16352,2.3,0.0,2017MM12,114.3
