,Afzet,BedrijfstakkenBranchesSBI2008,ID,OntwikkelingTOV1JaarEerder_2,OntwikkelingTOV1MaandEerder_3,Perioden,ProducentenprijsindexPPI_1
80327,A5,314000,80327,2.17692307692,0.45,1981MM01,70.6
80328,A5,314000,80328,2.35384615385,0.9,1981MM02,71.3
80329,A5,314000,80329,2.53076923077,0.1,1981MM03,71.3
80330,A5,314000,80330,2.70769230769,0.3,1981MM04,71.6
80331,A5,314000,80331,2.88461538462,0.0,1981MM05,71.6
80332,A5,314000,80332,3.06153846154,0.0,1981MM06,71.6
80333,A5,314000,80333,3.23846153846,0.0,1981MM07,71.6
80334,A5,314000,80334,3.41538461538,2.7,1981MM08,73.5
80335,A5,314000,80335,3.59230769231,0.0,1981MM09,73.5
80336,A5,314000,80336,3.76923076923,0.2,1981MM10,73.6
80337,A5,314000,80337,3.94615384615,0.0,1981MM11,73.6
80338,A5,314000,80338,4.12307692308,0.1,1981MM12,73.7
80340,A5,314000,80340,4.3,0.0,1982MM01,73.7
80341,A5,314000,80341,6.5,3.0,1982MM02,75.9
80342,A5,314000,80342,6.2,-0.1,1982MM03,75.8
80343,A5,314000,80343,6.2,0.3,1982MM04,76.0
80344,A5,314000,80344,6.9,0.7,1982MM05,76.5
80345,A5,314000,80345,6.8,-0.1,1982MM06,76.4
80346,A5,314000,80346,7.0,0.1,1982MM07,76.6
80347,A5,314000,80347,6.0,1.7,1982MM08,77.9
80348,A5,314000,80348,6.0,0.0,1982MM09,77.9
80349,A5,314000,80349,5.7,0.0,1982MM10,77.8
80350,A5,314000,80350,5.7,0.0,1982MM11,77.9
80351,A5,314000,80351,5.8,0.1,1982MM12,77.9
80353,A5,314000,80353,5.3,-0.4,1983MM01,77.6
80354,A5,314000,80354,1.2,-1.1,1983MM02,76.7
80355,A5,314000,80355,1.4,0.1,1983MM03,76.8
80356,A5,314000,80356,1.1,0.1,1983MM04,76.9
80357,A5,314000,80357,-0.1,-0.6,1983MM05,76.4
80358,A5,314000,80358,0.0,0.0,1983MM06,76.4
80359,A5,314000,80359,-0.1,0.0,1983MM07,76.5
80360,A5,314000,80360,-1.8,0.1,1983MM08,76.5
80361,A5,314000,80361,-1.8,0.0,1983MM09,76.5
80362,A5,314000,80362,-1.7,0.0,1983MM10,76.5
80363,A5,314000,80363,-1.8,-0.1,1983MM11,76.5
80364,A5,314000,80364,-1.9,0.0,1983MM12,76.5
80366,A5,314000,80366,-0.6,0.8,1984MM01,77.1
80367,A5,314000,80367,-0.3,-0.8,1984MM02,76.5
80368,A5,314000,80368,-0.4,0.0,1984MM03,76.5
80369,A5,314000,80369,-0.3,0.2,1984MM04,76.7
80370,A5,314000,80370,0.7,0.4,1984MM05,77.0
80371,A5,314000,80371,0.7,0.0,1984MM06,77.0
80372,A5,314000,80372,0.8,0.1,1984MM07,77.1
80373,A5,314000,80373,2.5,1.8,1984MM08,78.4
80374,A5,314000,80374,2.8,0.2,1984MM09,78.6
80375,A5,314000,80375,2.9,0.2,1984MM10,78.7
80376,A5,314000,80376,3.4,0.4,1984MM11,79.0
80377,A5,314000,80377,3.6,0.2,1984MM12,79.2
80379,A5,314000,80379,4.0,1.3,1985MM01,80.2
80380,A5,314000,80380,3.3,-1.5,1985MM02,79.0
80381,A5,314000,80381,3.9,0.6,1985MM03,79.5
80382,A5,314000,80382,3.9,0.2,1985MM04,79.6
80383,A5,314000,80383,3.7,0.3,1985MM05,79.9
80384,A5,314000,80384,3.9,0.2,1985MM06,80.0
80385,A5,314000,80385,3.6,-0.2,1985MM07,79.9
80386,A5,314000,80386,2.0,0.2,1985MM08,80.0
80387,A5,314000,80387,4.5,2.7,1985MM09,82.1
80388,A5,314000,80388,4.6,0.3,1985MM10,82.4
80389,A5,314000,80389,4.3,0.1,1985MM11,82.4
80390,A5,314000,80390,4.0,0.0,1985MM12,82.4
80392,A5,314000,80392,2.6,-0.1,1986MM01,82.3
80393,A5,314000,80393,5.6,1.4,1986MM02,83.5
80394,A5,314000,80394,3.4,-1.6,1986MM03,82.2
80395,A5,314000,80395,3.7,0.5,1986MM04,82.5
80396,A5,314000,80396,3.3,-0.1,1986MM05,82.5
80397,A5,314000,80397,2.8,-0.3,1986MM06,82.2
80398,A5,314000,80398,2.9,0.0,1986MM07,82.2
80399,A5,314000,80399,2.8,0.0,1986MM08,82.2
80400,A5,314000,80400,0.7,0.6,1986MM09,82.7
80401,A5,314000,80401,3.1,2.6,1986MM10,84.9
80402,A5,314000,80402,2.7,-0.3,1986MM11,84.6
80403,A5,314000,80403,2.7,0.0,1986MM12,84.6
80405,A5,314000,80405,2.9,0.1,1987MM01,84.7
80406,A5,314000,80406,1.4,-0.1,1987MM02,84.7
80407,A5,314000,80407,3.4,0.3,1987MM03,84.9
80408,A5,314000,80408,2.2,-0.6,1987MM04,84.4
80409,A5,314000,80409,2.7,0.3,1987MM05,84.7
80410,A5,314000,80410,2.9,-0.1,1987MM06,84.6
80411,A5,314000,80411,3.7,0.8,1987MM07,85.2
80412,A5,314000,80412,3.7,0.0,1987MM08,85.2
80413,A5,314000,80413,3.0,-0.1,1987MM09,85.2
80414,A5,314000,80414,0.9,0.6,1987MM10,85.7
80415,A5,314000,80415,0.0,-1.3,1987MM11,84.6
80416,A5,314000,80416,0.0,0.0,1987MM12,84.7
80418,A5,314000,80418,0.2,0.3,1988MM01,84.9
80419,A5,314000,80419,0.2,-0.1,1988MM02,84.8
80420,A5,314000,80420,0.1,0.2,1988MM03,85.0
80421,A5,314000,80421,0.8,0.1,1988MM04,85.1
80422,A5,314000,80422,0.0,-0.5,1988MM05,84.7
80423,A5,314000,80423,-0.2,-0.3,1988MM06,84.5
80424,A5,314000,80424,-0.8,0.1,1988MM07,84.5
80425,A5,314000,80425,-1.1,-0.3,1988MM08,84.3
80426,A5,314000,80426,-1.1,0.0,1988MM09,84.3
80427,A5,314000,80427,-1.6,0.1,1988MM10,84.4
80428,A5,314000,80428,1.0,1.3,1988MM11,85.5
80429,A5,314000,80429,1.7,0.7,1988MM12,86.1
80431,A5,314000,80431,1.6,0.1,1989MM01,86.2
80432,A5,314000,80432,1.3,-0.4,1989MM02,85.9
80433,A5,314000,80433,1.1,0.0,1989MM03,85.9
80434,A5,314000,80434,1.6,0.6,1989MM04,86.4
80435,A5,314000,80435,3.3,1.3,1989MM05,87.5
80436,A5,314000,80436,1.9,-1.6,1989MM06,86.1
80437,A5,314000,80437,2.5,0.7,1989MM07,86.7
80438,A5,314000,80438,2.8,-0.1,1989MM08,86.6
80439,A5,314000,80439,2.5,-0.3,1989MM09,86.4
80440,A5,314000,80440,2.2,-0.2,1989MM10,86.2
80441,A5,314000,80441,0.8,-0.1,1989MM11,86.2
80442,A5,314000,80442,0.2,0.1,1989MM12,86.3
80444,A5,314000,80444,1.5,1.5,1990MM01,87.6
80445,A5,314000,80445,1.2,-0.8,1990MM02,86.9
80446,A5,314000,80446,1.0,-0.2,1990MM03,86.8
80447,A5,314000,80447,0.3,-0.1,1990MM04,86.7
80448,A5,314000,80448,-0.8,0.2,1990MM05,86.8
80449,A5,314000,80449,0.6,-0.2,1990MM06,86.6
80450,A5,314000,80450,1.4,1.5,1990MM07,87.9
80451,A5,314000,80451,-0.5,-2.0,1990MM08,86.2
80452,A5,314000,80452,0.8,1.0,1990MM09,87.1
80453,A5,314000,80453,1.0,0.0,1990MM10,87.1
80454,A5,314000,80454,1.0,-0.1,1990MM11,87.0
80455,A5,314000,80455,0.9,0.0,1990MM12,87.1
80457,A5,314000,80457,-0.4,0.2,1991MM01,87.2
80458,A5,314000,80458,2.1,1.7,1991MM02,88.7
80459,A5,314000,80459,0.9,-1.3,1991MM03,87.5
80460,A5,314000,80460,1.2,0.2,1991MM04,87.7
80461,A5,314000,80461,0.9,-0.2,1991MM05,87.6
80462,A5,314000,80462,1.0,-0.1,1991MM06,87.5
80463,A5,314000,80463,-0.7,-0.1,1991MM07,87.4
80464,A5,314000,80464,3.4,2.1,1991MM08,89.2
80465,A5,314000,80465,3.3,0.8,1991MM09,89.9
80466,A5,314000,80466,3.0,-0.2,1991MM10,89.7
80467,A5,314000,80467,3.3,0.2,1991MM11,89.9
80468,A5,314000,80468,3.2,-0.1,1991MM12,89.8
80470,A5,314000,80470,2.1,-0.8,1992MM01,89.1
80471,A5,314000,80471,2.1,1.6,1992MM02,90.5
80472,A5,314000,80472,3.9,0.5,1992MM03,91.0
80473,A5,314000,80473,3.0,-0.6,1992MM04,90.4
80474,A5,314000,80474,2.7,-0.5,1992MM05,89.9
80475,A5,314000,80475,2.9,0.1,1992MM06,90.0
80476,A5,314000,80476,3.0,0.0,1992MM07,90.0
80477,A5,314000,80477,1.0,0.1,1992MM08,90.1
80478,A5,314000,80478,0.3,0.1,1992MM09,90.1
80479,A5,314000,80479,1.9,1.4,1992MM10,91.4
80480,A5,314000,80480,2.4,0.7,1992MM11,92.1
80481,A5,314000,80481,2.4,-0.1,1992MM12,92.0
80483,A5,314000,80483,3.2,-0.1,1993MM01,91.9
80484,A5,314000,80484,1.7,0.2,1993MM02,92.1
80485,A5,314000,80485,1.6,0.3,1993MM03,92.4
80486,A5,314000,80486,4.3,2.0,1993MM04,94.2
80487,A5,314000,80487,3.5,-1.2,1993MM05,93.1
80488,A5,314000,80488,4.0,0.5,1993MM06,93.6
80489,A5,314000,80489,3.7,-0.3,1993MM07,93.3
80490,A5,314000,80490,3.3,-0.3,1993MM08,93.1
80491,A5,314000,80491,3.2,-0.1,1993MM09,93.0
80492,A5,314000,80492,1.6,-0.1,1993MM10,92.9
80493,A5,314000,80493,2.1,1.2,1993MM11,94.0
80494,A5,314000,80494,3.4,1.2,1993MM12,95.1
80496,A5,314000,80496,2.7,-0.8,1994MM01,94.4
80497,A5,314000,80497,2.5,0.0,1994MM02,94.4
80498,A5,314000,80498,1.7,-0.5,1994MM03,94.0
80499,A5,314000,80499,0.2,0.4,1994MM04,94.4
80500,A5,314000,80500,0.3,-1.1,1994MM05,93.4
80501,A5,314000,80501,0.5,0.8,1994MM06,94.1
80502,A5,314000,80502,1.1,0.2,1994MM07,94.3
80503,A5,314000,80503,1.5,0.1,1994MM08,94.4
80504,A5,314000,80504,2.0,0.4,1994MM09,94.8
80505,A5,314000,80505,2.4,0.3,1994MM10,95.1
80506,A5,314000,80506,0.5,-0.7,1994MM11,94.5
80507,A5,314000,80507,0.0,0.7,1994MM12,95.1
80509,A5,314000,80509,1.2,0.5,1995MM01,95.6
80510,A5,314000,80510,1.3,0.1,1995MM02,95.7
80511,A5,314000,80511,2.0,0.2,1995MM03,95.9
80512,A5,314000,80512,1.8,0.3,1995MM04,96.1
80513,A5,314000,80513,2.9,-0.1,1995MM05,96.0
80514,A5,314000,80514,2.5,0.4,1995MM06,96.4
80515,A5,314000,80515,0.8,-1.4,1995MM07,95.1
80516,A5,314000,80516,1.1,0.4,1995MM08,95.5
80517,A5,314000,80517,0.2,-0.5,1995MM09,95.0
80518,A5,314000,80518,-0.3,-0.2,1995MM10,94.8
80519,A5,314000,80519,0.3,-0.1,1995MM11,94.7
80520,A5,314000,80520,-2.9,-2.5,1995MM12,92.3
80522,A5,314000,80522,-2.6,0.8,1996MM01,93.1
80523,A5,314000,80523,-3.4,-0.6,1996MM02,92.5
80524,A5,314000,80524,-3.7,-0.1,1996MM03,92.3
80525,A5,314000,80525,-3.7,0.3,1996MM04,92.6
80526,A5,314000,80526,-3.6,0.0,1996MM05,92.6
80527,A5,314000,80527,-4.1,-0.1,1996MM06,92.4
80528,A5,314000,80528,-4.7,-2.0,1996MM07,90.6
80529,A5,314000,80529,-4.9,0.2,1996MM08,90.8
80530,A5,314000,80530,-4.6,-0.2,1996MM09,90.6
80531,A5,314000,80531,-4.2,0.3,1996MM10,90.9
80532,A5,314000,80532,-3.9,0.1,1996MM11,91.0
80533,A5,314000,80533,-4.7,-3.3,1996MM12,88.0
80535,A5,314000,80535,-4.7,0.8,1997MM01,88.7
80536,A5,314000,80536,-3.5,0.6,1997MM02,89.2
80537,A5,314000,80537,-3.4,-0.1,1997MM03,89.2
80538,A5,314000,80538,-3.6,0.1,1997MM04,89.2
80539,A5,314000,80539,-3.6,0.0,1997MM05,89.3
80540,A5,314000,80540,-3.3,0.2,1997MM06,89.4
80541,A5,314000,80541,0.5,1.8,1997MM07,91.1
80542,A5,314000,80542,1.0,0.7,1997MM08,91.7
80543,A5,314000,80543,1.4,0.2,1997MM09,91.9
80544,A5,314000,80544,1.2,0.0,1997MM10,91.9
80545,A5,314000,80545,1.1,0.1,1997MM11,92.0
80546,A5,314000,80546,8.4,3.7,1997MM12,95.4
80548,A5,314000,80548,8.5,0.9,1998MM01,96.2
80549,A5,314000,80549,7.6,-0.2,1998MM02,96.0
80550,A5,314000,80550,8.4,0.7,1998MM03,96.7
80551,A5,314000,80551,8.3,0.0,1998MM04,96.7
80552,A5,314000,80552,8.0,-0.2,1998MM05,96.4
80553,A5,314000,80553,8.0,0.2,1998MM06,96.6
80554,A5,314000,80554,7.4,1.3,1998MM07,97.8
80555,A5,314000,80555,6.2,-0.4,1998MM08,97.4
80556,A5,314000,80556,5.9,-0.1,1998MM09,97.3
80557,A5,314000,80557,5.7,-0.1,1998MM10,97.2
80558,A5,314000,80558,5.8,0.1,1998MM11,97.3
80559,A5,314000,80559,2.0,0.0,1998MM12,97.3
80561,A5,314000,80561,1.6,0.5,1999MM01,97.8
80562,A5,314000,80562,2.1,0.2,1999MM02,98.0
80563,A5,314000,80563,1.8,0.4,1999MM03,98.4
80564,A5,314000,80564,1.9,0.1,1999MM04,98.5
80565,A5,314000,80565,2.0,-0.1,1999MM05,98.4
80566,A5,314000,80566,2.2,0.4,1999MM06,98.7
80567,A5,314000,80567,1.6,0.7,1999MM07,99.4
80568,A5,314000,80568,1.8,-0.2,1999MM08,99.2
80569,A5,314000,80569,2.1,0.1,1999MM09,99.3
80570,A5,314000,80570,1.8,-0.3,1999MM10,99.0
80571,A5,314000,80571,1.4,-0.3,1999MM11,98.7
80572,A5,314000,80572,1.6,0.1,1999MM12,98.8
80574,A5,314000,80574,0.4,-0.6,2000MM01,98.2
80575,A5,314000,80575,0.3,0.1,2000MM02,98.3
80576,A5,314000,80576,-0.4,-0.3,2000MM03,98.0
80577,A5,314000,80577,-0.2,0.2,2000MM04,98.2
80578,A5,314000,80578,0.1,0.3,2000MM05,98.5
80579,A5,314000,80579,-0.1,0.1,2000MM06,98.6
80580,A5,314000,80580,-0.9,-0.1,2000MM07,98.5
80581,A5,314000,80581,0.0,0.7,2000MM08,99.2
80582,A5,314000,80582,-0.5,-0.3,2000MM09,98.9
80583,A5,314000,80583,0.2,0.3,2000MM10,99.2
80584,A5,314000,80584,0.3,-0.2,2000MM11,99.0
80585,A5,314000,80585,-0.6,-0.7,2000MM12,98.3
80587,A5,314000,80587,1.1,1.0,2001MM01,99.3
80588,A5,314000,80588,1.0,0.0,2001MM02,99.3
80589,A5,314000,80589,1.4,0.1,2001MM03,99.4
80590,A5,314000,80590,1.4,0.2,2001MM04,99.6
80591,A5,314000,80591,1.0,-0.1,2001MM05,99.5
80592,A5,314000,80592,1.2,0.3,2001MM06,99.8
80593,A5,314000,80593,0.3,-1.0,2001MM07,98.8
80594,A5,314000,80594,-0.9,-0.5,2001MM08,98.4
80595,A5,314000,80595,-1.3,-0.8,2001MM09,97.6
80596,A5,314000,80596,-1.6,0.1,2001MM10,97.6
80597,A5,314000,80597,-0.9,0.5,2001MM11,98.1
80598,A5,314000,80598,0.2,0.4,2001MM12,98.5
80600,A5,314000,80600,0.6,1.4,2002MM01,99.9
80601,A5,314000,80601,0.7,0.1,2002MM02,100.0
80602,A5,314000,80602,0.2,-0.3,2002MM03,99.6
80603,A5,314000,80603,0.4,0.4,2002MM04,100.0
80604,A5,314000,80604,0.6,0.1,2002MM05,100.1
80605,A5,314000,80605,0.3,0.0,2002MM06,100.1
80606,A5,314000,80606,1.2,-0.1,2002MM07,100.0
80607,A5,314000,80607,2.0,0.3,2002MM08,100.3
80608,A5,314000,80608,2.5,-0.3,2002MM09,100.0
80609,A5,314000,80609,2.7,0.3,2002MM10,100.3
80610,A5,314000,80610,2.1,-0.1,2002MM11,100.2
80611,A5,314000,80611,0.8,-0.9,2002MM12,99.3
80613,A5,314000,80613,0.9,1.6,2003MM01,100.8
80614,A5,314000,80614,1.0,0.1,2003MM02,100.9
80615,A5,314000,80615,1.4,0.1,2003MM03,101.1
80616,A5,314000,80616,1.0,0.0,2003MM04,101.0
80617,A5,314000,80617,1.0,0.0,2003MM05,101.1
80618,A5,314000,80618,-0.9,-1.8,2003MM06,99.2
80619,A5,314000,80619,-1.0,-0.2,2003MM07,99.0
80620,A5,314000,80620,-1.0,0.2,2003MM08,99.3
80621,A5,314000,80621,-0.6,0.2,2003MM09,99.5
80622,A5,314000,80622,-1.7,-0.9,2003MM10,98.6
80623,A5,314000,80623,-1.8,-0.2,2003MM11,98.4
80624,A5,314000,80624,-0.9,0.1,2003MM12,98.4
80626,A5,314000,80626,-2.3,0.1,2004MM01,98.5
80627,A5,314000,80627,-2.8,-0.4,2004MM02,98.1
80628,A5,314000,80628,-2.5,0.5,2004MM03,98.6
80629,A5,314000,80629,-2.7,-0.3,2004MM04,98.3
80630,A5,314000,80630,-3.0,-0.3,2004MM05,98.0
80631,A5,314000,80631,-2.0,-0.8,2004MM06,97.3
80632,A5,314000,80632,-0.9,0.9,2004MM07,98.1
80633,A5,314000,80633,-1.3,-0.1,2004MM08,98.0
80634,A5,314000,80634,-2.1,-0.6,2004MM09,97.4
80635,A5,314000,80635,-1.0,0.2,2004MM10,97.6
80636,A5,314000,80636,-0.8,0.0,2004MM11,97.6
80637,A5,314000,80637,-1.1,-0.3,2004MM12,97.3
80639,A5,314000,80639,-0.653846153846,-0.15,2005MM01,97.0
80640,A5,314000,80640,-0.207692307692,0.0,2005MM02,97.0
80641,A5,314000,80641,0.238461538462,0.7,2005MM03,97.7
80642,A5,314000,80642,0.684615384615,0.3,2005MM04,98.0
80643,A5,314000,80643,1.13076923077,0.0,2005MM05,98.0
80644,A5,314000,80644,1.57692307692,3.1,2005MM06,101.0
80645,A5,314000,80645,2.02307692308,0.6,2005MM07,101.6
80646,A5,314000,80646,2.46923076923,-0.1,2005MM08,101.5
80647,A5,314000,80647,2.91538461538,0.8,2005MM09,102.4
80648,A5,314000,80648,3.36153846154,0.0,2005MM10,102.4
80649,A5,314000,80649,3.80769230769,-0.8,2005MM11,101.5
80650,A5,314000,80650,4.25384615385,-0.3,2005MM12,101.3
80652,A5,314000,80652,4.7,0.3,2006MM01,101.5
80653,A5,314000,80653,5.3,0.5,2006MM02,102.1
80654,A5,314000,80654,4.5,0.0,2006MM03,102.1
80655,A5,314000,80655,4.2,0.0,2006MM04,102.1
80656,A5,314000,80656,4.2,0.0,2006MM05,102.1
80657,A5,314000,80657,1.1,0.0,2006MM06,102.1
80658,A5,314000,80658,0.0,-0.5,2006MM07,101.5
80659,A5,314000,80659,0.5,0.4,2006MM08,102.0
80660,A5,314000,80660,-0.3,0.0,2006MM09,102.0
80661,A5,314000,80661,-0.2,0.1,2006MM10,102.1
80662,A5,314000,80662,0.5,0.0,2006MM11,102.1
80663,A5,314000,80663,0.9,0.1,2006MM12,102.2
80665,A5,314000,80665,0.4,-0.2,2007MM01,101.9
80666,A5,314000,80666,-0.7,-0.5,2007MM02,101.4
80667,A5,314000,80667,-0.7,0.0,2007MM03,101.4
80668,A5,314000,80668,-0.7,0.0,2007MM04,101.4
80669,A5,314000,80669,-0.6,0.0,2007MM05,101.4
80670,A5,314000,80670,-0.6,0.0,2007MM06,101.4
80671,A5,314000,80671,-0.5,-0.4,2007MM07,101.0
80672,A5,314000,80672,-1.5,-0.6,2007MM08,100.5
80673,A5,314000,80673,-1.5,0.0,2007MM09,100.4
80674,A5,314000,80674,-1.5,0.2,2007MM10,100.6
80675,A5,314000,80675,-1.5,0.0,2007MM11,100.6
80676,A5,314000,80676,-1.5,0.0,2007MM12,100.6
80678,A5,314000,80678,-0.4,0.9,2008MM01,101.5
80679,A5,314000,80679,-1.1,-1.1,2008MM02,100.3
80680,A5,314000,80680,-1.1,0.0,2008MM03,100.3
80681,A5,314000,80681,-1.0,0.1,2008MM04,100.3
80682,A5,314000,80682,-1.0,0.1,2008MM05,100.4
80683,A5,314000,80683,-1.0,0.0,2008MM06,100.4
80684,A5,314000,80684,-1.4,-0.8,2008MM07,99.6
80685,A5,314000,80685,-0.8,0.0,2008MM08,99.7
80686,A5,314000,80686,-0.7,0.1,2008MM09,99.7
80687,A5,314000,80687,-0.5,0.4,2008MM10,100.1
80688,A5,314000,80688,-0.4,0.0,2008MM11,100.1
80689,A5,314000,80689,-0.5,-0.1,2008MM12,100.1
80691,A5,314000,80691,-1.0,0.4,2009MM01,100.5
80692,A5,314000,80692,0.2,0.0,2009MM02,100.5
80693,A5,314000,80693,0.2,-0.1,2009MM03,100.4
80694,A5,314000,80694,0.5,0.4,2009MM04,100.9
80695,A5,314000,80695,0.4,0.0,2009MM05,100.8
80696,A5,314000,80696,0.4,-0.1,2009MM06,100.8
80697,A5,314000,80697,1.4,0.2,2009MM07,101.0
80698,A5,314000,80698,1.3,0.0,2009MM08,101.0
80699,A5,314000,80699,1.2,0.0,2009MM09,101.0
80700,A5,314000,80700,1.2,0.4,2009MM10,101.3
80701,A5,314000,80701,1.2,0.0,2009MM11,101.3
80702,A5,314000,80702,1.3,0.0,2009MM12,101.4
80704,A5,314000,80704,0.5,-0.3,2010MM01,101.0
80705,A5,314000,80705,0.5,0.0,2010MM02,101.0
80706,A5,314000,80706,0.6,0.0,2010MM03,101.1
80707,A5,314000,80707,-2.1,-2.2,2010MM04,98.8
80708,A5,314000,80708,-1.9,0.1,2010MM05,98.9
80709,A5,314000,80709,-1.8,0.0,2010MM06,98.9
80710,A5,314000,80710,-1.0,1.0,2010MM07,99.9
80711,A5,314000,80711,-1.0,0.0,2010MM08,99.9
80712,A5,314000,80712,-1.0,0.0,2010MM09,99.9
80713,A5,314000,80713,-1.2,0.2,2010MM10,100.1
80714,A5,314000,80714,-1.2,0.0,2010MM11,100.1
80715,A5,314000,80715,-1.2,0.0,2010MM12,100.2
80717,A5,314000,80717,-0.3,0.5,2011MM01,100.7
80718,A5,314000,80718,-0.3,0.0,2011MM02,100.7
80719,A5,314000,80719,-0.4,0.0,2011MM03,100.7
80720,A5,314000,80720,1.4,-0.5,2011MM04,100.1
80721,A5,314000,80721,1.3,0.0,2011MM05,100.2
80722,A5,314000,80722,1.3,0.0,2011MM06,100.2
80723,A5,314000,80723,1.4,1.1,2011MM07,101.3
80724,A5,314000,80724,1.4,0.0,2011MM08,101.3
80725,A5,314000,80725,1.4,0.0,2011MM09,101.4
80726,A5,314000,80726,1.1,-0.1,2011MM10,101.3
80727,A5,314000,80727,1.1,0.0,2011MM11,101.3
80728,A5,314000,80728,1.1,0.0,2011MM12,101.3
80730,A5,314000,80730,0.6,0.1,2012MM01,101.3
80731,A5,314000,80731,0.6,0.0,2012MM02,101.3
80732,A5,314000,80732,0.6,0.0,2012MM03,101.3
80733,A5,314000,80733,2.0,0.8,2012MM04,102.1
80734,A5,314000,80734,2.0,0.0,2012MM05,102.2
80735,A5,314000,80735,2.0,0.0,2012MM06,102.2
80736,A5,314000,80736,1.5,0.7,2012MM07,102.9
80737,A5,314000,80737,1.5,0.0,2012MM08,102.9
80738,A5,314000,80738,1.5,0.0,2012MM09,102.8
80739,A5,314000,80739,1.4,-0.2,2012MM10,102.6
80740,A5,314000,80740,1.4,0.0,2012MM11,102.6
80741,A5,314000,80741,1.3,0.0,2012MM12,102.6
80743,A5,314000,80743,1.6,0.3,2013MM01,102.9
80744,A5,314000,80744,1.7,0.1,2013MM02,103.0
80745,A5,314000,80745,1.7,0.0,2013MM03,103.1
80746,A5,314000,80746,0.3,-0.6,2013MM04,102.5
80747,A5,314000,80747,0.3,0.0,2013MM05,102.5
80748,A5,314000,80748,0.3,0.0,2013MM06,102.5
80749,A5,314000,80749,0.0,0.4,2013MM07,102.9
80750,A5,314000,80750,0.0,0.0,2013MM08,102.9
80751,A5,314000,80751,0.1,0.0,2013MM09,102.9
80752,A5,314000,80752,0.2,-0.1,2013MM10,102.8
80753,A5,314000,80753,0.2,0.0,2013MM11,102.9
80754,A5,314000,80754,0.2,0.0,2013MM12,102.8
80756,A5,314000,80756,0.2,0.3,2014MM01,103.1
80757,A5,314000,80757,0.2,0.1,2014MM02,103.2
80758,A5,314000,80758,0.2,0.0,2014MM03,103.2
80759,A5,314000,80759,0.7,0.0,2014MM04,103.2
80760,A5,314000,80760,0.7,0.0,2014MM05,103.2
80761,A5,314000,80761,0.7,0.0,2014MM06,103.2
80762,A5,314000,80762,0.4,0.1,2014MM07,103.3
80763,A5,314000,80763,-0.6,-1.0,2014MM08,102.3
80764,A5,314000,80764,-0.5,0.0,2014MM09,102.3
80765,A5,314000,80765,-0.4,0.1,2014MM10,102.5
80766,A5,314000,80766,-0.4,0.0,2014MM11,102.5
80767,A5,314000,80767,-0.3,0.0,2014MM12,102.5
80769,A5,314000,80769,-0.7,-0.1,2015MM01,102.4
80770,A5,314000,80770,-0.6,0.2,2015MM02,102.6
80771,A5,314000,80771,-0.5,0.1,2015MM03,102.7
80772,A5,314000,80772,-0.7,-0.2,2015MM04,102.5
80773,A5,314000,80773,-0.8,0.0,2015MM05,102.4
80774,A5,314000,80774,-0.8,0.0,2015MM06,102.4
80775,A5,314000,80775,0.7,1.6,2015MM07,104.0
80776,A5,314000,80776,2.5,0.8,2015MM08,104.8
80777,A5,314000,80777,2.4,0.0,2015MM09,104.8
80778,A5,314000,80778,2.3,0.0,2015MM10,104.8
80779,A5,314000,80779,2.2,-0.1,2015MM11,104.8
80780,A5,314000,80780,2.2,0.0,2015MM12,104.7
80782,A5,314000,80782,1.7,-0.5,2016MM01,104.2
80783,A5,314000,80783,1.6,0.0,2016MM02,104.2
80784,A5,314000,80784,1.6,0.1,2016MM03,104.3
80785,A5,314000,80785,1.2,-0.6,2016MM04,103.7
80786,A5,314000,80786,1.3,0.0,2016MM05,103.7
80787,A5,314000,80787,1.3,0.0,2016MM06,103.7
80788,A5,314000,80788,-0.1,0.2,2016MM07,104.0
80789,A5,314000,80789,-1.0,-0.2,2016MM08,103.8
80790,A5,314000,80790,-1.0,0.0,2016MM09,103.8
80791,A5,314000,80791,-1.0,0.0,2016MM10,103.7
80792,A5,314000,80792,-0.9,0.0,2016MM11,103.8
80793,A5,314000,80793,-0.9,0.0,2016MM12,103.8
80795,A5,314000,80795,-1.1,-0.8,2017MM01,103.0
80796,A5,314000,80796,-1.2,0.0,2017MM02,103.0
80797,A5,314000,80797,0.8,2.1,2017MM03,105.2
80798,A5,314000,80798,1.6,0.2,2017MM04,105.4
80799,A5,314000,80799,1.6,0.0,2017MM05,105.4
80800,A5,314000,80800,1.5,0.0,2017MM06,105.3
80801,A5,314000,80801,1.9,0.6,2017MM07,106.0
80802,A5,314000,80802,4.3,2.1,2017MM08,108.2
80803,A5,314000,80803,4.3,0.0,2017MM09,108.2
80804,A5,314000,80804,3.4,-0.9,2017MM10,107.3
80805,A5,314000,80805,3.4,0.0,2017MM11,107.3
80806,A5,314000,80806,3.3,0.0,2017MM12,107.3
