,Afzet,BedrijfstakkenBranchesSBI2008,ID,OntwikkelingTOV1JaarEerder_2,OntwikkelingTOV1MaandEerder_3,Perioden,ProducentenprijsindexPPI_1
80808,A5,315200,80808,1.58461538462,0.55,1981MM01,63.2
80809,A5,315200,80809,1.86923076923,1.1,1981MM02,63.9
80810,A5,315200,80810,2.15384615385,0.3,1981MM03,64.1
80811,A5,315200,80811,2.43846153846,1.5,1981MM04,65.0
80812,A5,315200,80812,2.72307692308,0.0,1981MM05,65.0
80813,A5,315200,80813,3.00769230769,1.0,1981MM06,65.7
80814,A5,315200,80814,3.29230769231,-0.5,1981MM07,65.3
80815,A5,315200,80815,3.57692307692,-0.1,1981MM08,65.2
80816,A5,315200,80816,3.86153846154,0.4,1981MM09,65.5
80817,A5,315200,80817,4.14615384615,0.1,1981MM10,65.5
80818,A5,315200,80818,4.43076923077,-0.1,1981MM11,65.5
80819,A5,315200,80819,4.71538461538,0.0,1981MM12,65.5
80821,A5,315200,80821,5.0,1.3,1982MM01,66.3
80822,A5,315200,80822,4.5,0.7,1982MM02,66.8
80823,A5,315200,80823,4.2,0.0,1982MM03,66.8
80824,A5,315200,80824,3.5,0.8,1982MM04,67.3
80825,A5,315200,80825,3.4,-0.1,1982MM05,67.3
80826,A5,315200,80826,1.4,-1.0,1982MM06,66.6
80827,A5,315200,80827,1.9,0.0,1982MM07,66.6
80828,A5,315200,80828,2.7,0.6,1982MM08,67.0
80829,A5,315200,80829,2.0,-0.3,1982MM09,66.8
80830,A5,315200,80830,2.2,0.3,1982MM10,66.9
80831,A5,315200,80831,2.8,0.5,1982MM11,67.3
80832,A5,315200,80832,3.4,0.6,1982MM12,67.7
80834,A5,315200,80834,2.1,0.0,1983MM01,67.7
80835,A5,315200,80835,1.8,0.4,1983MM02,68.0
80836,A5,315200,80836,2.2,0.4,1983MM03,68.2
80837,A5,315200,80837,1.6,0.2,1983MM04,68.4
80838,A5,315200,80838,1.8,0.1,1983MM05,68.5
80839,A5,315200,80839,2.6,-0.2,1983MM06,68.3
80840,A5,315200,80840,2.8,0.2,1983MM07,68.4
80841,A5,315200,80841,3.1,0.9,1983MM08,69.1
80842,A5,315200,80842,4.2,0.8,1983MM09,69.6
80843,A5,315200,80843,5.1,1.1,1983MM10,70.4
80844,A5,315200,80844,6.7,2.0,1983MM11,71.8
80845,A5,315200,80845,7.2,1.0,1983MM12,72.5
80847,A5,315200,80847,8.1,0.9,1984MM01,73.2
80848,A5,315200,80848,11.2,3.2,1984MM02,75.5
80849,A5,315200,80849,12.4,1.6,1984MM03,76.7
80850,A5,315200,80850,11.0,-1.0,1984MM04,75.9
80851,A5,315200,80851,11.9,0.9,1984MM05,76.6
80852,A5,315200,80852,12.1,0.0,1984MM06,76.6
80853,A5,315200,80853,12.4,0.4,1984MM07,76.9
80854,A5,315200,80854,13.4,1.8,1984MM08,78.3
80855,A5,315200,80855,12.3,-0.2,1984MM09,78.1
80856,A5,315200,80856,10.3,-0.7,1984MM10,77.6
80857,A5,315200,80857,8.3,0.2,1984MM11,77.8
80858,A5,315200,80858,7.8,0.6,1984MM12,78.2
80860,A5,315200,80860,8.4,1.5,1985MM01,79.3
80861,A5,315200,80861,3.9,-1.1,1985MM02,78.5
80862,A5,315200,80862,3.0,0.7,1985MM03,79.0
80863,A5,315200,80863,4.6,0.5,1985MM04,79.4
80864,A5,315200,80864,3.6,0.0,1985MM05,79.4
80865,A5,315200,80865,3.6,0.0,1985MM06,79.3
80866,A5,315200,80866,3.5,0.3,1985MM07,79.6
80867,A5,315200,80867,1.6,0.0,1985MM08,79.6
80868,A5,315200,80868,2.5,0.7,1985MM09,80.1
80869,A5,315200,80869,3.1,-0.1,1985MM10,80.0
80870,A5,315200,80870,3.2,0.3,1985MM11,80.3
80871,A5,315200,80871,2.4,-0.3,1985MM12,80.1
80873,A5,315200,80873,1.1,0.3,1986MM01,80.3
80874,A5,315200,80874,2.1,-0.2,1986MM02,80.1
80875,A5,315200,80875,1.6,0.2,1986MM03,80.3
80876,A5,315200,80876,1.3,0.2,1986MM04,80.4
80877,A5,315200,80877,0.3,-1.0,1986MM05,79.6
80878,A5,315200,80878,0.9,0.6,1986MM06,80.1
80879,A5,315200,80879,0.6,0.0,1986MM07,80.1
80880,A5,315200,80880,0.2,-0.4,1986MM08,79.7
80881,A5,315200,80881,-1.2,-0.7,1986MM09,79.2
80882,A5,315200,80882,0.3,1.4,1986MM10,80.3
80883,A5,315200,80883,0.1,0.2,1986MM11,80.4
80884,A5,315200,80884,0.0,-0.4,1986MM12,80.1
80886,A5,315200,80886,0.1,0.4,1987MM01,80.4
80887,A5,315200,80887,0.1,-0.2,1987MM02,80.2
80888,A5,315200,80888,-0.9,-0.8,1987MM03,79.5
80889,A5,315200,80889,-0.4,0.8,1987MM04,80.2
80890,A5,315200,80890,-0.2,-0.9,1987MM05,79.5
80891,A5,315200,80891,-0.9,-0.2,1987MM06,79.3
80892,A5,315200,80892,-1.0,0.0,1987MM07,79.3
80893,A5,315200,80893,-0.6,0.0,1987MM08,79.3
80894,A5,315200,80894,0.2,0.0,1987MM09,79.3
80895,A5,315200,80895,-1.2,0.0,1987MM10,79.3
80896,A5,315200,80896,-1.1,0.2,1987MM11,79.5
80897,A5,315200,80897,-0.5,0.2,1987MM12,79.6
80899,A5,315200,80899,-0.6,0.3,1988MM01,79.9
80900,A5,315200,80900,-0.3,0.0,1988MM02,79.9
80901,A5,315200,80901,0.0,-0.5,1988MM03,79.5
80902,A5,315200,80902,0.6,1.4,1988MM04,80.6
80903,A5,315200,80903,0.2,-1.2,1988MM05,79.6
80904,A5,315200,80904,0.6,0.2,1988MM06,79.8
80905,A5,315200,80905,0.9,0.3,1988MM07,80.0
80906,A5,315200,80906,1.1,0.2,1988MM08,80.1
80907,A5,315200,80907,0.7,-0.4,1988MM09,79.8
80908,A5,315200,80908,1.1,0.4,1988MM10,80.1
80909,A5,315200,80909,0.9,0.1,1988MM11,80.2
80910,A5,315200,80910,2.2,1.5,1988MM12,81.4
80912,A5,315200,80912,1.8,-0.1,1989MM01,81.3
80913,A5,315200,80913,1.8,0.0,1989MM02,81.3
80914,A5,315200,80914,2.3,0.0,1989MM03,81.3
80915,A5,315200,80915,1.2,0.3,1989MM04,81.6
80916,A5,315200,80916,4.2,1.7,1989MM05,82.9
80917,A5,315200,80917,3.5,-0.5,1989MM06,82.6
80918,A5,315200,80918,3.3,0.1,1989MM07,82.7
80919,A5,315200,80919,3.2,0.1,1989MM08,82.7
80920,A5,315200,80920,3.9,0.3,1989MM09,82.9
80921,A5,315200,80921,3.2,-0.3,1989MM10,82.7
80922,A5,315200,80922,3.1,0.0,1989MM11,82.7
80923,A5,315200,80923,1.1,-0.4,1989MM12,82.3
80925,A5,315200,80925,3.0,1.7,1990MM01,83.8
80926,A5,315200,80926,3.3,0.3,1990MM02,84.0
80927,A5,315200,80927,3.3,-0.1,1990MM03,84.0
80928,A5,315200,80928,2.8,-0.2,1990MM04,83.8
80929,A5,315200,80929,1.2,0.1,1990MM05,83.9
80930,A5,315200,80930,1.8,0.1,1990MM06,84.0
80931,A5,315200,80931,1.3,-0.4,1990MM07,83.7
80932,A5,315200,80932,1.1,-0.1,1990MM08,83.6
80933,A5,315200,80933,2.0,1.1,1990MM09,84.5
80934,A5,315200,80934,2.1,-0.1,1990MM10,84.5
80935,A5,315200,80935,1.7,-0.5,1990MM11,84.1
80936,A5,315200,80936,2.1,0.0,1990MM12,84.0
80938,A5,315200,80938,-0.2,-0.5,1991MM01,83.6
80939,A5,315200,80939,0.1,0.7,1991MM02,84.1
80940,A5,315200,80940,-0.4,-0.6,1991MM03,83.6
80941,A5,315200,80941,-0.2,0.0,1991MM04,83.6
80942,A5,315200,80942,-1.0,-0.6,1991MM05,83.1
80943,A5,315200,80943,-0.9,0.2,1991MM06,83.3
80944,A5,315200,80944,-0.6,0.0,1991MM07,83.3
80945,A5,315200,80945,0.8,1.3,1991MM08,84.3
80946,A5,315200,80946,-1.0,-0.8,1991MM09,83.7
80947,A5,315200,80947,0.2,1.1,1991MM10,84.6
80948,A5,315200,80948,0.8,0.1,1991MM11,84.8
80949,A5,315200,80949,0.8,-0.1,1991MM12,84.7
80951,A5,315200,80951,1.5,0.2,1992MM01,84.9
80952,A5,315200,80952,1.1,0.2,1992MM02,85.1
80953,A5,315200,80953,2.2,0.4,1992MM03,85.4
80954,A5,315200,80954,2.4,0.2,1992MM04,85.6
80955,A5,315200,80955,2.8,-0.1,1992MM05,85.5
80956,A5,315200,80956,2.8,0.2,1992MM06,85.6
80957,A5,315200,80957,3.2,0.4,1992MM07,86.0
80958,A5,315200,80958,1.5,-0.4,1992MM08,85.6
80959,A5,315200,80959,2.0,-0.3,1992MM09,85.4
80960,A5,315200,80960,1.0,0.1,1992MM10,85.5
80961,A5,315200,80961,0.7,-0.1,1992MM11,85.4
80962,A5,315200,80962,0.6,-0.2,1992MM12,85.2
80964,A5,315200,80964,0.3,-0.1,1993MM01,85.1
80965,A5,315200,80965,0.2,0.1,1993MM02,85.2
80966,A5,315200,80966,-0.1,0.1,1993MM03,85.3
80967,A5,315200,80967,-2.0,-1.7,1993MM04,83.9
80968,A5,315200,80968,-1.7,0.2,1993MM05,84.0
80969,A5,315200,80969,-2.1,-0.2,1993MM06,83.8
80970,A5,315200,80970,-2.6,-0.1,1993MM07,83.7
80971,A5,315200,80971,-1.5,0.6,1993MM08,84.3
80972,A5,315200,80972,-2.0,-0.7,1993MM09,83.7
80973,A5,315200,80973,-2.1,0.0,1993MM10,83.7
80974,A5,315200,80974,-2.5,-0.5,1993MM11,83.2
80975,A5,315200,80975,-1.7,0.7,1993MM12,83.8
80977,A5,315200,80977,-1.6,0.0,1994MM01,83.8
80978,A5,315200,80978,-1.5,0.3,1994MM02,84.0
80979,A5,315200,80979,-1.5,0.1,1994MM03,84.0
80980,A5,315200,80980,0.1,0.0,1994MM04,84.0
80981,A5,315200,80981,1.4,1.4,1994MM05,85.2
80982,A5,315200,80982,1.2,-0.4,1994MM06,84.8
80983,A5,315200,80983,1.7,0.4,1994MM07,85.2
80984,A5,315200,80984,0.4,-0.7,1994MM08,84.6
80985,A5,315200,80985,1.2,0.1,1994MM09,84.7
80986,A5,315200,80986,1.5,0.2,1994MM10,84.9
80987,A5,315200,80987,2.2,0.2,1994MM11,85.1
80988,A5,315200,80988,1.7,0.2,1994MM12,85.2
80990,A5,315200,80990,1.9,0.2,1995MM01,85.4
80991,A5,315200,80991,1.9,0.2,1995MM02,85.5
80992,A5,315200,80992,1.6,-0.2,1995MM03,85.4
80993,A5,315200,80993,1.5,-0.1,1995MM04,85.3
80994,A5,315200,80994,0.0,-0.1,1995MM05,85.2
80995,A5,315200,80995,0.6,0.1,1995MM06,85.3
80996,A5,315200,80996,1.8,1.6,1995MM07,86.7
80997,A5,315200,80997,2.2,-0.3,1995MM08,86.4
80998,A5,315200,80998,1.9,-0.1,1995MM09,86.3
80999,A5,315200,80999,1.2,-0.5,1995MM10,85.9
81000,A5,315200,81000,1.2,0.2,1995MM11,86.1
81001,A5,315200,81001,1.0,-0.1,1995MM12,86.1
81003,A5,315200,81003,0.1,-0.7,1996MM01,85.5
81004,A5,315200,81004,-0.2,-0.1,1996MM02,85.4
81005,A5,315200,81005,0.0,0.0,1996MM03,85.4
81006,A5,315200,81006,2.9,2.8,1996MM04,87.7
81007,A5,315200,81007,3.1,0.1,1996MM05,87.9
81008,A5,315200,81008,3.0,0.0,1996MM06,87.9
81009,A5,315200,81009,1.6,0.2,1996MM07,88.0
81010,A5,315200,81010,2.0,0.2,1996MM08,88.2
81011,A5,315200,81011,2.2,0.0,1996MM09,88.2
81012,A5,315200,81012,1.8,-0.8,1996MM10,87.5
81013,A5,315200,81013,1.6,0.0,1996MM11,87.5
81014,A5,315200,81014,1.9,0.2,1996MM12,87.7
81016,A5,315200,81016,2.5,0.0,1997MM01,87.6
81017,A5,315200,81017,2.7,0.1,1997MM02,87.7
81018,A5,315200,81018,2.6,-0.1,1997MM03,87.6
81019,A5,315200,81019,-0.3,-0.2,1997MM04,87.5
81020,A5,315200,81020,-0.5,-0.1,1997MM05,87.4
81021,A5,315200,81021,-0.6,-0.1,1997MM06,87.3
81022,A5,315200,81022,-1.1,-0.3,1997MM07,87.1
81023,A5,315200,81023,-1.1,0.1,1997MM08,87.2
81024,A5,315200,81024,-0.9,0.2,1997MM09,87.4
81025,A5,315200,81025,0.0,0.0,1997MM10,87.5
81026,A5,315200,81026,0.1,0.2,1997MM11,87.6
81027,A5,315200,81027,-0.3,-0.2,1997MM12,87.5
81029,A5,315200,81029,1.1,1.3,1998MM01,88.6
81030,A5,315200,81030,1.0,0.0,1998MM02,88.6
81031,A5,315200,81031,1.3,0.2,1998MM03,88.8
81032,A5,315200,81032,2.1,0.6,1998MM04,89.3
81033,A5,315200,81033,2.1,-0.1,1998MM05,89.2
81034,A5,315200,81034,2.2,0.0,1998MM06,89.2
81035,A5,315200,81035,3.7,1.2,1998MM07,90.3
81036,A5,315200,81036,3.3,-0.2,1998MM08,90.1
81037,A5,315200,81037,3.1,0.1,1998MM09,90.2
81038,A5,315200,81038,3.4,0.3,1998MM10,90.4
81039,A5,315200,81039,3.0,-0.2,1998MM11,90.2
81040,A5,315200,81040,3.7,0.6,1998MM12,90.7
81042,A5,315200,81042,1.8,-0.6,1999MM01,90.2
81043,A5,315200,81043,1.7,-0.1,1999MM02,90.1
81044,A5,315200,81044,1.6,0.1,1999MM03,90.2
81045,A5,315200,81045,1.3,0.3,1999MM04,90.5
81046,A5,315200,81046,1.4,0.0,1999MM05,90.5
81047,A5,315200,81047,1.5,0.1,1999MM06,90.6
81048,A5,315200,81048,2.4,2.1,1999MM07,92.5
81049,A5,315200,81049,2.5,-0.1,1999MM08,92.4
81050,A5,315200,81050,2.2,-0.3,1999MM09,92.1
81051,A5,315200,81051,1.5,-0.3,1999MM10,91.8
81052,A5,315200,81052,2.0,0.3,1999MM11,92.1
81053,A5,315200,81053,0.7,-0.7,1999MM12,91.4
81055,A5,315200,81055,1.4,0.1,2000MM01,91.5
81056,A5,315200,81056,1.8,0.3,2000MM02,91.7
81057,A5,315200,81057,1.4,-0.3,2000MM03,91.5
81058,A5,315200,81058,1.6,0.5,2000MM04,91.9
81059,A5,315200,81059,1.7,0.1,2000MM05,92.0
81060,A5,315200,81060,1.6,0.0,2000MM06,92.0
81061,A5,315200,81061,1.1,1.6,2000MM07,93.5
81062,A5,315200,81062,1.5,0.3,2000MM08,93.8
81063,A5,315200,81063,1.9,0.0,2000MM09,93.8
81064,A5,315200,81064,2.6,0.3,2000MM10,94.1
81065,A5,315200,81065,2.1,-0.1,2000MM11,94.0
81066,A5,315200,81066,3.5,0.7,2000MM12,94.6
81068,A5,315200,81068,4.7,1.2,2001MM01,95.8
81069,A5,315200,81069,4.4,0.0,2001MM02,95.8
81070,A5,315200,81070,4.8,0.0,2001MM03,95.8
81071,A5,315200,81071,4.6,0.4,2001MM04,96.1
81072,A5,315200,81072,4.2,-0.2,2001MM05,95.9
81073,A5,315200,81073,4.6,0.4,2001MM06,96.3
81074,A5,315200,81074,3.3,0.3,2001MM07,96.6
81075,A5,315200,81075,2.9,0.0,2001MM08,96.5
81076,A5,315200,81076,2.5,-0.4,2001MM09,96.1
81077,A5,315200,81077,2.2,0.1,2001MM10,96.2
81078,A5,315200,81078,2.5,0.1,2001MM11,96.3
81079,A5,315200,81079,1.8,-0.1,2001MM12,96.3
81081,A5,315200,81081,-0.1,-0.6,2002MM01,95.7
81082,A5,315200,81082,-0.1,0.1,2002MM02,95.8
81083,A5,315200,81083,-0.3,-0.2,2002MM03,95.6
81084,A5,315200,81084,-0.2,0.4,2002MM04,95.9
81085,A5,315200,81085,0.0,0.0,2002MM05,95.9
81086,A5,315200,81086,-0.3,0.0,2002MM06,96.0
81087,A5,315200,81087,-0.3,0.3,2002MM07,96.2
81088,A5,315200,81088,-0.2,0.1,2002MM08,96.3
81089,A5,315200,81089,0.1,-0.1,2002MM09,96.2
81090,A5,315200,81090,0.2,0.2,2002MM10,96.4
81091,A5,315200,81091,-0.1,-0.2,2002MM11,96.2
81092,A5,315200,81092,-0.7,-0.7,2002MM12,95.6
81094,A5,315200,81094,1.0,1.1,2003MM01,96.7
81095,A5,315200,81095,1.2,0.3,2003MM02,96.9
81096,A5,315200,81096,1.6,0.2,2003MM03,97.1
81097,A5,315200,81097,1.2,0.0,2003MM04,97.1
81098,A5,315200,81098,1.5,0.3,2003MM05,97.3
81099,A5,315200,81099,1.3,-0.1,2003MM06,97.2
81100,A5,315200,81100,0.9,-0.1,2003MM07,97.1
81101,A5,315200,81101,1.0,0.1,2003MM08,97.2
81102,A5,315200,81102,1.3,0.2,2003MM09,97.5
81103,A5,315200,81103,1.3,0.1,2003MM10,97.6
81104,A5,315200,81104,1.3,-0.1,2003MM11,97.5
81105,A5,315200,81105,2.2,0.2,2003MM12,97.7
81107,A5,315200,81107,2.1,1.0,2004MM01,98.6
81108,A5,315200,81108,1.8,0.1,2004MM02,98.7
81109,A5,315200,81109,1.9,0.2,2004MM03,98.9
81110,A5,315200,81110,1.6,-0.3,2004MM04,98.6
81111,A5,315200,81111,1.1,-0.3,2004MM05,98.4
81112,A5,315200,81112,0.6,-0.6,2004MM06,97.8
81113,A5,315200,81113,0.6,-0.1,2004MM07,97.7
81114,A5,315200,81114,0.4,-0.1,2004MM08,97.6
81115,A5,315200,81115,-0.6,-0.7,2004MM09,96.9
81116,A5,315200,81116,-0.7,-0.1,2004MM10,96.9
81117,A5,315200,81117,-1.1,-0.4,2004MM11,96.5
81118,A5,315200,81118,-2.2,-1.0,2004MM12,95.5
81120,A5,315200,81120,-1.6,1.95,2005MM01,95.4
81121,A5,315200,81121,-1.0,4.9,2005MM02,100.1
81122,A5,315200,81122,-0.4,0.4,2005MM03,100.5
81123,A5,315200,81123,0.2,-1.7,2005MM04,98.8
81124,A5,315200,81124,0.8,-1.2,2005MM05,97.6
81125,A5,315200,81125,1.4,3.9,2005MM06,101.4
81126,A5,315200,81126,2.0,-2.8,2005MM07,98.6
81127,A5,315200,81127,2.6,0.3,2005MM08,98.9
81128,A5,315200,81128,3.2,-0.6,2005MM09,98.3
81129,A5,315200,81129,3.8,1.6,2005MM10,99.9
81130,A5,315200,81130,4.4,-0.3,2005MM11,99.6
81131,A5,315200,81131,5.0,1.5,2005MM12,101.2
81133,A5,315200,81133,5.6,-0.3,2006MM01,100.8
81134,A5,315200,81134,1.5,0.8,2006MM02,101.6
81135,A5,315200,81135,-1.5,-2.5,2006MM03,99.0
81136,A5,315200,81136,-3.9,-4.1,2006MM04,94.9
81137,A5,315200,81137,-0.3,2.5,2006MM05,97.3
81138,A5,315200,81138,-5.0,-1.0,2006MM06,96.3
81139,A5,315200,81139,-0.6,1.7,2006MM07,98.0
81140,A5,315200,81140,2.3,3.2,2006MM08,101.1
81141,A5,315200,81141,2.1,-0.7,2006MM09,100.4
81142,A5,315200,81142,1.2,0.7,2006MM10,101.1
81143,A5,315200,81143,0.3,-1.2,2006MM11,99.9
81144,A5,315200,81144,0.4,1.7,2006MM12,101.6
81146,A5,315200,81146,1.6,0.8,2007MM01,102.4
81147,A5,315200,81147,-0.3,-1.1,2007MM02,101.3
81148,A5,315200,81148,0.0,-2.2,2007MM03,99.1
81149,A5,315200,81149,4.7,0.4,2007MM04,99.4
81150,A5,315200,81150,3.6,1.3,2007MM05,100.8
81151,A5,315200,81151,5.1,0.4,2007MM06,101.2
81152,A5,315200,81152,4.3,1.0,2007MM07,102.2
81153,A5,315200,81153,2.2,1.1,2007MM08,103.3
81154,A5,315200,81154,2.0,-0.9,2007MM09,102.4
81155,A5,315200,81155,1.8,0.5,2007MM10,103.0
81156,A5,315200,81156,3.2,0.1,2007MM11,103.1
81157,A5,315200,81157,-1.0,-2.4,2007MM12,100.6
81159,A5,315200,81159,-1.2,0.5,2008MM01,101.2
81160,A5,315200,81160,-0.8,-0.7,2008MM02,100.5
81161,A5,315200,81161,1.4,-0.1,2008MM03,100.4
81162,A5,315200,81162,0.7,-0.2,2008MM04,100.2
81163,A5,315200,81163,0.3,1.0,2008MM05,101.1
81164,A5,315200,81164,-2.3,-2.2,2008MM06,98.9
81165,A5,315200,81165,-5.2,-2.0,2008MM07,96.9
81166,A5,315200,81166,-1.2,5.4,2008MM08,102.1
81167,A5,315200,81167,-0.6,-0.3,2008MM09,101.8
81168,A5,315200,81168,-0.9,0.3,2008MM10,102.1
81169,A5,315200,81169,-1.1,-0.1,2008MM11,102.0
81170,A5,315200,81170,-0.1,-1.5,2008MM12,100.5
81172,A5,315200,81172,1.1,1.8,2009MM01,102.3
81173,A5,315200,81173,3.1,1.4,2009MM02,103.7
81174,A5,315200,81174,0.5,-2.6,2009MM03,100.9
81175,A5,315200,81175,-3.0,-3.8,2009MM04,97.1
81176,A5,315200,81176,-7.6,-3.8,2009MM05,93.5
81177,A5,315200,81177,-6.6,-1.2,2009MM06,92.3
81178,A5,315200,81178,-5.1,-0.5,2009MM07,91.9
81179,A5,315200,81179,-10.2,-0.2,2009MM08,91.7
81180,A5,315200,81180,-11.3,-1.5,2009MM09,90.3
81181,A5,315200,81181,-12.8,-1.5,2009MM10,89.0
81182,A5,315200,81182,-9.7,3.4,2009MM11,92.1
81183,A5,315200,81183,-12.9,-5.0,2009MM12,87.5
81185,A5,315200,81185,-10.1,5.1,2010MM01,91.9
81186,A5,315200,81186,-6.4,5.5,2010MM02,97.0
81187,A5,315200,81187,-5.4,-1.5,2010MM03,95.5
81188,A5,315200,81188,-1.8,-0.1,2010MM04,95.4
81189,A5,315200,81189,2.7,0.6,2010MM05,96.0
81190,A5,315200,81190,5.9,1.9,2010MM06,97.8
81191,A5,315200,81191,7.3,0.8,2010MM07,98.6
81192,A5,315200,81192,13.0,5.1,2010MM08,103.6
81193,A5,315200,81193,16.5,1.6,2010MM09,105.2
81194,A5,315200,81194,18.3,0.1,2010MM10,105.3
81195,A5,315200,81195,15.7,1.2,2010MM11,106.5
81196,A5,315200,81196,22.4,0.5,2010MM12,107.1
81198,A5,315200,81198,13.5,-2.6,2011MM01,104.4
81199,A5,315200,81199,12.5,4.6,2011MM02,109.1
81200,A5,315200,81200,13.8,-0.4,2011MM03,108.7
81201,A5,315200,81201,15.0,0.9,2011MM04,109.7
81202,A5,315200,81202,14.3,0.0,2011MM05,109.7
81203,A5,315200,81203,10.7,-1.3,2011MM06,108.2
81204,A5,315200,81204,10.8,0.9,2011MM07,109.2
81205,A5,315200,81205,6.7,1.2,2011MM08,110.5
81206,A5,315200,81206,7.7,2.5,2011MM09,113.3
81207,A5,315200,81207,7.7,0.1,2011MM10,113.4
81208,A5,315200,81208,5.9,-0.5,2011MM11,112.9
81209,A5,315200,81209,6.1,0.7,2011MM12,113.6
81211,A5,315200,81211,8.1,-0.8,2012MM01,112.8
81212,A5,315200,81212,5.2,1.8,2012MM02,114.8
81213,A5,315200,81213,9.7,3.9,2012MM03,119.3
81214,A5,315200,81214,9.3,0.5,2012MM04,119.9
81215,A5,315200,81215,9.9,0.6,2012MM05,120.6
81216,A5,315200,81216,10.8,-0.5,2012MM06,120.0
81217,A5,315200,81217,11.7,1.7,2012MM07,122.0
81218,A5,315200,81218,11.0,0.5,2012MM08,122.6
81219,A5,315200,81219,7.0,-1.1,2012MM09,121.2
81220,A5,315200,81220,7.5,0.6,2012MM10,121.9
81221,A5,315200,81221,7.5,-0.5,2012MM11,121.4
81222,A5,315200,81222,12.4,5.2,2012MM12,127.7
81224,A5,315200,81224,13.6,0.3,2013MM01,128.1
81225,A5,315200,81225,14.8,2.8,2013MM02,131.8
81226,A5,315200,81226,10.8,0.3,2013MM03,132.1
81227,A5,315200,81227,9.2,-0.9,2013MM04,130.9
81228,A5,315200,81228,8.7,0.1,2013MM05,131.1
81229,A5,315200,81229,13.0,3.4,2013MM06,135.5
81230,A5,315200,81230,9.9,-1.0,2013MM07,134.1
81231,A5,315200,81231,9.5,0.1,2013MM08,134.3
81232,A5,315200,81232,6.2,-4.2,2013MM09,128.7
81233,A5,315200,81233,4.9,-0.6,2013MM10,127.9
81234,A5,315200,81234,5.2,-0.2,2013MM11,127.7
81235,A5,315200,81235,1.2,1.2,2013MM12,129.3
81237,A5,315200,81237,1.1,0.3,2014MM01,129.6
81238,A5,315200,81238,-4.5,-2.9,2014MM02,125.8
81239,A5,315200,81239,-3.9,0.9,2014MM03,126.9
81240,A5,315200,81240,-11.4,-8.6,2014MM04,116.0
81241,A5,315200,81241,-11.5,0.0,2014MM05,116.0
81242,A5,315200,81242,-13.6,1.0,2014MM06,117.1
81243,A5,315200,81243,-12.5,0.2,2014MM07,117.3
81244,A5,315200,81244,-12.6,0.0,2014MM08,117.3
81245,A5,315200,81245,-8.7,0.2,2014MM09,117.5
81246,A5,315200,81246,-7.0,1.2,2014MM10,119.0
81247,A5,315200,81247,-7.1,-0.3,2014MM11,118.6
81248,A5,315200,81248,-7.9,0.4,2014MM12,119.1
81250,A5,315200,81250,-8.0,0.1,2015MM01,119.2
81251,A5,315200,81251,-5.2,0.1,2015MM02,119.2
81252,A5,315200,81252,-6.0,0.1,2015MM03,119.4
81253,A5,315200,81253,3.7,0.8,2015MM04,120.4
81254,A5,315200,81254,3.7,0.0,2015MM05,120.3
81255,A5,315200,81255,2.8,0.0,2015MM06,120.3
81256,A5,315200,81256,1.1,-1.4,2015MM07,118.6
81257,A5,315200,81257,-4.4,-5.5,2015MM08,112.1
81258,A5,315200,81258,2.6,7.5,2015MM09,120.6
81259,A5,315200,81259,-0.2,-1.5,2015MM10,118.8
81260,A5,315200,81260,-2.1,-2.3,2015MM11,116.1
81261,A5,315200,81261,-2.6,0.0,2015MM12,116.1
81263,A5,315200,81263,-4.5,-2.0,2016MM01,113.8
81264,A5,315200,81264,-4.2,0.5,2016MM02,114.3
81265,A5,315200,81265,-3.6,0.7,2016MM03,115.0
81266,A5,315200,81266,-4.4,0.0,2016MM04,115.0
81267,A5,315200,81267,-2.1,2.4,2016MM05,117.8
81268,A5,315200,81268,-1.2,0.9,2016MM06,118.8
81269,A5,315200,81269,-0.2,-0.4,2016MM07,118.4
81270,A5,315200,81270,1.4,-4.0,2016MM08,113.7
81271,A5,315200,81271,-3.3,2.6,2016MM09,116.7
81272,A5,315200,81272,-3.3,-1.5,2016MM10,114.8
81273,A5,315200,81273,-0.4,0.7,2016MM11,115.6
81274,A5,315200,81274,-0.4,0.0,2016MM12,115.6
81276,A5,315200,81276,4.9,3.2,2017MM01,119.4
81277,A5,315200,81277,2.2,-2.2,2017MM02,116.7
81278,A5,315200,81278,0.5,-1.0,2017MM03,115.6
81279,A5,315200,81279,1.9,1.3,2017MM04,117.2
81280,A5,315200,81280,-0.9,-0.4,2017MM05,116.7
81281,A5,315200,81281,-1.8,0.0,2017MM06,116.7
81282,A5,315200,81282,0.2,1.7,2017MM07,118.7
81283,A5,315200,81283,2.2,-2.1,2017MM08,116.2
81284,A5,315200,81284,2.5,2.9,2017MM09,119.6
81285,A5,315200,81285,-0.1,-4.1,2017MM10,114.7
81286,A5,315200,81286,0.9,1.7,2017MM11,116.6
81287,A5,315200,81287,0.8,0.0,2017MM12,116.6
