,Afzet,BedrijfstakkenBranchesSBI2008,ID,OntwikkelingTOV1JaarEerder_2,OntwikkelingTOV1MaandEerder_3,Perioden,ProducentenprijsindexPPI_1
16354,A6,315200,16354,,,1981MM01,63.0
16355,A6,315200,16355,,1.2,1981MM02,63.8
16356,A6,315200,16356,,0.2,1981MM03,63.9
16357,A6,315200,16357,,0.9,1981MM04,64.5
16358,A6,315200,16358,,-0.1,1981MM05,64.4
16359,A6,315200,16359,,0.6,1981MM06,64.8
16360,A6,315200,16360,,-0.2,1981MM07,64.7
16361,A6,315200,16361,,-0.3,1981MM08,64.4
16362,A6,315200,16362,,0.3,1981MM09,64.6
16363,A6,315200,16363,,0.1,1981MM10,64.7
16364,A6,315200,16364,,0.0,1981MM11,64.7
16365,A6,315200,16365,,0.0,1981MM12,64.7
16367,A6,315200,16367,3.8,1.1,1982MM01,65.5
16368,A6,315200,16368,3.6,1.0,1982MM02,66.1
16369,A6,315200,16369,3.5,0.1,1982MM03,66.1
16370,A6,315200,16370,3.2,0.6,1982MM04,66.5
16371,A6,315200,16371,3.4,0.0,1982MM05,66.6
16372,A6,315200,16372,2.1,-0.6,1982MM06,66.1
16373,A6,315200,16373,2.4,0.1,1982MM07,66.2
16374,A6,315200,16374,2.9,0.1,1982MM08,66.3
16375,A6,315200,16375,2.5,-0.1,1982MM09,66.2
16376,A6,315200,16376,2.5,0.2,1982MM10,66.3
16377,A6,315200,16377,2.8,0.3,1982MM11,66.5
16378,A6,315200,16378,3.1,0.3,1982MM12,66.7
16380,A6,315200,16380,2.0,0.1,1983MM01,66.8
16381,A6,315200,16381,1.9,0.8,1983MM02,67.3
16382,A6,315200,16382,2.1,0.2,1983MM03,67.5
16383,A6,315200,16383,1.5,0.1,1983MM04,67.5
16384,A6,315200,16384,1.6,0.1,1983MM05,67.6
16385,A6,315200,16385,2.1,-0.1,1983MM06,67.5
16386,A6,315200,16386,2.1,0.1,1983MM07,67.6
16387,A6,315200,16387,2.5,0.5,1983MM08,67.9
16388,A6,315200,16388,3.2,0.6,1983MM09,68.3
16389,A6,315200,16389,3.8,0.8,1983MM10,68.8
16390,A6,315200,16390,4.8,1.3,1983MM11,69.7
16391,A6,315200,16391,5.4,0.9,1983MM12,70.4
16393,A6,315200,16393,6.4,0.9,1984MM01,71.0
16394,A6,315200,16394,8.2,2.6,1984MM02,72.9
16395,A6,315200,16395,9.0,0.9,1984MM03,73.5
16396,A6,315200,16396,8.4,-0.4,1984MM04,73.2
16397,A6,315200,16397,8.9,0.5,1984MM05,73.6
16398,A6,315200,16398,9.1,0.1,1984MM06,73.7
16399,A6,315200,16399,9.3,0.3,1984MM07,73.9
16400,A6,315200,16400,9.9,1.0,1984MM08,74.7
16401,A6,315200,16401,9.2,0.0,1984MM09,74.6
16402,A6,315200,16402,7.8,-0.6,1984MM10,74.2
16403,A6,315200,16403,6.7,0.3,1984MM11,74.4
16404,A6,315200,16404,6.0,0.3,1984MM12,74.6
16406,A6,315200,16406,6.0,0.9,1985MM01,75.3
16407,A6,315200,16407,3.7,0.4,1985MM02,75.6
16408,A6,315200,16408,3.2,0.4,1985MM03,75.9
16409,A6,315200,16409,3.5,-0.1,1985MM04,75.8
16410,A6,315200,16410,2.9,-0.1,1985MM05,75.8
16411,A6,315200,16411,3.1,0.3,1985MM06,75.9
16412,A6,315200,16412,2.7,0.0,1985MM07,75.9
16413,A6,315200,16413,2.3,0.5,1985MM08,76.3
16414,A6,315200,16414,2.2,-0.1,1985MM09,76.3
16415,A6,315200,16415,3.1,0.3,1985MM10,76.5
16416,A6,315200,16416,2.6,-0.2,1985MM11,76.4
16417,A6,315200,16417,2.6,0.2,1985MM12,76.6
16419,A6,315200,16419,1.8,0.2,1986MM01,76.7
16420,A6,315200,16420,1.7,0.2,1986MM02,76.9
16421,A6,315200,16421,0.6,-0.7,1986MM03,76.3
16422,A6,315200,16422,1.2,0.5,1986MM04,76.7
16423,A6,315200,16423,1.2,0.0,1986MM05,76.7
16424,A6,315200,16424,0.6,-0.3,1986MM06,76.4
16425,A6,315200,16425,0.2,-0.5,1986MM07,76.0
16426,A6,315200,16426,0.8,1.1,1986MM08,76.9
16427,A6,315200,16427,0.9,0.0,1986MM09,76.9
16428,A6,315200,16428,0.3,-0.3,1986MM10,76.7
16429,A6,315200,16429,0.7,0.2,1986MM11,76.9
16430,A6,315200,16430,0.3,-0.2,1986MM12,76.8
16432,A6,315200,16432,0.2,0.1,1987MM01,76.9
16433,A6,315200,16433,-0.6,-0.6,1987MM02,76.4
16434,A6,315200,16434,0.0,-0.2,1987MM03,76.3
16435,A6,315200,16435,-0.6,0.0,1987MM04,76.3
16436,A6,315200,16436,-0.6,0.0,1987MM05,76.3
16437,A6,315200,16437,-0.2,0.0,1987MM06,76.2
16438,A6,315200,16438,0.2,-0.1,1987MM07,76.2
16439,A6,315200,16439,-0.7,0.3,1987MM08,76.4
16440,A6,315200,16440,-0.5,0.2,1987MM09,76.5
16441,A6,315200,16441,0.0,0.3,1987MM10,76.7
16442,A6,315200,16442,-0.2,0.0,1987MM11,76.7
16443,A6,315200,16443,-0.4,-0.4,1987MM12,76.4
16445,A6,315200,16445,-0.3,0.2,1988MM01,76.6
16446,A6,315200,16446,0.6,0.3,1988MM02,76.8
16447,A6,315200,16447,1.1,0.3,1988MM03,77.1
16448,A6,315200,16448,1.3,0.2,1988MM04,77.3
16449,A6,315200,16449,1.1,-0.2,1988MM05,77.1
16450,A6,315200,16450,1.3,0.2,1988MM06,77.2
16451,A6,315200,16451,1.3,0.0,1988MM07,77.2
16452,A6,315200,16452,2.2,1.1,1988MM08,78.1
16453,A6,315200,16453,1.9,-0.1,1988MM09,78.0
16454,A6,315200,16454,1.6,-0.1,1988MM10,77.9
16455,A6,315200,16455,1.5,-0.1,1988MM11,77.9
16456,A6,315200,16456,2.0,0.1,1988MM12,78.0
16458,A6,315200,16458,2.8,1.0,1989MM01,78.7
16459,A6,315200,16459,2.5,0.1,1989MM02,78.8
16460,A6,315200,16460,2.2,0.0,1989MM03,78.8
16461,A6,315200,16461,2.2,0.2,1989MM04,78.9
16462,A6,315200,16462,2.2,-0.2,1989MM05,78.8
16463,A6,315200,16463,2.0,0.1,1989MM06,78.8
16464,A6,315200,16464,1.8,-0.2,1989MM07,78.6
16465,A6,315200,16465,2.3,1.6,1989MM08,79.9
16466,A6,315200,16466,2.7,0.3,1989MM09,80.1
16467,A6,315200,16467,3.2,0.4,1989MM10,80.4
16468,A6,315200,16468,3.6,0.3,1989MM11,80.6
16469,A6,315200,16469,3.7,0.2,1989MM12,80.8
16471,A6,315200,16471,3.6,0.9,1990MM01,81.5
16472,A6,315200,16472,3.7,0.2,1990MM02,81.7
16473,A6,315200,16473,3.9,0.2,1990MM03,81.9
16474,A6,315200,16474,4.1,0.4,1990MM04,82.2
16475,A6,315200,16475,4.5,0.2,1990MM05,82.3
16476,A6,315200,16476,4.2,-0.2,1990MM06,82.2
16477,A6,315200,16477,4.6,0.1,1990MM07,82.2
16478,A6,315200,16478,4.1,1.1,1990MM08,83.2
16479,A6,315200,16479,3.7,-0.1,1990MM09,83.0
16480,A6,315200,16480,2.8,-0.4,1990MM10,82.7
16481,A6,315200,16481,2.5,-0.1,1990MM11,82.6
16482,A6,315200,16482,1.8,-0.4,1990MM12,82.3
16484,A6,315200,16484,1.0,0.1,1991MM01,82.4
16485,A6,315200,16485,0.8,0.0,1991MM02,82.3
16486,A6,315200,16486,-0.1,-0.7,1991MM03,81.8
16487,A6,315200,16487,-0.3,0.2,1991MM04,81.9
16488,A6,315200,16488,-0.6,0.0,1991MM05,81.9
16489,A6,315200,16489,0.6,1.0,1991MM06,82.7
16490,A6,315200,16490,-0.1,-0.7,1991MM07,82.1
16491,A6,315200,16491,-0.5,0.8,1991MM08,82.8
16492,A6,315200,16492,-0.1,0.2,1991MM09,82.9
16493,A6,315200,16493,0.1,-0.1,1991MM10,82.8
16494,A6,315200,16494,0.5,0.3,1991MM11,83.1
16495,A6,315200,16495,1.0,0.1,1991MM12,83.1
16497,A6,315200,16497,1.5,0.6,1992MM01,83.6
16498,A6,315200,16498,1.5,0.0,1992MM02,83.6
16499,A6,315200,16499,2.5,0.2,1992MM03,83.8
16500,A6,315200,16500,2.6,0.3,1992MM04,84.0
16501,A6,315200,16501,2.4,-0.3,1992MM05,83.8
16502,A6,315200,16502,1.1,-0.2,1992MM06,83.6
16503,A6,315200,16503,2.0,0.2,1992MM07,83.8
16504,A6,315200,16504,1.2,-0.1,1992MM08,83.7
16505,A6,315200,16505,0.9,-0.1,1992MM09,83.6
16506,A6,315200,16506,0.9,-0.1,1992MM10,83.5
16507,A6,315200,16507,0.6,0.0,1992MM11,83.6
16508,A6,315200,16508,0.6,0.0,1992MM12,83.6
16510,A6,315200,16510,-1.3,-1.3,1993MM01,82.5
16511,A6,315200,16511,-1.4,-0.2,1993MM02,82.4
16512,A6,315200,16512,-1.7,0.0,1993MM03,82.3
16513,A6,315200,16513,-1.6,0.4,1993MM04,82.7
16514,A6,315200,16514,-1.8,-0.5,1993MM05,82.3
16515,A6,315200,16515,-1.7,-0.1,1993MM06,82.2
16516,A6,315200,16516,-2.4,-0.4,1993MM07,81.8
16517,A6,315200,16517,-1.8,0.5,1993MM08,82.2
16518,A6,315200,16518,-1.5,0.2,1993MM09,82.3
16519,A6,315200,16519,-1.2,0.2,1993MM10,82.5
16520,A6,315200,16520,-1.1,0.2,1993MM11,82.7
16521,A6,315200,16521,-1.1,0.0,1993MM12,82.7
16523,A6,315200,16523,1.4,1.2,1994MM01,83.7
16524,A6,315200,16524,2.2,0.6,1994MM02,84.2
16525,A6,315200,16525,1.7,-0.6,1994MM03,83.7
16526,A6,315200,16526,1.4,0.1,1994MM04,83.8
16527,A6,315200,16527,2.1,0.3,1994MM05,84.0
16528,A6,315200,16528,2.3,0.1,1994MM06,84.1
16529,A6,315200,16529,2.8,0.0,1994MM07,84.1
16530,A6,315200,16530,2.3,0.0,1994MM08,84.1
16531,A6,315200,16531,2.8,0.6,1994MM09,84.7
16532,A6,315200,16532,2.7,0.1,1994MM10,84.8
16533,A6,315200,16533,2.7,0.1,1994MM11,84.9
16534,A6,315200,16534,2.6,-0.1,1994MM12,84.8
16536,A6,315200,16536,1.5,0.2,1995MM01,85.0
16537,A6,315200,16537,0.9,0.0,1995MM02,84.9
16538,A6,315200,16538,1.1,-0.3,1995MM03,84.7
16539,A6,315200,16539,0.9,-0.1,1995MM04,84.6
16540,A6,315200,16540,0.4,-0.2,1995MM05,84.3
16541,A6,315200,16541,0.3,-0.1,1995MM06,84.3
16542,A6,315200,16542,1.3,1.0,1995MM07,85.1
16543,A6,315200,16543,0.9,-0.3,1995MM08,84.9
16544,A6,315200,16544,0.1,-0.2,1995MM09,84.7
16545,A6,315200,16545,-0.4,-0.4,1995MM10,84.4
16546,A6,315200,16546,-0.4,0.2,1995MM11,84.6
16547,A6,315200,16547,-0.3,-0.1,1995MM12,84.5
16549,A6,315200,16549,-0.9,-0.4,1996MM01,84.2
16550,A6,315200,16550,-0.9,0.0,1996MM02,84.2
16551,A6,315200,16551,-0.6,0.0,1996MM03,84.1
16552,A6,315200,16552,1.6,2.1,1996MM04,85.9
16553,A6,315200,16553,1.9,0.1,1996MM05,86.0
16554,A6,315200,16554,2.0,0.0,1996MM06,86.0
16555,A6,315200,16555,1.2,0.1,1996MM07,86.1
16556,A6,315200,16556,1.7,0.2,1996MM08,86.3
16557,A6,315200,16557,1.9,0.0,1996MM09,86.3
16558,A6,315200,16558,1.6,-0.6,1996MM10,85.8
16559,A6,315200,16559,1.5,0.1,1996MM11,85.9
16560,A6,315200,16560,1.8,0.2,1996MM12,86.0
16562,A6,315200,16562,2.3,0.1,1997MM01,86.2
16563,A6,315200,16563,2.5,0.2,1997MM02,86.3
16564,A6,315200,16564,2.4,-0.1,1997MM03,86.2
16565,A6,315200,16565,0.3,-0.1,1997MM04,86.1
16566,A6,315200,16566,0.1,-0.1,1997MM05,86.1
16567,A6,315200,16567,0.0,0.0,1997MM06,86.0
16568,A6,315200,16568,-0.2,-0.1,1997MM07,85.9
16569,A6,315200,16569,-0.2,0.2,1997MM08,86.1
16570,A6,315200,16570,0.1,0.3,1997MM09,86.4
16571,A6,315200,16571,0.8,0.1,1997MM10,86.5
16572,A6,315200,16572,1.3,0.6,1997MM11,86.9
16573,A6,315200,16573,0.5,-0.5,1997MM12,86.5
16575,A6,315200,16575,1.5,1.1,1998MM01,87.5
16576,A6,315200,16576,1.6,0.2,1998MM02,87.6
16577,A6,315200,16577,1.9,0.2,1998MM03,87.8
16578,A6,315200,16578,2.4,0.4,1998MM04,88.2
16579,A6,315200,16579,2.4,0.0,1998MM05,88.2
16580,A6,315200,16580,2.6,0.1,1998MM06,88.2
16581,A6,315200,16581,3.5,0.8,1998MM07,89.0
16582,A6,315200,16582,3.4,0.0,1998MM08,89.0
16583,A6,315200,16583,2.9,-0.1,1998MM09,88.9
16584,A6,315200,16584,3.0,0.2,1998MM10,89.1
16585,A6,315200,16585,2.4,-0.1,1998MM11,89.0
16586,A6,315200,16586,3.2,0.3,1998MM12,89.3
16588,A6,315200,16588,1.8,-0.3,1999MM01,89.0
16589,A6,315200,16589,1.6,0.0,1999MM02,89.0
16590,A6,315200,16590,1.1,-0.3,1999MM03,88.8
16591,A6,315200,16591,1.5,0.8,1999MM04,89.5
16592,A6,315200,16592,1.6,0.1,1999MM05,89.5
16593,A6,315200,16593,1.8,0.3,1999MM06,89.8
16594,A6,315200,16594,2.2,1.3,1999MM07,90.9
16595,A6,315200,16595,2.4,0.2,1999MM08,91.1
16596,A6,315200,16596,2.0,-0.4,1999MM09,90.7
16597,A6,315200,16597,2.0,0.2,1999MM10,90.9
16598,A6,315200,16598,2.2,0.0,1999MM11,90.9
16599,A6,315200,16599,1.5,-0.4,1999MM12,90.6
16601,A6,315200,16601,1.6,-0.2,2000MM01,90.5
16602,A6,315200,16602,1.8,0.2,2000MM02,90.6
16603,A6,315200,16603,1.9,-0.2,2000MM03,90.5
16604,A6,315200,16604,1.5,0.4,2000MM04,90.8
16605,A6,315200,16605,1.6,0.2,2000MM05,91.0
16606,A6,315200,16606,1.4,0.1,2000MM06,91.1
16607,A6,315200,16607,1.2,1.1,2000MM07,92.0
16608,A6,315200,16608,1.1,0.1,2000MM08,92.1
16609,A6,315200,16609,1.6,0.1,2000MM09,92.2
16610,A6,315200,16610,1.8,0.4,2000MM10,92.5
16611,A6,315200,16611,1.7,0.0,2000MM11,92.5
16612,A6,315200,16612,2.7,0.6,2000MM12,93.1
16614,A6,315200,16614,4.3,1.4,2001MM01,94.3
16615,A6,315200,16615,4.2,0.1,2001MM02,94.4
16616,A6,315200,16616,4.4,0.1,2001MM03,94.5
16617,A6,315200,16617,4.4,0.4,2001MM04,94.8
16618,A6,315200,16618,4.1,-0.1,2001MM05,94.8
16619,A6,315200,16619,4.4,0.3,2001MM06,95.1
16620,A6,315200,16620,3.4,0.1,2001MM07,95.2
16621,A6,315200,16621,3.3,-0.1,2001MM08,95.1
16622,A6,315200,16622,2.9,-0.3,2001MM09,94.8
16623,A6,315200,16623,2.6,0.1,2001MM10,94.9
16624,A6,315200,16624,2.7,0.1,2001MM11,95.0
16625,A6,315200,16625,2.1,0.0,2001MM12,95.0
16627,A6,315200,16627,0.4,-0.3,2002MM01,94.7
16628,A6,315200,16628,0.4,0.1,2002MM02,94.8
16629,A6,315200,16629,0.2,-0.1,2002MM03,94.7
16630,A6,315200,16630,0.0,0.2,2002MM04,94.8
16631,A6,315200,16631,0.1,0.1,2002MM05,94.9
16632,A6,315200,16632,-0.1,0.1,2002MM06,95.0
16633,A6,315200,16633,0.4,0.6,2002MM07,95.6
16634,A6,315200,16634,0.4,-0.1,2002MM08,95.5
16635,A6,315200,16635,0.8,0.1,2002MM09,95.6
16636,A6,315200,16636,0.9,0.2,2002MM10,95.8
16637,A6,315200,16637,0.7,-0.2,2002MM11,95.7
16638,A6,315200,16638,0.8,0.1,2002MM12,95.7
16640,A6,315200,16640,1.3,0.2,2003MM01,96.0
16641,A6,315200,16641,1.2,0.0,2003MM02,95.9
16642,A6,315200,16642,1.3,0.0,2003MM03,96.0
16643,A6,315200,16643,1.8,0.6,2003MM04,96.5
16644,A6,315200,16644,1.6,-0.1,2003MM05,96.4
16645,A6,315200,16645,1.5,0.0,2003MM06,96.4
16646,A6,315200,16646,0.3,-0.6,2003MM07,95.8
16647,A6,315200,16647,0.7,0.4,2003MM08,96.2
16648,A6,315200,16648,1.3,0.7,2003MM09,96.8
16649,A6,315200,16649,1.0,-0.1,2003MM10,96.8
16650,A6,315200,16650,0.8,-0.4,2003MM11,96.4
16651,A6,315200,16651,0.9,0.2,2003MM12,96.6
16653,A6,315200,16653,1.1,0.5,2004MM01,97.1
16654,A6,315200,16654,1.1,0.0,2004MM02,97.0
16655,A6,315200,16655,1.3,0.1,2004MM03,97.2
16656,A6,315200,16656,0.7,0.0,2004MM04,97.1
16657,A6,315200,16657,0.6,-0.2,2004MM05,97.0
16658,A6,315200,16658,0.0,-0.5,2004MM06,96.5
16659,A6,315200,16659,0.5,-0.2,2004MM07,96.3
16660,A6,315200,16660,0.2,0.1,2004MM08,96.4
16661,A6,315200,16661,-0.6,-0.1,2004MM09,96.3
16662,A6,315200,16662,-0.5,0.0,2004MM10,96.3
16663,A6,315200,16663,-0.3,-0.1,2004MM11,96.1
16664,A6,315200,16664,-1.0,-0.5,2004MM12,95.7
16666,A6,315200,16666,-0.569230769231,1.1,2005MM01,96.1
16667,A6,315200,16667,-0.138461538462,2.7,2005MM02,98.7
16668,A6,315200,16668,0.292307692308,0.3,2005MM03,98.9
16669,A6,315200,16669,0.723076923077,-1.0,2005MM04,97.9
16670,A6,315200,16670,1.15384615385,-0.7,2005MM05,97.3
16671,A6,315200,16671,1.58461538462,2.2,2005MM06,99.4
16672,A6,315200,16672,2.01538461538,-1.6,2005MM07,97.8
16673,A6,315200,16673,2.44615384615,0.2,2005MM08,98.0
16674,A6,315200,16674,2.87692307692,-0.2,2005MM09,97.8
16675,A6,315200,16675,3.30769230769,0.9,2005MM10,98.7
16676,A6,315200,16676,3.73846153846,1.1,2005MM11,99.8
16677,A6,315200,16677,4.16923076923,0.8,2005MM12,100.6
16679,A6,315200,16679,4.6,-0.1,2006MM01,100.5
16680,A6,315200,16680,2.2,0.4,2006MM02,100.9
16681,A6,315200,16681,0.5,-1.4,2006MM03,99.5
16682,A6,315200,16682,-0.7,-2.2,2006MM04,97.2
16683,A6,315200,16683,1.3,1.3,2006MM05,98.5
16684,A6,315200,16684,-1.4,-0.5,2006MM06,98.0
16685,A6,315200,16685,1.3,1.1,2006MM07,99.1
16686,A6,315200,16686,2.9,1.8,2006MM08,100.9
16687,A6,315200,16687,2.7,-0.4,2006MM09,100.5
16688,A6,315200,16688,2.2,0.4,2006MM10,100.9
16689,A6,315200,16689,0.4,-0.7,2006MM11,100.2
16690,A6,315200,16690,0.6,0.9,2006MM12,101.1
16692,A6,315200,16692,1.8,1.1,2007MM01,102.3
16693,A6,315200,16693,0.8,-0.5,2007MM02,101.7
16694,A6,315200,16694,1.0,-1.2,2007MM03,100.5
16695,A6,315200,16695,3.8,0.4,2007MM04,100.9
16696,A6,315200,16696,3.1,0.7,2007MM05,101.6
16697,A6,315200,16697,3.9,0.2,2007MM06,101.8
16698,A6,315200,16698,3.3,0.6,2007MM07,102.4
16699,A6,315200,16699,2.4,0.9,2007MM08,103.3
16700,A6,315200,16700,2.2,-0.6,2007MM09,102.7
16701,A6,315200,16701,2.2,0.4,2007MM10,103.1
16702,A6,315200,16702,3.0,0.1,2007MM11,103.2
16703,A6,315200,16703,0.2,-1.9,2007MM12,101.3
16705,A6,315200,16705,-0.2,0.7,2008MM01,102.0
16706,A6,315200,16706,-0.3,-0.6,2008MM02,101.4
16707,A6,315200,16707,0.8,-0.1,2008MM03,101.3
16708,A6,315200,16708,0.3,-0.1,2008MM04,101.1
16709,A6,315200,16709,0.3,0.8,2008MM05,101.9
16710,A6,315200,16710,-1.7,-1.8,2008MM06,100.1
16711,A6,315200,16711,-3.5,-1.2,2008MM07,98.8
16712,A6,315200,16712,-0.2,4.3,2008MM08,103.1
16713,A6,315200,16713,0.1,-0.3,2008MM09,102.8
16714,A6,315200,16714,-0.2,0.0,2008MM10,102.9
16715,A6,315200,16715,-0.7,-0.3,2008MM11,102.5
16716,A6,315200,16716,0.3,-1.0,2008MM12,101.5
16718,A6,315200,16718,0.9,1.4,2009MM01,103.0
16719,A6,315200,16719,2.8,1.2,2009MM02,104.2
16720,A6,315200,16720,0.8,-2.0,2009MM03,102.1
16721,A6,315200,16721,-1.7,-2.6,2009MM04,99.4
16722,A6,315200,16722,-5.4,-3.0,2009MM05,96.4
16723,A6,315200,16723,-4.6,-1.0,2009MM06,95.5
16724,A6,315200,16724,-3.8,-0.3,2009MM07,95.1
16725,A6,315200,16725,-7.9,-0.2,2009MM08,95.0
16726,A6,315200,16726,-8.7,-1.1,2009MM09,93.9
16727,A6,315200,16727,-9.7,-1.1,2009MM10,92.9
16728,A6,315200,16728,-7.0,2.7,2009MM11,95.4
16729,A6,315200,16729,-10.0,-4.2,2009MM12,91.3
16731,A6,315200,16731,-8.3,3.4,2010MM01,94.5
16732,A6,315200,16732,-6.0,3.7,2010MM02,98.0
16733,A6,315200,16733,-5.1,-1.1,2010MM03,96.9
16734,A6,315200,16734,-2.6,0.0,2010MM04,96.8
16735,A6,315200,16735,0.8,0.3,2010MM05,97.2
16736,A6,315200,16736,3.1,1.3,2010MM06,98.4
16737,A6,315200,16737,3.6,0.1,2010MM07,98.5
16738,A6,315200,16738,7.4,3.5,2010MM08,102.0
16739,A6,315200,16739,9.8,1.1,2010MM09,103.1
16740,A6,315200,16740,12.2,1.1,2010MM10,104.2
16741,A6,315200,16741,10.1,0.8,2010MM11,105.1
16742,A6,315200,16742,15.4,0.4,2010MM12,105.4
16744,A6,315200,16744,9.7,-1.7,2011MM01,103.6
16745,A6,315200,16745,9.1,3.2,2011MM02,106.9
16746,A6,315200,16746,10.1,-0.3,2011MM03,106.6
16747,A6,315200,16747,11.1,0.9,2011MM04,107.6
16748,A6,315200,16748,10.7,0.0,2011MM05,107.6
16749,A6,315200,16749,8.3,-1.0,2011MM06,106.5
16750,A6,315200,16750,9.4,1.2,2011MM07,107.8
16751,A6,315200,16751,6.6,0.8,2011MM08,108.7
16752,A6,315200,16752,7.3,1.7,2011MM09,110.6
16753,A6,315200,16753,6.3,0.2,2011MM10,110.7
16754,A6,315200,16754,5.1,-0.3,2011MM11,110.4
16755,A6,315200,16755,5.2,0.5,2011MM12,110.9
16757,A6,315200,16757,6.5,-0.5,2012MM01,110.3
16758,A6,315200,16758,3.6,0.4,2012MM02,110.8
16759,A6,315200,16759,5.5,1.6,2012MM03,112.5
16760,A6,315200,16760,5.1,0.4,2012MM04,113.0
16761,A6,315200,16761,6.0,0.9,2012MM05,114.0
16762,A6,315200,16762,6.2,-0.7,2012MM06,113.2
16763,A6,315200,16763,6.5,1.4,2012MM07,114.8
16764,A6,315200,16764,6.4,0.7,2012MM08,115.6
16765,A6,315200,16765,3.1,-1.4,2012MM09,114.0
16766,A6,315200,16766,3.9,0.9,2012MM10,115.0
16767,A6,315200,16767,3.9,-0.3,2012MM11,114.7
16768,A6,315200,16768,5.2,1.7,2012MM12,116.6
16770,A6,315200,16770,6.3,0.6,2013MM01,117.3
16771,A6,315200,16771,7.8,1.8,2013MM02,119.4
16772,A6,315200,16772,6.3,0.2,2013MM03,119.6
16773,A6,315200,16773,6.2,0.3,2013MM04,120.0
16774,A6,315200,16774,5.3,0.0,2013MM05,120.0
16775,A6,315200,16775,8.3,2.2,2013MM06,122.6
16776,A6,315200,16776,4.8,-1.8,2013MM07,120.4
16777,A6,315200,16777,4.2,0.1,2013MM08,120.5
16778,A6,315200,16778,3.7,-1.9,2013MM09,118.2
16779,A6,315200,16779,4.2,1.4,2013MM10,119.9
16780,A6,315200,16780,4.3,-0.2,2013MM11,119.6
16781,A6,315200,16781,4.0,1.4,2013MM12,121.3
16783,A6,315200,16783,3.6,0.2,2014MM01,121.5
16784,A6,315200,16784,0.0,-1.7,2014MM02,119.4
16785,A6,315200,16785,0.9,1.1,2014MM03,120.7
16786,A6,315200,16786,-3.8,-4.4,2014MM04,115.4
16787,A6,315200,16787,-3.9,-0.1,2014MM05,115.4
16788,A6,315200,16788,-5.6,0.3,2014MM06,115.7
16789,A6,315200,16789,-2.7,1.2,2014MM07,117.1
16790,A6,315200,16790,-2.8,0.0,2014MM08,117.1
16791,A6,315200,16791,-0.8,0.2,2014MM09,117.3
16792,A6,315200,16792,-0.7,1.5,2014MM10,119.1
16793,A6,315200,16793,-0.9,-0.4,2014MM11,118.6
16794,A6,315200,16794,-1.8,0.5,2014MM12,119.2
16796,A6,315200,16796,-1.9,0.0,2015MM01,119.2
16797,A6,315200,16797,-0.2,0.0,2015MM02,119.2
16798,A6,315200,16798,-1.2,0.0,2015MM03,119.3
16799,A6,315200,16799,3.8,0.4,2015MM04,119.8
16800,A6,315200,16800,3.8,0.0,2015MM05,119.8
16801,A6,315200,16801,3.5,0.0,2015MM06,119.8
16802,A6,315200,16802,1.0,-1.2,2015MM07,118.3
16803,A6,315200,16803,-3.1,-4.0,2015MM08,113.5
16804,A6,315200,16804,2.1,5.5,2015MM09,119.8
16805,A6,315200,16805,-0.5,-1.1,2015MM10,118.5
16806,A6,315200,16806,-1.8,-1.7,2015MM11,116.5
16807,A6,315200,16807,-2.3,0.0,2015MM12,116.5
16809,A6,315200,16809,-3.4,-1.1,2016MM01,115.2
16810,A6,315200,16810,-3.0,0.4,2016MM02,115.6
16811,A6,315200,16811,-2.6,0.5,2016MM03,116.2
16812,A6,315200,16812,-3.1,0.0,2016MM04,116.1
16813,A6,315200,16813,-1.3,1.8,2016MM05,118.2
16814,A6,315200,16814,-0.6,0.7,2016MM06,119.1
16815,A6,315200,16815,0.3,-0.3,2016MM07,118.7
16816,A6,315200,16816,1.4,-3.0,2016MM08,115.1
16817,A6,315200,16817,-2.0,2.0,2016MM09,117.3
16818,A6,315200,16818,-2.3,-1.3,2016MM10,115.8
16819,A6,315200,16819,-0.1,0.5,2016MM11,116.3
16820,A6,315200,16820,-0.1,0.0,2016MM12,116.3
16822,A6,315200,16822,3.4,2.4,2017MM01,119.1
16823,A6,315200,16823,1.5,-1.5,2017MM02,117.3
16824,A6,315200,16824,0.3,-0.7,2017MM03,116.5
16825,A6,315200,16825,1.5,1.2,2017MM04,117.9
16826,A6,315200,16826,-0.5,-0.3,2017MM05,117.6
16827,A6,315200,16827,-1.2,0.0,2017MM06,117.6
16828,A6,315200,16828,-0.1,0.8,2017MM07,118.6
16829,A6,315200,16829,1.6,-1.4,2017MM08,116.9
16830,A6,315200,16830,1.6,2.0,2017MM09,119.2
16831,A6,315200,16831,0.4,-2.5,2017MM10,116.2
16832,A6,315200,16832,1.1,1.2,2017MM11,117.6
16833,A6,315200,16833,1.1,0.0,2017MM12,117.6
