,Afzet,BedrijfstakkenBranchesSBI2008,ID,OntwikkelingTOV1JaarEerder_2,OntwikkelingTOV1MaandEerder_3,Perioden,ProducentenprijsindexPPI_1
48581,A4,315200,48581,1.2,0.6,1981MM01,65.6
48582,A4,315200,48582,1.3,1.2,1981MM02,66.3
48583,A4,315200,48583,1.4,0.1,1981MM03,66.4
48584,A4,315200,48584,1.5,0.2,1981MM04,66.5
48585,A4,315200,48585,1.6,-0.2,1981MM05,66.4
48586,A4,315200,48586,1.7,0.2,1981MM06,66.5
48587,A4,315200,48587,1.8,0.2,1981MM07,66.6
48588,A4,315200,48588,1.9,-0.6,1981MM08,66.2
48589,A4,315200,48589,2.0,0.2,1981MM09,66.3
48590,A4,315200,48590,2.1,0.2,1981MM10,66.5
48591,A4,315200,48591,2.2,0.0,1981MM11,66.5
48592,A4,315200,48592,2.3,0.0,1981MM12,66.5
48594,A4,315200,48594,2.4,1.0,1982MM01,67.2
48595,A4,315200,48595,2.5,1.3,1982MM02,68.0
48596,A4,315200,48596,2.6,0.1,1982MM03,68.1
48597,A4,315200,48597,2.9,0.5,1982MM04,68.4
48598,A4,315200,48598,3.2,0.1,1982MM05,68.5
48599,A4,315200,48599,2.9,-0.1,1982MM06,68.4
48600,A4,315200,48600,2.9,0.2,1982MM07,68.5
48601,A4,315200,48601,3.1,-0.4,1982MM08,68.3
48602,A4,315200,48602,3.1,0.2,1982MM09,68.4
48603,A4,315200,48603,2.9,0.0,1982MM10,68.4
48604,A4,315200,48604,3.0,0.1,1982MM11,68.5
48605,A4,315200,48605,2.9,-0.1,1982MM12,68.4
48607,A4,315200,48607,2.0,0.2,1983MM01,68.5
48608,A4,315200,48608,2.2,1.4,1983MM02,69.5
48609,A4,315200,48609,2.0,0.0,1983MM03,69.5
48610,A4,315200,48610,1.5,0.0,1983MM04,69.5
48611,A4,315200,48611,1.4,0.0,1983MM05,69.5
48612,A4,315200,48612,1.5,0.0,1983MM06,69.5
48613,A4,315200,48613,1.3,0.0,1983MM07,69.5
48614,A4,315200,48614,1.6,-0.1,1983MM08,69.4
48615,A4,315200,48615,1.8,0.3,1983MM09,69.6
48616,A4,315200,48616,2.0,0.3,1983MM10,69.8
48617,A4,315200,48617,2.1,0.2,1983MM11,69.9
48618,A4,315200,48618,2.9,0.7,1983MM12,70.4
48620,A4,315200,48620,3.7,0.9,1984MM01,71.1
48621,A4,315200,48621,4.1,1.8,1984MM02,72.3
48622,A4,315200,48622,4.1,0.1,1984MM03,72.4
48623,A4,315200,48623,4.6,0.4,1984MM04,72.7
48624,A4,315200,48624,4.6,0.0,1984MM05,72.7
48625,A4,315200,48625,5.0,0.4,1984MM06,73.0
48626,A4,315200,48626,5.4,0.3,1984MM07,73.2
48627,A4,315200,48627,5.6,0.1,1984MM08,73.3
48628,A4,315200,48628,5.7,0.3,1984MM09,73.5
48629,A4,315200,48629,5.3,-0.1,1984MM10,73.4
48630,A4,315200,48630,5.7,0.6,1984MM11,73.9
48631,A4,315200,48631,5.1,0.2,1984MM12,74.0
48633,A4,315200,48633,4.8,0.6,1985MM01,74.5
48634,A4,315200,48634,2.4,-0.5,1985MM02,74.1
48635,A4,315200,48635,2.6,0.2,1985MM03,74.2
48636,A4,315200,48636,2.6,0.5,1985MM04,74.6
48637,A4,315200,48637,2.7,0.1,1985MM05,74.7
48638,A4,315200,48638,2.4,0.1,1985MM06,74.7
48639,A4,315200,48639,2.3,0.3,1985MM07,74.9
48640,A4,315200,48640,2.4,0.2,1985MM08,75.0
48641,A4,315200,48641,2.3,0.3,1985MM09,75.2
48642,A4,315200,48642,2.5,0.1,1985MM10,75.3
48643,A4,315200,48643,2.0,0.1,1985MM11,75.4
48644,A4,315200,48644,1.8,0.0,1985MM12,75.4
48646,A4,315200,48646,1.3,0.1,1986MM01,75.5
48647,A4,315200,48647,2.6,0.7,1986MM02,76.0
48648,A4,315200,48648,2.0,-0.4,1986MM03,75.7
48649,A4,315200,48649,1.7,0.2,1986MM04,75.8
48650,A4,315200,48650,1.5,-0.1,1986MM05,75.8
48651,A4,315200,48651,1.7,0.2,1986MM06,76.0
48652,A4,315200,48652,1.2,-0.2,1986MM07,75.8
48653,A4,315200,48653,1.0,-0.1,1986MM08,75.8
48654,A4,315200,48654,0.7,0.0,1986MM09,75.8
48655,A4,315200,48655,1.2,0.6,1986MM10,76.2
48656,A4,315200,48656,0.8,-0.2,1986MM11,76.0
48657,A4,315200,48657,0.8,0.0,1986MM12,76.0
48659,A4,315200,48659,0.7,0.0,1987MM01,76.0
48660,A4,315200,48660,0.0,0.0,1987MM02,76.0
48661,A4,315200,48661,0.9,0.5,1987MM03,76.4
48662,A4,315200,48662,0.7,0.0,1987MM04,76.4
48663,A4,315200,48663,0.9,0.1,1987MM05,76.5
48664,A4,315200,48664,0.6,-0.1,1987MM06,76.4
48665,A4,315200,48665,0.6,-0.1,1987MM07,76.3
48666,A4,315200,48666,0.8,0.0,1987MM08,76.4
48667,A4,315200,48667,0.7,0.0,1987MM09,76.3
48668,A4,315200,48668,0.0,-0.2,1987MM10,76.2
48669,A4,315200,48669,0.5,0.3,1987MM11,76.4
48670,A4,315200,48670,0.6,0.1,1987MM12,76.5
48672,A4,315200,48672,0.8,0.1,1988MM01,76.6
48673,A4,315200,48673,0.6,-0.2,1988MM02,76.4
48674,A4,315200,48674,-0.1,-0.1,1988MM03,76.3
48675,A4,315200,48675,1.2,1.3,1988MM04,77.3
48676,A4,315200,48676,0.0,-1.1,1988MM05,76.5
48677,A4,315200,48677,0.6,0.5,1988MM06,76.9
48678,A4,315200,48678,1.1,0.4,1988MM07,77.1
48679,A4,315200,48679,1.4,0.3,1988MM08,77.4
48680,A4,315200,48680,1.5,0.1,1988MM09,77.5
48681,A4,315200,48681,1.6,-0.1,1988MM10,77.4
48682,A4,315200,48682,1.2,-0.1,1988MM11,77.3
48683,A4,315200,48683,1.5,0.4,1988MM12,77.6
48685,A4,315200,48685,1.4,0.0,1989MM01,77.7
48686,A4,315200,48686,1.4,-0.2,1989MM02,77.5
48687,A4,315200,48687,1.5,0.0,1989MM03,77.5
48688,A4,315200,48688,0.2,0.0,1989MM04,77.5
48689,A4,315200,48689,2.8,1.5,1989MM05,78.6
48690,A4,315200,48690,1.5,-0.7,1989MM06,78.1
48691,A4,315200,48691,1.4,0.2,1989MM07,78.2
48692,A4,315200,48692,1.1,0.1,1989MM08,78.2
48693,A4,315200,48693,1.1,0.2,1989MM09,78.4
48694,A4,315200,48694,1.1,-0.2,1989MM10,78.2
48695,A4,315200,48695,1.3,0.1,1989MM11,78.3
48696,A4,315200,48696,0.7,-0.1,1989MM12,78.2
48698,A4,315200,48698,1.7,1.0,1990MM01,79.0
48699,A4,315200,48699,1.4,-0.5,1990MM02,78.6
48700,A4,315200,48700,1.4,0.1,1990MM03,78.6
48701,A4,315200,48701,1.9,0.4,1990MM04,78.9
48702,A4,315200,48702,0.6,0.2,1990MM05,79.1
48703,A4,315200,48703,1.0,-0.3,1990MM06,78.8
48704,A4,315200,48704,0.5,-0.3,1990MM07,78.6
48705,A4,315200,48705,0.7,0.2,1990MM08,78.8
48706,A4,315200,48706,1.4,1.0,1990MM09,79.5
48707,A4,315200,48707,1.2,-0.4,1990MM10,79.2
48708,A4,315200,48708,0.8,-0.3,1990MM11,78.9
48709,A4,315200,48709,0.8,-0.1,1990MM12,78.8
48711,A4,315200,48711,-0.2,0.0,1991MM01,78.8
48712,A4,315200,48712,0.7,0.4,1991MM02,79.1
48713,A4,315200,48713,0.8,0.1,1991MM03,79.2
48714,A4,315200,48714,0.6,0.2,1991MM04,79.4
48715,A4,315200,48715,-0.4,-0.8,1991MM05,78.7
48716,A4,315200,48716,0.2,0.3,1991MM06,79.0
48717,A4,315200,48717,0.5,0.0,1991MM07,79.0
48718,A4,315200,48718,0.7,0.4,1991MM08,79.3
48719,A4,315200,48719,-0.4,-0.2,1991MM09,79.2
48720,A4,315200,48720,-0.1,-0.1,1991MM10,79.1
48721,A4,315200,48721,0.4,0.3,1991MM11,79.3
48722,A4,315200,48722,0.4,-0.2,1991MM12,79.1
48724,A4,315200,48724,0.8,0.4,1992MM01,79.5
48725,A4,315200,48725,-0.1,-0.5,1992MM02,79.1
48726,A4,315200,48726,1.0,1.3,1992MM03,80.0
48727,A4,315200,48727,0.2,-0.6,1992MM04,79.5
48728,A4,315200,48728,1.2,0.2,1992MM05,79.7
48729,A4,315200,48729,1.1,0.2,1992MM06,79.8
48730,A4,315200,48730,1.1,0.0,1992MM07,79.9
48731,A4,315200,48731,0.8,0.1,1992MM08,80.0
48732,A4,315200,48732,1.0,0.0,1992MM09,80.0
48733,A4,315200,48733,1.7,0.6,1992MM10,80.4
48734,A4,315200,48734,1.4,0.0,1992MM11,80.4
48735,A4,315200,48735,1.7,0.0,1992MM12,80.4
48737,A4,315200,48737,1.1,-0.1,1993MM01,80.4
48738,A4,315200,48738,1.5,-0.2,1993MM02,80.2
48739,A4,315200,48739,0.1,-0.2,1993MM03,80.1
48740,A4,315200,48740,-0.2,-0.8,1993MM04,79.4
48741,A4,315200,48741,0.0,0.3,1993MM05,79.7
48742,A4,315200,48742,-0.2,0.0,1993MM06,79.7
48743,A4,315200,48743,-0.2,0.1,1993MM07,79.7
48744,A4,315200,48744,-0.7,-0.4,1993MM08,79.4
48745,A4,315200,48745,-0.5,0.2,1993MM09,79.5
48746,A4,315200,48746,-1.6,-0.6,1993MM10,79.1
48747,A4,315200,48747,-1.9,-0.3,1993MM11,78.9
48748,A4,315200,48748,-2.1,-0.2,1993MM12,78.7
48750,A4,315200,48750,-1.6,0.5,1994MM01,79.1
48751,A4,315200,48751,-1.4,0.0,1994MM02,79.1
48752,A4,315200,48752,-1.0,0.2,1994MM03,79.3
48753,A4,315200,48753,-0.2,0.0,1994MM04,79.3
48754,A4,315200,48754,3.1,3.6,1994MM05,82.2
48755,A4,315200,48755,1.3,-1.8,1994MM06,80.7
48756,A4,315200,48756,2.5,1.3,1994MM07,81.7
48757,A4,315200,48757,2.8,-0.1,1994MM08,81.7
48758,A4,315200,48758,2.8,0.2,1994MM09,81.8
48759,A4,315200,48759,4.2,0.8,1994MM10,82.5
48760,A4,315200,48760,4.7,0.2,1994MM11,82.6
48761,A4,315200,48761,5.2,0.3,1994MM12,82.8
48763,A4,315200,48763,5.1,0.3,1995MM01,83.1
48764,A4,315200,48764,5.6,0.5,1995MM02,83.5
48765,A4,315200,48765,5.3,0.0,1995MM03,83.5
48766,A4,315200,48766,6.0,0.6,1995MM04,84.0
48767,A4,315200,48767,2.2,-0.1,1995MM05,83.9
48768,A4,315200,48768,4.0,0.0,1995MM06,83.9
48769,A4,315200,48769,2.6,0.0,1995MM07,83.9
48770,A4,315200,48770,2.5,-0.2,1995MM08,83.7
48771,A4,315200,48771,2.2,-0.1,1995MM09,83.6
48772,A4,315200,48772,1.3,-0.1,1995MM10,83.5
48773,A4,315200,48773,1.3,0.2,1995MM11,83.7
48774,A4,315200,48774,0.8,-0.2,1995MM12,83.5
48776,A4,315200,48776,0.5,0.1,1996MM01,83.5
48777,A4,315200,48777,-0.1,-0.1,1996MM02,83.4
48778,A4,315200,48778,-0.4,-0.3,1996MM03,83.2
48779,A4,315200,48779,-0.9,0.1,1996MM04,83.2
48780,A4,315200,48780,-1.0,-0.1,1996MM05,83.1
48781,A4,315200,48781,-0.9,0.0,1996MM06,83.1
48782,A4,315200,48782,-0.9,0.0,1996MM07,83.1
48783,A4,315200,48783,-0.6,0.1,1996MM08,83.2
48784,A4,315200,48784,-0.5,0.0,1996MM09,83.2
48785,A4,315200,48785,-0.5,0.0,1996MM10,83.1
48786,A4,315200,48786,-0.5,0.2,1996MM11,83.3
48787,A4,315200,48787,0.1,0.3,1996MM12,83.6
48789,A4,315200,48789,0.7,0.7,1997MM01,84.1
48790,A4,315200,48790,1.2,0.4,1997MM02,84.5
48791,A4,315200,48791,1.5,-0.1,1997MM03,84.4
48792,A4,315200,48792,1.7,0.3,1997MM04,84.6
48793,A4,315200,48793,1.7,-0.1,1997MM05,84.6
48794,A4,315200,48794,2.0,0.2,1997MM06,84.8
48795,A4,315200,48795,2.3,0.2,1997MM07,85.0
48796,A4,315200,48796,2.5,0.4,1997MM08,85.3
48797,A4,315200,48797,3.1,0.5,1997MM09,85.7
48798,A4,315200,48798,3.4,0.2,1997MM10,85.9
48799,A4,315200,48799,4.7,1.5,1997MM11,87.2
48800,A4,315200,48800,3.0,-1.4,1997MM12,86.1
48802,A4,315200,48802,2.9,0.6,1998MM01,86.6
48803,A4,315200,48803,3.1,0.6,1998MM02,87.1
48804,A4,315200,48804,3.4,0.2,1998MM03,87.3
48805,A4,315200,48805,3.1,0.0,1998MM04,87.3
48806,A4,315200,48806,3.4,0.2,1998MM05,87.4
48807,A4,315200,48807,3.5,0.3,1998MM06,87.7
48808,A4,315200,48808,3.1,-0.1,1998MM07,87.6
48809,A4,315200,48809,3.5,0.7,1998MM08,88.2
48810,A4,315200,48810,2.4,-0.5,1998MM09,87.8
48811,A4,315200,48811,2.1,0.0,1998MM10,87.7
48812,A4,315200,48812,0.8,0.2,1998MM11,87.9
48813,A4,315200,48813,1.8,-0.3,1998MM12,87.6
48815,A4,315200,48815,1.7,0.5,1999MM01,88.0
48816,A4,315200,48816,1.4,0.3,1999MM02,88.3
48817,A4,315200,48817,0.1,-1.1,1999MM03,87.4
48818,A4,315200,48818,2.0,1.9,1999MM04,89.0
48819,A4,315200,48819,2.0,0.2,1999MM05,89.2
48820,A4,315200,48820,2.4,0.7,1999MM06,89.8
48821,A4,315200,48821,1.6,-0.9,1999MM07,89.0
48822,A4,315200,48822,1.9,1.0,1999MM08,89.9
48823,A4,315200,48823,1.5,-0.9,1999MM09,89.1
48824,A4,315200,48824,3.2,1.6,1999MM10,90.5
48825,A4,315200,48825,2.3,-0.7,1999MM11,89.9
48826,A4,315200,48826,3.1,0.5,1999MM12,90.3
48828,A4,315200,48828,1.7,-0.9,2000MM01,89.5
48829,A4,315200,48829,1.5,0.1,2000MM02,89.6
48830,A4,315200,48830,2.6,0.1,2000MM03,89.6
48831,A4,315200,48831,0.9,0.2,2000MM04,89.8
48832,A4,315200,48832,1.0,0.3,2000MM05,90.1
48833,A4,315200,48833,0.4,0.1,2000MM06,90.2
48834,A4,315200,48834,1.7,0.4,2000MM07,90.6
48835,A4,315200,48835,0.5,-0.2,2000MM08,90.4
48836,A4,315200,48836,1.6,0.2,2000MM09,90.5
48837,A4,315200,48837,0.4,0.4,2000MM10,90.9
48838,A4,315200,48838,1.2,0.1,2000MM11,91.0
48839,A4,315200,48839,1.3,0.6,2000MM12,91.5
48841,A4,315200,48841,3.8,1.5,2001MM01,92.9
48842,A4,315200,48842,3.8,0.1,2001MM02,93.0
48843,A4,315200,48843,3.9,0.2,2001MM03,93.2
48844,A4,315200,48844,4.2,0.4,2001MM04,93.6
48845,A4,315200,48845,4.0,0.1,2001MM05,93.7
48846,A4,315200,48846,4.1,0.2,2001MM06,93.9
48847,A4,315200,48847,3.6,-0.1,2001MM07,93.8
48848,A4,315200,48848,3.7,-0.1,2001MM08,93.7
48849,A4,315200,48849,3.4,-0.1,2001MM09,93.6
48850,A4,315200,48850,3.0,0.1,2001MM10,93.7
48851,A4,315200,48851,3.1,0.2,2001MM11,93.8
48852,A4,315200,48852,2.5,0.0,2001MM12,93.8
48854,A4,315200,48854,1.1,0.2,2002MM01,94.0
48855,A4,315200,48855,1.1,0.0,2002MM02,94.0
48856,A4,315200,48856,0.9,0.0,2002MM03,94.0
48857,A4,315200,48857,0.3,-0.1,2002MM04,93.9
48858,A4,315200,48858,0.2,0.1,2002MM05,93.9
48859,A4,315200,48859,0.2,0.2,2002MM06,94.1
48860,A4,315200,48860,1.4,1.1,2002MM07,95.2
48861,A4,315200,48861,1.3,-0.2,2002MM08,95.0
48862,A4,315200,48862,1.8,0.3,2002MM09,95.3
48863,A4,315200,48863,1.9,0.2,2002MM10,95.4
48864,A4,315200,48864,1.6,-0.1,2002MM11,95.3
48865,A4,315200,48865,2.7,1.0,2002MM12,96.3
48867,A4,315200,48867,1.6,-0.9,2003MM01,95.5
48868,A4,315200,48868,1.1,-0.4,2003MM02,95.0
48869,A4,315200,48869,0.9,-0.2,2003MM03,94.8
48870,A4,315200,48870,2.4,1.4,2003MM04,96.1
48871,A4,315200,48871,1.7,-0.6,2003MM05,95.6
48872,A4,315200,48872,1.7,0.2,2003MM06,95.8
48873,A4,315200,48873,-0.6,-1.3,2003MM07,94.6
48874,A4,315200,48874,0.4,0.8,2003MM08,95.3
48875,A4,315200,48875,1.3,1.2,2003MM09,96.5
48876,A4,315200,48876,0.9,-0.3,2003MM10,96.2
48877,A4,315200,48877,0.3,-0.7,2003MM11,95.6
48878,A4,315200,48878,-0.5,0.2,2003MM12,95.8
48880,A4,315200,48880,0.2,-0.1,2004MM01,95.7
48881,A4,315200,48881,0.7,0.1,2004MM02,95.7
48882,A4,315200,48882,0.8,-0.2,2004MM03,95.6
48883,A4,315200,48883,-0.1,0.4,2004MM04,96.0
48884,A4,315200,48884,0.2,-0.2,2004MM05,95.7
48885,A4,315200,48885,-0.4,-0.4,2004MM06,95.4
48886,A4,315200,48886,0.6,-0.3,2004MM07,95.2
48887,A4,315200,48887,-0.1,0.1,2004MM08,95.2
48888,A4,315200,48888,-0.9,0.4,2004MM09,95.6
48889,A4,315200,48889,-0.5,0.1,2004MM10,95.7
48890,A4,315200,48890,0.1,-0.1,2004MM11,95.6
48891,A4,315200,48891,-0.2,-0.1,2004MM12,95.5
48893,A4,315200,48893,0.1,0.45,2005MM01,96.6
48894,A4,315200,48894,0.4,1.0,2005MM02,97.5
48895,A4,315200,48895,0.7,0.1,2005MM03,97.7
48896,A4,315200,48896,1.0,-0.4,2005MM04,97.2
48897,A4,315200,48897,1.3,-0.3,2005MM05,97.0
48898,A4,315200,48898,1.6,0.8,2005MM06,97.7
48899,A4,315200,48899,1.9,-0.5,2005MM07,97.2
48900,A4,315200,48900,2.2,0.1,2005MM08,97.3
48901,A4,315200,48901,2.5,0.0,2005MM09,97.4
48902,A4,315200,48902,2.8,0.3,2005MM10,97.7
48903,A4,315200,48903,3.1,2.2,2005MM11,99.9
48904,A4,315200,48904,3.4,0.2,2005MM12,100.1
48906,A4,315200,48906,3.7,0.1,2006MM01,100.2
48907,A4,315200,48907,2.9,0.1,2006MM02,100.3
48908,A4,315200,48908,2.2,-0.5,2006MM03,99.8
48909,A4,315200,48909,1.9,-0.7,2006MM04,99.1
48910,A4,315200,48910,2.7,0.5,2006MM05,99.6
48911,A4,315200,48911,1.7,-0.2,2006MM06,99.4
48912,A4,315200,48912,2.9,0.6,2006MM07,100.0
48913,A4,315200,48913,3.4,0.6,2006MM08,100.7
48914,A4,315200,48914,3.2,-0.2,2006MM09,100.5
48915,A4,315200,48915,3.1,0.2,2006MM10,100.7
48916,A4,315200,48916,0.6,-0.2,2006MM11,100.4
48917,A4,315200,48917,0.7,0.3,2006MM12,100.7
48919,A4,315200,48919,2.0,1.4,2007MM01,102.2
48920,A4,315200,48920,1.7,-0.1,2007MM02,102.1
48921,A4,315200,48921,1.9,-0.4,2007MM03,101.7
48922,A4,315200,48922,3.0,0.3,2007MM04,102.1
48923,A4,315200,48923,2.7,0.2,2007MM05,102.3
48924,A4,315200,48924,2.9,0.0,2007MM06,102.3
48925,A4,315200,48925,2.5,0.2,2007MM07,102.5
48926,A4,315200,48926,2.6,0.8,2007MM08,103.3
48927,A4,315200,48927,2.3,-0.5,2007MM09,102.8
48928,A4,315200,48928,2.5,0.4,2007MM10,103.2
48929,A4,315200,48929,2.9,0.1,2007MM11,103.3
48930,A4,315200,48930,1.1,-1.5,2007MM12,101.8
48932,A4,315200,48932,0.6,-1.03333333333,2008MM01,101.95
48933,A4,315200,48933,0.1,-0.566666666667,2008MM02,102.1
48934,A4,315200,48934,0.3,-0.1,2008MM03,102.0
48935,A4,315200,48935,-0.1,0.0,2008MM04,101.9
48936,A4,315200,48936,0.2,0.6,2008MM05,102.5
48937,A4,315200,48937,-1.3,-1.4,2008MM06,101.1
48938,A4,315200,48938,-2.0,-0.6,2008MM07,100.5
48939,A4,315200,48939,0.6,3.5,2008MM08,103.9
48940,A4,315200,48940,0.8,-0.3,2008MM09,103.6
48941,A4,315200,48941,0.3,-0.1,2008MM10,103.5
48942,A4,315200,48942,-0.3,-0.5,2008MM11,103.0
48943,A4,315200,48943,0.6,-0.6,2008MM12,102.4
48945,A4,315200,48945,1.55,1.1,2009MM01,103.6
48946,A4,315200,48946,2.5,1.1,2009MM02,104.7
48947,A4,315200,48947,1.1,-1.6,2009MM03,103.0
48948,A4,315200,48948,-0.6,-1.7,2009MM04,101.3
48949,A4,315200,48949,-3.6,-2.4,2009MM05,98.9
48950,A4,315200,48950,-3.0,-0.9,2009MM06,98.0
48951,A4,315200,48951,-2.7,-0.2,2009MM07,97.8
48952,A4,315200,48952,-6.1,-0.1,2009MM08,97.6
48953,A4,315200,48953,-6.6,-0.9,2009MM09,96.8
48954,A4,315200,48954,-7.2,-0.8,2009MM10,96.0
48955,A4,315200,48955,-4.8,2.2,2009MM11,98.1
48956,A4,315200,48956,-7.7,-3.7,2009MM12,94.5
48958,A4,315200,48958,-6.8,2.2,2010MM01,96.5
48959,A4,315200,48959,-5.7,2.3,2010MM02,98.7
48960,A4,315200,48960,-4.9,-0.8,2010MM03,98.0
48961,A4,315200,48961,-3.3,0.0,2010MM04,98.0
48962,A4,315200,48962,-0.7,0.1,2010MM05,98.1
48963,A4,315200,48963,0.9,0.8,2010MM06,98.9
48964,A4,315200,48964,0.7,-0.5,2010MM07,98.5
48965,A4,315200,48965,3.1,2.2,2010MM08,100.7
48966,A4,315200,48966,4.7,0.7,2010MM09,101.4
48967,A4,315200,48967,7.6,1.9,2010MM10,103.3
48968,A4,315200,48968,5.9,0.5,2010MM11,103.8
48969,A4,315200,48969,10.2,0.2,2010MM12,104.1
48971,A4,315200,48971,6.7,-1.1,2011MM01,103.0
48972,A4,315200,48972,6.4,2.0,2011MM02,105.1
48973,A4,315200,48973,7.1,-0.1,2011MM03,104.9
48974,A4,315200,48974,8.0,0.8,2011MM04,105.8
48975,A4,315200,48975,7.8,0.0,2011MM05,105.8
48976,A4,315200,48976,6.3,-0.6,2011MM06,105.1
48977,A4,315200,48977,8.3,1.5,2011MM07,106.7
48978,A4,315200,48978,6.5,0.5,2011MM08,107.2
48979,A4,315200,48979,6.9,1.1,2011MM09,108.4
48980,A4,315200,48980,5.1,0.2,2011MM10,108.6
48981,A4,315200,48981,4.4,-0.2,2011MM11,108.4
48982,A4,315200,48982,4.4,0.3,2011MM12,108.6
48984,A4,315200,48984,5.2,-0.3,2012MM01,108.4
48985,A4,315200,48985,2.3,-0.8,2012MM02,107.5
48986,A4,315200,48986,2.0,-0.4,2012MM03,107.0
48987,A4,315200,48987,1.5,0.3,2012MM04,107.4
48988,A4,315200,48988,2.7,1.2,2012MM05,108.6
48989,A4,315200,48989,2.4,-0.9,2012MM06,107.6
48990,A4,315200,48990,2.1,1.2,2012MM07,108.9
48991,A4,315200,48991,2.6,0.9,2012MM08,109.9
48992,A4,315200,48992,-0.3,-1.7,2012MM09,108.1
48993,A4,315200,48993,0.8,1.2,2012MM10,109.4
48994,A4,315200,48994,0.9,-0.1,2012MM11,109.3
48995,A4,315200,48995,-1.0,-1.6,2012MM12,107.6
48997,A4,315200,48997,0.1,0.8,2013MM01,108.4
48998,A4,315200,48998,1.7,0.8,2013MM02,109.3
48999,A4,315200,48999,2.3,0.2,2013MM03,109.5
49000,A4,315200,49000,3.5,1.5,2013MM04,111.1
49001,A4,315200,49001,2.2,-0.1,2013MM05,111.0
49002,A4,315200,49002,4.1,1.0,2013MM06,112.1
49003,A4,315200,49003,0.2,-2.6,2013MM07,109.2
49004,A4,315200,49004,-0.6,0.1,2013MM08,109.3
49005,A4,315200,49005,1.5,0.4,2013MM09,109.7
49006,A4,315200,49006,3.6,3.3,2013MM10,113.3
49007,A4,315200,49007,3.4,-0.3,2013MM11,113.0
49008,A4,315200,49008,6.7,1.6,2013MM12,114.8
49010,A4,315200,49010,6.0,0.1,2014MM01,115.0
49011,A4,315200,49011,4.5,-0.6,2014MM02,114.2
49012,A4,315200,49012,5.7,1.3,2014MM03,115.7
49013,A4,315200,49013,3.5,-0.6,2014MM04,115.0
49014,A4,315200,49014,3.5,-0.1,2014MM05,114.9
49015,A4,315200,49015,2.2,-0.3,2014MM06,114.6
49016,A4,315200,49016,7.1,2.1,2014MM07,117.0
49017,A4,315200,49017,7.1,0.0,2014MM08,117.0
49018,A4,315200,49018,6.8,0.2,2014MM09,117.1
49019,A4,315200,49019,5.1,1.7,2014MM10,119.1
49020,A4,315200,49020,4.9,-0.5,2014MM11,118.6
49021,A4,315200,49021,3.8,0.5,2014MM12,119.2
49023,A4,315200,49023,3.7,0.0,2015MM01,119.2
49024,A4,315200,49024,4.4,0.0,2015MM02,119.2
49025,A4,315200,49025,3.1,0.0,2015MM03,119.2
49026,A4,315200,49026,3.8,0.1,2015MM04,119.3
49027,A4,315200,49027,3.9,0.0,2015MM05,119.3
49028,A4,315200,49028,4.1,0.0,2015MM06,119.3
49029,A4,315200,49029,0.9,-1.1,2015MM07,118.0
49030,A4,315200,49030,-2.0,-2.9,2015MM08,114.7
49031,A4,315200,49031,1.7,3.8,2015MM09,119.1
49032,A4,315200,49032,-0.7,-0.7,2015MM10,118.3
49033,A4,315200,49033,-1.5,-1.2,2015MM11,116.8
49034,A4,315200,49034,-2.0,0.0,2015MM12,116.8
49036,A4,315200,49036,-2.4,-0.4,2016MM01,116.4
49037,A4,315200,49037,-2.1,0.3,2016MM02,116.7
49038,A4,315200,49038,-1.8,0.3,2016MM03,117.1
49039,A4,315200,49039,-1.9,0.0,2016MM04,117.0
49040,A4,315200,49040,-0.6,1.3,2016MM05,118.6
49041,A4,315200,49041,-0.1,0.5,2016MM06,119.2
49042,A4,315200,49042,0.7,-0.3,2016MM07,118.9
49043,A4,315200,49043,1.3,-2.3,2016MM08,116.2
49044,A4,315200,49044,-1.0,1.4,2016MM09,117.9
49045,A4,315200,49045,-1.4,-1.1,2016MM10,116.5
49046,A4,315200,49046,0.1,0.3,2016MM11,116.9
49047,A4,315200,49047,0.1,0.0,2016MM12,116.9
49049,A4,315200,49049,2.2,1.7,2017MM01,118.9
49050,A4,315200,49050,0.9,-1.0,2017MM02,117.8
49051,A4,315200,49051,0.2,-0.4,2017MM03,117.3
49052,A4,315200,49052,1.3,1.1,2017MM04,118.5
49053,A4,315200,49053,-0.2,-0.2,2017MM05,118.3
49054,A4,315200,49054,-0.8,0.0,2017MM06,118.3
49055,A4,315200,49055,-0.3,0.2,2017MM07,118.5
49056,A4,315200,49056,1.0,-0.9,2017MM08,117.4
49057,A4,315200,49057,0.9,1.3,2017MM09,119.0
49058,A4,315200,49058,0.8,-1.2,2017MM10,117.5
49059,A4,315200,49059,1.3,0.8,2017MM11,118.4
49060,A4,315200,49060,1.3,0.0,2017MM12,118.4
