,Afzet,BedrijfstakkenBranchesSBI2008,ID,OntwikkelingTOV1JaarEerder_2,OntwikkelingTOV1MaandEerder_3,Perioden,ProducentenprijsindexPPI_1
17147,A6,315805,17147,,,2005MM01,85.6
17148,A6,315805,17148,,0.0,2005MM02,85.6
17149,A6,315805,17149,,0.0,2005MM03,85.6
17150,A6,315805,17150,,-0.1,2005MM04,85.5
17151,A6,315805,17151,,0.0,2005MM05,85.6
17152,A6,315805,17152,,0.0,2005MM06,85.6
17153,A6,315805,17153,,0.2,2005MM07,85.7
17154,A6,315805,17154,,0.1,2005MM08,85.8
17155,A6,315805,17155,,0.0,2005MM09,85.8
17156,A6,315805,17156,,0.2,2005MM10,85.9
17157,A6,315805,17157,,-0.1,2005MM11,85.8
17158,A6,315805,17158,,0.0,2005MM12,85.9
17160,A6,315805,17160,1.8,1.5,2006MM01,87.1
17161,A6,315805,17161,1.9,0.1,2006MM02,87.2
17162,A6,315805,17162,2.1,0.2,2006MM03,87.4
17163,A6,315805,17163,2.5,0.4,2006MM04,87.7
17164,A6,315805,17164,2.5,0.0,2006MM05,87.7
17165,A6,315805,17165,2.5,0.1,2006MM06,87.8
17166,A6,315805,17166,3.2,0.8,2006MM07,88.5
17167,A6,315805,17167,3.2,0.1,2006MM08,88.5
17168,A6,315805,17168,3.4,0.2,2006MM09,88.7
17169,A6,315805,17169,3.9,0.6,2006MM10,89.3
17170,A6,315805,17170,4.1,0.1,2006MM11,89.4
17171,A6,315805,17171,5.2,1.1,2006MM12,90.3
17173,A6,315805,17173,7.5,3.7,2007MM01,93.7
17174,A6,315805,17174,7.6,0.2,2007MM02,93.8
17175,A6,315805,17175,7.6,0.2,2007MM03,94.0
17176,A6,315805,17176,8.4,1.1,2007MM04,95.0
17177,A6,315805,17177,8.5,0.2,2007MM05,95.2
17178,A6,315805,17178,8.6,0.1,2007MM06,95.3
17179,A6,315805,17179,8.4,0.6,2007MM07,95.9
17180,A6,315805,17180,8.4,0.1,2007MM08,95.9
17181,A6,315805,17181,8.2,0.0,2007MM09,96.0
17182,A6,315805,17182,7.9,0.4,2007MM10,96.4
17183,A6,315805,17183,8.0,0.2,2007MM11,96.5
17184,A6,315805,17184,6.9,0.0,2007MM12,96.5
17186,A6,315805,17186,5.5,2.3,2008MM01,98.8
17187,A6,315805,17187,5.3,0.0,2008MM02,98.8
17188,A6,315805,17188,5.1,0.0,2008MM03,98.8
17189,A6,315805,17189,4.5,0.6,2008MM04,99.3
17190,A6,315805,17190,4.4,0.1,2008MM05,99.4
17191,A6,315805,17191,4.5,0.1,2008MM06,99.6
17192,A6,315805,17192,4.7,0.8,2008MM07,100.4
17193,A6,315805,17193,4.8,0.2,2008MM08,100.6
17194,A6,315805,17194,4.8,0.0,2008MM09,100.6
17195,A6,315805,17195,4.6,0.2,2008MM10,100.8
17196,A6,315805,17196,4.0,-0.4,2008MM11,100.4
17197,A6,315805,17197,3.6,-0.4,2008MM12,100.0
17199,A6,315805,17199,2.7,1.5,2009MM01,101.5
17200,A6,315805,17200,2.6,-0.1,2009MM02,101.3
17201,A6,315805,17201,2.7,0.1,2009MM03,101.4
17202,A6,315805,17202,1.4,-0.7,2009MM04,100.7
17203,A6,315805,17203,1.2,-0.1,2009MM05,100.6
17204,A6,315805,17204,1.0,-0.1,2009MM06,100.5
17205,A6,315805,17205,-0.6,-0.7,2009MM07,99.8
17206,A6,315805,17206,-0.8,0.0,2009MM08,99.8
17207,A6,315805,17207,-0.6,0.1,2009MM09,100.0
17208,A6,315805,17208,-1.4,-0.6,2009MM10,99.4
17209,A6,315805,17209,-1.0,0.0,2009MM11,99.4
17210,A6,315805,17210,-0.6,0.0,2009MM12,99.4
17212,A6,315805,17212,-1.9,0.1,2010MM01,99.5
17213,A6,315805,17213,-1.8,0.0,2010MM02,99.5
17214,A6,315805,17214,-1.8,0.0,2010MM03,99.6
17215,A6,315805,17215,-0.8,0.4,2010MM04,99.9
17216,A6,315805,17216,-0.6,0.1,2010MM05,100.0
17217,A6,315805,17217,-0.6,-0.1,2010MM06,99.9
17218,A6,315805,17218,0.3,0.2,2010MM07,100.1
17219,A6,315805,17219,0.3,0.0,2010MM08,100.1
17220,A6,315805,17220,0.1,0.0,2010MM09,100.1
17221,A6,315805,17221,1.0,0.3,2010MM10,100.4
17222,A6,315805,17222,1.0,0.0,2010MM11,100.4
17223,A6,315805,17223,1.1,0.1,2010MM12,100.5
17225,A6,315805,17225,1.6,0.7,2011MM01,101.1
17226,A6,315805,17226,1.7,0.0,2011MM02,101.2
17227,A6,315805,17227,1.8,0.1,2011MM03,101.3
17228,A6,315805,17228,2.3,0.9,2011MM04,102.2
17229,A6,315805,17229,2.3,0.0,2011MM05,102.3
17230,A6,315805,17230,2.4,0.0,2011MM06,102.3
17231,A6,315805,17231,2.6,0.4,2011MM07,102.7
17232,A6,315805,17232,2.7,0.0,2011MM08,102.7
17233,A6,315805,17233,2.7,0.0,2011MM09,102.8
17234,A6,315805,17234,2.2,-0.1,2011MM10,102.6
17235,A6,315805,17235,2.3,0.0,2011MM11,102.6
17236,A6,315805,17236,2.2,0.0,2011MM12,102.6
17238,A6,315805,17238,3.0,1.5,2012MM01,104.1
17239,A6,315805,17239,3.2,0.2,2012MM02,104.4
17240,A6,315805,17240,3.1,0.1,2012MM03,104.5
17241,A6,315805,17241,2.2,0.0,2012MM04,104.5
17242,A6,315805,17242,2.2,0.0,2012MM05,104.5
17243,A6,315805,17243,2.2,0.0,2012MM06,104.5
17244,A6,315805,17244,1.5,-0.3,2012MM07,104.2
17245,A6,315805,17245,1.6,0.1,2012MM08,104.3
17246,A6,315805,17246,1.6,0.1,2012MM09,104.4
17247,A6,315805,17247,1.8,0.0,2012MM10,104.5
17248,A6,315805,17248,1.7,-0.1,2012MM11,104.4
17249,A6,315805,17249,1.7,-0.1,2012MM12,104.3
17251,A6,315805,17251,-0.2,-0.4,2013MM01,103.9
17252,A6,315805,17252,-0.3,0.1,2013MM02,104.1
17253,A6,315805,17253,-0.4,0.0,2013MM03,104.1
17254,A6,315805,17254,-0.4,0.0,2013MM04,104.1
17255,A6,315805,17255,-0.5,-0.1,2013MM05,104.0
17256,A6,315805,17256,-0.5,0.0,2013MM06,103.9
17257,A6,315805,17257,-0.4,-0.1,2013MM07,103.8
17258,A6,315805,17258,-0.5,0.0,2013MM08,103.8
17259,A6,315805,17259,-0.6,-0.1,2013MM09,103.7
17260,A6,315805,17260,-0.7,0.0,2013MM10,103.8
17261,A6,315805,17261,-0.6,0.0,2013MM11,103.8
17262,A6,315805,17262,-0.6,-0.1,2013MM12,103.7
17264,A6,315805,17264,0.2,0.4,2014MM01,104.1
17265,A6,315805,17265,0.1,0.0,2014MM02,104.1
17266,A6,315805,17266,0.0,0.0,2014MM03,104.1
17267,A6,315805,17267,-0.1,-0.1,2014MM04,104.1
17268,A6,315805,17268,0.1,0.0,2014MM05,104.0
17269,A6,315805,17269,0.2,0.1,2014MM06,104.2
17270,A6,315805,17270,0.4,0.1,2014MM07,104.3
17271,A6,315805,17271,0.6,0.1,2014MM08,104.4
17272,A6,315805,17272,0.5,-0.1,2014MM09,104.3
17273,A6,315805,17273,1.0,0.5,2014MM10,104.8
17274,A6,315805,17274,0.9,-0.1,2014MM11,104.8
17275,A6,315805,17275,1.0,0.0,2014MM12,104.7
17277,A6,315805,17277,0.6,0.0,2015MM01,104.7
17278,A6,315805,17278,0.5,-0.1,2015MM02,104.7
17279,A6,315805,17279,0.6,0.1,2015MM03,104.8
17280,A6,315805,17280,1.2,0.5,2015MM04,105.3
17281,A6,315805,17281,1.3,0.1,2015MM05,105.4
17282,A6,315805,17282,1.3,0.0,2015MM06,105.5
17283,A6,315805,17283,1.5,0.3,2015MM07,105.8
17284,A6,315805,17284,1.6,0.2,2015MM08,106.1
17285,A6,315805,17285,1.7,0.0,2015MM09,106.1
17286,A6,315805,17286,2.1,0.9,2015MM10,107.0
17287,A6,315805,17287,2.3,0.1,2015MM11,107.1
17288,A6,315805,17288,2.2,0.0,2015MM12,107.1
17290,A6,315805,17290,2.6,0.3,2016MM01,107.5
17291,A6,315805,17291,2.7,0.0,2016MM02,107.5
17292,A6,315805,17292,2.6,0.0,2016MM03,107.5
17293,A6,315805,17293,1.5,-0.6,2016MM04,106.9
17294,A6,315805,17294,1.5,0.1,2016MM05,107.0
17295,A6,315805,17295,1.6,0.1,2016MM06,107.2
17296,A6,315805,17296,2.0,0.7,2016MM07,107.9
17297,A6,315805,17297,1.8,0.0,2016MM08,107.9
17298,A6,315805,17298,1.7,0.0,2016MM09,108.0
17299,A6,315805,17299,1.0,0.1,2016MM10,108.1
17300,A6,315805,17300,1.0,0.1,2016MM11,108.2
17301,A6,315805,17301,1.1,0.1,2016MM12,108.3
17303,A6,315805,17303,1.1,0.4,2017MM01,108.7
17304,A6,315805,17304,1.2,0.1,2017MM02,108.8
17305,A6,315805,17305,1.3,0.1,2017MM03,109.0
17306,A6,315805,17306,2.6,0.6,2017MM04,109.6
17307,A6,315805,17307,2.4,0.0,2017MM05,109.6
17308,A6,315805,17308,2.3,0.1,2017MM06,109.6
17309,A6,315805,17309,1.4,-0.2,2017MM07,109.4
17310,A6,315805,17310,1.6,0.3,2017MM08,109.7
17311,A6,315805,17311,1.5,-0.1,2017MM09,109.6
17312,A6,315805,17312,1.9,0.5,2017MM10,110.1
17313,A6,315805,17313,2.1,0.3,2017MM11,110.5
17314,A6,315805,17314,1.8,-0.2,2017MM12,110.2
