,Afzet,BedrijfstakkenBranchesSBI2008,ID,OntwikkelingTOV1JaarEerder_2,OntwikkelingTOV1MaandEerder_3,Perioden,ProducentenprijsindexPPI_1
81770,A5,315800,81770,3.11538461538,0.2,1981MM01,55.5
81771,A5,315800,81771,3.13076923077,0.4,1981MM02,55.7
81772,A5,315800,81772,3.14615384615,0.3,1981MM03,55.9
81773,A5,315800,81773,3.16153846154,0.1,1981MM04,55.9
81774,A5,315800,81774,3.17692307692,0.1,1981MM05,56.0
81775,A5,315800,81775,3.19230769231,0.0,1981MM06,56.0
81776,A5,315800,81776,3.20769230769,0.1,1981MM07,56.1
81777,A5,315800,81777,3.22307692308,0.3,1981MM08,56.2
81778,A5,315800,81778,3.23846153846,0.0,1981MM09,56.2
81779,A5,315800,81779,3.25384615385,0.2,1981MM10,56.3
81780,A5,315800,81780,3.26923076923,-0.5,1981MM11,56.1
81781,A5,315800,81781,3.28461538462,0.4,1981MM12,56.3
81783,A5,315800,81783,3.3,1.9,1982MM01,57.3
81784,A5,315800,81784,3.2,0.2,1982MM02,57.5
81785,A5,315800,81785,2.4,-0.4,1982MM03,57.2
81786,A5,315800,81786,2.2,-0.1,1982MM04,57.2
81787,A5,315800,81787,2.2,0.1,1982MM05,57.3
81788,A5,315800,81788,2.0,-0.2,1982MM06,57.1
81789,A5,315800,81789,2.2,0.3,1982MM07,57.3
81790,A5,315800,81790,2.2,0.3,1982MM08,57.4
81791,A5,315800,81791,2.0,-0.2,1982MM09,57.4
81792,A5,315800,81792,2.5,0.7,1982MM10,57.7
81793,A5,315800,81793,3.2,0.2,1982MM11,57.9
81794,A5,315800,81794,3.8,1.0,1982MM12,58.4
81796,A5,315800,81796,2.6,0.6,1983MM01,58.8
81797,A5,315800,81797,2.3,0.0,1983MM02,58.8
81798,A5,315800,81798,3.5,0.7,1983MM03,59.2
81799,A5,315800,81799,3.7,0.2,1983MM04,59.3
81800,A5,315800,81800,3.5,-0.1,1983MM05,59.2
81801,A5,315800,81801,3.2,-0.5,1983MM06,59.0
81802,A5,315800,81802,3.0,0.0,1983MM07,59.0
81803,A5,315800,81803,2.7,0.0,1983MM08,59.0
81804,A5,315800,81804,2.9,0.1,1983MM09,59.0
81805,A5,315800,81805,1.9,-0.3,1983MM10,58.8
81806,A5,315800,81806,1.7,0.0,1983MM11,58.9
81807,A5,315800,81807,0.9,0.1,1983MM12,58.9
81809,A5,315800,81809,0.6,0.3,1984MM01,59.1
81810,A5,315800,81810,0.7,0.1,1984MM02,59.2
81811,A5,315800,81811,0.4,0.4,1984MM03,59.4
81812,A5,315800,81812,0.4,0.2,1984MM04,59.6
81813,A5,315800,81813,0.5,0.0,1984MM05,59.6
81814,A5,315800,81814,0.9,-0.2,1984MM06,59.5
81815,A5,315800,81815,1.0,0.2,1984MM07,59.6
81816,A5,315800,81816,1.2,0.2,1984MM08,59.7
81817,A5,315800,81817,1.6,0.4,1984MM09,59.9
81818,A5,315800,81818,2.0,0.2,1984MM10,60.0
81819,A5,315800,81819,1.7,-0.3,1984MM11,59.9
81820,A5,315800,81820,2.1,0.5,1984MM12,60.2
81822,A5,315800,81822,2.0,0.2,1985MM01,60.3
81823,A5,315800,81823,1.6,-0.2,1985MM02,60.2
81824,A5,315800,81824,1.6,0.4,1985MM03,60.4
81825,A5,315800,81825,1.6,0.1,1985MM04,60.5
81826,A5,315800,81826,1.7,0.1,1985MM05,60.6
81827,A5,315800,81827,1.9,0.0,1985MM06,60.6
81828,A5,315800,81828,1.8,0.1,1985MM07,60.6
81829,A5,315800,81829,1.7,0.1,1985MM08,60.7
81830,A5,315800,81830,1.5,0.2,1985MM09,60.8
81831,A5,315800,81831,1.3,0.0,1985MM10,60.8
81832,A5,315800,81832,1.6,0.0,1985MM11,60.8
81833,A5,315800,81833,1.0,-0.1,1985MM12,60.8
81835,A5,315800,81835,0.8,-0.1,1986MM01,60.8
81836,A5,315800,81836,1.9,1.0,1986MM02,61.4
81837,A5,315800,81837,1.2,-0.4,1986MM03,61.1
81838,A5,315800,81838,1.3,0.2,1986MM04,61.3
81839,A5,315800,81839,1.1,0.0,1986MM05,61.3
81840,A5,315800,81840,1.2,0.0,1986MM06,61.3
81841,A5,315800,81841,1.1,0.1,1986MM07,61.3
81842,A5,315800,81842,1.0,0.0,1986MM08,61.3
81843,A5,315800,81843,0.9,0.1,1986MM09,61.3
81844,A5,315800,81844,0.7,-0.2,1986MM10,61.2
81845,A5,315800,81845,0.7,0.0,1986MM11,61.3
81846,A5,315800,81846,0.9,0.1,1986MM12,61.3
81848,A5,315800,81848,1.1,0.2,1987MM01,61.4
81849,A5,315800,81849,0.1,0.0,1987MM02,61.4
81850,A5,315800,81850,2.1,1.6,1987MM03,62.4
81851,A5,315800,81851,0.8,-1.0,1987MM04,61.7
81852,A5,315800,81852,1.7,0.9,1987MM05,62.3
81853,A5,315800,81853,1.8,0.1,1987MM06,62.4
81854,A5,315800,81854,1.7,0.0,1987MM07,62.4
81855,A5,315800,81855,1.8,0.1,1987MM08,62.4
81856,A5,315800,81856,1.8,0.1,1987MM09,62.4
81857,A5,315800,81857,2.1,0.1,1987MM10,62.5
81858,A5,315800,81858,1.8,-0.3,1987MM11,62.4
81859,A5,315800,81859,2.1,0.4,1987MM12,62.6
81861,A5,315800,81861,1.7,-0.2,1988MM01,62.5
81862,A5,315800,81862,1.6,-0.1,1988MM02,62.4
81863,A5,315800,81863,-0.1,-0.1,1988MM03,62.4
81864,A5,315800,81864,1.5,0.5,1988MM04,62.7
81865,A5,315800,81865,0.5,-0.2,1988MM05,62.6
81866,A5,315800,81866,0.4,0.0,1988MM06,62.6
81867,A5,315800,81867,0.3,-0.1,1988MM07,62.5
81868,A5,315800,81868,0.4,0.2,1988MM08,62.6
81869,A5,315800,81869,0.5,0.2,1988MM09,62.7
81870,A5,315800,81870,0.6,0.3,1988MM10,62.9
81871,A5,315800,81871,0.8,-0.1,1988MM11,62.8
81872,A5,315800,81872,0.6,0.2,1988MM12,63.0
81874,A5,315800,81874,1.0,0.2,1989MM01,63.1
81875,A5,315800,81875,1.4,0.2,1989MM02,63.3
81876,A5,315800,81876,1.4,-0.1,1989MM03,63.2
81877,A5,315800,81877,0.7,-0.2,1989MM04,63.1
81878,A5,315800,81878,2.0,1.2,1989MM05,63.8
81879,A5,315800,81879,1.2,-0.8,1989MM06,63.3
81880,A5,315800,81880,1.4,0.1,1989MM07,63.4
81881,A5,315800,81881,1.0,-0.2,1989MM08,63.3
81882,A5,315800,81882,0.3,-0.5,1989MM09,62.9
81883,A5,315800,81883,-0.3,-0.3,1989MM10,62.7
81884,A5,315800,81884,-0.5,-0.3,1989MM11,62.5
81885,A5,315800,81885,-0.8,-0.1,1989MM12,62.5
81887,A5,315800,81887,-1.2,-0.2,1990MM01,62.3
81888,A5,315800,81888,-2.2,-0.7,1990MM02,61.9
81889,A5,315800,81889,-2.5,-0.4,1990MM03,61.6
81890,A5,315800,81890,-2.7,-0.4,1990MM04,61.4
81891,A5,315800,81891,-4.1,-0.3,1990MM05,61.2
81892,A5,315800,81892,-3.2,0.2,1990MM06,61.3
81893,A5,315800,81893,-3.2,0.1,1990MM07,61.4
81894,A5,315800,81894,-2.9,0.1,1990MM08,61.4
81895,A5,315800,81895,-2.3,0.1,1990MM09,61.5
81896,A5,315800,81896,-2.1,-0.1,1990MM10,61.4
81897,A5,315800,81897,-1.7,0.1,1990MM11,61.5
81898,A5,315800,81898,-1.6,0.0,1990MM12,61.5
81900,A5,315800,81900,-1.4,0.0,1991MM01,61.5
81901,A5,315800,81901,0.7,1.3,1991MM02,62.3
81902,A5,315800,81902,0.9,-0.1,1991MM03,62.2
81903,A5,315800,81903,1.4,0.1,1991MM04,62.3
81904,A5,315800,81904,1.9,0.2,1991MM05,62.4
81905,A5,315800,81905,1.8,0.1,1991MM06,62.4
81906,A5,315800,81906,1.9,0.1,1991MM07,62.5
81907,A5,315800,81907,1.8,0.0,1991MM08,62.5
81908,A5,315800,81908,1.8,0.1,1991MM09,62.6
81909,A5,315800,81909,1.9,0.0,1991MM10,62.6
81910,A5,315800,81910,1.8,0.0,1991MM11,62.6
81911,A5,315800,81911,1.7,-0.1,1991MM12,62.5
81913,A5,315800,81913,1.6,-0.1,1992MM01,62.5
81914,A5,315800,81914,0.2,0.0,1992MM02,62.4
81915,A5,315800,81915,1.6,1.3,1992MM03,63.2
81916,A5,315800,81916,0.9,-0.7,1992MM04,62.8
81917,A5,315800,81917,0.9,0.2,1992MM05,63.0
81918,A5,315800,81918,0.9,0.1,1992MM06,63.0
81919,A5,315800,81919,1.7,0.9,1992MM07,63.6
81920,A5,315800,81920,1.6,-0.1,1992MM08,63.5
81921,A5,315800,81921,1.6,0.0,1992MM09,63.6
81922,A5,315800,81922,1.7,0.1,1992MM10,63.6
81923,A5,315800,81923,1.6,-0.1,1992MM11,63.6
81924,A5,315800,81924,1.4,-0.3,1992MM12,63.4
81926,A5,315800,81926,1.2,-0.3,1993MM01,63.2
81927,A5,315800,81927,1.2,0.0,1993MM02,63.2
81928,A5,315800,81928,-0.2,-0.1,1993MM03,63.1
81929,A5,315800,81929,0.3,-0.1,1993MM04,63.0
81930,A5,315800,81930,1.2,1.0,1993MM05,63.7
81931,A5,315800,81931,0.9,-0.2,1993MM06,63.6
81932,A5,315800,81932,-0.1,-0.1,1993MM07,63.5
81933,A5,315800,81933,-0.7,-0.7,1993MM08,63.1
81934,A5,315800,81934,-0.9,-0.2,1993MM09,63.0
81935,A5,315800,81935,-1.2,-0.1,1993MM10,62.9
81936,A5,315800,81936,-1.0,0.1,1993MM11,63.0
81937,A5,315800,81937,-1.8,-1.1,1993MM12,62.3
81939,A5,315800,81939,-2.8,-1.3,1994MM01,61.4
81940,A5,315800,81940,-2.8,-0.1,1994MM02,61.4
81941,A5,315800,81941,-2.3,0.5,1994MM03,61.7
81942,A5,315800,81942,-1.6,0.6,1994MM04,62.1
81943,A5,315800,81943,1.1,3.8,1994MM05,64.4
81944,A5,315800,81944,-1.3,-2.5,1994MM06,62.8
81945,A5,315800,81945,-0.7,0.5,1994MM07,63.1
81946,A5,315800,81946,0.3,0.2,1994MM08,63.3
81947,A5,315800,81947,1.0,0.6,1994MM09,63.6
81948,A5,315800,81948,1.8,0.6,1994MM10,64.0
81949,A5,315800,81949,4.2,2.5,1994MM11,65.6
81950,A5,315800,81950,6.2,0.8,1994MM12,66.1
81952,A5,315800,81952,8.6,0.9,1995MM01,66.7
81953,A5,315800,81953,9.0,0.3,1995MM02,66.9
81954,A5,315800,81954,8.4,0.0,1995MM03,66.9
81955,A5,315800,81955,8.9,1.0,1995MM04,67.6
81956,A5,315800,81956,5.5,0.5,1995MM05,67.9
81957,A5,315800,81957,8.6,0.3,1995MM06,68.1
81958,A5,315800,81958,7.4,-0.6,1995MM07,67.7
81959,A5,315800,81959,7.8,0.6,1995MM08,68.2
81960,A5,315800,81960,7.4,0.2,1995MM09,68.3
81961,A5,315800,81961,6.2,-0.4,1995MM10,68.0
81962,A5,315800,81962,3.5,-0.1,1995MM11,67.9
81963,A5,315800,81963,2.6,-0.1,1995MM12,67.8
81965,A5,315800,81965,0.9,-0.7,1996MM01,67.4
81966,A5,315800,81966,0.7,0.0,1996MM02,67.4
81967,A5,315800,81967,0.6,-0.1,1996MM03,67.3
81968,A5,315800,81968,0.8,1.2,1996MM04,68.1
81969,A5,315800,81969,0.5,0.2,1996MM05,68.3
81970,A5,315800,81970,0.3,0.2,1996MM06,68.4
81971,A5,315800,81971,0.5,-0.4,1996MM07,68.1
81972,A5,315800,81972,-0.4,-0.3,1996MM08,67.9
81973,A5,315800,81973,-0.4,0.2,1996MM09,68.0
81974,A5,315800,81974,0.3,0.2,1996MM10,68.2
81975,A5,315800,81975,1.0,0.7,1996MM11,68.6
81976,A5,315800,81976,1.6,0.4,1996MM12,68.9
81978,A5,315800,81978,3.2,0.9,1997MM01,69.5
81979,A5,315800,81979,3.8,0.6,1997MM02,69.9
81980,A5,315800,81980,3.6,-0.3,1997MM03,69.7
81981,A5,315800,81981,3.0,0.6,1997MM04,70.2
81982,A5,315800,81982,2.9,0.1,1997MM05,70.2
81983,A5,315800,81983,3.2,0.5,1997MM06,70.5
81984,A5,315800,81984,5.0,1.4,1997MM07,71.5
81985,A5,315800,81985,5.2,-0.2,1997MM08,71.4
81986,A5,315800,81986,4.8,-0.1,1997MM09,71.3
81987,A5,315800,81987,4.8,0.1,1997MM10,71.4
81988,A5,315800,81988,4.6,0.4,1997MM11,71.7
81989,A5,315800,81989,4.2,0.0,1997MM12,71.7
81991,A5,315800,81991,3.0,-0.1,1998MM01,71.6
81992,A5,315800,81992,2.5,0.0,1998MM02,71.7
81993,A5,315800,81993,3.5,0.7,1998MM03,72.2
81994,A5,315800,81994,2.1,-0.8,1998MM04,71.6
81995,A5,315800,81995,1.7,-0.4,1998MM05,71.4
81996,A5,315800,81996,1.8,0.6,1998MM06,71.8
81997,A5,315800,81997,0.3,-0.1,1998MM07,71.7
81998,A5,315800,81998,-0.1,-0.6,1998MM08,71.3
81999,A5,315800,81999,0.2,0.3,1998MM09,71.5
82000,A5,315800,82000,-0.7,-0.8,1998MM10,70.9
82001,A5,315800,82001,-1.0,0.1,1998MM11,71.0
82002,A5,315800,82002,-1.2,-0.2,1998MM12,70.9
82004,A5,315800,82004,-1.4,-0.4,1999MM01,70.6
82005,A5,315800,82005,-1.0,0.5,1999MM02,71.0
82006,A5,315800,82006,-1.3,0.4,1999MM03,71.2
82007,A5,315800,82007,-0.8,-0.2,1999MM04,71.1
82008,A5,315800,82008,-0.2,0.3,1999MM05,71.3
82009,A5,315800,82009,-0.5,0.2,1999MM06,71.4
82010,A5,315800,82010,-0.2,0.2,1999MM07,71.6
82011,A5,315800,82011,0.5,0.0,1999MM08,71.6
82012,A5,315800,82012,0.7,0.6,1999MM09,72.0
82013,A5,315800,82013,1.6,0.1,1999MM10,72.1
82014,A5,315800,82014,2.0,0.5,1999MM11,72.5
82015,A5,315800,82015,2.4,0.2,1999MM12,72.6
82017,A5,315800,82017,4.3,1.4,2000MM01,73.7
82018,A5,315800,82018,4.0,0.1,2000MM02,73.8
82019,A5,315800,82019,3.6,0.0,2000MM03,73.8
82020,A5,315800,82020,3.8,0.0,2000MM04,73.8
82021,A5,315800,82021,3.8,0.3,2000MM05,74.0
82022,A5,315800,82022,3.5,-0.1,2000MM06,74.0
82023,A5,315800,82023,3.6,0.3,2000MM07,74.2
82024,A5,315800,82024,3.6,0.0,2000MM08,74.2
82025,A5,315800,82025,3.0,0.0,2000MM09,74.2
82026,A5,315800,82026,2.8,-0.2,2000MM10,74.1
82027,A5,315800,82027,2.2,0.0,2000MM11,74.1
82028,A5,315800,82028,2.0,0.0,2000MM12,74.1
82030,A5,315800,82030,-1.8,-2.4,2001MM01,72.3
82031,A5,315800,82031,-2.0,0.0,2001MM02,72.3
82032,A5,315800,82032,-2.2,-0.1,2001MM03,72.2
82033,A5,315800,82033,3.3,5.5,2001MM04,76.2
82034,A5,315800,82034,3.1,0.1,2001MM05,76.3
82035,A5,315800,82035,3.1,-0.1,2001MM06,76.2
82036,A5,315800,82036,3.0,0.2,2001MM07,76.4
82037,A5,315800,82037,3.0,0.0,2001MM08,76.4
82038,A5,315800,82038,3.1,0.1,2001MM09,76.5
82039,A5,315800,82039,3.2,0.0,2001MM10,76.5
82040,A5,315800,82040,3.1,-0.1,2001MM11,76.4
82041,A5,315800,82041,3.3,0.1,2001MM12,76.5
82043,A5,315800,82043,5.9,0.1,2002MM01,76.6
82044,A5,315800,82044,6.2,0.3,2002MM02,76.8
82045,A5,315800,82045,6.1,-0.3,2002MM03,76.6
82046,A5,315800,82046,1.2,0.7,2002MM04,77.1
82047,A5,315800,82047,1.1,0.0,2002MM05,77.1
82048,A5,315800,82048,1.2,0.1,2002MM06,77.2
82049,A5,315800,82049,1.0,0.0,2002MM07,77.1
82050,A5,315800,82050,1.0,0.1,2002MM08,77.2
82051,A5,315800,82051,0.8,-0.1,2002MM09,77.1
82052,A5,315800,82052,0.9,0.1,2002MM10,77.2
82053,A5,315800,82053,1.0,-0.1,2002MM11,77.1
82054,A5,315800,82054,0.8,-0.1,2002MM12,77.1
82056,A5,315800,82056,0.9,0.2,2003MM01,77.2
82057,A5,315800,82057,0.8,0.2,2003MM02,77.4
82058,A5,315800,82058,1.0,0.0,2003MM03,77.4
82059,A5,315800,82059,0.5,0.2,2003MM04,77.5
82060,A5,315800,82060,0.5,0.0,2003MM05,77.5
82061,A5,315800,82061,0.3,-0.1,2003MM06,77.4
82062,A5,315800,82062,0.3,0.0,2003MM07,77.4
82063,A5,315800,82063,0.1,-0.1,2003MM08,77.3
82064,A5,315800,82064,0.2,0.0,2003MM09,77.3
82065,A5,315800,82065,0.0,-0.1,2003MM10,77.2
82066,A5,315800,82066,0.0,0.0,2003MM11,77.2
82067,A5,315800,82067,0.1,-0.1,2003MM12,77.1
82069,A5,315800,82069,-0.1,0.0,2004MM01,77.1
82070,A5,315800,82070,-0.2,0.1,2004MM02,77.2
82071,A5,315800,82071,-0.2,0.0,2004MM03,77.3
82072,A5,315800,82072,-0.2,0.1,2004MM04,77.3
82073,A5,315800,82073,-0.1,0.1,2004MM05,77.5
82074,A5,315800,82074,0.0,0.0,2004MM06,77.4
82075,A5,315800,82075,0.4,0.4,2004MM07,77.7
82076,A5,315800,82076,0.7,0.2,2004MM08,77.8
82077,A5,315800,82077,0.7,0.0,2004MM09,77.8
82078,A5,315800,82078,1.2,0.4,2004MM10,78.1
82079,A5,315800,82079,1.3,0.1,2004MM11,78.2
82080,A5,315800,82080,1.6,0.2,2004MM12,78.3
82082,A5,315800,82082,1.59230769231,0.15,2005MM01,79.1
82083,A5,315800,82083,1.58461538462,0.1,2005MM02,79.1
82084,A5,315800,82084,1.57692307692,0.0,2005MM03,79.2
82085,A5,315800,82085,1.56923076923,0.3,2005MM04,79.4
82086,A5,315800,82086,1.56153846154,0.0,2005MM05,79.4
82087,A5,315800,82087,1.55384615385,0.0,2005MM06,79.4
82088,A5,315800,82088,1.54615384615,0.3,2005MM07,79.6
82089,A5,315800,82089,1.53846153846,0.1,2005MM08,79.6
82090,A5,315800,82090,1.53076923077,0.0,2005MM09,79.6
82091,A5,315800,82091,1.52307692308,-0.6,2005MM10,79.2
82092,A5,315800,82092,1.51538461538,0.0,2005MM11,79.2
82093,A5,315800,82093,1.50769230769,0.1,2005MM12,79.2
82095,A5,315800,82095,1.5,1.4,2006MM01,80.3
82096,A5,315800,82096,1.5,0.1,2006MM02,80.4
82097,A5,315800,82097,1.6,0.0,2006MM03,80.4
82098,A5,315800,82098,2.0,0.7,2006MM04,81.0
82099,A5,315800,82099,2.0,0.0,2006MM05,81.0
82100,A5,315800,82100,2.0,0.0,2006MM06,81.0
82101,A5,315800,82101,2.0,0.2,2006MM07,81.2
82102,A5,315800,82102,1.9,0.0,2006MM08,81.2
82103,A5,315800,82103,2.1,0.2,2006MM09,81.3
82104,A5,315800,82104,2.9,0.2,2006MM10,81.4
82105,A5,315800,82105,2.9,0.0,2006MM11,81.5
82106,A5,315800,82106,20.0,16.8,2006MM12,95.1
82108,A5,315800,82108,19.4,0.8,2007MM01,95.9
82109,A5,315800,82109,19.5,0.2,2007MM02,96.0
82110,A5,315800,82110,19.6,0.2,2007MM03,96.2
82111,A5,315800,82111,21.2,2.0,2007MM04,98.1
82112,A5,315800,82112,21.1,0.0,2007MM05,98.1
82113,A5,315800,82113,21.1,0.0,2007MM06,98.1
82114,A5,315800,82114,21.9,0.9,2007MM07,99.0
82115,A5,315800,82115,21.9,0.0,2007MM08,99.0
82116,A5,315800,82116,21.9,0.1,2007MM09,99.1
82117,A5,315800,82117,22.3,0.6,2007MM10,99.6
82118,A5,315800,82118,22.3,0.0,2007MM11,99.6
82119,A5,315800,82119,4.8,0.0,2007MM12,99.7
82121,A5,315800,82121,4.2,0.2,2008MM01,99.9
82122,A5,315800,82122,4.0,0.0,2008MM02,99.9
82123,A5,315800,82123,3.9,0.1,2008MM03,99.9
82124,A5,315800,82124,2.2,0.3,2008MM04,100.2
82125,A5,315800,82125,2.3,0.1,2008MM05,100.3
82126,A5,315800,82126,2.4,0.1,2008MM06,100.4
82127,A5,315800,82127,1.3,-0.2,2008MM07,100.2
82128,A5,315800,82128,1.5,0.3,2008MM08,100.5
82129,A5,315800,82129,1.4,0.0,2008MM09,100.5
82130,A5,315800,82130,0.7,-0.2,2008MM10,100.4
82131,A5,315800,82131,0.7,0.0,2008MM11,100.3
82132,A5,315800,82132,0.6,0.0,2008MM12,100.3
82134,A5,315800,82134,-0.5,-1.0,2009MM01,99.3
82135,A5,315800,82135,-0.6,-0.1,2009MM02,99.3
82136,A5,315800,82136,-0.8,-0.1,2009MM03,99.1
82137,A5,315800,82137,-1.4,-0.4,2009MM04,98.8
82138,A5,315800,82138,-1.6,0.0,2009MM05,98.8
82139,A5,315800,82139,-1.5,0.1,2009MM06,98.8
82140,A5,315800,82140,-1.6,-0.2,2009MM07,98.6
82141,A5,315800,82141,-1.9,0.0,2009MM08,98.6
82142,A5,315800,82142,-2.0,-0.1,2009MM09,98.5
82143,A5,315800,82143,-2.4,-0.6,2009MM10,97.9
82144,A5,315800,82144,-2.4,0.0,2009MM11,97.9
82145,A5,315800,82145,-2.4,-0.1,2009MM12,97.9
82147,A5,315800,82147,-1.3,0.2,2010MM01,98.1
82148,A5,315800,82148,-1.2,0.0,2010MM02,98.1
82149,A5,315800,82149,-1.1,0.0,2010MM03,98.1
82150,A5,315800,82150,1.1,1.9,2010MM04,99.9
82151,A5,315800,82151,1.2,0.0,2010MM05,100.0
82152,A5,315800,82152,1.1,0.0,2010MM06,100.0
82153,A5,315800,82153,1.6,0.2,2010MM07,100.2
82154,A5,315800,82154,1.6,0.0,2010MM08,100.2
82155,A5,315800,82155,1.7,0.0,2010MM09,100.2
82156,A5,315800,82156,3.9,1.5,2010MM10,101.8
82157,A5,315800,82157,3.9,0.0,2010MM11,101.8
82158,A5,315800,82158,4.0,0.0,2010MM12,101.8
82160,A5,315800,82160,3.2,-0.5,2011MM01,101.3
82161,A5,315800,82161,3.3,0.0,2011MM02,101.3
82162,A5,315800,82162,3.3,0.1,2011MM03,101.3
82163,A5,315800,82163,4.6,3.2,2011MM04,104.6
82164,A5,315800,82164,4.7,0.1,2011MM05,104.6
82165,A5,315800,82165,4.7,0.1,2011MM06,104.7
82166,A5,315800,82166,6.8,2.2,2011MM07,107.0
82167,A5,315800,82167,6.8,0.0,2011MM08,107.0
82168,A5,315800,82168,6.8,0.0,2011MM09,107.0
82169,A5,315800,82169,4.3,-0.8,2011MM10,106.2
82170,A5,315800,82170,4.3,0.0,2011MM11,106.2
82171,A5,315800,82171,4.3,0.0,2011MM12,106.2
82173,A5,315800,82173,7.1,2.2,2012MM01,108.5
82174,A5,315800,82174,7.1,0.0,2012MM02,108.5
82175,A5,315800,82175,6.8,-0.2,2012MM03,108.2
82176,A5,315800,82176,2.8,-0.7,2012MM04,107.5
82177,A5,315800,82177,2.8,0.1,2012MM05,107.5
82178,A5,315800,82178,2.7,0.0,2012MM06,107.5
82179,A5,315800,82179,0.6,0.1,2012MM07,107.6
82180,A5,315800,82180,0.6,0.0,2012MM08,107.6
82181,A5,315800,82181,0.7,0.2,2012MM09,107.8
82182,A5,315800,82182,1.8,0.2,2012MM10,108.1
82183,A5,315800,82183,1.8,0.0,2012MM11,108.0
82184,A5,315800,82184,1.9,0.2,2012MM12,108.2
82186,A5,315800,82186,0.1,0.3,2013MM01,108.6
82187,A5,315800,82187,0.1,0.0,2013MM02,108.6
82188,A5,315800,82188,0.3,0.0,2013MM03,108.6
82189,A5,315800,82189,1.1,0.1,2013MM04,108.7
82190,A5,315800,82190,1.1,0.0,2013MM05,108.7
82191,A5,315800,82191,1.1,-0.1,2013MM06,108.6
82192,A5,315800,82192,0.8,-0.1,2013MM07,108.6
82193,A5,315800,82193,0.8,0.0,2013MM08,108.5
82194,A5,315800,82194,0.6,0.0,2013MM09,108.5
82195,A5,315800,82195,1.4,1.0,2013MM10,109.6
82196,A5,315800,82196,1.5,0.0,2013MM11,109.6
82197,A5,315800,82197,0.8,-0.5,2013MM12,109.0
82199,A5,315800,82199,0.4,0.0,2014MM01,109.0
82200,A5,315800,82200,0.9,0.5,2014MM02,109.6
82201,A5,315800,82201,0.8,-0.1,2014MM03,109.4
82202,A5,315800,82202,1.0,0.3,2014MM04,109.8
82203,A5,315800,82203,1.0,0.0,2014MM05,109.8
82204,A5,315800,82204,2.4,1.3,2014MM06,111.3
82205,A5,315800,82205,2.9,0.4,2014MM07,111.7
82206,A5,315800,82206,3.0,0.0,2014MM08,111.7
82207,A5,315800,82207,1.6,-1.3,2014MM09,110.3
82208,A5,315800,82208,2.4,1.7,2014MM10,112.2
82209,A5,315800,82209,2.3,0.0,2014MM11,112.2
82210,A5,315800,82210,3.0,0.1,2014MM12,112.3
82212,A5,315800,82212,3.3,0.3,2015MM01,112.6
82213,A5,315800,82213,2.8,0.0,2015MM02,112.7
82214,A5,315800,82214,3.0,0.0,2015MM03,112.7
82215,A5,315800,82215,2.5,-0.1,2015MM04,112.6
82216,A5,315800,82216,2.7,0.2,2015MM05,112.7
82217,A5,315800,82217,1.3,0.0,2015MM06,112.7
82218,A5,315800,82218,0.0,-0.9,2015MM07,111.7
82219,A5,315800,82219,0.0,0.0,2015MM08,111.7
82220,A5,315800,82220,1.3,0.0,2015MM09,111.7
82221,A5,315800,82221,0.1,0.5,2015MM10,112.3
82222,A5,315800,82222,0.1,0.0,2015MM11,112.3
82223,A5,315800,82223,0.1,0.0,2015MM12,112.4
82225,A5,315800,82225,0.5,0.8,2016MM01,113.2
82226,A5,315800,82226,0.5,0.0,2016MM02,113.2
82227,A5,315800,82227,0.4,0.0,2016MM03,113.2
82228,A5,315800,82228,0.1,-0.5,2016MM04,112.7
82229,A5,315800,82229,0.2,0.2,2016MM05,112.9
82230,A5,315800,82230,0.2,0.0,2016MM06,112.9
82231,A5,315800,82231,2.5,1.4,2016MM07,114.5
82232,A5,315800,82232,2.5,0.0,2016MM08,114.5
82233,A5,315800,82233,2.4,0.0,2016MM09,114.5
82234,A5,315800,82234,1.7,-0.2,2016MM10,114.2
82235,A5,315800,82235,1.7,0.0,2016MM11,114.2
82236,A5,315800,82236,1.7,0.0,2016MM12,114.3
82238,A5,315800,82238,2.4,1.5,2017MM01,116.0
82239,A5,315800,82239,2.5,0.0,2017MM02,116.0
82240,A5,315800,82240,2.5,0.0,2017MM03,116.0
82241,A5,315800,82241,4.5,1.5,2017MM04,117.7
82242,A5,315800,82242,4.2,0.0,2017MM05,117.7
82243,A5,315800,82243,4.2,0.0,2017MM06,117.7
82244,A5,315800,82244,2.8,0.1,2017MM07,117.7
82245,A5,315800,82245,2.9,0.1,2017MM08,117.8
82246,A5,315800,82246,2.9,0.0,2017MM09,117.8
82247,A5,315800,82247,3.7,0.5,2017MM10,118.4
82248,A5,315800,82248,3.6,0.0,2017MM11,118.4
82249,A5,315800,82249,3.6,0.0,2017MM12,118.4
