,Afzet,BedrijfstakkenBranchesSBI2008,ID,OntwikkelingTOV1JaarEerder_2,OntwikkelingTOV1MaandEerder_3,Perioden,ProducentenprijsindexPPI_1
49062,A4,315805,49062,1.80132890365,-0.198965517241,1981MM01,110.116955017
49063,A4,315805,49063,1.80265780731,-0.197931034483,1981MM02,110.033910035
49064,A4,315805,49064,1.80398671096,-0.196896551724,1981MM03,109.950865052
49065,A4,315805,49065,1.80531561462,-0.195862068966,1981MM04,109.867820069
49066,A4,315805,49066,1.80664451827,-0.194827586207,1981MM05,109.784775087
49067,A4,315805,49067,1.80797342193,-0.193793103448,1981MM06,109.701730104
49068,A4,315805,49068,1.80930232558,-0.19275862069,1981MM07,109.618685121
49069,A4,315805,49069,1.81063122924,-0.191724137931,1981MM08,109.535640138
49070,A4,315805,49070,1.81196013289,-0.190689655172,1981MM09,109.452595156
49071,A4,315805,49071,1.81328903654,-0.189655172414,1981MM10,109.369550173
49072,A4,315805,49072,1.8146179402,-0.188620689655,1981MM11,109.28650519
49073,A4,315805,49073,1.81594684385,-0.187586206897,1981MM12,109.203460208
49075,A4,315805,49075,1.81727574751,-0.186551724138,1982MM01,109.120415225
49076,A4,315805,49076,1.81860465116,-0.185517241379,1982MM02,109.037370242
49077,A4,315805,49077,1.81993355482,-0.184482758621,1982MM03,108.95432526
49078,A4,315805,49078,1.82126245847,-0.183448275862,1982MM04,108.871280277
49079,A4,315805,49079,1.82259136213,-0.182413793103,1982MM05,108.788235294
49080,A4,315805,49080,1.82392026578,-0.181379310345,1982MM06,108.705190311
49081,A4,315805,49081,1.82524916944,-0.180344827586,1982MM07,108.622145329
49082,A4,315805,49082,1.82657807309,-0.179310344828,1982MM08,108.539100346
49083,A4,315805,49083,1.82790697674,-0.178275862069,1982MM09,108.456055363
49084,A4,315805,49084,1.8292358804,-0.17724137931,1982MM10,108.373010381
49085,A4,315805,49085,1.83056478405,-0.176206896552,1982MM11,108.289965398
49086,A4,315805,49086,1.83189368771,-0.175172413793,1982MM12,108.206920415
49088,A4,315805,49088,1.83322259136,-0.174137931034,1983MM01,108.123875433
49089,A4,315805,49089,1.83455149502,-0.173103448276,1983MM02,108.04083045
49090,A4,315805,49090,1.83588039867,-0.172068965517,1983MM03,107.957785467
49091,A4,315805,49091,1.83720930233,-0.171034482759,1983MM04,107.874740484
49092,A4,315805,49092,1.83853820598,-0.17,1983MM05,107.791695502
49093,A4,315805,49093,1.83986710963,-0.168965517241,1983MM06,107.708650519
49094,A4,315805,49094,1.84119601329,-0.167931034483,1983MM07,107.625605536
49095,A4,315805,49095,1.84252491694,-0.166896551724,1983MM08,107.542560554
49096,A4,315805,49096,1.8438538206,-0.165862068966,1983MM09,107.459515571
49097,A4,315805,49097,1.84518272425,-0.164827586207,1983MM10,107.376470588
49098,A4,315805,49098,1.84651162791,-0.163793103448,1983MM11,107.293425606
49099,A4,315805,49099,1.84784053156,-0.16275862069,1983MM12,107.210380623
49101,A4,315805,49101,1.84916943522,-0.161724137931,1984MM01,107.12733564
49102,A4,315805,49102,1.85049833887,-0.160689655172,1984MM02,107.044290657
49103,A4,315805,49103,1.85182724252,-0.159655172414,1984MM03,106.961245675
49104,A4,315805,49104,1.85315614618,-0.158620689655,1984MM04,106.878200692
49105,A4,315805,49105,1.85448504983,-0.157586206897,1984MM05,106.795155709
49106,A4,315805,49106,1.85581395349,-0.156551724138,1984MM06,106.712110727
49107,A4,315805,49107,1.85714285714,-0.155517241379,1984MM07,106.629065744
49108,A4,315805,49108,1.8584717608,-0.154482758621,1984MM08,106.546020761
49109,A4,315805,49109,1.85980066445,-0.153448275862,1984MM09,106.462975779
49110,A4,315805,49110,1.86112956811,-0.152413793103,1984MM10,106.379930796
49111,A4,315805,49111,1.86245847176,-0.151379310345,1984MM11,106.296885813
49112,A4,315805,49112,1.86378737542,-0.150344827586,1984MM12,106.21384083
49114,A4,315805,49114,1.86511627907,-0.149310344828,1985MM01,106.130795848
49115,A4,315805,49115,1.86644518272,-0.148275862069,1985MM02,106.047750865
49116,A4,315805,49116,1.86777408638,-0.14724137931,1985MM03,105.964705882
49117,A4,315805,49117,1.86910299003,-0.146206896552,1985MM04,105.8816609
49118,A4,315805,49118,1.87043189369,-0.145172413793,1985MM05,105.798615917
49119,A4,315805,49119,1.87176079734,-0.144137931034,1985MM06,105.715570934
49120,A4,315805,49120,1.873089701,-0.143103448276,1985MM07,105.632525952
49121,A4,315805,49121,1.87441860465,-0.142068965517,1985MM08,105.549480969
49122,A4,315805,49122,1.87574750831,-0.141034482759,1985MM09,105.466435986
49123,A4,315805,49123,1.87707641196,-0.14,1985MM10,105.383391003
49124,A4,315805,49124,1.87840531561,-0.138965517241,1985MM11,105.300346021
49125,A4,315805,49125,1.87973421927,-0.137931034483,1985MM12,105.217301038
49127,A4,315805,49127,1.88106312292,-0.136896551724,1986MM01,105.134256055
49128,A4,315805,49128,1.88239202658,-0.135862068966,1986MM02,105.051211073
49129,A4,315805,49129,1.88372093023,-0.134827586207,1986MM03,104.96816609
49130,A4,315805,49130,1.88504983389,-0.133793103448,1986MM04,104.885121107
49131,A4,315805,49131,1.88637873754,-0.13275862069,1986MM05,104.802076125
49132,A4,315805,49132,1.8877076412,-0.131724137931,1986MM06,104.719031142
49133,A4,315805,49133,1.88903654485,-0.130689655172,1986MM07,104.635986159
49134,A4,315805,49134,1.8903654485,-0.129655172414,1986MM08,104.552941176
49135,A4,315805,49135,1.89169435216,-0.128620689655,1986MM09,104.469896194
49136,A4,315805,49136,1.89302325581,-0.127586206897,1986MM10,104.386851211
49137,A4,315805,49137,1.89435215947,-0.126551724138,1986MM11,104.303806228
49138,A4,315805,49138,1.89568106312,-0.125517241379,1986MM12,104.220761246
49140,A4,315805,49140,1.89700996678,-0.124482758621,1987MM01,104.137716263
49141,A4,315805,49141,1.89833887043,-0.123448275862,1987MM02,104.05467128
49142,A4,315805,49142,1.89966777409,-0.122413793103,1987MM03,103.971626298
49143,A4,315805,49143,1.90099667774,-0.121379310345,1987MM04,103.888581315
49144,A4,315805,49144,1.9023255814,-0.120344827586,1987MM05,103.805536332
49145,A4,315805,49145,1.90365448505,-0.119310344828,1987MM06,103.722491349
49146,A4,315805,49146,1.9049833887,-0.118275862069,1987MM07,103.639446367
49147,A4,315805,49147,1.90631229236,-0.11724137931,1987MM08,103.556401384
49148,A4,315805,49148,1.90764119601,-0.116206896552,1987MM09,103.473356401
49149,A4,315805,49149,1.90897009967,-0.115172413793,1987MM10,103.390311419
49150,A4,315805,49150,1.91029900332,-0.114137931034,1987MM11,103.307266436
49151,A4,315805,49151,1.91162790698,-0.113103448276,1987MM12,103.224221453
49153,A4,315805,49153,1.91295681063,-0.112068965517,1988MM01,103.141176471
49154,A4,315805,49154,1.91428571429,-0.111034482759,1988MM02,103.058131488
49155,A4,315805,49155,1.91561461794,-0.11,1988MM03,102.975086505
49156,A4,315805,49156,1.91694352159,-0.108965517241,1988MM04,102.892041522
49157,A4,315805,49157,1.91827242525,-0.107931034483,1988MM05,102.80899654
49158,A4,315805,49158,1.9196013289,-0.106896551724,1988MM06,102.725951557
49159,A4,315805,49159,1.92093023256,-0.105862068966,1988MM07,102.642906574
49160,A4,315805,49160,1.92225913621,-0.104827586207,1988MM08,102.559861592
49161,A4,315805,49161,1.92358803987,-0.103793103448,1988MM09,102.476816609
49162,A4,315805,49162,1.92491694352,-0.10275862069,1988MM10,102.393771626
49163,A4,315805,49163,1.92624584718,-0.101724137931,1988MM11,102.310726644
49164,A4,315805,49164,1.92757475083,-0.100689655172,1988MM12,102.227681661
49166,A4,315805,49166,1.92890365449,-0.0996551724138,1989MM01,102.144636678
49167,A4,315805,49167,1.93023255814,-0.0986206896552,1989MM02,102.061591696
49168,A4,315805,49168,1.93156146179,-0.0975862068966,1989MM03,101.978546713
49169,A4,315805,49169,1.93289036545,-0.0965517241379,1989MM04,101.89550173
49170,A4,315805,49170,1.9342192691,-0.0955172413793,1989MM05,101.812456747
49171,A4,315805,49171,1.93554817276,-0.0944827586207,1989MM06,101.729411765
49172,A4,315805,49172,1.93687707641,-0.0934482758621,1989MM07,101.646366782
49173,A4,315805,49173,1.93820598007,-0.0924137931034,1989MM08,101.563321799
49174,A4,315805,49174,1.93953488372,-0.0913793103448,1989MM09,101.480276817
49175,A4,315805,49175,1.94086378738,-0.0903448275862,1989MM10,101.397231834
49176,A4,315805,49176,1.94219269103,-0.0893103448276,1989MM11,101.314186851
49177,A4,315805,49177,1.94352159468,-0.088275862069,1989MM12,101.231141869
49179,A4,315805,49179,1.94485049834,-0.0872413793103,1990MM01,101.148096886
49180,A4,315805,49180,1.94617940199,-0.0862068965517,1990MM02,101.065051903
49181,A4,315805,49181,1.94750830565,-0.0851724137931,1990MM03,100.98200692
49182,A4,315805,49182,1.9488372093,-0.0841379310345,1990MM04,100.898961938
49183,A4,315805,49183,1.95016611296,-0.0831034482759,1990MM05,100.815916955
49184,A4,315805,49184,1.95149501661,-0.0820689655172,1990MM06,100.732871972
49185,A4,315805,49185,1.95282392027,-0.0810344827586,1990MM07,100.64982699
49186,A4,315805,49186,1.95415282392,-0.08,1990MM08,100.566782007
49187,A4,315805,49187,1.95548172757,-0.0789655172414,1990MM09,100.483737024
49188,A4,315805,49188,1.95681063123,-0.0779310344828,1990MM10,100.400692042
49189,A4,315805,49189,1.95813953488,-0.0768965517241,1990MM11,100.317647059
49190,A4,315805,49190,1.95946843854,-0.0758620689655,1990MM12,100.234602076
49192,A4,315805,49192,1.96079734219,-0.0748275862069,1991MM01,100.151557093
49193,A4,315805,49193,1.96212624585,-0.0737931034483,1991MM02,100.068512111
49194,A4,315805,49194,1.9634551495,-0.0727586206897,1991MM03,99.985467128
49195,A4,315805,49195,1.96478405316,-0.071724137931,1991MM04,99.9024221453
49196,A4,315805,49196,1.96611295681,-0.0706896551724,1991MM05,99.8193771626
49197,A4,315805,49197,1.96744186047,-0.0696551724138,1991MM06,99.7363321799
49198,A4,315805,49198,1.96877076412,-0.0686206896552,1991MM07,99.6532871972
49199,A4,315805,49199,1.97009966777,-0.0675862068966,1991MM08,99.5702422145
49200,A4,315805,49200,1.97142857143,-0.0665517241379,1991MM09,99.4871972318
49201,A4,315805,49201,1.97275747508,-0.0655172413793,1991MM10,99.4041522491
49202,A4,315805,49202,1.97408637874,-0.0644827586207,1991MM11,99.3211072664
49203,A4,315805,49203,1.97541528239,-0.0634482758621,1991MM12,99.2380622837
49205,A4,315805,49205,1.97674418605,-0.0624137931034,1992MM01,99.155017301
49206,A4,315805,49206,1.9780730897,-0.0613793103448,1992MM02,99.0719723183
49207,A4,315805,49207,1.97940199336,-0.0603448275862,1992MM03,98.9889273356
49208,A4,315805,49208,1.98073089701,-0.0593103448276,1992MM04,98.9058823529
49209,A4,315805,49209,1.98205980066,-0.058275862069,1992MM05,98.8228373702
49210,A4,315805,49210,1.98338870432,-0.0572413793103,1992MM06,98.7397923875
49211,A4,315805,49211,1.98471760797,-0.0562068965517,1992MM07,98.6567474048
49212,A4,315805,49212,1.98604651163,-0.0551724137931,1992MM08,98.5737024221
49213,A4,315805,49213,1.98737541528,-0.0541379310345,1992MM09,98.4906574394
49214,A4,315805,49214,1.98870431894,-0.0531034482759,1992MM10,98.4076124567
49215,A4,315805,49215,1.99003322259,-0.0520689655172,1992MM11,98.324567474
49216,A4,315805,49216,1.99136212625,-0.0510344827586,1992MM12,98.2415224913
49218,A4,315805,49218,1.9926910299,-0.05,1993MM01,98.1584775087
49219,A4,315805,49219,1.99401993355,-0.0489655172414,1993MM02,98.075432526
49220,A4,315805,49220,1.99534883721,-0.0479310344828,1993MM03,97.9923875433
49221,A4,315805,49221,1.99667774086,-0.0468965517241,1993MM04,97.9093425606
49222,A4,315805,49222,1.99800664452,-0.0458620689655,1993MM05,97.8262975779
49223,A4,315805,49223,1.99933554817,-0.0448275862069,1993MM06,97.7432525952
49224,A4,315805,49224,2.00066445183,-0.0437931034483,1993MM07,97.6602076125
49225,A4,315805,49225,2.00199335548,-0.0427586206897,1993MM08,97.5771626298
49226,A4,315805,49226,2.00332225914,-0.041724137931,1993MM09,97.4941176471
49227,A4,315805,49227,2.00465116279,-0.0406896551724,1993MM10,97.4110726644
49228,A4,315805,49228,2.00598006645,-0.0396551724138,1993MM11,97.3280276817
49229,A4,315805,49229,2.0073089701,-0.0386206896552,1993MM12,97.244982699
49231,A4,315805,49231,2.00863787375,-0.0375862068966,1994MM01,97.1619377163
49232,A4,315805,49232,2.00996677741,-0.0365517241379,1994MM02,97.0788927336
49233,A4,315805,49233,2.01129568106,-0.0355172413793,1994MM03,96.9958477509
49234,A4,315805,49234,2.01262458472,-0.0344827586207,1994MM04,96.9128027682
49235,A4,315805,49235,2.01395348837,-0.0334482758621,1994MM05,96.8297577855
49236,A4,315805,49236,2.01528239203,-0.0324137931034,1994MM06,96.7467128028
49237,A4,315805,49237,2.01661129568,-0.0313793103448,1994MM07,96.6636678201
49238,A4,315805,49238,2.01794019934,-0.0303448275862,1994MM08,96.5806228374
49239,A4,315805,49239,2.01926910299,-0.0293103448276,1994MM09,96.4975778547
49240,A4,315805,49240,2.02059800664,-0.028275862069,1994MM10,96.414532872
49241,A4,315805,49241,2.0219269103,-0.0272413793103,1994MM11,96.3314878893
49242,A4,315805,49242,2.02325581395,-0.0262068965517,1994MM12,96.2484429066
49244,A4,315805,49244,2.02458471761,-0.0251724137931,1995MM01,96.1653979239
49245,A4,315805,49245,2.02591362126,-0.0241379310345,1995MM02,96.0823529412
49246,A4,315805,49246,2.02724252492,-0.0231034482759,1995MM03,95.9993079585
49247,A4,315805,49247,2.02857142857,-0.0220689655172,1995MM04,95.9162629758
49248,A4,315805,49248,2.02990033223,-0.0210344827586,1995MM05,95.8332179931
49249,A4,315805,49249,2.03122923588,-0.02,1995MM06,95.7501730104
49250,A4,315805,49250,2.03255813953,-0.0189655172414,1995MM07,95.6671280277
49251,A4,315805,49251,2.03388704319,-0.0179310344828,1995MM08,95.584083045
49252,A4,315805,49252,2.03521594684,-0.0168965517241,1995MM09,95.5010380623
49253,A4,315805,49253,2.0365448505,-0.0158620689655,1995MM10,95.4179930796
49254,A4,315805,49254,2.03787375415,-0.0148275862069,1995MM11,95.3349480969
49255,A4,315805,49255,2.03920265781,-0.0137931034483,1995MM12,95.2519031142
49257,A4,315805,49257,2.04053156146,-0.0127586206897,1996MM01,95.1688581315
49258,A4,315805,49258,2.04186046512,-0.011724137931,1996MM02,95.0858131488
49259,A4,315805,49259,2.04318936877,-0.0106896551724,1996MM03,95.0027681661
49260,A4,315805,49260,2.04451827243,-0.00965517241379,1996MM04,94.9197231834
49261,A4,315805,49261,2.04584717608,-0.00862068965517,1996MM05,94.8366782007
49262,A4,315805,49262,2.04717607973,-0.00758620689655,1996MM06,94.753633218
49263,A4,315805,49263,2.04850498339,-0.00655172413793,1996MM07,94.6705882353
49264,A4,315805,49264,2.04983388704,-0.00551724137931,1996MM08,94.5875432526
49265,A4,315805,49265,2.0511627907,-0.00448275862069,1996MM09,94.5044982699
49266,A4,315805,49266,2.05249169435,-0.00344827586207,1996MM10,94.4214532872
49267,A4,315805,49267,2.05382059801,-0.00241379310345,1996MM11,94.3384083045
49268,A4,315805,49268,2.05514950166,-0.00137931034483,1996MM12,94.2553633218
49270,A4,315805,49270,2.05647840532,-0.000344827586207,1997MM01,94.1723183391
49271,A4,315805,49271,2.05780730897,0.000689655172414,1997MM02,94.0892733564
49272,A4,315805,49272,2.05913621262,0.00172413793103,1997MM03,94.0062283737
49273,A4,315805,49273,2.06046511628,0.00275862068966,1997MM04,93.923183391
49274,A4,315805,49274,2.06179401993,0.00379310344828,1997MM05,93.8401384083
49275,A4,315805,49275,2.06312292359,0.0048275862069,1997MM06,93.7570934256
49276,A4,315805,49276,2.06445182724,0.00586206896552,1997MM07,93.6740484429
49277,A4,315805,49277,2.0657807309,0.00689655172414,1997MM08,93.5910034602
49278,A4,315805,49278,2.06710963455,0.00793103448276,1997MM09,93.5079584775
49279,A4,315805,49279,2.06843853821,0.00896551724138,1997MM10,93.4249134948
49280,A4,315805,49280,2.06976744186,0.01,1997MM11,93.3418685121
49281,A4,315805,49281,2.07109634551,0.0110344827586,1997MM12,93.2588235294
49283,A4,315805,49283,2.07242524917,0.0120689655172,1998MM01,93.1757785467
49284,A4,315805,49284,2.07375415282,0.0131034482759,1998MM02,93.092733564
49285,A4,315805,49285,2.07508305648,0.0141379310345,1998MM03,93.0096885813
49286,A4,315805,49286,2.07641196013,0.0151724137931,1998MM04,92.9266435986
49287,A4,315805,49287,2.07774086379,0.0162068965517,1998MM05,92.8435986159
49288,A4,315805,49288,2.07906976744,0.0172413793103,1998MM06,92.7605536332
49289,A4,315805,49289,2.0803986711,0.018275862069,1998MM07,92.6775086505
49290,A4,315805,49290,2.08172757475,0.0193103448276,1998MM08,92.5944636678
49291,A4,315805,49291,2.08305647841,0.0203448275862,1998MM09,92.5114186851
49292,A4,315805,49292,2.08438538206,0.0213793103448,1998MM10,92.4283737024
49293,A4,315805,49293,2.08571428571,0.0224137931034,1998MM11,92.3453287197
49294,A4,315805,49294,2.08704318937,0.0234482758621,1998MM12,92.262283737
49296,A4,315805,49296,2.08837209302,0.0244827586207,1999MM01,92.1792387543
49297,A4,315805,49297,2.08970099668,0.0255172413793,1999MM02,92.0961937716
49298,A4,315805,49298,2.09102990033,0.0265517241379,1999MM03,92.0131487889
49299,A4,315805,49299,2.09235880399,0.0275862068966,1999MM04,91.9301038062
49300,A4,315805,49300,2.09368770764,0.0286206896552,1999MM05,91.8470588235
49301,A4,315805,49301,2.0950166113,0.0296551724138,1999MM06,91.7640138408
49302,A4,315805,49302,2.09634551495,0.0306896551724,1999MM07,91.6809688581
49303,A4,315805,49303,2.0976744186,0.031724137931,1999MM08,91.5979238754
49304,A4,315805,49304,2.09900332226,0.0327586206897,1999MM09,91.5148788927
49305,A4,315805,49305,2.10033222591,0.0337931034483,1999MM10,91.43183391
49306,A4,315805,49306,2.10166112957,0.0348275862069,1999MM11,91.3487889273
49307,A4,315805,49307,2.10299003322,0.0358620689655,1999MM12,91.2657439446
49309,A4,315805,49309,2.10431893688,0.0368965517241,2000MM01,91.1826989619
49310,A4,315805,49310,2.10564784053,0.0379310344828,2000MM02,91.0996539792
49311,A4,315805,49311,2.10697674419,0.0389655172414,2000MM03,91.0166089965
49312,A4,315805,49312,2.10830564784,0.04,2000MM04,90.9335640138
49313,A4,315805,49313,2.1096345515,0.0410344827586,2000MM05,90.8505190311
49314,A4,315805,49314,2.11096345515,0.0420689655172,2000MM06,90.7674740484
49315,A4,315805,49315,2.1122923588,0.0431034482759,2000MM07,90.6844290657
49316,A4,315805,49316,2.11362126246,0.0441379310345,2000MM08,90.601384083
49317,A4,315805,49317,2.11495016611,0.0451724137931,2000MM09,90.5183391003
49318,A4,315805,49318,2.11627906977,0.0462068965517,2000MM10,90.4352941176
49319,A4,315805,49319,2.11760797342,0.0472413793103,2000MM11,90.3522491349
49320,A4,315805,49320,2.11893687708,0.048275862069,2000MM12,90.2692041522
49322,A4,315805,49322,2.12026578073,0.0493103448276,2001MM01,90.1861591696
49323,A4,315805,49323,2.12159468439,0.0503448275862,2001MM02,90.1031141869
49324,A4,315805,49324,2.12292358804,0.0513793103448,2001MM03,90.0200692042
49325,A4,315805,49325,2.12425249169,0.0524137931034,2001MM04,89.9370242215
49326,A4,315805,49326,2.12558139535,0.0534482758621,2001MM05,89.8539792388
49327,A4,315805,49327,2.126910299,0.0544827586207,2001MM06,89.7709342561
49328,A4,315805,49328,2.12823920266,0.0555172413793,2001MM07,89.6878892734
49329,A4,315805,49329,2.12956810631,0.0565517241379,2001MM08,89.6048442907
49330,A4,315805,49330,2.13089700997,0.0575862068966,2001MM09,89.521799308
49331,A4,315805,49331,2.13222591362,0.0586206896552,2001MM10,89.4387543253
49332,A4,315805,49332,2.13355481728,0.0596551724138,2001MM11,89.3557093426
49333,A4,315805,49333,2.13488372093,0.0606896551724,2001MM12,89.2726643599
49335,A4,315805,49335,2.13621262458,0.061724137931,2002MM01,89.1896193772
49336,A4,315805,49336,2.13754152824,0.0627586206897,2002MM02,89.1065743945
49337,A4,315805,49337,2.13887043189,0.0637931034483,2002MM03,89.0235294118
49338,A4,315805,49338,2.14019933555,0.0648275862069,2002MM04,88.9404844291
49339,A4,315805,49339,2.1415282392,0.0658620689655,2002MM05,88.8574394464
49340,A4,315805,49340,2.14285714286,0.0668965517241,2002MM06,88.7743944637
49341,A4,315805,49341,2.14418604651,0.0679310344828,2002MM07,88.691349481
49342,A4,315805,49342,2.14551495017,0.0689655172414,2002MM08,88.6083044983
49343,A4,315805,49343,2.14684385382,0.07,2002MM09,88.5252595156
49344,A4,315805,49344,2.14817275748,0.0710344827586,2002MM10,88.4422145329
49345,A4,315805,49345,2.14950166113,0.0720689655172,2002MM11,88.3591695502
49346,A4,315805,49346,2.15083056478,0.0731034482759,2002MM12,88.2761245675
49348,A4,315805,49348,2.15215946844,0.0741379310345,2003MM01,88.1930795848
49349,A4,315805,49349,2.15348837209,0.0751724137931,2003MM02,88.1100346021
49350,A4,315805,49350,2.15481727575,0.0762068965517,2003MM03,88.0269896194
49351,A4,315805,49351,2.1561461794,0.0772413793103,2003MM04,87.9439446367
49352,A4,315805,49352,2.15747508306,0.078275862069,2003MM05,87.860899654
49353,A4,315805,49353,2.15880398671,0.0793103448276,2003MM06,87.7778546713
49354,A4,315805,49354,2.16013289037,0.0803448275862,2003MM07,87.6948096886
49355,A4,315805,49355,2.16146179402,0.0813793103448,2003MM08,87.6117647059
49356,A4,315805,49356,2.16279069767,0.0824137931034,2003MM09,87.5287197232
49357,A4,315805,49357,2.16411960133,0.0834482758621,2003MM10,87.4456747405
49358,A4,315805,49358,2.16544850498,0.0844827586207,2003MM11,87.3626297578
49359,A4,315805,49359,2.16677740864,0.0855172413793,2003MM12,87.2795847751
49361,A4,315805,49361,2.16810631229,0.0865517241379,2004MM01,87.1965397924
49362,A4,315805,49362,2.16943521595,0.0875862068966,2004MM02,87.1134948097
49363,A4,315805,49363,2.1707641196,0.0886206896552,2004MM03,87.030449827
49364,A4,315805,49364,2.17209302326,0.0896551724138,2004MM04,86.9474048443
49365,A4,315805,49365,2.17342192691,0.0906896551724,2004MM05,86.8643598616
49366,A4,315805,49366,2.17475083056,0.091724137931,2004MM06,86.7813148789
49367,A4,315805,49367,2.17607973422,0.0927586206897,2004MM07,86.6982698962
49368,A4,315805,49368,2.17740863787,0.0937931034483,2004MM08,86.6152249135
49369,A4,315805,49369,2.17873754153,0.0948275862069,2004MM09,86.5321799308
49370,A4,315805,49370,2.18006644518,0.0958620689655,2004MM10,86.4491349481
49371,A4,315805,49371,2.18139534884,0.0968965517241,2004MM11,86.3660899654
49372,A4,315805,49372,2.18272425249,0.0979310344828,2004MM12,86.2830449827
49374,A4,315805,49374,2.18405315615,0.0989655172414,2005MM01,86.2
49375,A4,315805,49375,2.1853820598,0.1,2005MM02,86.3
49376,A4,315805,49376,2.18671096346,0.0,2005MM03,86.3
49377,A4,315805,49377,2.18803986711,-0.1,2005MM04,86.2
49378,A4,315805,49378,2.18936877076,0.0,2005MM05,86.2
49379,A4,315805,49379,2.19069767442,0.0,2005MM06,86.2
49380,A4,315805,49380,2.19202657807,0.1,2005MM07,86.3
49381,A4,315805,49381,2.19335548173,0.1,2005MM08,86.4
49382,A4,315805,49382,2.19468438538,0.0,2005MM09,86.4
49383,A4,315805,49383,2.19601328904,0.4,2005MM10,86.7
49384,A4,315805,49384,2.19734219269,-0.2,2005MM11,86.6
49385,A4,315805,49385,2.19867109635,0.0,2005MM12,86.6
49387,A4,315805,49387,2.2,1.7,2006MM01,88.1
49388,A4,315805,49388,2.1,0.0,2006MM02,88.1
49389,A4,315805,49389,2.3,0.2,2006MM03,88.3
49390,A4,315805,49390,2.8,0.4,2006MM04,88.6
49391,A4,315805,49391,2.8,0.0,2006MM05,88.6
49392,A4,315805,49392,2.8,0.0,2006MM06,88.6
49393,A4,315805,49393,3.6,0.9,2006MM07,89.5
49394,A4,315805,49394,3.6,0.1,2006MM08,89.5
49395,A4,315805,49395,3.9,0.2,2006MM09,89.8
49396,A4,315805,49396,4.1,0.6,2006MM10,90.3
49397,A4,315805,49397,4.4,0.1,2006MM11,90.4
49398,A4,315805,49398,4.3,0.0,2006MM12,90.4
49400,A4,315805,49400,6.5,3.8,2007MM01,93.8
49401,A4,315805,49401,6.6,0.1,2007MM02,93.9
49402,A4,315805,49402,6.6,0.2,2007MM03,94.1
49403,A4,315805,49403,7.4,1.1,2007MM04,95.2
49404,A4,315805,49404,7.6,0.2,2007MM05,95.4
49405,A4,315805,49405,7.7,0.1,2007MM06,95.5
49406,A4,315805,49406,7.5,0.7,2007MM07,96.1
49407,A4,315805,49407,7.5,0.1,2007MM08,96.2
49408,A4,315805,49408,7.3,0.0,2007MM09,96.3
49409,A4,315805,49409,6.9,0.3,2007MM10,96.5
49410,A4,315805,49410,7.0,0.2,2007MM11,96.7
49411,A4,315805,49411,7.0,0.0,2007MM12,96.7
49413,A4,315805,49413,5.5,2.3,2008MM01,99.0
49414,A4,315805,49414,5.4,0.0,2008MM02,99.0
49415,A4,315805,49415,5.1,0.0,2008MM03,99.0
49416,A4,315805,49416,4.5,0.5,2008MM04,99.4
49417,A4,315805,49417,4.4,0.1,2008MM05,99.5
49418,A4,315805,49418,4.4,0.2,2008MM06,99.7
49419,A4,315805,49419,4.7,1.0,2008MM07,100.7
49420,A4,315805,49420,4.9,0.2,2008MM08,100.9
49421,A4,315805,49421,4.8,0.0,2008MM09,100.9
49422,A4,315805,49422,4.7,0.1,2008MM10,101.1
49423,A4,315805,49423,4.0,-0.5,2008MM11,100.6
49424,A4,315805,49424,3.5,-0.5,2008MM12,100.1
49426,A4,315805,49426,2.6,1.5,2009MM01,101.6
49427,A4,315805,49427,2.4,-0.2,2009MM02,101.4
49428,A4,315805,49428,2.6,0.1,2009MM03,101.5
49429,A4,315805,49429,1.2,-0.8,2009MM04,100.7
49430,A4,315805,49430,1.2,0.0,2009MM05,100.7
49431,A4,315805,49431,0.9,-0.1,2009MM06,100.6
49432,A4,315805,49432,-0.8,-0.7,2009MM07,99.9
49433,A4,315805,49433,-1.0,0.0,2009MM08,99.9
49434,A4,315805,49434,-0.8,0.2,2009MM09,100.1
49435,A4,315805,49435,-1.7,-0.8,2009MM10,99.4
49436,A4,315805,49436,-1.2,0.0,2009MM11,99.4
49437,A4,315805,49437,-0.7,0.0,2009MM12,99.4
49439,A4,315805,49439,-2.0,0.2,2010MM01,99.6
49440,A4,315805,49440,-1.7,0.0,2010MM02,99.6
49441,A4,315805,49441,-1.8,0.0,2010MM03,99.6
49442,A4,315805,49442,-0.7,0.3,2010MM04,99.9
49443,A4,315805,49443,-0.7,0.1,2010MM05,100.0
49444,A4,315805,49444,-0.7,-0.1,2010MM06,99.9
49445,A4,315805,49445,0.2,0.2,2010MM07,100.1
49446,A4,315805,49446,0.1,0.0,2010MM08,100.1
49447,A4,315805,49447,-0.1,0.0,2010MM09,100.1
49448,A4,315805,49448,0.9,0.2,2010MM10,100.3
49449,A4,315805,49449,0.9,0.0,2010MM11,100.3
49450,A4,315805,49450,1.0,0.1,2010MM12,100.4
49452,A4,315805,49452,1.6,0.8,2011MM01,101.2
49453,A4,315805,49453,1.7,0.0,2011MM02,101.2
49454,A4,315805,49454,1.8,0.2,2011MM03,101.4
49455,A4,315805,49455,2.4,0.9,2011MM04,102.3
49456,A4,315805,49456,2.4,0.1,2011MM05,102.4
49457,A4,315805,49457,2.5,0.0,2011MM06,102.4
49458,A4,315805,49458,2.6,0.3,2011MM07,102.7
49459,A4,315805,49459,2.6,0.0,2011MM08,102.7
49460,A4,315805,49460,2.6,0.0,2011MM09,102.7
49461,A4,315805,49461,2.4,-0.1,2011MM10,102.7
49462,A4,315805,49462,2.3,0.0,2011MM11,102.7
49463,A4,315805,49463,2.2,0.0,2011MM12,102.7
49465,A4,315805,49465,2.9,1.4,2012MM01,104.1
49466,A4,315805,49466,3.2,0.3,2012MM02,104.5
49467,A4,315805,49467,3.2,0.2,2012MM03,104.6
49468,A4,315805,49468,2.3,0.0,2012MM04,104.7
49469,A4,315805,49469,2.2,0.0,2012MM05,104.7
49470,A4,315805,49470,2.2,0.0,2012MM06,104.7
49471,A4,315805,49471,1.7,-0.2,2012MM07,104.4
49472,A4,315805,49472,1.8,0.1,2012MM08,104.6
49473,A4,315805,49473,1.9,0.1,2012MM09,104.6
49474,A4,315805,49474,1.9,0.0,2012MM10,104.7
49475,A4,315805,49475,1.9,-0.1,2012MM11,104.6
49476,A4,315805,49476,1.8,-0.1,2012MM12,104.5
49478,A4,315805,49478,-0.2,-0.5,2013MM01,103.9
49479,A4,315805,49479,-0.4,0.1,2013MM02,104.0
49480,A4,315805,49480,-0.5,0.0,2013MM03,104.1
49481,A4,315805,49481,-0.6,0.0,2013MM04,104.1
49482,A4,315805,49482,-0.7,-0.1,2013MM05,104.0
49483,A4,315805,49483,-0.7,0.0,2013MM06,104.0
49484,A4,315805,49484,-0.6,-0.1,2013MM07,103.8
49485,A4,315805,49485,-0.7,0.0,2013MM08,103.8
49486,A4,315805,49486,-0.8,-0.1,2013MM09,103.8
49487,A4,315805,49487,-0.9,-0.1,2013MM10,103.7
49488,A4,315805,49488,-0.9,0.0,2013MM11,103.7
49489,A4,315805,49489,-0.8,0.0,2013MM12,103.7
49491,A4,315805,49491,0.1,0.4,2014MM01,104.0
49492,A4,315805,49492,-0.1,-0.1,2014MM02,103.9
49493,A4,315805,49493,-0.2,0.0,2014MM03,103.9
49494,A4,315805,49494,-0.1,0.0,2014MM04,104.0
49495,A4,315805,49495,0.0,0.0,2014MM05,104.0
49496,A4,315805,49496,0.0,0.0,2014MM06,104.0
49497,A4,315805,49497,0.4,0.2,2014MM07,104.2
49498,A4,315805,49498,0.4,0.1,2014MM08,104.3
49499,A4,315805,49499,0.5,0.0,2014MM09,104.3
49500,A4,315805,49500,0.9,0.3,2014MM10,104.6
49501,A4,315805,49501,0.8,-0.1,2014MM11,104.5
49502,A4,315805,49502,0.8,0.0,2014MM12,104.5
49504,A4,315805,49504,0.4,0.0,2015MM01,104.4
49505,A4,315805,49505,0.4,-0.1,2015MM02,104.3
49506,A4,315805,49506,0.5,0.1,2015MM03,104.4
49507,A4,315805,49507,1.0,0.6,2015MM04,105.0
49508,A4,315805,49508,1.2,0.1,2015MM05,105.2
49509,A4,315805,49509,1.2,0.0,2015MM06,105.2
49510,A4,315805,49510,1.4,0.4,2015MM07,105.6
49511,A4,315805,49511,1.6,0.3,2015MM08,105.9
49512,A4,315805,49512,1.7,0.1,2015MM09,106.0
49513,A4,315805,49513,2.4,1.0,2015MM10,107.1
49514,A4,315805,49514,2.6,0.1,2015MM11,107.2
49515,A4,315805,49515,2.6,0.0,2015MM12,107.2
49517,A4,315805,49517,3.0,0.4,2016MM01,107.6
49518,A4,315805,49518,3.2,0.0,2016MM02,107.6
49519,A4,315805,49519,3.1,0.1,2016MM03,107.7
49520,A4,315805,49520,1.7,-0.8,2016MM04,106.8
49521,A4,315805,49521,1.8,0.2,2016MM05,107.0
49522,A4,315805,49522,1.9,0.2,2016MM06,107.2
49523,A4,315805,49523,2.1,0.6,2016MM07,107.9
49524,A4,315805,49524,1.9,0.1,2016MM08,107.9
49525,A4,315805,49525,1.8,0.0,2016MM09,108.0
49526,A4,315805,49526,1.0,0.2,2016MM10,108.2
49527,A4,315805,49527,1.0,0.1,2016MM11,108.3
49528,A4,315805,49528,1.1,0.1,2016MM12,108.4
49530,A4,315805,49530,0.9,0.1,2017MM01,108.5
49531,A4,315805,49531,1.1,0.2,2017MM02,108.8
49532,A4,315805,49532,1.2,0.2,2017MM03,109.0
49533,A4,315805,49533,2.6,0.5,2017MM04,109.6
49534,A4,315805,49534,2.4,0.0,2017MM05,109.6
49535,A4,315805,49535,2.3,0.1,2017MM06,109.7
49536,A4,315805,49536,1.5,-0.2,2017MM07,109.4
49537,A4,315805,49537,1.8,0.4,2017MM08,109.8
49538,A4,315805,49538,1.6,-0.1,2017MM09,109.7
49539,A4,315805,49539,1.9,0.5,2017MM10,110.3
49540,A4,315805,49540,2.2,0.4,2017MM11,110.7
49541,A4,315805,49541,1.9,-0.3,2017MM12,110.4
