,Afzet,BedrijfstakkenBranchesSBI2008,ID,OntwikkelingTOV1JaarEerder_2,OntwikkelingTOV1MaandEerder_3,Perioden,ProducentenprijsindexPPI_1
17316,A6,315800,17316,,,1981MM01,55.2
17317,A6,315800,17317,,-0.2,1981MM02,55.1
17318,A6,315800,17318,,0.1,1981MM03,55.1
17319,A6,315800,17319,,0.1,1981MM04,55.2
17320,A6,315800,17320,,0.1,1981MM05,55.2
17321,A6,315800,17321,,-0.1,1981MM06,55.2
17322,A6,315800,17322,,1.1,1981MM07,55.7
17323,A6,315800,17323,,0.2,1981MM08,55.8
17324,A6,315800,17324,,-0.3,1981MM09,55.7
17325,A6,315800,17325,,0.4,1981MM10,55.9
17326,A6,315800,17326,,0.0,1981MM11,55.9
17327,A6,315800,17327,,0.1,1981MM12,56.0
17329,A6,315800,17329,3.1,1.7,1982MM01,56.9
17330,A6,315800,17330,3.3,0.0,1982MM02,56.9
17331,A6,315800,17331,3.1,-0.1,1982MM03,56.9
17332,A6,315800,17332,3.3,0.3,1982MM04,57.0
17333,A6,315800,17333,3.3,0.0,1982MM05,57.1
17334,A6,315800,17334,3.5,0.1,1982MM06,57.1
17335,A6,315800,17335,2.7,0.2,1982MM07,57.2
17336,A6,315800,17336,2.6,0.1,1982MM08,57.3
17337,A6,315800,17337,3.0,0.0,1982MM09,57.3
17338,A6,315800,17338,2.7,0.2,1982MM10,57.4
17339,A6,315800,17339,2.9,0.2,1982MM11,57.5
17340,A6,315800,17340,2.9,0.2,1982MM12,57.6
17342,A6,315800,17342,1.5,0.3,1983MM01,57.8
17343,A6,315800,17343,1.8,0.2,1983MM02,57.9
17344,A6,315800,17344,1.7,-0.2,1983MM03,57.8
17345,A6,315800,17345,1.5,0.1,1983MM04,57.9
17346,A6,315800,17346,1.6,0.2,1983MM05,58.0
17347,A6,315800,17347,1.6,0.1,1983MM06,58.0
17348,A6,315800,17348,1.7,0.3,1983MM07,58.2
17349,A6,315800,17349,1.8,0.3,1983MM08,58.4
17350,A6,315800,17350,1.6,-0.2,1983MM09,58.2
17351,A6,315800,17351,1.5,0.0,1983MM10,58.3
17352,A6,315800,17352,1.4,0.1,1983MM11,58.4
17353,A6,315800,17353,1.6,0.3,1983MM12,58.5
17355,A6,315800,17355,1.7,0.5,1984MM01,58.8
17356,A6,315800,17356,1.6,0.1,1984MM02,58.9
17357,A6,315800,17357,2.0,0.2,1984MM03,59.0
17358,A6,315800,17358,2.0,0.2,1984MM04,59.1
17359,A6,315800,17359,1.6,-0.2,1984MM05,58.9
17360,A6,315800,17360,1.7,0.1,1984MM06,59.0
17361,A6,315800,17361,1.8,0.4,1984MM07,59.2
17362,A6,315800,17362,1.5,0.0,1984MM08,59.2
17363,A6,315800,17363,2.0,0.3,1984MM09,59.4
17364,A6,315800,17364,2.0,0.0,1984MM10,59.4
17365,A6,315800,17365,1.9,0.1,1984MM11,59.5
17366,A6,315800,17366,1.6,0.0,1984MM12,59.5
17368,A6,315800,17368,1.5,0.4,1985MM01,59.7
17369,A6,315800,17369,1.6,0.1,1985MM02,59.8
17370,A6,315800,17370,1.4,0.0,1985MM03,59.8
17371,A6,315800,17371,1.6,0.3,1985MM04,60.0
17372,A6,315800,17372,1.8,0.0,1985MM05,60.0
17373,A6,315800,17373,1.7,0.0,1985MM06,60.0
17374,A6,315800,17374,1.5,0.2,1985MM07,60.1
17375,A6,315800,17375,1.6,0.1,1985MM08,60.2
17376,A6,315800,17376,1.3,0.1,1985MM09,60.2
17377,A6,315800,17377,1.4,0.1,1985MM10,60.2
17378,A6,315800,17378,1.3,0.0,1985MM11,60.2
17379,A6,315800,17379,1.4,0.1,1985MM12,60.3
17381,A6,315800,17381,1.3,0.3,1986MM01,60.5
17382,A6,315800,17382,1.2,0.0,1986MM02,60.5
17383,A6,315800,17383,1.3,0.1,1986MM03,60.6
17384,A6,315800,17384,0.9,0.0,1986MM04,60.5
17385,A6,315800,17385,1.0,0.0,1986MM05,60.6
17386,A6,315800,17386,1.0,0.0,1986MM06,60.6
17387,A6,315800,17387,1.0,0.1,1986MM07,60.6
17388,A6,315800,17388,0.8,0.0,1986MM08,60.7
17389,A6,315800,17389,0.8,0.0,1986MM09,60.7
17390,A6,315800,17390,0.9,0.2,1986MM10,60.8
17391,A6,315800,17391,0.9,0.0,1986MM11,60.8
17392,A6,315800,17392,0.7,-0.1,1986MM12,60.7
17394,A6,315800,17394,0.8,0.4,1987MM01,61.0
17395,A6,315800,17395,1.0,0.3,1987MM02,61.1
17396,A6,315800,17396,1.0,0.1,1987MM03,61.2
17397,A6,315800,17397,1.1,0.1,1987MM04,61.2
17398,A6,315800,17398,1.1,0.0,1987MM05,61.2
17399,A6,315800,17399,1.1,0.0,1987MM06,61.3
17400,A6,315800,17400,1.1,0.1,1987MM07,61.3
17401,A6,315800,17401,1.1,0.0,1987MM08,61.3
17402,A6,315800,17402,1.0,-0.1,1987MM09,61.3
17403,A6,315800,17403,0.8,0.0,1987MM10,61.3
17404,A6,315800,17404,0.8,0.0,1987MM11,61.3
17405,A6,315800,17405,0.9,0.0,1987MM12,61.3
17407,A6,315800,17407,0.9,0.4,1988MM01,61.5
17408,A6,315800,17408,0.7,0.1,1988MM02,61.6
17409,A6,315800,17409,0.7,0.1,1988MM03,61.6
17410,A6,315800,17410,0.8,0.1,1988MM04,61.7
17411,A6,315800,17411,0.9,0.1,1988MM05,61.8
17412,A6,315800,17412,1.0,0.1,1988MM06,61.9
17413,A6,315800,17413,0.9,0.0,1988MM07,61.9
17414,A6,315800,17414,0.9,0.0,1988MM08,61.9
17415,A6,315800,17415,1.0,0.0,1988MM09,61.9
17416,A6,315800,17416,1.4,0.3,1988MM10,62.1
17417,A6,315800,17417,1.3,0.0,1988MM11,62.1
17418,A6,315800,17418,1.3,0.0,1988MM12,62.1
17420,A6,315800,17420,1.9,1.0,1989MM01,62.7
17421,A6,315800,17421,2.1,0.2,1989MM02,62.8
17422,A6,315800,17422,2.0,0.0,1989MM03,62.9
17423,A6,315800,17423,2.2,0.4,1989MM04,63.1
17424,A6,315800,17424,2.3,0.2,1989MM05,63.2
17425,A6,315800,17425,2.7,0.5,1989MM06,63.5
17426,A6,315800,17426,3.0,0.4,1989MM07,63.8
17427,A6,315800,17427,3.3,0.3,1989MM08,63.9
17428,A6,315800,17428,3.7,0.3,1989MM09,64.1
17429,A6,315800,17429,3.6,0.3,1989MM10,64.4
17430,A6,315800,17430,4.9,1.2,1989MM11,65.1
17431,A6,315800,17431,5.2,0.4,1989MM12,65.4
17433,A6,315800,17433,6.5,2.2,1990MM01,66.8
17434,A6,315800,17434,6.5,0.1,1990MM02,66.9
17435,A6,315800,17435,6.6,0.2,1990MM03,67.0
17436,A6,315800,17436,6.4,0.1,1990MM04,67.1
17437,A6,315800,17437,6.5,0.3,1990MM05,67.3
17438,A6,315800,17438,6.1,0.0,1990MM06,67.4
17439,A6,315800,17439,5.9,0.2,1990MM07,67.5
17440,A6,315800,17440,5.7,0.1,1990MM08,67.6
17441,A6,315800,17441,5.4,0.0,1990MM09,67.6
17442,A6,315800,17442,5.1,0.1,1990MM10,67.7
17443,A6,315800,17443,3.9,0.0,1990MM11,67.7
17444,A6,315800,17444,3.4,-0.1,1990MM12,67.6
17446,A6,315800,17446,1.6,0.4,1991MM01,67.9
17447,A6,315800,17447,1.4,-0.1,1991MM02,67.8
17448,A6,315800,17448,1.1,-0.1,1991MM03,67.8
17449,A6,315800,17449,1.0,0.1,1991MM04,67.8
17450,A6,315800,17450,0.7,0.0,1991MM05,67.8
17451,A6,315800,17451,0.6,-0.1,1991MM06,67.8
17452,A6,315800,17452,0.5,0.1,1991MM07,67.8
17453,A6,315800,17453,0.4,0.0,1991MM08,67.8
17454,A6,315800,17454,0.5,0.2,1991MM09,67.9
17455,A6,315800,17455,0.3,-0.1,1991MM10,67.9
17456,A6,315800,17456,0.2,-0.1,1991MM11,67.8
17457,A6,315800,17457,0.3,0.0,1991MM12,67.8
17459,A6,315800,17459,0.5,0.6,1992MM01,68.2
17460,A6,315800,17460,0.7,0.2,1992MM02,68.3
17461,A6,315800,17461,1.0,0.1,1992MM03,68.4
17462,A6,315800,17462,1.4,0.5,1992MM04,68.7
17463,A6,315800,17463,1.4,0.0,1992MM05,68.7
17464,A6,315800,17464,1.5,0.0,1992MM06,68.8
17465,A6,315800,17465,1.2,-0.1,1992MM07,68.7
17466,A6,315800,17466,1.3,0.0,1992MM08,68.7
17467,A6,315800,17467,1.0,-0.1,1992MM09,68.6
17468,A6,315800,17468,1.2,0.1,1992MM10,68.7
17469,A6,315800,17469,1.2,-0.1,1992MM11,68.6
17470,A6,315800,17470,1.2,0.0,1992MM12,68.6
17472,A6,315800,17472,1.2,0.6,1993MM01,69.0
17473,A6,315800,17473,1.1,0.1,1993MM02,69.1
17474,A6,315800,17474,1.1,0.2,1993MM03,69.2
17475,A6,315800,17475,1.2,0.5,1993MM04,69.5
17476,A6,315800,17476,1.2,0.0,1993MM05,69.5
17477,A6,315800,17477,1.3,0.1,1993MM06,69.6
17478,A6,315800,17478,2.4,1.0,1993MM07,70.3
17479,A6,315800,17479,2.3,-0.1,1993MM08,70.3
17480,A6,315800,17480,2.3,-0.2,1993MM09,70.2
17481,A6,315800,17481,2.4,0.2,1993MM10,70.3
17482,A6,315800,17482,2.7,0.2,1993MM11,70.4
17483,A6,315800,17483,2.8,0.1,1993MM12,70.5
17485,A6,315800,17485,2.0,-0.1,1994MM01,70.4
17486,A6,315800,17486,2.1,0.1,1994MM02,70.5
17487,A6,315800,17487,1.8,-0.1,1994MM03,70.4
17488,A6,315800,17488,1.8,0.5,1994MM04,70.8
17489,A6,315800,17489,2.0,0.2,1994MM05,70.9
17490,A6,315800,17490,2.3,0.4,1994MM06,71.2
17491,A6,315800,17491,2.1,0.9,1994MM07,71.9
17492,A6,315800,17492,2.3,0.1,1994MM08,71.9
17493,A6,315800,17493,3.5,1.1,1994MM09,72.7
17494,A6,315800,17494,4.0,0.6,1994MM10,73.1
17495,A6,315800,17495,3.9,0.1,1994MM11,73.2
17496,A6,315800,17496,3.9,0.1,1994MM12,73.3
17498,A6,315800,17498,5.5,1.5,1995MM01,74.3
17499,A6,315800,17499,5.3,-0.1,1995MM02,74.2
17500,A6,315800,17500,5.0,-0.3,1995MM03,74.0
17501,A6,315800,17501,4.6,0.1,1995MM04,74.1
17502,A6,315800,17502,4.4,0.0,1995MM05,74.1
17503,A6,315800,17503,4.0,0.0,1995MM06,74.1
17504,A6,315800,17504,2.4,-0.7,1995MM07,73.6
17505,A6,315800,17505,2.6,0.3,1995MM08,73.8
17506,A6,315800,17506,1.5,0.0,1995MM09,73.7
17507,A6,315800,17507,0.4,-0.5,1995MM10,73.3
17508,A6,315800,17508,0.3,0.0,1995MM11,73.4
17509,A6,315800,17509,0.2,0.0,1995MM12,73.4
17511,A6,315800,17511,-1.9,-0.7,1996MM01,72.9
17512,A6,315800,17512,-1.7,0.1,1996MM02,73.0
17513,A6,315800,17513,-1.4,0.0,1996MM03,73.0
17514,A6,315800,17514,-1.0,0.5,1996MM04,73.3
17515,A6,315800,17515,-0.9,0.1,1996MM05,73.4
17516,A6,315800,17516,-0.8,0.1,1996MM06,73.5
17517,A6,315800,17517,-0.2,-0.2,1996MM07,73.4
17518,A6,315800,17518,-0.7,-0.1,1996MM08,73.3
17519,A6,315800,17519,-0.5,0.2,1996MM09,73.4
17520,A6,315800,17520,0.5,0.4,1996MM10,73.7
17521,A6,315800,17521,0.8,0.4,1996MM11,74.0
17522,A6,315800,17522,1.1,0.3,1996MM12,74.2
17524,A6,315800,17524,2.9,1.1,1997MM01,75.0
17525,A6,315800,17525,3.0,0.2,1997MM02,75.2
17526,A6,315800,17526,2.9,-0.2,1997MM03,75.0
17527,A6,315800,17527,2.7,0.4,1997MM04,75.3
17528,A6,315800,17528,2.6,0.0,1997MM05,75.3
17529,A6,315800,17529,2.7,0.2,1997MM06,75.5
17530,A6,315800,17530,3.9,1.0,1997MM07,76.2
17531,A6,315800,17531,3.9,-0.2,1997MM08,76.1
17532,A6,315800,17532,3.7,0.0,1997MM09,76.1
17533,A6,315800,17533,3.7,0.3,1997MM10,76.4
17534,A6,315800,17534,3.4,0.2,1997MM11,76.5
17535,A6,315800,17535,3.2,0.0,1997MM12,76.6
17537,A6,315800,17537,1.8,-0.3,1998MM01,76.4
17538,A6,315800,17538,1.6,0.0,1998MM02,76.4
17539,A6,315800,17539,2.1,0.4,1998MM03,76.6
17540,A6,315800,17540,1.5,-0.3,1998MM04,76.4
17541,A6,315800,17541,1.3,-0.1,1998MM05,76.3
17542,A6,315800,17542,1.4,0.3,1998MM06,76.5
17543,A6,315800,17543,0.2,-0.1,1998MM07,76.4
17544,A6,315800,17544,0.2,-0.2,1998MM08,76.2
17545,A6,315800,17545,0.4,0.3,1998MM09,76.4
17546,A6,315800,17546,-0.3,-0.4,1998MM10,76.1
17547,A6,315800,17547,-0.4,0.1,1998MM11,76.2
17548,A6,315800,17548,-0.5,0.0,1998MM12,76.2
17550,A6,315800,17550,-0.3,-0.1,1999MM01,76.1
17551,A6,315800,17551,0.0,0.3,1999MM02,76.3
17552,A6,315800,17552,-0.2,0.2,1999MM03,76.5
17553,A6,315800,17553,-0.1,-0.2,1999MM04,76.3
17554,A6,315800,17554,0.1,0.1,1999MM05,76.4
17555,A6,315800,17555,0.1,0.2,1999MM06,76.6
17556,A6,315800,17556,0.2,0.0,1999MM07,76.5
17557,A6,315800,17557,0.3,-0.1,1999MM08,76.5
17558,A6,315800,17558,0.2,0.1,1999MM09,76.6
17559,A6,315800,17559,0.7,0.1,1999MM10,76.7
17560,A6,315800,17560,0.6,0.1,1999MM11,76.7
17561,A6,315800,17561,0.3,-0.3,1999MM12,76.5
17563,A6,315800,17563,1.6,1.2,2000MM01,77.4
17564,A6,315800,17564,1.5,0.1,2000MM02,77.5
17565,A6,315800,17565,1.3,0.0,2000MM03,77.5
17566,A6,315800,17566,2.2,0.8,2000MM04,78.0
17567,A6,315800,17567,2.3,0.1,2000MM05,78.1
17568,A6,315800,17568,2.1,0.1,2000MM06,78.2
17569,A6,315800,17569,3.7,1.5,2000MM07,79.4
17570,A6,315800,17570,4.0,0.1,2000MM08,79.5
17571,A6,315800,17571,3.8,0.0,2000MM09,79.5
17572,A6,315800,17572,4.2,0.5,2000MM10,79.9
17573,A6,315800,17573,4.2,0.0,2000MM11,79.9
17574,A6,315800,17574,4.7,0.1,2000MM12,80.0
17576,A6,315800,17576,5.0,1.5,2001MM01,81.3
17577,A6,315800,17577,4.9,0.0,2001MM02,81.2
17578,A6,315800,17578,4.9,0.0,2001MM03,81.3
17579,A6,315800,17579,5.6,1.4,2001MM04,82.4
17580,A6,315800,17580,5.5,0.1,2001MM05,82.5
17581,A6,315800,17581,5.4,-0.1,2001MM06,82.4
17582,A6,315800,17582,4.5,0.6,2001MM07,82.9
17583,A6,315800,17583,4.4,0.0,2001MM08,83.0
17584,A6,315800,17584,4.4,0.0,2001MM09,83.0
17585,A6,315800,17585,4.1,0.3,2001MM10,83.2
17586,A6,315800,17586,4.1,0.0,2001MM11,83.2
17587,A6,315800,17587,4.0,0.1,2001MM12,83.3
17589,A6,315800,17589,4.2,1.7,2002MM01,84.7
17590,A6,315800,17590,4.3,0.0,2002MM02,84.7
17591,A6,315800,17591,4.2,0.0,2002MM03,84.7
17592,A6,315800,17592,3.1,0.3,2002MM04,84.9
17593,A6,315800,17593,3.0,0.0,2002MM05,84.9
17594,A6,315800,17594,3.1,0.0,2002MM06,85.0
17595,A6,315800,17595,2.5,0.1,2002MM07,85.1
17596,A6,315800,17596,2.5,0.0,2002MM08,85.1
17597,A6,315800,17597,2.6,0.1,2002MM09,85.1
17598,A6,315800,17598,2.6,0.3,2002MM10,85.3
17599,A6,315800,17599,2.5,-0.1,2002MM11,85.3
17600,A6,315800,17600,2.4,0.0,2002MM12,85.3
17602,A6,315800,17602,1.7,1.1,2003MM01,86.2
17603,A6,315800,17603,1.8,0.1,2003MM02,86.2
17604,A6,315800,17604,1.8,0.0,2003MM03,86.2
17605,A6,315800,17605,1.6,0.1,2003MM04,86.3
17606,A6,315800,17606,1.5,-0.2,2003MM05,86.2
17607,A6,315800,17607,1.4,0.0,2003MM06,86.2
17608,A6,315800,17608,1.0,-0.3,2003MM07,85.9
17609,A6,315800,17609,0.9,0.0,2003MM08,85.9
17610,A6,315800,17610,0.9,0.0,2003MM09,85.9
17611,A6,315800,17611,0.3,-0.3,2003MM10,85.6
17612,A6,315800,17612,0.5,0.1,2003MM11,85.7
17613,A6,315800,17613,0.5,0.0,2003MM12,85.7
17615,A6,315800,17615,-0.3,0.2,2004MM01,85.9
17616,A6,315800,17616,-0.3,0.1,2004MM02,86.0
17617,A6,315800,17617,-0.3,0.0,2004MM03,86.0
17618,A6,315800,17618,-0.3,0.1,2004MM04,86.1
17619,A6,315800,17619,-0.1,0.0,2004MM05,86.1
17620,A6,315800,17620,-0.1,0.0,2004MM06,86.1
17621,A6,315800,17621,0.6,0.3,2004MM07,86.4
17622,A6,315800,17622,0.7,0.1,2004MM08,86.5
17623,A6,315800,17623,0.7,0.0,2004MM09,86.5
17624,A6,315800,17624,1.2,0.2,2004MM10,86.7
17625,A6,315800,17625,1.2,0.1,2004MM11,86.8
17626,A6,315800,17626,1.3,0.1,2004MM12,86.9
17628,A6,315800,17628,1.28461538462,0.05,2005MM01,87.4
17629,A6,315800,17629,1.26923076923,0.0,2005MM02,87.4
17630,A6,315800,17630,1.25384615385,0.0,2005MM03,87.4
17631,A6,315800,17631,1.23846153846,0.3,2005MM04,87.7
17632,A6,315800,17632,1.22307692308,0.0,2005MM05,87.7
17633,A6,315800,17633,1.20769230769,0.1,2005MM06,87.7
17634,A6,315800,17634,1.19230769231,0.1,2005MM07,87.8
17635,A6,315800,17635,1.17692307692,0.0,2005MM08,87.8
17636,A6,315800,17636,1.16153846154,0.0,2005MM09,87.8
17637,A6,315800,17637,1.14615384615,0.0,2005MM10,87.8
17638,A6,315800,17638,1.13076923077,-0.4,2005MM11,87.5
17639,A6,315800,17639,1.11538461538,0.0,2005MM12,87.5
17641,A6,315800,17641,1.1,0.9,2006MM01,88.3
17642,A6,315800,17642,1.1,0.0,2006MM02,88.4
17643,A6,315800,17643,1.2,0.1,2006MM03,88.4
17644,A6,315800,17644,1.5,0.7,2006MM04,89.0
17645,A6,315800,17645,1.6,0.0,2006MM05,89.1
17646,A6,315800,17646,1.5,0.0,2006MM06,89.1
17647,A6,315800,17647,3.5,1.9,2006MM07,90.8
17648,A6,315800,17648,3.5,0.0,2006MM08,90.9
17649,A6,315800,17649,3.8,0.3,2006MM09,91.1
17650,A6,315800,17650,4.5,0.7,2006MM10,91.8
17651,A6,315800,17651,5.0,0.2,2006MM11,91.9
17652,A6,315800,17652,8.8,3.6,2006MM12,95.2
17654,A6,315800,17654,11.3,3.2,2007MM01,98.3
17655,A6,315800,17655,11.4,0.2,2007MM02,98.4
17656,A6,315800,17656,11.7,0.4,2007MM03,98.8
17657,A6,315800,17657,12.2,1.1,2007MM04,99.9
17658,A6,315800,17658,12.6,0.4,2007MM05,100.3
17659,A6,315800,17659,12.7,0.1,2007MM06,100.4
17660,A6,315800,17660,11.9,1.3,2007MM07,101.7
17661,A6,315800,17661,12.0,0.1,2007MM08,101.8
17662,A6,315800,17662,11.7,0.0,2007MM09,101.8
17663,A6,315800,17663,11.5,0.5,2007MM10,102.3
17664,A6,315800,17664,11.3,0.0,2007MM11,102.3
17665,A6,315800,17665,7.5,0.0,2007MM12,102.3
17667,A6,315800,17667,5.1,1.0,2008MM01,103.3
17668,A6,315800,17668,5.1,0.1,2008MM02,103.4
17669,A6,315800,17669,4.7,0.0,2008MM03,103.4
17670,A6,315800,17670,3.7,0.2,2008MM04,103.6
17671,A6,315800,17671,3.5,0.1,2008MM05,103.8
17672,A6,315800,17672,3.4,0.0,2008MM06,103.8
17673,A6,315800,17673,1.9,-0.1,2008MM07,103.6
17674,A6,315800,17674,1.9,0.1,2008MM08,103.7
17675,A6,315800,17675,1.8,0.0,2008MM09,103.7
17676,A6,315800,17676,1.0,-0.4,2008MM10,103.3
17677,A6,315800,17677,0.9,-0.1,2008MM11,103.2
17678,A6,315800,17678,0.8,-0.1,2008MM12,103.1
17680,A6,315800,17680,-0.8,-0.6,2009MM01,102.5
17681,A6,315800,17681,-1.0,-0.1,2009MM02,102.4
17682,A6,315800,17682,-1.1,-0.1,2009MM03,102.3
17683,A6,315800,17683,-2.4,-1.1,2009MM04,101.2
17684,A6,315800,17684,-2.5,0.0,2009MM05,101.2
17685,A6,315800,17685,-2.5,0.0,2009MM06,101.1
17686,A6,315800,17686,-3.0,-0.6,2009MM07,100.5
17687,A6,315800,17687,-3.2,-0.1,2009MM08,100.4
17688,A6,315800,17688,-3.1,0.0,2009MM09,100.4
17689,A6,315800,17689,-3.9,-1.1,2009MM10,99.3
17690,A6,315800,17690,-3.8,0.0,2009MM11,99.3
17691,A6,315800,17691,-3.7,0.0,2009MM12,99.3
17693,A6,315800,17693,-3.3,-0.2,2010MM01,99.0
17694,A6,315800,17694,-3.3,0.0,2010MM02,99.1
17695,A6,315800,17695,-3.0,0.2,2010MM03,99.3
17696,A6,315800,17696,-1.2,0.6,2010MM04,99.9
17697,A6,315800,17697,-1.3,-0.1,2010MM05,99.8
17698,A6,315800,17698,-1.3,0.0,2010MM06,99.8
17699,A6,315800,17699,-0.7,0.0,2010MM07,99.8
17700,A6,315800,17700,-0.5,0.1,2010MM08,99.9
17701,A6,315800,17701,-0.3,0.2,2010MM09,100.1
17702,A6,315800,17702,1.8,0.9,2010MM10,101.0
17703,A6,315800,17703,1.8,0.0,2010MM11,101.0
17704,A6,315800,17704,1.8,0.1,2010MM12,101.1
17706,A6,315800,17706,1.9,-0.1,2011MM01,101.0
17707,A6,315800,17707,1.9,-0.1,2011MM02,100.9
17708,A6,315800,17708,1.9,0.2,2011MM03,101.1
17709,A6,315800,17709,2.5,1.2,2011MM04,102.4
17710,A6,315800,17710,2.7,0.2,2011MM05,102.5
17711,A6,315800,17711,2.8,0.1,2011MM06,102.6
17712,A6,315800,17712,3.6,0.8,2011MM07,103.4
17713,A6,315800,17713,3.6,0.1,2011MM08,103.5
17714,A6,315800,17714,3.3,-0.1,2011MM09,103.4
17715,A6,315800,17715,1.8,-0.6,2011MM10,102.8
17716,A6,315800,17716,1.8,0.0,2011MM11,102.8
17717,A6,315800,17717,1.7,0.0,2011MM12,102.9
17719,A6,315800,17719,2.8,1.0,2012MM01,103.9
17720,A6,315800,17720,2.9,0.0,2012MM02,103.9
17721,A6,315800,17721,2.7,0.0,2012MM03,103.8
17722,A6,315800,17722,1.3,-0.1,2012MM04,103.7
17723,A6,315800,17723,1.2,0.1,2012MM05,103.8
17724,A6,315800,17724,1.1,0.0,2012MM06,103.7
17725,A6,315800,17725,0.0,-0.3,2012MM07,103.5
17726,A6,315800,17726,0.0,0.0,2012MM08,103.4
17727,A6,315800,17727,0.1,0.1,2012MM09,103.5
17728,A6,315800,17728,0.7,0.0,2012MM10,103.6
17729,A6,315800,17729,0.7,-0.1,2012MM11,103.5
17730,A6,315800,17730,0.6,0.0,2012MM12,103.5
17732,A6,315800,17732,-1.3,-0.9,2013MM01,102.5
17733,A6,315800,17733,-1.3,0.0,2013MM02,102.6
17734,A6,315800,17734,-1.2,0.1,2013MM03,102.6
17735,A6,315800,17735,-1.2,-0.2,2013MM04,102.5
17736,A6,315800,17736,-1.3,-0.1,2013MM05,102.4
17737,A6,315800,17737,-1.4,0.0,2013MM06,102.3
17738,A6,315800,17738,-1.0,0.1,2013MM07,102.4
17739,A6,315800,17739,-1.0,0.0,2013MM08,102.4
17740,A6,315800,17740,-1.0,0.0,2013MM09,102.5
17741,A6,315800,17741,-1.0,0.1,2013MM10,102.6
17742,A6,315800,17742,-0.9,0.1,2013MM11,102.6
17743,A6,315800,17743,-1.0,-0.2,2013MM12,102.4
17745,A6,315800,17745,0.4,0.5,2014MM01,102.9
17746,A6,315800,17746,0.5,0.1,2014MM02,103.0
17747,A6,315800,17747,0.4,0.0,2014MM03,103.0
17748,A6,315800,17748,0.6,0.0,2014MM04,103.0
17749,A6,315800,17749,0.7,0.0,2014MM05,103.1
17750,A6,315800,17750,1.1,0.4,2014MM06,103.5
17751,A6,315800,17751,1.5,0.5,2014MM07,104.0
17752,A6,315800,17752,1.5,0.0,2014MM08,104.0
17753,A6,315800,17753,1.1,-0.3,2014MM09,103.6
17754,A6,315800,17754,2.1,1.1,2014MM10,104.7
17755,A6,315800,17755,2.0,-0.1,2014MM11,104.7
17756,A6,315800,17756,2.3,0.1,2014MM12,104.7
17758,A6,315800,17758,2.0,0.2,2015MM01,104.9
17759,A6,315800,17759,1.8,0.0,2015MM02,104.9
17760,A6,315800,17760,1.9,0.0,2015MM03,105.0
17761,A6,315800,17761,2.9,1.0,2015MM04,106.0
17762,A6,315800,17762,3.0,0.1,2015MM05,106.2
17763,A6,315800,17763,2.6,0.0,2015MM06,106.2
17764,A6,315800,17764,2.4,0.3,2015MM07,106.5
17765,A6,315800,17765,3.3,0.9,2015MM08,107.4
17766,A6,315800,17766,4.0,0.3,2015MM09,107.7
17767,A6,315800,17767,5.8,2.9,2015MM10,110.9
17768,A6,315800,17768,5.8,-0.1,2015MM11,110.7
17769,A6,315800,17769,5.7,0.0,2015MM12,110.7
17771,A6,315800,17771,5.9,0.4,2016MM01,111.2
17772,A6,315800,17772,5.9,0.0,2016MM02,111.1
17773,A6,315800,17773,5.9,0.0,2016MM03,111.1
17774,A6,315800,17774,4.9,0.1,2016MM04,111.2
17775,A6,315800,17775,4.8,0.0,2016MM05,111.3
17776,A6,315800,17776,4.9,0.0,2016MM06,111.3
17777,A6,315800,17777,5.5,0.9,2016MM07,112.3
17778,A6,315800,17778,4.5,0.0,2016MM08,112.3
17779,A6,315800,17779,4.2,0.0,2016MM09,112.3
17780,A6,315800,17780,1.5,0.2,2016MM10,112.6
17781,A6,315800,17781,1.6,0.0,2016MM11,112.5
17782,A6,315800,17782,1.8,0.1,2016MM12,112.7
17784,A6,315800,17784,1.9,0.5,2017MM01,113.2
17785,A6,315800,17785,1.9,0.0,2017MM02,113.2
17786,A6,315800,17786,1.9,0.0,2017MM03,113.3
17787,A6,315800,17787,2.6,0.8,2017MM04,114.1
17788,A6,315800,17788,2.6,0.0,2017MM05,114.2
17789,A6,315800,17789,2.9,0.3,2017MM06,114.5
17790,A6,315800,17790,2.8,0.7,2017MM07,115.4
17791,A6,315800,17791,3.2,0.4,2017MM08,115.9
17792,A6,315800,17792,3.2,0.0,2017MM09,115.9
17793,A6,315800,17793,3.3,0.3,2017MM10,116.3
17794,A6,315800,17794,3.4,0.0,2017MM11,116.3
17795,A6,315800,17795,3.2,0.0,2017MM12,116.3
