,Afzet,BedrijfstakkenBranchesSBI2008,ID,OntwikkelingTOV1JaarEerder_2,OntwikkelingTOV1MaandEerder_3,Perioden,ProducentenprijsindexPPI_1
49543,A4,315800,49543,3.19230769231,-0.15,1981MM01,59.8
49544,A4,315800,49544,3.18461538462,-0.3,1981MM02,59.6
49545,A4,315800,49545,3.17692307692,0.0,1981MM03,59.6
49546,A4,315800,49546,3.16923076923,0.1,1981MM04,59.7
49547,A4,315800,49547,3.16153846154,0.1,1981MM05,59.7
49548,A4,315800,49548,3.15384615385,-0.1,1981MM06,59.6
49549,A4,315800,49549,3.14615384615,1.2,1981MM07,60.3
49550,A4,315800,49550,3.13846153846,0.2,1981MM08,60.4
49551,A4,315800,49551,3.13076923077,-0.4,1981MM09,60.2
49552,A4,315800,49552,3.12307692308,0.5,1981MM10,60.5
49553,A4,315800,49553,3.11538461538,0.1,1981MM11,60.6
49554,A4,315800,49554,3.10769230769,0.1,1981MM12,60.6
49556,A4,315800,49556,3.1,1.7,1982MM01,61.6
49557,A4,315800,49557,3.3,0.0,1982MM02,61.6
49558,A4,315800,49558,3.2,0.0,1982MM03,61.6
49559,A4,315800,49559,3.5,0.3,1982MM04,61.8
49560,A4,315800,49560,3.4,0.0,1982MM05,61.8
49561,A4,315800,49561,3.7,0.1,1982MM06,61.9
49562,A4,315800,49562,2.7,0.2,1982MM07,62.0
49563,A4,315800,49563,2.7,0.1,1982MM08,62.1
49564,A4,315800,49564,3.1,0.1,1982MM09,62.1
49565,A4,315800,49565,2.8,0.1,1982MM10,62.2
49566,A4,315800,49566,2.9,0.1,1982MM11,62.3
49567,A4,315800,49567,2.8,0.1,1982MM12,62.3
49569,A4,315800,49569,1.4,0.3,1983MM01,62.5
49570,A4,315800,49570,1.7,0.3,1983MM02,62.7
49571,A4,315800,49571,1.5,-0.3,1983MM03,62.5
49572,A4,315800,49572,1.2,0.1,1983MM04,62.5
49573,A4,315800,49573,1.4,0.2,1983MM05,62.7
49574,A4,315800,49574,1.4,0.1,1983MM06,62.8
49575,A4,315800,49575,1.5,0.3,1983MM07,62.9
49576,A4,315800,49576,1.7,0.3,1983MM08,63.1
49577,A4,315800,49577,1.4,-0.2,1983MM09,63.0
49578,A4,315800,49578,1.4,0.1,1983MM10,63.0
49579,A4,315800,49579,1.3,0.1,1983MM11,63.1
49580,A4,315800,49580,1.6,0.3,1983MM12,63.3
49582,A4,315800,49582,1.8,0.5,1984MM01,63.6
49583,A4,315800,49583,1.6,0.0,1984MM02,63.6
49584,A4,315800,49584,2.1,0.2,1984MM03,63.8
49585,A4,315800,49585,2.1,0.1,1984MM04,63.9
49586,A4,315800,49586,1.6,-0.3,1984MM05,63.7
49587,A4,315800,49587,1.7,0.2,1984MM06,63.8
49588,A4,315800,49588,1.8,0.4,1984MM07,64.1
49589,A4,315800,49589,1.5,0.0,1984MM08,64.1
49590,A4,315800,49590,2.1,0.3,1984MM09,64.3
49591,A4,315800,49591,2.1,0.0,1984MM10,64.3
49592,A4,315800,49592,2.2,0.3,1984MM11,64.5
49593,A4,315800,49593,1.8,0.0,1984MM12,64.5
49595,A4,315800,49595,1.9,0.5,1985MM01,64.8
49596,A4,315800,49596,1.4,-0.4,1985MM02,64.5
49597,A4,315800,49597,1.4,0.2,1985MM03,64.6
49598,A4,315800,49598,1.3,0.0,1985MM04,64.7
49599,A4,315800,49599,2.0,0.4,1985MM05,64.9
49600,A4,315800,49600,1.8,0.0,1985MM06,64.9
49601,A4,315800,49601,1.4,0.0,1985MM07,65.0
49602,A4,315800,49602,1.5,0.2,1985MM08,65.1
49603,A4,315800,49603,1.3,0.1,1985MM09,65.2
49604,A4,315800,49604,1.4,0.1,1985MM10,65.2
49605,A4,315800,49605,1.2,0.1,1985MM11,65.3
49606,A4,315800,49606,1.2,0.0,1985MM12,65.3
49608,A4,315800,49608,0.9,0.1,1986MM01,65.4
49609,A4,315800,49609,1.7,0.4,1986MM02,65.7
49610,A4,315800,49610,1.3,-0.3,1986MM03,65.5
49611,A4,315800,49611,1.2,0.0,1986MM04,65.5
49612,A4,315800,49612,0.9,0.1,1986MM05,65.5
49613,A4,315800,49613,0.8,-0.1,1986MM06,65.5
49614,A4,315800,49614,0.8,0.0,1986MM07,65.5
49615,A4,315800,49615,0.7,0.1,1986MM08,65.5
49616,A4,315800,49616,0.7,0.1,1986MM09,65.6
49617,A4,315800,49617,0.6,0.0,1986MM10,65.6
49618,A4,315800,49618,0.5,0.0,1986MM11,65.6
49619,A4,315800,49619,0.8,0.3,1986MM12,65.8
49621,A4,315800,49621,0.7,0.0,1987MM01,65.8
49622,A4,315800,49622,0.1,-0.1,1987MM02,65.7
49623,A4,315800,49623,1.0,0.7,1987MM03,66.2
49624,A4,315800,49624,0.8,-0.3,1987MM04,66.0
49625,A4,315800,49625,0.9,0.2,1987MM05,66.1
49626,A4,315800,49626,1.0,0.1,1987MM06,66.1
49627,A4,315800,49627,1.0,0.1,1987MM07,66.2
49628,A4,315800,49628,1.0,0.0,1987MM08,66.2
49629,A4,315800,49629,0.9,0.0,1987MM09,66.2
49630,A4,315800,49630,1.0,0.1,1987MM10,66.3
49631,A4,315800,49631,1.0,0.1,1987MM11,66.3
49632,A4,315800,49632,0.6,-0.1,1987MM12,66.2
49634,A4,315800,49634,0.7,0.0,1988MM01,66.2
49635,A4,315800,49635,0.8,0.1,1988MM02,66.3
49636,A4,315800,49636,0.2,0.0,1988MM03,66.3
49637,A4,315800,49637,1.4,1.0,1988MM04,66.9
49638,A4,315800,49638,0.7,-0.6,1988MM05,66.5
49639,A4,315800,49639,0.6,0.0,1988MM06,66.6
49640,A4,315800,49640,0.7,0.2,1988MM07,66.7
49641,A4,315800,49641,0.8,0.1,1988MM08,66.7
49642,A4,315800,49642,0.8,0.1,1988MM09,66.8
49643,A4,315800,49643,0.8,0.1,1988MM10,66.8
49644,A4,315800,49644,0.8,0.0,1988MM11,66.8
49645,A4,315800,49645,0.9,-0.1,1988MM12,66.8
49647,A4,315800,49647,0.8,-0.1,1989MM01,66.7
49648,A4,315800,49648,1.1,0.4,1989MM02,67.0
49649,A4,315800,49649,1.0,0.0,1989MM03,67.0
49650,A4,315800,49650,0.2,0.1,1989MM04,67.0
49651,A4,315800,49651,3.7,2.9,1989MM05,69.0
49652,A4,315800,49652,1.9,-1.6,1989MM06,67.9
49653,A4,315800,49653,2.1,0.3,1989MM07,68.1
49654,A4,315800,49654,2.2,0.2,1989MM08,68.2
49655,A4,315800,49655,2.8,0.6,1989MM09,68.6
49656,A4,315800,49656,3.1,0.4,1989MM10,68.9
49657,A4,315800,49657,3.8,0.7,1989MM11,69.4
49658,A4,315800,49658,4.5,0.6,1989MM12,69.8
49660,A4,315800,49660,5.1,0.5,1990MM01,70.1
49661,A4,315800,49661,4.3,-0.4,1990MM02,69.9
49662,A4,315800,49662,4.7,0.3,1990MM03,70.1
49663,A4,315800,49663,4.9,0.4,1990MM04,70.4
49664,A4,315800,49664,2.3,0.3,1990MM05,70.5
49665,A4,315800,49665,4.3,0.3,1990MM06,70.8
49666,A4,315800,49666,4.0,0.0,1990MM07,70.8
49667,A4,315800,49667,4.1,0.2,1990MM08,71.0
49668,A4,315800,49668,3.6,0.1,1990MM09,71.0
49669,A4,315800,49669,3.2,0.1,1990MM10,71.1
49670,A4,315800,49670,2.6,0.1,1990MM11,71.2
49671,A4,315800,49671,1.9,0.0,1990MM12,71.1
49673,A4,315800,49673,1.2,-0.2,1991MM01,71.0
49674,A4,315800,49674,1.8,0.2,1991MM02,71.1
49675,A4,315800,49675,1.5,0.0,1991MM03,71.1
49676,A4,315800,49676,1.0,-0.1,1991MM04,71.1
49677,A4,315800,49677,0.6,-0.2,1991MM05,70.9
49678,A4,315800,49678,0.3,0.0,1991MM06,71.0
49679,A4,315800,49679,0.2,0.0,1991MM07,71.0
49680,A4,315800,49680,-0.1,-0.1,1991MM08,70.9
49681,A4,315800,49681,-0.1,0.1,1991MM09,71.0
49682,A4,315800,49682,-0.2,0.0,1991MM10,71.0
49683,A4,315800,49683,0.0,0.2,1991MM11,71.1
49684,A4,315800,49684,-0.1,-0.1,1991MM12,71.0
49686,A4,315800,49686,0.0,-0.1,1992MM01,71.0
49687,A4,315800,49687,-0.3,0.0,1992MM02,71.0
49688,A4,315800,49688,0.9,1.1,1992MM03,71.8
49689,A4,315800,49689,0.4,-0.5,1992MM04,71.4
49690,A4,315800,49690,0.8,0.2,1992MM05,71.5
49691,A4,315800,49691,0.9,0.1,1992MM06,71.6
49692,A4,315800,49692,1.3,0.4,1992MM07,71.9
49693,A4,315800,49693,1.5,0.1,1992MM08,71.9
49694,A4,315800,49694,1.3,0.0,1992MM09,72.0
49695,A4,315800,49695,1.3,-0.1,1992MM10,71.9
49696,A4,315800,49696,1.1,0.0,1992MM11,71.9
49697,A4,315800,49697,1.2,0.0,1992MM12,71.9
49699,A4,315800,49699,1.5,0.2,1993MM01,72.0
49700,A4,315800,49700,1.4,-0.1,1993MM02,72.0
49701,A4,315800,49701,0.3,0.0,1993MM03,72.0
49702,A4,315800,49702,3.2,2.4,1993MM04,73.7
49703,A4,315800,49703,1.1,-1.8,1993MM05,72.3
49704,A4,315800,49704,1.1,0.1,1993MM06,72.4
49705,A4,315800,49705,0.9,0.2,1993MM07,72.5
49706,A4,315800,49706,1.6,0.8,1993MM08,73.1
49707,A4,315800,49707,1.6,0.0,1993MM09,73.1
49708,A4,315800,49708,1.8,0.1,1993MM10,73.2
49709,A4,315800,49709,3.0,1.2,1993MM11,74.0
49710,A4,315800,49710,3.1,0.1,1993MM12,74.1
49712,A4,315800,49712,2.9,0.0,1994MM01,74.1
49713,A4,315800,49713,3.1,0.1,1994MM02,74.2
49714,A4,315800,49714,3.2,0.1,1994MM03,74.3
49715,A4,315800,49715,0.8,0.0,1994MM04,74.3
49716,A4,315800,49716,3.9,1.1,1994MM05,75.1
49717,A4,315800,49717,2.4,-1.3,1994MM06,74.1
49718,A4,315800,49718,2.4,0.2,1994MM07,74.3
49719,A4,315800,49719,1.7,0.1,1994MM08,74.4
49720,A4,315800,49720,2.5,0.8,1994MM09,74.9
49721,A4,315800,49721,2.9,0.5,1994MM10,75.3
49722,A4,315800,49722,2.0,0.3,1994MM11,75.5
49723,A4,315800,49723,3.3,1.4,1994MM12,76.5
49725,A4,315800,49725,3.6,0.4,1995MM01,76.8
49726,A4,315800,49726,3.8,0.3,1995MM02,77.0
49727,A4,315800,49727,4.0,0.2,1995MM03,77.2
49728,A4,315800,49728,3.8,-0.1,1995MM04,77.1
49729,A4,315800,49729,2.8,0.1,1995MM05,77.2
49730,A4,315800,49730,4.3,0.2,1995MM06,77.3
49731,A4,315800,49731,3.6,-0.5,1995MM07,76.9
49732,A4,315800,49732,3.7,0.2,1995MM08,77.1
49733,A4,315800,49733,2.8,-0.1,1995MM09,77.0
49734,A4,315800,49734,1.8,-0.5,1995MM10,76.6
49735,A4,315800,49735,1.6,0.1,1995MM11,76.7
49736,A4,315800,49736,0.2,-0.1,1995MM12,76.7
49738,A4,315800,49738,-1.0,-0.8,1996MM01,76.0
49739,A4,315800,49739,-1.4,-0.1,1996MM02,76.0
49740,A4,315800,49740,-1.7,-0.1,1996MM03,75.9
49741,A4,315800,49741,-1.9,-0.3,1996MM04,75.7
49742,A4,315800,49742,-2.1,-0.1,1996MM05,75.6
49743,A4,315800,49743,-2.3,-0.1,1996MM06,75.6
49744,A4,315800,49744,-1.9,-0.1,1996MM07,75.5
49745,A4,315800,49745,-2.1,-0.1,1996MM08,75.4
49746,A4,315800,49746,-2.0,0.1,1996MM09,75.5
49747,A4,315800,49747,-0.9,0.6,1996MM10,76.0
49748,A4,315800,49748,-0.8,0.2,1996MM11,76.1
49749,A4,315800,49749,-0.5,0.2,1996MM12,76.3
49751,A4,315800,49751,1.7,1.3,1997MM01,77.3
49752,A4,315800,49752,1.6,-0.2,1997MM02,77.2
49753,A4,315800,49753,1.7,0.0,1997MM03,77.2
49754,A4,315800,49754,2.2,0.2,1997MM04,77.3
49755,A4,315800,49755,2.2,0.0,1997MM05,77.3
49756,A4,315800,49756,2.3,0.0,1997MM06,77.4
49757,A4,315800,49757,3.1,0.6,1997MM07,77.8
49758,A4,315800,49758,3.0,-0.2,1997MM08,77.7
49759,A4,315800,49759,3.1,0.2,1997MM09,77.9
49760,A4,315800,49760,3.0,0.5,1997MM10,78.3
49761,A4,315800,49761,2.8,0.0,1997MM11,78.2
49762,A4,315800,49762,2.7,0.1,1997MM12,78.3
49764,A4,315800,49764,0.9,-0.4,1998MM01,78.0
49765,A4,315800,49765,1.1,0.0,1998MM02,78.0
49766,A4,315800,49766,1.1,0.0,1998MM03,78.0
49767,A4,315800,49767,1.0,0.1,1998MM04,78.1
49768,A4,315800,49768,1.0,0.1,1998MM05,78.1
49769,A4,315800,49769,1.0,0.0,1998MM06,78.1
49770,A4,315800,49770,0.1,-0.2,1998MM07,78.0
49771,A4,315800,49771,0.4,0.0,1998MM08,78.0
49772,A4,315800,49772,0.3,0.2,1998MM09,78.1
49773,A4,315800,49773,-0.2,0.0,1998MM10,78.1
49774,A4,315800,49774,-0.1,0.1,1998MM11,78.2
49775,A4,315800,49775,-0.1,0.1,1998MM12,78.2
49777,A4,315800,49777,0.4,0.1,1999MM01,78.3
49778,A4,315800,49778,0.4,0.1,1999MM02,78.4
49779,A4,315800,49779,0.5,0.0,1999MM03,78.4
49780,A4,315800,49780,0.2,-0.2,1999MM04,78.2
49781,A4,315800,49781,0.1,0.0,1999MM05,78.2
49782,A4,315800,49782,0.4,0.3,1999MM06,78.4
49783,A4,315800,49783,0.4,-0.2,1999MM07,78.2
49784,A4,315800,49784,0.2,-0.1,1999MM08,78.2
49785,A4,315800,49785,-0.1,-0.1,1999MM09,78.1
49786,A4,315800,49786,0.2,0.3,1999MM10,78.3
49787,A4,315800,49787,0.0,-0.2,1999MM11,78.1
49788,A4,315800,49788,-0.7,-0.6,1999MM12,77.6
49790,A4,315800,49790,0.3,1.2,2000MM01,78.6
49791,A4,315800,49791,0.4,0.1,2000MM02,78.7
49792,A4,315800,49792,0.4,0.0,2000MM03,78.6
49793,A4,315800,49793,1.5,1.0,2000MM04,79.4
49794,A4,315800,49794,1.6,0.1,2000MM05,79.5
49795,A4,315800,49795,1.5,0.1,2000MM06,79.6
49796,A4,315800,49796,3.6,1.9,2000MM07,81.0
49797,A4,315800,49797,3.8,0.1,2000MM08,81.1
49798,A4,315800,49798,4.0,0.0,2000MM09,81.1
49799,A4,315800,49799,4.4,0.7,2000MM10,81.7
49800,A4,315800,49800,4.6,0.1,2000MM11,81.7
49801,A4,315800,49801,5.4,0.1,2000MM12,81.9
49803,A4,315800,49803,6.8,2.5,2001MM01,83.9
49804,A4,315800,49804,6.7,0.0,2001MM02,83.9
49805,A4,315800,49805,6.8,0.1,2001MM03,84.0
49806,A4,315800,49806,6.2,0.4,2001MM04,84.3
49807,A4,315800,49807,6.2,0.1,2001MM05,84.4
49808,A4,315800,49808,6.0,0.0,2001MM06,84.3
49809,A4,315800,49809,4.8,0.7,2001MM07,84.9
49810,A4,315800,49810,4.7,0.0,2001MM08,85.0
49811,A4,315800,49811,4.7,0.0,2001MM09,85.0
49812,A4,315800,49812,4.3,0.3,2001MM10,85.2
49813,A4,315800,49813,4.3,0.0,2001MM11,85.3
49814,A4,315800,49814,4.2,0.1,2001MM12,85.3
49816,A4,315800,49816,3.8,2.2,2002MM01,87.2
49817,A4,315800,49817,3.9,0.0,2002MM02,87.1
49818,A4,315800,49818,3.8,0.0,2002MM03,87.1
49819,A4,315800,49819,3.6,0.2,2002MM04,87.3
49820,A4,315800,49820,3.5,0.0,2002MM05,87.3
49821,A4,315800,49821,3.5,0.0,2002MM06,87.3
49822,A4,315800,49822,2.9,0.2,2002MM07,87.4
49823,A4,315800,49823,2.9,0.0,2002MM08,87.4
49824,A4,315800,49824,3.0,0.1,2002MM09,87.5
49825,A4,315800,49825,3.0,0.3,2002MM10,87.8
49826,A4,315800,49826,2.9,-0.1,2002MM11,87.7
49827,A4,315800,49827,2.8,0.0,2002MM12,87.7
49829,A4,315800,49829,1.9,1.3,2003MM01,88.8
49830,A4,315800,49830,2.0,0.1,2003MM02,88.9
49831,A4,315800,49831,2.0,0.0,2003MM03,88.9
49832,A4,315800,49832,1.9,0.1,2003MM04,89.0
49833,A4,315800,49833,1.7,-0.2,2003MM05,88.8
49834,A4,315800,49834,1.7,0.0,2003MM06,88.8
49835,A4,315800,49835,1.1,-0.4,2003MM07,88.4
49836,A4,315800,49836,1.2,0.0,2003MM08,88.4
49837,A4,315800,49837,1.1,0.0,2003MM09,88.4
49838,A4,315800,49838,0.4,-0.3,2003MM10,88.1
49839,A4,315800,49839,0.6,0.1,2003MM11,88.3
49840,A4,315800,49840,0.6,0.0,2003MM12,88.3
49842,A4,315800,49842,-0.4,0.3,2004MM01,88.5
49843,A4,315800,49843,-0.3,0.1,2004MM02,88.6
49844,A4,315800,49844,-0.4,0.0,2004MM03,88.6
49845,A4,315800,49845,-0.3,0.1,2004MM04,88.7
49846,A4,315800,49846,-0.1,0.0,2004MM05,88.7
49847,A4,315800,49847,-0.1,0.0,2004MM06,88.7
49848,A4,315800,49848,0.5,0.2,2004MM07,88.9
49849,A4,315800,49849,0.6,0.1,2004MM08,89.0
49850,A4,315800,49850,0.7,0.1,2004MM09,89.1
49851,A4,315800,49851,1.3,0.2,2004MM10,89.3
49852,A4,315800,49852,1.2,0.0,2004MM11,89.3
49853,A4,315800,49853,1.3,0.1,2004MM12,89.4
49855,A4,315800,49855,1.27692307692,0.05,2005MM01,89.9
49856,A4,315800,49856,1.25384615385,0.0,2005MM02,89.9
49857,A4,315800,49857,1.23076923077,0.0,2005MM03,89.9
49858,A4,315800,49858,1.20769230769,0.3,2005MM04,90.2
49859,A4,315800,49859,1.18461538462,-0.1,2005MM05,90.1
49860,A4,315800,49860,1.16153846154,0.1,2005MM06,90.2
49861,A4,315800,49861,1.13846153846,0.0,2005MM07,90.3
49862,A4,315800,49862,1.11538461538,0.0,2005MM08,90.3
49863,A4,315800,49863,1.09230769231,0.0,2005MM09,90.3
49864,A4,315800,49864,1.06923076923,0.2,2005MM10,90.4
49865,A4,315800,49865,1.04615384615,-0.5,2005MM11,90.0
49866,A4,315800,49866,1.02307692308,0.0,2005MM12,90.0
49868,A4,315800,49868,1.0,0.8,2006MM01,90.7
49869,A4,315800,49869,1.0,0.0,2006MM02,90.8
49870,A4,315800,49870,1.1,0.1,2006MM03,90.9
49871,A4,315800,49871,1.4,0.7,2006MM04,91.5
49872,A4,315800,49872,1.5,0.0,2006MM05,91.5
49873,A4,315800,49873,1.4,0.0,2006MM06,91.5
49874,A4,315800,49874,3.8,2.4,2006MM07,93.7
49875,A4,315800,49875,3.9,0.1,2006MM08,93.8
49876,A4,315800,49876,4.2,0.3,2006MM09,94.0
49877,A4,315800,49877,4.9,0.8,2006MM10,94.8
49878,A4,315800,49878,5.6,0.2,2006MM11,95.0
49879,A4,315800,49879,5.8,0.3,2006MM12,95.3
49881,A4,315800,49881,9.1,3.9,2007MM01,99.0
49882,A4,315800,49882,9.3,0.2,2007MM02,99.2
49883,A4,315800,49883,9.6,0.5,2007MM03,99.6
49884,A4,315800,49884,9.9,0.9,2007MM04,100.5
49885,A4,315800,49885,10.3,0.5,2007MM05,101.0
49886,A4,315800,49886,10.4,0.1,2007MM06,101.1
49887,A4,315800,49887,9.4,1.4,2007MM07,102.5
49888,A4,315800,49888,9.4,0.1,2007MM08,102.6
49889,A4,315800,49889,9.1,0.0,2007MM09,102.6
49890,A4,315800,49890,8.7,0.4,2007MM10,103.1
49891,A4,315800,49891,8.5,0.1,2007MM11,103.1
49892,A4,315800,49892,8.3,0.0,2007MM12,103.1
49894,A4,315800,49894,5.4,1.2,2008MM01,104.4
49895,A4,315800,49895,5.4,0.1,2008MM02,104.5
49896,A4,315800,49896,4.9,0.0,2008MM03,104.5
49897,A4,315800,49897,4.1,0.2,2008MM04,104.6
49898,A4,315800,49898,3.8,0.2,2008MM05,104.8
49899,A4,315800,49899,3.7,0.0,2008MM06,104.8
49900,A4,315800,49900,2.1,-0.1,2008MM07,104.7
49901,A4,315800,49901,2.0,0.0,2008MM08,104.7
49902,A4,315800,49902,1.9,-0.1,2008MM09,104.6
49903,A4,315800,49903,1.1,-0.4,2008MM10,104.2
49904,A4,315800,49904,1.0,-0.1,2008MM11,104.1
49905,A4,315800,49905,0.8,-0.1,2008MM12,104.0
49907,A4,315800,49907,-0.9,-0.5,2009MM01,103.4
49908,A4,315800,49908,-1.1,-0.1,2009MM02,103.3
49909,A4,315800,49909,-1.2,-0.1,2009MM03,103.3
49910,A4,315800,49910,-2.7,-1.3,2009MM04,101.9
49911,A4,315800,49911,-2.8,0.0,2009MM05,101.9
49912,A4,315800,49912,-2.8,-0.1,2009MM06,101.8
49913,A4,315800,49913,-3.4,-0.8,2009MM07,101.1
49914,A4,315800,49914,-3.6,-0.1,2009MM08,100.9
49915,A4,315800,49915,-3.5,0.1,2009MM09,101.0
49916,A4,315800,49916,-4.3,-1.3,2009MM10,99.7
49917,A4,315800,49917,-4.3,0.0,2009MM11,99.7
49918,A4,315800,49918,-4.1,0.0,2009MM12,99.7
49920,A4,315800,49920,-3.9,-0.4,2010MM01,99.3
49921,A4,315800,49921,-3.9,0.0,2010MM02,99.4
49922,A4,315800,49922,-3.5,0.3,2010MM03,99.6
49923,A4,315800,49923,-1.9,0.2,2010MM04,99.9
49924,A4,315800,49924,-2.1,-0.1,2010MM05,99.8
49925,A4,315800,49925,-2.0,0.0,2010MM06,99.8
49926,A4,315800,49926,-1.3,-0.1,2010MM07,99.7
49927,A4,315800,49927,-1.1,0.1,2010MM08,99.8
49928,A4,315800,49928,-0.9,0.2,2010MM09,100.1
49929,A4,315800,49929,1.2,0.8,2010MM10,100.8
49930,A4,315800,49930,1.1,0.0,2010MM11,100.8
49931,A4,315800,49931,1.2,0.1,2010MM12,100.9
49933,A4,315800,49933,1.6,0.0,2011MM01,100.9
49934,A4,315800,49934,1.4,-0.1,2011MM02,100.8
49935,A4,315800,49935,1.4,0.3,2011MM03,101.1
49936,A4,315800,49936,1.8,0.7,2011MM04,101.7
49937,A4,315800,49937,2.1,0.2,2011MM05,101.9
49938,A4,315800,49938,2.2,0.1,2011MM06,102.0
49939,A4,315800,49939,2.6,0.3,2011MM07,102.3
49940,A4,315800,49940,2.6,0.1,2011MM08,102.4
49941,A4,315800,49941,2.2,-0.1,2011MM09,102.3
49942,A4,315800,49942,1.0,-0.5,2011MM10,101.8
49943,A4,315800,49943,1.0,0.0,2011MM11,101.8
49944,A4,315800,49944,1.0,0.1,2011MM12,101.9
49946,A4,315800,49946,1.6,0.6,2012MM01,102.5
49947,A4,315800,49947,1.7,0.0,2012MM02,102.5
49948,A4,315800,49948,1.4,0.0,2012MM03,102.5
49949,A4,315800,49949,0.8,0.0,2012MM04,102.6
49950,A4,315800,49950,0.7,0.1,2012MM05,102.6
49951,A4,315800,49951,0.6,0.0,2012MM06,102.6
49952,A4,315800,49952,-0.1,-0.4,2012MM07,102.2
49953,A4,315800,49953,-0.2,0.0,2012MM08,102.2
49954,A4,315800,49954,-0.1,0.1,2012MM09,102.2
49955,A4,315800,49955,0.4,0.0,2012MM10,102.2
49956,A4,315800,49956,0.3,-0.1,2012MM11,102.1
49957,A4,315800,49957,0.2,-0.1,2012MM12,102.1
49959,A4,315800,49959,-1.7,-1.3,2013MM01,100.7
49960,A4,315800,49960,-1.7,0.0,2013MM02,100.8
49961,A4,315800,49961,-1.6,0.1,2013MM03,100.9
49962,A4,315800,49962,-1.9,-0.2,2013MM04,100.6
49963,A4,315800,49963,-2.1,-0.2,2013MM05,100.5
49964,A4,315800,49964,-2.1,0.0,2013MM06,100.4
49965,A4,315800,49965,-1.5,0.2,2013MM07,100.6
49966,A4,315800,49966,-1.6,0.0,2013MM08,100.6
49967,A4,315800,49967,-1.6,0.0,2013MM09,100.6
49968,A4,315800,49968,-1.7,-0.2,2013MM10,100.5
49969,A4,315800,49969,-1.6,0.1,2013MM11,100.5
49970,A4,315800,49970,-1.6,-0.1,2013MM12,100.5
49972,A4,315800,49972,0.4,0.7,2014MM01,101.1
49973,A4,315800,49973,0.3,0.0,2014MM02,101.1
49974,A4,315800,49974,0.2,0.0,2014MM03,101.1
49975,A4,315800,49975,0.4,-0.1,2014MM04,101.0
49976,A4,315800,49976,0.6,0.0,2014MM05,101.1
49977,A4,315800,49977,0.7,0.1,2014MM06,101.1
49978,A4,315800,49978,1.0,0.5,2014MM07,101.6
49979,A4,315800,49979,1.0,0.0,2014MM08,101.6
49980,A4,315800,49980,1.0,0.0,2014MM09,101.6
49981,A4,315800,49981,2.0,0.9,2014MM10,102.5
49982,A4,315800,49982,1.9,-0.1,2014MM11,102.4
49983,A4,315800,49983,2.0,0.0,2014MM12,102.5
49985,A4,315800,49985,1.5,0.2,2015MM01,102.6
49986,A4,315800,49986,1.5,0.0,2015MM02,102.6
49987,A4,315800,49987,1.5,0.0,2015MM03,102.6
49988,A4,315800,49988,3.0,1.4,2015MM04,104.1
49989,A4,315800,49989,3.1,0.1,2015MM05,104.2
49990,A4,315800,49990,3.0,0.0,2015MM06,104.2
49991,A4,315800,49991,3.2,0.7,2015MM07,104.9
49992,A4,315800,49992,4.4,1.2,2015MM08,106.1
49993,A4,315800,49993,4.8,0.4,2015MM09,106.5
49994,A4,315800,49994,7.7,3.7,2015MM10,110.4
49995,A4,315800,49995,7.6,-0.2,2015MM11,110.2
49996,A4,315800,49996,7.6,0.0,2015MM12,110.2
49998,A4,315800,49998,7.7,0.3,2016MM01,110.5
49999,A4,315800,49999,7.7,0.0,2016MM02,110.5
50000,A4,315800,50000,7.7,0.0,2016MM03,110.5
50001,A4,315800,50001,6.5,0.3,2016MM04,110.8
50002,A4,315800,50002,6.3,0.0,2016MM05,110.8
50003,A4,315800,50003,6.4,0.0,2016MM06,110.8
50004,A4,315800,50004,6.4,0.7,2016MM07,111.6
50005,A4,315800,50005,5.2,0.0,2016MM08,111.6
50006,A4,315800,50006,4.8,0.0,2016MM09,111.6
50007,A4,315800,50007,1.5,0.4,2016MM10,112.1
50008,A4,315800,50008,1.6,0.0,2016MM11,112.0
50009,A4,315800,50009,1.8,0.2,2016MM12,112.2
50011,A4,315800,50011,1.7,0.2,2017MM01,112.4
50012,A4,315800,50012,1.7,0.0,2017MM02,112.4
50013,A4,315800,50013,1.7,0.0,2017MM03,112.4
50014,A4,315800,50014,2.0,0.6,2017MM04,113.1
50015,A4,315800,50015,2.1,0.0,2017MM05,113.1
50016,A4,315800,50016,2.5,0.5,2017MM06,113.6
50017,A4,315800,50017,2.7,1.0,2017MM07,114.7
50018,A4,315800,50018,3.3,0.6,2017MM08,115.3
50019,A4,315800,50019,3.3,0.0,2017MM09,115.3
50020,A4,315800,50020,3.2,0.3,2017MM10,115.7
50021,A4,315800,50021,3.3,0.0,2017MM11,115.7
50022,A4,315800,50022,3.1,0.0,2017MM12,115.7
