,Afzet,BedrijfstakkenBranchesSBI2008,ID,OntwikkelingTOV1JaarEerder_2,OntwikkelingTOV1MaandEerder_3,Perioden,ProducentenprijsindexPPI_1
81289,A5,315805,81289,1.8950166113,-0.298965517241,1981MM01,110.305882353
81290,A5,315805,81290,1.89003322259,-0.297931034483,1981MM02,110.211764706
81291,A5,315805,81291,1.88504983389,-0.296896551724,1981MM03,110.117647059
81292,A5,315805,81292,1.88006644518,-0.295862068966,1981MM04,110.023529412
81293,A5,315805,81293,1.87508305648,-0.294827586207,1981MM05,109.929411765
81294,A5,315805,81294,1.87009966777,-0.293793103448,1981MM06,109.835294118
81295,A5,315805,81295,1.86511627907,-0.29275862069,1981MM07,109.741176471
81296,A5,315805,81296,1.86013289037,-0.291724137931,1981MM08,109.647058824
81297,A5,315805,81297,1.85514950166,-0.290689655172,1981MM09,109.552941176
81298,A5,315805,81298,1.85016611296,-0.289655172414,1981MM10,109.458823529
81299,A5,315805,81299,1.84518272425,-0.288620689655,1981MM11,109.364705882
81300,A5,315805,81300,1.84019933555,-0.287586206897,1981MM12,109.270588235
81302,A5,315805,81302,1.83521594684,-0.286551724138,1982MM01,109.176470588
81303,A5,315805,81303,1.83023255814,-0.285517241379,1982MM02,109.082352941
81304,A5,315805,81304,1.82524916944,-0.284482758621,1982MM03,108.988235294
81305,A5,315805,81305,1.82026578073,-0.283448275862,1982MM04,108.894117647
81306,A5,315805,81306,1.81528239203,-0.282413793103,1982MM05,108.8
81307,A5,315805,81307,1.81029900332,-0.281379310345,1982MM06,108.705882353
81308,A5,315805,81308,1.80531561462,-0.280344827586,1982MM07,108.611764706
81309,A5,315805,81309,1.80033222591,-0.279310344828,1982MM08,108.517647059
81310,A5,315805,81310,1.79534883721,-0.278275862069,1982MM09,108.423529412
81311,A5,315805,81311,1.7903654485,-0.27724137931,1982MM10,108.329411765
81312,A5,315805,81312,1.7853820598,-0.276206896552,1982MM11,108.235294118
81313,A5,315805,81313,1.7803986711,-0.275172413793,1982MM12,108.141176471
81315,A5,315805,81315,1.77541528239,-0.274137931034,1983MM01,108.047058824
81316,A5,315805,81316,1.77043189369,-0.273103448276,1983MM02,107.952941176
81317,A5,315805,81317,1.76544850498,-0.272068965517,1983MM03,107.858823529
81318,A5,315805,81318,1.76046511628,-0.271034482759,1983MM04,107.764705882
81319,A5,315805,81319,1.75548172757,-0.27,1983MM05,107.670588235
81320,A5,315805,81320,1.75049833887,-0.268965517241,1983MM06,107.576470588
81321,A5,315805,81321,1.74551495017,-0.267931034483,1983MM07,107.482352941
81322,A5,315805,81322,1.74053156146,-0.266896551724,1983MM08,107.388235294
81323,A5,315805,81323,1.73554817276,-0.265862068966,1983MM09,107.294117647
81324,A5,315805,81324,1.73056478405,-0.264827586207,1983MM10,107.2
81325,A5,315805,81325,1.72558139535,-0.263793103448,1983MM11,107.105882353
81326,A5,315805,81326,1.72059800664,-0.26275862069,1983MM12,107.011764706
81328,A5,315805,81328,1.71561461794,-0.261724137931,1984MM01,106.917647059
81329,A5,315805,81329,1.71063122924,-0.260689655172,1984MM02,106.823529412
81330,A5,315805,81330,1.70564784053,-0.259655172414,1984MM03,106.729411765
81331,A5,315805,81331,1.70066445183,-0.258620689655,1984MM04,106.635294118
81332,A5,315805,81332,1.69568106312,-0.257586206897,1984MM05,106.541176471
81333,A5,315805,81333,1.69069767442,-0.256551724138,1984MM06,106.447058824
81334,A5,315805,81334,1.68571428571,-0.255517241379,1984MM07,106.352941176
81335,A5,315805,81335,1.68073089701,-0.254482758621,1984MM08,106.258823529
81336,A5,315805,81336,1.67574750831,-0.253448275862,1984MM09,106.164705882
81337,A5,315805,81337,1.6707641196,-0.252413793103,1984MM10,106.070588235
81338,A5,315805,81338,1.6657807309,-0.251379310345,1984MM11,105.976470588
81339,A5,315805,81339,1.66079734219,-0.250344827586,1984MM12,105.882352941
81341,A5,315805,81341,1.65581395349,-0.249310344828,1985MM01,105.788235294
81342,A5,315805,81342,1.65083056478,-0.248275862069,1985MM02,105.694117647
81343,A5,315805,81343,1.64584717608,-0.24724137931,1985MM03,105.6
81344,A5,315805,81344,1.64086378738,-0.246206896552,1985MM04,105.505882353
81345,A5,315805,81345,1.63588039867,-0.245172413793,1985MM05,105.411764706
81346,A5,315805,81346,1.63089700997,-0.244137931034,1985MM06,105.317647059
81347,A5,315805,81347,1.62591362126,-0.243103448276,1985MM07,105.223529412
81348,A5,315805,81348,1.62093023256,-0.242068965517,1985MM08,105.129411765
81349,A5,315805,81349,1.61594684385,-0.241034482759,1985MM09,105.035294118
81350,A5,315805,81350,1.61096345515,-0.24,1985MM10,104.941176471
81351,A5,315805,81351,1.60598006645,-0.238965517241,1985MM11,104.847058824
81352,A5,315805,81352,1.60099667774,-0.237931034483,1985MM12,104.752941176
81354,A5,315805,81354,1.59601328904,-0.236896551724,1986MM01,104.658823529
81355,A5,315805,81355,1.59102990033,-0.235862068966,1986MM02,104.564705882
81356,A5,315805,81356,1.58604651163,-0.234827586207,1986MM03,104.470588235
81357,A5,315805,81357,1.58106312292,-0.233793103448,1986MM04,104.376470588
81358,A5,315805,81358,1.57607973422,-0.23275862069,1986MM05,104.282352941
81359,A5,315805,81359,1.57109634551,-0.231724137931,1986MM06,104.188235294
81360,A5,315805,81360,1.56611295681,-0.230689655172,1986MM07,104.094117647
81361,A5,315805,81361,1.56112956811,-0.229655172414,1986MM08,104.0
81362,A5,315805,81362,1.5561461794,-0.228620689655,1986MM09,103.905882353
81363,A5,315805,81363,1.5511627907,-0.227586206897,1986MM10,103.811764706
81364,A5,315805,81364,1.54617940199,-0.226551724138,1986MM11,103.717647059
81365,A5,315805,81365,1.54119601329,-0.225517241379,1986MM12,103.623529412
81367,A5,315805,81367,1.53621262458,-0.224482758621,1987MM01,103.529411765
81368,A5,315805,81368,1.53122923588,-0.223448275862,1987MM02,103.435294118
81369,A5,315805,81369,1.52624584718,-0.222413793103,1987MM03,103.341176471
81370,A5,315805,81370,1.52126245847,-0.221379310345,1987MM04,103.247058824
81371,A5,315805,81371,1.51627906977,-0.220344827586,1987MM05,103.152941176
81372,A5,315805,81372,1.51129568106,-0.219310344828,1987MM06,103.058823529
81373,A5,315805,81373,1.50631229236,-0.218275862069,1987MM07,102.964705882
81374,A5,315805,81374,1.50132890365,-0.21724137931,1987MM08,102.870588235
81375,A5,315805,81375,1.49634551495,-0.216206896552,1987MM09,102.776470588
81376,A5,315805,81376,1.49136212625,-0.215172413793,1987MM10,102.682352941
81377,A5,315805,81377,1.48637873754,-0.214137931034,1987MM11,102.588235294
81378,A5,315805,81378,1.48139534884,-0.213103448276,1987MM12,102.494117647
81380,A5,315805,81380,1.47641196013,-0.212068965517,1988MM01,102.4
81381,A5,315805,81381,1.47142857143,-0.211034482759,1988MM02,102.305882353
81382,A5,315805,81382,1.46644518272,-0.21,1988MM03,102.211764706
81383,A5,315805,81383,1.46146179402,-0.208965517241,1988MM04,102.117647059
81384,A5,315805,81384,1.45647840532,-0.207931034483,1988MM05,102.023529412
81385,A5,315805,81385,1.45149501661,-0.206896551724,1988MM06,101.929411765
81386,A5,315805,81386,1.44651162791,-0.205862068966,1988MM07,101.835294118
81387,A5,315805,81387,1.4415282392,-0.204827586207,1988MM08,101.741176471
81388,A5,315805,81388,1.4365448505,-0.203793103448,1988MM09,101.647058824
81389,A5,315805,81389,1.43156146179,-0.20275862069,1988MM10,101.552941176
81390,A5,315805,81390,1.42657807309,-0.201724137931,1988MM11,101.458823529
81391,A5,315805,81391,1.42159468439,-0.200689655172,1988MM12,101.364705882
81393,A5,315805,81393,1.41661129568,-0.199655172414,1989MM01,101.270588235
81394,A5,315805,81394,1.41162790698,-0.198620689655,1989MM02,101.176470588
81395,A5,315805,81395,1.40664451827,-0.197586206897,1989MM03,101.082352941
81396,A5,315805,81396,1.40166112957,-0.196551724138,1989MM04,100.988235294
81397,A5,315805,81397,1.39667774086,-0.195517241379,1989MM05,100.894117647
81398,A5,315805,81398,1.39169435216,-0.194482758621,1989MM06,100.8
81399,A5,315805,81399,1.38671096346,-0.193448275862,1989MM07,100.705882353
81400,A5,315805,81400,1.38172757475,-0.192413793103,1989MM08,100.611764706
81401,A5,315805,81401,1.37674418605,-0.191379310345,1989MM09,100.517647059
81402,A5,315805,81402,1.37176079734,-0.190344827586,1989MM10,100.423529412
81403,A5,315805,81403,1.36677740864,-0.189310344828,1989MM11,100.329411765
81404,A5,315805,81404,1.36179401993,-0.188275862069,1989MM12,100.235294118
81406,A5,315805,81406,1.35681063123,-0.18724137931,1990MM01,100.141176471
81407,A5,315805,81407,1.35182724252,-0.186206896552,1990MM02,100.047058824
81408,A5,315805,81408,1.34684385382,-0.185172413793,1990MM03,99.9529411765
81409,A5,315805,81409,1.34186046512,-0.184137931034,1990MM04,99.8588235294
81410,A5,315805,81410,1.33687707641,-0.183103448276,1990MM05,99.7647058824
81411,A5,315805,81411,1.33189368771,-0.182068965517,1990MM06,99.6705882353
81412,A5,315805,81412,1.326910299,-0.181034482759,1990MM07,99.5764705882
81413,A5,315805,81413,1.3219269103,-0.18,1990MM08,99.4823529412
81414,A5,315805,81414,1.31694352159,-0.178965517241,1990MM09,99.3882352941
81415,A5,315805,81415,1.31196013289,-0.177931034483,1990MM10,99.2941176471
81416,A5,315805,81416,1.30697674419,-0.176896551724,1990MM11,99.2
81417,A5,315805,81417,1.30199335548,-0.175862068966,1990MM12,99.1058823529
81419,A5,315805,81419,1.29700996678,-0.174827586207,1991MM01,99.0117647059
81420,A5,315805,81420,1.29202657807,-0.173793103448,1991MM02,98.9176470588
81421,A5,315805,81421,1.28704318937,-0.17275862069,1991MM03,98.8235294118
81422,A5,315805,81422,1.28205980066,-0.171724137931,1991MM04,98.7294117647
81423,A5,315805,81423,1.27707641196,-0.170689655172,1991MM05,98.6352941176
81424,A5,315805,81424,1.27209302326,-0.169655172414,1991MM06,98.5411764706
81425,A5,315805,81425,1.26710963455,-0.168620689655,1991MM07,98.4470588235
81426,A5,315805,81426,1.26212624585,-0.167586206897,1991MM08,98.3529411765
81427,A5,315805,81427,1.25714285714,-0.166551724138,1991MM09,98.2588235294
81428,A5,315805,81428,1.25215946844,-0.165517241379,1991MM10,98.1647058824
81429,A5,315805,81429,1.24717607973,-0.164482758621,1991MM11,98.0705882353
81430,A5,315805,81430,1.24219269103,-0.163448275862,1991MM12,97.9764705882
81432,A5,315805,81432,1.23720930233,-0.162413793103,1992MM01,97.8823529412
81433,A5,315805,81433,1.23222591362,-0.161379310345,1992MM02,97.7882352941
81434,A5,315805,81434,1.22724252492,-0.160344827586,1992MM03,97.6941176471
81435,A5,315805,81435,1.22225913621,-0.159310344828,1992MM04,97.6
81436,A5,315805,81436,1.21727574751,-0.158275862069,1992MM05,97.5058823529
81437,A5,315805,81437,1.2122923588,-0.15724137931,1992MM06,97.4117647059
81438,A5,315805,81438,1.2073089701,-0.156206896552,1992MM07,97.3176470588
81439,A5,315805,81439,1.2023255814,-0.155172413793,1992MM08,97.2235294118
81440,A5,315805,81440,1.19734219269,-0.154137931034,1992MM09,97.1294117647
81441,A5,315805,81441,1.19235880399,-0.153103448276,1992MM10,97.0352941176
81442,A5,315805,81442,1.18737541528,-0.152068965517,1992MM11,96.9411764706
81443,A5,315805,81443,1.18239202658,-0.151034482759,1992MM12,96.8470588235
81445,A5,315805,81445,1.17740863787,-0.15,1993MM01,96.7529411765
81446,A5,315805,81446,1.17242524917,-0.148965517241,1993MM02,96.6588235294
81447,A5,315805,81447,1.16744186047,-0.147931034483,1993MM03,96.5647058824
81448,A5,315805,81448,1.16245847176,-0.146896551724,1993MM04,96.4705882353
81449,A5,315805,81449,1.15747508306,-0.145862068966,1993MM05,96.3764705882
81450,A5,315805,81450,1.15249169435,-0.144827586207,1993MM06,96.2823529412
81451,A5,315805,81451,1.14750830565,-0.143793103448,1993MM07,96.1882352941
81452,A5,315805,81452,1.14252491694,-0.14275862069,1993MM08,96.0941176471
81453,A5,315805,81453,1.13754152824,-0.141724137931,1993MM09,96.0
81454,A5,315805,81454,1.13255813953,-0.140689655172,1993MM10,95.9058823529
81455,A5,315805,81455,1.12757475083,-0.139655172414,1993MM11,95.8117647059
81456,A5,315805,81456,1.12259136213,-0.138620689655,1993MM12,95.7176470588
81458,A5,315805,81458,1.11760797342,-0.137586206897,1994MM01,95.6235294118
81459,A5,315805,81459,1.11262458472,-0.136551724138,1994MM02,95.5294117647
81460,A5,315805,81460,1.10764119601,-0.135517241379,1994MM03,95.4352941176
81461,A5,315805,81461,1.10265780731,-0.134482758621,1994MM04,95.3411764706
81462,A5,315805,81462,1.0976744186,-0.133448275862,1994MM05,95.2470588235
81463,A5,315805,81463,1.0926910299,-0.132413793103,1994MM06,95.1529411765
81464,A5,315805,81464,1.0877076412,-0.131379310345,1994MM07,95.0588235294
81465,A5,315805,81465,1.08272425249,-0.130344827586,1994MM08,94.9647058824
81466,A5,315805,81466,1.07774086379,-0.129310344828,1994MM09,94.8705882353
81467,A5,315805,81467,1.07275747508,-0.128275862069,1994MM10,94.7764705882
81468,A5,315805,81468,1.06777408638,-0.12724137931,1994MM11,94.6823529412
81469,A5,315805,81469,1.06279069767,-0.126206896552,1994MM12,94.5882352941
81471,A5,315805,81471,1.05780730897,-0.125172413793,1995MM01,94.4941176471
81472,A5,315805,81472,1.05282392027,-0.124137931034,1995MM02,94.4
81473,A5,315805,81473,1.04784053156,-0.123103448276,1995MM03,94.3058823529
81474,A5,315805,81474,1.04285714286,-0.122068965517,1995MM04,94.2117647059
81475,A5,315805,81475,1.03787375415,-0.121034482759,1995MM05,94.1176470588
81476,A5,315805,81476,1.03289036545,-0.12,1995MM06,94.0235294118
81477,A5,315805,81477,1.02790697674,-0.118965517241,1995MM07,93.9294117647
81478,A5,315805,81478,1.02292358804,-0.117931034483,1995MM08,93.8352941176
81479,A5,315805,81479,1.01794019934,-0.116896551724,1995MM09,93.7411764706
81480,A5,315805,81480,1.01295681063,-0.115862068966,1995MM10,93.6470588235
81481,A5,315805,81481,1.00797342193,-0.114827586207,1995MM11,93.5529411765
81482,A5,315805,81482,1.00299003322,-0.113793103448,1995MM12,93.4588235294
81484,A5,315805,81484,0.998006644518,-0.11275862069,1996MM01,93.3647058824
81485,A5,315805,81485,0.993023255814,-0.111724137931,1996MM02,93.2705882353
81486,A5,315805,81486,0.98803986711,-0.110689655172,1996MM03,93.1764705882
81487,A5,315805,81487,0.983056478405,-0.109655172414,1996MM04,93.0823529412
81488,A5,315805,81488,0.978073089701,-0.108620689655,1996MM05,92.9882352941
81489,A5,315805,81489,0.973089700997,-0.107586206897,1996MM06,92.8941176471
81490,A5,315805,81490,0.968106312292,-0.106551724138,1996MM07,92.8
81491,A5,315805,81491,0.963122923588,-0.105517241379,1996MM08,92.7058823529
81492,A5,315805,81492,0.958139534884,-0.104482758621,1996MM09,92.6117647059
81493,A5,315805,81493,0.953156146179,-0.103448275862,1996MM10,92.5176470588
81494,A5,315805,81494,0.948172757475,-0.102413793103,1996MM11,92.4235294118
81495,A5,315805,81495,0.943189368771,-0.101379310345,1996MM12,92.3294117647
81497,A5,315805,81497,0.938205980066,-0.100344827586,1997MM01,92.2352941176
81498,A5,315805,81498,0.933222591362,-0.0993103448276,1997MM02,92.1411764706
81499,A5,315805,81499,0.928239202658,-0.098275862069,1997MM03,92.0470588235
81500,A5,315805,81500,0.923255813953,-0.0972413793103,1997MM04,91.9529411765
81501,A5,315805,81501,0.918272425249,-0.0962068965517,1997MM05,91.8588235294
81502,A5,315805,81502,0.913289036545,-0.0951724137931,1997MM06,91.7647058824
81503,A5,315805,81503,0.908305647841,-0.0941379310345,1997MM07,91.6705882353
81504,A5,315805,81504,0.903322259136,-0.0931034482759,1997MM08,91.5764705882
81505,A5,315805,81505,0.898338870432,-0.0920689655172,1997MM09,91.4823529412
81506,A5,315805,81506,0.893355481728,-0.0910344827586,1997MM10,91.3882352941
81507,A5,315805,81507,0.888372093023,-0.09,1997MM11,91.2941176471
81508,A5,315805,81508,0.883388704319,-0.0889655172414,1997MM12,91.2
81510,A5,315805,81510,0.878405315615,-0.0879310344828,1998MM01,91.1058823529
81511,A5,315805,81511,0.87342192691,-0.0868965517241,1998MM02,91.0117647059
81512,A5,315805,81512,0.868438538206,-0.0858620689655,1998MM03,90.9176470588
81513,A5,315805,81513,0.863455149502,-0.0848275862069,1998MM04,90.8235294118
81514,A5,315805,81514,0.858471760797,-0.0837931034483,1998MM05,90.7294117647
81515,A5,315805,81515,0.853488372093,-0.0827586206897,1998MM06,90.6352941176
81516,A5,315805,81516,0.848504983389,-0.081724137931,1998MM07,90.5411764706
81517,A5,315805,81517,0.843521594684,-0.0806896551724,1998MM08,90.4470588235
81518,A5,315805,81518,0.83853820598,-0.0796551724138,1998MM09,90.3529411765
81519,A5,315805,81519,0.833554817276,-0.0786206896552,1998MM10,90.2588235294
81520,A5,315805,81520,0.828571428571,-0.0775862068966,1998MM11,90.1647058824
81521,A5,315805,81521,0.823588039867,-0.0765517241379,1998MM12,90.0705882353
81523,A5,315805,81523,0.818604651163,-0.0755172413793,1999MM01,89.9764705882
81524,A5,315805,81524,0.813621262458,-0.0744827586207,1999MM02,89.8823529412
81525,A5,315805,81525,0.808637873754,-0.0734482758621,1999MM03,89.7882352941
81526,A5,315805,81526,0.80365448505,-0.0724137931034,1999MM04,89.6941176471
81527,A5,315805,81527,0.798671096346,-0.0713793103448,1999MM05,89.6
81528,A5,315805,81528,0.793687707641,-0.0703448275862,1999MM06,89.5058823529
81529,A5,315805,81529,0.788704318937,-0.0693103448276,1999MM07,89.4117647059
81530,A5,315805,81530,0.783720930233,-0.068275862069,1999MM08,89.3176470588
81531,A5,315805,81531,0.778737541528,-0.0672413793103,1999MM09,89.2235294118
81532,A5,315805,81532,0.773754152824,-0.0662068965517,1999MM10,89.1294117647
81533,A5,315805,81533,0.76877076412,-0.0651724137931,1999MM11,89.0352941176
81534,A5,315805,81534,0.763787375415,-0.0641379310345,1999MM12,88.9411764706
81536,A5,315805,81536,0.758803986711,-0.0631034482759,2000MM01,88.8470588235
81537,A5,315805,81537,0.753820598007,-0.0620689655172,2000MM02,88.7529411765
81538,A5,315805,81538,0.748837209302,-0.0610344827586,2000MM03,88.6588235294
81539,A5,315805,81539,0.743853820598,-0.06,2000MM04,88.5647058824
81540,A5,315805,81540,0.738870431894,-0.0589655172414,2000MM05,88.4705882353
81541,A5,315805,81541,0.733887043189,-0.0579310344828,2000MM06,88.3764705882
81542,A5,315805,81542,0.728903654485,-0.0568965517241,2000MM07,88.2823529412
81543,A5,315805,81543,0.723920265781,-0.0558620689655,2000MM08,88.1882352941
81544,A5,315805,81544,0.718936877076,-0.0548275862069,2000MM09,88.0941176471
81545,A5,315805,81545,0.713953488372,-0.0537931034483,2000MM10,88.0
81546,A5,315805,81546,0.708970099668,-0.0527586206897,2000MM11,87.9058823529
81547,A5,315805,81547,0.703986710963,-0.051724137931,2000MM12,87.8117647059
81549,A5,315805,81549,0.699003322259,-0.0506896551724,2001MM01,87.7176470588
81550,A5,315805,81550,0.694019933555,-0.0496551724138,2001MM02,87.6235294118
81551,A5,315805,81551,0.68903654485,-0.0486206896552,2001MM03,87.5294117647
81552,A5,315805,81552,0.684053156146,-0.0475862068966,2001MM04,87.4352941176
81553,A5,315805,81553,0.679069767442,-0.0465517241379,2001MM05,87.3411764706
81554,A5,315805,81554,0.674086378738,-0.0455172413793,2001MM06,87.2470588235
81555,A5,315805,81555,0.669102990033,-0.0444827586207,2001MM07,87.1529411765
81556,A5,315805,81556,0.664119601329,-0.0434482758621,2001MM08,87.0588235294
81557,A5,315805,81557,0.659136212625,-0.0424137931034,2001MM09,86.9647058824
81558,A5,315805,81558,0.65415282392,-0.0413793103448,2001MM10,86.8705882353
81559,A5,315805,81559,0.649169435216,-0.0403448275862,2001MM11,86.7764705882
81560,A5,315805,81560,0.644186046512,-0.0393103448276,2001MM12,86.6823529412
81562,A5,315805,81562,0.639202657807,-0.038275862069,2002MM01,86.5882352941
81563,A5,315805,81563,0.634219269103,-0.0372413793103,2002MM02,86.4941176471
81564,A5,315805,81564,0.629235880399,-0.0362068965517,2002MM03,86.4
81565,A5,315805,81565,0.624252491694,-0.0351724137931,2002MM04,86.3058823529
81566,A5,315805,81566,0.61926910299,-0.0341379310345,2002MM05,86.2117647059
81567,A5,315805,81567,0.614285714286,-0.0331034482759,2002MM06,86.1176470588
81568,A5,315805,81568,0.609302325581,-0.0320689655172,2002MM07,86.0235294118
81569,A5,315805,81569,0.604318936877,-0.0310344827586,2002MM08,85.9294117647
81570,A5,315805,81570,0.599335548173,-0.03,2002MM09,85.8352941176
81571,A5,315805,81571,0.594352159468,-0.0289655172414,2002MM10,85.7411764706
81572,A5,315805,81572,0.589368770764,-0.0279310344828,2002MM11,85.6470588235
81573,A5,315805,81573,0.58438538206,-0.0268965517241,2002MM12,85.5529411765
81575,A5,315805,81575,0.579401993355,-0.0258620689655,2003MM01,85.4588235294
81576,A5,315805,81576,0.574418604651,-0.0248275862069,2003MM02,85.3647058824
81577,A5,315805,81577,0.569435215947,-0.0237931034483,2003MM03,85.2705882353
81578,A5,315805,81578,0.564451827243,-0.0227586206897,2003MM04,85.1764705882
81579,A5,315805,81579,0.559468438538,-0.021724137931,2003MM05,85.0823529412
81580,A5,315805,81580,0.554485049834,-0.0206896551724,2003MM06,84.9882352941
81581,A5,315805,81581,0.54950166113,-0.0196551724138,2003MM07,84.8941176471
81582,A5,315805,81582,0.544518272425,-0.0186206896552,2003MM08,84.8
81583,A5,315805,81583,0.539534883721,-0.0175862068966,2003MM09,84.7058823529
81584,A5,315805,81584,0.534551495017,-0.0165517241379,2003MM10,84.6117647059
81585,A5,315805,81585,0.529568106312,-0.0155172413793,2003MM11,84.5176470588
81586,A5,315805,81586,0.524584717608,-0.0144827586207,2003MM12,84.4235294118
81588,A5,315805,81588,0.519601328904,-0.0134482758621,2004MM01,84.3294117647
81589,A5,315805,81589,0.514617940199,-0.0124137931034,2004MM02,84.2352941176
81590,A5,315805,81590,0.509634551495,-0.0113793103448,2004MM03,84.1411764706
81591,A5,315805,81591,0.504651162791,-0.0103448275862,2004MM04,84.0470588235
81592,A5,315805,81592,0.499667774086,-0.00931034482759,2004MM05,83.9529411765
81593,A5,315805,81593,0.494684385382,-0.00827586206897,2004MM06,83.8588235294
81594,A5,315805,81594,0.489700996678,-0.00724137931034,2004MM07,83.7647058824
81595,A5,315805,81595,0.484717607973,-0.00620689655172,2004MM08,83.6705882353
81596,A5,315805,81596,0.479734219269,-0.0051724137931,2004MM09,83.5764705882
81597,A5,315805,81597,0.474750830565,-0.00413793103448,2004MM10,83.4823529412
81598,A5,315805,81598,0.46976744186,-0.00310344827586,2004MM11,83.3882352941
81599,A5,315805,81599,0.464784053156,-0.00206896551724,2004MM12,83.2941176471
81601,A5,315805,81601,0.459800664452,-0.00103448275862,2005MM01,83.2
81602,A5,315805,81602,0.454817275748,0.0,2005MM02,83.2
81603,A5,315805,81603,0.449833887043,-0.1,2005MM03,83.1
81604,A5,315805,81604,0.444850498339,0.1,2005MM04,83.2
81605,A5,315805,81605,0.439867109635,0.0,2005MM05,83.2
81606,A5,315805,81606,0.43488372093,0.1,2005MM06,83.2
81607,A5,315805,81607,0.429900332226,0.4,2005MM07,83.6
81608,A5,315805,81608,0.424916943522,0.0,2005MM08,83.6
81609,A5,315805,81609,0.419933554817,-0.1,2005MM09,83.5
81610,A5,315805,81610,0.414950166113,-0.6,2005MM10,83.0
81611,A5,315805,81611,0.409966777409,0.0,2005MM11,83.0
81612,A5,315805,81612,0.404983388704,0.0,2005MM12,83.0
81614,A5,315805,81614,0.4,0.7,2006MM01,83.5
81615,A5,315805,81615,0.8,0.4,2006MM02,83.9
81616,A5,315805,81616,1.0,0.1,2006MM03,83.9
81617,A5,315805,81617,1.4,0.5,2006MM04,84.3
81618,A5,315805,81618,1.4,0.0,2006MM05,84.3
81619,A5,315805,81619,1.4,0.2,2006MM06,84.4
81620,A5,315805,81620,1.5,0.5,2006MM07,84.8
81621,A5,315805,81621,1.5,0.0,2006MM08,84.8
81622,A5,315805,81622,1.7,0.1,2006MM09,84.9
81623,A5,315805,81623,3.0,0.7,2006MM10,85.5
81624,A5,315805,81624,3.1,0.0,2006MM11,85.6
81625,A5,315805,81625,8.5,5.2,2006MM12,90.0
81627,A5,315805,81627,11.4,3.4,2007MM01,93.1
81628,A5,315805,81628,11.5,0.5,2007MM02,93.5
81629,A5,315805,81629,11.5,0.1,2007MM03,93.6
81630,A5,315805,81630,12.1,1.0,2007MM04,94.5
81631,A5,315805,81631,12.1,0.0,2007MM05,94.5
81632,A5,315805,81632,12.1,0.1,2007MM06,94.7
81633,A5,315805,81633,11.8,0.2,2007MM07,94.9
81634,A5,315805,81634,11.9,0.0,2007MM08,94.9
81635,A5,315805,81635,11.8,0.0,2007MM09,94.9
81636,A5,315805,81636,11.9,0.9,2007MM10,95.7
81637,A5,315805,81637,11.9,0.0,2007MM11,95.8
81638,A5,315805,81638,6.4,0.0,2007MM12,95.8
81640,A5,315805,81640,5.2,2.2,2008MM01,97.9
81641,A5,315805,81641,4.8,0.0,2008MM02,98.0
81642,A5,315805,81642,4.7,0.0,2008MM03,98.0
81643,A5,315805,81643,4.6,0.9,2008MM04,98.9
81644,A5,315805,81644,4.7,0.1,2008MM05,99.0
81645,A5,315805,81645,4.6,0.0,2008MM06,99.0
81646,A5,315805,81646,4.5,0.1,2008MM07,99.1
81647,A5,315805,81647,4.6,0.2,2008MM08,99.3
81648,A5,315805,81648,4.7,0.1,2008MM09,99.4
81649,A5,315805,81649,4.2,0.4,2008MM10,99.8
81650,A5,315805,81650,4.2,0.0,2008MM11,99.8
81651,A5,315805,81651,4.0,-0.2,2008MM12,99.6
81653,A5,315805,81653,3.1,1.4,2009MM01,101.0
81654,A5,315805,81654,3.3,0.3,2009MM02,101.2
81655,A5,315805,81655,3.2,-0.1,2009MM03,101.2
81656,A5,315805,81656,2.1,-0.2,2009MM04,101.0
81657,A5,315805,81657,1.2,-0.7,2009MM05,100.2
81658,A5,315805,81658,1.0,-0.2,2009MM06,100.0
81659,A5,315805,81659,0.3,-0.7,2009MM07,99.4
81660,A5,315805,81660,0.1,0.0,2009MM08,99.4
81661,A5,315805,81661,-0.1,-0.1,2009MM09,99.3
81662,A5,315805,81662,-0.4,0.1,2009MM10,99.4
81663,A5,315805,81663,-0.4,0.0,2009MM11,99.4
81664,A5,315805,81664,-0.3,0.0,2009MM12,99.3
81666,A5,315805,81666,-1.7,-0.1,2010MM01,99.2
81667,A5,315805,81667,-2.0,0.0,2010MM02,99.2
81668,A5,315805,81668,-1.9,0.1,2010MM03,99.3
81669,A5,315805,81669,-1.0,0.7,2010MM04,100.0
81670,A5,315805,81670,-0.2,0.0,2010MM05,100.0
81671,A5,315805,81671,0.0,0.0,2010MM06,100.0
81672,A5,315805,81672,0.7,0.1,2010MM07,100.1
81673,A5,315805,81673,0.8,0.0,2010MM08,100.1
81674,A5,315805,81674,0.9,0.1,2010MM09,100.2
81675,A5,315805,81675,1.3,0.5,2010MM10,100.7
81676,A5,315805,81676,1.1,-0.2,2010MM11,100.5
81677,A5,315805,81677,1.2,0.0,2010MM12,100.5
81679,A5,315805,81679,1.5,0.2,2011MM01,100.8
81680,A5,315805,81680,1.7,0.1,2011MM02,100.9
81681,A5,315805,81681,1.7,0.1,2011MM03,100.9
81682,A5,315805,81682,1.8,0.8,2011MM04,101.8
81683,A5,315805,81683,1.8,0.0,2011MM05,101.8
81684,A5,315805,81684,1.8,0.0,2011MM06,101.8
81685,A5,315805,81685,2.6,0.9,2011MM07,102.8
81686,A5,315805,81686,2.6,0.0,2011MM08,102.8
81687,A5,315805,81687,2.6,0.1,2011MM09,102.8
81688,A5,315805,81688,1.7,-0.4,2011MM10,102.4
81689,A5,315805,81689,1.9,0.0,2011MM11,102.4
81690,A5,315805,81690,1.9,0.0,2011MM12,102.5
81692,A5,315805,81692,3.2,1.5,2012MM01,104.0
81693,A5,315805,81693,3.0,0.0,2012MM02,104.0
81694,A5,315805,81694,2.9,-0.1,2012MM03,103.9
81695,A5,315805,81695,2.0,-0.1,2012MM04,103.8
81696,A5,315805,81696,2.0,0.1,2012MM05,103.9
81697,A5,315805,81697,2.0,0.0,2012MM06,103.9
81698,A5,315805,81698,0.7,-0.4,2012MM07,103.5
81699,A5,315805,81699,0.7,0.0,2012MM08,103.5
81700,A5,315805,81700,0.7,0.0,2012MM09,103.5
81701,A5,315805,81701,1.3,0.2,2012MM10,103.7
81702,A5,315805,81702,1.2,0.0,2012MM11,103.7
81703,A5,315805,81703,1.2,0.0,2012MM12,103.7
81705,A5,315805,81705,0.0,0.3,2013MM01,104.0
81706,A5,315805,81706,0.2,0.1,2013MM02,104.1
81707,A5,315805,81707,0.3,0.0,2013MM03,104.2
81708,A5,315805,81708,0.4,0.1,2013MM04,104.2
81709,A5,315805,81709,0.0,-0.3,2013MM05,103.9
81710,A5,315805,81710,-0.1,-0.1,2013MM06,103.8
81711,A5,315805,81711,0.3,0.0,2013MM07,103.8
81712,A5,315805,81712,0.2,-0.1,2013MM08,103.7
81713,A5,315805,81713,0.1,0.0,2013MM09,103.6
81714,A5,315805,81714,0.3,0.4,2013MM10,104.1
81715,A5,315805,81715,0.4,0.0,2013MM11,104.1
81716,A5,315805,81716,0.1,-0.2,2013MM12,103.9
81718,A5,315805,81718,0.5,0.6,2014MM01,104.5
81719,A5,315805,81719,0.7,0.3,2014MM02,104.8
81720,A5,315805,81720,0.6,-0.1,2014MM03,104.8
81721,A5,315805,81721,0.1,-0.5,2014MM04,104.3
81722,A5,315805,81722,0.4,0.0,2014MM05,104.3
81723,A5,315805,81723,1.0,0.4,2014MM06,104.8
81724,A5,315805,81724,0.8,-0.2,2014MM07,104.6
81725,A5,315805,81725,0.9,0.1,2014MM08,104.6
81726,A5,315805,81726,0.6,-0.4,2014MM09,104.2
81727,A5,315805,81727,1.5,1.3,2014MM10,105.6
81728,A5,315805,81728,1.5,0.0,2014MM11,105.6
81729,A5,315805,81729,1.8,0.1,2014MM12,105.7
81731,A5,315805,81731,1.2,0.0,2015MM01,105.7
81732,A5,315805,81732,1.0,0.2,2015MM02,105.9
81733,A5,315805,81733,1.2,0.1,2015MM03,106.0
81734,A5,315805,81734,2.0,0.4,2015MM04,106.4
81735,A5,315805,81735,2.0,0.0,2015MM05,106.4
81736,A5,315805,81736,1.5,0.0,2015MM06,106.4
81737,A5,315805,81737,1.9,0.2,2015MM07,106.5
81738,A5,315805,81738,1.8,0.0,2015MM08,106.5
81739,A5,315805,81739,2.1,0.0,2015MM09,106.5
81740,A5,315805,81740,1.0,0.2,2015MM10,106.7
81741,A5,315805,81741,1.1,0.1,2015MM11,106.8
81742,A5,315805,81742,1.0,0.0,2015MM12,106.7
81744,A5,315805,81744,1.2,0.2,2016MM01,107.0
81745,A5,315805,81745,1.1,0.1,2016MM02,107.1
81746,A5,315805,81746,1.0,-0.1,2016MM03,107.0
81747,A5,315805,81747,0.5,0.0,2016MM04,107.0
81748,A5,315805,81748,0.6,0.1,2016MM05,107.1
81749,A5,315805,81749,0.6,0.0,2016MM06,107.1
81750,A5,315805,81750,1.3,0.8,2016MM07,107.9
81751,A5,315805,81751,1.3,0.0,2016MM08,107.9
81752,A5,315805,81752,1.4,0.0,2016MM09,107.9
81753,A5,315805,81753,0.8,-0.3,2016MM10,107.6
81754,A5,315805,81754,0.8,0.0,2016MM11,107.6
81755,A5,315805,81755,0.9,0.1,2016MM12,107.7
81757,A5,315805,81757,2.0,1.3,2017MM01,109.1
81758,A5,315805,81758,1.5,-0.3,2017MM02,108.7
81759,A5,315805,81759,1.6,0.0,2017MM03,108.7
81760,A5,315805,81760,2.5,0.9,2017MM04,109.7
81761,A5,315805,81761,2.2,-0.2,2017MM05,109.5
81762,A5,315805,81762,2.2,0.0,2017MM06,109.4
81763,A5,315805,81763,1.3,-0.1,2017MM07,109.3
81764,A5,315805,81764,1.2,-0.1,2017MM08,109.2
81765,A5,315805,81765,1.2,0.0,2017MM09,109.2
81766,A5,315805,81766,1.8,0.3,2017MM10,109.5
81767,A5,315805,81767,1.8,0.0,2017MM11,109.5
81768,A5,315805,81768,1.7,0.0,2017MM12,109.5
