,Afzet,BedrijfstakkenBranchesSBI2008,ID,OntwikkelingTOV1JaarEerder_2,OntwikkelingTOV1MaandEerder_3,Perioden,ProducentenprijsindexPPI_1
82732,A5,317100,82732,5.43076923077,0.35,1981MM01,85.0
82733,A5,317100,82733,5.86153846154,0.9,1981MM02,85.8
82734,A5,317100,82734,6.29230769231,0.3,1981MM03,86.0
82735,A5,317100,82735,6.72307692308,2.3,1981MM04,88.0
82736,A5,317100,82736,7.15384615385,1.5,1981MM05,89.3
82737,A5,317100,82737,7.58461538462,0.7,1981MM06,89.9
82738,A5,317100,82738,8.01538461538,3.0,1981MM07,92.6
82739,A5,317100,82739,8.44615384615,0.3,1981MM08,92.9
82740,A5,317100,82740,8.87692307692,-0.6,1981MM09,92.4
82741,A5,317100,82741,9.30769230769,1.8,1981MM10,94.0
82742,A5,317100,82742,9.73846153846,0.3,1981MM11,94.4
82743,A5,317100,82743,10.1692307692,0.0,1981MM12,94.4
82745,A5,317100,82745,10.6,-0.4,1982MM01,94.0
82746,A5,317100,82746,9.4,-0.1,1982MM02,93.9
82747,A5,317100,82747,8.9,-0.2,1982MM03,93.7
82748,A5,317100,82748,6.7,0.2,1982MM04,93.9
82749,A5,317100,82749,5.2,0.0,1982MM05,93.9
82750,A5,317100,82750,4.6,0.2,1982MM06,94.1
82751,A5,317100,82751,1.6,0.0,1982MM07,94.1
82752,A5,317100,82752,1.1,-0.1,1982MM08,94.0
82753,A5,317100,82753,2.0,0.3,1982MM09,94.2
82754,A5,317100,82754,0.2,0.0,1982MM10,94.3
82755,A5,317100,82755,-0.5,-0.4,1982MM11,93.9
82756,A5,317100,82756,-0.8,-0.2,1982MM12,93.7
82758,A5,317100,82758,-1.6,-1.2,1983MM01,92.6
82759,A5,317100,82759,-1.3,0.2,1983MM02,92.7
82760,A5,317100,82760,-1.2,-0.2,1983MM03,92.6
82761,A5,317100,82761,-1.2,0.2,1983MM04,92.7
82762,A5,317100,82762,-1.3,0.0,1983MM05,92.7
82763,A5,317100,82763,-1.0,0.5,1983MM06,93.2
82764,A5,317100,82764,-1.1,-0.1,1983MM07,93.1
82765,A5,317100,82765,-0.9,0.0,1983MM08,93.1
82766,A5,317100,82766,-1.3,0.0,1983MM09,93.1
82767,A5,317100,82767,-1.3,0.0,1983MM10,93.0
82768,A5,317100,82768,-0.7,0.2,1983MM11,93.2
82769,A5,317100,82769,-0.3,0.1,1983MM12,93.3
82771,A5,317100,82771,1.0,0.1,1984MM01,93.5
82772,A5,317100,82772,1.1,0.3,1984MM02,93.8
82773,A5,317100,82773,2.0,0.7,1984MM03,94.4
82774,A5,317100,82774,3.2,1.3,1984MM04,95.7
82775,A5,317100,82775,3.8,0.5,1984MM05,96.2
82776,A5,317100,82776,4.0,0.7,1984MM06,96.9
82777,A5,317100,82777,5.1,1.0,1984MM07,97.9
82778,A5,317100,82778,5.6,0.4,1984MM08,98.3
82779,A5,317100,82779,7.5,1.8,1984MM09,100.1
82780,A5,317100,82780,7.9,0.4,1984MM10,100.4
82781,A5,317100,82781,8.9,1.1,1984MM11,101.5
82782,A5,317100,82782,9.4,0.6,1984MM12,102.2
82784,A5,317100,82784,9.8,0.5,1985MM01,102.7
82785,A5,317100,82785,8.9,-0.5,1985MM02,102.1
82786,A5,317100,82786,8.6,0.5,1985MM03,102.6
82787,A5,317100,82787,7.7,0.5,1985MM04,103.1
82788,A5,317100,82788,7.6,0.4,1985MM05,103.5
82789,A5,317100,82789,7.0,0.1,1985MM06,103.6
82790,A5,317100,82790,6.3,0.4,1985MM07,104.0
82791,A5,317100,82791,5.9,0.0,1985MM08,104.0
82792,A5,317100,82792,3.8,-0.2,1985MM09,103.8
82793,A5,317100,82793,2.9,-0.5,1985MM10,103.3
82794,A5,317100,82794,1.4,-0.4,1985MM11,102.9
82795,A5,317100,82795,0.6,-0.2,1985MM12,102.7
82797,A5,317100,82797,-0.5,-0.5,1986MM01,102.2
82798,A5,317100,82798,-1.0,-1.1,1986MM02,101.1
82799,A5,317100,82799,-0.7,0.8,1986MM03,101.9
82800,A5,317100,82800,-1.5,-0.3,1986MM04,101.5
82801,A5,317100,82801,-1.8,0.1,1986MM05,101.6
82802,A5,317100,82802,-2.2,-0.2,1986MM06,101.4
82803,A5,317100,82803,-2.7,-0.1,1986MM07,101.3
82804,A5,317100,82804,-2.7,-0.1,1986MM08,101.2
82805,A5,317100,82805,-3.0,-0.5,1986MM09,100.7
82806,A5,317100,82806,-2.4,0.1,1986MM10,100.8
82807,A5,317100,82807,-2.3,-0.2,1986MM11,100.6
82808,A5,317100,82808,-2.2,-0.1,1986MM12,100.5
82810,A5,317100,82810,-1.7,-0.1,1987MM01,100.4
82811,A5,317100,82811,-0.8,-0.1,1987MM02,100.3
82812,A5,317100,82812,-1.3,0.3,1987MM03,100.6
82813,A5,317100,82813,-1.9,-1.0,1987MM04,99.6
82814,A5,317100,82814,-1.2,0.9,1987MM05,100.4
82815,A5,317100,82815,-0.8,0.1,1987MM06,100.6
82816,A5,317100,82816,-0.6,0.1,1987MM07,100.7
82817,A5,317100,82817,-0.6,-0.1,1987MM08,100.6
82818,A5,317100,82818,0.0,0.1,1987MM09,100.7
82819,A5,317100,82819,-0.4,-0.2,1987MM10,100.4
82820,A5,317100,82820,-0.2,-0.1,1987MM11,100.4
82821,A5,317100,82821,0.1,0.1,1987MM12,100.5
82823,A5,317100,82823,0.2,0.1,1988MM01,100.6
82824,A5,317100,82824,0.2,-0.1,1988MM02,100.5
82825,A5,317100,82825,-0.1,-0.1,1988MM03,100.4
82826,A5,317100,82826,1.7,0.9,1988MM04,101.3
82827,A5,317100,82827,0.1,-0.7,1988MM05,100.5
82828,A5,317100,82828,0.1,0.2,1988MM06,100.7
82829,A5,317100,82829,0.1,0.0,1988MM07,100.7
82830,A5,317100,82830,0.2,0.1,1988MM08,100.8
82831,A5,317100,82831,0.1,0.0,1988MM09,100.8
82832,A5,317100,82832,0.8,0.5,1988MM10,101.2
82833,A5,317100,82833,1.2,0.3,1988MM11,101.6
82834,A5,317100,82834,1.6,0.6,1988MM12,102.1
82836,A5,317100,82836,2.1,0.5,1989MM01,102.7
82837,A5,317100,82837,3.0,0.8,1989MM02,103.5
82838,A5,317100,82838,3.2,0.2,1989MM03,103.7
82839,A5,317100,82839,2.4,0.0,1989MM04,103.7
82840,A5,317100,82840,6.4,3.1,1989MM05,106.9
82841,A5,317100,82841,4.3,-1.7,1989MM06,105.1
82842,A5,317100,82842,5.0,0.7,1989MM07,105.8
82843,A5,317100,82843,4.8,-0.1,1989MM08,105.7
82844,A5,317100,82844,4.9,0.0,1989MM09,105.7
82845,A5,317100,82845,4.5,0.1,1989MM10,105.8
82846,A5,317100,82846,3.5,-0.7,1989MM11,105.1
82847,A5,317100,82847,2.4,-0.4,1989MM12,104.6
82849,A5,317100,82849,1.3,-0.5,1990MM01,104.1
82850,A5,317100,82850,0.5,0.0,1990MM02,104.0
82851,A5,317100,82851,-0.1,-0.4,1990MM03,103.6
82852,A5,317100,82852,-1.0,-0.9,1990MM04,102.6
82853,A5,317100,82853,-4.8,-0.8,1990MM05,101.8
82854,A5,317100,82854,-3.3,-0.2,1990MM06,101.6
82855,A5,317100,82855,-4.1,-0.2,1990MM07,101.4
82856,A5,317100,82856,-4.0,0.0,1990MM08,101.4
82857,A5,317100,82857,-4.2,-0.2,1990MM09,101.2
82858,A5,317100,82858,-4.5,-0.2,1990MM10,101.0
82859,A5,317100,82859,-4.1,-0.2,1990MM11,100.8
82860,A5,317100,82860,-4.0,-0.3,1990MM12,100.5
82862,A5,317100,82862,-3.4,0.0,1991MM01,100.5
82863,A5,317100,82863,-3.5,-0.1,1991MM02,100.4
82864,A5,317100,82864,-2.1,1.0,1991MM03,101.4
82865,A5,317100,82865,-1.1,0.1,1991MM04,101.5
82866,A5,317100,82866,-0.2,0.1,1991MM05,101.6
82867,A5,317100,82867,0.0,0.0,1991MM06,101.6
82868,A5,317100,82868,0.1,0.0,1991MM07,101.6
82869,A5,317100,82869,0.0,-0.1,1991MM08,101.4
82870,A5,317100,82870,0.1,0.0,1991MM09,101.4
82871,A5,317100,82871,-0.1,-0.5,1991MM10,100.9
82872,A5,317100,82872,0.0,-0.1,1991MM11,100.8
82873,A5,317100,82873,-0.3,-0.6,1991MM12,100.2
82875,A5,317100,82875,-1.2,-0.9,1992MM01,99.3
82876,A5,317100,82876,-1.6,-0.5,1992MM02,98.8
82877,A5,317100,82877,-5.0,-2.5,1992MM03,96.4
82878,A5,317100,82878,-4.0,1.1,1992MM04,97.4
82879,A5,317100,82879,-4.5,-0.4,1992MM05,97.0
82880,A5,317100,82880,-4.6,-0.1,1992MM06,96.9
82881,A5,317100,82881,-4.2,0.4,1992MM07,97.3
82882,A5,317100,82882,-4.0,0.1,1992MM08,97.4
82883,A5,317100,82883,-4.2,-0.3,1992MM09,97.2
82884,A5,317100,82884,-3.6,0.1,1992MM10,97.2
82885,A5,317100,82885,-4.0,-0.5,1992MM11,96.8
82886,A5,317100,82886,-4.5,-1.1,1992MM12,95.7
82888,A5,317100,82888,-4.4,-0.9,1993MM01,94.9
82889,A5,317100,82889,-4.3,-0.3,1993MM02,94.6
82890,A5,317100,82890,-2.3,-0.5,1993MM03,94.1
82891,A5,317100,82891,-8.5,-5.3,1993MM04,89.2
82892,A5,317100,82892,-5.0,3.4,1993MM05,92.2
82893,A5,317100,82893,-5.5,-0.7,1993MM06,91.6
82894,A5,317100,82894,-6.7,-0.8,1993MM07,90.8
82895,A5,317100,82895,-7.3,-0.6,1993MM08,90.3
82896,A5,317100,82896,-7.5,-0.4,1993MM09,89.9
82897,A5,317100,82897,-8.2,-0.7,1993MM10,89.3
82898,A5,317100,82898,-8.4,-0.7,1993MM11,88.6
82899,A5,317100,82899,-8.4,-1.1,1993MM12,87.7
82901,A5,317100,82901,-8.7,-1.2,1994MM01,86.7
82902,A5,317100,82902,-9.6,-1.3,1994MM02,85.5
82903,A5,317100,82903,-9.0,0.2,1994MM03,85.7
82904,A5,317100,82904,-3.7,0.2,1994MM04,85.9
82905,A5,317100,82905,-0.8,6.5,1994MM05,91.5
82906,A5,317100,82906,-5.7,-5.6,1994MM06,86.3
82907,A5,317100,82907,-4.4,0.6,1994MM07,86.8
82908,A5,317100,82908,-3.8,0.0,1994MM08,86.9
82909,A5,317100,82909,-1.5,2.0,1994MM09,88.6
82910,A5,317100,82910,0.8,1.6,1994MM10,90.0
82911,A5,317100,82911,3.0,1.5,1994MM11,91.3
82912,A5,317100,82912,7.6,3.3,1994MM12,94.3
82914,A5,317100,82914,10.8,1.8,1995MM01,96.0
82915,A5,317100,82915,14.0,1.6,1995MM02,97.5
82916,A5,317100,82916,14.6,0.7,1995MM03,98.2
82917,A5,317100,82917,16.8,2.2,1995MM04,100.3
82918,A5,317100,82918,11.9,2.0,1995MM05,102.4
82919,A5,317100,82919,21.8,2.7,1995MM06,105.1
82920,A5,317100,82920,21.8,0.6,1995MM07,105.7
82921,A5,317100,82921,22.8,0.9,1995MM08,106.6
82922,A5,317100,82922,19.4,-0.8,1995MM09,105.8
82923,A5,317100,82923,15.8,-1.4,1995MM10,104.3
82924,A5,317100,82924,12.7,-1.3,1995MM11,102.9
82925,A5,317100,82925,8.2,-0.9,1995MM12,102.1
82927,A5,317100,82927,4.8,-1.4,1996MM01,100.6
82928,A5,317100,82928,1.6,-1.5,1996MM02,99.1
82929,A5,317100,82929,-0.9,-1.7,1996MM03,97.4
82930,A5,317100,82930,-6.0,-3.2,1996MM04,94.3
82931,A5,317100,82931,-9.1,-1.3,1996MM05,93.1
82932,A5,317100,82932,-13.0,-1.8,1996MM06,91.5
82933,A5,317100,82933,-14.0,-0.6,1996MM07,90.9
82934,A5,317100,82934,-15.1,-0.4,1996MM08,90.5
82935,A5,317100,82935,-13.1,1.5,1996MM09,91.9
82936,A5,317100,82936,-10.5,1.6,1996MM10,93.4
82937,A5,317100,82937,-9.2,0.1,1996MM11,93.5
82938,A5,317100,82938,-8.2,0.3,1996MM12,93.7
82940,A5,317100,82940,-6.7,0.2,1997MM01,93.9
82941,A5,317100,82941,-5.1,0.1,1997MM02,94.0
82942,A5,317100,82942,-3.1,0.3,1997MM03,94.3
82943,A5,317100,82943,0.3,0.3,1997MM04,94.6
82944,A5,317100,82944,1.2,-0.4,1997MM05,94.2
82945,A5,317100,82945,2.5,-0.5,1997MM06,93.7
82946,A5,317100,82946,3.6,0.5,1997MM07,94.1
82947,A5,317100,82947,3.9,-0.1,1997MM08,94.1
82948,A5,317100,82948,2.6,0.3,1997MM09,94.3
82949,A5,317100,82949,2.0,0.9,1997MM10,95.2
82950,A5,317100,82950,1.8,-0.1,1997MM11,95.1
82951,A5,317100,82951,1.4,-0.1,1997MM12,95.1
82953,A5,317100,82953,2.7,1.4,1998MM01,96.4
82954,A5,317100,82954,3.2,0.7,1998MM02,97.0
82955,A5,317100,82955,3.2,0.3,1998MM03,97.3
82956,A5,317100,82956,2.5,-0.3,1998MM04,97.0
82957,A5,317100,82957,2.6,-0.3,1998MM05,96.7
82958,A5,317100,82958,3.0,-0.2,1998MM06,96.5
82959,A5,317100,82959,1.8,-0.7,1998MM07,95.9
82960,A5,317100,82960,1.4,-0.5,1998MM08,95.4
82961,A5,317100,82961,0.6,-0.5,1998MM09,94.9
82962,A5,317100,82962,-1.2,-0.9,1998MM10,94.1
82963,A5,317100,82963,-1.2,-0.1,1998MM11,94.0
82964,A5,317100,82964,-0.8,0.3,1998MM12,94.3
82966,A5,317100,82966,-3.2,-1.0,1999MM01,93.3
82967,A5,317100,82967,-3.9,-0.1,1999MM02,93.3
82968,A5,317100,82968,-4.5,-0.3,1999MM03,93.0
82969,A5,317100,82969,-4.2,0.0,1999MM04,92.9
82970,A5,317100,82970,-3.9,0.0,1999MM05,92.9
82971,A5,317100,82971,-3.9,-0.1,1999MM06,92.8
82972,A5,317100,82972,-3.2,0.0,1999MM07,92.8
82973,A5,317100,82973,-1.5,1.3,1999MM08,94.0
82974,A5,317100,82974,0.3,1.3,1999MM09,95.2
82975,A5,317100,82975,2.5,1.3,1999MM10,96.5
82976,A5,317100,82976,3.1,0.5,1999MM11,97.0
82977,A5,317100,82977,2.7,-0.1,1999MM12,96.8
82979,A5,317100,82979,6.2,2.3,2000MM01,99.1
82980,A5,317100,82980,6.8,0.6,2000MM02,99.6
82981,A5,317100,82981,7.8,0.6,2000MM03,100.2
82982,A5,317100,82982,10.0,2.1,2000MM04,102.3
82983,A5,317100,82983,11.8,1.6,2000MM05,103.9
82984,A5,317100,82984,14.3,2.1,2000MM06,106.1
82985,A5,317100,82985,15.9,1.4,2000MM07,107.6
82986,A5,317100,82986,15.2,0.7,2000MM08,108.3
82987,A5,317100,82987,14.6,0.8,2000MM09,109.2
82988,A5,317100,82988,13.8,0.6,2000MM10,109.8
82989,A5,317100,82989,13.5,0.2,2000MM11,110.1
82990,A5,317100,82990,13.8,0.2,2000MM12,110.2
82992,A5,317100,82992,13.2,1.8,2001MM01,112.2
82993,A5,317100,82993,12.0,-0.5,2001MM02,111.6
82994,A5,317100,82994,11.3,0.0,2001MM03,111.5
82995,A5,317100,82995,9.3,0.2,2001MM04,111.8
82996,A5,317100,82996,6.9,-0.7,2001MM05,111.0
82997,A5,317100,82997,4.0,-0.6,2001MM06,110.3
82998,A5,317100,82998,1.6,-1.0,2001MM07,109.2
82999,A5,317100,82999,0.1,-0.7,2001MM08,108.5
83000,A5,317100,83000,-1.1,-0.4,2001MM09,108.0
83001,A5,317100,83001,-2.1,-0.4,2001MM10,107.5
83002,A5,317100,83002,-3.4,-1.1,2001MM11,106.4
83003,A5,317100,83003,-4.7,-1.2,2001MM12,105.1
83005,A5,317100,83005,-7.5,-1.3,2002MM01,103.7
83006,A5,317100,83006,-6.9,0.2,2002MM02,103.9
83007,A5,317100,83007,-6.5,0.4,2002MM03,104.3
83008,A5,317100,83008,-6.9,-0.3,2002MM04,104.1
83009,A5,317100,83009,-7.0,-0.8,2002MM05,103.2
83010,A5,317100,83010,-5.8,0.6,2002MM06,103.9
83011,A5,317100,83011,-4.4,0.5,2002MM07,104.4
83012,A5,317100,83012,-3.6,0.2,2002MM08,104.6
83013,A5,317100,83013,-3.4,-0.3,2002MM09,104.3
83014,A5,317100,83014,-4.7,-1.7,2002MM10,102.5
83015,A5,317100,83015,-3.9,-0.3,2002MM11,102.2
83016,A5,317100,83016,-2.9,-0.2,2002MM12,102.0
83018,A5,317100,83018,-3.2,-1.5,2003MM01,100.4
83019,A5,317100,83019,-4.5,-1.2,2003MM02,99.3
83020,A5,317100,83020,-4.1,0.8,2003MM03,100.0
83021,A5,317100,83021,-5.4,-1.6,2003MM04,98.4
83022,A5,317100,83022,-4.9,-0.3,2003MM05,98.1
83023,A5,317100,83023,-7.0,-1.6,2003MM06,96.6
83024,A5,317100,83024,-7.4,0.1,2003MM07,96.7
83025,A5,317100,83025,-8.2,-0.7,2003MM08,96.0
83026,A5,317100,83026,-7.9,0.0,2003MM09,96.0
83027,A5,317100,83027,-7.5,-1.2,2003MM10,94.8
83028,A5,317100,83028,-7.0,0.2,2003MM11,95.0
83029,A5,317100,83029,-7.3,-0.6,2003MM12,94.5
83031,A5,317100,83031,-6.5,-0.6,2004MM01,93.9
83032,A5,317100,83032,-5.5,-0.1,2004MM02,93.8
83033,A5,317100,83033,-6.0,0.2,2004MM03,94.0
83034,A5,317100,83034,-2.2,2.4,2004MM04,96.2
83035,A5,317100,83035,-2.5,-0.6,2004MM05,95.6
83036,A5,317100,83036,-0.8,0.2,2004MM06,95.8
83037,A5,317100,83037,-0.7,0.2,2004MM07,96.0
83038,A5,317100,83038,-0.3,-0.3,2004MM08,95.7
83039,A5,317100,83039,-0.3,0.0,2004MM09,95.7
83040,A5,317100,83040,0.4,-0.5,2004MM10,95.2
83041,A5,317100,83041,0.2,0.0,2004MM11,95.2
83042,A5,317100,83042,0.4,-0.4,2004MM12,94.8
83044,A5,317100,83044,0.369230769231,-0.4,2005MM01,97.0
83045,A5,317100,83045,0.338461538462,-0.4,2005MM02,96.6
83046,A5,317100,83046,0.307692307692,-0.2,2005MM03,96.5
83047,A5,317100,83047,0.276923076923,0.5,2005MM04,96.9
83048,A5,317100,83048,0.246153846154,-0.1,2005MM05,96.8
83049,A5,317100,83049,0.215384615385,-0.3,2005MM06,96.6
83050,A5,317100,83050,0.184615384615,-1.2,2005MM07,95.4
83051,A5,317100,83051,0.153846153846,-0.7,2005MM08,94.8
83052,A5,317100,83052,0.123076923077,0.2,2005MM09,95.0
83053,A5,317100,83053,0.0923076923077,0.3,2005MM10,95.2
83054,A5,317100,83054,0.0615384615385,0.6,2005MM11,95.8
83055,A5,317100,83055,0.0307692307692,0.3,2005MM12,96.1
83057,A5,317100,83057,0.0,0.9,2006MM01,97.0
83058,A5,317100,83058,0.9,0.5,2006MM02,97.5
83059,A5,317100,83059,1.9,0.8,2006MM03,98.3
83060,A5,317100,83060,1.6,0.2,2006MM04,98.5
83061,A5,317100,83061,2.0,0.3,2006MM05,98.8
83062,A5,317100,83062,1.8,-0.5,2006MM06,98.3
83063,A5,317100,83063,3.4,0.4,2006MM07,98.7
83064,A5,317100,83064,4.2,0.1,2006MM08,98.8
83065,A5,317100,83065,4.7,0.7,2006MM09,99.4
83066,A5,317100,83066,5.0,0.5,2006MM10,100.0
83067,A5,317100,83067,4.7,0.4,2006MM11,100.4
83068,A5,317100,83068,4.2,-0.2,2006MM12,100.1
83070,A5,317100,83070,4.6,1.3,2007MM01,101.4
83071,A5,317100,83071,4.6,0.5,2007MM02,102.0
83072,A5,317100,83072,3.9,0.1,2007MM03,102.1
83073,A5,317100,83073,4.3,0.6,2007MM04,102.7
83074,A5,317100,83074,3.9,-0.1,2007MM05,102.7
83075,A5,317100,83075,5.4,0.9,2007MM06,103.5
83076,A5,317100,83076,5.9,0.9,2007MM07,104.5
83077,A5,317100,83077,6.8,0.9,2007MM08,105.4
83078,A5,317100,83078,5.8,-0.2,2007MM09,105.2
83079,A5,317100,83079,5.8,0.5,2007MM10,105.7
83080,A5,317100,83080,4.9,-0.4,2007MM11,105.3
83081,A5,317100,83081,4.7,-0.4,2007MM12,104.8
83083,A5,317100,83083,3.9,0.5,2008MM01,105.4
83084,A5,317100,83084,3.3,0.0,2008MM02,105.3
83085,A5,317100,83085,2.9,-0.2,2008MM03,105.1
83086,A5,317100,83086,0.9,-1.3,2008MM04,103.7
83087,A5,317100,83087,0.6,-0.4,2008MM05,103.3
83088,A5,317100,83088,-0.4,-0.1,2008MM06,103.2
83089,A5,317100,83089,-1.1,0.1,2008MM07,103.3
83090,A5,317100,83090,-2.1,0.0,2008MM08,103.3
83091,A5,317100,83091,-1.7,0.2,2008MM09,103.5
83092,A5,317100,83092,-1.3,0.9,2008MM10,104.4
83093,A5,317100,83093,-0.7,0.2,2008MM11,104.6
83094,A5,317100,83094,-1.6,-1.4,2008MM12,103.1
83096,A5,317100,83096,-3.7,-1.6,2009MM01,101.5
83097,A5,317100,83097,-4.5,-0.9,2009MM02,100.6
83098,A5,317100,83098,-5.0,-0.7,2009MM03,99.9
83099,A5,317100,83099,-5.8,-2.2,2009MM04,97.7
83100,A5,317100,83100,-5.4,0.0,2009MM05,97.7
83101,A5,317100,83101,-7.0,-1.7,2009MM06,96.0
83102,A5,317100,83102,-6.8,0.4,2009MM07,96.3
83103,A5,317100,83103,-7.2,-0.6,2009MM08,95.8
83104,A5,317100,83104,-7.0,0.4,2009MM09,96.2
83105,A5,317100,83105,-7.4,0.5,2009MM10,96.7
83106,A5,317100,83106,-5.7,2.0,2009MM11,98.6
83107,A5,317100,83107,-4.6,-0.3,2009MM12,98.4
83109,A5,317100,83109,-6.7,-3.8,2010MM01,94.7
83110,A5,317100,83110,-4.9,1.0,2010MM02,95.6
83111,A5,317100,83111,-3.3,1.1,2010MM03,96.6
83112,A5,317100,83112,0.5,1.6,2010MM04,98.2
83113,A5,317100,83113,1.7,1.1,2010MM05,99.3
83114,A5,317100,83114,4.5,1.0,2010MM06,100.3
83115,A5,317100,83115,5.1,1.0,2010MM07,101.3
83116,A5,317100,83116,6.1,0.4,2010MM08,101.7
83117,A5,317100,83117,5.9,0.2,2010MM09,101.9
83118,A5,317100,83118,7.4,1.9,2010MM10,103.8
83119,A5,317100,83119,4.5,-0.8,2010MM11,103.0
83120,A5,317100,83120,5.4,0.6,2010MM12,103.7
83122,A5,317100,83122,10.6,1.0,2011MM01,104.7
83123,A5,317100,83123,9.1,-0.4,2011MM02,104.3
83124,A5,317100,83124,9.0,1.0,2011MM03,105.3
83125,A5,317100,83125,9.1,1.7,2011MM04,107.1
83126,A5,317100,83126,7.7,-0.1,2011MM05,107.0
83127,A5,317100,83127,7.1,0.4,2011MM06,107.4
83128,A5,317100,83128,6.4,0.4,2011MM07,107.8
83129,A5,317100,83129,5.8,-0.2,2011MM08,107.6
83130,A5,317100,83130,5.0,-0.6,2011MM09,106.9
83131,A5,317100,83131,2.9,-0.1,2011MM10,106.8
83132,A5,317100,83132,2.9,-0.8,2011MM11,106.0
83133,A5,317100,83133,1.8,-0.4,2011MM12,105.5
83135,A5,317100,83135,-0.5,-1.3,2012MM01,104.2
83136,A5,317100,83136,0.1,0.2,2012MM02,104.3
83137,A5,317100,83137,-0.9,0.0,2012MM03,104.4
83138,A5,317100,83138,-2.3,0.2,2012MM04,104.6
83139,A5,317100,83139,-2.2,0.0,2012MM05,104.6
83140,A5,317100,83140,-2.9,-0.3,2012MM06,104.3
83141,A5,317100,83141,-3.4,-0.2,2012MM07,104.1
83142,A5,317100,83142,-3.8,-0.5,2012MM08,103.5
83143,A5,317100,83143,-3.1,0.1,2012MM09,103.6
83144,A5,317100,83144,-3.3,-0.3,2012MM10,103.2
83145,A5,317100,83145,-2.9,-0.3,2012MM11,102.9
83146,A5,317100,83146,-2.7,-0.2,2012MM12,102.7
83148,A5,317100,83148,-2.0,-0.6,2013MM01,102.1
83149,A5,317100,83149,-1.3,0.9,2013MM02,103.0
83150,A5,317100,83150,-1.6,-0.2,2013MM03,102.7
83151,A5,317100,83151,-3.1,-1.4,2013MM04,101.3
83152,A5,317100,83152,-2.8,0.3,2013MM05,101.6
83153,A5,317100,83153,-2.7,-0.1,2013MM06,101.5
83154,A5,317100,83154,-3.1,-0.6,2013MM07,100.8
83155,A5,317100,83155,-1.3,1.3,2013MM08,102.1
83156,A5,317100,83156,-1.7,-0.3,2013MM09,101.9
83157,A5,317100,83157,-0.8,0.5,2013MM10,102.4
83158,A5,317100,83158,0.1,0.7,2013MM11,103.0
83159,A5,317100,83159,-0.1,-0.4,2013MM12,102.6
83161,A5,317100,83161,1.3,0.8,2014MM01,103.4
83162,A5,317100,83162,0.7,0.2,2014MM02,103.7
83163,A5,317100,83163,0.2,-0.7,2014MM03,103.0
83164,A5,317100,83164,1.8,0.1,2014MM04,103.1
83165,A5,317100,83165,1.5,0.1,2014MM05,103.2
83166,A5,317100,83166,1.4,-0.3,2014MM06,102.9
83167,A5,317100,83167,2.1,0.1,2014MM07,102.9
83168,A5,317100,83168,1.5,0.7,2014MM08,103.6
83169,A5,317100,83169,1.8,0.0,2014MM09,103.7
83170,A5,317100,83170,1.3,0.0,2014MM10,103.7
83171,A5,317100,83171,0.6,0.0,2014MM11,103.7
83172,A5,317100,83172,1.2,0.2,2014MM12,103.9
83174,A5,317100,83174,-1.7,-2.1,2015MM01,101.7
83175,A5,317100,83175,-2.0,-0.1,2015MM02,101.6
83176,A5,317100,83176,-0.8,0.5,2015MM03,102.2
83177,A5,317100,83177,-2.0,-1.1,2015MM04,101.1
83178,A5,317100,83178,-1.7,0.3,2015MM05,101.4
83179,A5,317100,83179,-1.5,-0.1,2015MM06,101.3
83180,A5,317100,83180,-1.6,-0.1,2015MM07,101.3
83181,A5,317100,83181,-1.9,0.4,2015MM08,101.7
83182,A5,317100,83182,-1.5,0.4,2015MM09,102.1
83183,A5,317100,83183,-1.0,0.5,2015MM10,102.7
83184,A5,317100,83184,-0.8,0.2,2015MM11,102.8
83185,A5,317100,83185,-1.1,0.0,2015MM12,102.8
83187,A5,317100,83187,0.5,-0.6,2016MM01,102.2
83188,A5,317100,83188,0.2,-0.3,2016MM02,101.9
83189,A5,317100,83189,-0.7,-0.4,2016MM03,101.4
83190,A5,317100,83190,-0.1,-0.4,2016MM04,101.0
83191,A5,317100,83191,-0.5,-0.1,2016MM05,100.9
83192,A5,317100,83192,-1.2,-0.7,2016MM06,100.2
83193,A5,317100,83193,-1.3,-0.2,2016MM07,100.0
83194,A5,317100,83194,-1.4,0.3,2016MM08,100.3
83195,A5,317100,83195,-2.1,-0.3,2016MM09,100.0
83196,A5,317100,83196,-2.4,0.1,2016MM10,100.1
83197,A5,317100,83197,-2.7,-0.1,2016MM11,100.1
83198,A5,317100,83198,-2.2,0.5,2016MM12,100.6
83200,A5,317100,83200,-2.3,-0.8,2017MM01,99.8
83201,A5,317100,83201,-1.6,0.5,2017MM02,100.3
83202,A5,317100,83202,-0.6,0.5,2017MM03,100.8
83203,A5,317100,83203,0.9,1.0,2017MM04,101.9
83204,A5,317100,83204,0.8,-0.2,2017MM05,101.7
83205,A5,317100,83205,1.7,0.2,2017MM06,101.9
83206,A5,317100,83206,3.0,1.0,2017MM07,102.9
83207,A5,317100,83207,2.6,-0.1,2017MM08,102.9
83208,A5,317100,83208,2.7,-0.2,2017MM09,102.7
83209,A5,317100,83209,2.9,0.3,2017MM10,103.0
83210,A5,317100,83210,3.4,0.5,2017MM11,103.5
83211,A5,317100,83211,2.5,-0.4,2017MM12,103.1
