,Afzet,BedrijfstakkenBranchesSBI2008,ID,OntwikkelingTOV1JaarEerder_2,OntwikkelingTOV1MaandEerder_3,Perioden,ProducentenprijsindexPPI_1
50024,A4,317105,50024,1.89136212625,-0.100344827586,1981MM01,98.8058823529
50025,A4,317105,50025,1.88272425249,-0.100689655172,1981MM02,98.8117647059
50026,A4,317105,50026,1.87408637874,-0.101034482759,1981MM03,98.8176470588
50027,A4,317105,50027,1.86544850498,-0.101379310345,1981MM04,98.8235294118
50028,A4,317105,50028,1.85681063123,-0.101724137931,1981MM05,98.8294117647
50029,A4,317105,50029,1.84817275748,-0.102068965517,1981MM06,98.8352941176
50030,A4,317105,50030,1.83953488372,-0.102413793103,1981MM07,98.8411764706
50031,A4,317105,50031,1.83089700997,-0.10275862069,1981MM08,98.8470588235
50032,A4,317105,50032,1.82225913621,-0.103103448276,1981MM09,98.8529411765
50033,A4,317105,50033,1.81362126246,-0.103448275862,1981MM10,98.8588235294
50034,A4,317105,50034,1.8049833887,-0.103793103448,1981MM11,98.8647058824
50035,A4,317105,50035,1.79634551495,-0.104137931034,1981MM12,98.8705882353
50037,A4,317105,50037,1.7877076412,-0.104482758621,1982MM01,98.8764705882
50038,A4,317105,50038,1.77906976744,-0.104827586207,1982MM02,98.8823529412
50039,A4,317105,50039,1.77043189369,-0.105172413793,1982MM03,98.8882352941
50040,A4,317105,50040,1.76179401993,-0.105517241379,1982MM04,98.8941176471
50041,A4,317105,50041,1.75315614618,-0.105862068966,1982MM05,98.9
50042,A4,317105,50042,1.74451827243,-0.106206896552,1982MM06,98.9058823529
50043,A4,317105,50043,1.73588039867,-0.106551724138,1982MM07,98.9117647059
50044,A4,317105,50044,1.72724252492,-0.106896551724,1982MM08,98.9176470588
50045,A4,317105,50045,1.71860465116,-0.10724137931,1982MM09,98.9235294118
50046,A4,317105,50046,1.70996677741,-0.107586206897,1982MM10,98.9294117647
50047,A4,317105,50047,1.70132890365,-0.107931034483,1982MM11,98.9352941176
50048,A4,317105,50048,1.6926910299,-0.108275862069,1982MM12,98.9411764706
50050,A4,317105,50050,1.68405315615,-0.108620689655,1983MM01,98.9470588235
50051,A4,317105,50051,1.67541528239,-0.108965517241,1983MM02,98.9529411765
50052,A4,317105,50052,1.66677740864,-0.109310344828,1983MM03,98.9588235294
50053,A4,317105,50053,1.65813953488,-0.109655172414,1983MM04,98.9647058824
50054,A4,317105,50054,1.64950166113,-0.11,1983MM05,98.9705882353
50055,A4,317105,50055,1.64086378738,-0.110344827586,1983MM06,98.9764705882
50056,A4,317105,50056,1.63222591362,-0.110689655172,1983MM07,98.9823529412
50057,A4,317105,50057,1.62358803987,-0.111034482759,1983MM08,98.9882352941
50058,A4,317105,50058,1.61495016611,-0.111379310345,1983MM09,98.9941176471
50059,A4,317105,50059,1.60631229236,-0.111724137931,1983MM10,99.0
50060,A4,317105,50060,1.5976744186,-0.112068965517,1983MM11,99.0058823529
50061,A4,317105,50061,1.58903654485,-0.112413793103,1983MM12,99.0117647059
50063,A4,317105,50063,1.5803986711,-0.11275862069,1984MM01,99.0176470588
50064,A4,317105,50064,1.57176079734,-0.113103448276,1984MM02,99.0235294118
50065,A4,317105,50065,1.56312292359,-0.113448275862,1984MM03,99.0294117647
50066,A4,317105,50066,1.55448504983,-0.113793103448,1984MM04,99.0352941176
50067,A4,317105,50067,1.54584717608,-0.114137931034,1984MM05,99.0411764706
50068,A4,317105,50068,1.53720930233,-0.114482758621,1984MM06,99.0470588235
50069,A4,317105,50069,1.52857142857,-0.114827586207,1984MM07,99.0529411765
50070,A4,317105,50070,1.51993355482,-0.115172413793,1984MM08,99.0588235294
50071,A4,317105,50071,1.51129568106,-0.115517241379,1984MM09,99.0647058824
50072,A4,317105,50072,1.50265780731,-0.115862068966,1984MM10,99.0705882353
50073,A4,317105,50073,1.49401993355,-0.116206896552,1984MM11,99.0764705882
50074,A4,317105,50074,1.4853820598,-0.116551724138,1984MM12,99.0823529412
50076,A4,317105,50076,1.47674418605,-0.116896551724,1985MM01,99.0882352941
50077,A4,317105,50077,1.46810631229,-0.11724137931,1985MM02,99.0941176471
50078,A4,317105,50078,1.45946843854,-0.117586206897,1985MM03,99.1
50079,A4,317105,50079,1.45083056478,-0.117931034483,1985MM04,99.1058823529
50080,A4,317105,50080,1.44219269103,-0.118275862069,1985MM05,99.1117647059
50081,A4,317105,50081,1.43355481728,-0.118620689655,1985MM06,99.1176470588
50082,A4,317105,50082,1.42491694352,-0.118965517241,1985MM07,99.1235294118
50083,A4,317105,50083,1.41627906977,-0.119310344828,1985MM08,99.1294117647
50084,A4,317105,50084,1.40764119601,-0.119655172414,1985MM09,99.1352941176
50085,A4,317105,50085,1.39900332226,-0.12,1985MM10,99.1411764706
50086,A4,317105,50086,1.3903654485,-0.120344827586,1985MM11,99.1470588235
50087,A4,317105,50087,1.38172757475,-0.120689655172,1985MM12,99.1529411765
50089,A4,317105,50089,1.373089701,-0.121034482759,1986MM01,99.1588235294
50090,A4,317105,50090,1.36445182724,-0.121379310345,1986MM02,99.1647058824
50091,A4,317105,50091,1.35581395349,-0.121724137931,1986MM03,99.1705882353
50092,A4,317105,50092,1.34717607973,-0.122068965517,1986MM04,99.1764705882
50093,A4,317105,50093,1.33853820598,-0.122413793103,1986MM05,99.1823529412
50094,A4,317105,50094,1.32990033223,-0.12275862069,1986MM06,99.1882352941
50095,A4,317105,50095,1.32126245847,-0.123103448276,1986MM07,99.1941176471
50096,A4,317105,50096,1.31262458472,-0.123448275862,1986MM08,99.2
50097,A4,317105,50097,1.30398671096,-0.123793103448,1986MM09,99.2058823529
50098,A4,317105,50098,1.29534883721,-0.124137931034,1986MM10,99.2117647059
50099,A4,317105,50099,1.28671096346,-0.124482758621,1986MM11,99.2176470588
50100,A4,317105,50100,1.2780730897,-0.124827586207,1986MM12,99.2235294118
50102,A4,317105,50102,1.26943521595,-0.125172413793,1987MM01,99.2294117647
50103,A4,317105,50103,1.26079734219,-0.125517241379,1987MM02,99.2352941176
50104,A4,317105,50104,1.25215946844,-0.125862068966,1987MM03,99.2411764706
50105,A4,317105,50105,1.24352159468,-0.126206896552,1987MM04,99.2470588235
50106,A4,317105,50106,1.23488372093,-0.126551724138,1987MM05,99.2529411765
50107,A4,317105,50107,1.22624584718,-0.126896551724,1987MM06,99.2588235294
50108,A4,317105,50108,1.21760797342,-0.12724137931,1987MM07,99.2647058824
50109,A4,317105,50109,1.20897009967,-0.127586206897,1987MM08,99.2705882353
50110,A4,317105,50110,1.20033222591,-0.127931034483,1987MM09,99.2764705882
50111,A4,317105,50111,1.19169435216,-0.128275862069,1987MM10,99.2823529412
50112,A4,317105,50112,1.18305647841,-0.128620689655,1987MM11,99.2882352941
50113,A4,317105,50113,1.17441860465,-0.128965517241,1987MM12,99.2941176471
50115,A4,317105,50115,1.1657807309,-0.129310344828,1988MM01,99.3
50116,A4,317105,50116,1.15714285714,-0.129655172414,1988MM02,99.3058823529
50117,A4,317105,50117,1.14850498339,-0.13,1988MM03,99.3117647059
50118,A4,317105,50118,1.13986710963,-0.130344827586,1988MM04,99.3176470588
50119,A4,317105,50119,1.13122923588,-0.130689655172,1988MM05,99.3235294118
50120,A4,317105,50120,1.12259136213,-0.131034482759,1988MM06,99.3294117647
50121,A4,317105,50121,1.11395348837,-0.131379310345,1988MM07,99.3352941176
50122,A4,317105,50122,1.10531561462,-0.131724137931,1988MM08,99.3411764706
50123,A4,317105,50123,1.09667774086,-0.132068965517,1988MM09,99.3470588235
50124,A4,317105,50124,1.08803986711,-0.132413793103,1988MM10,99.3529411765
50125,A4,317105,50125,1.07940199336,-0.13275862069,1988MM11,99.3588235294
50126,A4,317105,50126,1.0707641196,-0.133103448276,1988MM12,99.3647058824
50128,A4,317105,50128,1.06212624585,-0.133448275862,1989MM01,99.3705882353
50129,A4,317105,50129,1.05348837209,-0.133793103448,1989MM02,99.3764705882
50130,A4,317105,50130,1.04485049834,-0.134137931034,1989MM03,99.3823529412
50131,A4,317105,50131,1.03621262458,-0.134482758621,1989MM04,99.3882352941
50132,A4,317105,50132,1.02757475083,-0.134827586207,1989MM05,99.3941176471
50133,A4,317105,50133,1.01893687708,-0.135172413793,1989MM06,99.4
50134,A4,317105,50134,1.01029900332,-0.135517241379,1989MM07,99.4058823529
50135,A4,317105,50135,1.00166112957,-0.135862068966,1989MM08,99.4117647059
50136,A4,317105,50136,0.993023255814,-0.136206896552,1989MM09,99.4176470588
50137,A4,317105,50137,0.98438538206,-0.136551724138,1989MM10,99.4235294118
50138,A4,317105,50138,0.975747508306,-0.136896551724,1989MM11,99.4294117647
50139,A4,317105,50139,0.967109634551,-0.13724137931,1989MM12,99.4352941176
50141,A4,317105,50141,0.958471760797,-0.137586206897,1990MM01,99.4411764706
50142,A4,317105,50142,0.949833887043,-0.137931034483,1990MM02,99.4470588235
50143,A4,317105,50143,0.941196013289,-0.138275862069,1990MM03,99.4529411765
50144,A4,317105,50144,0.932558139535,-0.138620689655,1990MM04,99.4588235294
50145,A4,317105,50145,0.923920265781,-0.138965517241,1990MM05,99.4647058824
50146,A4,317105,50146,0.915282392027,-0.139310344828,1990MM06,99.4705882353
50147,A4,317105,50147,0.906644518272,-0.139655172414,1990MM07,99.4764705882
50148,A4,317105,50148,0.898006644518,-0.14,1990MM08,99.4823529412
50149,A4,317105,50149,0.889368770764,-0.140344827586,1990MM09,99.4882352941
50150,A4,317105,50150,0.88073089701,-0.140689655172,1990MM10,99.4941176471
50151,A4,317105,50151,0.872093023256,-0.141034482759,1990MM11,99.5
50152,A4,317105,50152,0.863455149502,-0.141379310345,1990MM12,99.5058823529
50154,A4,317105,50154,0.854817275748,-0.141724137931,1991MM01,99.5117647059
50155,A4,317105,50155,0.846179401993,-0.142068965517,1991MM02,99.5176470588
50156,A4,317105,50156,0.837541528239,-0.142413793103,1991MM03,99.5235294118
50157,A4,317105,50157,0.828903654485,-0.14275862069,1991MM04,99.5294117647
50158,A4,317105,50158,0.820265780731,-0.143103448276,1991MM05,99.5352941176
50159,A4,317105,50159,0.811627906977,-0.143448275862,1991MM06,99.5411764706
50160,A4,317105,50160,0.802990033223,-0.143793103448,1991MM07,99.5470588235
50161,A4,317105,50161,0.794352159468,-0.144137931034,1991MM08,99.5529411765
50162,A4,317105,50162,0.785714285714,-0.144482758621,1991MM09,99.5588235294
50163,A4,317105,50163,0.77707641196,-0.144827586207,1991MM10,99.5647058824
50164,A4,317105,50164,0.768438538206,-0.145172413793,1991MM11,99.5705882353
50165,A4,317105,50165,0.759800664452,-0.145517241379,1991MM12,99.5764705882
50167,A4,317105,50167,0.751162790698,-0.145862068966,1992MM01,99.5823529412
50168,A4,317105,50168,0.742524916944,-0.146206896552,1992MM02,99.5882352941
50169,A4,317105,50169,0.733887043189,-0.146551724138,1992MM03,99.5941176471
50170,A4,317105,50170,0.725249169435,-0.146896551724,1992MM04,99.6
50171,A4,317105,50171,0.716611295681,-0.14724137931,1992MM05,99.6058823529
50172,A4,317105,50172,0.707973421927,-0.147586206897,1992MM06,99.6117647059
50173,A4,317105,50173,0.699335548173,-0.147931034483,1992MM07,99.6176470588
50174,A4,317105,50174,0.690697674419,-0.148275862069,1992MM08,99.6235294118
50175,A4,317105,50175,0.682059800664,-0.148620689655,1992MM09,99.6294117647
50176,A4,317105,50176,0.67342192691,-0.148965517241,1992MM10,99.6352941176
50177,A4,317105,50177,0.664784053156,-0.149310344828,1992MM11,99.6411764706
50178,A4,317105,50178,0.656146179402,-0.149655172414,1992MM12,99.6470588235
50180,A4,317105,50180,0.647508305648,-0.15,1993MM01,99.6529411765
50181,A4,317105,50181,0.638870431894,-0.150344827586,1993MM02,99.6588235294
50182,A4,317105,50182,0.63023255814,-0.150689655172,1993MM03,99.6647058824
50183,A4,317105,50183,0.621594684385,-0.151034482759,1993MM04,99.6705882353
50184,A4,317105,50184,0.612956810631,-0.151379310345,1993MM05,99.6764705882
50185,A4,317105,50185,0.604318936877,-0.151724137931,1993MM06,99.6823529412
50186,A4,317105,50186,0.595681063123,-0.152068965517,1993MM07,99.6882352941
50187,A4,317105,50187,0.587043189369,-0.152413793103,1993MM08,99.6941176471
50188,A4,317105,50188,0.578405315615,-0.15275862069,1993MM09,99.7
50189,A4,317105,50189,0.56976744186,-0.153103448276,1993MM10,99.7058823529
50190,A4,317105,50190,0.561129568106,-0.153448275862,1993MM11,99.7117647059
50191,A4,317105,50191,0.552491694352,-0.153793103448,1993MM12,99.7176470588
50193,A4,317105,50193,0.543853820598,-0.154137931034,1994MM01,99.7235294118
50194,A4,317105,50194,0.535215946844,-0.154482758621,1994MM02,99.7294117647
50195,A4,317105,50195,0.52657807309,-0.154827586207,1994MM03,99.7352941176
50196,A4,317105,50196,0.517940199336,-0.155172413793,1994MM04,99.7411764706
50197,A4,317105,50197,0.509302325581,-0.155517241379,1994MM05,99.7470588235
50198,A4,317105,50198,0.500664451827,-0.155862068966,1994MM06,99.7529411765
50199,A4,317105,50199,0.492026578073,-0.156206896552,1994MM07,99.7588235294
50200,A4,317105,50200,0.483388704319,-0.156551724138,1994MM08,99.7647058824
50201,A4,317105,50201,0.474750830565,-0.156896551724,1994MM09,99.7705882353
50202,A4,317105,50202,0.466112956811,-0.15724137931,1994MM10,99.7764705882
50203,A4,317105,50203,0.457475083056,-0.157586206897,1994MM11,99.7823529412
50204,A4,317105,50204,0.448837209302,-0.157931034483,1994MM12,99.7882352941
50206,A4,317105,50206,0.440199335548,-0.158275862069,1995MM01,99.7941176471
50207,A4,317105,50207,0.431561461794,-0.158620689655,1995MM02,99.8
50208,A4,317105,50208,0.42292358804,-0.158965517241,1995MM03,99.8058823529
50209,A4,317105,50209,0.414285714286,-0.159310344828,1995MM04,99.8117647059
50210,A4,317105,50210,0.405647840532,-0.159655172414,1995MM05,99.8176470588
50211,A4,317105,50211,0.397009966777,-0.16,1995MM06,99.8235294118
50212,A4,317105,50212,0.388372093023,-0.160344827586,1995MM07,99.8294117647
50213,A4,317105,50213,0.379734219269,-0.160689655172,1995MM08,99.8352941176
50214,A4,317105,50214,0.371096345515,-0.161034482759,1995MM09,99.8411764706
50215,A4,317105,50215,0.362458471761,-0.161379310345,1995MM10,99.8470588235
50216,A4,317105,50216,0.353820598007,-0.161724137931,1995MM11,99.8529411765
50217,A4,317105,50217,0.345182724252,-0.162068965517,1995MM12,99.8588235294
50219,A4,317105,50219,0.336544850498,-0.162413793103,1996MM01,99.8647058824
50220,A4,317105,50220,0.327906976744,-0.16275862069,1996MM02,99.8705882353
50221,A4,317105,50221,0.31926910299,-0.163103448276,1996MM03,99.8764705882
50222,A4,317105,50222,0.310631229236,-0.163448275862,1996MM04,99.8823529412
50223,A4,317105,50223,0.301993355482,-0.163793103448,1996MM05,99.8882352941
50224,A4,317105,50224,0.293355481728,-0.164137931034,1996MM06,99.8941176471
50225,A4,317105,50225,0.284717607973,-0.164482758621,1996MM07,99.9
50226,A4,317105,50226,0.276079734219,-0.164827586207,1996MM08,99.9058823529
50227,A4,317105,50227,0.267441860465,-0.165172413793,1996MM09,99.9117647059
50228,A4,317105,50228,0.258803986711,-0.165517241379,1996MM10,99.9176470588
50229,A4,317105,50229,0.250166112957,-0.165862068966,1996MM11,99.9235294118
50230,A4,317105,50230,0.241528239203,-0.166206896552,1996MM12,99.9294117647
50232,A4,317105,50232,0.232890365449,-0.166551724138,1997MM01,99.9352941176
50233,A4,317105,50233,0.224252491694,-0.166896551724,1997MM02,99.9411764706
50234,A4,317105,50234,0.21561461794,-0.16724137931,1997MM03,99.9470588235
50235,A4,317105,50235,0.206976744186,-0.167586206897,1997MM04,99.9529411765
50236,A4,317105,50236,0.198338870432,-0.167931034483,1997MM05,99.9588235294
50237,A4,317105,50237,0.189700996678,-0.168275862069,1997MM06,99.9647058824
50238,A4,317105,50238,0.181063122924,-0.168620689655,1997MM07,99.9705882353
50239,A4,317105,50239,0.172425249169,-0.168965517241,1997MM08,99.9764705882
50240,A4,317105,50240,0.163787375415,-0.169310344828,1997MM09,99.9823529412
50241,A4,317105,50241,0.155149501661,-0.169655172414,1997MM10,99.9882352941
50242,A4,317105,50242,0.146511627907,-0.17,1997MM11,99.9941176471
50243,A4,317105,50243,0.137873754153,-0.170344827586,1997MM12,100.0
50245,A4,317105,50245,0.129235880399,-0.170689655172,1998MM01,100.005882353
50246,A4,317105,50246,0.120598006645,-0.171034482759,1998MM02,100.011764706
50247,A4,317105,50247,0.11196013289,-0.171379310345,1998MM03,100.017647059
50248,A4,317105,50248,0.103322259136,-0.171724137931,1998MM04,100.023529412
50249,A4,317105,50249,0.0946843853821,-0.172068965517,1998MM05,100.029411765
50250,A4,317105,50250,0.0860465116279,-0.172413793103,1998MM06,100.035294118
50251,A4,317105,50251,0.0774086378738,-0.17275862069,1998MM07,100.041176471
50252,A4,317105,50252,0.0687707641196,-0.173103448276,1998MM08,100.047058824
50253,A4,317105,50253,0.0601328903654,-0.173448275862,1998MM09,100.052941176
50254,A4,317105,50254,0.0514950166113,-0.173793103448,1998MM10,100.058823529
50255,A4,317105,50255,0.0428571428571,-0.174137931034,1998MM11,100.064705882
50256,A4,317105,50256,0.034219269103,-0.174482758621,1998MM12,100.070588235
50258,A4,317105,50258,0.0255813953488,-0.174827586207,1999MM01,100.076470588
50259,A4,317105,50259,0.0169435215947,-0.175172413793,1999MM02,100.082352941
50260,A4,317105,50260,0.00830564784053,-0.175517241379,1999MM03,100.088235294
50261,A4,317105,50261,-0.000332225913621,-0.175862068966,1999MM04,100.094117647
50262,A4,317105,50262,-0.00897009966777,-0.176206896552,1999MM05,100.1
50263,A4,317105,50263,-0.0176079734219,-0.176551724138,1999MM06,100.105882353
50264,A4,317105,50264,-0.0262458471761,-0.176896551724,1999MM07,100.111764706
50265,A4,317105,50265,-0.0348837209302,-0.17724137931,1999MM08,100.117647059
50266,A4,317105,50266,-0.0435215946844,-0.177586206897,1999MM09,100.123529412
50267,A4,317105,50267,-0.0521594684385,-0.177931034483,1999MM10,100.129411765
50268,A4,317105,50268,-0.0607973421927,-0.178275862069,1999MM11,100.135294118
50269,A4,317105,50269,-0.0694352159468,-0.178620689655,1999MM12,100.141176471
50271,A4,317105,50271,-0.078073089701,-0.178965517241,2000MM01,100.147058824
50272,A4,317105,50272,-0.0867109634551,-0.179310344828,2000MM02,100.152941176
50273,A4,317105,50273,-0.0953488372093,-0.179655172414,2000MM03,100.158823529
50274,A4,317105,50274,-0.103986710963,-0.18,2000MM04,100.164705882
50275,A4,317105,50275,-0.112624584718,-0.180344827586,2000MM05,100.170588235
50276,A4,317105,50276,-0.121262458472,-0.180689655172,2000MM06,100.176470588
50277,A4,317105,50277,-0.129900332226,-0.181034482759,2000MM07,100.182352941
50278,A4,317105,50278,-0.13853820598,-0.181379310345,2000MM08,100.188235294
50279,A4,317105,50279,-0.147176079734,-0.181724137931,2000MM09,100.194117647
50280,A4,317105,50280,-0.155813953488,-0.182068965517,2000MM10,100.2
50281,A4,317105,50281,-0.164451827243,-0.182413793103,2000MM11,100.205882353
50282,A4,317105,50282,-0.173089700997,-0.18275862069,2000MM12,100.211764706
50284,A4,317105,50284,-0.181727574751,-0.183103448276,2001MM01,100.217647059
50285,A4,317105,50285,-0.190365448505,-0.183448275862,2001MM02,100.223529412
50286,A4,317105,50286,-0.199003322259,-0.183793103448,2001MM03,100.229411765
50287,A4,317105,50287,-0.207641196013,-0.184137931034,2001MM04,100.235294118
50288,A4,317105,50288,-0.216279069767,-0.184482758621,2001MM05,100.241176471
50289,A4,317105,50289,-0.224916943522,-0.184827586207,2001MM06,100.247058824
50290,A4,317105,50290,-0.233554817276,-0.185172413793,2001MM07,100.252941176
50291,A4,317105,50291,-0.24219269103,-0.185517241379,2001MM08,100.258823529
50292,A4,317105,50292,-0.250830564784,-0.185862068966,2001MM09,100.264705882
50293,A4,317105,50293,-0.259468438538,-0.186206896552,2001MM10,100.270588235
50294,A4,317105,50294,-0.268106312292,-0.186551724138,2001MM11,100.276470588
50295,A4,317105,50295,-0.276744186047,-0.186896551724,2001MM12,100.282352941
50297,A4,317105,50297,-0.285382059801,-0.18724137931,2002MM01,100.288235294
50298,A4,317105,50298,-0.294019933555,-0.187586206897,2002MM02,100.294117647
50299,A4,317105,50299,-0.302657807309,-0.187931034483,2002MM03,100.3
50300,A4,317105,50300,-0.311295681063,-0.188275862069,2002MM04,100.305882353
50301,A4,317105,50301,-0.319933554817,-0.188620689655,2002MM05,100.311764706
50302,A4,317105,50302,-0.328571428571,-0.188965517241,2002MM06,100.317647059
50303,A4,317105,50303,-0.337209302326,-0.189310344828,2002MM07,100.323529412
50304,A4,317105,50304,-0.34584717608,-0.189655172414,2002MM08,100.329411765
50305,A4,317105,50305,-0.354485049834,-0.19,2002MM09,100.335294118
50306,A4,317105,50306,-0.363122923588,-0.190344827586,2002MM10,100.341176471
50307,A4,317105,50307,-0.371760797342,-0.190689655172,2002MM11,100.347058824
50308,A4,317105,50308,-0.380398671096,-0.191034482759,2002MM12,100.352941176
50310,A4,317105,50310,-0.38903654485,-0.191379310345,2003MM01,100.358823529
50311,A4,317105,50311,-0.397674418605,-0.191724137931,2003MM02,100.364705882
50312,A4,317105,50312,-0.406312292359,-0.192068965517,2003MM03,100.370588235
50313,A4,317105,50313,-0.414950166113,-0.192413793103,2003MM04,100.376470588
50314,A4,317105,50314,-0.423588039867,-0.19275862069,2003MM05,100.382352941
50315,A4,317105,50315,-0.432225913621,-0.193103448276,2003MM06,100.388235294
50316,A4,317105,50316,-0.440863787375,-0.193448275862,2003MM07,100.394117647
50317,A4,317105,50317,-0.44950166113,-0.193793103448,2003MM08,100.4
50318,A4,317105,50318,-0.458139534884,-0.194137931034,2003MM09,100.405882353
50319,A4,317105,50319,-0.466777408638,-0.194482758621,2003MM10,100.411764706
50320,A4,317105,50320,-0.475415282392,-0.194827586207,2003MM11,100.417647059
50321,A4,317105,50321,-0.484053156146,-0.195172413793,2003MM12,100.423529412
50323,A4,317105,50323,-0.4926910299,-0.195517241379,2004MM01,100.429411765
50324,A4,317105,50324,-0.501328903654,-0.195862068966,2004MM02,100.435294118
50325,A4,317105,50325,-0.509966777409,-0.196206896552,2004MM03,100.441176471
50326,A4,317105,50326,-0.518604651163,-0.196551724138,2004MM04,100.447058824
50327,A4,317105,50327,-0.527242524917,-0.196896551724,2004MM05,100.452941176
50328,A4,317105,50328,-0.535880398671,-0.19724137931,2004MM06,100.458823529
50329,A4,317105,50329,-0.544518272425,-0.197586206897,2004MM07,100.464705882
50330,A4,317105,50330,-0.553156146179,-0.197931034483,2004MM08,100.470588235
50331,A4,317105,50331,-0.561794019934,-0.198275862069,2004MM09,100.476470588
50332,A4,317105,50332,-0.570431893688,-0.198620689655,2004MM10,100.482352941
50333,A4,317105,50333,-0.579069767442,-0.198965517241,2004MM11,100.488235294
50334,A4,317105,50334,-0.587707641196,-0.199310344828,2004MM12,100.494117647
50336,A4,317105,50336,-0.59634551495,-0.199655172414,2005MM01,100.5
50337,A4,317105,50337,-0.604983388704,-0.2,2005MM02,100.3
50338,A4,317105,50338,-0.613621262458,0.2,2005MM03,100.5
50339,A4,317105,50339,-0.622259136213,0.3,2005MM04,100.9
50340,A4,317105,50340,-0.630897009967,-0.6,2005MM05,100.2
50341,A4,317105,50341,-0.639534883721,0.0,2005MM06,100.3
50342,A4,317105,50342,-0.648172757475,-0.4,2005MM07,99.9
50343,A4,317105,50343,-0.656810631229,-0.2,2005MM08,99.7
50344,A4,317105,50344,-0.665448504983,0.0,2005MM09,99.6
50345,A4,317105,50345,-0.674086378738,-0.1,2005MM10,99.5
50346,A4,317105,50346,-0.682724252492,0.2,2005MM11,99.7
50347,A4,317105,50347,-0.691362126246,0.0,2005MM12,99.8
50349,A4,317105,50349,-0.7,0.1,2006MM01,99.8
50350,A4,317105,50350,-0.2,0.2,2006MM02,100.1
50351,A4,317105,50351,-0.3,0.1,2006MM03,100.2
50352,A4,317105,50352,-0.3,0.4,2006MM04,100.6
50353,A4,317105,50353,0.3,-0.1,2006MM05,100.5
50354,A4,317105,50354,0.3,0.1,2006MM06,100.6
50355,A4,317105,50355,0.4,-0.3,2006MM07,100.3
50356,A4,317105,50356,0.7,0.1,2006MM08,100.3
50357,A4,317105,50357,1.0,0.3,2006MM09,100.6
50358,A4,317105,50358,1.2,0.1,2006MM10,100.8
50359,A4,317105,50359,1.0,0.0,2006MM11,100.8
50360,A4,317105,50360,1.1,0.1,2006MM12,100.9
50362,A4,317105,50362,1.9,0.9,2007MM01,101.7
50363,A4,317105,50363,2.0,0.3,2007MM02,102.1
50364,A4,317105,50364,1.9,0.1,2007MM03,102.1
50365,A4,317105,50365,1.7,0.2,2007MM04,102.3
50366,A4,317105,50366,1.9,0.1,2007MM05,102.5
50367,A4,317105,50367,2.0,0.1,2007MM06,102.5
50368,A4,317105,50368,2.2,0.0,2007MM07,102.5
50369,A4,317105,50369,2.2,0.0,2007MM08,102.5
50370,A4,317105,50370,2.1,0.2,2007MM09,102.7
50371,A4,317105,50371,2.3,0.3,2007MM10,103.0
50372,A4,317105,50372,2.3,0.0,2007MM11,103.1
50373,A4,317105,50373,2.1,-0.1,2007MM12,103.0
50375,A4,317105,50375,1.7,0.4,2008MM01,103.4
50376,A4,317105,50376,1.4,0.1,2008MM02,103.5
50377,A4,317105,50377,1.3,0.0,2008MM03,103.5
50378,A4,317105,50378,1.0,-0.1,2008MM04,103.4
50379,A4,317105,50379,0.7,-0.2,2008MM05,103.2
50380,A4,317105,50380,0.2,-0.4,2008MM06,102.8
50381,A4,317105,50381,0.3,0.0,2008MM07,102.8
50382,A4,317105,50382,0.1,-0.2,2008MM08,102.6
50383,A4,317105,50383,0.0,0.1,2008MM09,102.7
50384,A4,317105,50384,-0.2,0.1,2008MM10,102.9
50385,A4,317105,50385,-0.4,-0.3,2008MM11,102.6
50386,A4,317105,50386,-0.9,-0.5,2008MM12,102.1
50388,A4,317105,50388,-1.7,-0.4,2009MM01,101.7
50389,A4,317105,50389,-2.2,-0.4,2009MM02,101.3
50390,A4,317105,50390,-2.4,-0.3,2009MM03,101.0
50391,A4,317105,50391,-2.8,-0.5,2009MM04,100.5
50392,A4,317105,50392,-2.8,-0.2,2009MM05,100.3
50393,A4,317105,50393,-2.6,-0.2,2009MM06,100.1
50394,A4,317105,50394,-3.2,-0.6,2009MM07,99.5
50395,A4,317105,50395,-3.3,-0.3,2009MM08,99.2
50396,A4,317105,50396,-2.9,0.5,2009MM09,99.7
50397,A4,317105,50397,-2.9,0.2,2009MM10,99.9
50398,A4,317105,50398,-2.4,0.2,2009MM11,100.1
50399,A4,317105,50399,-2.2,-0.3,2009MM12,99.8
50401,A4,317105,50401,-2.5,-0.7,2010MM01,99.1
50402,A4,317105,50402,-2.0,0.1,2010MM02,99.2
50403,A4,317105,50403,-1.8,0.0,2010MM03,99.2
50404,A4,317105,50404,-1.1,0.2,2010MM04,99.4
50405,A4,317105,50405,-0.6,0.4,2010MM05,99.8
50406,A4,317105,50406,-0.6,-0.2,2010MM06,99.5
50407,A4,317105,50407,0.4,0.4,2010MM07,99.9
50408,A4,317105,50408,1.2,0.5,2010MM08,100.4
50409,A4,317105,50409,1.1,0.4,2010MM09,100.9
50410,A4,317105,50410,1.0,0.1,2010MM10,101.0
50411,A4,317105,50411,0.6,-0.2,2010MM11,100.8
50412,A4,317105,50412,0.9,0.0,2010MM12,100.7
50414,A4,317105,50414,2.3,0.7,2011MM01,101.4
50415,A4,317105,50415,2.7,0.5,2011MM02,101.9
50416,A4,317105,50416,2.6,-0.1,2011MM03,101.8
50417,A4,317105,50417,3.2,0.7,2011MM04,102.6
50418,A4,317105,50418,2.8,0.0,2011MM05,102.6
50419,A4,317105,50419,3.0,0.0,2011MM06,102.6
50420,A4,317105,50420,2.9,0.2,2011MM07,102.8
50421,A4,317105,50421,2.2,-0.2,2011MM08,102.6
50422,A4,317105,50422,1.7,-0.1,2011MM09,102.6
50423,A4,317105,50423,1.5,-0.1,2011MM10,102.5
50424,A4,317105,50424,1.1,-0.5,2011MM11,101.9
50425,A4,317105,50425,1.0,-0.2,2011MM12,101.8
50427,A4,317105,50427,0.0,-0.3,2012MM01,101.5
50428,A4,317105,50428,-0.4,0.1,2012MM02,101.6
50429,A4,317105,50429,-0.1,0.2,2012MM03,101.8
50430,A4,317105,50430,-0.9,-0.1,2012MM04,101.7
50431,A4,317105,50431,-0.6,0.3,2012MM05,102.0
50432,A4,317105,50432,-0.9,-0.3,2012MM06,101.7
50433,A4,317105,50433,-2.0,-0.9,2012MM07,100.7
50434,A4,317105,50434,-2.0,-0.2,2012MM08,100.6
50435,A4,317105,50435,-1.6,0.4,2012MM09,101.0
50436,A4,317105,50436,-1.6,-0.1,2012MM10,100.9
50437,A4,317105,50437,-1.2,-0.2,2012MM11,100.7
50438,A4,317105,50438,-1.1,0.0,2012MM12,100.6
50440,A4,317105,50440,-2.0,-1.2,2013MM01,99.5
50441,A4,317105,50441,-1.7,0.4,2013MM02,99.8
50442,A4,317105,50442,-2.1,-0.3,2013MM03,99.6
50443,A4,317105,50443,-2.1,-0.1,2013MM04,99.5
50444,A4,317105,50444,-2.4,0.0,2013MM05,99.6
50445,A4,317105,50445,-2.2,-0.1,2013MM06,99.4
50446,A4,317105,50446,-1.2,0.1,2013MM07,99.6
50447,A4,317105,50447,-0.7,0.3,2013MM08,99.9
50448,A4,317105,50448,-1.1,0.0,2013MM09,99.8
50449,A4,317105,50449,-0.7,0.3,2013MM10,100.2
50450,A4,317105,50450,-0.2,0.3,2013MM11,100.4
50451,A4,317105,50451,-0.1,0.1,2013MM12,100.5
50453,A4,317105,50453,0.7,-0.3,2014MM01,100.2
50454,A4,317105,50454,0.2,-0.1,2014MM02,100.1
50455,A4,317105,50455,0.6,0.1,2014MM03,100.1
50456,A4,317105,50456,0.0,-0.6,2014MM04,99.5
50457,A4,317105,50457,0.2,0.2,2014MM05,99.7
50458,A4,317105,50458,-0.2,-0.5,2014MM06,99.3
50459,A4,317105,50459,-1.8,-1.6,2014MM07,97.7
50460,A4,317105,50460,-2.2,0.0,2014MM08,97.7
50461,A4,317105,50461,-2.0,0.1,2014MM09,97.8
50462,A4,317105,50462,-2.1,0.3,2014MM10,98.1
50463,A4,317105,50463,-2.4,0.0,2014MM11,98.1
50464,A4,317105,50464,-2.5,0.0,2014MM12,98.0
50466,A4,317105,50466,-1.6,0.5,2015MM01,98.6
50467,A4,317105,50467,-1.7,-0.1,2015MM02,98.4
50468,A4,317105,50468,-1.5,0.2,2015MM03,98.6
50469,A4,317105,50469,-0.4,0.6,2015MM04,99.2
50470,A4,317105,50470,-0.5,0.1,2015MM05,99.2
50471,A4,317105,50471,-0.1,-0.1,2015MM06,99.2
50472,A4,317105,50472,1.6,0.1,2015MM07,99.2
50473,A4,317105,50473,1.6,0.0,2015MM08,99.3
50474,A4,317105,50474,1.7,0.3,2015MM09,99.5
50475,A4,317105,50475,-1.5,-2.9,2015MM10,96.7
50476,A4,317105,50476,-1.7,-0.3,2015MM11,96.4
50477,A4,317105,50477,-1.7,0.0,2015MM12,96.4
50479,A4,317105,50479,-2.7,-0.5,2016MM01,95.9
50480,A4,317105,50480,-2.5,0.0,2016MM02,96.0
50481,A4,317105,50481,-2.9,-0.2,2016MM03,95.8
50482,A4,317105,50482,-3.5,-0.1,2016MM04,95.7
50483,A4,317105,50483,-3.8,-0.2,2016MM05,95.4
50484,A4,317105,50484,-4.0,-0.2,2016MM06,95.2
50485,A4,317105,50485,-4.4,-0.4,2016MM07,94.8
50486,A4,317105,50486,-4.3,0.2,2016MM08,95.0
50487,A4,317105,50487,-4.7,-0.1,2016MM09,94.8
50488,A4,317105,50488,-1.9,0.0,2016MM10,94.9
50489,A4,317105,50489,-1.6,0.0,2016MM11,94.9
50490,A4,317105,50490,-1.5,0.0,2016MM12,94.9
50492,A4,317105,50492,-1.9,-0.9,2017MM01,94.1
50493,A4,317105,50493,-1.6,0.4,2017MM02,94.4
50494,A4,317105,50494,-1.0,0.4,2017MM03,94.8
50495,A4,317105,50495,-0.1,0.8,2017MM04,95.6
50496,A4,317105,50496,0.1,0.0,2017MM05,95.6
50497,A4,317105,50497,0.6,0.2,2017MM06,95.8
50498,A4,317105,50498,1.9,0.9,2017MM07,96.6
50499,A4,317105,50499,1.9,0.2,2017MM08,96.8
50500,A4,317105,50500,1.9,-0.1,2017MM09,96.7
50501,A4,317105,50501,2.0,0.1,2017MM10,96.8
50502,A4,317105,50502,2.0,0.0,2017MM11,96.8
50503,A4,317105,50503,2.0,0.0,2017MM12,96.8
