,Afzet,BedrijfstakkenBranchesSBI2008,ID,OntwikkelingTOV1JaarEerder_2,OntwikkelingTOV1MaandEerder_3,Perioden,ProducentenprijsindexPPI_1
18109,A6,317105,18109,,,2005MM01,99.9
18110,A6,317105,18110,,-0.3,2005MM02,99.7
18111,A6,317105,18111,,0.1,2005MM03,99.8
18112,A6,317105,18112,,0.4,2005MM04,100.1
18113,A6,317105,18113,,-0.5,2005MM05,99.7
18114,A6,317105,18114,,0.0,2005MM06,99.6
18115,A6,317105,18115,,-0.5,2005MM07,99.1
18116,A6,317105,18116,,-0.3,2005MM08,98.8
18117,A6,317105,18117,,0.1,2005MM09,98.8
18118,A6,317105,18118,,0.1,2005MM10,98.9
18119,A6,317105,18119,,0.3,2005MM11,99.2
18120,A6,317105,18120,,0.1,2005MM12,99.3
18122,A6,317105,18122,-0.4,0.3,2006MM01,99.5
18123,A6,317105,18123,0.2,0.3,2006MM02,99.9
18124,A6,317105,18124,0.4,0.3,2006MM03,100.1
18125,A6,317105,18125,0.3,0.3,2006MM04,100.4
18126,A6,317105,18126,0.8,0.0,2006MM05,100.4
18127,A6,317105,18127,0.7,-0.1,2006MM06,100.3
18128,A6,317105,18128,1.0,-0.3,2006MM07,100.1
18129,A6,317105,18129,1.4,0.1,2006MM08,100.1
18130,A6,317105,18130,1.8,0.4,2006MM09,100.6
18131,A6,317105,18131,1.9,0.2,2006MM10,100.8
18132,A6,317105,18132,1.7,0.1,2006MM11,100.9
18133,A6,317105,18133,1.6,0.0,2006MM12,100.9
18135,A6,317105,18135,2.3,0.9,2007MM01,101.8
18136,A6,317105,18136,2.4,0.4,2007MM02,102.2
18137,A6,317105,18137,2.1,0.1,2007MM03,102.3
18138,A6,317105,18138,2.2,0.3,2007MM04,102.6
18139,A6,317105,18139,2.2,0.1,2007MM05,102.7
18140,A6,317105,18140,2.6,0.3,2007MM06,103.0
18141,A6,317105,18141,3.0,0.1,2007MM07,103.1
18142,A6,317105,18142,3.2,0.2,2007MM08,103.3
18143,A6,317105,18143,2.8,0.1,2007MM09,103.4
18144,A6,317105,18144,3.0,0.3,2007MM10,103.8
18145,A6,317105,18145,2.7,-0.1,2007MM11,103.6
18146,A6,317105,18146,2.6,-0.2,2007MM12,103.5
18148,A6,317105,18148,2.0,0.4,2008MM01,103.9
18149,A6,317105,18149,1.7,0.1,2008MM02,104.0
18150,A6,317105,18150,1.6,-0.1,2008MM03,103.9
18151,A6,317105,18151,0.8,-0.4,2008MM04,103.4
18152,A6,317105,18152,0.5,-0.2,2008MM05,103.2
18153,A6,317105,18153,-0.1,-0.3,2008MM06,102.9
18154,A6,317105,18154,0.0,0.1,2008MM07,103.0
18155,A6,317105,18155,-0.5,-0.2,2008MM08,102.9
18156,A6,317105,18156,-0.4,0.2,2008MM09,103.0
18157,A6,317105,18157,-0.4,0.3,2008MM10,103.3
18158,A6,317105,18158,-0.5,-0.2,2008MM11,103.2
18159,A6,317105,18159,-1.0,-0.7,2008MM12,102.4
18161,A6,317105,18161,-2.2,-0.8,2009MM01,101.6
18162,A6,317105,18162,-2.7,-0.5,2009MM02,101.1
18163,A6,317105,18163,-3.0,-0.4,2009MM03,100.7
18164,A6,317105,18164,-3.5,-0.9,2009MM04,99.8
18165,A6,317105,18165,-3.4,-0.1,2009MM05,99.7
18166,A6,317105,18166,-3.7,-0.6,2009MM06,99.1
18167,A6,317105,18167,-4.2,-0.4,2009MM07,98.7
18168,A6,317105,18168,-4.3,-0.3,2009MM08,98.4
18169,A6,317105,18169,-4.1,0.4,2009MM09,98.8
18170,A6,317105,18170,-4.1,0.3,2009MM10,99.1
18171,A6,317105,18171,-3.3,0.7,2009MM11,99.8
18172,A6,317105,18172,-2.9,-0.3,2009MM12,99.4
18174,A6,317105,18174,-3.6,-1.5,2010MM01,98.0
18175,A6,317105,18175,-2.8,0.3,2010MM02,98.3
18176,A6,317105,18176,-2.2,0.2,2010MM03,98.5
18177,A6,317105,18177,-0.7,0.6,2010MM04,99.1
18178,A6,317105,18178,0.0,0.6,2010MM05,99.6
18179,A6,317105,18179,0.6,0.1,2010MM06,99.8
18180,A6,317105,18180,1.6,0.5,2010MM07,100.3
18181,A6,317105,18181,2.4,0.5,2010MM08,100.8
18182,A6,317105,18182,2.3,0.4,2010MM09,101.1
18183,A6,317105,18183,2.6,0.6,2010MM10,101.7
18184,A6,317105,18184,1.6,-0.3,2010MM11,101.4
18185,A6,317105,18185,2.1,0.1,2010MM12,101.5
18187,A6,317105,18187,4.4,0.7,2011MM01,102.2
18188,A6,317105,18188,4.3,0.3,2011MM02,102.5
18189,A6,317105,18189,4.3,0.2,2011MM03,102.7
18190,A6,317105,18190,4.7,1.0,2011MM04,103.7
18191,A6,317105,18191,4.1,0.0,2011MM05,103.7
18192,A6,317105,18192,4.1,0.1,2011MM06,103.8
18193,A6,317105,18193,3.8,0.2,2011MM07,104.1
18194,A6,317105,18194,3.1,-0.2,2011MM08,103.9
18195,A6,317105,18195,2.5,-0.2,2011MM09,103.7
18196,A6,317105,18196,1.9,-0.1,2011MM10,103.6
18197,A6,317105,18197,1.6,-0.6,2011MM11,103.0
18198,A6,317105,18198,1.2,-0.2,2011MM12,102.8
18200,A6,317105,18200,0.0,-0.6,2012MM01,102.2
18201,A6,317105,18201,-0.2,0.1,2012MM02,102.3
18202,A6,317105,18202,-0.2,0.1,2012MM03,102.5
18203,A6,317105,18203,-1.3,0.0,2012MM04,102.4
18204,A6,317105,18204,-1.0,0.2,2012MM05,102.7
18205,A6,317105,18205,-1.4,-0.3,2012MM06,102.4
18206,A6,317105,18206,-2.3,-0.7,2012MM07,101.7
18207,A6,317105,18207,-2.4,-0.3,2012MM08,101.4
18208,A6,317105,18208,-1.9,0.3,2012MM09,101.7
18209,A6,317105,18209,-2.0,-0.1,2012MM10,101.6
18210,A6,317105,18210,-1.6,-0.2,2012MM11,101.3
18211,A6,317105,18211,-1.5,-0.1,2012MM12,101.3
18213,A6,317105,18213,-1.9,-1.0,2013MM01,100.2
18214,A6,317105,18214,-1.6,0.5,2013MM02,100.7
18215,A6,317105,18215,-1.9,-0.2,2013MM03,100.5
18216,A6,317105,18216,-2.3,-0.4,2013MM04,100.1
18217,A6,317105,18217,-2.4,0.1,2013MM05,100.2
18218,A6,317105,18218,-2.3,-0.1,2013MM06,100.0
18219,A6,317105,18219,-1.7,-0.1,2013MM07,100.0
18220,A6,317105,18220,-0.9,0.6,2013MM08,100.5
18221,A6,317105,18221,-1.2,-0.1,2013MM09,100.4
18222,A6,317105,18222,-0.7,0.4,2013MM10,100.8
18223,A6,317105,18223,-0.1,0.4,2013MM11,101.2
18224,A6,317105,18224,-0.1,0.0,2013MM12,101.1
18226,A6,317105,18226,0.9,0.0,2014MM01,101.1
18227,A6,317105,18227,0.4,0.0,2014MM02,101.1
18228,A6,317105,18228,0.5,-0.1,2014MM03,101.0
18229,A6,317105,18229,0.6,-0.3,2014MM04,100.7
18230,A6,317105,18230,0.7,0.1,2014MM05,100.8
18231,A6,317105,18231,0.4,-0.4,2014MM06,100.5
18232,A6,317105,18232,-0.6,-1.1,2014MM07,99.4
18233,A6,317105,18233,-1.0,0.2,2014MM08,99.5
18234,A6,317105,18234,-0.8,0.1,2014MM09,99.6
18235,A6,317105,18235,-1.0,0.1,2014MM10,99.8
18236,A6,317105,18236,-1.4,0.0,2014MM11,99.7
18237,A6,317105,18237,-1.3,0.1,2014MM12,99.8
18239,A6,317105,18239,-1.6,-0.3,2015MM01,99.6
18240,A6,317105,18240,-1.6,-0.1,2015MM02,99.4
18241,A6,317105,18241,-1.2,0.3,2015MM03,99.7
18242,A6,317105,18242,-0.9,0.1,2015MM04,99.8
18243,A6,317105,18243,-0.9,0.1,2015MM05,100.0
18244,A6,317105,18244,-0.6,-0.1,2015MM06,99.9
18245,A6,317105,18245,0.6,0.1,2015MM07,99.9
18246,A6,317105,18246,0.5,0.1,2015MM08,100.1
18247,A6,317105,18247,0.7,0.3,2015MM09,100.4
18248,A6,317105,18248,-1.2,-1.8,2015MM10,98.5
18249,A6,317105,18249,-1.3,-0.1,2015MM11,98.4
18250,A6,317105,18250,-1.4,0.0,2015MM12,98.4
18252,A6,317105,18252,-1.5,-0.4,2016MM01,98.0
18253,A6,317105,18253,-1.5,-0.1,2016MM02,98.0
18254,A6,317105,18254,-2.0,-0.2,2016MM03,97.7
18255,A6,317105,18255,-2.3,-0.2,2016MM04,97.5
18256,A6,317105,18256,-2.6,-0.2,2016MM05,97.3
18257,A6,317105,18257,-2.9,-0.4,2016MM06,97.0
18258,A6,317105,18258,-3.2,-0.3,2016MM07,96.7
18259,A6,317105,18259,-3.2,0.2,2016MM08,96.9
18260,A6,317105,18260,-3.6,-0.2,2016MM09,96.7
18261,A6,317105,18261,-1.8,0.0,2016MM10,96.7
18262,A6,317105,18262,-1.7,0.0,2016MM11,96.8
18263,A6,317105,18263,-1.5,0.2,2016MM12,96.9
18265,A6,317105,18265,-2.0,-0.9,2017MM01,96.1
18266,A6,317105,18266,-1.6,0.4,2017MM02,96.4
18267,A6,317105,18267,-0.9,0.4,2017MM03,96.8
18268,A6,317105,18268,0.1,0.8,2017MM04,97.6
18269,A6,317105,18269,0.3,0.0,2017MM05,97.6
18270,A6,317105,18270,0.8,0.2,2017MM06,97.8
18271,A6,317105,18271,2.0,0.9,2017MM07,98.6
18272,A6,317105,18272,1.9,0.1,2017MM08,98.8
18273,A6,317105,18273,1.9,-0.1,2017MM09,98.6
18274,A6,317105,18274,2.1,0.1,2017MM10,98.7
18275,A6,317105,18275,2.2,0.2,2017MM11,98.9
18276,A6,317105,18276,1.9,-0.1,2017MM12,98.8
