,Afzet,BedrijfstakkenBranchesSBI2008,ID,OntwikkelingTOV1JaarEerder_2,OntwikkelingTOV1MaandEerder_3,Perioden,ProducentenprijsindexPPI_1
50505,A4,317100,50505,4.33076923077,-0.05,1981MM01,71.8
50506,A4,317100,50506,4.86153846154,0.2,1981MM02,72.0
50507,A4,317100,50507,5.39230769231,0.6,1981MM03,72.4
50508,A4,317100,50508,5.92307692308,2.0,1981MM04,73.9
50509,A4,317100,50509,6.45384615385,0.9,1981MM05,74.5
50510,A4,317100,50510,6.98461538462,0.6,1981MM06,74.9
50511,A4,317100,50511,7.51538461538,2.5,1981MM07,76.8
50512,A4,317100,50512,8.04615384615,0.5,1981MM08,77.2
50513,A4,317100,50513,8.57692307692,0.7,1981MM09,77.8
50514,A4,317100,50514,9.10769230769,1.5,1981MM10,78.9
50515,A4,317100,50515,9.63846153846,0.0,1981MM11,78.9
50516,A4,317100,50516,10.1692307692,0.2,1981MM12,79.0
50518,A4,317100,50518,10.7,0.6,1982MM01,79.5
50519,A4,317100,50519,10.9,0.4,1982MM02,79.8
50520,A4,317100,50520,10.3,0.0,1982MM03,79.8
50521,A4,317100,50521,8.3,0.2,1982MM04,80.0
50522,A4,317100,50522,7.3,-0.1,1982MM05,79.9
50523,A4,317100,50523,6.6,-0.1,1982MM06,79.9
50524,A4,317100,50524,3.8,-0.1,1982MM07,79.8
50525,A4,317100,50525,3.3,0.0,1982MM08,79.8
50526,A4,317100,50526,2.5,-0.1,1982MM09,79.7
50527,A4,317100,50527,0.5,-0.5,1982MM10,79.3
50528,A4,317100,50528,0.5,0.0,1982MM11,79.3
50529,A4,317100,50529,0.0,-0.4,1982MM12,79.0
50531,A4,317100,50531,-0.6,0.0,1983MM01,79.0
50532,A4,317100,50532,-1.7,-0.6,1983MM02,78.5
50533,A4,317100,50533,-1.5,0.2,1983MM03,78.6
50534,A4,317100,50534,-2.0,-0.2,1983MM04,78.5
50535,A4,317100,50535,-1.6,0.2,1983MM05,78.6
50536,A4,317100,50536,-1.5,0.1,1983MM06,78.7
50537,A4,317100,50537,-1.4,-0.1,1983MM07,78.6
50538,A4,317100,50538,-1.4,0.1,1983MM08,78.7
50539,A4,317100,50539,-1.2,0.1,1983MM09,78.8
50540,A4,317100,50540,-0.7,0.0,1983MM10,78.7
50541,A4,317100,50541,-0.6,0.1,1983MM11,78.8
50542,A4,317100,50542,0.4,0.6,1983MM12,79.3
50544,A4,317100,50544,1.4,1.0,1984MM01,80.1
50545,A4,317100,50545,2.8,0.8,1984MM02,80.7
50546,A4,317100,50546,3.1,0.5,1984MM03,81.1
50547,A4,317100,50547,4.6,1.2,1984MM04,82.1
50548,A4,317100,50548,4.9,0.5,1984MM05,82.5
50549,A4,317100,50549,5.2,0.4,1984MM06,82.8
50550,A4,317100,50550,5.2,-0.1,1984MM07,82.7
50551,A4,317100,50551,5.7,0.6,1984MM08,83.2
50552,A4,317100,50552,6.9,1.2,1984MM09,84.2
50553,A4,317100,50553,7.5,0.6,1984MM10,84.7
50554,A4,317100,50554,8.0,0.6,1984MM11,85.1
50555,A4,317100,50555,7.7,0.3,1984MM12,85.4
50557,A4,317100,50557,7.1,0.4,1985MM01,85.7
50558,A4,317100,50558,6.2,-0.1,1985MM02,85.7
50559,A4,317100,50559,5.4,-0.3,1985MM03,85.4
50560,A4,317100,50560,4.4,0.3,1985MM04,85.7
50561,A4,317100,50561,4.2,0.3,1985MM05,85.9
50562,A4,317100,50562,3.8,0.0,1985MM06,85.9
50563,A4,317100,50563,3.9,0.0,1985MM07,85.9
50564,A4,317100,50564,3.5,0.1,1985MM08,86.0
50565,A4,317100,50565,2.2,0.0,1985MM09,86.0
50566,A4,317100,50566,1.3,-0.3,1985MM10,85.8
50567,A4,317100,50567,0.0,-0.8,1985MM11,85.1
50568,A4,317100,50568,-0.8,-0.4,1985MM12,84.8
50570,A4,317100,50570,-1.1,0.0,1986MM01,84.8
50571,A4,317100,50571,-2.1,-1.1,1986MM02,83.9
50572,A4,317100,50572,-0.8,1.1,1986MM03,84.8
50573,A4,317100,50573,-0.9,0.1,1986MM04,84.9
50574,A4,317100,50574,-1.6,-0.4,1986MM05,84.5
50575,A4,317100,50575,-2.0,-0.4,1986MM06,84.2
50576,A4,317100,50576,-2.1,-0.1,1986MM07,84.1
50577,A4,317100,50577,-2.3,0.0,1986MM08,84.1
50578,A4,317100,50578,-2.5,-0.2,1986MM09,83.9
50579,A4,317100,50579,-2.6,-0.4,1986MM10,83.6
50580,A4,317100,50580,-2.0,-0.2,1986MM11,83.4
50581,A4,317100,50581,-1.8,-0.2,1986MM12,83.2
50583,A4,317100,50583,-2.0,-0.2,1987MM01,83.1
50584,A4,317100,50584,-0.9,-0.1,1987MM02,83.1
50585,A4,317100,50585,-2.2,-0.2,1987MM03,82.9
50586,A4,317100,50586,-2.5,-0.3,1987MM04,82.7
50587,A4,317100,50587,-1.9,0.3,1987MM05,82.9
50588,A4,317100,50588,-1.8,-0.4,1987MM06,82.6
50589,A4,317100,50589,-1.7,-0.1,1987MM07,82.6
50590,A4,317100,50590,-1.5,0.2,1987MM08,82.8
50591,A4,317100,50591,-1.2,0.1,1987MM09,82.9
50592,A4,317100,50592,-0.8,0.0,1987MM10,82.9
50593,A4,317100,50593,-0.5,0.1,1987MM11,83.0
50594,A4,317100,50594,-0.4,-0.1,1987MM12,82.9
50596,A4,317100,50596,-0.2,0.1,1988MM01,83.0
50597,A4,317100,50597,-0.1,0.0,1988MM02,83.0
50598,A4,317100,50598,0.5,0.4,1988MM03,83.4
50599,A4,317100,50599,2.0,1.2,1988MM04,84.4
50600,A4,317100,50600,0.3,-1.4,1988MM05,83.2
50601,A4,317100,50601,1.0,0.4,1988MM06,83.5
50602,A4,317100,50602,1.4,0.3,1988MM07,83.7
50603,A4,317100,50603,1.3,0.1,1988MM08,83.8
50604,A4,317100,50604,1.3,0.2,1988MM09,84.0
50605,A4,317100,50605,1.5,0.1,1988MM10,84.1
50606,A4,317100,50606,1.9,0.5,1988MM11,84.5
50607,A4,317100,50607,2.1,0.2,1988MM12,84.7
50609,A4,317100,50609,2.6,0.6,1989MM01,85.2
50610,A4,317100,50610,3.2,0.6,1989MM02,85.7
50611,A4,317100,50611,3.1,0.3,1989MM03,85.9
50612,A4,317100,50612,1.9,0.1,1989MM04,86.0
50613,A4,317100,50613,5.7,2.3,1989MM05,87.9
50614,A4,317100,50614,3.8,-1.5,1989MM06,86.6
50615,A4,317100,50615,3.5,0.0,1989MM07,86.7
50616,A4,317100,50616,4.1,0.7,1989MM08,87.2
50617,A4,317100,50617,3.9,0.0,1989MM09,87.3
50618,A4,317100,50618,3.6,-0.1,1989MM10,87.2
50619,A4,317100,50619,3.4,0.3,1989MM11,87.5
50620,A4,317100,50620,3.5,0.2,1989MM12,87.6
50622,A4,317100,50622,2.8,-0.1,1990MM01,87.5
50623,A4,317100,50623,1.3,-0.8,1990MM02,86.8
50624,A4,317100,50624,1.5,0.5,1990MM03,87.2
50625,A4,317100,50625,1.4,0.0,1990MM04,87.2
50626,A4,317100,50626,-1.0,-0.1,1990MM05,87.1
50627,A4,317100,50627,0.3,-0.3,1990MM06,86.9
50628,A4,317100,50628,-0.1,-0.3,1990MM07,86.6
50629,A4,317100,50629,-0.6,0.1,1990MM08,86.7
50630,A4,317100,50630,-0.7,0.0,1990MM09,86.7
50631,A4,317100,50631,-0.6,0.0,1990MM10,86.7
50632,A4,317100,50632,-0.6,0.3,1990MM11,86.9
50633,A4,317100,50633,-1.0,-0.1,1990MM12,86.8
50635,A4,317100,50635,-0.9,0.0,1991MM01,86.7
50636,A4,317100,50636,1.3,1.3,1991MM02,87.9
50637,A4,317100,50637,0.7,-0.1,1991MM03,87.8
50638,A4,317100,50638,0.8,0.2,1991MM04,87.9
50639,A4,317100,50639,0.9,0.0,1991MM05,87.9
50640,A4,317100,50640,1.3,0.1,1991MM06,88.0
50641,A4,317100,50641,1.9,0.3,1991MM07,88.2
50642,A4,317100,50642,1.8,0.0,1991MM08,88.2
50643,A4,317100,50643,1.8,0.0,1991MM09,88.2
50644,A4,317100,50644,1.6,-0.2,1991MM10,88.1
50645,A4,317100,50645,1.5,0.2,1991MM11,88.2
50646,A4,317100,50646,1.6,0.0,1991MM12,88.2
50648,A4,317100,50648,1.3,-0.4,1992MM01,87.9
50649,A4,317100,50649,-0.1,0.0,1992MM02,87.8
50650,A4,317100,50650,-0.4,-0.4,1992MM03,87.5
50651,A4,317100,50651,-0.4,0.1,1992MM04,87.6
50652,A4,317100,50652,-0.5,-0.1,1992MM05,87.5
50653,A4,317100,50653,-0.5,0.1,1992MM06,87.6
50654,A4,317100,50654,-0.7,0.0,1992MM07,87.6
50655,A4,317100,50655,-0.7,0.0,1992MM08,87.6
50656,A4,317100,50656,-0.6,0.0,1992MM09,87.7
50657,A4,317100,50657,-0.4,0.0,1992MM10,87.7
50658,A4,317100,50658,-0.7,-0.2,1992MM11,87.5
50659,A4,317100,50659,-0.5,0.2,1992MM12,87.7
50661,A4,317100,50661,-0.4,-0.3,1993MM01,87.5
50662,A4,317100,50662,-0.6,-0.2,1993MM02,87.3
50663,A4,317100,50663,-1.0,-0.8,1993MM03,86.6
50664,A4,317100,50664,-3.4,-2.3,1993MM04,84.6
50665,A4,317100,50665,-1.9,1.4,1993MM05,85.9
50666,A4,317100,50666,-2.1,-0.2,1993MM06,85.7
50667,A4,317100,50667,-2.2,-0.1,1993MM07,85.7
50668,A4,317100,50668,-2.7,-0.5,1993MM08,85.3
50669,A4,317100,50669,-2.8,-0.1,1993MM09,85.2
50670,A4,317100,50670,-3.2,-0.3,1993MM10,84.9
50671,A4,317100,50671,-3.6,-0.6,1993MM11,84.4
50672,A4,317100,50672,-4.4,-0.6,1993MM12,83.9
50674,A4,317100,50674,-4.3,-0.2,1994MM01,83.7
50675,A4,317100,50675,-4.7,-0.6,1994MM02,83.2
50676,A4,317100,50676,-4.2,-0.2,1994MM03,83.0
50677,A4,317100,50677,-2.2,-0.2,1994MM04,82.8
50678,A4,317100,50678,-0.2,3.5,1994MM05,85.7
50679,A4,317100,50679,-3.9,-3.9,1994MM06,82.4
50680,A4,317100,50680,-3.9,-0.1,1994MM07,82.3
50681,A4,317100,50681,-3.4,0.1,1994MM08,82.4
50682,A4,317100,50682,-2.2,1.1,1994MM09,83.3
50683,A4,317100,50683,-1.3,0.6,1994MM10,83.8
50684,A4,317100,50684,0.8,1.5,1994MM11,85.0
50685,A4,317100,50685,4.8,3.4,1994MM12,87.9
50687,A4,317100,50687,5.7,0.6,1995MM01,88.4
50688,A4,317100,50688,7.1,0.7,1995MM02,89.1
50689,A4,317100,50689,8.6,1.2,1995MM03,90.1
50690,A4,317100,50690,10.4,1.5,1995MM04,91.4
50691,A4,317100,50691,7.8,1.0,1995MM05,92.4
50692,A4,317100,50692,13.0,0.7,1995MM06,93.1
50693,A4,317100,50693,15.2,1.8,1995MM07,94.8
50694,A4,317100,50694,15.7,0.5,1995MM08,95.3
50695,A4,317100,50695,14.6,0.2,1995MM09,95.4
50696,A4,317100,50696,13.0,-0.8,1995MM10,94.7
50697,A4,317100,50697,10.7,-0.6,1995MM11,94.1
50698,A4,317100,50698,6.2,-0.8,1995MM12,93.3
50700,A4,317100,50700,4.4,-1.0,1996MM01,92.3
50701,A4,317100,50701,3.0,-0.6,1996MM02,91.8
50702,A4,317100,50702,1.1,-0.7,1996MM03,91.1
50703,A4,317100,50703,-1.0,-0.6,1996MM04,90.5
50704,A4,317100,50704,-2.8,-0.7,1996MM05,89.9
50705,A4,317100,50705,-4.0,-0.6,1996MM06,89.3
50706,A4,317100,50706,-6.0,-0.2,1996MM07,89.1
50707,A4,317100,50707,-6.8,-0.3,1996MM08,88.8
50708,A4,317100,50708,-6.8,0.2,1996MM09,89.0
50709,A4,317100,50709,-5.8,0.3,1996MM10,89.2
50710,A4,317100,50710,-5.2,-0.1,1996MM11,89.2
50711,A4,317100,50711,-4.8,-0.4,1996MM12,88.8
50713,A4,317100,50713,-5.7,-1.9,1997MM01,87.1
50714,A4,317100,50714,-5.5,-0.5,1997MM02,86.7
50715,A4,317100,50715,-5.0,-0.1,1997MM03,86.6
50716,A4,317100,50716,-4.3,0.0,1997MM04,86.6
50717,A4,317100,50717,-3.5,0.1,1997MM05,86.7
50718,A4,317100,50718,-2.8,0.1,1997MM06,86.8
50719,A4,317100,50719,-2.4,0.2,1997MM07,86.9
50720,A4,317100,50720,-1.7,0.4,1997MM08,87.2
50721,A4,317100,50721,-1.9,0.0,1997MM09,87.2
50722,A4,317100,50722,-2.3,0.0,1997MM10,87.2
50723,A4,317100,50723,-2.2,0.0,1997MM11,87.2
50724,A4,317100,50724,-1.8,0.0,1997MM12,87.2
50726,A4,317100,50726,0.6,0.5,1998MM01,87.6
50727,A4,317100,50727,1.1,0.0,1998MM02,87.6
50728,A4,317100,50728,1.3,0.1,1998MM03,87.7
50729,A4,317100,50729,1.2,0.0,1998MM04,87.7
50730,A4,317100,50730,1.1,0.0,1998MM05,87.7
50731,A4,317100,50731,0.9,-0.1,1998MM06,87.6
50732,A4,317100,50732,0.8,0.0,1998MM07,87.7
50733,A4,317100,50733,0.2,-0.2,1998MM08,87.5
50734,A4,317100,50734,0.1,-0.1,1998MM09,87.3
50735,A4,317100,50735,-0.3,-0.5,1998MM10,86.9
50736,A4,317100,50736,-0.2,0.2,1998MM11,87.1
50737,A4,317100,50737,-0.3,-0.2,1998MM12,86.9
50739,A4,317100,50739,-0.4,0.4,1999MM01,87.3
50740,A4,317100,50740,-0.3,0.0,1999MM02,87.3
50741,A4,317100,50741,-0.5,-0.1,1999MM03,87.3
50742,A4,317100,50742,-0.6,-0.2,1999MM04,87.1
50743,A4,317100,50743,-0.7,-0.1,1999MM05,87.0
50744,A4,317100,50744,-0.7,0.0,1999MM06,87.0
50745,A4,317100,50745,-0.5,0.3,1999MM07,87.3
50746,A4,317100,50746,0.1,0.4,1999MM08,87.6
50747,A4,317100,50747,1.8,1.5,1999MM09,88.9
50748,A4,317100,50748,2.8,0.5,1999MM10,89.4
50749,A4,317100,50749,3.2,0.5,1999MM11,89.9
50750,A4,317100,50750,3.6,0.2,1999MM12,90.1
50752,A4,317100,50752,3.8,0.6,2000MM01,90.6
50753,A4,317100,50753,4.1,0.4,2000MM02,90.9
50754,A4,317100,50754,5.4,1.1,2000MM03,92.0
50755,A4,317100,50755,7.5,1.8,2000MM04,93.6
50756,A4,317100,50756,9.2,1.5,2000MM05,95.0
50757,A4,317100,50757,10.0,0.7,2000MM06,95.7
50758,A4,317100,50758,11.1,1.3,2000MM07,97.0
50759,A4,317100,50759,11.0,0.3,2000MM08,97.2
50760,A4,317100,50760,9.7,0.3,2000MM09,97.5
50761,A4,317100,50761,10.3,1.1,2000MM10,98.5
50762,A4,317100,50762,9.7,0.0,2000MM11,98.5
50763,A4,317100,50763,9.5,0.0,2000MM12,98.6
50765,A4,317100,50765,9.9,1.0,2001MM01,99.6
50766,A4,317100,50766,9.9,0.3,2001MM02,99.9
50767,A4,317100,50767,8.7,0.1,2001MM03,100.0
50768,A4,317100,50768,7.0,0.2,2001MM04,100.2
50769,A4,317100,50769,4.9,-0.5,2001MM05,99.7
50770,A4,317100,50770,3.6,-0.5,2001MM06,99.2
50771,A4,317100,50771,1.9,-0.4,2001MM07,98.8
50772,A4,317100,50772,1.7,0.0,2001MM08,98.8
50773,A4,317100,50773,1.1,-0.3,2001MM09,98.6
50774,A4,317100,50774,-0.4,-0.4,2001MM10,98.1
50775,A4,317100,50775,-0.8,-0.4,2001MM11,97.8
50776,A4,317100,50776,-0.9,0.0,2001MM12,97.7
50778,A4,317100,50778,-2.3,-0.5,2002MM01,97.3
50779,A4,317100,50779,-2.7,-0.1,2002MM02,97.2
50780,A4,317100,50780,-2.8,0.0,2002MM03,97.2
50781,A4,317100,50781,-4.1,-1.1,2002MM04,96.1
50782,A4,317100,50782,-3.5,0.1,2002MM05,96.2
50783,A4,317100,50783,-1.9,1.1,2002MM06,97.3
50784,A4,317100,50784,0.3,1.9,2002MM07,99.2
50785,A4,317100,50785,0.5,0.1,2002MM08,99.3
50786,A4,317100,50786,0.9,0.2,2002MM09,99.5
50787,A4,317100,50787,1.4,0.1,2002MM10,99.6
50788,A4,317100,50788,1.6,-0.2,2002MM11,99.3
50789,A4,317100,50789,1.5,-0.1,2002MM12,99.2
50791,A4,317100,50791,1.7,-0.3,2003MM01,98.9
50792,A4,317100,50792,0.9,-0.9,2003MM02,98.1
50793,A4,317100,50793,1.3,0.4,2003MM03,98.5
50794,A4,317100,50794,2.7,0.3,2003MM04,98.8
50795,A4,317100,50795,2.7,0.1,2003MM05,98.9
50796,A4,317100,50796,0.5,-1.1,2003MM06,97.8
50797,A4,317100,50797,-1.8,-0.4,2003MM07,97.4
50798,A4,317100,50798,-2.5,-0.5,2003MM08,96.8
50799,A4,317100,50799,-2.8,-0.1,2003MM09,96.7
50800,A4,317100,50800,-3.2,-0.3,2003MM10,96.4
50801,A4,317100,50801,-2.5,0.4,2003MM11,96.8
50802,A4,317100,50802,-2.6,-0.3,2003MM12,96.6
50804,A4,317100,50804,-3.2,-0.8,2004MM01,95.8
50805,A4,317100,50805,-1.8,0.6,2004MM02,96.3
50806,A4,317100,50806,-2.4,-0.3,2004MM03,96.1
50807,A4,317100,50807,-1.9,0.8,2004MM04,96.8
50808,A4,317100,50808,-2.0,0.0,2004MM05,96.9
50809,A4,317100,50809,-0.9,0.0,2004MM06,96.9
50810,A4,317100,50810,-1.4,-0.9,2004MM07,96.0
50811,A4,317100,50811,-1.3,-0.4,2004MM08,95.6
50812,A4,317100,50812,-0.8,0.3,2004MM09,95.9
50813,A4,317100,50813,-0.4,0.1,2004MM10,96.0
50814,A4,317100,50814,-0.6,0.3,2004MM11,96.2
50815,A4,317100,50815,-0.5,-0.1,2004MM12,96.1
50817,A4,317100,50817,-0.546153846154,-0.3,2005MM01,95.9
50818,A4,317100,50818,-0.592307692308,-0.5,2005MM02,95.4
50819,A4,317100,50819,-0.638461538462,0.5,2005MM03,95.9
50820,A4,317100,50820,-0.684615384615,0.5,2005MM04,96.4
50821,A4,317100,50821,-0.730769230769,-1.5,2005MM05,94.9
50822,A4,317100,50822,-0.776923076923,0.1,2005MM06,95.0
50823,A4,317100,50823,-0.823076923077,-0.8,2005MM07,94.3
50824,A4,317100,50824,-0.869230769231,-0.5,2005MM08,93.8
50825,A4,317100,50825,-0.915384615385,0.0,2005MM09,93.8
50826,A4,317100,50826,-0.961538461538,0.0,2005MM10,93.8
50827,A4,317100,50827,-1.00769230769,0.5,2005MM11,94.2
50828,A4,317100,50828,-1.05384615385,0.1,2005MM12,94.3
50830,A4,317100,50830,-1.1,0.6,2006MM01,94.9
50831,A4,317100,50831,0.1,0.7,2006MM02,95.5
50832,A4,317100,50832,-0.1,0.3,2006MM03,95.8
50833,A4,317100,50833,-0.2,0.4,2006MM04,96.2
50834,A4,317100,50834,1.2,-0.1,2006MM05,96.1
50835,A4,317100,50835,1.3,0.1,2006MM06,96.2
50836,A4,317100,50836,2.3,0.2,2006MM07,96.4
50837,A4,317100,50837,2.9,0.0,2006MM08,96.5
50838,A4,317100,50838,3.4,0.5,2006MM09,97.0
50839,A4,317100,50839,4.0,0.5,2006MM10,97.5
50840,A4,317100,50840,3.4,0.0,2006MM11,97.5
50841,A4,317100,50841,3.6,0.3,2006MM12,97.7
50843,A4,317100,50843,4.3,1.2,2007MM01,98.9
50844,A4,317100,50844,4.2,0.6,2007MM02,99.5
50845,A4,317100,50845,4.1,0.2,2007MM03,99.7
50846,A4,317100,50846,4.1,0.5,2007MM04,100.2
50847,A4,317100,50847,4.6,0.3,2007MM05,100.5
50848,A4,317100,50848,4.9,0.4,2007MM06,100.9
50849,A4,317100,50849,4.7,0.1,2007MM07,101.0
50850,A4,317100,50850,4.7,0.0,2007MM08,101.0
50851,A4,317100,50851,4.6,0.5,2007MM09,101.5
50852,A4,317100,50852,4.8,0.7,2007MM10,102.2
50853,A4,317100,50853,4.8,0.0,2007MM11,102.2
50854,A4,317100,50854,4.4,-0.1,2007MM12,102.0
50856,A4,317100,50856,3.7,0.5,2008MM01,102.6
50857,A4,317100,50857,3.1,0.1,2008MM02,102.7
50858,A4,317100,50858,2.9,-0.1,2008MM03,102.6
50859,A4,317100,50859,2.3,-0.2,2008MM04,102.4
50860,A4,317100,50860,1.6,-0.4,2008MM05,102.0
50861,A4,317100,50861,0.2,-0.9,2008MM06,101.1
50862,A4,317100,50862,-0.2,-0.3,2008MM07,100.7
50863,A4,317100,50863,-0.7,-0.4,2008MM08,100.3
50864,A4,317100,50864,-0.9,0.3,2008MM09,100.6
50865,A4,317100,50865,-1.5,0.0,2008MM10,100.7
50866,A4,317100,50866,-2.1,-0.6,2008MM11,100.0
50867,A4,317100,50867,-3.1,-1.2,2008MM12,98.9
50869,A4,317100,50869,-4.2,-0.6,2009MM01,98.3
50870,A4,317100,50870,-5.0,-0.7,2009MM02,97.6
50871,A4,317100,50871,-5.4,-0.5,2009MM03,97.0
50872,A4,317100,50872,-6.0,-0.8,2009MM04,96.3
50873,A4,317100,50873,-6.0,-0.4,2009MM05,95.9
50874,A4,317100,50874,-5.5,-0.4,2009MM06,95.5
50875,A4,317100,50875,-5.5,-0.3,2009MM07,95.2
50876,A4,317100,50876,-5.5,-0.4,2009MM08,94.8
50877,A4,317100,50877,-4.6,1.2,2009MM09,95.9
50878,A4,317100,50878,-3.3,1.5,2009MM10,97.4
50879,A4,317100,50879,-2.1,0.6,2009MM11,97.9
50880,A4,317100,50880,-1.7,-0.8,2009MM12,97.1
50882,A4,317100,50882,-0.9,0.2,2010MM01,97.3
50883,A4,317100,50883,0.3,0.5,2010MM02,97.9
50884,A4,317100,50884,1.0,0.2,2010MM03,98.0
50885,A4,317100,50885,2.8,0.9,2010MM04,99.0
50886,A4,317100,50886,4.0,0.8,2010MM05,99.8
50887,A4,317100,50887,3.9,-0.5,2010MM06,99.3
50888,A4,317100,50888,4.9,0.6,2010MM07,99.9
50889,A4,317100,50889,6.6,1.2,2010MM08,101.0
50890,A4,317100,50890,6.3,1.0,2010MM09,102.0
50891,A4,317100,50891,5.0,0.2,2010MM10,102.3
50892,A4,317100,50892,4.0,-0.4,2010MM11,101.8
50893,A4,317100,50893,4.7,-0.1,2010MM12,101.7
50895,A4,317100,50895,5.4,0.8,2011MM01,102.6
50896,A4,317100,50896,6.0,1.1,2011MM02,103.7
50897,A4,317100,50897,5.4,-0.3,2011MM03,103.4
50898,A4,317100,50898,6.7,2.2,2011MM04,105.6
50899,A4,317100,50899,5.9,0.1,2011MM05,105.7
50900,A4,317100,50900,6.5,0.0,2011MM06,105.7
50901,A4,317100,50901,6.4,0.5,2011MM07,106.2
50902,A4,317100,50902,4.8,-0.3,2011MM08,105.9
50903,A4,317100,50903,3.6,-0.2,2011MM09,105.7
50904,A4,317100,50904,3.4,0.1,2011MM10,105.8
50905,A4,317100,50905,2.6,-1.2,2011MM11,104.5
50906,A4,317100,50906,2.3,-0.4,2011MM12,104.1
50908,A4,317100,50908,1.0,-0.5,2012MM01,103.6
50909,A4,317100,50909,0.2,0.3,2012MM02,103.9
50910,A4,317100,50910,0.8,0.4,2012MM03,104.3
50911,A4,317100,50911,-1.6,-0.3,2012MM04,103.9
50912,A4,317100,50912,-1.0,0.8,2012MM05,104.7
50913,A4,317100,50913,-1.7,-0.8,2012MM06,103.9
50914,A4,317100,50914,-3.2,-1.0,2012MM07,102.8
50915,A4,317100,50915,-3.3,-0.5,2012MM08,102.3
50916,A4,317100,50916,-2.3,0.9,2012MM09,103.2
50917,A4,317100,50917,-2.5,-0.1,2012MM10,103.1
50918,A4,317100,50918,-1.8,-0.5,2012MM11,102.6
50919,A4,317100,50919,-1.5,-0.1,2012MM12,102.6
50921,A4,317100,50921,-0.2,0.8,2013MM01,103.4
50922,A4,317100,50922,0.5,1.0,2013MM02,104.4
50923,A4,317100,50923,-0.4,-0.5,2013MM03,103.8
50924,A4,317100,50924,0.6,0.6,2013MM04,104.5
50925,A4,317100,50925,-0.1,0.0,2013MM05,104.5
50926,A4,317100,50926,0.4,-0.3,2013MM06,104.3
50927,A4,317100,50927,1.2,-0.2,2013MM07,104.0
50928,A4,317100,50928,2.4,0.7,2013MM08,104.8
50929,A4,317100,50929,1.4,-0.1,2013MM09,104.7
50930,A4,317100,50930,2.4,0.9,2013MM10,105.6
50931,A4,317100,50931,3.6,0.6,2013MM11,106.3
50932,A4,317100,50932,3.8,0.2,2013MM12,106.5
50934,A4,317100,50934,1.6,-1.3,2014MM01,105.1
50935,A4,317100,50935,0.4,-0.2,2014MM02,104.8
50936,A4,317100,50936,1.2,0.2,2014MM03,105.1
50937,A4,317100,50937,-0.8,-1.4,2014MM04,103.6
50938,A4,317100,50938,-0.5,0.4,2014MM05,104.0
50939,A4,317100,50939,-1.2,-1.0,2014MM06,103.0
50940,A4,317100,50940,-1.2,-0.2,2014MM07,102.8
50941,A4,317100,50941,-1.9,0.0,2014MM08,102.8
50942,A4,317100,50942,-1.5,0.3,2014MM09,103.1
50943,A4,317100,50943,-1.7,0.7,2014MM10,103.8
50944,A4,317100,50944,-2.5,-0.2,2014MM11,103.6
50945,A4,317100,50945,-2.7,0.0,2014MM12,103.6
50947,A4,317100,50947,-2.3,-0.9,2015MM01,102.7
50948,A4,317100,50948,-2.2,-0.2,2015MM02,102.5
50949,A4,317100,50949,-2.0,0.4,2015MM03,103.0
50950,A4,317100,50950,0.1,0.7,2015MM04,103.7
50951,A4,317100,50951,-0.2,0.1,2015MM05,103.9
50952,A4,317100,50952,0.7,-0.1,2015MM06,103.7
50953,A4,317100,50953,1.0,0.1,2015MM07,103.9
50954,A4,317100,50954,1.5,0.5,2015MM08,104.4
50955,A4,317100,50955,1.8,0.6,2015MM09,105.0
50956,A4,317100,50956,1.4,0.3,2015MM10,105.3
50957,A4,317100,50957,1.1,-0.5,2015MM11,104.8
50958,A4,317100,50958,1.1,0.0,2015MM12,104.7
50960,A4,317100,50960,1.6,-0.4,2016MM01,104.3
50961,A4,317100,50961,1.6,-0.1,2016MM02,104.1
50962,A4,317100,50962,0.7,-0.4,2016MM03,103.7
50963,A4,317100,50963,-0.4,-0.3,2016MM04,103.4
50964,A4,317100,50964,-1.0,-0.5,2016MM05,102.8
50965,A4,317100,50965,-1.4,-0.5,2016MM06,102.3
50966,A4,317100,50966,-2.3,-0.9,2016MM07,101.4
50967,A4,317100,50967,-2.5,0.3,2016MM08,101.8
50968,A4,317100,50968,-3.3,-0.3,2016MM09,101.5
50969,A4,317100,50969,-3.7,-0.1,2016MM10,101.4
50970,A4,317100,50970,-3.1,0.1,2016MM11,101.5
50971,A4,317100,50971,-3.0,0.1,2016MM12,101.6
50973,A4,317100,50973,-2.6,-0.1,2017MM01,101.5
50974,A4,317100,50974,-1.8,0.7,2017MM02,102.2
50975,A4,317100,50975,-0.5,1.0,2017MM03,103.2
50976,A4,317100,50976,1.2,1.3,2017MM04,104.5
50977,A4,317100,50977,1.7,0.0,2017MM05,104.6
50978,A4,317100,50978,2.7,0.5,2017MM06,105.1
50979,A4,317100,50979,4.7,1.1,2017MM07,106.2
50980,A4,317100,50980,4.7,0.3,2017MM08,106.6
50981,A4,317100,50981,4.9,-0.1,2017MM09,106.4
50982,A4,317100,50982,5.1,0.2,2017MM10,106.6
50983,A4,317100,50983,5.2,0.2,2017MM11,106.8
50984,A4,317100,50984,5.0,-0.2,2017MM12,106.6
