,Afzet,BedrijfstakkenBranchesSBI2008,ID,OntwikkelingTOV1JaarEerder_2,OntwikkelingTOV1MaandEerder_3,Perioden,ProducentenprijsindexPPI_1
82251,A5,317105,82251,1.99435215947,-0.00137931034483,1981MM01,96.8058823529
82252,A5,317105,82252,1.98870431894,-0.00275862068966,1981MM02,96.8117647059
82253,A5,317105,82253,1.98305647841,-0.00413793103448,1981MM03,96.8176470588
82254,A5,317105,82254,1.97740863787,-0.00551724137931,1981MM04,96.8235294118
82255,A5,317105,82255,1.97176079734,-0.00689655172414,1981MM05,96.8294117647
82256,A5,317105,82256,1.96611295681,-0.00827586206897,1981MM06,96.8352941176
82257,A5,317105,82257,1.96046511628,-0.00965517241379,1981MM07,96.8411764706
82258,A5,317105,82258,1.95481727575,-0.0110344827586,1981MM08,96.8470588235
82259,A5,317105,82259,1.94916943522,-0.0124137931034,1981MM09,96.8529411765
82260,A5,317105,82260,1.94352159468,-0.0137931034483,1981MM10,96.8588235294
82261,A5,317105,82261,1.93787375415,-0.0151724137931,1981MM11,96.8647058824
82262,A5,317105,82262,1.93222591362,-0.0165517241379,1981MM12,96.8705882353
82264,A5,317105,82264,1.92657807309,-0.0179310344828,1982MM01,96.8764705882
82265,A5,317105,82265,1.92093023256,-0.0193103448276,1982MM02,96.8823529412
82266,A5,317105,82266,1.91528239203,-0.0206896551724,1982MM03,96.8882352941
82267,A5,317105,82267,1.9096345515,-0.0220689655172,1982MM04,96.8941176471
82268,A5,317105,82268,1.90398671096,-0.0234482758621,1982MM05,96.9
82269,A5,317105,82269,1.89833887043,-0.0248275862069,1982MM06,96.9058823529
82270,A5,317105,82270,1.8926910299,-0.0262068965517,1982MM07,96.9117647059
82271,A5,317105,82271,1.88704318937,-0.0275862068966,1982MM08,96.9176470588
82272,A5,317105,82272,1.88139534884,-0.0289655172414,1982MM09,96.9235294118
82273,A5,317105,82273,1.87574750831,-0.0303448275862,1982MM10,96.9294117647
82274,A5,317105,82274,1.87009966777,-0.031724137931,1982MM11,96.9352941176
82275,A5,317105,82275,1.86445182724,-0.0331034482759,1982MM12,96.9411764706
82277,A5,317105,82277,1.85880398671,-0.0344827586207,1983MM01,96.9470588235
82278,A5,317105,82278,1.85315614618,-0.0358620689655,1983MM02,96.9529411765
82279,A5,317105,82279,1.84750830565,-0.0372413793103,1983MM03,96.9588235294
82280,A5,317105,82280,1.84186046512,-0.0386206896552,1983MM04,96.9647058824
82281,A5,317105,82281,1.83621262458,-0.04,1983MM05,96.9705882353
82282,A5,317105,82282,1.83056478405,-0.0413793103448,1983MM06,96.9764705882
82283,A5,317105,82283,1.82491694352,-0.0427586206897,1983MM07,96.9823529412
82284,A5,317105,82284,1.81926910299,-0.0441379310345,1983MM08,96.9882352941
82285,A5,317105,82285,1.81362126246,-0.0455172413793,1983MM09,96.9941176471
82286,A5,317105,82286,1.80797342193,-0.0468965517241,1983MM10,97.0
82287,A5,317105,82287,1.8023255814,-0.048275862069,1983MM11,97.0058823529
82288,A5,317105,82288,1.79667774086,-0.0496551724138,1983MM12,97.0117647059
82290,A5,317105,82290,1.79102990033,-0.0510344827586,1984MM01,97.0176470588
82291,A5,317105,82291,1.7853820598,-0.0524137931034,1984MM02,97.0235294118
82292,A5,317105,82292,1.77973421927,-0.0537931034483,1984MM03,97.0294117647
82293,A5,317105,82293,1.77408637874,-0.0551724137931,1984MM04,97.0352941176
82294,A5,317105,82294,1.76843853821,-0.0565517241379,1984MM05,97.0411764706
82295,A5,317105,82295,1.76279069767,-0.0579310344828,1984MM06,97.0470588235
82296,A5,317105,82296,1.75714285714,-0.0593103448276,1984MM07,97.0529411765
82297,A5,317105,82297,1.75149501661,-0.0606896551724,1984MM08,97.0588235294
82298,A5,317105,82298,1.74584717608,-0.0620689655172,1984MM09,97.0647058824
82299,A5,317105,82299,1.74019933555,-0.0634482758621,1984MM10,97.0705882353
82300,A5,317105,82300,1.73455149502,-0.0648275862069,1984MM11,97.0764705882
82301,A5,317105,82301,1.72890365449,-0.0662068965517,1984MM12,97.0823529412
82303,A5,317105,82303,1.72325581395,-0.0675862068966,1985MM01,97.0882352941
82304,A5,317105,82304,1.71760797342,-0.0689655172414,1985MM02,97.0941176471
82305,A5,317105,82305,1.71196013289,-0.0703448275862,1985MM03,97.1
82306,A5,317105,82306,1.70631229236,-0.071724137931,1985MM04,97.1058823529
82307,A5,317105,82307,1.70066445183,-0.0731034482759,1985MM05,97.1117647059
82308,A5,317105,82308,1.6950166113,-0.0744827586207,1985MM06,97.1176470588
82309,A5,317105,82309,1.68936877076,-0.0758620689655,1985MM07,97.1235294118
82310,A5,317105,82310,1.68372093023,-0.0772413793103,1985MM08,97.1294117647
82311,A5,317105,82311,1.6780730897,-0.0786206896552,1985MM09,97.1352941176
82312,A5,317105,82312,1.67242524917,-0.08,1985MM10,97.1411764706
82313,A5,317105,82313,1.66677740864,-0.0813793103448,1985MM11,97.1470588235
82314,A5,317105,82314,1.66112956811,-0.0827586206897,1985MM12,97.1529411765
82316,A5,317105,82316,1.65548172757,-0.0841379310345,1986MM01,97.1588235294
82317,A5,317105,82317,1.64983388704,-0.0855172413793,1986MM02,97.1647058824
82318,A5,317105,82318,1.64418604651,-0.0868965517241,1986MM03,97.1705882353
82319,A5,317105,82319,1.63853820598,-0.088275862069,1986MM04,97.1764705882
82320,A5,317105,82320,1.63289036545,-0.0896551724138,1986MM05,97.1823529412
82321,A5,317105,82321,1.62724252492,-0.0910344827586,1986MM06,97.1882352941
82322,A5,317105,82322,1.62159468439,-0.0924137931034,1986MM07,97.1941176471
82323,A5,317105,82323,1.61594684385,-0.0937931034483,1986MM08,97.2
82324,A5,317105,82324,1.61029900332,-0.0951724137931,1986MM09,97.2058823529
82325,A5,317105,82325,1.60465116279,-0.0965517241379,1986MM10,97.2117647059
82326,A5,317105,82326,1.59900332226,-0.0979310344828,1986MM11,97.2176470588
82327,A5,317105,82327,1.59335548173,-0.0993103448276,1986MM12,97.2235294118
82329,A5,317105,82329,1.5877076412,-0.100689655172,1987MM01,97.2294117647
82330,A5,317105,82330,1.58205980066,-0.102068965517,1987MM02,97.2352941176
82331,A5,317105,82331,1.57641196013,-0.103448275862,1987MM03,97.2411764706
82332,A5,317105,82332,1.5707641196,-0.104827586207,1987MM04,97.2470588235
82333,A5,317105,82333,1.56511627907,-0.106206896552,1987MM05,97.2529411765
82334,A5,317105,82334,1.55946843854,-0.107586206897,1987MM06,97.2588235294
82335,A5,317105,82335,1.55382059801,-0.108965517241,1987MM07,97.2647058824
82336,A5,317105,82336,1.54817275748,-0.110344827586,1987MM08,97.2705882353
82337,A5,317105,82337,1.54252491694,-0.111724137931,1987MM09,97.2764705882
82338,A5,317105,82338,1.53687707641,-0.113103448276,1987MM10,97.2823529412
82339,A5,317105,82339,1.53122923588,-0.114482758621,1987MM11,97.2882352941
82340,A5,317105,82340,1.52558139535,-0.115862068966,1987MM12,97.2941176471
82342,A5,317105,82342,1.51993355482,-0.11724137931,1988MM01,97.3
82343,A5,317105,82343,1.51428571429,-0.118620689655,1988MM02,97.3058823529
82344,A5,317105,82344,1.50863787375,-0.12,1988MM03,97.3117647059
82345,A5,317105,82345,1.50299003322,-0.121379310345,1988MM04,97.3176470588
82346,A5,317105,82346,1.49734219269,-0.12275862069,1988MM05,97.3235294118
82347,A5,317105,82347,1.49169435216,-0.124137931034,1988MM06,97.3294117647
82348,A5,317105,82348,1.48604651163,-0.125517241379,1988MM07,97.3352941176
82349,A5,317105,82349,1.4803986711,-0.126896551724,1988MM08,97.3411764706
82350,A5,317105,82350,1.47475083056,-0.128275862069,1988MM09,97.3470588235
82351,A5,317105,82351,1.46910299003,-0.129655172414,1988MM10,97.3529411765
82352,A5,317105,82352,1.4634551495,-0.131034482759,1988MM11,97.3588235294
82353,A5,317105,82353,1.45780730897,-0.132413793103,1988MM12,97.3647058824
82355,A5,317105,82355,1.45215946844,-0.133793103448,1989MM01,97.3705882353
82356,A5,317105,82356,1.44651162791,-0.135172413793,1989MM02,97.3764705882
82357,A5,317105,82357,1.44086378738,-0.136551724138,1989MM03,97.3823529412
82358,A5,317105,82358,1.43521594684,-0.137931034483,1989MM04,97.3882352941
82359,A5,317105,82359,1.42956810631,-0.139310344828,1989MM05,97.3941176471
82360,A5,317105,82360,1.42392026578,-0.140689655172,1989MM06,97.4
82361,A5,317105,82361,1.41827242525,-0.142068965517,1989MM07,97.4058823529
82362,A5,317105,82362,1.41262458472,-0.143448275862,1989MM08,97.4117647059
82363,A5,317105,82363,1.40697674419,-0.144827586207,1989MM09,97.4176470588
82364,A5,317105,82364,1.40132890365,-0.146206896552,1989MM10,97.4235294118
82365,A5,317105,82365,1.39568106312,-0.147586206897,1989MM11,97.4294117647
82366,A5,317105,82366,1.39003322259,-0.148965517241,1989MM12,97.4352941176
82368,A5,317105,82368,1.38438538206,-0.150344827586,1990MM01,97.4411764706
82369,A5,317105,82369,1.37873754153,-0.151724137931,1990MM02,97.4470588235
82370,A5,317105,82370,1.373089701,-0.153103448276,1990MM03,97.4529411765
82371,A5,317105,82371,1.36744186047,-0.154482758621,1990MM04,97.4588235294
82372,A5,317105,82372,1.36179401993,-0.155862068966,1990MM05,97.4647058824
82373,A5,317105,82373,1.3561461794,-0.15724137931,1990MM06,97.4705882353
82374,A5,317105,82374,1.35049833887,-0.158620689655,1990MM07,97.4764705882
82375,A5,317105,82375,1.34485049834,-0.16,1990MM08,97.4823529412
82376,A5,317105,82376,1.33920265781,-0.161379310345,1990MM09,97.4882352941
82377,A5,317105,82377,1.33355481728,-0.16275862069,1990MM10,97.4941176471
82378,A5,317105,82378,1.32790697674,-0.164137931034,1990MM11,97.5
82379,A5,317105,82379,1.32225913621,-0.165517241379,1990MM12,97.5058823529
82381,A5,317105,82381,1.31661129568,-0.166896551724,1991MM01,97.5117647059
82382,A5,317105,82382,1.31096345515,-0.168275862069,1991MM02,97.5176470588
82383,A5,317105,82383,1.30531561462,-0.169655172414,1991MM03,97.5235294118
82384,A5,317105,82384,1.29966777409,-0.171034482759,1991MM04,97.5294117647
82385,A5,317105,82385,1.29401993355,-0.172413793103,1991MM05,97.5352941176
82386,A5,317105,82386,1.28837209302,-0.173793103448,1991MM06,97.5411764706
82387,A5,317105,82387,1.28272425249,-0.175172413793,1991MM07,97.5470588235
82388,A5,317105,82388,1.27707641196,-0.176551724138,1991MM08,97.5529411765
82389,A5,317105,82389,1.27142857143,-0.177931034483,1991MM09,97.5588235294
82390,A5,317105,82390,1.2657807309,-0.179310344828,1991MM10,97.5647058824
82391,A5,317105,82391,1.26013289037,-0.180689655172,1991MM11,97.5705882353
82392,A5,317105,82392,1.25448504983,-0.182068965517,1991MM12,97.5764705882
82394,A5,317105,82394,1.2488372093,-0.183448275862,1992MM01,97.5823529412
82395,A5,317105,82395,1.24318936877,-0.184827586207,1992MM02,97.5882352941
82396,A5,317105,82396,1.23754152824,-0.186206896552,1992MM03,97.5941176471
82397,A5,317105,82397,1.23189368771,-0.187586206897,1992MM04,97.6
82398,A5,317105,82398,1.22624584718,-0.188965517241,1992MM05,97.6058823529
82399,A5,317105,82399,1.22059800664,-0.190344827586,1992MM06,97.6117647059
82400,A5,317105,82400,1.21495016611,-0.191724137931,1992MM07,97.6176470588
82401,A5,317105,82401,1.20930232558,-0.193103448276,1992MM08,97.6235294118
82402,A5,317105,82402,1.20365448505,-0.194482758621,1992MM09,97.6294117647
82403,A5,317105,82403,1.19800664452,-0.195862068966,1992MM10,97.6352941176
82404,A5,317105,82404,1.19235880399,-0.19724137931,1992MM11,97.6411764706
82405,A5,317105,82405,1.18671096346,-0.198620689655,1992MM12,97.6470588235
82407,A5,317105,82407,1.18106312292,-0.2,1993MM01,97.6529411765
82408,A5,317105,82408,1.17541528239,-0.201379310345,1993MM02,97.6588235294
82409,A5,317105,82409,1.16976744186,-0.20275862069,1993MM03,97.6647058824
82410,A5,317105,82410,1.16411960133,-0.204137931034,1993MM04,97.6705882353
82411,A5,317105,82411,1.1584717608,-0.205517241379,1993MM05,97.6764705882
82412,A5,317105,82412,1.15282392027,-0.206896551724,1993MM06,97.6823529412
82413,A5,317105,82413,1.14717607973,-0.208275862069,1993MM07,97.6882352941
82414,A5,317105,82414,1.1415282392,-0.209655172414,1993MM08,97.6941176471
82415,A5,317105,82415,1.13588039867,-0.211034482759,1993MM09,97.7
82416,A5,317105,82416,1.13023255814,-0.212413793103,1993MM10,97.7058823529
82417,A5,317105,82417,1.12458471761,-0.213793103448,1993MM11,97.7117647059
82418,A5,317105,82418,1.11893687708,-0.215172413793,1993MM12,97.7176470588
82420,A5,317105,82420,1.11328903654,-0.216551724138,1994MM01,97.7235294118
82421,A5,317105,82421,1.10764119601,-0.217931034483,1994MM02,97.7294117647
82422,A5,317105,82422,1.10199335548,-0.219310344828,1994MM03,97.7352941176
82423,A5,317105,82423,1.09634551495,-0.220689655172,1994MM04,97.7411764706
82424,A5,317105,82424,1.09069767442,-0.222068965517,1994MM05,97.7470588235
82425,A5,317105,82425,1.08504983389,-0.223448275862,1994MM06,97.7529411765
82426,A5,317105,82426,1.07940199336,-0.224827586207,1994MM07,97.7588235294
82427,A5,317105,82427,1.07375415282,-0.226206896552,1994MM08,97.7647058824
82428,A5,317105,82428,1.06810631229,-0.227586206897,1994MM09,97.7705882353
82429,A5,317105,82429,1.06245847176,-0.228965517241,1994MM10,97.7764705882
82430,A5,317105,82430,1.05681063123,-0.230344827586,1994MM11,97.7823529412
82431,A5,317105,82431,1.0511627907,-0.231724137931,1994MM12,97.7882352941
82433,A5,317105,82433,1.04551495017,-0.233103448276,1995MM01,97.7941176471
82434,A5,317105,82434,1.03986710963,-0.234482758621,1995MM02,97.8
82435,A5,317105,82435,1.0342192691,-0.235862068966,1995MM03,97.8058823529
82436,A5,317105,82436,1.02857142857,-0.23724137931,1995MM04,97.8117647059
82437,A5,317105,82437,1.02292358804,-0.238620689655,1995MM05,97.8176470588
82438,A5,317105,82438,1.01727574751,-0.24,1995MM06,97.8235294118
82439,A5,317105,82439,1.01162790698,-0.241379310345,1995MM07,97.8294117647
82440,A5,317105,82440,1.00598006645,-0.24275862069,1995MM08,97.8352941176
82441,A5,317105,82441,1.00033222591,-0.244137931034,1995MM09,97.8411764706
82442,A5,317105,82442,0.994684385382,-0.245517241379,1995MM10,97.8470588235
82443,A5,317105,82443,0.98903654485,-0.246896551724,1995MM11,97.8529411765
82444,A5,317105,82444,0.983388704319,-0.248275862069,1995MM12,97.8588235294
82446,A5,317105,82446,0.977740863787,-0.249655172414,1996MM01,97.8647058824
82447,A5,317105,82447,0.972093023256,-0.251034482759,1996MM02,97.8705882353
82448,A5,317105,82448,0.966445182724,-0.252413793103,1996MM03,97.8764705882
82449,A5,317105,82449,0.960797342193,-0.253793103448,1996MM04,97.8823529412
82450,A5,317105,82450,0.955149501661,-0.255172413793,1996MM05,97.8882352941
82451,A5,317105,82451,0.94950166113,-0.256551724138,1996MM06,97.8941176471
82452,A5,317105,82452,0.943853820598,-0.257931034483,1996MM07,97.9
82453,A5,317105,82453,0.938205980066,-0.259310344828,1996MM08,97.9058823529
82454,A5,317105,82454,0.932558139535,-0.260689655172,1996MM09,97.9117647059
82455,A5,317105,82455,0.926910299003,-0.262068965517,1996MM10,97.9176470588
82456,A5,317105,82456,0.921262458472,-0.263448275862,1996MM11,97.9235294118
82457,A5,317105,82457,0.91561461794,-0.264827586207,1996MM12,97.9294117647
82459,A5,317105,82459,0.909966777409,-0.266206896552,1997MM01,97.9352941176
82460,A5,317105,82460,0.904318936877,-0.267586206897,1997MM02,97.9411764706
82461,A5,317105,82461,0.898671096346,-0.268965517241,1997MM03,97.9470588235
82462,A5,317105,82462,0.893023255814,-0.270344827586,1997MM04,97.9529411765
82463,A5,317105,82463,0.887375415282,-0.271724137931,1997MM05,97.9588235294
82464,A5,317105,82464,0.881727574751,-0.273103448276,1997MM06,97.9647058824
82465,A5,317105,82465,0.876079734219,-0.274482758621,1997MM07,97.9705882353
82466,A5,317105,82466,0.870431893688,-0.275862068966,1997MM08,97.9764705882
82467,A5,317105,82467,0.864784053156,-0.27724137931,1997MM09,97.9823529412
82468,A5,317105,82468,0.859136212625,-0.278620689655,1997MM10,97.9882352941
82469,A5,317105,82469,0.853488372093,-0.28,1997MM11,97.9941176471
82470,A5,317105,82470,0.847840531561,-0.281379310345,1997MM12,98.0
82472,A5,317105,82472,0.84219269103,-0.28275862069,1998MM01,98.0058823529
82473,A5,317105,82473,0.836544850498,-0.284137931034,1998MM02,98.0117647059
82474,A5,317105,82474,0.830897009967,-0.285517241379,1998MM03,98.0176470588
82475,A5,317105,82475,0.825249169435,-0.286896551724,1998MM04,98.0235294118
82476,A5,317105,82476,0.819601328904,-0.288275862069,1998MM05,98.0294117647
82477,A5,317105,82477,0.813953488372,-0.289655172414,1998MM06,98.0352941176
82478,A5,317105,82478,0.808305647841,-0.291034482759,1998MM07,98.0411764706
82479,A5,317105,82479,0.802657807309,-0.292413793103,1998MM08,98.0470588235
82480,A5,317105,82480,0.797009966777,-0.293793103448,1998MM09,98.0529411765
82481,A5,317105,82481,0.791362126246,-0.295172413793,1998MM10,98.0588235294
82482,A5,317105,82482,0.785714285714,-0.296551724138,1998MM11,98.0647058824
82483,A5,317105,82483,0.780066445183,-0.297931034483,1998MM12,98.0705882353
82485,A5,317105,82485,0.774418604651,-0.299310344828,1999MM01,98.0764705882
82486,A5,317105,82486,0.76877076412,-0.300689655172,1999MM02,98.0823529412
82487,A5,317105,82487,0.763122923588,-0.302068965517,1999MM03,98.0882352941
82488,A5,317105,82488,0.757475083056,-0.303448275862,1999MM04,98.0941176471
82489,A5,317105,82489,0.751827242525,-0.304827586207,1999MM05,98.1
82490,A5,317105,82490,0.746179401993,-0.306206896552,1999MM06,98.1058823529
82491,A5,317105,82491,0.740531561462,-0.307586206897,1999MM07,98.1117647059
82492,A5,317105,82492,0.73488372093,-0.308965517241,1999MM08,98.1176470588
82493,A5,317105,82493,0.729235880399,-0.310344827586,1999MM09,98.1235294118
82494,A5,317105,82494,0.723588039867,-0.311724137931,1999MM10,98.1294117647
82495,A5,317105,82495,0.717940199336,-0.313103448276,1999MM11,98.1352941176
82496,A5,317105,82496,0.712292358804,-0.314482758621,1999MM12,98.1411764706
82498,A5,317105,82498,0.706644518272,-0.315862068966,2000MM01,98.1470588235
82499,A5,317105,82499,0.700996677741,-0.31724137931,2000MM02,98.1529411765
82500,A5,317105,82500,0.695348837209,-0.318620689655,2000MM03,98.1588235294
82501,A5,317105,82501,0.689700996678,-0.32,2000MM04,98.1647058824
82502,A5,317105,82502,0.684053156146,-0.321379310345,2000MM05,98.1705882353
82503,A5,317105,82503,0.678405315615,-0.32275862069,2000MM06,98.1764705882
82504,A5,317105,82504,0.672757475083,-0.324137931034,2000MM07,98.1823529412
82505,A5,317105,82505,0.667109634551,-0.325517241379,2000MM08,98.1882352941
82506,A5,317105,82506,0.66146179402,-0.326896551724,2000MM09,98.1941176471
82507,A5,317105,82507,0.655813953488,-0.328275862069,2000MM10,98.2
82508,A5,317105,82508,0.650166112957,-0.329655172414,2000MM11,98.2058823529
82509,A5,317105,82509,0.644518272425,-0.331034482759,2000MM12,98.2117647059
82511,A5,317105,82511,0.638870431894,-0.332413793103,2001MM01,98.2176470588
82512,A5,317105,82512,0.633222591362,-0.333793103448,2001MM02,98.2235294118
82513,A5,317105,82513,0.627574750831,-0.335172413793,2001MM03,98.2294117647
82514,A5,317105,82514,0.621926910299,-0.336551724138,2001MM04,98.2352941176
82515,A5,317105,82515,0.616279069767,-0.337931034483,2001MM05,98.2411764706
82516,A5,317105,82516,0.610631229236,-0.339310344828,2001MM06,98.2470588235
82517,A5,317105,82517,0.604983388704,-0.340689655172,2001MM07,98.2529411765
82518,A5,317105,82518,0.599335548173,-0.342068965517,2001MM08,98.2588235294
82519,A5,317105,82519,0.593687707641,-0.343448275862,2001MM09,98.2647058824
82520,A5,317105,82520,0.58803986711,-0.344827586207,2001MM10,98.2705882353
82521,A5,317105,82521,0.582392026578,-0.346206896552,2001MM11,98.2764705882
82522,A5,317105,82522,0.576744186047,-0.347586206897,2001MM12,98.2823529412
82524,A5,317105,82524,0.571096345515,-0.348965517241,2002MM01,98.2882352941
82525,A5,317105,82525,0.565448504983,-0.350344827586,2002MM02,98.2941176471
82526,A5,317105,82526,0.559800664452,-0.351724137931,2002MM03,98.3
82527,A5,317105,82527,0.55415282392,-0.353103448276,2002MM04,98.3058823529
82528,A5,317105,82528,0.548504983389,-0.354482758621,2002MM05,98.3117647059
82529,A5,317105,82529,0.542857142857,-0.355862068966,2002MM06,98.3176470588
82530,A5,317105,82530,0.537209302326,-0.35724137931,2002MM07,98.3235294118
82531,A5,317105,82531,0.531561461794,-0.358620689655,2002MM08,98.3294117647
82532,A5,317105,82532,0.525913621262,-0.36,2002MM09,98.3352941176
82533,A5,317105,82533,0.520265780731,-0.361379310345,2002MM10,98.3411764706
82534,A5,317105,82534,0.514617940199,-0.36275862069,2002MM11,98.3470588235
82535,A5,317105,82535,0.508970099668,-0.364137931034,2002MM12,98.3529411765
82537,A5,317105,82537,0.503322259136,-0.365517241379,2003MM01,98.3588235294
82538,A5,317105,82538,0.497674418605,-0.366896551724,2003MM02,98.3647058824
82539,A5,317105,82539,0.492026578073,-0.368275862069,2003MM03,98.3705882353
82540,A5,317105,82540,0.486378737542,-0.369655172414,2003MM04,98.3764705882
82541,A5,317105,82541,0.48073089701,-0.371034482759,2003MM05,98.3823529412
82542,A5,317105,82542,0.475083056478,-0.372413793103,2003MM06,98.3882352941
82543,A5,317105,82543,0.469435215947,-0.373793103448,2003MM07,98.3941176471
82544,A5,317105,82544,0.463787375415,-0.375172413793,2003MM08,98.4
82545,A5,317105,82545,0.458139534884,-0.376551724138,2003MM09,98.4058823529
82546,A5,317105,82546,0.452491694352,-0.377931034483,2003MM10,98.4117647059
82547,A5,317105,82547,0.446843853821,-0.379310344828,2003MM11,98.4176470588
82548,A5,317105,82548,0.441196013289,-0.380689655172,2003MM12,98.4235294118
82550,A5,317105,82550,0.435548172757,-0.382068965517,2004MM01,98.4294117647
82551,A5,317105,82551,0.429900332226,-0.383448275862,2004MM02,98.4352941176
82552,A5,317105,82552,0.424252491694,-0.384827586207,2004MM03,98.4411764706
82553,A5,317105,82553,0.418604651163,-0.386206896552,2004MM04,98.4470588235
82554,A5,317105,82554,0.412956810631,-0.387586206897,2004MM05,98.4529411765
82555,A5,317105,82555,0.4073089701,-0.388965517241,2004MM06,98.4588235294
82556,A5,317105,82556,0.401661129568,-0.390344827586,2004MM07,98.4647058824
82557,A5,317105,82557,0.396013289037,-0.391724137931,2004MM08,98.4705882353
82558,A5,317105,82558,0.390365448505,-0.393103448276,2004MM09,98.4764705882
82559,A5,317105,82559,0.384717607973,-0.394482758621,2004MM10,98.4823529412
82560,A5,317105,82560,0.379069767442,-0.395862068966,2004MM11,98.4882352941
82561,A5,317105,82561,0.37342192691,-0.39724137931,2004MM12,98.4941176471
82563,A5,317105,82563,0.367774086379,-0.398620689655,2005MM01,98.5
82564,A5,317105,82564,0.362126245847,-0.4,2005MM02,98.2
82565,A5,317105,82565,0.356478405316,-0.1,2005MM03,98.0
82566,A5,317105,82566,0.350830564784,0.4,2005MM04,98.4
82567,A5,317105,82567,0.345182724252,-0.1,2005MM05,98.4
82568,A5,317105,82568,0.339534883721,-0.2,2005MM06,98.1
82569,A5,317105,82569,0.333887043189,-0.9,2005MM07,97.3
82570,A5,317105,82570,0.328239202658,-0.6,2005MM08,96.7
82571,A5,317105,82571,0.322591362126,0.2,2005MM09,96.9
82572,A5,317105,82572,0.316943521595,0.5,2005MM10,97.3
82573,A5,317105,82573,0.311295681063,0.5,2005MM11,97.8
82574,A5,317105,82574,0.305647840532,0.2,2005MM12,98.1
82576,A5,317105,82576,0.3,0.8,2006MM01,98.9
82577,A5,317105,82577,1.2,0.5,2006MM02,99.3
82578,A5,317105,82578,2.0,0.7,2006MM03,100.0
82579,A5,317105,82579,1.6,0.1,2006MM04,100.1
82580,A5,317105,82580,2.0,0.2,2006MM05,100.3
82581,A5,317105,82581,1.7,-0.5,2006MM06,99.8
82582,A5,317105,82582,2.4,-0.2,2006MM07,99.6
82583,A5,317105,82583,3.1,0.1,2006MM08,99.7
82584,A5,317105,82584,3.6,0.7,2006MM09,100.4
82585,A5,317105,82585,3.6,0.5,2006MM10,100.8
82586,A5,317105,82586,3.4,0.3,2006MM11,101.2
82587,A5,317105,82587,2.9,-0.2,2006MM12,101.0
82589,A5,317105,82589,3.2,1.1,2007MM01,102.1
82590,A5,317105,82590,3.2,0.5,2007MM02,102.5
82591,A5,317105,82591,2.7,0.1,2007MM03,102.6
82592,A5,317105,82592,3.1,0.5,2007MM04,103.2
82593,A5,317105,82593,2.9,0.0,2007MM05,103.2
82594,A5,317105,82594,4.1,0.7,2007MM06,103.9
82595,A5,317105,82595,4.8,0.4,2007MM07,104.4
82596,A5,317105,82596,5.5,0.8,2007MM08,105.2
82597,A5,317105,82597,4.6,-0.2,2007MM09,105.0
82598,A5,317105,82598,4.5,0.4,2007MM10,105.4
82599,A5,317105,82599,3.8,-0.4,2007MM11,105.0
82600,A5,317105,82600,3.6,-0.4,2007MM12,104.6
82602,A5,317105,82602,3.0,0.5,2008MM01,105.1
82603,A5,317105,82603,2.4,0.0,2008MM02,105.0
82604,A5,317105,82604,2.1,-0.2,2008MM03,104.8
82605,A5,317105,82605,0.4,-1.1,2008MM04,103.6
82606,A5,317105,82606,0.1,-0.4,2008MM05,103.3
82607,A5,317105,82607,-0.7,-0.1,2008MM06,103.2
82608,A5,317105,82608,-0.8,0.3,2008MM07,103.5
82609,A5,317105,82609,-1.6,-0.1,2008MM08,103.5
82610,A5,317105,82610,-1.3,0.2,2008MM09,103.6
82611,A5,317105,82611,-0.9,0.7,2008MM10,104.4
82612,A5,317105,82612,-0.5,0.1,2008MM11,104.5
82613,A5,317105,82613,-1.4,-1.3,2008MM12,103.1
82615,A5,317105,82615,-3.5,-1.7,2009MM01,101.4
82616,A5,317105,82616,-4.1,-0.6,2009MM02,100.7
82617,A5,317105,82617,-4.5,-0.6,2009MM03,100.1
82618,A5,317105,82618,-5.2,-1.9,2009MM04,98.2
82619,A5,317105,82619,-4.9,0.0,2009MM05,98.2
82620,A5,317105,82620,-6.2,-1.5,2009MM06,96.8
82621,A5,317105,82621,-6.4,0.2,2009MM07,96.9
82622,A5,317105,82622,-6.7,-0.5,2009MM08,96.5
82623,A5,317105,82623,-6.6,0.3,2009MM09,96.8
82624,A5,317105,82624,-6.9,0.4,2009MM10,97.2
82625,A5,317105,82625,-5.4,1.7,2009MM11,98.8
82626,A5,317105,82626,-4.4,-0.2,2009MM12,98.6
82628,A5,317105,82628,-6.0,-3.4,2010MM01,95.3
82629,A5,317105,82629,-4.6,0.9,2010MM02,96.1
82630,A5,317105,82630,-3.2,0.8,2010MM03,96.9
82631,A5,317105,82631,0.1,1.5,2010MM04,98.3
82632,A5,317105,82632,1.2,1.0,2010MM05,99.3
82633,A5,317105,82633,3.6,0.9,2010MM06,100.2
82634,A5,317105,82634,4.4,0.9,2010MM07,101.2
82635,A5,317105,82635,5.2,0.4,2010MM08,101.5
82636,A5,317105,82636,5.1,0.2,2010MM09,101.7
82637,A5,317105,82637,6.4,1.7,2010MM10,103.4
82638,A5,317105,82638,3.9,-0.7,2010MM11,102.7
82639,A5,317105,82639,4.7,0.5,2010MM12,103.2
82641,A5,317105,82641,9.2,0.8,2011MM01,104.1
82642,A5,317105,82642,8.0,-0.3,2011MM02,103.8
82643,A5,317105,82643,8.1,1.0,2011MM03,104.8
82644,A5,317105,82644,8.2,1.6,2011MM04,106.4
82645,A5,317105,82645,7.0,-0.1,2011MM05,106.3
82646,A5,317105,82646,6.4,0.4,2011MM06,106.7
82647,A5,317105,82647,5.8,0.3,2011MM07,107.0
82648,A5,317105,82648,5.2,-0.2,2011MM08,106.8
82649,A5,317105,82649,4.5,-0.5,2011MM09,106.3
82650,A5,317105,82650,2.7,-0.1,2011MM10,106.2
82651,A5,317105,82651,2.7,-0.7,2011MM11,105.5
82652,A5,317105,82652,1.8,-0.4,2011MM12,105.1
82654,A5,317105,82654,-0.2,-1.1,2012MM01,103.9
82655,A5,317105,82655,0.2,0.1,2012MM02,104.0
82656,A5,317105,82656,-0.7,0.0,2012MM03,104.1
82657,A5,317105,82657,-2.1,0.1,2012MM04,104.2
82658,A5,317105,82658,-2.0,0.0,2012MM05,104.2
82659,A5,317105,82659,-2.6,-0.3,2012MM06,103.9
82660,A5,317105,82660,-3.0,-0.1,2012MM07,103.8
82661,A5,317105,82661,-3.3,-0.5,2012MM08,103.3
82662,A5,317105,82662,-2.8,0.0,2012MM09,103.4
82663,A5,317105,82663,-2.9,-0.2,2012MM10,103.1
82664,A5,317105,82664,-2.5,-0.3,2012MM11,102.8
82665,A5,317105,82665,-2.3,-0.2,2012MM12,102.7
82667,A5,317105,82667,-1.8,-0.6,2013MM01,102.0
82668,A5,317105,82668,-1.2,0.7,2013MM02,102.8
82669,A5,317105,82669,-1.4,-0.2,2013MM03,102.6
82670,A5,317105,82670,-2.8,-1.3,2013MM04,101.3
82671,A5,317105,82671,-2.5,0.3,2013MM05,101.6
82672,A5,317105,82672,-2.4,-0.1,2013MM06,101.4
82673,A5,317105,82673,-2.8,-0.5,2013MM07,100.9
82674,A5,317105,82674,-1.2,1.1,2013MM08,102.1
82675,A5,317105,82675,-1.5,-0.2,2013MM09,101.8
82676,A5,317105,82676,-0.8,0.4,2013MM10,102.3
82677,A5,317105,82677,0.0,0.6,2013MM11,102.9
82678,A5,317105,82678,-0.1,-0.3,2013MM12,102.5
82680,A5,317105,82680,1.2,0.8,2014MM01,103.3
82681,A5,317105,82681,0.7,0.2,2014MM02,103.5
82682,A5,317105,82682,0.3,-0.6,2014MM03,102.9
82683,A5,317105,82683,2.0,0.5,2014MM04,103.4
82684,A5,317105,82684,1.8,0.1,2014MM05,103.4
82685,A5,317105,82685,1.7,-0.2,2014MM06,103.2
82686,A5,317105,82686,2.2,0.0,2014MM07,103.2
82687,A5,317105,82687,1.7,0.6,2014MM08,103.8
82688,A5,317105,82688,2.0,0.0,2014MM09,103.8
82689,A5,317105,82689,1.4,-0.1,2014MM10,103.7
82690,A5,317105,82690,0.8,0.0,2014MM11,103.7
82691,A5,317105,82691,1.3,0.2,2014MM12,103.9
82693,A5,317105,82693,-1.4,-1.9,2015MM01,101.9
82694,A5,317105,82694,-1.6,0.0,2015MM02,101.8
82695,A5,317105,82695,-0.6,0.5,2015MM03,102.3
82696,A5,317105,82696,-1.9,-0.9,2015MM04,101.3
82697,A5,317105,82697,-1.7,0.3,2015MM05,101.6
82698,A5,317105,82698,-1.6,-0.1,2015MM06,101.6
82699,A5,317105,82699,-1.5,0.0,2015MM07,101.6
82700,A5,317105,82700,-1.8,0.3,2015MM08,101.9
82701,A5,317105,82701,-1.5,0.4,2015MM09,102.3
82702,A5,317105,82702,-0.8,0.6,2015MM10,102.9
82703,A5,317105,82703,-0.6,0.2,2015MM11,103.0
82704,A5,317105,82704,-0.8,0.0,2015MM12,103.0
82706,A5,317105,82706,1.0,-0.1,2016MM01,102.9
82707,A5,317105,82707,0.8,-0.3,2016MM02,102.6
82708,A5,317105,82708,-0.1,-0.4,2016MM03,102.2
82709,A5,317105,82709,0.4,-0.4,2016MM04,101.8
82710,A5,317105,82710,0.1,-0.1,2016MM05,101.7
82711,A5,317105,82711,-0.5,-0.6,2016MM06,101.1
82712,A5,317105,82712,-0.5,0.0,2016MM07,101.1
82713,A5,317105,82713,-0.6,0.3,2016MM08,101.3
82714,A5,317105,82714,-1.2,-0.2,2016MM09,101.1
82715,A5,317105,82715,-1.8,0.0,2016MM10,101.1
82716,A5,317105,82716,-2.0,0.0,2016MM11,101.0
82717,A5,317105,82717,-1.5,0.4,2016MM12,101.5
82719,A5,317105,82719,-2.2,-0.9,2017MM01,100.6
82720,A5,317105,82720,-1.6,0.4,2017MM02,101.0
82721,A5,317105,82721,-0.8,0.5,2017MM03,101.4
82722,A5,317105,82722,0.6,0.9,2017MM04,102.4
82723,A5,317105,82723,0.5,-0.1,2017MM05,102.2
82724,A5,317105,82724,1.3,0.2,2017MM06,102.4
82725,A5,317105,82725,2.2,0.9,2017MM07,103.3
82726,A5,317105,82726,1.9,0.0,2017MM08,103.2
82727,A5,317105,82727,2.0,-0.1,2017MM09,103.1
82728,A5,317105,82728,2.1,0.1,2017MM10,103.2
82729,A5,317105,82729,2.6,0.4,2017MM11,103.6
82730,A5,317105,82730,1.8,-0.4,2017MM12,103.3
