,Afzet,BedrijfstakkenBranchesSBI2008,ID,OntwikkelingTOV1JaarEerder_2,OntwikkelingTOV1MaandEerder_3,Perioden,ProducentenprijsindexPPI_1
18278,A6,317100,18278,,,1981MM01,72.8
18279,A6,317100,18279,,0.5,1981MM02,73.1
18280,A6,317100,18280,,0.5,1981MM03,73.5
18281,A6,317100,18281,,2.1,1981MM04,75.0
18282,A6,317100,18282,,1.1,1981MM05,75.9
18283,A6,317100,18283,,0.6,1981MM06,76.4
18284,A6,317100,18284,,2.7,1981MM07,78.4
18285,A6,317100,18285,,0.4,1981MM08,78.8
18286,A6,317100,18286,,0.2,1981MM09,78.9
18287,A6,317100,18287,,1.6,1981MM10,80.2
18288,A6,317100,18288,,0.1,1981MM11,80.3
18289,A6,317100,18289,,0.1,1981MM12,80.4
18291,A6,317100,18291,10.6,0.2,1982MM01,80.5
18292,A6,317100,18292,10.3,0.2,1982MM02,80.7
18293,A6,317100,18293,9.7,-0.1,1982MM03,80.6
18294,A6,317100,18294,7.7,0.2,1982MM04,80.8
18295,A6,317100,18295,6.4,-0.1,1982MM05,80.8
18296,A6,317100,18296,5.8,0.0,1982MM06,80.8
18297,A6,317100,18297,2.9,-0.1,1982MM07,80.7
18298,A6,317100,18298,2.4,-0.1,1982MM08,80.7
18299,A6,317100,18299,2.3,0.1,1982MM09,80.7
18300,A6,317100,18300,0.4,-0.3,1982MM10,80.5
18301,A6,317100,18301,0.1,-0.1,1982MM11,80.4
18302,A6,317100,18302,-0.3,-0.3,1982MM12,80.1
18304,A6,317100,18304,-1.0,-0.5,1983MM01,79.7
18305,A6,317100,18305,-1.5,-0.3,1983MM02,79.5
18306,A6,317100,18306,-1.4,0.0,1983MM03,79.5
18307,A6,317100,18307,-1.7,-0.1,1983MM04,79.4
18308,A6,317100,18308,-1.5,0.1,1983MM05,79.5
18309,A6,317100,18309,-1.3,0.2,1983MM06,79.7
18310,A6,317100,18310,-1.3,-0.1,1983MM07,79.7
18311,A6,317100,18311,-1.2,0.0,1983MM08,79.7
18312,A6,317100,18312,-1.2,0.1,1983MM09,79.7
18313,A6,317100,18313,-0.9,0.0,1983MM10,79.7
18314,A6,317100,18314,-0.6,0.2,1983MM11,79.9
18315,A6,317100,18315,0.1,0.4,1983MM12,80.2
18317,A6,317100,18317,1.3,0.6,1984MM01,80.7
18318,A6,317100,18318,2.2,0.6,1984MM02,81.2
18319,A6,317100,18319,2.7,0.5,1984MM03,81.6
18320,A6,317100,18320,4.1,1.3,1984MM04,82.7
18321,A6,317100,18321,4.5,0.5,1984MM05,83.1
18322,A6,317100,18322,4.7,0.5,1984MM06,83.5
18323,A6,317100,18323,5.2,0.3,1984MM07,83.8
18324,A6,317100,18324,5.7,0.5,1984MM08,84.2
18325,A6,317100,18325,7.1,1.5,1984MM09,85.4
18326,A6,317100,18326,7.6,0.5,1984MM10,85.8
18327,A6,317100,18327,8.3,0.7,1984MM11,86.5
18328,A6,317100,18328,8.3,0.4,1984MM12,86.8
18330,A6,317100,18330,8.0,0.4,1985MM01,87.2
18331,A6,317100,18331,7.4,0.0,1985MM02,87.2
18332,A6,317100,18332,7.2,0.4,1985MM03,87.5
18333,A6,317100,18333,6.2,0.3,1985MM04,87.8
18334,A6,317100,18334,5.7,0.0,1985MM05,87.8
18335,A6,317100,18335,5.3,0.2,1985MM06,88.0
18336,A6,317100,18336,5.0,0.0,1985MM07,88.0
18337,A6,317100,18337,4.4,-0.1,1985MM08,87.9
18338,A6,317100,18338,2.4,-0.5,1985MM09,87.5
18339,A6,317100,18339,1.3,-0.6,1985MM10,87.0
18340,A6,317100,18340,0.2,-0.3,1985MM11,86.7
18341,A6,317100,18341,-0.4,-0.2,1985MM12,86.5
18343,A6,317100,18343,-1.0,-0.2,1986MM01,86.3
18344,A6,317100,18344,-1.0,-0.1,1986MM02,86.3
18345,A6,317100,18345,-1.6,-0.2,1986MM03,86.2
18346,A6,317100,18346,-2.2,-0.3,1986MM04,85.9
18347,A6,317100,18347,-2.3,-0.1,1986MM05,85.8
18348,A6,317100,18348,-2.5,0.0,1986MM06,85.7
18349,A6,317100,18349,-2.9,-0.3,1986MM07,85.4
18350,A6,317100,18350,-3.0,-0.2,1986MM08,85.3
18351,A6,317100,18351,-2.7,-0.2,1986MM09,85.1
18352,A6,317100,18352,-2.3,-0.1,1986MM10,85.0
18353,A6,317100,18353,-2.1,-0.1,1986MM11,84.9
18354,A6,317100,18354,-2.0,-0.1,1986MM12,84.8
18356,A6,317100,18356,-2.3,-0.5,1987MM01,84.3
18357,A6,317100,18357,-1.7,0.6,1987MM02,84.8
18358,A6,317100,18358,-1.6,-0.1,1987MM03,84.8
18359,A6,317100,18359,-1.3,0.0,1987MM04,84.8
18360,A6,317100,18360,-1.0,0.1,1987MM05,84.9
18361,A6,317100,18361,-0.9,0.1,1987MM06,85.0
18362,A6,317100,18362,-0.7,-0.1,1987MM07,84.9
18363,A6,317100,18363,-0.4,0.1,1987MM08,85.0
18364,A6,317100,18364,-0.2,0.0,1987MM09,85.0
18365,A6,317100,18365,0.2,0.2,1987MM10,85.1
18366,A6,317100,18366,0.3,0.0,1987MM11,85.1
18367,A6,317100,18367,0.6,0.2,1987MM12,85.3
18369,A6,317100,18369,1.1,0.0,1988MM01,85.3
18370,A6,317100,18370,0.8,0.3,1988MM02,85.5
18371,A6,317100,18371,1.0,0.1,1988MM03,85.6
18372,A6,317100,18372,1.0,0.0,1988MM04,85.7
18373,A6,317100,18373,0.9,0.0,1988MM05,85.7
18374,A6,317100,18374,1.0,0.2,1988MM06,85.9
18375,A6,317100,18375,1.5,0.3,1988MM07,86.1
18376,A6,317100,18376,1.6,0.2,1988MM08,86.3
18377,A6,317100,18377,2.0,0.4,1988MM09,86.7
18378,A6,317100,18378,2.6,0.7,1988MM10,87.3
18379,A6,317100,18379,2.8,0.2,1988MM11,87.5
18380,A6,317100,18380,2.7,0.1,1988MM12,87.5
18382,A6,317100,18382,3.7,1.0,1989MM01,88.5
18383,A6,317100,18383,4.1,0.6,1989MM02,89.0
18384,A6,317100,18384,4.5,0.5,1989MM03,89.4
18385,A6,317100,18385,4.7,0.3,1989MM04,89.7
18386,A6,317100,18386,5.0,0.3,1989MM05,89.9
18387,A6,317100,18387,5.0,0.2,1989MM06,90.2
18388,A6,317100,18388,5.0,0.3,1989MM07,90.4
18389,A6,317100,18389,4.8,0.1,1989MM08,90.5
18390,A6,317100,18390,4.4,0.0,1989MM09,90.5
18391,A6,317100,18391,3.5,-0.2,1989MM10,90.3
18392,A6,317100,18392,3.2,0.0,1989MM11,90.3
18393,A6,317100,18393,2.8,-0.3,1989MM12,90.0
18395,A6,317100,18395,2.0,0.2,1990MM01,90.2
18396,A6,317100,18396,1.7,0.4,1990MM02,90.5
18397,A6,317100,18397,1.1,-0.2,1990MM03,90.4
18398,A6,317100,18398,0.5,-0.2,1990MM04,90.2
18399,A6,317100,18399,0.3,0.0,1990MM05,90.2
18400,A6,317100,18400,0.0,-0.1,1990MM06,90.2
18401,A6,317100,18401,-0.1,0.2,1990MM07,90.3
18402,A6,317100,18402,-0.2,0.0,1990MM08,90.3
18403,A6,317100,18403,-0.3,-0.1,1990MM09,90.2
18404,A6,317100,18404,-0.2,0.0,1990MM10,90.2
18405,A6,317100,18405,-0.4,-0.3,1990MM11,89.9
18406,A6,317100,18406,-0.3,-0.1,1990MM12,89.8
18408,A6,317100,18408,0.3,0.8,1991MM01,90.5
18409,A6,317100,18409,0.0,0.0,1991MM02,90.5
18410,A6,317100,18410,0.1,0.0,1991MM03,90.5
18411,A6,317100,18411,0.3,0.0,1991MM04,90.5
18412,A6,317100,18412,0.3,0.0,1991MM05,90.5
18413,A6,317100,18413,0.3,-0.1,1991MM06,90.4
18414,A6,317100,18414,0.0,0.0,1991MM07,90.4
18415,A6,317100,18415,-0.3,-0.4,1991MM08,90.0
18416,A6,317100,18416,-0.1,0.0,1991MM09,90.1
18417,A6,317100,18417,-0.4,-0.3,1991MM10,89.8
18418,A6,317100,18418,-0.7,-0.6,1991MM11,89.2
18419,A6,317100,18419,-0.8,-0.2,1991MM12,89.0
18421,A6,317100,18421,-2.5,-0.9,1992MM01,88.3
18422,A6,317100,18422,-2.7,-0.3,1992MM02,88.0
18423,A6,317100,18423,-2.7,0.0,1992MM03,88.0
18424,A6,317100,18424,-2.5,0.2,1992MM04,88.2
18425,A6,317100,18425,-2.4,0.1,1992MM05,88.3
18426,A6,317100,18426,-2.5,-0.1,1992MM06,88.2
18427,A6,317100,18427,-2.4,0.0,1992MM07,88.2
18428,A6,317100,18428,-2.4,-0.4,1992MM08,87.9
18429,A6,317100,18429,-3.0,-0.5,1992MM09,87.4
18430,A6,317100,18430,-3.3,-0.6,1992MM10,86.8
18431,A6,317100,18431,-3.0,-0.3,1992MM11,86.6
18432,A6,317100,18432,-3.4,-0.6,1992MM12,86.0
18434,A6,317100,18434,-4.0,-1.5,1993MM01,84.8
18435,A6,317100,18435,-4.1,-0.4,1993MM02,84.4
18436,A6,317100,18436,-4.5,-0.5,1993MM03,84.0
18437,A6,317100,18437,-5.2,-0.5,1993MM04,83.6
18438,A6,317100,18438,-5.5,-0.2,1993MM05,83.5
18439,A6,317100,18439,-5.8,-0.4,1993MM06,83.1
18440,A6,317100,18440,-6.3,-0.6,1993MM07,82.6
18441,A6,317100,18441,-6.7,-0.7,1993MM08,82.0
18442,A6,317100,18442,-6.7,-0.6,1993MM09,81.5
18443,A6,317100,18443,-7.0,-0.9,1993MM10,80.8
18444,A6,317100,18444,-6.7,0.0,1993MM11,80.8
18445,A6,317100,18445,-6.1,0.0,1993MM12,80.8
18447,A6,317100,18447,-4.9,-0.2,1994MM01,80.6
18448,A6,317100,18448,-4.4,0.1,1994MM02,80.7
18449,A6,317100,18449,-4.1,-0.2,1994MM03,80.6
18450,A6,317100,18450,-2.4,1.3,1994MM04,81.6
18451,A6,317100,18451,-1.4,0.8,1994MM05,82.3
18452,A6,317100,18452,0.1,1.1,1994MM06,83.2
18453,A6,317100,18453,3.6,2.9,1994MM07,85.6
18454,A6,317100,18454,5.2,0.8,1994MM08,86.2
18455,A6,317100,18455,7.1,1.2,1994MM09,87.3
18456,A6,317100,18456,10.3,2.0,1994MM10,89.1
18457,A6,317100,18457,11.5,1.1,1994MM11,90.1
18458,A6,317100,18458,12.5,0.9,1994MM12,90.9
18460,A6,317100,18460,15.9,2.8,1995MM01,93.5
18461,A6,317100,18461,16.8,0.8,1995MM02,94.2
18462,A6,317100,18462,17.5,0.5,1995MM03,94.7
18463,A6,317100,18463,17.8,1.6,1995MM04,96.2
18464,A6,317100,18464,18.5,1.4,1995MM05,97.5
18465,A6,317100,18465,19.2,1.7,1995MM06,99.2
18466,A6,317100,18466,16.8,0.9,1995MM07,100.0
18467,A6,317100,18467,16.7,0.6,1995MM08,100.6
18468,A6,317100,18468,14.6,-0.5,1995MM09,100.1
18469,A6,317100,18469,11.0,-1.2,1995MM10,98.9
18470,A6,317100,18470,8.6,-1.0,1995MM11,97.9
18471,A6,317100,18471,6.9,-0.8,1995MM12,97.1
18473,A6,317100,18473,2.7,-1.2,1996MM01,96.0
18474,A6,317100,18474,0.8,-1.1,1996MM02,95.0
18475,A6,317100,18475,-0.9,-1.2,1996MM03,93.8
18476,A6,317100,18476,-4.5,-2.1,1996MM04,91.8
18477,A6,317100,18477,-6.7,-1.0,1996MM05,90.9
18478,A6,317100,18478,-9.5,-1.3,1996MM06,89.8
18479,A6,317100,18479,-10.6,-0.4,1996MM07,89.4
18480,A6,317100,18480,-11.5,-0.4,1996MM08,89.1
18481,A6,317100,18481,-10.1,1.0,1996MM09,90.0
18482,A6,317100,18482,-8.0,1.1,1996MM10,91.0
18483,A6,317100,18483,-7.0,0.0,1996MM11,91.0
18484,A6,317100,18484,-6.3,0.0,1996MM12,91.0
18486,A6,317100,18486,-5.8,-0.7,1997MM01,90.4
18487,A6,317100,18487,-5.0,-0.1,1997MM02,90.3
18488,A6,317100,18488,-3.6,0.1,1997MM03,90.4
18489,A6,317100,18489,-1.4,0.2,1997MM04,90.6
18490,A6,317100,18490,-0.6,-0.2,1997MM05,90.4
18491,A6,317100,18491,0.3,-0.3,1997MM06,90.1
18492,A6,317100,18492,1.1,0.3,1997MM07,90.4
18493,A6,317100,18493,1.5,0.1,1997MM08,90.5
18494,A6,317100,18494,0.7,0.2,1997MM09,90.6
18495,A6,317100,18495,0.1,0.6,1997MM10,91.1
18496,A6,317100,18496,0.1,0.0,1997MM11,91.1
18497,A6,317100,18497,0.0,-0.1,1997MM12,91.0
18499,A6,317100,18499,1.8,1.1,1998MM01,92.0
18500,A6,317100,18500,2.3,0.4,1998MM02,92.4
18501,A6,317100,18501,2.4,0.2,1998MM03,92.6
18502,A6,317100,18502,2.0,-0.2,1998MM04,92.4
18503,A6,317100,18503,2.0,-0.2,1998MM05,92.2
18504,A6,317100,18504,2.2,-0.1,1998MM06,92.1
18505,A6,317100,18505,1.5,-0.4,1998MM07,91.7
18506,A6,317100,18506,1.0,-0.4,1998MM08,91.4
18507,A6,317100,18507,0.5,-0.4,1998MM09,91.0
18508,A6,317100,18508,-0.8,-0.7,1998MM10,90.4
18509,A6,317100,18509,-0.8,0.0,1998MM11,90.4
18510,A6,317100,18510,-0.6,0.1,1998MM12,90.5
18512,A6,317100,18512,-2.1,-0.5,1999MM01,90.0
18513,A6,317100,18513,-2.6,0.0,1999MM02,90.0
18514,A6,317100,18514,-3.0,-0.2,1999MM03,89.8
18515,A6,317100,18515,-2.9,-0.1,1999MM04,89.7
18516,A6,317100,18516,-2.7,-0.1,1999MM05,89.7
18517,A6,317100,18517,-2.7,-0.1,1999MM06,89.6
18518,A6,317100,18518,-2.2,0.1,1999MM07,89.7
18519,A6,317100,18519,-0.9,1.0,1999MM08,90.6
18520,A6,317100,18520,0.9,1.4,1999MM09,91.8
18521,A6,317100,18521,2.7,1.1,1999MM10,92.8
18522,A6,317100,18522,3.2,0.5,1999MM11,93.3
18523,A6,317100,18523,3.1,0.0,1999MM12,93.3
18525,A6,317100,18525,5.4,1.7,2000MM01,94.9
18526,A6,317100,18526,5.9,0.5,2000MM02,95.3
18527,A6,317100,18527,7.0,0.8,2000MM03,96.1
18528,A6,317100,18528,9.2,1.9,2000MM04,98.0
18529,A6,317100,18529,11.0,1.5,2000MM05,99.5
18530,A6,317100,18530,12.7,1.5,2000MM06,100.9
18531,A6,317100,18531,14.0,1.4,2000MM07,102.3
18532,A6,317100,18532,13.6,0.5,2000MM08,102.9
18533,A6,317100,18533,12.6,0.5,2000MM09,103.4
18534,A6,317100,18534,12.4,0.8,2000MM10,104.2
18535,A6,317100,18535,11.9,0.1,2000MM11,104.4
18536,A6,317100,18536,12.0,0.1,2000MM12,104.5
18538,A6,317100,18538,11.7,1.4,2001MM01,106.0
18539,A6,317100,18539,11.0,-0.1,2001MM02,105.8
18540,A6,317100,18540,10.1,0.0,2001MM03,105.8
18541,A6,317100,18541,8.2,0.2,2001MM04,106.0
18542,A6,317100,18542,5.9,-0.6,2001MM05,105.4
18543,A6,317100,18543,3.8,-0.6,2001MM06,104.8
18544,A6,317100,18544,1.7,-0.7,2001MM07,104.1
18545,A6,317100,18545,0.8,-0.4,2001MM08,103.7
18546,A6,317100,18546,-0.1,-0.4,2001MM09,103.3
18547,A6,317100,18547,-1.3,-0.4,2001MM10,102.9
18548,A6,317100,18548,-2.2,-0.8,2001MM11,102.1
18549,A6,317100,18549,-2.9,-0.7,2001MM12,101.4
18551,A6,317100,18551,-5.1,-0.9,2002MM01,100.5
18552,A6,317100,18552,-5.0,0.1,2002MM02,100.6
18553,A6,317100,18553,-4.8,0.2,2002MM03,100.8
18554,A6,317100,18554,-5.6,-0.7,2002MM04,100.1
18555,A6,317100,18555,-5.4,-0.4,2002MM05,99.7
18556,A6,317100,18556,-4.0,0.8,2002MM06,100.6
18557,A6,317100,18557,-2.2,1.2,2002MM07,101.8
18558,A6,317100,18558,-1.7,0.2,2002MM08,102.0
18559,A6,317100,18559,-1.4,-0.1,2002MM09,101.9
18560,A6,317100,18560,-1.8,-0.9,2002MM10,101.0
18561,A6,317100,18561,-1.3,-0.3,2002MM11,100.7
18562,A6,317100,18562,-0.8,-0.2,2002MM12,100.6
18564,A6,317100,18564,-0.8,-0.9,2003MM01,99.7
18565,A6,317100,18565,-1.9,-1.0,2003MM02,98.6
18566,A6,317100,18566,-1.6,0.6,2003MM03,99.2
18567,A6,317100,18567,-1.6,-0.7,2003MM04,98.5
18568,A6,317100,18568,-1.3,-0.1,2003MM05,98.5
18569,A6,317100,18569,-3.4,-1.3,2003MM06,97.1
18570,A6,317100,18570,-4.7,-0.2,2003MM07,97.0
18571,A6,317100,18571,-5.5,-0.6,2003MM08,96.4
18572,A6,317100,18572,-5.5,-0.1,2003MM09,96.3
18573,A6,317100,18573,-5.4,-0.8,2003MM10,95.6
18574,A6,317100,18574,-4.8,0.3,2003MM11,95.9
18575,A6,317100,18575,-5.1,-0.4,2003MM12,95.5
18577,A6,317100,18577,-4.9,-0.7,2004MM01,94.8
18578,A6,317100,18578,-3.6,0.3,2004MM02,95.1
18579,A6,317100,18579,-4.3,-0.1,2004MM03,95.0
18580,A6,317100,18580,-2.1,1.6,2004MM04,96.5
18581,A6,317100,18581,-2.3,-0.3,2004MM05,96.2
18582,A6,317100,18582,-0.9,0.1,2004MM06,96.3
18583,A6,317100,18583,-1.1,-0.3,2004MM07,95.9
18584,A6,317100,18584,-0.8,-0.3,2004MM08,95.6
18585,A6,317100,18585,-0.6,0.1,2004MM09,95.7
18586,A6,317100,18586,0.0,-0.2,2004MM10,95.6
18587,A6,317100,18587,-0.2,0.1,2004MM11,95.7
18588,A6,317100,18588,0.0,-0.3,2004MM12,95.4
18590,A6,317100,18590,-0.0461538461538,-0.4,2005MM01,96.4
18591,A6,317100,18591,-0.0923076923077,-0.5,2005MM02,96.0
18592,A6,317100,18592,-0.138461538462,0.2,2005MM03,96.2
18593,A6,317100,18593,-0.184615384615,0.5,2005MM04,96.6
18594,A6,317100,18594,-0.230769230769,-0.9,2005MM05,95.8
18595,A6,317100,18595,-0.276923076923,-0.1,2005MM06,95.7
18596,A6,317100,18596,-0.323076923077,-1.0,2005MM07,94.8
18597,A6,317100,18597,-0.369230769231,-0.6,2005MM08,94.2
18598,A6,317100,18598,-0.415384615385,0.1,2005MM09,94.4
18599,A6,317100,18599,-0.461538461538,0.1,2005MM10,94.5
18600,A6,317100,18600,-0.507692307692,0.5,2005MM11,95.0
18601,A6,317100,18601,-0.553846153846,0.2,2005MM12,95.2
18603,A6,317100,18603,-0.6,0.7,2006MM01,95.9
18604,A6,317100,18604,0.5,0.6,2006MM02,96.5
18605,A6,317100,18605,0.9,0.5,2006MM03,97.0
18606,A6,317100,18606,0.7,0.3,2006MM04,97.3
18607,A6,317100,18607,1.6,0.1,2006MM05,97.4
18608,A6,317100,18608,1.5,-0.2,2006MM06,97.2
18609,A6,317100,18609,2.8,0.3,2006MM07,97.5
18610,A6,317100,18610,3.5,0.1,2006MM08,97.6
18611,A6,317100,18611,4.0,0.6,2006MM09,98.2
18612,A6,317100,18612,4.5,0.5,2006MM10,98.7
18613,A6,317100,18613,4.1,0.2,2006MM11,98.9
18614,A6,317100,18614,3.9,0.0,2006MM12,98.9
18616,A6,317100,18616,4.4,1.2,2007MM01,100.1
18617,A6,317100,18617,4.4,0.6,2007MM02,100.7
18618,A6,317100,18618,4.0,0.1,2007MM03,100.8
18619,A6,317100,18619,4.2,0.5,2007MM04,101.4
18620,A6,317100,18620,4.3,0.1,2007MM05,101.5
18621,A6,317100,18621,5.1,0.6,2007MM06,102.2
18622,A6,317100,18622,5.3,0.5,2007MM07,102.7
18623,A6,317100,18623,5.7,0.5,2007MM08,103.1
18624,A6,317100,18624,5.2,0.1,2007MM09,103.3
18625,A6,317100,18625,5.3,0.6,2007MM10,103.9
18626,A6,317100,18626,4.9,-0.2,2007MM11,103.7
18627,A6,317100,18627,4.5,-0.3,2007MM12,103.4
18629,A6,317100,18629,3.8,0.5,2008MM01,103.9
18630,A6,317100,18630,3.2,0.0,2008MM02,103.9
18631,A6,317100,18631,2.9,-0.2,2008MM03,103.8
18632,A6,317100,18632,1.6,-0.7,2008MM04,103.0
18633,A6,317100,18633,1.1,-0.4,2008MM05,102.6
18634,A6,317100,18634,-0.1,-0.5,2008MM06,102.1
18635,A6,317100,18635,-0.7,-0.1,2008MM07,102.0
18636,A6,317100,18636,-1.4,-0.2,2008MM08,101.7
18637,A6,317100,18637,-1.3,0.2,2008MM09,102.0
18638,A6,317100,18638,-1.4,0.4,2008MM10,102.4
18639,A6,317100,18639,-1.4,-0.2,2008MM11,102.2
18640,A6,317100,18640,-2.4,-1.3,2008MM12,100.9
18642,A6,317100,18642,-3.9,-1.1,2009MM01,99.8
18643,A6,317100,18643,-4.8,-0.8,2009MM02,99.0
18644,A6,317100,18644,-5.2,-0.6,2009MM03,98.4
18645,A6,317100,18645,-5.9,-1.5,2009MM04,96.9
18646,A6,317100,18646,-5.7,-0.2,2009MM05,96.7
18647,A6,317100,18647,-6.2,-1.0,2009MM06,95.7
18648,A6,317100,18648,-6.1,0.0,2009MM07,95.7
18649,A6,317100,18649,-6.3,-0.5,2009MM08,95.3
18650,A6,317100,18650,-5.8,0.8,2009MM09,96.1
18651,A6,317100,18651,-5.2,1.0,2009MM10,97.0
18652,A6,317100,18652,-3.8,1.2,2009MM11,98.3
18653,A6,317100,18653,-3.1,-0.5,2009MM12,97.7
18655,A6,317100,18655,-3.7,-1.7,2010MM01,96.1
18656,A6,317100,18656,-2.2,0.8,2010MM02,96.8
18657,A6,317100,18657,-1.0,0.6,2010MM03,97.4
18658,A6,317100,18658,1.7,1.3,2010MM04,98.6
18659,A6,317100,18659,2.9,1.0,2010MM05,99.5
18660,A6,317100,18660,4.2,0.2,2010MM06,99.8
18661,A6,317100,18661,5.0,0.8,2010MM07,100.5
18662,A6,317100,18662,6.4,0.8,2010MM08,101.3
18663,A6,317100,18663,6.1,0.6,2010MM09,102.0
18664,A6,317100,18664,6.1,1.0,2010MM10,103.0
18665,A6,317100,18665,4.2,-0.6,2010MM11,102.4
18666,A6,317100,18666,5.0,0.2,2010MM12,102.6
18668,A6,317100,18668,7.8,0.9,2011MM01,103.6
18669,A6,317100,18669,7.4,0.4,2011MM02,104.0
18670,A6,317100,18670,7.1,0.3,2011MM03,104.3
18671,A6,317100,18671,7.8,1.9,2011MM04,106.3
18672,A6,317100,18672,6.8,0.0,2011MM05,106.3
18673,A6,317100,18673,6.7,0.2,2011MM06,106.5
18674,A6,317100,18674,6.4,0.4,2011MM07,107.0
18675,A6,317100,18675,5.3,-0.3,2011MM08,106.7
18676,A6,317100,18676,4.2,-0.4,2011MM09,106.3
18677,A6,317100,18677,3.2,0.0,2011MM10,106.3
18678,A6,317100,18678,2.7,-1.0,2011MM11,105.2
18679,A6,317100,18679,2.1,-0.4,2011MM12,104.8
18681,A6,317100,18681,0.3,-0.9,2012MM01,103.9
18682,A6,317100,18682,0.1,0.2,2012MM02,104.1
18683,A6,317100,18683,0.0,0.2,2012MM03,104.3
18684,A6,317100,18684,-2.0,-0.1,2012MM04,104.2
18685,A6,317100,18685,-1.6,0.4,2012MM05,104.6
18686,A6,317100,18686,-2.3,-0.5,2012MM06,104.1
18687,A6,317100,18687,-3.3,-0.6,2012MM07,103.4
18688,A6,317100,18688,-3.5,-0.5,2012MM08,102.9
18689,A6,317100,18689,-2.7,0.5,2012MM09,103.4
18690,A6,317100,18690,-2.9,-0.2,2012MM10,103.2
18691,A6,317100,18691,-2.4,-0.4,2012MM11,102.7
18692,A6,317100,18692,-2.1,-0.1,2012MM12,102.6
18694,A6,317100,18694,-1.0,0.1,2013MM01,102.8
18695,A6,317100,18695,-0.4,0.9,2013MM02,103.7
18696,A6,317100,18696,-0.9,-0.4,2013MM03,103.3
18697,A6,317100,18697,-1.2,-0.3,2013MM04,103.0
18698,A6,317100,18698,-1.4,0.2,2013MM05,103.1
18699,A6,317100,18699,-1.1,-0.2,2013MM06,102.9
18700,A6,317100,18700,-0.9,-0.4,2013MM07,102.5
18701,A6,317100,18701,0.6,1.0,2013MM08,103.5
18702,A6,317100,18702,0.0,-0.2,2013MM09,103.4
18703,A6,317100,18703,0.9,0.7,2013MM10,104.1
18704,A6,317100,18704,1.9,0.6,2013MM11,104.7
18705,A6,317100,18705,2.0,-0.1,2013MM12,104.7
18707,A6,317100,18707,1.5,-0.3,2014MM01,104.3
18708,A6,317100,18708,0.5,0.0,2014MM02,104.3
18709,A6,317100,18709,0.7,-0.2,2014MM03,104.1
18710,A6,317100,18710,0.4,-0.7,2014MM04,103.4
18711,A6,317100,18711,0.5,0.2,2014MM05,103.6
18712,A6,317100,18712,0.0,-0.7,2014MM06,102.9
18713,A6,317100,18713,0.3,-0.1,2014MM07,102.9
18714,A6,317100,18714,-0.3,0.3,2014MM08,103.2
18715,A6,317100,18715,0.0,0.2,2014MM09,103.4
18716,A6,317100,18716,-0.3,0.4,2014MM10,103.8
18717,A6,317100,18717,-1.1,-0.1,2014MM11,103.6
18718,A6,317100,18718,-0.9,0.1,2014MM12,103.7
18720,A6,317100,18720,-2.0,-1.5,2015MM01,102.2
18721,A6,317100,18721,-2.1,-0.1,2015MM02,102.1
18722,A6,317100,18722,-1.4,0.5,2015MM03,102.6
18723,A6,317100,18723,-0.9,-0.1,2015MM04,102.5
18724,A6,317100,18724,-0.9,0.2,2015MM05,102.7
18725,A6,317100,18725,-0.3,-0.1,2015MM06,102.6
18726,A6,317100,18726,-0.2,0.0,2015MM07,102.6
18727,A6,317100,18727,-0.1,0.5,2015MM08,103.1
18728,A6,317100,18728,0.2,0.5,2015MM09,103.6
18729,A6,317100,18729,0.3,0.4,2015MM10,104.1
18730,A6,317100,18730,0.2,-0.2,2015MM11,103.8
18731,A6,317100,18731,0.1,0.0,2015MM12,103.8
18733,A6,317100,18733,1.0,-0.5,2016MM01,103.3
18734,A6,317100,18734,0.9,-0.2,2016MM02,103.1
18735,A6,317100,18735,0.0,-0.4,2016MM03,102.6
18736,A6,317100,18736,-0.2,-0.4,2016MM04,102.2
18737,A6,317100,18737,-0.8,-0.3,2016MM05,101.9
18738,A6,317100,18738,-1.3,-0.6,2016MM06,101.3
18739,A6,317100,18739,-1.8,-0.5,2016MM07,100.7
18740,A6,317100,18740,-2.0,0.3,2016MM08,101.1
18741,A6,317100,18741,-2.7,-0.3,2016MM09,100.8
18742,A6,317100,18742,-3.1,0.0,2016MM10,100.8
18743,A6,317100,18743,-2.9,0.0,2016MM11,100.8
18744,A6,317100,18744,-2.6,0.3,2016MM12,101.1
18746,A6,317100,18746,-2.5,-0.4,2017MM01,100.7
18747,A6,317100,18747,-1.7,0.6,2017MM02,101.3
18748,A6,317100,18748,-0.5,0.8,2017MM03,102.1
18749,A6,317100,18749,1.0,1.2,2017MM04,103.3
18750,A6,317100,18750,1.3,-0.1,2017MM05,103.2
18751,A6,317100,18751,2.3,0.4,2017MM06,103.6
18752,A6,317100,18752,3.9,1.0,2017MM07,104.7
18753,A6,317100,18753,3.7,0.2,2017MM08,104.8
18754,A6,317100,18754,3.8,-0.2,2017MM09,104.7
18755,A6,317100,18755,4.1,0.2,2017MM10,104.9
18756,A6,317100,18756,4.4,0.3,2017MM11,105.3
18757,A6,317100,18757,3.8,-0.3,2017MM12,104.9
