,Afzet,BedrijfstakkenBranchesSBI2008,ID,OntwikkelingTOV1JaarEerder_2,OntwikkelingTOV1MaandEerder_3,Perioden,ProducentenprijsindexPPI_1
18759,A6,318600,18759,,,1981MM01,95.2
18760,A6,318600,18760,,0.0,1981MM02,95.2
18761,A6,318600,18761,,0.0,1981MM03,95.2
18762,A6,318600,18762,,0.0,1981MM04,95.2
18763,A6,318600,18763,,0.0,1981MM05,95.2
18764,A6,318600,18764,,0.0,1981MM06,95.2
18765,A6,318600,18765,,0.0,1981MM07,95.2
18766,A6,318600,18766,,0.0,1981MM08,95.2
18767,A6,318600,18767,,0.0,1981MM09,95.2
18768,A6,318600,18768,,0.0,1981MM10,95.2
18769,A6,318600,18769,,0.0,1981MM11,95.2
18770,A6,318600,18770,,0.0,1981MM12,95.2
18772,A6,318600,18772,0.0,0.0,1982MM01,95.2
18773,A6,318600,18773,0.0,0.0,1982MM02,95.2
18774,A6,318600,18774,0.0,0.0,1982MM03,95.2
18775,A6,318600,18775,0.0,0.0,1982MM04,95.2
18776,A6,318600,18776,0.0,0.0,1982MM05,95.2
18777,A6,318600,18777,0.0,0.0,1982MM06,95.2
18778,A6,318600,18778,0.0,0.0,1982MM07,95.2
18779,A6,318600,18779,0.0,0.0,1982MM08,95.2
18780,A6,318600,18780,0.0,0.0,1982MM09,95.2
18781,A6,318600,18781,0.0,0.0,1982MM10,95.2
18782,A6,318600,18782,0.0,0.0,1982MM11,95.2
18783,A6,318600,18783,0.0,0.0,1982MM12,95.2
18785,A6,318600,18785,0.0,0.0,1983MM01,95.2
18786,A6,318600,18786,0.0,0.0,1983MM02,95.2
18787,A6,318600,18787,0.0,0.0,1983MM03,95.2
18788,A6,318600,18788,0.0,0.0,1983MM04,95.2
18789,A6,318600,18789,0.0,0.0,1983MM05,95.2
18790,A6,318600,18790,0.0,0.0,1983MM06,95.2
18791,A6,318600,18791,0.0,0.0,1983MM07,95.2
18792,A6,318600,18792,0.0,0.0,1983MM08,95.2
18793,A6,318600,18793,0.0,0.0,1983MM09,95.2
18794,A6,318600,18794,0.0,0.0,1983MM10,95.2
18795,A6,318600,18795,0.0,0.0,1983MM11,95.2
18796,A6,318600,18796,0.0,0.0,1983MM12,95.2
18798,A6,318600,18798,0.0,0.0,1984MM01,95.2
18799,A6,318600,18799,0.0,0.0,1984MM02,95.2
18800,A6,318600,18800,0.0,0.0,1984MM03,95.2
18801,A6,318600,18801,0.0,0.0,1984MM04,95.2
18802,A6,318600,18802,0.0,0.0,1984MM05,95.2
18803,A6,318600,18803,0.0,0.0,1984MM06,95.2
18804,A6,318600,18804,0.0,0.0,1984MM07,95.2
18805,A6,318600,18805,0.0,0.0,1984MM08,95.2
18806,A6,318600,18806,0.0,0.0,1984MM09,95.2
18807,A6,318600,18807,0.0,0.0,1984MM10,95.2
18808,A6,318600,18808,-0.1,0.0,1984MM11,95.2
18809,A6,318600,18809,-0.1,0.0,1984MM12,95.2
18811,A6,318600,18811,-0.1,0.0,1985MM01,95.1
18812,A6,318600,18812,-0.1,0.0,1985MM02,95.2
18813,A6,318600,18813,0.0,0.0,1985MM03,95.2
18814,A6,318600,18814,0.0,0.0,1985MM04,95.2
18815,A6,318600,18815,0.0,0.0,1985MM05,95.3
18816,A6,318600,18816,0.0,-0.1,1985MM06,95.2
18817,A6,318600,18817,0.0,0.0,1985MM07,95.2
18818,A6,318600,18818,0.0,0.0,1985MM08,95.2
18819,A6,318600,18819,0.1,0.1,1985MM09,95.3
18820,A6,318600,18820,0.1,0.0,1985MM10,95.3
18821,A6,318600,18821,0.0,0.0,1985MM11,95.2
18822,A6,318600,18822,0.1,0.0,1985MM12,95.2
18824,A6,318600,18824,0.9,0.8,1986MM01,96.0
18825,A6,318600,18825,0.9,0.1,1986MM02,96.1
18826,A6,318600,18826,1.0,0.1,1986MM03,96.2
18827,A6,318600,18827,1.1,0.1,1986MM04,96.2
18828,A6,318600,18828,1.1,0.0,1986MM05,96.3
18829,A6,318600,18829,1.1,-0.1,1986MM06,96.2
18830,A6,318600,18830,0.8,-0.2,1986MM07,96.0
18831,A6,318600,18831,0.9,0.1,1986MM08,96.1
18832,A6,318600,18832,1.0,0.1,1986MM09,96.2
18833,A6,318600,18833,1.5,0.5,1986MM10,96.7
18834,A6,318600,18834,1.6,0.0,1986MM11,96.7
18835,A6,318600,18835,1.3,-0.2,1986MM12,96.5
18837,A6,318600,18837,1.6,1.0,1987MM01,97.5
18838,A6,318600,18838,1.6,0.1,1987MM02,97.6
18839,A6,318600,18839,1.5,0.0,1987MM03,97.6
18840,A6,318600,18840,1.6,0.2,1987MM04,97.8
18841,A6,318600,18841,1.6,0.0,1987MM05,97.8
18842,A6,318600,18842,1.7,0.0,1987MM06,97.8
18843,A6,318600,18843,1.6,-0.3,1987MM07,97.5
18844,A6,318600,18844,1.5,0.0,1987MM08,97.5
18845,A6,318600,18845,1.5,0.1,1987MM09,97.6
18846,A6,318600,18846,0.9,0.0,1987MM10,97.6
18847,A6,318600,18847,0.9,0.0,1987MM11,97.6
18848,A6,318600,18848,1.0,-0.2,1987MM12,97.5
18850,A6,318600,18850,0.4,0.5,1988MM01,97.9
18851,A6,318600,18851,0.3,0.0,1988MM02,97.9
18852,A6,318600,18852,0.4,0.1,1988MM03,98.0
18853,A6,318600,18853,0.4,0.2,1988MM04,98.2
18854,A6,318600,18854,0.5,0.1,1988MM05,98.3
18855,A6,318600,18855,0.5,0.0,1988MM06,98.3
18856,A6,318600,18856,0.7,-0.1,1988MM07,98.2
18857,A6,318600,18857,0.9,0.2,1988MM08,98.4
18858,A6,318600,18858,0.8,0.0,1988MM09,98.4
18859,A6,318600,18859,1.2,0.3,1988MM10,98.7
18860,A6,318600,18860,1.1,0.0,1988MM11,98.7
18861,A6,318600,18861,1.3,0.0,1988MM12,98.8
18863,A6,318600,18863,2.2,1.3,1989MM01,100.1
18864,A6,318600,18864,2.5,0.2,1989MM02,100.3
18865,A6,318600,18865,2.1,-0.2,1989MM03,100.1
18866,A6,318600,18866,1.9,0.0,1989MM04,100.1
18867,A6,318600,18867,1.9,0.1,1989MM05,100.2
18868,A6,318600,18868,2.1,0.2,1989MM06,100.4
18869,A6,318600,18869,2.3,0.1,1989MM07,100.5
18870,A6,318600,18870,2.1,0.0,1989MM08,100.4
18871,A6,318600,18871,2.3,0.2,1989MM09,100.6
18872,A6,318600,18872,2.0,0.0,1989MM10,100.6
18873,A6,318600,18873,1.9,0.0,1989MM11,100.6
18874,A6,318600,18874,1.9,0.0,1989MM12,100.7
18876,A6,318600,18876,1.5,0.9,1990MM01,101.6
18877,A6,318600,18877,1.4,0.2,1990MM02,101.8
18878,A6,318600,18878,1.5,-0.2,1990MM03,101.6
18879,A6,318600,18879,1.9,0.4,1990MM04,102.0
18880,A6,318600,18880,1.9,0.1,1990MM05,102.1
18881,A6,318600,18881,1.7,0.0,1990MM06,102.1
18882,A6,318600,18882,2.2,0.6,1990MM07,102.7
18883,A6,318600,18883,2.3,0.0,1990MM08,102.8
18884,A6,318600,18884,2.2,0.1,1990MM09,102.8
18885,A6,318600,18885,2.2,0.0,1990MM10,102.8
18886,A6,318600,18886,2.1,0.0,1990MM11,102.8
18887,A6,318600,18887,2.2,0.1,1990MM12,102.9
18889,A6,318600,18889,2.4,1.1,1991MM01,104.0
18890,A6,318600,18890,2.5,0.3,1991MM02,104.3
18891,A6,318600,18891,2.9,0.2,1991MM03,104.5
18892,A6,318600,18892,2.5,0.1,1991MM04,104.6
18893,A6,318600,18893,2.4,-0.1,1991MM05,104.5
18894,A6,318600,18894,2.4,0.0,1991MM06,104.5
18895,A6,318600,18895,1.7,0.0,1991MM07,104.5
18896,A6,318600,18896,1.6,0.0,1991MM08,104.4
18897,A6,318600,18897,1.7,0.1,1991MM09,104.5
18898,A6,318600,18898,1.7,0.0,1991MM10,104.5
18899,A6,318600,18899,1.6,-0.1,1991MM11,104.4
18900,A6,318600,18900,1.6,0.1,1991MM12,104.5
18902,A6,318600,18902,1.1,0.6,1992MM01,105.2
18903,A6,318600,18903,1.0,0.2,1992MM02,105.4
18904,A6,318600,18904,0.8,0.0,1992MM03,105.4
18905,A6,318600,18905,1.1,0.3,1992MM04,105.7
18906,A6,318600,18906,1.0,-0.1,1992MM05,105.6
18907,A6,318600,18907,1.0,0.0,1992MM06,105.6
18908,A6,318600,18908,1.1,0.1,1992MM07,105.7
18909,A6,318600,18909,1.3,0.1,1992MM08,105.8
18910,A6,318600,18910,1.0,-0.1,1992MM09,105.6
18911,A6,318600,18911,1.0,0.0,1992MM10,105.6
18912,A6,318600,18912,1.1,-0.1,1992MM11,105.6
18913,A6,318600,18913,1.0,0.0,1992MM12,105.6
18915,A6,318600,18915,-0.1,-0.5,1993MM01,105.1
18916,A6,318600,18916,-0.3,0.0,1993MM02,105.0
18917,A6,318600,18917,-0.3,0.0,1993MM03,105.0
18918,A6,318600,18918,-1.4,-0.8,1993MM04,104.1
18919,A6,318600,18919,-1.3,0.1,1993MM05,104.2
18920,A6,318600,18920,-1.2,0.1,1993MM06,104.3
18921,A6,318600,18921,-1.7,-0.5,1993MM07,103.8
18922,A6,318600,18922,-1.8,0.0,1993MM08,103.8
18923,A6,318600,18923,-1.7,0.0,1993MM09,103.8
18924,A6,318600,18924,-2.3,-0.6,1993MM10,103.2
18925,A6,318600,18925,-2.2,0.0,1993MM11,103.2
18926,A6,318600,18926,-2.2,0.1,1993MM12,103.3
18928,A6,318600,18928,-2.2,-0.5,1994MM01,102.8
18929,A6,318600,18929,-2.5,-0.4,1994MM02,102.4
18930,A6,318600,18930,-2.5,0.0,1994MM03,102.4
18931,A6,318600,18931,-1.9,-0.2,1994MM04,102.2
18932,A6,318600,18932,-2.1,-0.2,1994MM05,102.0
18933,A6,318600,18933,-2.3,-0.1,1994MM06,101.9
18934,A6,318600,18934,-1.2,0.6,1994MM07,102.6
18935,A6,318600,18935,-1.3,-0.1,1994MM08,102.5
18936,A6,318600,18936,-1.1,0.2,1994MM09,102.7
18937,A6,318600,18937,0.1,0.6,1994MM10,103.3
18938,A6,318600,18938,0.2,0.1,1994MM11,103.4
18939,A6,318600,18939,0.3,0.1,1994MM12,103.6
18941,A6,318600,18941,2.9,2.1,1995MM01,105.7
18942,A6,318600,18942,3.3,0.1,1995MM02,105.8
18943,A6,318600,18943,3.5,0.1,1995MM03,105.9
18944,A6,318600,18944,4.4,0.8,1995MM04,106.7
18945,A6,318600,18945,4.7,0.1,1995MM05,106.9
18946,A6,318600,18946,4.9,0.1,1995MM06,106.9
18947,A6,318600,18947,5.2,0.9,1995MM07,107.9
18948,A6,318600,18948,5.4,0.1,1995MM08,108.0
18949,A6,318600,18949,5.2,0.0,1995MM09,108.0
18950,A6,318600,18950,4.2,-0.4,1995MM10,107.6
18951,A6,318600,18951,4.1,0.0,1995MM11,107.6
18952,A6,318600,18952,3.9,0.0,1995MM12,107.6
18954,A6,318600,18954,3.2,1.4,1996MM01,109.1
18955,A6,318600,18955,3.1,0.0,1996MM02,109.1
18956,A6,318600,18956,3.0,0.0,1996MM03,109.1
18957,A6,318600,18957,1.3,-0.9,1996MM04,108.1
18958,A6,318600,18958,1.2,0.0,1996MM05,108.1
18959,A6,318600,18959,1.1,-0.1,1996MM06,108.0
18960,A6,318600,18960,-6.0,-6.1,1996MM07,101.5
18961,A6,318600,18961,-6.1,0.0,1996MM08,101.4
18962,A6,318600,18962,-6.1,0.0,1996MM09,101.4
18963,A6,318600,18963,-5.9,-0.2,1996MM10,101.2
18964,A6,318600,18964,-5.9,0.0,1996MM11,101.2
18965,A6,318600,18965,-5.9,0.0,1996MM12,101.3
18967,A6,318600,18967,-7.4,-0.2,1997MM01,101.0
18968,A6,318600,18968,-7.4,0.0,1997MM02,101.0
18969,A6,318600,18969,-7.4,0.0,1997MM03,101.0
18970,A6,318600,18970,-6.6,0.0,1997MM04,101.0
18971,A6,318600,18971,-6.6,0.0,1997MM05,101.0
18972,A6,318600,18972,-6.5,0.0,1997MM06,101.0
18973,A6,318600,18973,0.0,0.5,1997MM07,101.5
18974,A6,318600,18974,0.0,0.0,1997MM08,101.5
18975,A6,318600,18975,0.0,0.0,1997MM09,101.5
18976,A6,318600,18976,0.1,-0.1,1997MM10,101.3
18977,A6,318600,18977,0.1,0.0,1997MM11,101.4
18978,A6,318600,18978,0.1,0.0,1997MM12,101.4
18980,A6,318600,18980,1.1,0.8,1998MM01,102.2
18981,A6,318600,18981,1.1,0.0,1998MM02,102.2
18982,A6,318600,18982,1.1,0.0,1998MM03,102.2
18983,A6,318600,18983,1.3,0.1,1998MM04,102.3
18984,A6,318600,18984,1.3,0.0,1998MM05,102.3
18985,A6,318600,18985,1.3,0.0,1998MM06,102.3
18986,A6,318600,18986,0.6,-0.2,1998MM07,102.1
18987,A6,318600,18987,0.6,0.0,1998MM08,102.1
18988,A6,318600,18988,0.6,0.0,1998MM09,102.1
18989,A6,318600,18989,0.0,-0.7,1998MM10,101.4
18990,A6,318600,18990,0.0,0.0,1998MM11,101.4
18991,A6,318600,18991,0.1,0.0,1998MM12,101.4
18993,A6,318600,18993,0.0,0.7,1999MM01,102.1
18994,A6,318600,18994,0.0,0.0,1999MM02,102.2
18995,A6,318600,18995,0.0,0.0,1999MM03,102.2
18996,A6,318600,18996,-0.2,-0.1,1999MM04,102.1
18997,A6,318600,18997,-0.2,0.0,1999MM05,102.1
18998,A6,318600,18998,-0.2,0.0,1999MM06,102.1
18999,A6,318600,18999,0.0,0.0,1999MM07,102.1
19000,A6,318600,19000,0.0,0.0,1999MM08,102.1
19001,A6,318600,19001,0.0,0.0,1999MM09,102.0
19002,A6,318600,19002,0.9,0.2,1999MM10,102.3
19003,A6,318600,19003,0.8,0.0,1999MM11,102.2
19004,A6,318600,19004,0.7,-0.1,1999MM12,102.2
19006,A6,318600,19006,1.1,1.1,2000MM01,103.3
19007,A6,318600,19007,1.1,0.0,2000MM02,103.3
19008,A6,318600,19008,1.2,0.1,2000MM03,103.4
19009,A6,318600,19009,2.1,0.9,2000MM04,104.3
19010,A6,318600,19010,2.3,0.2,2000MM05,104.5
19011,A6,318600,19011,2.5,0.1,2000MM06,104.6
19012,A6,318600,19012,3.5,1.0,2000MM07,105.6
19013,A6,318600,19013,3.6,0.1,2000MM08,105.8
19014,A6,318600,19014,3.8,0.1,2000MM09,105.9
19015,A6,318600,19015,4.0,0.5,2000MM10,106.4
19016,A6,318600,19016,4.1,0.0,2000MM11,106.4
19017,A6,318600,19017,4.3,0.1,2000MM12,106.5
19019,A6,318600,19019,4.5,1.3,2001MM01,108.0
19020,A6,318600,19020,4.6,0.1,2001MM02,108.1
19021,A6,318600,19021,4.5,0.0,2001MM03,108.1
19022,A6,318600,19022,3.6,0.0,2001MM04,108.0
19023,A6,318600,19023,3.3,0.0,2001MM05,108.0
19024,A6,318600,19024,3.2,-0.1,2001MM06,107.9
19025,A6,318600,19025,2.1,-0.1,2001MM07,107.8
19026,A6,318600,19026,2.0,0.0,2001MM08,107.8
19027,A6,318600,19027,1.9,0.0,2001MM09,107.9
19028,A6,318600,19028,1.5,0.1,2001MM10,107.9
19029,A6,318600,19029,1.3,-0.1,2001MM11,107.8
19030,A6,318600,19030,1.2,0.0,2001MM12,107.9
19032,A6,318600,19032,0.3,0.4,2002MM01,108.2
19033,A6,318600,19033,0.2,0.0,2002MM02,108.2
19034,A6,318600,19034,0.2,0.0,2002MM03,108.3
19035,A6,318600,19035,-0.8,-1.0,2002MM04,107.2
19036,A6,318600,19036,-0.8,0.0,2002MM05,107.2
19037,A6,318600,19037,-0.6,0.1,2002MM06,107.2
19038,A6,318600,19038,-0.5,0.0,2002MM07,107.3
19039,A6,318600,19039,-0.5,0.1,2002MM08,107.3
19040,A6,318600,19040,-0.4,0.1,2002MM09,107.4
19041,A6,318600,19041,-0.6,-0.1,2002MM10,107.3
19042,A6,318600,19042,-0.6,-0.1,2002MM11,107.2
19043,A6,318600,19043,-0.6,0.0,2002MM12,107.2
19045,A6,318600,19045,-0.9,0.0,2003MM01,107.2
19046,A6,318600,19046,-1.1,-0.2,2003MM02,107.0
19047,A6,318600,19047,-1.1,0.0,2003MM03,107.0
19048,A6,318600,19048,-0.8,-0.7,2003MM04,106.3
19049,A6,318600,19049,-0.8,0.0,2003MM05,106.3
19050,A6,318600,19050,-1.0,-0.1,2003MM06,106.2
19051,A6,318600,19051,-1.7,-0.7,2003MM07,105.5
19052,A6,318600,19052,-1.8,-0.1,2003MM08,105.4
19053,A6,318600,19053,-1.9,0.0,2003MM09,105.4
19054,A6,318600,19054,-2.9,-1.1,2003MM10,104.2
19055,A6,318600,19055,-2.8,0.0,2003MM11,104.2
19056,A6,318600,19056,-2.8,0.0,2003MM12,104.2
19058,A6,318600,19058,-2.4,0.4,2004MM01,104.6
19059,A6,318600,19059,-2.3,-0.1,2004MM02,104.5
19060,A6,318600,19060,-2.4,0.0,2004MM03,104.5
19061,A6,318600,19061,-1.8,-0.1,2004MM04,104.4
19062,A6,318600,19062,-1.8,0.0,2004MM05,104.4
19063,A6,318600,19063,-1.7,0.0,2004MM06,104.4
19064,A6,318600,19064,-1.4,-0.4,2004MM07,104.0
19065,A6,318600,19065,-1.3,0.0,2004MM08,104.0
19066,A6,318600,19066,-1.4,-0.1,2004MM09,103.9
19067,A6,318600,19067,-0.2,0.1,2004MM10,104.0
19068,A6,318600,19068,-0.2,0.0,2004MM11,104.0
19069,A6,318600,19069,-0.3,-0.1,2004MM12,103.9
19071,A6,318600,19071,-0.292307692308,-0.05,2005MM01,103.9
19072,A6,318600,19072,-0.284615384615,0.0,2005MM02,103.9
19073,A6,318600,19073,-0.276923076923,0.0,2005MM03,103.9
19074,A6,318600,19074,-0.269230769231,0.2,2005MM04,104.2
19075,A6,318600,19075,-0.261538461538,-0.1,2005MM05,104.1
19076,A6,318600,19076,-0.253846153846,0.0,2005MM06,104.1
19077,A6,318600,19077,-0.246153846154,-0.1,2005MM07,104.0
19078,A6,318600,19078,-0.238461538462,0.0,2005MM08,104.0
19079,A6,318600,19079,-0.230769230769,0.0,2005MM09,103.9
19080,A6,318600,19080,-0.223076923077,0.0,2005MM10,103.9
19081,A6,318600,19081,-0.215384615385,0.0,2005MM11,104.0
19082,A6,318600,19082,-0.207692307692,0.0,2005MM12,104.0
19084,A6,318600,19084,-0.2,-0.2,2006MM01,103.8
19085,A6,318600,19085,-0.2,0.0,2006MM02,103.8
19086,A6,318600,19086,-0.2,0.0,2006MM03,103.8
19087,A6,318600,19087,-0.2,0.2,2006MM04,104.0
19088,A6,318600,19088,-0.1,0.0,2006MM05,104.0
19089,A6,318600,19089,-0.1,0.0,2006MM06,104.0
19090,A6,318600,19090,-0.9,-0.9,2006MM07,103.1
19091,A6,318600,19091,-0.8,0.1,2006MM08,103.1
19092,A6,318600,19092,-0.6,0.2,2006MM09,103.3
19093,A6,318600,19093,-0.7,-0.1,2006MM10,103.2
19094,A6,318600,19094,-0.7,0.0,2006MM11,103.2
19095,A6,318600,19095,-0.8,0.0,2006MM12,103.2
19097,A6,318600,19097,0.0,0.6,2007MM01,103.8
19098,A6,318600,19098,0.2,0.1,2007MM02,103.9
19099,A6,318600,19099,0.2,0.0,2007MM03,104.0
19100,A6,318600,19100,0.0,0.0,2007MM04,104.0
19101,A6,318600,19101,0.0,0.0,2007MM05,104.0
19102,A6,318600,19102,-0.1,-0.1,2007MM06,103.9
19103,A6,318600,19103,0.5,-0.3,2007MM07,103.5
19104,A6,318600,19104,0.4,0.0,2007MM08,103.6
19105,A6,318600,19105,0.2,0.0,2007MM09,103.6
19106,A6,318600,19106,0.4,0.1,2007MM10,103.6
19107,A6,318600,19107,0.4,0.0,2007MM11,103.6
19108,A6,318600,19108,0.4,0.0,2007MM12,103.6
19110,A6,318600,19110,0.1,0.3,2008MM01,103.9
19111,A6,318600,19111,0.1,0.1,2008MM02,104.0
19112,A6,318600,19112,0.1,0.0,2008MM03,104.0
19113,A6,318600,19113,-0.1,-0.1,2008MM04,103.9
19114,A6,318600,19114,-0.1,0.0,2008MM05,103.9
19115,A6,318600,19115,0.0,0.0,2008MM06,103.9
19116,A6,318600,19116,0.7,0.4,2008MM07,104.2
19117,A6,318600,19117,0.6,-0.1,2008MM08,104.2
19118,A6,318600,19118,0.6,0.1,2008MM09,104.2
19119,A6,318600,19119,0.7,0.2,2008MM10,104.4
19120,A6,318600,19120,0.7,-0.1,2008MM11,104.3
19121,A6,318600,19121,0.5,-0.2,2008MM12,104.1
19123,A6,318600,19123,-0.2,-0.4,2009MM01,103.7
19124,A6,318600,19124,-0.4,-0.1,2009MM02,103.6
19125,A6,318600,19125,-0.6,-0.1,2009MM03,103.4
19126,A6,318600,19126,-0.8,-0.3,2009MM04,103.1
19127,A6,318600,19127,-0.8,-0.1,2009MM05,103.0
19128,A6,318600,19128,-0.8,0.0,2009MM06,103.0
19129,A6,318600,19129,-2.0,-0.8,2009MM07,102.2
19130,A6,318600,19130,-2.1,-0.2,2009MM08,102.0
19131,A6,318600,19131,-2.1,0.0,2009MM09,102.0
19132,A6,318600,19132,-2.8,-0.6,2009MM10,101.4
19133,A6,318600,19133,-2.7,0.0,2009MM11,101.5
19134,A6,318600,19134,-2.6,0.0,2009MM12,101.4
19136,A6,318600,19136,-3.4,-1.3,2010MM01,100.2
19137,A6,318600,19137,-3.4,-0.1,2010MM02,100.0
19138,A6,318600,19138,-3.5,-0.2,2010MM03,99.8
19139,A6,318600,19139,-3.4,-0.2,2010MM04,99.6
19140,A6,318600,19140,-3.2,0.1,2010MM05,99.7
19141,A6,318600,19141,-3.2,0.0,2010MM06,99.8
19142,A6,318600,19142,-2.1,0.3,2010MM07,100.0
19143,A6,318600,19143,-1.9,0.1,2010MM08,100.1
19144,A6,318600,19144,-1.9,0.0,2010MM09,100.2
19145,A6,318600,19145,-1.2,0.0,2010MM10,100.2
19146,A6,318600,19146,-1.3,0.0,2010MM11,100.2
19147,A6,318600,19147,-1.2,0.0,2010MM12,100.2
19149,A6,318600,19149,0.5,0.5,2011MM01,100.7
19150,A6,318600,19150,0.8,0.1,2011MM02,100.8
19151,A6,318600,19151,1.0,0.1,2011MM03,100.9
19152,A6,318600,19152,1.1,-0.1,2011MM04,100.7
19153,A6,318600,19153,1.0,0.0,2011MM05,100.7
19154,A6,318600,19154,1.0,0.0,2011MM06,100.7
19155,A6,318600,19155,0.7,0.0,2011MM07,100.7
19156,A6,318600,19156,0.6,0.0,2011MM08,100.7
19157,A6,318600,19157,0.5,0.0,2011MM09,100.7
19158,A6,318600,19158,0.3,-0.1,2011MM10,100.5
19159,A6,318600,19159,0.3,-0.1,2011MM11,100.5
19160,A6,318600,19160,0.2,0.0,2011MM12,100.4
19162,A6,318600,19162,-0.4,-0.2,2012MM01,100.3
19163,A6,318600,19163,-0.5,0.0,2012MM02,100.3
19164,A6,318600,19164,-0.5,0.0,2012MM03,100.3
19165,A6,318600,19165,-0.4,0.0,2012MM04,100.4
19166,A6,318600,19166,-0.3,0.0,2012MM05,100.4
19167,A6,318600,19167,-0.3,0.0,2012MM06,100.4
19168,A6,318600,19168,-1.0,-0.7,2012MM07,99.7
19169,A6,318600,19169,-1.0,0.0,2012MM08,99.6
19170,A6,318600,19170,-1.0,0.1,2012MM09,99.7
19171,A6,318600,19171,-0.8,0.0,2012MM10,99.7
19172,A6,318600,19172,-0.8,0.0,2012MM11,99.7
19173,A6,318600,19173,-0.7,0.0,2012MM12,99.7
19175,A6,318600,19175,-2.9,-2.4,2013MM01,97.3
19176,A6,318600,19176,-3.0,0.0,2013MM02,97.3
19177,A6,318600,19177,-3.1,-0.1,2013MM03,97.2
19178,A6,318600,19178,-3.7,-0.6,2013MM04,96.7
19179,A6,318600,19179,-3.7,0.0,2013MM05,96.7
19180,A6,318600,19180,-3.7,0.0,2013MM06,96.7
19181,A6,318600,19181,-2.6,0.3,2013MM07,97.0
19182,A6,318600,19182,-2.6,0.1,2013MM08,97.1
19183,A6,318600,19183,-2.7,0.0,2013MM09,97.1
19184,A6,318600,19184,-2.7,0.0,2013MM10,97.1
19185,A6,318600,19185,-2.6,0.0,2013MM11,97.1
19186,A6,318600,19186,-2.6,0.0,2013MM12,97.1
19188,A6,318600,19188,0.2,0.4,2014MM01,97.5
19189,A6,318600,19189,0.2,0.0,2014MM02,97.5
19190,A6,318600,19190,0.2,-0.1,2014MM03,97.4
19191,A6,318600,19191,1.0,0.2,2014MM04,97.6
19192,A6,318600,19192,1.0,0.0,2014MM05,97.6
19193,A6,318600,19193,0.9,0.0,2014MM06,97.6
19194,A6,318600,19194,-1.7,-2.3,2014MM07,95.4
19195,A6,318600,19195,-1.8,0.0,2014MM08,95.3
19196,A6,318600,19196,-1.8,0.0,2014MM09,95.3
19197,A6,318600,19197,-1.9,-0.1,2014MM10,95.2
19198,A6,318600,19198,-1.8,0.1,2014MM11,95.3
19199,A6,318600,19199,-1.8,0.0,2014MM12,95.3
19201,A6,318600,19201,-1.0,1.3,2015MM01,96.5
19202,A6,318600,19202,-1.1,-0.1,2015MM02,96.4
19203,A6,318600,19203,-1.0,0.0,2015MM03,96.4
19204,A6,318600,19204,-0.9,0.4,2015MM04,96.8
19205,A6,318600,19205,-0.9,0.0,2015MM05,96.8
19206,A6,318600,19206,-0.8,0.0,2015MM06,96.8
19207,A6,318600,19207,1.6,0.1,2015MM07,96.9
19208,A6,318600,19208,1.3,-0.3,2015MM08,96.6
19209,A6,318600,19209,1.4,0.0,2015MM09,96.6
19210,A6,318600,19210,-3.2,-4.6,2015MM10,92.2
19211,A6,318600,19211,-3.3,0.0,2015MM11,92.2
19212,A6,318600,19212,-3.3,0.0,2015MM12,92.2
19214,A6,318600,19214,-4.7,-0.2,2016MM01,92.0
19215,A6,318600,19215,-4.4,0.1,2016MM02,92.1
19216,A6,318600,19216,-4.5,0.0,2016MM03,92.1
19217,A6,318600,19217,-4.8,0.0,2016MM04,92.1
19218,A6,318600,19218,-4.9,0.0,2016MM05,92.0
19219,A6,318600,19219,-4.9,-0.1,2016MM06,92.0
19220,A6,318600,19220,-4.9,0.1,2016MM07,92.1
19221,A6,318600,19221,-4.7,0.0,2016MM08,92.1
19222,A6,318600,19222,-4.7,0.0,2016MM09,92.1
19223,A6,318600,19223,-0.1,0.0,2016MM10,92.1
19224,A6,318600,19224,-0.1,0.0,2016MM11,92.1
19225,A6,318600,19225,-0.1,0.0,2016MM12,92.1
19227,A6,318600,19227,-1.4,-1.5,2017MM01,90.7
19228,A6,318600,19228,-1.4,0.1,2017MM02,90.8
19229,A6,318600,19229,-1.4,0.0,2017MM03,90.8
19230,A6,318600,19230,-1.0,0.3,2017MM04,91.1
19231,A6,318600,19231,-1.0,0.0,2017MM05,91.1
19232,A6,318600,19232,-1.0,0.0,2017MM06,91.0
19233,A6,318600,19233,-0.4,0.7,2017MM07,91.7
19234,A6,318600,19234,-0.4,0.1,2017MM08,91.7
19235,A6,318600,19235,-0.5,-0.1,2017MM09,91.7
19236,A6,318600,19236,-0.5,0.0,2017MM10,91.6
19237,A6,318600,19237,-0.6,-0.1,2017MM11,91.5
19238,A6,318600,19238,-0.5,0.1,2017MM12,91.6
