,Afzet,BedrijfstakkenBranchesSBI2008,ID,OntwikkelingTOV1JaarEerder_2,OntwikkelingTOV1MaandEerder_3,Perioden,ProducentenprijsindexPPI_1
83213,A5,318600,83213,-0.276923076923,0.05,1981MM01,97.5
83214,A5,318600,83214,-0.253846153846,0.0,1981MM02,97.5
83215,A5,318600,83215,-0.230769230769,0.0,1981MM03,97.5
83216,A5,318600,83216,-0.207692307692,0.0,1981MM04,97.5
83217,A5,318600,83217,-0.184615384615,0.0,1981MM05,97.5
83218,A5,318600,83218,-0.161538461538,0.0,1981MM06,97.5
83219,A5,318600,83219,-0.138461538462,0.0,1981MM07,97.5
83220,A5,318600,83220,-0.115384615385,0.0,1981MM08,97.5
83221,A5,318600,83221,-0.0923076923077,0.0,1981MM09,97.5
83222,A5,318600,83222,-0.0692307692308,0.0,1981MM10,97.5
83223,A5,318600,83223,-0.0461538461538,0.0,1981MM11,97.5
83224,A5,318600,83224,-0.0230769230769,0.0,1981MM12,97.5
83226,A5,318600,83226,0.0,0.0,1982MM01,97.5
83227,A5,318600,83227,0.0,0.0,1982MM02,97.5
83228,A5,318600,83228,0.0,0.0,1982MM03,97.5
83229,A5,318600,83229,0.0,0.0,1982MM04,97.5
83230,A5,318600,83230,0.0,0.0,1982MM05,97.5
83231,A5,318600,83231,0.0,0.0,1982MM06,97.5
83232,A5,318600,83232,0.0,0.0,1982MM07,97.5
83233,A5,318600,83233,0.0,0.0,1982MM08,97.5
83234,A5,318600,83234,0.0,0.0,1982MM09,97.5
83235,A5,318600,83235,0.0,0.0,1982MM10,97.5
83236,A5,318600,83236,0.0,0.0,1982MM11,97.5
83237,A5,318600,83237,0.0,0.0,1982MM12,97.5
83239,A5,318600,83239,0.0,0.0,1983MM01,97.5
83240,A5,318600,83240,0.0,0.0,1983MM02,97.5
83241,A5,318600,83241,0.0,0.0,1983MM03,97.5
83242,A5,318600,83242,0.0,0.0,1983MM04,97.5
83243,A5,318600,83243,0.0,0.0,1983MM05,97.5
83244,A5,318600,83244,0.0,0.0,1983MM06,97.5
83245,A5,318600,83245,0.0,0.0,1983MM07,97.5
83246,A5,318600,83246,0.0,0.0,1983MM08,97.5
83247,A5,318600,83247,0.0,0.0,1983MM09,97.5
83248,A5,318600,83248,0.0,0.0,1983MM10,97.5
83249,A5,318600,83249,0.0,0.0,1983MM11,97.5
83250,A5,318600,83250,0.0,0.0,1983MM12,97.5
83252,A5,318600,83252,0.0,0.0,1984MM01,97.5
83253,A5,318600,83253,0.0,0.0,1984MM02,97.5
83254,A5,318600,83254,0.0,0.0,1984MM03,97.5
83255,A5,318600,83255,0.0,0.0,1984MM04,97.5
83256,A5,318600,83256,0.0,0.0,1984MM05,97.5
83257,A5,318600,83257,0.0,0.0,1984MM06,97.5
83258,A5,318600,83258,0.0,0.0,1984MM07,97.5
83259,A5,318600,83259,0.0,0.0,1984MM08,97.5
83260,A5,318600,83260,0.0,0.0,1984MM09,97.5
83261,A5,318600,83261,0.0,0.0,1984MM10,97.5
83262,A5,318600,83262,0.0,0.0,1984MM11,97.5
83263,A5,318600,83263,0.0,0.0,1984MM12,97.5
83265,A5,318600,83265,0.0,0.0,1985MM01,97.5
83266,A5,318600,83266,0.1,0.1,1985MM02,97.6
83267,A5,318600,83267,0.3,0.2,1985MM03,97.7
83268,A5,318600,83268,0.2,0.0,1985MM04,97.7
83269,A5,318600,83269,0.2,0.0,1985MM05,97.7
83270,A5,318600,83270,0.3,0.1,1985MM06,97.8
83271,A5,318600,83271,-0.1,-0.4,1985MM07,97.3
83272,A5,318600,83272,-0.1,0.0,1985MM08,97.3
83273,A5,318600,83273,-0.2,-0.1,1985MM09,97.2
83274,A5,318600,83274,-0.2,0.0,1985MM10,97.3
83275,A5,318600,83275,-0.2,0.0,1985MM11,97.3
83276,A5,318600,83276,-0.2,0.0,1985MM12,97.3
83278,A5,318600,83278,-0.2,0.0,1986MM01,97.3
83279,A5,318600,83279,2.1,2.4,1986MM02,99.6
83280,A5,318600,83280,1.6,-0.3,1986MM03,99.4
83281,A5,318600,83281,1.6,-0.1,1986MM04,99.3
83282,A5,318600,83282,1.8,0.2,1986MM05,99.4
83283,A5,318600,83283,1.7,0.0,1986MM06,99.4
83284,A5,318600,83284,2.1,0.0,1986MM07,99.4
83285,A5,318600,83285,1.5,-0.6,1986MM08,98.8
83286,A5,318600,83286,1.6,0.0,1986MM09,98.8
83287,A5,318600,83287,2.3,0.7,1986MM10,99.5
83288,A5,318600,83288,2.4,0.1,1986MM11,99.6
83289,A5,318600,83289,3.4,1.0,1986MM12,100.6
83291,A5,318600,83291,3.4,0.0,1987MM01,100.6
83292,A5,318600,83292,1.0,0.0,1987MM02,100.6
83293,A5,318600,83293,3.3,2.1,1987MM03,102.7
83294,A5,318600,83294,2.4,-1.0,1987MM04,101.6
83295,A5,318600,83295,2.5,0.3,1987MM05,101.9
83296,A5,318600,83296,2.6,0.0,1987MM06,102.0
83297,A5,318600,83297,3.7,1.1,1987MM07,103.1
83298,A5,318600,83298,4.3,0.0,1987MM08,103.1
83299,A5,318600,83299,4.4,0.0,1987MM09,103.1
83300,A5,318600,83300,3.3,-0.3,1987MM10,102.8
83301,A5,318600,83301,3.3,0.0,1987MM11,102.8
83302,A5,318600,83302,2.8,0.5,1987MM12,103.4
83304,A5,318600,83304,2.8,0.0,1988MM01,103.4
83305,A5,318600,83305,2.8,0.0,1988MM02,103.4
83306,A5,318600,83306,-0.8,-1.5,1988MM03,101.9
83307,A5,318600,83307,0.7,0.5,1988MM04,102.3
83308,A5,318600,83308,0.7,0.3,1988MM05,102.7
83309,A5,318600,83309,0.7,0.0,1988MM06,102.7
83310,A5,318600,83310,-1.0,-0.6,1988MM07,102.0
83311,A5,318600,83311,-1.2,-0.2,1988MM08,101.8
83312,A5,318600,83312,-1.3,0.0,1988MM09,101.8
83313,A5,318600,83313,-1.1,-0.1,1988MM10,101.7
83314,A5,318600,83314,-0.8,0.3,1988MM11,102.0
83315,A5,318600,83315,-1.1,0.2,1988MM12,102.2
83317,A5,318600,83317,-1.3,-0.2,1989MM01,102.0
83318,A5,318600,83318,-1.1,0.3,1989MM02,102.3
83319,A5,318600,83319,0.4,0.0,1989MM03,102.3
83320,A5,318600,83320,-0.1,0.0,1989MM04,102.3
83321,A5,318600,83321,1.7,2.1,1989MM05,104.4
83322,A5,318600,83322,1.8,0.1,1989MM06,104.5
83323,A5,318600,83323,2.4,0.0,1989MM07,104.5
83324,A5,318600,83324,2.5,-0.2,1989MM08,104.3
83325,A5,318600,83325,2.6,0.1,1989MM09,104.4
83326,A5,318600,83326,2.9,0.2,1989MM10,104.7
83327,A5,318600,83327,2.6,0.0,1989MM11,104.7
83328,A5,318600,83328,2.9,0.5,1989MM12,105.2
83330,A5,318600,83330,3.4,0.2,1990MM01,105.5
83331,A5,318600,83331,2.2,-0.9,1990MM02,104.5
83332,A5,318600,83332,2.6,0.4,1990MM03,104.9
83333,A5,318600,83333,2.1,-0.5,1990MM04,104.4
83334,A5,318600,83334,1.0,1.0,1990MM05,105.4
83335,A5,318600,83335,1.3,0.5,1990MM06,105.9
83336,A5,318600,83336,1.7,0.3,1990MM07,106.3
83337,A5,318600,83337,3.1,1.3,1990MM08,107.6
83338,A5,318600,83338,2.9,-0.2,1990MM09,107.4
83339,A5,318600,83339,2.9,0.2,1990MM10,107.7
83340,A5,318600,83340,2.7,-0.1,1990MM11,107.5
83341,A5,318600,83341,1.9,-0.3,1990MM12,107.3
83343,A5,318600,83343,1.4,-0.2,1991MM01,107.0
83344,A5,318600,83344,3.7,1.3,1991MM02,108.4
83345,A5,318600,83345,2.7,-0.6,1991MM03,107.8
83346,A5,318600,83346,4.1,0.8,1991MM04,108.7
83347,A5,318600,83347,3.0,-0.1,1991MM05,108.6
83348,A5,318600,83348,2.6,0.1,1991MM06,108.7
83349,A5,318600,83349,1.9,-0.4,1991MM07,108.3
83350,A5,318600,83350,0.6,0.0,1991MM08,108.3
83351,A5,318600,83351,0.4,-0.4,1991MM09,107.8
83352,A5,318600,83352,0.0,-0.1,1991MM10,107.7
83353,A5,318600,83353,0.3,0.2,1991MM11,107.9
83354,A5,318600,83354,1.0,0.4,1991MM12,108.4
83356,A5,318600,83356,1.0,-0.3,1992MM01,108.1
83357,A5,318600,83357,0.0,0.3,1992MM02,108.4
83358,A5,318600,83358,1.0,0.4,1992MM03,108.8
83359,A5,318600,83359,-0.7,-0.9,1992MM04,107.9
83360,A5,318600,83360,-0.1,0.6,1992MM05,108.5
83361,A5,318600,83361,0.1,0.3,1992MM06,108.8
83362,A5,318600,83362,1.3,0.8,1992MM07,109.7
83363,A5,318600,83363,0.9,-0.4,1992MM08,109.3
83364,A5,318600,83364,1.1,-0.2,1992MM09,109.0
83365,A5,318600,83365,1.3,0.0,1992MM10,109.0
83366,A5,318600,83366,1.8,0.7,1992MM11,109.8
83367,A5,318600,83367,0.2,-1.1,1992MM12,108.6
83369,A5,318600,83369,0.5,-0.1,1993MM01,108.6
83370,A5,318600,83370,0.0,-0.2,1993MM02,108.4
83371,A5,318600,83371,0.0,0.4,1993MM03,108.8
83372,A5,318600,83372,-1.3,-2.2,1993MM04,106.4
83373,A5,318600,83373,0.1,2.0,1993MM05,108.6
83374,A5,318600,83374,-0.1,0.1,1993MM06,108.7
83375,A5,318600,83375,-1.0,0.0,1993MM07,108.7
83376,A5,318600,83376,-3.6,-3.0,1993MM08,105.4
83377,A5,318600,83377,-2.8,0.5,1993MM09,106.0
83378,A5,318600,83378,-2.2,0.7,1993MM10,106.7
83379,A5,318600,83379,-3.9,-1.0,1993MM11,105.6
83380,A5,318600,83380,-2.6,0.3,1993MM12,105.9
83382,A5,318600,83382,-2.1,0.4,1994MM01,106.3
83383,A5,318600,83383,-2.9,-1.1,1994MM02,105.2
83384,A5,318600,83384,-3.3,0.0,1994MM03,105.2
83385,A5,318600,83385,-1.6,-0.4,1994MM04,104.8
83386,A5,318600,83386,-3.1,0.4,1994MM05,105.2
83387,A5,318600,83387,-2.0,1.3,1994MM06,106.6
83388,A5,318600,83388,-2.0,0.0,1994MM07,106.5
83389,A5,318600,83389,1.0,0.0,1994MM08,106.5
83390,A5,318600,83390,0.2,-0.3,1994MM09,106.2
83391,A5,318600,83391,-1.9,-1.5,1994MM10,104.6
83392,A5,318600,83392,-1.7,-0.9,1994MM11,103.7
83393,A5,318600,83393,-0.9,1.1,1994MM12,104.9
83395,A5,318600,83395,-2.4,-1.1,1995MM01,103.8
83396,A5,318600,83396,-1.3,0.0,1995MM02,103.8
83397,A5,318600,83397,-1.4,0.0,1995MM03,103.7
83398,A5,318600,83398,-0.1,0.9,1995MM04,104.6
83399,A5,318600,83399,-0.5,0.1,1995MM05,104.7
83400,A5,318600,83400,-1.6,0.1,1995MM06,104.8
83401,A5,318600,83401,0.4,2.0,1995MM07,106.9
83402,A5,318600,83402,0.6,0.2,1995MM08,107.1
83403,A5,318600,83403,0.9,0.0,1995MM09,107.1
83404,A5,318600,83404,1.6,-0.7,1995MM10,106.4
83405,A5,318600,83405,2.6,0.0,1995MM11,106.4
83406,A5,318600,83406,1.5,0.0,1995MM12,106.5
83408,A5,318600,83408,2.5,-0.1,1996MM01,106.4
83409,A5,318600,83409,2.5,0.0,1996MM02,106.4
83410,A5,318600,83410,2.5,0.0,1996MM03,106.4
83411,A5,318600,83411,1.3,-0.3,1996MM04,106.0
83412,A5,318600,83412,1.3,0.1,1996MM05,106.1
83413,A5,318600,83413,1.2,0.0,1996MM06,106.1
83414,A5,318600,83414,-1.0,-0.2,1996MM07,105.9
83415,A5,318600,83415,-1.2,-0.1,1996MM08,105.8
83416,A5,318600,83416,-1.2,0.0,1996MM09,105.8
83417,A5,318600,83417,-0.7,-0.2,1996MM10,105.7
83418,A5,318600,83418,-0.7,0.0,1996MM11,105.7
83419,A5,318600,83419,-0.7,0.0,1996MM12,105.7
83421,A5,318600,83421,-0.5,0.2,1997MM01,105.8
83422,A5,318600,83422,-0.5,0.0,1997MM02,105.8
83423,A5,318600,83423,-0.5,0.0,1997MM03,105.8
83424,A5,318600,83424,-0.1,0.1,1997MM04,105.9
83425,A5,318600,83425,-0.2,0.0,1997MM05,105.9
83426,A5,318600,83426,-0.2,0.0,1997MM06,105.9
83427,A5,318600,83427,0.0,0.0,1997MM07,105.9
83428,A5,318600,83428,0.1,0.0,1997MM08,105.9
83429,A5,318600,83429,0.1,0.0,1997MM09,105.9
83430,A5,318600,83430,0.5,0.2,1997MM10,106.1
83431,A5,318600,83431,0.5,0.0,1997MM11,106.1
83432,A5,318600,83432,0.4,0.0,1997MM12,106.1
83434,A5,318600,83434,0.4,0.1,1998MM01,106.3
83435,A5,318600,83435,0.4,0.0,1998MM02,106.3
83436,A5,318600,83436,0.4,0.0,1998MM03,106.3
83437,A5,318600,83437,0.5,0.2,1998MM04,106.4
83438,A5,318600,83438,0.5,0.0,1998MM05,106.4
83439,A5,318600,83439,0.5,0.0,1998MM06,106.4
83440,A5,318600,83440,0.5,-0.1,1998MM07,106.4
83441,A5,318600,83441,0.5,0.0,1998MM08,106.4
83442,A5,318600,83442,0.4,0.0,1998MM09,106.3
83443,A5,318600,83443,0.3,0.1,1998MM10,106.5
83444,A5,318600,83444,0.3,0.0,1998MM11,106.5
83445,A5,318600,83445,0.4,0.1,1998MM12,106.6
83447,A5,318600,83447,0.2,-0.1,1999MM01,106.5
83448,A5,318600,83448,0.1,0.0,1999MM02,106.4
83449,A5,318600,83449,0.1,0.0,1999MM03,106.4
83450,A5,318600,83450,-0.1,-0.1,1999MM04,106.3
83451,A5,318600,83451,-0.1,0.0,1999MM05,106.3
83452,A5,318600,83452,-0.1,0.0,1999MM06,106.3
83453,A5,318600,83453,-0.1,-0.1,1999MM07,106.2
83454,A5,318600,83454,-0.1,0.0,1999MM08,106.2
83455,A5,318600,83455,0.0,0.1,1999MM09,106.4
83456,A5,318600,83456,0.0,0.1,1999MM10,106.4
83457,A5,318600,83457,0.0,0.0,1999MM11,106.5
83458,A5,318600,83458,-0.1,0.0,1999MM12,106.5
83460,A5,318600,83460,0.4,0.3,2000MM01,106.8
83461,A5,318600,83461,0.5,0.1,2000MM02,106.9
83462,A5,318600,83462,0.5,0.1,2000MM03,107.0
83463,A5,318600,83463,1.7,1.1,2000MM04,108.1
83464,A5,318600,83464,2.0,0.3,2000MM05,108.4
83465,A5,318600,83465,2.1,0.2,2000MM06,108.6
83466,A5,318600,83466,3.8,1.6,2000MM07,110.3
83467,A5,318600,83467,3.8,0.0,2000MM08,110.3
83468,A5,318600,83468,4.0,0.3,2000MM09,110.6
83469,A5,318600,83469,3.4,-0.4,2000MM10,110.1
83470,A5,318600,83470,3.7,0.3,2000MM11,110.4
83471,A5,318600,83471,3.6,-0.1,2000MM12,110.3
83473,A5,318600,83473,4.8,1.5,2001MM01,112.0
83474,A5,318600,83474,4.8,0.0,2001MM02,112.0
83475,A5,318600,83475,4.6,-0.1,2001MM03,111.9
83476,A5,318600,83476,3.0,-0.5,2001MM04,111.3
83477,A5,318600,83477,2.5,-0.1,2001MM05,111.2
83478,A5,318600,83478,2.2,-0.2,2001MM06,110.9
83479,A5,318600,83479,0.1,-0.5,2001MM07,110.4
83480,A5,318600,83480,0.2,0.0,2001MM08,110.4
83481,A5,318600,83481,-0.3,-0.1,2001MM09,110.3
83482,A5,318600,83482,0.5,0.3,2001MM10,110.6
83483,A5,318600,83483,-0.2,-0.4,2001MM11,110.2
83484,A5,318600,83484,-0.2,-0.2,2001MM12,110.0
83486,A5,318600,83486,-1.7,0.1,2002MM01,110.1
83487,A5,318600,83487,-1.6,0.1,2002MM02,110.2
83488,A5,318600,83488,-1.5,0.1,2002MM03,110.3
83489,A5,318600,83489,-1.5,-0.6,2002MM04,109.6
83490,A5,318600,83490,-1.5,-0.1,2002MM05,109.5
83491,A5,318600,83491,-1.4,-0.1,2002MM06,109.4
83492,A5,318600,83492,-0.8,0.1,2002MM07,109.6
83493,A5,318600,83493,-0.4,0.4,2002MM08,110.0
83494,A5,318600,83494,0.2,0.5,2002MM09,110.5
83495,A5,318600,83495,-0.5,-0.3,2002MM10,110.1
83496,A5,318600,83496,-0.1,0.0,2002MM11,110.1
83497,A5,318600,83497,0.1,0.0,2002MM12,110.1
83499,A5,318600,83499,-0.1,-0.1,2003MM01,109.9
83500,A5,318600,83500,-0.3,-0.1,2003MM02,109.8
83501,A5,318600,83501,-0.3,0.1,2003MM03,109.9
83502,A5,318600,83502,-0.1,-0.4,2003MM04,109.5
83503,A5,318600,83503,-0.1,0.0,2003MM05,109.4
83504,A5,318600,83504,-0.2,-0.2,2003MM06,109.2
83505,A5,318600,83505,-1.7,-1.5,2003MM07,107.6
83506,A5,318600,83506,-2.2,0.0,2003MM08,107.6
83507,A5,318600,83507,-2.6,0.0,2003MM09,107.6
83508,A5,318600,83508,-2.9,-0.5,2003MM10,107.0
83509,A5,318600,83509,-2.8,0.0,2003MM11,107.0
83510,A5,318600,83510,-3.0,-0.2,2003MM12,106.8
83512,A5,318600,83512,-2.0,0.9,2004MM01,107.7
83513,A5,318600,83513,-1.8,0.1,2004MM02,107.8
83514,A5,318600,83514,-1.8,0.1,2004MM03,107.9
83515,A5,318600,83515,-2.1,-0.7,2004MM04,107.2
83516,A5,318600,83516,-2.3,-0.2,2004MM05,107.0
83517,A5,318600,83517,-2.2,-0.2,2004MM06,106.8
83518,A5,318600,83518,-1.5,-0.7,2004MM07,106.1
83519,A5,318600,83519,-1.4,0.0,2004MM08,106.1
83520,A5,318600,83520,-1.7,-0.3,2004MM09,105.7
83521,A5,318600,83521,-1.0,0.2,2004MM10,105.9
83522,A5,318600,83522,-1.1,0.0,2004MM11,105.8
83523,A5,318600,83523,-1.1,-0.2,2004MM12,105.7
83525,A5,318600,83525,-0.846153846154,-0.1,2005MM01,106.4
83526,A5,318600,83526,-0.592307692308,0.0,2005MM02,106.3
83527,A5,318600,83527,-0.338461538462,0.0,2005MM03,106.3
83528,A5,318600,83528,-0.0846153846154,0.1,2005MM04,106.4
83529,A5,318600,83529,0.169230769231,0.0,2005MM05,106.4
83530,A5,318600,83530,0.423076923077,0.0,2005MM06,106.4
83531,A5,318600,83531,0.676923076923,0.5,2005MM07,106.9
83532,A5,318600,83532,0.930769230769,-0.1,2005MM08,106.7
83533,A5,318600,83533,1.18461538462,0.1,2005MM09,106.8
83534,A5,318600,83534,1.43846153846,1.4,2005MM10,108.3
83535,A5,318600,83535,1.69230769231,0.1,2005MM11,108.4
83536,A5,318600,83536,1.94615384615,0.0,2005MM12,108.5
83538,A5,318600,83538,2.2,0.2,2006MM01,108.6
83539,A5,318600,83539,2.3,0.1,2006MM02,108.8
83540,A5,318600,83540,2.5,0.1,2006MM03,108.9
83541,A5,318600,83541,1.6,-0.7,2006MM04,108.1
83542,A5,318600,83542,1.6,0.0,2006MM05,108.1
83543,A5,318600,83543,1.5,-0.1,2006MM06,108.0
83544,A5,318600,83544,-2.3,-3.3,2006MM07,104.5
83545,A5,318600,83545,-2.1,0.0,2006MM08,104.5
83546,A5,318600,83546,-1.6,0.6,2006MM09,105.1
83547,A5,318600,83547,-2.7,0.2,2006MM10,105.3
83548,A5,318600,83548,-2.8,0.1,2006MM11,105.4
83549,A5,318600,83549,-2.9,0.0,2006MM12,105.4
83551,A5,318600,83551,-3.0,0.0,2007MM01,105.3
83552,A5,318600,83552,-3.1,0.1,2007MM02,105.5
83553,A5,318600,83553,-3.1,0.0,2007MM03,105.5
83554,A5,318600,83554,-2.3,0.1,2007MM04,105.6
83555,A5,318600,83555,-2.3,0.1,2007MM05,105.7
83556,A5,318600,83556,-1.9,0.2,2007MM06,105.9
83557,A5,318600,83557,-0.8,-2.1,2007MM07,103.7
83558,A5,318600,83558,-0.6,0.1,2007MM08,103.8
83559,A5,318600,83559,-1.4,-0.1,2007MM09,103.7
83560,A5,318600,83560,-1.6,0.0,2007MM10,103.6
83561,A5,318600,83561,-1.9,-0.2,2007MM11,103.4
83562,A5,318600,83562,-2.0,-0.1,2007MM12,103.3
83564,A5,318600,83564,-1.7,0.3,2008MM01,103.6
83565,A5,318600,83565,-1.8,0.0,2008MM02,103.5
83566,A5,318600,83566,-2.1,-0.2,2008MM03,103.3
83567,A5,318600,83567,-2.0,0.2,2008MM04,103.5
83568,A5,318600,83568,-2.2,-0.1,2008MM05,103.4
83569,A5,318600,83569,-2.4,0.0,2008MM06,103.4
83570,A5,318600,83570,1.0,1.3,2008MM07,104.7
83571,A5,318600,83571,0.6,-0.3,2008MM08,104.4
83572,A5,318600,83572,0.8,0.0,2008MM09,104.4
83573,A5,318600,83573,0.9,0.1,2008MM10,104.6
83574,A5,318600,83574,0.7,-0.4,2008MM11,104.1
83575,A5,318600,83575,0.1,-0.8,2008MM12,103.3
83577,A5,318600,83577,-2.5,-2.3,2009MM01,101.0
83578,A5,318600,83578,-1.7,0.7,2009MM02,101.7
83579,A5,318600,83579,-1.8,-0.3,2009MM03,101.4
83580,A5,318600,83580,-2.5,-0.5,2009MM04,100.9
83581,A5,318600,83581,-2.4,0.0,2009MM05,100.9
83582,A5,318600,83582,-2.5,-0.1,2009MM06,100.8
83583,A5,318600,83583,-4.3,-0.6,2009MM07,100.2
83584,A5,318600,83584,-4.2,-0.1,2009MM08,100.1
83585,A5,318600,83585,-4.3,-0.1,2009MM09,99.9
83586,A5,318600,83586,-4.7,-0.3,2009MM10,99.7
83587,A5,318600,83587,-4.0,0.3,2009MM11,100.0
83588,A5,318600,83588,-3.2,0.0,2009MM12,100.0
83590,A5,318600,83590,-2.3,-1.3,2010MM01,98.7
83591,A5,318600,83591,-2.9,0.1,2010MM02,98.8
83592,A5,318600,83592,-2.8,-0.2,2010MM03,98.6
83593,A5,318600,83593,-1.7,0.6,2010MM04,99.1
83594,A5,318600,83594,-1.3,0.4,2010MM05,99.5
83595,A5,318600,83595,-0.9,0.4,2010MM06,99.9
83596,A5,318600,83596,0.5,0.7,2010MM07,100.6
83597,A5,318600,83597,0.7,0.2,2010MM08,100.8
83598,A5,318600,83598,0.8,0.0,2010MM09,100.7
83599,A5,318600,83599,1.4,0.3,2010MM10,101.1
83600,A5,318600,83600,1.1,0.0,2010MM11,101.1
83601,A5,318600,83601,1.1,0.0,2010MM12,101.0
83603,A5,318600,83603,2.5,0.2,2011MM01,101.2
83604,A5,318600,83604,2.3,-0.1,2011MM02,101.1
83605,A5,318600,83605,3.3,0.7,2011MM03,101.9
83606,A5,318600,83606,3.8,1.0,2011MM04,102.9
83607,A5,318600,83607,3.4,0.0,2011MM05,102.9
83608,A5,318600,83608,3.2,0.1,2011MM06,103.1
83609,A5,318600,83609,2.4,0.0,2011MM07,103.1
83610,A5,318600,83610,2.2,0.0,2011MM08,103.0
83611,A5,318600,83611,2.2,-0.1,2011MM09,102.9
83612,A5,318600,83612,1.7,-0.1,2011MM10,102.8
83613,A5,318600,83613,1.6,-0.1,2011MM11,102.7
83614,A5,318600,83614,1.5,-0.1,2011MM12,102.6
83616,A5,318600,83616,1.2,-0.2,2012MM01,102.4
83617,A5,318600,83617,1.3,0.0,2012MM02,102.4
83618,A5,318600,83618,0.6,0.0,2012MM03,102.4
83619,A5,318600,83619,-0.7,-0.2,2012MM04,102.2
83620,A5,318600,83620,-0.7,0.0,2012MM05,102.2
83621,A5,318600,83621,-0.9,-0.1,2012MM06,102.2
83622,A5,318600,83622,-0.7,0.1,2012MM07,102.3
83623,A5,318600,83623,-0.8,-0.1,2012MM08,102.2
83624,A5,318600,83624,-0.7,0.0,2012MM09,102.2
83625,A5,318600,83625,-0.2,0.3,2012MM10,102.6
83626,A5,318600,83626,-0.1,0.0,2012MM11,102.5
83627,A5,318600,83627,-0.1,0.0,2012MM12,102.5
83629,A5,318600,83629,-0.6,-0.7,2013MM01,101.7
83630,A5,318600,83630,-0.5,0.1,2013MM02,101.9
83631,A5,318600,83631,-0.6,0.0,2013MM03,101.9
83632,A5,318600,83632,-1.0,-0.7,2013MM04,101.2
83633,A5,318600,83633,-1.0,0.1,2013MM05,101.2
83634,A5,318600,83634,-1.0,0.0,2013MM06,101.2
83635,A5,318600,83635,-0.9,0.2,2013MM07,101.4
83636,A5,318600,83636,-0.6,0.2,2013MM08,101.6
83637,A5,318600,83637,-0.7,0.0,2013MM09,101.6
83638,A5,318600,83638,-0.8,0.2,2013MM10,101.8
83639,A5,318600,83639,-0.7,0.1,2013MM11,101.9
83640,A5,318600,83640,-0.6,0.0,2013MM12,101.8
83642,A5,318600,83642,0.7,0.6,2014MM01,102.4
83643,A5,318600,83643,0.6,0.0,2014MM02,102.5
83644,A5,318600,83644,0.5,-0.1,2014MM03,102.4
83645,A5,318600,83645,3.5,2.3,2014MM04,104.7
83646,A5,318600,83646,3.5,0.0,2014MM05,104.8
83647,A5,318600,83647,3.5,0.0,2014MM06,104.7
83648,A5,318600,83648,3.1,-0.2,2014MM07,104.6
83649,A5,318600,83649,3.0,0.1,2014MM08,104.7
83650,A5,318600,83650,3.0,0.0,2014MM09,104.7
83651,A5,318600,83651,1.9,-0.9,2014MM10,103.7
83652,A5,318600,83652,1.8,0.0,2014MM11,103.7
83653,A5,318600,83653,1.9,0.0,2014MM12,103.7
83655,A5,318600,83655,0.2,-1.0,2015MM01,102.7
83656,A5,318600,83656,0.2,0.1,2015MM02,102.7
83657,A5,318600,83657,0.5,0.1,2015MM03,102.9
83658,A5,318600,83658,-1.9,-0.1,2015MM04,102.7
83659,A5,318600,83659,-1.9,0.0,2015MM05,102.8
83660,A5,318600,83660,-1.9,0.0,2015MM06,102.7
83661,A5,318600,83661,-1.3,0.5,2015MM07,103.2
83662,A5,318600,83662,-1.4,0.0,2015MM08,103.2
83663,A5,318600,83663,-1.3,0.0,2015MM09,103.3
83664,A5,318600,83664,0.4,0.8,2015MM10,104.1
83665,A5,318600,83665,0.5,0.1,2015MM11,104.2
83666,A5,318600,83666,0.4,-0.1,2015MM12,104.1
83668,A5,318600,83668,3.8,2.3,2016MM01,106.5
83669,A5,318600,83669,3.7,-0.1,2016MM02,106.5
83670,A5,318600,83670,3.5,-0.1,2016MM03,106.4
83671,A5,318600,83671,3.2,-0.4,2016MM04,106.0
83672,A5,318600,83672,3.2,0.0,2016MM05,106.1
83673,A5,318600,83673,3.1,-0.1,2016MM06,105.9
83674,A5,318600,83674,3.5,0.8,2016MM07,106.8
83675,A5,318600,83675,3.5,0.0,2016MM08,106.9
83676,A5,318600,83676,3.5,0.0,2016MM09,106.9
83677,A5,318600,83677,1.8,-0.9,2016MM10,106.0
83678,A5,318600,83678,1.7,0.0,2016MM11,106.0
83679,A5,318600,83679,1.9,0.2,2016MM12,106.2
83681,A5,318600,83681,-1.8,-1.4,2017MM01,104.6
83682,A5,318600,83682,-1.6,0.1,2017MM02,104.7
83683,A5,318600,83683,-1.5,0.1,2017MM03,104.8
83684,A5,318600,83684,-0.9,0.3,2017MM04,105.1
83685,A5,318600,83685,-1.0,0.0,2017MM05,105.0
83686,A5,318600,83686,-0.9,0.0,2017MM06,105.0
83687,A5,318600,83687,-1.6,0.1,2017MM07,105.1
83688,A5,318600,83688,-1.6,0.0,2017MM08,105.2
83689,A5,318600,83689,-1.6,0.0,2017MM09,105.2
83690,A5,318600,83690,-1.6,-0.9,2017MM10,104.2
83691,A5,318600,83691,-1.6,0.1,2017MM11,104.3
83692,A5,318600,83692,-1.7,0.0,2017MM12,104.3
