,Afzet,BedrijfstakkenBranchesSBI2008,ID,OntwikkelingTOV1JaarEerder_2,OntwikkelingTOV1MaandEerder_3,Perioden,ProducentenprijsindexPPI_1
50986,A4,318600,50986,-0.461538461538,0.05,1981MM01,100.2
50987,A4,318600,50987,-0.423076923077,0.0,1981MM02,100.2
50988,A4,318600,50988,-0.384615384615,0.0,1981MM03,100.2
50989,A4,318600,50989,-0.346153846154,0.0,1981MM04,100.2
50990,A4,318600,50990,-0.307692307692,0.0,1981MM05,100.2
50991,A4,318600,50991,-0.269230769231,0.0,1981MM06,100.2
50992,A4,318600,50992,-0.230769230769,0.0,1981MM07,100.2
50993,A4,318600,50993,-0.192307692308,0.0,1981MM08,100.2
50994,A4,318600,50994,-0.153846153846,0.0,1981MM09,100.2
50995,A4,318600,50995,-0.115384615385,0.0,1981MM10,100.2
50996,A4,318600,50996,-0.0769230769231,0.0,1981MM11,100.2
50997,A4,318600,50997,-0.0384615384615,0.0,1981MM12,100.2
50999,A4,318600,50999,0.0,0.0,1982MM01,100.2
51000,A4,318600,51000,0.0,0.0,1982MM02,100.2
51001,A4,318600,51001,0.0,0.0,1982MM03,100.2
51002,A4,318600,51002,0.0,0.0,1982MM04,100.2
51003,A4,318600,51003,0.0,0.0,1982MM05,100.2
51004,A4,318600,51004,0.0,0.0,1982MM06,100.2
51005,A4,318600,51005,0.0,0.0,1982MM07,100.2
51006,A4,318600,51006,0.0,0.0,1982MM08,100.2
51007,A4,318600,51007,0.0,0.0,1982MM09,100.2
51008,A4,318600,51008,0.0,0.0,1982MM10,100.2
51009,A4,318600,51009,0.0,0.0,1982MM11,100.2
51010,A4,318600,51010,0.0,0.0,1982MM12,100.2
51012,A4,318600,51012,0.0,0.0,1983MM01,100.2
51013,A4,318600,51013,0.0,0.0,1983MM02,100.2
51014,A4,318600,51014,0.0,0.0,1983MM03,100.2
51015,A4,318600,51015,0.0,0.0,1983MM04,100.2
51016,A4,318600,51016,0.0,0.0,1983MM05,100.2
51017,A4,318600,51017,0.0,0.0,1983MM06,100.2
51018,A4,318600,51018,0.0,0.0,1983MM07,100.2
51019,A4,318600,51019,0.0,0.0,1983MM08,100.2
51020,A4,318600,51020,0.0,0.0,1983MM09,100.2
51021,A4,318600,51021,0.0,0.0,1983MM10,100.2
51022,A4,318600,51022,0.0,0.0,1983MM11,100.2
51023,A4,318600,51023,0.0,0.0,1983MM12,100.2
51025,A4,318600,51025,0.0,0.0,1984MM01,100.2
51026,A4,318600,51026,0.0,0.0,1984MM02,100.2
51027,A4,318600,51027,0.0,0.0,1984MM03,100.2
51028,A4,318600,51028,0.0,0.0,1984MM04,100.2
51029,A4,318600,51029,0.0,0.0,1984MM05,100.2
51030,A4,318600,51030,0.0,0.0,1984MM06,100.2
51031,A4,318600,51031,0.0,0.0,1984MM07,100.2
51032,A4,318600,51032,0.0,0.0,1984MM08,100.2
51033,A4,318600,51033,0.0,0.0,1984MM09,100.2
51034,A4,318600,51034,0.0,0.0,1984MM10,100.2
51035,A4,318600,51035,0.0,0.0,1984MM11,100.2
51036,A4,318600,51036,0.0,0.0,1984MM12,100.2
51038,A4,318600,51038,0.0,0.0,1985MM01,100.2
51039,A4,318600,51039,-0.2,-0.2,1985MM02,100.0
51040,A4,318600,51040,-0.1,0.0,1985MM03,100.1
51041,A4,318600,51041,-0.1,0.0,1985MM04,100.1
51042,A4,318600,51042,0.0,0.1,1985MM05,100.2
51043,A4,318600,51043,0.0,0.0,1985MM06,100.2
51044,A4,318600,51044,0.0,0.0,1985MM07,100.2
51045,A4,318600,51045,0.0,0.0,1985MM08,100.2
51046,A4,318600,51046,0.1,0.0,1985MM09,100.2
51047,A4,318600,51047,0.1,0.1,1985MM10,100.3
51048,A4,318600,51048,0.1,0.0,1985MM11,100.3
51049,A4,318600,51049,0.1,0.0,1985MM12,100.3
51051,A4,318600,51051,0.1,0.0,1986MM01,100.3
51052,A4,318600,51052,1.1,0.9,1986MM02,101.2
51053,A4,318600,51053,0.8,-0.3,1986MM03,100.9
51054,A4,318600,51054,0.9,0.1,1986MM04,101.0
51055,A4,318600,51055,0.9,0.1,1986MM05,101.1
51056,A4,318600,51056,1.0,0.1,1986MM06,101.2
51057,A4,318600,51057,1.0,0.0,1986MM07,101.2
51058,A4,318600,51058,0.9,0.0,1986MM08,101.2
51059,A4,318600,51059,0.7,-0.2,1986MM09,100.9
51060,A4,318600,51060,0.6,0.0,1986MM10,100.9
51061,A4,318600,51061,0.7,0.1,1986MM11,101.0
51062,A4,318600,51062,1.3,0.5,1986MM12,101.5
51064,A4,318600,51064,1.3,0.0,1987MM01,101.6
51065,A4,318600,51065,0.1,-0.3,1987MM02,101.3
51066,A4,318600,51066,1.5,1.0,1987MM03,102.3
51067,A4,318600,51067,1.3,0.0,1987MM04,102.3
51068,A4,318600,51068,1.3,0.1,1987MM05,102.5
51069,A4,318600,51069,1.2,0.0,1987MM06,102.4
51070,A4,318600,51070,1.3,0.1,1987MM07,102.5
51071,A4,318600,51071,1.3,0.0,1987MM08,102.5
51072,A4,318600,51072,1.6,0.0,1987MM09,102.5
51073,A4,318600,51073,1.2,-0.3,1987MM10,102.2
51074,A4,318600,51074,1.2,0.0,1987MM11,102.3
51075,A4,318600,51075,0.7,0.0,1987MM12,102.3
51077,A4,318600,51077,0.6,0.0,1988MM01,102.2
51078,A4,318600,51078,1.0,0.1,1988MM02,102.3
51079,A4,318600,51079,0.0,0.0,1988MM03,102.3
51080,A4,318600,51080,0.9,0.9,1988MM04,103.2
51081,A4,318600,51081,0.3,-0.5,1988MM05,102.7
51082,A4,318600,51082,0.3,0.0,1988MM06,102.7
51083,A4,318600,51083,0.4,0.2,1988MM07,102.9
51084,A4,318600,51084,0.7,0.2,1988MM08,103.2
51085,A4,318600,51085,0.7,0.1,1988MM09,103.3
51086,A4,318600,51086,1.1,0.0,1988MM10,103.3
51087,A4,318600,51087,0.9,-0.1,1988MM11,103.1
51088,A4,318600,51088,1.0,0.1,1988MM12,103.3
51090,A4,318600,51090,1.0,0.0,1989MM01,103.3
51091,A4,318600,51091,1.3,0.3,1989MM02,103.6
51092,A4,318600,51092,1.3,0.0,1989MM03,103.6
51093,A4,318600,51093,0.4,0.0,1989MM04,103.6
51094,A4,318600,51094,2.5,1.6,1989MM05,105.4
51095,A4,318600,51095,2.1,-0.4,1989MM06,104.9
51096,A4,318600,51096,2.2,0.3,1989MM07,105.2
51097,A4,318600,51097,1.8,-0.2,1989MM08,105.0
51098,A4,318600,51098,1.7,0.0,1989MM09,105.0
51099,A4,318600,51099,1.8,0.1,1989MM10,105.1
51100,A4,318600,51100,2.2,0.3,1989MM11,105.4
51101,A4,318600,51101,2.2,0.1,1989MM12,105.6
51103,A4,318600,51103,2.2,0.0,1990MM01,105.6
51104,A4,318600,51104,1.1,-0.8,1990MM02,104.7
51105,A4,318600,51105,1.3,0.3,1990MM03,105.0
51106,A4,318600,51106,1.3,0.0,1990MM04,105.0
51107,A4,318600,51107,0.0,0.4,1990MM05,105.4
51108,A4,318600,51108,0.5,0.0,1990MM06,105.4
51109,A4,318600,51109,0.2,0.0,1990MM07,105.5
51110,A4,318600,51110,0.9,0.5,1990MM08,106.0
51111,A4,318600,51111,1.0,0.1,1990MM09,106.1
51112,A4,318600,51112,1.0,0.1,1990MM10,106.2
51113,A4,318600,51113,0.7,0.0,1990MM11,106.2
51114,A4,318600,51114,0.6,0.0,1990MM12,106.2
51116,A4,318600,51116,0.7,0.1,1991MM01,106.3
51117,A4,318600,51117,3.0,1.5,1991MM02,107.9
51118,A4,318600,51118,2.4,-0.4,1991MM03,107.5
51119,A4,318600,51119,2.6,0.2,1991MM04,107.7
51120,A4,318600,51120,2.4,0.2,1991MM05,107.9
51121,A4,318600,51121,2.4,0.0,1991MM06,107.9
51122,A4,318600,51122,2.3,0.0,1991MM07,107.9
51123,A4,318600,51123,1.8,0.0,1991MM08,107.9
51124,A4,318600,51124,1.7,0.0,1991MM09,107.9
51125,A4,318600,51125,1.6,0.0,1991MM10,107.9
51126,A4,318600,51126,1.7,0.1,1991MM11,108.0
51127,A4,318600,51127,1.6,-0.1,1991MM12,107.9
51129,A4,318600,51129,1.5,-0.1,1992MM01,107.8
51130,A4,318600,51130,0.0,0.1,1992MM02,107.9
51131,A4,318600,51131,1.5,1.1,1992MM03,109.1
51132,A4,318600,51132,1.0,-0.3,1992MM04,108.8
51133,A4,318600,51133,1.0,0.1,1992MM05,108.9
51134,A4,318600,51134,0.9,0.0,1992MM06,108.9
51135,A4,318600,51135,1.1,0.2,1992MM07,109.1
51136,A4,318600,51136,1.1,0.0,1992MM08,109.1
51137,A4,318600,51137,1.1,0.0,1992MM09,109.1
51138,A4,318600,51138,1.2,0.1,1992MM10,109.2
51139,A4,318600,51139,1.1,0.0,1992MM11,109.2
51140,A4,318600,51140,1.3,0.0,1992MM12,109.3
51142,A4,318600,51142,1.4,0.0,1993MM01,109.3
51143,A4,318600,51143,1.3,0.0,1993MM02,109.3
51144,A4,318600,51144,0.2,0.0,1993MM03,109.3
51145,A4,318600,51145,-0.9,-1.3,1993MM04,107.8
51146,A4,318600,51146,-0.3,0.7,1993MM05,108.6
51147,A4,318600,51147,-0.3,-0.1,1993MM06,108.5
51148,A4,318600,51148,-0.6,-0.1,1993MM07,108.5
51149,A4,318600,51149,-1.0,-0.4,1993MM08,108.0
51150,A4,318600,51150,-1.1,-0.1,1993MM09,107.9
51151,A4,318600,51151,-1.2,0.0,1993MM10,107.9
51152,A4,318600,51152,-1.6,-0.4,1993MM11,107.5
51153,A4,318600,51153,-1.7,-0.1,1993MM12,107.4
51155,A4,318600,51155,-1.9,-0.1,1994MM01,107.2
51156,A4,318600,51156,-2.4,-0.5,1994MM02,106.7
51157,A4,318600,51157,-2.3,0.0,1994MM03,106.7
51158,A4,318600,51158,-0.9,0.2,1994MM04,106.9
51159,A4,318600,51159,-2.4,-0.8,1994MM05,106.0
51160,A4,318600,51160,-2.3,0.1,1994MM06,106.1
51161,A4,318600,51161,-2.5,-0.3,1994MM07,105.7
51162,A4,318600,51162,-2.0,0.1,1994MM08,105.8
51163,A4,318600,51163,-2.0,0.0,1994MM09,105.8
51164,A4,318600,51164,-1.8,0.2,1994MM10,106.0
51165,A4,318600,51165,-1.2,0.2,1994MM11,106.2
51166,A4,318600,51166,-0.4,0.7,1994MM12,106.9
51168,A4,318600,51168,0.0,0.3,1995MM01,107.2
51169,A4,318600,51169,0.7,0.2,1995MM02,107.4
51170,A4,318600,51170,0.9,0.2,1995MM03,107.7
51171,A4,318600,51171,1.5,0.8,1995MM04,108.5
51172,A4,318600,51172,2.6,0.2,1995MM05,108.7
51173,A4,318600,51173,2.6,0.1,1995MM06,108.8
51174,A4,318600,51174,3.5,0.6,1995MM07,109.4
51175,A4,318600,51175,3.5,0.1,1995MM08,109.5
51176,A4,318600,51176,3.5,0.0,1995MM09,109.6
51177,A4,318600,51177,3.1,-0.3,1995MM10,109.3
51178,A4,318600,51178,2.9,0.0,1995MM11,109.3
51179,A4,318600,51179,2.1,0.0,1995MM12,109.2
51181,A4,318600,51181,3.8,1.9,1996MM01,111.3
51182,A4,318600,51182,3.5,-0.1,1996MM02,111.2
51183,A4,318600,51183,3.3,0.0,1996MM03,111.2
51184,A4,318600,51184,1.3,-1.1,1996MM04,110.0
51185,A4,318600,51185,1.1,0.0,1996MM05,109.9
51186,A4,318600,51186,0.9,-0.1,1996MM06,109.8
51187,A4,318600,51187,-8.0,-8.3,1996MM07,100.7
51188,A4,318600,51188,-8.1,0.0,1996MM08,100.7
51189,A4,318600,51189,-8.1,0.0,1996MM09,100.7
51190,A4,318600,51190,-8.1,-0.2,1996MM10,100.5
51191,A4,318600,51191,-8.1,0.0,1996MM11,100.5
51192,A4,318600,51192,-8.0,0.0,1996MM12,100.5
51194,A4,318600,51194,-10.1,-0.4,1997MM01,100.1
51195,A4,318600,51195,-10.0,0.0,1997MM02,100.1
51196,A4,318600,51196,-10.0,0.0,1997MM03,100.1
51197,A4,318600,51197,-9.0,-0.1,1997MM04,100.1
51198,A4,318600,51198,-9.0,0.0,1997MM05,100.0
51199,A4,318600,51199,-8.9,0.0,1997MM06,100.1
51200,A4,318600,51200,0.0,0.7,1997MM07,100.7
51201,A4,318600,51201,0.1,0.0,1997MM08,100.7
51202,A4,318600,51202,0.1,0.0,1997MM09,100.7
51203,A4,318600,51203,0.0,-0.3,1997MM10,100.4
51204,A4,318600,51204,0.0,0.0,1997MM11,100.5
51205,A4,318600,51205,0.0,0.0,1997MM12,100.5
51207,A4,318600,51207,1.5,1.1,1998MM01,101.6
51208,A4,318600,51208,1.4,0.0,1998MM02,101.6
51209,A4,318600,51209,1.4,0.0,1998MM03,101.6
51210,A4,318600,51210,1.6,0.1,1998MM04,101.6
51211,A4,318600,51211,1.6,0.0,1998MM05,101.6
51212,A4,318600,51212,1.6,0.0,1998MM06,101.6
51213,A4,318600,51213,0.6,-0.3,1998MM07,101.4
51214,A4,318600,51214,0.6,0.0,1998MM08,101.4
51215,A4,318600,51215,0.6,0.0,1998MM09,101.4
51216,A4,318600,51216,-0.1,-1.0,1998MM10,100.4
51217,A4,318600,51217,-0.1,0.0,1998MM11,100.4
51218,A4,318600,51218,0.0,0.0,1998MM12,100.4
51220,A4,318600,51220,-0.1,1.0,1999MM01,101.5
51221,A4,318600,51221,-0.1,0.0,1999MM02,101.5
51222,A4,318600,51222,0.0,0.0,1999MM03,101.5
51223,A4,318600,51223,-0.2,0.0,1999MM04,101.5
51224,A4,318600,51224,-0.2,0.0,1999MM05,101.5
51225,A4,318600,51225,-0.2,0.0,1999MM06,101.4
51226,A4,318600,51226,0.1,0.0,1999MM07,101.5
51227,A4,318600,51227,0.1,0.0,1999MM08,101.4
51228,A4,318600,51228,-0.1,-0.1,1999MM09,101.3
51229,A4,318600,51229,1.2,0.3,1999MM10,101.6
51230,A4,318600,51230,1.1,-0.1,1999MM11,101.5
51231,A4,318600,51231,1.0,-0.1,1999MM12,101.4
51233,A4,318600,51233,1.3,1.4,2000MM01,102.8
51234,A4,318600,51234,1.3,-0.1,2000MM02,102.8
51235,A4,318600,51235,1.4,0.1,2000MM03,102.9
51236,A4,318600,51236,2.3,0.9,2000MM04,103.8
51237,A4,318600,51237,2.5,0.2,2000MM05,103.9
51238,A4,318600,51238,2.6,0.1,2000MM06,104.1
51239,A4,318600,51239,3.5,0.9,2000MM07,105.0
51240,A4,318600,51240,3.7,0.1,2000MM08,105.1
51241,A4,318600,51241,3.8,0.1,2000MM09,105.2
51242,A4,318600,51242,4.2,0.6,2000MM10,105.9
51243,A4,318600,51243,4.3,0.0,2000MM11,105.9
51244,A4,318600,51244,4.6,0.2,2000MM12,106.0
51246,A4,318600,51246,4.5,1.3,2001MM01,107.4
51247,A4,318600,51247,4.6,0.1,2001MM02,107.5
51248,A4,318600,51248,4.5,0.0,2001MM03,107.6
51249,A4,318600,51249,3.7,0.0,2001MM04,107.6
51250,A4,318600,51250,3.5,0.0,2001MM05,107.6
51251,A4,318600,51251,3.3,0.0,2001MM06,107.5
51252,A4,318600,51252,2.4,0.0,2001MM07,107.5
51253,A4,318600,51253,2.3,0.0,2001MM08,107.5
51254,A4,318600,51254,2.2,0.0,2001MM09,107.6
51255,A4,318600,51255,1.6,0.0,2001MM10,107.6
51256,A4,318600,51256,1.6,0.0,2001MM11,107.6
51257,A4,318600,51257,1.5,0.1,2001MM12,107.6
51259,A4,318600,51259,0.6,0.4,2002MM01,108.1
51260,A4,318600,51260,0.5,0.0,2002MM02,108.0
51261,A4,318600,51261,0.5,0.0,2002MM03,108.1
51262,A4,318600,51262,-0.7,-1.1,2002MM04,106.9
51263,A4,318600,51263,-0.6,0.0,2002MM05,106.9
51264,A4,318600,51264,-0.5,0.1,2002MM06,107.0
51265,A4,318600,51265,-0.5,0.0,2002MM07,107.0
51266,A4,318600,51266,-0.5,0.0,2002MM08,107.0
51267,A4,318600,51267,-0.5,0.0,2002MM09,107.0
51268,A4,318600,51268,-0.6,-0.1,2002MM10,106.9
51269,A4,318600,51269,-0.7,-0.1,2002MM11,106.9
51270,A4,318600,51270,-0.7,0.0,2002MM12,106.9
51272,A4,318600,51272,-1.1,0.0,2003MM01,106.9
51273,A4,318600,51273,-1.3,-0.2,2003MM02,106.7
51274,A4,318600,51274,-1.3,0.0,2003MM03,106.7
51275,A4,318600,51275,-1.0,-0.8,2003MM04,105.9
51276,A4,318600,51276,-0.9,0.0,2003MM05,105.9
51277,A4,318600,51277,-1.1,-0.1,2003MM06,105.8
51278,A4,318600,51278,-1.7,-0.5,2003MM07,105.3
51279,A4,318600,51279,-1.7,-0.1,2003MM08,105.2
51280,A4,318600,51280,-1.8,0.0,2003MM09,105.1
51281,A4,318600,51281,-2.9,-1.2,2003MM10,103.8
51282,A4,318600,51282,-2.8,0.0,2003MM11,103.9
51283,A4,318600,51283,-2.8,0.0,2003MM12,103.8
51285,A4,318600,51285,-2.6,0.3,2004MM01,104.1
51286,A4,318600,51286,-2.4,0.0,2004MM02,104.1
51287,A4,318600,51287,-2.5,0.0,2004MM03,104.0
51288,A4,318600,51288,-1.7,0.0,2004MM04,104.1
51289,A4,318600,51289,-1.7,0.0,2004MM05,104.1
51290,A4,318600,51290,-1.6,0.0,2004MM06,104.1
51291,A4,318600,51291,-1.4,-0.3,2004MM07,103.8
51292,A4,318600,51292,-1.3,0.0,2004MM08,103.8
51293,A4,318600,51293,-1.3,0.0,2004MM09,103.7
51294,A4,318600,51294,0.0,0.1,2004MM10,103.8
51295,A4,318600,51295,0.0,0.1,2004MM11,103.8
51296,A4,318600,51296,0.0,0.0,2004MM12,103.9
51298,A4,318600,51298,-0.0307692307692,0.0,2005MM01,103.7
51299,A4,318600,51299,-0.0615384615385,0.0,2005MM02,103.6
51300,A4,318600,51300,-0.0923076923077,0.0,2005MM03,103.7
51301,A4,318600,51301,-0.123076923077,0.2,2005MM04,103.9
51302,A4,318600,51302,-0.153846153846,-0.1,2005MM05,103.8
51303,A4,318600,51303,-0.184615384615,0.0,2005MM06,103.8
51304,A4,318600,51304,-0.215384615385,-0.2,2005MM07,103.6
51305,A4,318600,51305,-0.246153846154,0.0,2005MM08,103.6
51306,A4,318600,51306,-0.276923076923,0.0,2005MM09,103.6
51307,A4,318600,51307,-0.307692307692,-0.2,2005MM10,103.4
51308,A4,318600,51308,-0.338461538462,0.0,2005MM11,103.5
51309,A4,318600,51309,-0.369230769231,0.0,2005MM12,103.5
51311,A4,318600,51311,-0.4,-0.3,2006MM01,103.2
51312,A4,318600,51312,-0.5,0.0,2006MM02,103.2
51313,A4,318600,51313,-0.5,0.0,2006MM03,103.2
51314,A4,318600,51314,-0.4,0.3,2006MM04,103.5
51315,A4,318600,51315,-0.3,0.0,2006MM05,103.5
51316,A4,318600,51316,-0.3,0.0,2006MM06,103.5
51317,A4,318600,51317,-0.7,-0.6,2006MM07,102.9
51318,A4,318600,51318,-0.7,0.1,2006MM08,103.0
51319,A4,318600,51319,-0.5,0.1,2006MM09,103.1
51320,A4,318600,51320,-0.5,-0.2,2006MM10,102.9
51321,A4,318600,51321,-0.5,0.0,2006MM11,103.0
51322,A4,318600,51322,-0.5,0.0,2006MM12,103.0
51324,A4,318600,51324,0.4,0.6,2007MM01,103.6
51325,A4,318600,51325,0.6,0.1,2007MM02,103.8
51326,A4,318600,51326,0.6,0.0,2007MM03,103.8
51327,A4,318600,51327,0.3,0.0,2007MM04,103.8
51328,A4,318600,51328,0.3,0.0,2007MM05,103.8
51329,A4,318600,51329,0.1,-0.2,2007MM06,103.7
51330,A4,318600,51330,0.6,-0.1,2007MM07,103.5
51331,A4,318600,51331,0.6,0.0,2007MM08,103.5
51332,A4,318600,51332,0.4,0.0,2007MM09,103.6
51333,A4,318600,51333,0.7,0.1,2007MM10,103.6
51334,A4,318600,51334,0.6,0.0,2007MM11,103.6
51335,A4,318600,51335,0.7,0.0,2007MM12,103.6
51337,A4,318600,51337,0.4,0.3,2008MM01,104.0
51338,A4,318600,51338,0.3,0.1,2008MM02,104.1
51339,A4,318600,51339,0.3,0.0,2008MM03,104.1
51340,A4,318600,51340,0.2,-0.1,2008MM04,104.0
51341,A4,318600,51341,0.1,0.0,2008MM05,104.0
51342,A4,318600,51342,0.3,0.0,2008MM06,103.9
51343,A4,318600,51343,0.6,0.3,2008MM07,104.2
51344,A4,318600,51344,0.6,-0.1,2008MM08,104.1
51345,A4,318600,51345,0.6,0.1,2008MM09,104.2
51346,A4,318600,51346,0.7,0.2,2008MM10,104.4
51347,A4,318600,51347,0.7,0.0,2008MM11,104.3
51348,A4,318600,51348,0.6,-0.1,2008MM12,104.2
51350,A4,318600,51350,0.0,-0.2,2009MM01,104.0
51351,A4,318600,51351,-0.3,-0.2,2009MM02,103.8
51352,A4,318600,51352,-0.4,-0.1,2009MM03,103.7
51353,A4,318600,51353,-0.6,-0.3,2009MM04,103.4
51354,A4,318600,51354,-0.6,-0.1,2009MM05,103.3
51355,A4,318600,51355,-0.6,0.0,2009MM06,103.3
51356,A4,318600,51356,-1.7,-0.8,2009MM07,102.4
51357,A4,318600,51357,-1.8,-0.2,2009MM08,102.2
51358,A4,318600,51358,-1.8,0.1,2009MM09,102.3
51359,A4,318600,51359,-2.6,-0.6,2009MM10,101.6
51360,A4,318600,51360,-2.6,0.0,2009MM11,101.6
51361,A4,318600,51361,-2.5,0.0,2009MM12,101.6
51363,A4,318600,51363,-3.6,-1.2,2010MM01,100.3
51364,A4,318600,51364,-3.5,-0.2,2010MM02,100.2
51365,A4,318600,51365,-3.6,-0.2,2010MM03,100.0
51366,A4,318600,51366,-3.6,-0.3,2010MM04,99.7
51367,A4,318600,51367,-3.4,0.1,2010MM05,99.8
51368,A4,318600,51368,-3.4,0.0,2010MM06,99.7
51369,A4,318600,51369,-2.4,0.2,2010MM07,100.0
51370,A4,318600,51370,-2.2,0.1,2010MM08,100.0
51371,A4,318600,51371,-2.2,0.1,2010MM09,100.1
51372,A4,318600,51372,-1.5,0.0,2010MM10,100.1
51373,A4,318600,51373,-1.5,0.0,2010MM11,100.1
51374,A4,318600,51374,-1.5,0.0,2010MM12,100.1
51376,A4,318600,51376,0.3,0.6,2011MM01,100.6
51377,A4,318600,51377,0.6,0.1,2011MM02,100.8
51378,A4,318600,51378,0.8,0.0,2011MM03,100.7
51379,A4,318600,51379,0.8,-0.3,2011MM04,100.5
51380,A4,318600,51380,0.7,0.0,2011MM05,100.5
51381,A4,318600,51381,0.7,0.0,2011MM06,100.5
51382,A4,318600,51382,0.5,0.0,2011MM07,100.4
51383,A4,318600,51383,0.4,0.0,2011MM08,100.4
51384,A4,318600,51384,0.3,0.0,2011MM09,100.4
51385,A4,318600,51385,0.2,-0.1,2011MM10,100.3
51386,A4,318600,51386,0.1,-0.1,2011MM11,100.2
51387,A4,318600,51387,0.1,0.0,2011MM12,100.2
51389,A4,318600,51389,-0.6,-0.2,2012MM01,100.0
51390,A4,318600,51390,-0.7,0.0,2012MM02,100.0
51391,A4,318600,51391,-0.7,0.0,2012MM03,100.1
51392,A4,318600,51392,-0.3,0.1,2012MM04,100.1
51393,A4,318600,51393,-0.3,0.0,2012MM05,100.2
51394,A4,318600,51394,-0.3,0.0,2012MM06,100.2
51395,A4,318600,51395,-1.1,-0.8,2012MM07,99.4
51396,A4,318600,51396,-1.1,0.0,2012MM08,99.4
51397,A4,318600,51397,-1.0,0.1,2012MM09,99.4
51398,A4,318600,51398,-0.9,-0.1,2012MM10,99.4
51399,A4,318600,51399,-0.8,0.0,2012MM11,99.4
51400,A4,318600,51400,-0.8,0.0,2012MM12,99.3
51402,A4,318600,51402,-3.2,-2.6,2013MM01,96.8
51403,A4,318600,51403,-3.3,-0.1,2013MM02,96.8
51404,A4,318600,51404,-3.4,-0.1,2013MM03,96.7
51405,A4,318600,51405,-4.0,-0.5,2013MM04,96.2
51406,A4,318600,51406,-4.0,0.0,2013MM05,96.2
51407,A4,318600,51407,-4.0,0.0,2013MM06,96.2
51408,A4,318600,51408,-2.9,0.3,2013MM07,96.5
51409,A4,318600,51409,-2.8,0.0,2013MM08,96.6
51410,A4,318600,51410,-2.9,0.0,2013MM09,96.5
51411,A4,318600,51411,-2.9,0.0,2013MM10,96.5
51412,A4,318600,51412,-2.9,0.0,2013MM11,96.5
51413,A4,318600,51413,-2.8,0.0,2013MM12,96.5
51415,A4,318600,51415,0.1,0.4,2014MM01,96.9
51416,A4,318600,51416,0.1,0.0,2014MM02,96.9
51417,A4,318600,51417,0.1,-0.1,2014MM03,96.8
51418,A4,318600,51418,0.7,0.0,2014MM04,96.8
51419,A4,318600,51419,0.6,0.0,2014MM05,96.8
51420,A4,318600,51420,0.6,0.0,2014MM06,96.8
51421,A4,318600,51421,-2.3,-2.6,2014MM07,94.3
51422,A4,318600,51422,-2.4,0.0,2014MM08,94.3
51423,A4,318600,51423,-2.4,0.0,2014MM09,94.2
51424,A4,318600,51424,-2.4,0.0,2014MM10,94.2
51425,A4,318600,51425,-2.3,0.1,2014MM11,94.3
51426,A4,318600,51426,-2.3,0.0,2014MM12,94.3
51428,A4,318600,51428,-1.2,1.6,2015MM01,95.8
51429,A4,318600,51429,-1.3,-0.1,2015MM02,95.6
51430,A4,318600,51430,-1.2,0.0,2015MM03,95.7
51431,A4,318600,51431,-0.7,0.4,2015MM04,96.1
51432,A4,318600,51432,-0.7,0.0,2015MM05,96.1
51433,A4,318600,51433,-0.7,0.0,2015MM06,96.1
51434,A4,318600,51434,1.9,0.0,2015MM07,96.1
51435,A4,318600,51435,1.7,-0.3,2015MM08,95.8
51436,A4,318600,51436,1.7,0.0,2015MM09,95.9
51437,A4,318600,51437,-3.6,-5.3,2015MM10,90.8
51438,A4,318600,51438,-3.8,0.0,2015MM11,90.8
51439,A4,318600,51439,-3.8,0.0,2015MM12,90.8
51441,A4,318600,51441,-5.7,-0.5,2016MM01,90.3
51442,A4,318600,51442,-5.4,0.2,2016MM02,90.4
51443,A4,318600,51443,-5.5,0.0,2016MM03,90.4
51444,A4,318600,51444,-5.9,0.0,2016MM04,90.5
51445,A4,318600,51445,-5.9,0.0,2016MM05,90.4
51446,A4,318600,51446,-5.9,0.0,2016MM06,90.4
51447,A4,318600,51447,-6.0,0.0,2016MM07,90.4
51448,A4,318600,51448,-5.7,0.0,2016MM08,90.4
51449,A4,318600,51449,-5.7,0.0,2016MM09,90.4
51450,A4,318600,51450,-0.4,0.1,2016MM10,90.4
51451,A4,318600,51451,-0.4,0.0,2016MM11,90.4
51452,A4,318600,51452,-0.3,0.0,2016MM12,90.4
51454,A4,318600,51454,-1.3,-1.5,2017MM01,89.1
51455,A4,318600,51455,-1.4,0.1,2017MM02,89.2
51456,A4,318600,51456,-1.4,0.0,2017MM03,89.2
51457,A4,318600,51457,-1.1,0.4,2017MM04,89.5
51458,A4,318600,51458,-1.1,0.0,2017MM05,89.5
51459,A4,318600,51459,-1.1,-0.1,2017MM06,89.4
51460,A4,318600,51460,-0.3,0.8,2017MM07,90.1
51461,A4,318600,51461,-0.2,0.1,2017MM08,90.2
51462,A4,318600,51462,-0.3,-0.1,2017MM09,90.1
51463,A4,318600,51463,-0.3,0.1,2017MM10,90.2
51464,A4,318600,51464,-0.4,-0.1,2017MM11,90.1
51465,A4,318600,51465,-0.3,0.1,2017MM12,90.2
