,Afzet,BedrijfstakkenBranchesSBI2008,ID,OntwikkelingTOV1JaarEerder_2,OntwikkelingTOV1MaandEerder_3,Perioden,ProducentenprijsindexPPI_1
51948,A4,320000,51948,5.5,1.1,1981MM01,33.4
51949,A4,320000,51949,6.0,2.6,1981MM02,34.3
51950,A4,320000,51950,6.5,1.0,1981MM03,34.6
51951,A4,320000,51951,7.0,2.1,1981MM04,35.3
51952,A4,320000,51952,7.5,0.8,1981MM05,35.6
51953,A4,320000,51953,8.0,1.5,1981MM06,36.2
51954,A4,320000,51954,8.5,3.2,1981MM07,37.3
51955,A4,320000,51955,9.0,4.0,1981MM08,38.8
51956,A4,320000,51956,9.5,1.0,1981MM09,39.2
51957,A4,320000,51957,10.0,-0.7,1981MM10,38.9
51958,A4,320000,51958,10.5,-2.0,1981MM11,38.2
51959,A4,320000,51959,11.0,-1.1,1981MM12,37.7
51961,A4,320000,51961,11.5,-1.3,1982MM01,37.2
51962,A4,320000,51962,8.2,-0.4,1982MM02,37.1
51963,A4,320000,51963,4.0,-3.0,1982MM03,36.0
51964,A4,320000,51964,0.6,-1.2,1982MM04,35.5
51965,A4,320000,51965,4.8,5.0,1982MM05,37.3
51966,A4,320000,51966,6.3,2.9,1982MM06,38.4
51967,A4,320000,51967,2.4,-0.6,1982MM07,38.2
51968,A4,320000,51968,-2.9,-1.4,1982MM08,37.7
51969,A4,320000,51969,-1.9,2.1,1982MM09,38.5
51970,A4,320000,51970,1.8,3.0,1982MM10,39.6
51971,A4,320000,51971,2.2,-1.6,1982MM11,39.0
51972,A4,320000,51972,-1.4,-4.7,1982MM12,37.2
51974,A4,320000,51974,-2.0,-1.9,1983MM01,36.5
51975,A4,320000,51975,-5.1,-3.5,1983MM02,35.2
51976,A4,320000,51976,-5.1,-3.1,1983MM03,34.1
51977,A4,320000,51977,0.6,4.8,1983MM04,35.7
51978,A4,320000,51978,-2.7,1.6,1983MM05,36.3
51979,A4,320000,51979,-3.8,1.8,1983MM06,37.0
51980,A4,320000,51980,0.9,4.3,1983MM07,38.5
51981,A4,320000,51981,5.6,3.3,1983MM08,39.8
51982,A4,320000,51982,2.8,-0.6,1983MM09,39.6
51983,A4,320000,51983,-2.5,-2.4,1983MM10,38.6
51984,A4,320000,51984,1.0,1.9,1983MM11,39.4
51985,A4,320000,51985,5.9,-0.1,1983MM12,39.4
51987,A4,320000,51987,9.6,1.5,1984MM01,40.0
51988,A4,320000,51988,12.8,-0.6,1984MM02,39.7
51989,A4,320000,51989,14.5,-1.6,1984MM03,39.1
51990,A4,320000,51990,9.9,0.6,1984MM04,39.3
51991,A4,320000,51991,9.3,1.0,1984MM05,39.7
51992,A4,320000,51992,6.4,-0.9,1984MM06,39.4
51993,A4,320000,51993,1.3,-0.8,1984MM07,39.1
51994,A4,320000,51994,-1.4,0.5,1984MM08,39.3
51995,A4,320000,51995,2.5,3.3,1984MM09,40.5
51996,A4,320000,51996,6.1,1.0,1984MM10,41.0
51997,A4,320000,51997,2.2,-1.7,1984MM11,40.3
51998,A4,320000,51998,1.7,-0.5,1984MM12,40.0
52000,A4,320000,52000,1.6,1.4,1985MM01,40.6
52001,A4,320000,52001,1.4,-0.8,1985MM02,40.3
52002,A4,320000,52002,6.3,3.2,1985MM03,41.5
52003,A4,320000,52003,7.4,1.6,1985MM04,42.2
52004,A4,320000,52004,5.2,-1.1,1985MM05,41.7
52005,A4,320000,52005,5.7,-0.3,1985MM06,41.6
52006,A4,320000,52006,5.4,-1.0,1985MM07,41.2
52007,A4,320000,52007,2.0,-2.8,1985MM08,40.0
52008,A4,320000,52008,-3.6,-2.4,1985MM09,39.1
52009,A4,320000,52009,-3.8,0.9,1985MM10,39.4
52010,A4,320000,52010,-3.6,-1.5,1985MM11,38.8
52011,A4,320000,52011,-3.2,-0.1,1985MM12,38.8
52013,A4,320000,52013,-7.5,-3.2,1986MM01,37.5
52014,A4,320000,52014,-25.9,-20.5,1986MM02,29.8
52015,A4,320000,52015,-16.6,16.1,1986MM03,34.7
52016,A4,320000,52016,-24.1,-7.5,1986MM04,32.1
52017,A4,320000,52017,-27.9,-6.1,1986MM05,30.1
52018,A4,320000,52018,-29.3,-2.3,1986MM06,29.4
52019,A4,320000,52019,-27.2,1.9,1986MM07,30.0
52020,A4,320000,52020,-27.2,-2.8,1986MM08,29.1
52021,A4,320000,52021,-30.0,-6.1,1986MM09,27.4
52022,A4,320000,52022,-27.8,4.1,1986MM10,28.5
52023,A4,320000,52023,-25.2,2.1,1986MM11,29.1
52024,A4,320000,52024,-27.1,-2.7,1986MM12,28.3
52026,A4,320000,52026,-19.6,6.7,1987MM01,30.2
52027,A4,320000,52027,0.9,-0.2,1987MM02,30.1
52028,A4,320000,52028,-9.1,4.6,1987MM03,31.5
52029,A4,320000,52029,-2.4,-0.6,1987MM04,31.3
52030,A4,320000,52030,2.6,-1.3,1987MM05,30.9
52031,A4,320000,52031,6.3,1.3,1987MM06,31.3
52032,A4,320000,52032,5.6,1.1,1987MM07,31.6
52033,A4,320000,52033,8.7,0.2,1987MM08,31.7
52034,A4,320000,52034,15.8,0.0,1987MM09,31.7
52035,A4,320000,52035,13.6,2.1,1987MM10,32.3
52036,A4,320000,52036,11.9,0.5,1987MM11,32.5
52037,A4,320000,52037,12.2,-2.4,1987MM12,31.7
52039,A4,320000,52039,4.7,-0.4,1988MM01,31.6
52040,A4,320000,52040,3.4,-1.4,1988MM02,31.1
52041,A4,320000,52041,-3.3,-2.2,1988MM03,30.4
52042,A4,320000,52042,-2.2,0.5,1988MM04,30.6
52043,A4,320000,52043,-3.6,-2.7,1988MM05,29.8
52044,A4,320000,52044,-4.1,0.8,1988MM06,30.0
52045,A4,320000,52045,-5.4,-0.2,1988MM07,29.9
52046,A4,320000,52046,-3.6,2.1,1988MM08,30.6
52047,A4,320000,52047,-2.3,1.3,1988MM09,30.9
52048,A4,320000,52048,-4.5,-0.2,1988MM10,30.9
52049,A4,320000,52049,-5.3,-0.3,1988MM11,30.8
52050,A4,320000,52050,-2.4,0.5,1988MM12,30.9
52052,A4,320000,52052,-3.5,-1.4,1989MM01,30.5
52053,A4,320000,52053,-3.3,-1.3,1989MM02,30.1
52054,A4,320000,52054,-0.4,0.7,1989MM03,30.3
52055,A4,320000,52055,0.0,1.0,1989MM04,30.6
52056,A4,320000,52056,10.6,7.5,1989MM05,32.9
52057,A4,320000,52057,3.7,-5.5,1989MM06,31.1
52058,A4,320000,52058,6.0,2.1,1989MM07,31.7
52059,A4,320000,52059,6.4,2.4,1989MM08,32.5
52060,A4,320000,52060,12.1,6.8,1989MM09,34.7
52061,A4,320000,52061,12.5,0.1,1989MM10,34.8
52062,A4,320000,52062,10.7,-1.9,1989MM11,34.1
52063,A4,320000,52063,7.4,-2.5,1989MM12,33.2
52065,A4,320000,52065,10.0,0.9,1990MM01,33.5
52066,A4,320000,52066,5.9,-4.9,1990MM02,31.9
52067,A4,320000,52067,2.7,-2.4,1990MM03,31.1
52068,A4,320000,52068,-2.4,-4.0,1990MM04,29.9
52069,A4,320000,52069,-12.1,-3.3,1990MM05,28.9
52070,A4,320000,52070,-9.0,-2.1,1990MM06,28.3
52071,A4,320000,52071,-12.8,-2.2,1990MM07,27.7
52072,A4,320000,52072,-12.9,2.3,1990MM08,28.3
52073,A4,320000,52073,2.1,25.1,1990MM09,35.4
52074,A4,320000,52074,20.5,18.2,1990MM10,41.9
52075,A4,320000,52075,35.8,10.6,1990MM11,46.3
52076,A4,320000,52076,25.7,-9.7,1990MM12,41.8
52078,A4,320000,52078,17.4,-5.8,1991MM01,39.4
52079,A4,320000,52079,7.4,-13.0,1991MM02,34.3
52080,A4,320000,52080,25.0,13.6,1991MM03,38.9
52081,A4,320000,52081,23.0,-5.6,1991MM04,36.8
52082,A4,320000,52082,15.6,-9.1,1991MM05,33.4
52083,A4,320000,52083,14.4,-3.1,1991MM06,32.4
52084,A4,320000,52084,18.6,1.5,1991MM07,32.8
52085,A4,320000,52085,15.6,-0.3,1991MM08,32.7
52086,A4,320000,52086,-6.8,0.9,1991MM09,33.0
52087,A4,320000,52087,-19.9,1.6,1991MM10,33.6
52088,A4,320000,52088,-26.7,1.1,1991MM11,33.9
52089,A4,320000,52089,-17.0,2.3,1991MM12,34.7
52091,A4,320000,52091,-11.9,-0.1,1992MM01,34.7
52092,A4,320000,52092,-5.3,-6.4,1992MM02,32.4
52093,A4,320000,52093,-20.4,-4.5,1992MM03,31.0
52094,A4,320000,52094,-13.4,2.9,1992MM04,31.8
52095,A4,320000,52095,-7.5,-2.9,1992MM05,30.9
52096,A4,320000,52096,-5.5,-1.0,1992MM06,30.6
52097,A4,320000,52097,-5.9,1.1,1992MM07,30.9
52098,A4,320000,52098,-3.4,2.3,1992MM08,31.6
52099,A4,320000,52099,-3.4,0.8,1992MM09,31.9
52100,A4,320000,52100,-8.1,-3.3,1992MM10,30.8
52101,A4,320000,52101,-11.0,-2.0,1992MM11,30.2
52102,A4,320000,52102,-12.3,0.7,1992MM12,30.4
52104,A4,320000,52104,-10.4,2.1,1993MM01,31.1
52105,A4,320000,52105,-3.3,1.0,1993MM02,31.4
52106,A4,320000,52106,-2.3,-3.6,1993MM03,30.2
52107,A4,320000,52107,-7.0,-2.0,1993MM04,29.6
52108,A4,320000,52108,-2.8,1.4,1993MM05,30.0
52109,A4,320000,52109,-0.1,1.7,1993MM06,30.5
52110,A4,320000,52110,-1.8,-0.6,1993MM07,30.4
52111,A4,320000,52111,-4.1,-0.1,1993MM08,30.3
52112,A4,320000,52112,-5.0,-0.2,1993MM09,30.3
52113,A4,320000,52113,-2.8,-1.1,1993MM10,30.0
52114,A4,320000,52114,-0.5,0.3,1993MM11,30.1
52115,A4,320000,52115,-3.1,-2.0,1993MM12,29.5
52117,A4,320000,52117,-8.7,-3.8,1994MM01,28.4
52118,A4,320000,52118,-6.9,3.0,1994MM02,29.2
52119,A4,320000,52119,-3.6,-0.2,1994MM03,29.2
52120,A4,320000,52120,-6.8,-5.3,1994MM04,27.6
52121,A4,320000,52121,-6.5,1.7,1994MM05,28.1
52122,A4,320000,52122,-10.8,-2.9,1994MM06,27.2
52123,A4,320000,52123,-8.6,1.9,1994MM07,27.8
52124,A4,320000,52124,-10.0,-1.7,1994MM08,27.3
52125,A4,320000,52125,-7.1,3.1,1994MM09,28.1
52126,A4,320000,52126,-4.8,1.4,1994MM10,28.5
52127,A4,320000,52127,-3.6,1.5,1994MM11,29.0
52128,A4,320000,52128,-4.0,-2.3,1994MM12,28.3
52130,A4,320000,52130,1.6,1.9,1995MM01,28.8
52131,A4,320000,52131,0.1,1.4,1995MM02,29.2
52132,A4,320000,52132,-2.9,-3.2,1995MM03,28.3
52133,A4,320000,52133,1.9,-0.6,1995MM04,28.1
52134,A4,320000,52134,5.7,5.5,1995MM05,29.7
52135,A4,320000,52135,7.0,-1.7,1995MM06,29.2
52136,A4,320000,52136,-4.3,-9.0,1995MM07,26.6
52137,A4,320000,52137,0.5,3.4,1995MM08,27.5
52138,A4,320000,52138,-0.5,1.9,1995MM09,28.0
52139,A4,320000,52139,-5.4,-3.5,1995MM10,27.0
52140,A4,320000,52140,-5.3,1.6,1995MM11,27.4
52141,A4,320000,52141,0.9,4.0,1995MM12,28.5
52143,A4,320000,52143,3.0,4.0,1996MM01,29.7
52144,A4,320000,52144,2.8,1.2,1996MM02,30.1
52145,A4,320000,52145,10.6,4.2,1996MM03,31.3
52146,A4,320000,52146,20.1,7.9,1996MM04,33.8
52147,A4,320000,52147,12.4,-1.3,1996MM05,33.3
52148,A4,320000,52148,9.2,-4.4,1996MM06,31.9
52149,A4,320000,52149,21.1,1.0,1996MM07,32.2
52150,A4,320000,52150,17.4,0.2,1996MM08,32.2
52151,A4,320000,52151,24.5,8.1,1996MM09,34.8
52152,A4,320000,52152,39.3,8.0,1996MM10,37.6
52153,A4,320000,52153,35.4,-1.3,1996MM11,37.1
52154,A4,320000,52154,33.6,2.7,1996MM12,38.1
52156,A4,320000,52156,32.1,2.9,1997MM01,39.2
52157,A4,320000,52157,28.2,-1.7,1997MM02,38.5
52158,A4,320000,52158,18.8,-3.5,1997MM03,37.2
52159,A4,320000,52159,2.3,-7.1,1997MM04,34.6
52160,A4,320000,52160,5.0,1.3,1997MM05,35.0
52161,A4,320000,52161,10.6,0.6,1997MM06,35.2
52162,A4,320000,52162,13.7,3.8,1997MM07,36.6
52163,A4,320000,52163,22.3,7.8,1997MM08,39.4
52164,A4,320000,52164,10.4,-2.5,1997MM09,38.4
52165,A4,320000,52165,3.1,0.9,1997MM10,38.8
52166,A4,320000,52166,2.6,-1.8,1997MM11,38.1
52167,A4,320000,52167,-5.2,-5.1,1997MM12,36.1
52169,A4,320000,52169,-13.2,-5.8,1998MM01,34.0
52170,A4,320000,52170,-13.9,-2.5,1998MM02,33.2
52171,A4,320000,52171,-15.2,-5.0,1998MM03,31.5
52172,A4,320000,52172,-9.4,-0.8,1998MM04,31.3
52173,A4,320000,52173,-10.2,0.4,1998MM05,31.4
52174,A4,320000,52174,-15.2,-4.9,1998MM06,29.9
52175,A4,320000,52175,-16.5,2.2,1998MM07,30.5
52176,A4,320000,52176,-25.6,-4.0,1998MM08,29.3
52177,A4,320000,52177,-23.9,-0.3,1998MM09,29.2
52178,A4,320000,52178,-23.3,1.7,1998MM10,29.8
52179,A4,320000,52179,-23.4,-1.9,1998MM11,29.2
52180,A4,320000,52180,-24.7,-6.8,1998MM12,27.2
52182,A4,320000,52182,-20.3,-0.2,1999MM01,27.2
52183,A4,320000,52183,-20.4,-2.6,1999MM02,26.4
52184,A4,320000,52184,-4.2,14.3,1999MM03,30.2
52185,A4,320000,52185,5.9,9.6,1999MM04,33.1
52186,A4,320000,52186,8.6,3.0,1999MM05,34.1
52187,A4,320000,52187,16.1,1.7,1999MM06,34.7
52188,A4,320000,52188,30.5,15.0,1999MM07,39.9
52189,A4,320000,52189,45.5,7.0,1999MM08,42.7
52190,A4,320000,52190,50.6,3.3,1999MM09,44.1
52191,A4,320000,52191,51.4,2.3,1999MM10,45.1
52192,A4,320000,52192,60.8,4.2,1999MM11,46.9
52193,A4,320000,52193,78.3,3.3,1999MM12,48.5
52195,A4,320000,52195,83.7,2.8,2000MM01,49.9
52196,A4,320000,52196,98.6,5.2,2000MM02,52.5
52197,A4,320000,52197,82.3,4.9,2000MM03,55.1
52198,A4,320000,52198,59.2,-4.2,2000MM04,52.7
52199,A4,320000,52199,68.0,8.7,2000MM05,57.3
52200,A4,320000,52200,70.1,2.9,2000MM06,59.0
52201,A4,320000,52201,49.4,0.9,2000MM07,59.6
52202,A4,320000,52202,48.4,6.3,2000MM08,63.3
52203,A4,320000,52203,64.9,14.7,2000MM09,72.6
52204,A4,320000,52204,60.5,-0.5,2000MM10,72.3
52205,A4,320000,52205,54.0,0.0,2000MM11,72.3
52206,A4,320000,52206,29.8,-12.9,2000MM12,63.0
52208,A4,320000,52208,12.3,-11.0,2001MM01,56.0
52209,A4,320000,52209,8.5,1.6,2001MM02,56.9
52210,A4,320000,52210,2.2,-1.2,2001MM03,56.3
52211,A4,320000,52211,10.8,3.8,2001MM04,58.4
52212,A4,320000,52212,7.3,5.3,2001MM05,61.5
52213,A4,320000,52213,3.4,-0.8,2001MM06,61.0
52214,A4,320000,52214,-5.0,-7.2,2001MM07,56.6
52215,A4,320000,52215,-12.0,-1.5,2001MM08,55.7
52216,A4,320000,52216,-21.8,2.0,2001MM09,56.8
52217,A4,320000,52217,-27.6,-7.8,2001MM10,52.4
52218,A4,320000,52218,-33.7,-8.4,2001MM11,48.0
52219,A4,320000,52219,-26.3,-3.3,2001MM12,46.4
52221,A4,320000,52221,-18.0,-0.9,2002MM01,45.9
52222,A4,320000,52222,-19.2,0.1,2002MM02,46.0
52223,A4,320000,52223,-10.5,9.5,2002MM03,50.4
52224,A4,320000,52224,-9.5,5.0,2002MM04,52.9
52225,A4,320000,52225,-16.3,-2.7,2002MM05,51.5
52226,A4,320000,52226,-18.9,-4.0,2002MM06,49.4
52227,A4,320000,52227,-11.8,1.0,2002MM07,49.9
52228,A4,320000,52228,-7.1,3.7,2002MM08,51.8
52229,A4,320000,52229,-4.0,5.4,2002MM09,54.6
52230,A4,320000,52230,4.9,0.7,2002MM10,54.9
52231,A4,320000,52231,4.1,-9.1,2002MM11,49.9
52232,A4,320000,52232,16.0,7.7,2002MM12,53.8
52234,A4,320000,52234,21.9,4.1,2003MM01,56.0
52235,A4,320000,52235,32.5,8.8,2003MM02,60.9
52236,A4,320000,52236,21.1,0.2,2003MM03,61.0
52237,A4,320000,52237,-4.8,-17.5,2003MM04,50.4
52238,A4,320000,52238,-9.6,-7.6,2003MM05,46.5
52239,A4,320000,52239,-3.4,2.6,2003MM06,47.8
52240,A4,320000,52240,-3.6,0.8,2003MM07,48.1
52241,A4,320000,52241,-1.8,5.6,2003MM08,50.8
52242,A4,320000,52242,-10.0,-3.4,2003MM09,49.1
52243,A4,320000,52243,-9.6,1.2,2003MM10,49.7
52244,A4,320000,52244,0.6,1.2,2003MM11,50.2
52245,A4,320000,52245,-9.1,-2.6,2003MM12,48.9
52247,A4,320000,52247,-8.9,4.3,2004MM01,51.0
52248,A4,320000,52248,-19.3,-3.7,2004MM02,49.1
52249,A4,320000,52249,-11.9,9.4,2004MM03,53.8
52250,A4,320000,52250,10.2,3.2,2004MM04,55.5
52251,A4,320000,52251,29.6,8.7,2004MM05,60.3
52252,A4,320000,52252,21.2,-4.1,2004MM06,57.9
52253,A4,320000,52253,25.8,4.6,2004MM07,60.6
52254,A4,320000,52254,29.1,8.4,2004MM08,65.6
52255,A4,320000,52255,39.2,4.1,2004MM09,68.3
52256,A4,320000,52256,50.1,9.1,2004MM10,74.6
52257,A4,320000,52257,36.1,-8.3,2004MM11,68.4
52258,A4,320000,52258,26.9,-9.2,2004MM12,62.1
52260,A4,320000,52260,27.6923076923,-2.45,2005MM01,62.5
52261,A4,320000,52261,28.4846153846,4.3,2005MM02,65.2
52262,A4,320000,52262,29.2769230769,11.9,2005MM03,73.0
52263,A4,320000,52263,30.0692307692,3.2,2005MM04,75.3
52264,A4,320000,52264,30.8615384615,-4.1,2005MM05,72.2
52265,A4,320000,52265,31.6538461538,9.9,2005MM06,79.3
52266,A4,320000,52266,32.4461538462,6.1,2005MM07,84.2
52267,A4,320000,52267,33.2384615385,5.7,2005MM08,89.0
52268,A4,320000,52268,34.0307692308,5.4,2005MM09,93.7
52269,A4,320000,52269,34.8230769231,-1.9,2005MM10,92.0
52270,A4,320000,52270,35.6153846154,-9.4,2005MM11,83.3
52271,A4,320000,52271,36.4076923077,-1.5,2005MM12,82.1
52273,A4,320000,52273,37.2,4.5,2006MM01,85.8
52274,A4,320000,52274,30.7,-0.7,2006MM02,85.2
52275,A4,320000,52275,20.5,3.2,2006MM03,87.9
52276,A4,320000,52276,25.4,7.3,2006MM04,94.4
52277,A4,320000,52277,29.1,-1.3,2006MM05,93.2
52278,A4,320000,52278,19.7,1.9,2006MM06,95.0
52279,A4,320000,52279,15.0,1.9,2006MM07,96.8
52280,A4,320000,52280,7.9,-0.9,2006MM08,96.0
52281,A4,320000,52281,-9.3,-11.4,2006MM09,85.1
52282,A4,320000,52282,-10.4,-3.1,2006MM10,82.4
52283,A4,320000,52283,-3.4,-2.3,2006MM11,80.5
52284,A4,320000,52284,-1.2,0.7,2006MM12,81.1
52286,A4,320000,52286,-10.0,-4.9,2007MM01,77.2
52287,A4,320000,52287,-6.4,3.3,2007MM02,79.7
52288,A4,320000,52288,-6.3,3.3,2007MM03,82.4
52289,A4,320000,52289,-7.4,6.1,2007MM04,87.5
52290,A4,320000,52290,-4.0,2.3,2007MM05,89.4
52291,A4,320000,52291,-4.1,1.9,2007MM06,91.1
52292,A4,320000,52292,-5.4,0.6,2007MM07,91.6
52293,A4,320000,52293,-6.7,-2.3,2007MM08,89.5
52294,A4,320000,52294,10.2,4.7,2007MM09,93.7
52295,A4,320000,52295,16.3,2.2,2007MM10,95.9
52296,A4,320000,52296,31.4,10.4,2007MM11,105.9
52297,A4,320000,52297,26.9,-2.7,2007MM12,103.0
52299,A4,320000,52299,33.0,-0.3,2008MM01,102.7
52300,A4,320000,52300,31.9,2.4,2008MM02,105.2
52301,A4,320000,52301,34.0,5.0,2008MM03,110.4
52302,A4,320000,52302,30.0,2.9,2008MM04,113.7
52303,A4,320000,52303,45.6,14.5,2008MM05,130.2
52304,A4,320000,52304,48.4,3.9,2008MM06,135.2
52305,A4,320000,52305,47.7,0.0,2008MM07,135.3
52306,A4,320000,52306,37.3,-9.1,2008MM08,123.0
52307,A4,320000,52307,26.2,-3.8,2008MM09,118.3
52308,A4,320000,52308,3.3,-16.2,2008MM10,99.1
52309,A4,320000,52309,-20.3,-14.8,2008MM11,84.4
52310,A4,320000,52310,-35.2,-21.0,2008MM12,66.7
52312,A4,320000,52312,-33.6,2.2,2009MM01,68.1
52313,A4,320000,52313,-34.5,1.0,2009MM02,68.8
52314,A4,320000,52314,-39.5,-3.0,2009MM03,66.8
52315,A4,320000,52315,-38.4,4.8,2009MM04,70.0
52316,A4,320000,52316,-42.7,6.4,2009MM05,74.5
52317,A4,320000,52317,-38.8,10.9,2009MM06,82.7
52318,A4,320000,52318,-41.4,-4.2,2009MM07,79.2
52319,A4,320000,52319,-32.1,5.4,2009MM08,83.5
52320,A4,320000,52320,-32.5,-4.4,2009MM09,79.8
52321,A4,320000,52321,-17.0,3.1,2009MM10,82.3
52322,A4,320000,52322,1.0,3.6,2009MM11,85.2
52323,A4,320000,52323,27.4,-0.3,2009MM12,85.0
52325,A4,320000,52325,30.8,4.9,2010MM01,89.2
52326,A4,320000,52326,32.0,1.9,2010MM02,90.9
52327,A4,320000,52327,46.0,7.4,2010MM03,97.6
52328,A4,320000,52328,43.9,3.3,2010MM04,100.7
52329,A4,320000,52329,37.6,1.8,2010MM05,102.5
52330,A4,320000,52330,24.4,0.3,2010MM06,102.9
52331,A4,320000,52331,23.8,-4.6,2010MM07,98.1
52332,A4,320000,52332,17.6,0.1,2010MM08,98.2
52333,A4,320000,52333,25.4,1.9,2010MM09,100.1
52334,A4,320000,52334,23.5,1.5,2010MM10,101.6
52335,A4,320000,52335,22.8,3.1,2010MM11,104.7
52336,A4,320000,52336,33.6,8.4,2010MM12,113.6
52338,A4,320000,52338,30.6,2.5,2011MM01,116.4
52339,A4,320000,52339,32.9,3.7,2011MM02,120.8
52340,A4,320000,52340,33.6,8.0,2011MM03,130.4
52341,A4,320000,52341,32.2,2.1,2011MM04,133.1
52342,A4,320000,52342,23.9,-4.6,2011MM05,127.0
52343,A4,320000,52343,21.0,-2.0,2011MM06,124.5
52344,A4,320000,52344,30.4,2.8,2011MM07,128.0
52345,A4,320000,52345,26.4,-3.1,2011MM08,124.1
52346,A4,320000,52346,28.3,3.5,2011MM09,128.4
52347,A4,320000,52347,25.3,-0.8,2011MM10,127.3
52348,A4,320000,52348,23.9,1.9,2011MM11,129.8
52349,A4,320000,52349,13.7,-0.5,2011MM12,129.1
52351,A4,320000,52351,17.5,6.0,2012MM01,136.8
52352,A4,320000,52352,16.8,3.1,2012MM02,141.1
52353,A4,320000,52353,12.4,3.8,2012MM03,146.5
52354,A4,320000,52354,8.7,-1.2,2012MM04,144.7
52355,A4,320000,52355,7.8,-5.4,2012MM05,136.9
52356,A4,320000,52356,2.0,-7.3,2012MM06,127.0
52357,A4,320000,52357,6.0,6.8,2012MM07,135.7
52358,A4,320000,52358,17.3,7.3,2012MM08,145.6
52359,A4,320000,52359,13.4,0.0,2012MM09,145.6
52360,A4,320000,52360,12.2,-1.9,2012MM10,142.8
52361,A4,320000,52361,6.7,-3.0,2012MM11,138.5
52362,A4,320000,52362,3.9,-3.2,2012MM12,134.2
52364,A4,320000,52364,-1.4,0.6,2013MM01,134.9
52365,A4,320000,52365,-0.8,3.7,2013MM02,140.0
52366,A4,320000,52366,-8.7,-4.5,2013MM03,133.7
52367,A4,320000,52367,-12.4,-5.2,2013MM04,126.8
52368,A4,320000,52368,-7.6,-0.2,2013MM05,126.5
52369,A4,320000,52369,-0.5,-0.2,2013MM06,126.3
52370,A4,320000,52370,-3.0,4.2,2013MM07,131.6
52371,A4,320000,52371,-9.1,0.6,2013MM08,132.4
52372,A4,320000,52372,-9.0,0.1,2013MM09,132.4
52373,A4,320000,52373,-10.6,-3.6,2013MM10,127.7
52374,A4,320000,52374,-7.8,0.1,2013MM11,127.8
52375,A4,320000,52375,-3.8,1.0,2013MM12,129.0
52377,A4,320000,52377,-5.9,-1.6,2014MM01,126.9
52378,A4,320000,52378,-8.9,0.4,2014MM02,127.5
52379,A4,320000,52379,-6.6,-2.1,2014MM03,124.8
52380,A4,320000,52380,-0.4,1.2,2014MM04,126.4
52381,A4,320000,52381,0.0,0.1,2014MM05,126.6
52382,A4,320000,52382,1.9,1.7,2014MM06,128.8
52383,A4,320000,52383,-3.3,-1.2,2014MM07,127.3
52384,A4,320000,52384,-5.7,-1.9,2014MM08,124.8
52385,A4,320000,52385,-6.1,-0.4,2014MM09,124.3
52386,A4,320000,52386,-9.3,-6.8,2014MM10,115.8
52387,A4,320000,52387,-13.8,-4.9,2014MM11,110.1
52388,A4,320000,52388,-29.6,-17.6,2014MM12,90.8
52390,A4,320000,52390,-35.4,-9.7,2015MM01,82.0
52391,A4,320000,52391,-27.5,12.6,2015MM02,92.4
52392,A4,320000,52392,-22.0,5.4,2015MM03,97.3
52393,A4,320000,52393,-21.7,1.7,2015MM04,99.0
52394,A4,320000,52394,-20.5,1.7,2015MM05,100.6
52395,A4,320000,52395,-22.8,-1.3,2015MM06,99.4
52396,A4,320000,52396,-24.9,-3.8,2015MM07,95.6
52397,A4,320000,52397,-29.0,-7.3,2015MM08,88.6
52398,A4,320000,52398,-31.6,-4.0,2015MM09,85.1
52399,A4,320000,52399,-28.1,-2.2,2015MM10,83.2
52400,A4,320000,52400,-22.8,2.2,2015MM11,85.1
52401,A4,320000,52401,-18.1,-12.5,2015MM12,74.4
52403,A4,320000,52403,-20.6,-12.4,2016MM01,65.2
52404,A4,320000,52404,-30.7,-1.8,2016MM02,64.0
52405,A4,320000,52405,-28.8,8.3,2016MM03,69.3
52406,A4,320000,52406,-27.4,3.6,2016MM04,71.9
52407,A4,320000,52407,-24.1,6.2,2016MM05,76.3
52408,A4,320000,52408,-16.5,8.6,2016MM06,82.9
52409,A4,320000,52409,-10.8,2.8,2016MM07,85.2
52410,A4,320000,52410,-13.7,-10.3,2016MM08,76.5
52411,A4,320000,52411,-6.2,4.4,2016MM09,79.8
52412,A4,320000,52412,4.6,9.1,2016MM10,87.1
52413,A4,320000,52413,-1.4,-3.7,2016MM11,83.9
52414,A4,320000,52414,27.3,12.9,2016MM12,94.7
52416,A4,320000,52416,49.0,2.5,2017MM01,97.1
52417,A4,320000,52417,53.4,1.1,2017MM02,98.2
52418,A4,320000,52418,35.0,-4.7,2017MM03,93.6
52419,A4,320000,52419,26.4,-3.0,2017MM04,90.8
52420,A4,320000,52420,14.8,-3.5,2017MM05,87.6
52421,A4,320000,52421,-0.3,-5.7,2017MM06,82.7
52422,A4,320000,52422,-5.3,-2.3,2017MM07,80.7
52423,A4,320000,52423,13.7,7.7,2017MM08,87.0
52424,A4,320000,52424,17.0,7.3,2017MM09,93.3
52425,A4,320000,52425,8.2,0.9,2017MM10,94.2
52426,A4,320000,52426,19.2,6.2,2017MM11,100.0
52427,A4,320000,52427,5.0,-0.6,2017MM12,99.4
