,Afzet,BedrijfstakkenBranchesSBI2008,ID,OntwikkelingTOV1JaarEerder_2,OntwikkelingTOV1MaandEerder_3,Perioden,ProducentenprijsindexPPI_1
83694,A5,320005,83694,6.13820598007,0.207586206897,1981MM01,102.908304498
83695,A5,320005,83695,6.17641196013,0.215172413793,1981MM02,102.816608997
83696,A5,320005,83696,6.2146179402,0.22275862069,1981MM03,102.724913495
83697,A5,320005,83697,6.25282392027,0.230344827586,1981MM04,102.633217993
83698,A5,320005,83698,6.29102990033,0.237931034483,1981MM05,102.541522491
83699,A5,320005,83699,6.3292358804,0.245517241379,1981MM06,102.44982699
83700,A5,320005,83700,6.36744186047,0.253103448276,1981MM07,102.358131488
83701,A5,320005,83701,6.40564784053,0.260689655172,1981MM08,102.266435986
83702,A5,320005,83702,6.4438538206,0.268275862069,1981MM09,102.174740484
83703,A5,320005,83703,6.48205980066,0.275862068966,1981MM10,102.083044983
83704,A5,320005,83704,6.52026578073,0.283448275862,1981MM11,101.991349481
83705,A5,320005,83705,6.5584717608,0.291034482759,1981MM12,101.899653979
83707,A5,320005,83707,6.59667774086,0.298620689655,1982MM01,101.807958478
83708,A5,320005,83708,6.63488372093,0.306206896552,1982MM02,101.716262976
83709,A5,320005,83709,6.673089701,0.313793103448,1982MM03,101.624567474
83710,A5,320005,83710,6.71129568106,0.321379310345,1982MM04,101.532871972
83711,A5,320005,83711,6.74950166113,0.328965517241,1982MM05,101.441176471
83712,A5,320005,83712,6.7877076412,0.336551724138,1982MM06,101.349480969
83713,A5,320005,83713,6.82591362126,0.344137931034,1982MM07,101.257785467
83714,A5,320005,83714,6.86411960133,0.351724137931,1982MM08,101.166089965
83715,A5,320005,83715,6.9023255814,0.359310344828,1982MM09,101.074394464
83716,A5,320005,83716,6.94053156146,0.366896551724,1982MM10,100.982698962
83717,A5,320005,83717,6.97873754153,0.374482758621,1982MM11,100.89100346
83718,A5,320005,83718,7.01694352159,0.382068965517,1982MM12,100.799307958
83720,A5,320005,83720,7.05514950166,0.389655172414,1983MM01,100.707612457
83721,A5,320005,83721,7.09335548173,0.39724137931,1983MM02,100.615916955
83722,A5,320005,83722,7.13156146179,0.404827586207,1983MM03,100.524221453
83723,A5,320005,83723,7.16976744186,0.412413793103,1983MM04,100.432525952
83724,A5,320005,83724,7.20797342193,0.42,1983MM05,100.34083045
83725,A5,320005,83725,7.24617940199,0.427586206897,1983MM06,100.249134948
83726,A5,320005,83726,7.28438538206,0.435172413793,1983MM07,100.157439446
83727,A5,320005,83727,7.32259136213,0.44275862069,1983MM08,100.065743945
83728,A5,320005,83728,7.36079734219,0.450344827586,1983MM09,99.9740484429
83729,A5,320005,83729,7.39900332226,0.457931034483,1983MM10,99.8823529412
83730,A5,320005,83730,7.43720930233,0.465517241379,1983MM11,99.7906574394
83731,A5,320005,83731,7.47541528239,0.473103448276,1983MM12,99.6989619377
83733,A5,320005,83733,7.51362126246,0.480689655172,1984MM01,99.607266436
83734,A5,320005,83734,7.55182724252,0.488275862069,1984MM02,99.5155709343
83735,A5,320005,83735,7.59003322259,0.495862068966,1984MM03,99.4238754325
83736,A5,320005,83736,7.62823920266,0.503448275862,1984MM04,99.3321799308
83737,A5,320005,83737,7.66644518272,0.511034482759,1984MM05,99.2404844291
83738,A5,320005,83738,7.70465116279,0.518620689655,1984MM06,99.1487889273
83739,A5,320005,83739,7.74285714286,0.526206896552,1984MM07,99.0570934256
83740,A5,320005,83740,7.78106312292,0.533793103448,1984MM08,98.9653979239
83741,A5,320005,83741,7.81926910299,0.541379310345,1984MM09,98.8737024221
83742,A5,320005,83742,7.85747508306,0.548965517241,1984MM10,98.7820069204
83743,A5,320005,83743,7.89568106312,0.556551724138,1984MM11,98.6903114187
83744,A5,320005,83744,7.93388704319,0.564137931034,1984MM12,98.598615917
83746,A5,320005,83746,7.97209302326,0.571724137931,1985MM01,98.5069204152
83747,A5,320005,83747,8.01029900332,0.579310344828,1985MM02,98.4152249135
83748,A5,320005,83748,8.04850498339,0.586896551724,1985MM03,98.3235294118
83749,A5,320005,83749,8.08671096346,0.594482758621,1985MM04,98.23183391
83750,A5,320005,83750,8.12491694352,0.602068965517,1985MM05,98.1401384083
83751,A5,320005,83751,8.16312292359,0.609655172414,1985MM06,98.0484429066
83752,A5,320005,83752,8.20132890365,0.61724137931,1985MM07,97.9567474048
83753,A5,320005,83753,8.23953488372,0.624827586207,1985MM08,97.8650519031
83754,A5,320005,83754,8.27774086379,0.632413793103,1985MM09,97.7733564014
83755,A5,320005,83755,8.31594684385,0.64,1985MM10,97.6816608997
83756,A5,320005,83756,8.35415282392,0.647586206897,1985MM11,97.5899653979
83757,A5,320005,83757,8.39235880399,0.655172413793,1985MM12,97.4982698962
83759,A5,320005,83759,8.43056478405,0.66275862069,1986MM01,97.4065743945
83760,A5,320005,83760,8.46877076412,0.670344827586,1986MM02,97.3148788927
83761,A5,320005,83761,8.50697674419,0.677931034483,1986MM03,97.223183391
83762,A5,320005,83762,8.54518272425,0.685517241379,1986MM04,97.1314878893
83763,A5,320005,83763,8.58338870432,0.693103448276,1986MM05,97.0397923875
83764,A5,320005,83764,8.62159468439,0.700689655172,1986MM06,96.9480968858
83765,A5,320005,83765,8.65980066445,0.708275862069,1986MM07,96.8564013841
83766,A5,320005,83766,8.69800664452,0.715862068966,1986MM08,96.7647058824
83767,A5,320005,83767,8.73621262458,0.723448275862,1986MM09,96.6730103806
83768,A5,320005,83768,8.77441860465,0.731034482759,1986MM10,96.5813148789
83769,A5,320005,83769,8.81262458472,0.738620689655,1986MM11,96.4896193772
83770,A5,320005,83770,8.85083056478,0.746206896552,1986MM12,96.3979238754
83772,A5,320005,83772,8.88903654485,0.753793103448,1987MM01,96.3062283737
83773,A5,320005,83773,8.92724252492,0.761379310345,1987MM02,96.214532872
83774,A5,320005,83774,8.96544850498,0.768965517241,1987MM03,96.1228373702
83775,A5,320005,83775,9.00365448505,0.776551724138,1987MM04,96.0311418685
83776,A5,320005,83776,9.04186046512,0.784137931034,1987MM05,95.9394463668
83777,A5,320005,83777,9.08006644518,0.791724137931,1987MM06,95.8477508651
83778,A5,320005,83778,9.11827242525,0.799310344828,1987MM07,95.7560553633
83779,A5,320005,83779,9.15647840532,0.806896551724,1987MM08,95.6643598616
83780,A5,320005,83780,9.19468438538,0.814482758621,1987MM09,95.5726643599
83781,A5,320005,83781,9.23289036545,0.822068965517,1987MM10,95.4809688581
83782,A5,320005,83782,9.27109634551,0.829655172414,1987MM11,95.3892733564
83783,A5,320005,83783,9.30930232558,0.83724137931,1987MM12,95.2975778547
83785,A5,320005,83785,9.34750830565,0.844827586207,1988MM01,95.2058823529
83786,A5,320005,83786,9.38571428571,0.852413793103,1988MM02,95.1141868512
83787,A5,320005,83787,9.42392026578,0.86,1988MM03,95.0224913495
83788,A5,320005,83788,9.46212624585,0.867586206897,1988MM04,94.9307958478
83789,A5,320005,83789,9.50033222591,0.875172413793,1988MM05,94.839100346
83790,A5,320005,83790,9.53853820598,0.88275862069,1988MM06,94.7474048443
83791,A5,320005,83791,9.57674418605,0.890344827586,1988MM07,94.6557093426
83792,A5,320005,83792,9.61495016611,0.897931034483,1988MM08,94.5640138408
83793,A5,320005,83793,9.65315614618,0.905517241379,1988MM09,94.4723183391
83794,A5,320005,83794,9.69136212625,0.913103448276,1988MM10,94.3806228374
83795,A5,320005,83795,9.72956810631,0.920689655172,1988MM11,94.2889273356
83796,A5,320005,83796,9.76777408638,0.928275862069,1988MM12,94.1972318339
83798,A5,320005,83798,9.80598006645,0.935862068966,1989MM01,94.1055363322
83799,A5,320005,83799,9.84418604651,0.943448275862,1989MM02,94.0138408304
83800,A5,320005,83800,9.88239202658,0.951034482759,1989MM03,93.9221453287
83801,A5,320005,83801,9.92059800664,0.958620689655,1989MM04,93.830449827
83802,A5,320005,83802,9.95880398671,0.966206896552,1989MM05,93.7387543253
83803,A5,320005,83803,9.99700996678,0.973793103448,1989MM06,93.6470588235
83804,A5,320005,83804,10.0352159468,0.981379310345,1989MM07,93.5553633218
83805,A5,320005,83805,10.0734219269,0.988965517241,1989MM08,93.4636678201
83806,A5,320005,83806,10.111627907,0.996551724138,1989MM09,93.3719723183
83807,A5,320005,83807,10.149833887,1.00413793103,1989MM10,93.2802768166
83808,A5,320005,83808,10.1880398671,1.01172413793,1989MM11,93.1885813149
83809,A5,320005,83809,10.2262458472,1.01931034483,1989MM12,93.0968858131
83811,A5,320005,83811,10.2644518272,1.02689655172,1990MM01,93.0051903114
83812,A5,320005,83812,10.3026578073,1.03448275862,1990MM02,92.9134948097
83813,A5,320005,83813,10.3408637874,1.04206896552,1990MM03,92.821799308
83814,A5,320005,83814,10.3790697674,1.04965517241,1990MM04,92.7301038062
83815,A5,320005,83815,10.4172757475,1.05724137931,1990MM05,92.6384083045
83816,A5,320005,83816,10.4554817276,1.06482758621,1990MM06,92.5467128028
83817,A5,320005,83817,10.4936877076,1.0724137931,1990MM07,92.455017301
83818,A5,320005,83818,10.5318936877,1.08,1990MM08,92.3633217993
83819,A5,320005,83819,10.5700996678,1.0875862069,1990MM09,92.2716262976
83820,A5,320005,83820,10.6083056478,1.09517241379,1990MM10,92.1799307958
83821,A5,320005,83821,10.6465116279,1.10275862069,1990MM11,92.0882352941
83822,A5,320005,83822,10.684717608,1.11034482759,1990MM12,91.9965397924
83824,A5,320005,83824,10.722923588,1.11793103448,1991MM01,91.9048442907
83825,A5,320005,83825,10.7611295681,1.12551724138,1991MM02,91.8131487889
83826,A5,320005,83826,10.7993355482,1.13310344828,1991MM03,91.7214532872
83827,A5,320005,83827,10.8375415282,1.14068965517,1991MM04,91.6297577855
83828,A5,320005,83828,10.8757475083,1.14827586207,1991MM05,91.5380622837
83829,A5,320005,83829,10.9139534884,1.15586206897,1991MM06,91.446366782
83830,A5,320005,83830,10.9521594684,1.16344827586,1991MM07,91.3546712803
83831,A5,320005,83831,10.9903654485,1.17103448276,1991MM08,91.2629757785
83832,A5,320005,83832,11.0285714286,1.17862068966,1991MM09,91.1712802768
83833,A5,320005,83833,11.0667774086,1.18620689655,1991MM10,91.0795847751
83834,A5,320005,83834,11.1049833887,1.19379310345,1991MM11,90.9878892734
83835,A5,320005,83835,11.1431893688,1.20137931034,1991MM12,90.8961937716
83837,A5,320005,83837,11.1813953488,1.20896551724,1992MM01,90.8044982699
83838,A5,320005,83838,11.2196013289,1.21655172414,1992MM02,90.7128027682
83839,A5,320005,83839,11.257807309,1.22413793103,1992MM03,90.6211072664
83840,A5,320005,83840,11.296013289,1.23172413793,1992MM04,90.5294117647
83841,A5,320005,83841,11.3342192691,1.23931034483,1992MM05,90.437716263
83842,A5,320005,83842,11.3724252492,1.24689655172,1992MM06,90.3460207612
83843,A5,320005,83843,11.4106312292,1.25448275862,1992MM07,90.2543252595
83844,A5,320005,83844,11.4488372093,1.26206896552,1992MM08,90.1626297578
83845,A5,320005,83845,11.4870431894,1.26965517241,1992MM09,90.0709342561
83846,A5,320005,83846,11.5252491694,1.27724137931,1992MM10,89.9792387543
83847,A5,320005,83847,11.5634551495,1.28482758621,1992MM11,89.8875432526
83848,A5,320005,83848,11.6016611296,1.2924137931,1992MM12,89.7958477509
83850,A5,320005,83850,11.6398671096,1.3,1993MM01,89.7041522491
83851,A5,320005,83851,11.6780730897,1.3075862069,1993MM02,89.6124567474
83852,A5,320005,83852,11.7162790698,1.31517241379,1993MM03,89.5207612457
83853,A5,320005,83853,11.7544850498,1.32275862069,1993MM04,89.4290657439
83854,A5,320005,83854,11.7926910299,1.33034482759,1993MM05,89.3373702422
83855,A5,320005,83855,11.83089701,1.33793103448,1993MM06,89.2456747405
83856,A5,320005,83856,11.86910299,1.34551724138,1993MM07,89.1539792388
83857,A5,320005,83857,11.9073089701,1.35310344828,1993MM08,89.062283737
83858,A5,320005,83858,11.9455149502,1.36068965517,1993MM09,88.9705882353
83859,A5,320005,83859,11.9837209302,1.36827586207,1993MM10,88.8788927336
83860,A5,320005,83860,12.0219269103,1.37586206897,1993MM11,88.7871972318
83861,A5,320005,83861,12.0601328904,1.38344827586,1993MM12,88.6955017301
83863,A5,320005,83863,12.0983388704,1.39103448276,1994MM01,88.6038062284
83864,A5,320005,83864,12.1365448505,1.39862068966,1994MM02,88.5121107266
83865,A5,320005,83865,12.1747508306,1.40620689655,1994MM03,88.4204152249
83866,A5,320005,83866,12.2129568106,1.41379310345,1994MM04,88.3287197232
83867,A5,320005,83867,12.2511627907,1.42137931034,1994MM05,88.2370242215
83868,A5,320005,83868,12.2893687708,1.42896551724,1994MM06,88.1453287197
83869,A5,320005,83869,12.3275747508,1.43655172414,1994MM07,88.053633218
83870,A5,320005,83870,12.3657807309,1.44413793103,1994MM08,87.9619377163
83871,A5,320005,83871,12.403986711,1.45172413793,1994MM09,87.8702422145
83872,A5,320005,83872,12.442192691,1.45931034483,1994MM10,87.7785467128
83873,A5,320005,83873,12.4803986711,1.46689655172,1994MM11,87.6868512111
83874,A5,320005,83874,12.5186046512,1.47448275862,1994MM12,87.5951557093
83876,A5,320005,83876,12.5568106312,1.48206896552,1995MM01,87.5034602076
83877,A5,320005,83877,12.5950166113,1.48965517241,1995MM02,87.4117647059
83878,A5,320005,83878,12.6332225914,1.49724137931,1995MM03,87.3200692042
83879,A5,320005,83879,12.6714285714,1.50482758621,1995MM04,87.2283737024
83880,A5,320005,83880,12.7096345515,1.5124137931,1995MM05,87.1366782007
83881,A5,320005,83881,12.7478405316,1.52,1995MM06,87.044982699
83882,A5,320005,83882,12.7860465116,1.5275862069,1995MM07,86.9532871972
83883,A5,320005,83883,12.8242524917,1.53517241379,1995MM08,86.8615916955
83884,A5,320005,83884,12.8624584718,1.54275862069,1995MM09,86.7698961938
83885,A5,320005,83885,12.9006644518,1.55034482759,1995MM10,86.678200692
83886,A5,320005,83886,12.9388704319,1.55793103448,1995MM11,86.5865051903
83887,A5,320005,83887,12.977076412,1.56551724138,1995MM12,86.4948096886
83889,A5,320005,83889,13.015282392,1.57310344828,1996MM01,86.4031141869
83890,A5,320005,83890,13.0534883721,1.58068965517,1996MM02,86.3114186851
83891,A5,320005,83891,13.0916943522,1.58827586207,1996MM03,86.2197231834
83892,A5,320005,83892,13.1299003322,1.59586206897,1996MM04,86.1280276817
83893,A5,320005,83893,13.1681063123,1.60344827586,1996MM05,86.0363321799
83894,A5,320005,83894,13.2063122924,1.61103448276,1996MM06,85.9446366782
83895,A5,320005,83895,13.2445182724,1.61862068966,1996MM07,85.8529411765
83896,A5,320005,83896,13.2827242525,1.62620689655,1996MM08,85.7612456747
83897,A5,320005,83897,13.3209302326,1.63379310345,1996MM09,85.669550173
83898,A5,320005,83898,13.3591362126,1.64137931034,1996MM10,85.5778546713
83899,A5,320005,83899,13.3973421927,1.64896551724,1996MM11,85.4861591696
83900,A5,320005,83900,13.4355481728,1.65655172414,1996MM12,85.3944636678
83902,A5,320005,83902,13.4737541528,1.66413793103,1997MM01,85.3027681661
83903,A5,320005,83903,13.5119601329,1.67172413793,1997MM02,85.2110726644
83904,A5,320005,83904,13.550166113,1.67931034483,1997MM03,85.1193771626
83905,A5,320005,83905,13.588372093,1.68689655172,1997MM04,85.0276816609
83906,A5,320005,83906,13.6265780731,1.69448275862,1997MM05,84.9359861592
83907,A5,320005,83907,13.6647840532,1.70206896552,1997MM06,84.8442906574
83908,A5,320005,83908,13.7029900332,1.70965517241,1997MM07,84.7525951557
83909,A5,320005,83909,13.7411960133,1.71724137931,1997MM08,84.660899654
83910,A5,320005,83910,13.7794019934,1.72482758621,1997MM09,84.5692041522
83911,A5,320005,83911,13.8176079734,1.7324137931,1997MM10,84.4775086505
83912,A5,320005,83912,13.8558139535,1.74,1997MM11,84.3858131488
83913,A5,320005,83913,13.8940199336,1.7475862069,1997MM12,84.2941176471
83915,A5,320005,83915,13.9322259136,1.75517241379,1998MM01,84.2024221453
83916,A5,320005,83916,13.9704318937,1.76275862069,1998MM02,84.1107266436
83917,A5,320005,83917,14.0086378738,1.77034482759,1998MM03,84.0190311419
83918,A5,320005,83918,14.0468438538,1.77793103448,1998MM04,83.9273356401
83919,A5,320005,83919,14.0850498339,1.78551724138,1998MM05,83.8356401384
83920,A5,320005,83920,14.123255814,1.79310344828,1998MM06,83.7439446367
83921,A5,320005,83921,14.161461794,1.80068965517,1998MM07,83.6522491349
83922,A5,320005,83922,14.1996677741,1.80827586207,1998MM08,83.5605536332
83923,A5,320005,83923,14.2378737542,1.81586206897,1998MM09,83.4688581315
83924,A5,320005,83924,14.2760797342,1.82344827586,1998MM10,83.3771626298
83925,A5,320005,83925,14.3142857143,1.83103448276,1998MM11,83.285467128
83926,A5,320005,83926,14.3524916944,1.83862068966,1998MM12,83.1937716263
83928,A5,320005,83928,14.3906976744,1.84620689655,1999MM01,83.1020761246
83929,A5,320005,83929,14.4289036545,1.85379310345,1999MM02,83.0103806228
83930,A5,320005,83930,14.4671096346,1.86137931034,1999MM03,82.9186851211
83931,A5,320005,83931,14.5053156146,1.86896551724,1999MM04,82.8269896194
83932,A5,320005,83932,14.5435215947,1.87655172414,1999MM05,82.7352941176
83933,A5,320005,83933,14.5817275748,1.88413793103,1999MM06,82.6435986159
83934,A5,320005,83934,14.6199335548,1.89172413793,1999MM07,82.5519031142
83935,A5,320005,83935,14.6581395349,1.89931034483,1999MM08,82.4602076125
83936,A5,320005,83936,14.696345515,1.90689655172,1999MM09,82.3685121107
83937,A5,320005,83937,14.734551495,1.91448275862,1999MM10,82.276816609
83938,A5,320005,83938,14.7727574751,1.92206896552,1999MM11,82.1851211073
83939,A5,320005,83939,14.8109634551,1.92965517241,1999MM12,82.0934256055
83941,A5,320005,83941,14.8491694352,1.93724137931,2000MM01,82.0017301038
83942,A5,320005,83942,14.8873754153,1.94482758621,2000MM02,81.9100346021
83943,A5,320005,83943,14.9255813953,1.9524137931,2000MM03,81.8183391003
83944,A5,320005,83944,14.9637873754,1.96,2000MM04,81.7266435986
83945,A5,320005,83945,15.0019933555,1.9675862069,2000MM05,81.6349480969
83946,A5,320005,83946,15.0401993355,1.97517241379,2000MM06,81.5432525952
83947,A5,320005,83947,15.0784053156,1.98275862069,2000MM07,81.4515570934
83948,A5,320005,83948,15.1166112957,1.99034482759,2000MM08,81.3598615917
83949,A5,320005,83949,15.1548172757,1.99793103448,2000MM09,81.26816609
83950,A5,320005,83950,15.1930232558,2.00551724138,2000MM10,81.1764705882
83951,A5,320005,83951,15.2312292359,2.01310344828,2000MM11,81.0847750865
83952,A5,320005,83952,15.2694352159,2.02068965517,2000MM12,80.9930795848
83954,A5,320005,83954,15.307641196,2.02827586207,2001MM01,80.901384083
83955,A5,320005,83955,15.3458471761,2.03586206897,2001MM02,80.8096885813
83956,A5,320005,83956,15.3840531561,2.04344827586,2001MM03,80.7179930796
83957,A5,320005,83957,15.4222591362,2.05103448276,2001MM04,80.6262975779
83958,A5,320005,83958,15.4604651163,2.05862068966,2001MM05,80.5346020761
83959,A5,320005,83959,15.4986710963,2.06620689655,2001MM06,80.4429065744
83960,A5,320005,83960,15.5368770764,2.07379310345,2001MM07,80.3512110727
83961,A5,320005,83961,15.5750830565,2.08137931034,2001MM08,80.2595155709
83962,A5,320005,83962,15.6132890365,2.08896551724,2001MM09,80.1678200692
83963,A5,320005,83963,15.6514950166,2.09655172414,2001MM10,80.0761245675
83964,A5,320005,83964,15.6897009967,2.10413793103,2001MM11,79.9844290657
83965,A5,320005,83965,15.7279069767,2.11172413793,2001MM12,79.892733564
83967,A5,320005,83967,15.7661129568,2.11931034483,2002MM01,79.8010380623
83968,A5,320005,83968,15.8043189369,2.12689655172,2002MM02,79.7093425606
83969,A5,320005,83969,15.8425249169,2.13448275862,2002MM03,79.6176470588
83970,A5,320005,83970,15.880730897,2.14206896552,2002MM04,79.5259515571
83971,A5,320005,83971,15.9189368771,2.14965517241,2002MM05,79.4342560554
83972,A5,320005,83972,15.9571428571,2.15724137931,2002MM06,79.3425605536
83973,A5,320005,83973,15.9953488372,2.16482758621,2002MM07,79.2508650519
83974,A5,320005,83974,16.0335548173,2.1724137931,2002MM08,79.1591695502
83975,A5,320005,83975,16.0717607973,2.18,2002MM09,79.0674740484
83976,A5,320005,83976,16.1099667774,2.1875862069,2002MM10,78.9757785467
83977,A5,320005,83977,16.1481727575,2.19517241379,2002MM11,78.884083045
83978,A5,320005,83978,16.1863787375,2.20275862069,2002MM12,78.7923875433
83980,A5,320005,83980,16.2245847176,2.21034482759,2003MM01,78.7006920415
83981,A5,320005,83981,16.2627906977,2.21793103448,2003MM02,78.6089965398
83982,A5,320005,83982,16.3009966777,2.22551724138,2003MM03,78.5173010381
83983,A5,320005,83983,16.3392026578,2.23310344828,2003MM04,78.4256055363
83984,A5,320005,83984,16.3774086379,2.24068965517,2003MM05,78.3339100346
83985,A5,320005,83985,16.4156146179,2.24827586207,2003MM06,78.2422145329
83986,A5,320005,83986,16.453820598,2.25586206897,2003MM07,78.1505190311
83987,A5,320005,83987,16.4920265781,2.26344827586,2003MM08,78.0588235294
83988,A5,320005,83988,16.5302325581,2.27103448276,2003MM09,77.9671280277
83989,A5,320005,83989,16.5684385382,2.27862068966,2003MM10,77.875432526
83990,A5,320005,83990,16.6066445183,2.28620689655,2003MM11,77.7837370242
83991,A5,320005,83991,16.6448504983,2.29379310345,2003MM12,77.6920415225
83993,A5,320005,83993,16.6830564784,2.30137931034,2004MM01,77.6003460208
83994,A5,320005,83994,16.7212624585,2.30896551724,2004MM02,77.508650519
83995,A5,320005,83995,16.7594684385,2.31655172414,2004MM03,77.4169550173
83996,A5,320005,83996,16.7976744186,2.32413793103,2004MM04,77.3252595156
83997,A5,320005,83997,16.8358803987,2.33172413793,2004MM05,77.2335640138
83998,A5,320005,83998,16.8740863787,2.33931034483,2004MM06,77.1418685121
83999,A5,320005,83999,16.9122923588,2.34689655172,2004MM07,77.0501730104
84000,A5,320005,84000,16.9504983389,2.35448275862,2004MM08,76.9584775087
84001,A5,320005,84001,16.9887043189,2.36206896552,2004MM09,76.8667820069
84002,A5,320005,84002,17.026910299,2.36965517241,2004MM10,76.7750865052
84003,A5,320005,84003,17.0651162791,2.37724137931,2004MM11,76.6833910035
84004,A5,320005,84004,17.1033222591,2.38482758621,2004MM12,76.5916955017
84006,A5,320005,84006,17.1415282392,2.3924137931,2005MM01,76.5
84007,A5,320005,84007,17.1797342193,2.4,2005MM02,78.4
84008,A5,320005,84008,17.2179401993,4.8,2005MM03,82.1
84009,A5,320005,84009,17.2561461794,1.7,2005MM04,83.5
84010,A5,320005,84010,17.2943521595,-2.2,2005MM05,81.6
84011,A5,320005,84011,17.3325581395,4.3,2005MM06,85.2
84012,A5,320005,84012,17.3707641196,1.9,2005MM07,86.8
84013,A5,320005,84013,17.4089700997,2.3,2005MM08,88.8
84014,A5,320005,84014,17.4471760797,2.8,2005MM09,91.3
84015,A5,320005,84015,17.4853820598,0.5,2005MM10,91.8
84016,A5,320005,84016,17.5235880399,-3.6,2005MM11,88.5
84017,A5,320005,84017,17.5617940199,-1.2,2005MM12,87.5
84019,A5,320005,84019,17.6,2.8,2006MM01,90.0
84020,A5,320005,84020,15.2,0.3,2006MM02,90.3
84021,A5,320005,84021,11.9,1.8,2006MM03,91.9
84022,A5,320005,84022,13.9,3.5,2006MM04,95.1
84023,A5,320005,84023,16.0,-0.5,2006MM05,94.7
84024,A5,320005,84024,11.7,0.5,2006MM06,95.1
84025,A5,320005,84025,12.0,2.2,2006MM07,97.2
84026,A5,320005,84026,8.9,-0.5,2006MM08,96.7
84027,A5,320005,84027,0.9,-4.7,2006MM09,92.2
84028,A5,320005,84028,-1.3,-1.7,2006MM10,90.6
84029,A5,320005,84029,1.4,-0.9,2006MM11,89.7
84030,A5,320005,84030,2.5,0.0,2006MM12,89.7
84032,A5,320005,84032,-2.4,-2.1,2007MM01,87.8
84033,A5,320005,84033,-1.3,1.5,2007MM02,89.1
84034,A5,320005,84034,-1.2,1.9,2007MM03,90.8
84035,A5,320005,84035,-2.0,2.7,2007MM04,93.2
84036,A5,320005,84036,0.7,2.3,2007MM05,95.4
84037,A5,320005,84037,1.4,1.2,2007MM06,96.5
84038,A5,320005,84038,0.0,0.8,2007MM07,97.2
84039,A5,320005,84039,-0.6,-1.1,2007MM08,96.1
84040,A5,320005,84040,5.8,1.4,2007MM09,97.5
84041,A5,320005,84041,9.3,1.5,2007MM10,99.0
84042,A5,320005,84042,14.8,4.1,2007MM11,103.0
84043,A5,320005,84043,14.0,-0.7,2007MM12,102.3
84045,A5,320005,84045,17.2,0.6,2008MM01,102.9
84046,A5,320005,84046,16.4,0.8,2008MM02,103.7
84047,A5,320005,84047,18.0,3.3,2008MM03,107.1
84048,A5,320005,84048,17.5,2.3,2008MM04,109.6
84049,A5,320005,84049,21.8,6.0,2008MM05,116.1
84050,A5,320005,84050,24.1,3.1,2008MM06,119.7
84051,A5,320005,84051,25.7,2.0,2008MM07,122.2
84052,A5,320005,84052,21.0,-4.9,2008MM08,116.3
84053,A5,320005,84053,18.1,-1.0,2008MM09,115.1
84054,A5,320005,84054,6.5,-8.5,2008MM10,105.3
84055,A5,320005,84055,-8.3,-10.3,2008MM11,94.4
84056,A5,320005,84056,-20.0,-13.4,2008MM12,81.8
84058,A5,320005,84058,-24.3,-4.7,2009MM01,77.9
84059,A5,320005,84059,-26.3,-1.8,2009MM02,76.5
84060,A5,320005,84060,-27.5,1.5,2009MM03,77.6
84061,A5,320005,84061,-29.1,0.1,2009MM04,77.7
84062,A5,320005,84062,-31.3,2.6,2009MM05,79.8
84063,A5,320005,84063,-30.2,4.7,2009MM06,83.5
84064,A5,320005,84064,-31.8,-0.2,2009MM07,83.4
84065,A5,320005,84065,-25.1,4.4,2009MM08,87.1
84066,A5,320005,84066,-26.4,-2.7,2009MM09,84.7
84067,A5,320005,84067,-18.1,1.9,2009MM10,86.3
84068,A5,320005,84068,-7.6,1.1,2009MM11,87.3
84069,A5,320005,84069,6.4,-0.3,2009MM12,87.0
84071,A5,320005,84071,16.9,4.7,2010MM01,91.1
84072,A5,320005,84072,21.2,1.8,2010MM02,92.7
84073,A5,320005,84073,24.2,4.0,2010MM03,96.4
84074,A5,320005,84074,31.0,5.6,2010MM04,101.8
84075,A5,320005,84075,27.5,-0.1,2010MM05,101.7
84076,A5,320005,84076,22.5,0.6,2010MM06,102.4
84077,A5,320005,84077,20.5,-1.8,2010MM07,100.5
84078,A5,320005,84078,15.2,-0.2,2010MM08,100.3
84079,A5,320005,84079,19.0,0.5,2010MM09,100.8
84080,A5,320005,84080,18.0,1.1,2010MM10,101.9
84081,A5,320005,84081,18.9,1.9,2010MM11,103.8
84082,A5,320005,84082,22.5,2.7,2010MM12,106.6
84084,A5,320005,84084,21.5,3.8,2011MM01,110.7
84085,A5,320005,84085,24.7,4.5,2011MM02,115.6
84086,A5,320005,84086,23.5,3.0,2011MM03,119.1
84087,A5,320005,84087,19.4,2.1,2011MM04,121.6
84088,A5,320005,84088,18.1,-1.2,2011MM05,120.1
84089,A5,320005,84089,15.5,-1.6,2011MM06,118.2
84090,A5,320005,84090,19.0,1.2,2011MM07,119.6
84091,A5,320005,84091,18.1,-0.9,2011MM08,118.4
84092,A5,320005,84092,19.3,1.5,2011MM09,120.3
84093,A5,320005,84093,16.4,-1.4,2011MM10,118.6
84094,A5,320005,84094,15.2,0.8,2011MM11,119.6
84095,A5,320005,84095,11.3,-0.8,2011MM12,118.6
84097,A5,320005,84097,10.6,3.2,2012MM01,122.4
84098,A5,320005,84098,8.2,2.2,2012MM02,125.1
84099,A5,320005,84099,7.3,2.1,2012MM03,127.7
84100,A5,320005,84100,4.9,-0.1,2012MM04,127.6
84101,A5,320005,84101,4.0,-2.1,2012MM05,125.0
84102,A5,320005,84102,1.0,-4.5,2012MM06,119.3
84103,A5,320005,84103,1.7,1.9,2012MM07,121.7
84104,A5,320005,84104,6.7,3.9,2012MM08,126.4
84105,A5,320005,84105,5.7,0.6,2012MM09,127.1
84106,A5,320005,84106,5.5,-1.5,2012MM10,125.1
84107,A5,320005,84107,2.5,-2.1,2012MM11,122.5
84108,A5,320005,84108,1.6,-1.6,2012MM12,120.5
84110,A5,320005,84110,-1.0,0.6,2013MM01,121.2
84111,A5,320005,84111,-0.9,2.2,2013MM02,123.9
84112,A5,320005,84112,-4.8,-1.9,2013MM03,121.6
84113,A5,320005,84113,-7.3,-2.7,2013MM04,118.3
84114,A5,320005,84114,-6.0,-0.7,2013MM05,117.5
84115,A5,320005,84115,-2.4,-0.9,2013MM06,116.4
84116,A5,320005,84116,-2.3,2.1,2013MM07,118.9
84117,A5,320005,84117,-5.6,0.3,2013MM08,119.3
84118,A5,320005,84118,-6.3,-0.2,2013MM09,119.1
84119,A5,320005,84119,-7.0,-2.2,2013MM10,116.4
84120,A5,320005,84120,-5.4,-0.4,2013MM11,115.9
84121,A5,320005,84121,-3.3,0.6,2013MM12,116.6
84123,A5,320005,84123,-4.0,-0.2,2014MM01,116.4
84124,A5,320005,84124,-5.8,0.3,2014MM02,116.7
84125,A5,320005,84125,-5.4,-1.4,2014MM03,115.1
84126,A5,320005,84126,-2.2,0.6,2014MM04,115.7
84127,A5,320005,84127,-1.1,0.4,2014MM05,116.2
84128,A5,320005,84128,0.4,0.6,2014MM06,116.9
84129,A5,320005,84129,-2.0,-0.3,2014MM07,116.5
84130,A5,320005,84130,-2.6,-0.4,2014MM08,116.1
84131,A5,320005,84131,-2.9,-0.4,2014MM09,115.7
84132,A5,320005,84132,-3.1,-2.4,2014MM10,112.8
84133,A5,320005,84133,-6.2,-3.6,2014MM11,108.8
84134,A5,320005,84134,-15.4,-9.3,2014MM12,98.6
84136,A5,320005,84136,-21.8,-7.8,2015MM01,91.0
84137,A5,320005,84137,-17.4,6.0,2015MM02,96.4
84138,A5,320005,84138,-14.0,2.6,2015MM03,98.9
84139,A5,320005,84139,-10.8,4.4,2015MM04,103.3
84140,A5,320005,84140,-8.6,2.8,2015MM05,106.2
84141,A5,320005,84141,-9.2,-0.1,2015MM06,106.1
84142,A5,320005,84142,-10.8,-2.0,2015MM07,104.0
84143,A5,320005,84143,-16.4,-6.6,2015MM08,97.1
84144,A5,320005,84144,-19.3,-3.8,2015MM09,93.4
84145,A5,320005,84145,-19.8,-3.1,2015MM10,90.5
84146,A5,320005,84146,-17.0,-0.3,2015MM11,90.3
84147,A5,320005,84147,-13.2,-5.1,2015MM12,85.7
84149,A5,320005,84149,-10.2,-4.7,2016MM01,81.7
84150,A5,320005,84150,-16.9,-1.9,2016MM02,80.1
84151,A5,320005,84151,-16.6,3.0,2016MM03,82.5
84152,A5,320005,84152,-17.6,3.2,2016MM04,85.1
84153,A5,320005,84153,-16.7,3.9,2016MM05,88.5
84154,A5,320005,84154,-15.3,1.6,2016MM06,89.9
84155,A5,320005,84155,-15.9,-2.7,2016MM07,87.5
84156,A5,320005,84156,-9.9,0.0,2016MM08,87.4
84157,A5,320005,84157,-5.8,0.6,2016MM09,87.9
84158,A5,320005,84158,1.2,4.3,2016MM10,91.7
84159,A5,320005,84159,-0.1,-1.6,2016MM11,90.2
84160,A5,320005,84160,11.3,5.7,2016MM12,95.3
84162,A5,320005,84162,20.2,3.0,2017MM01,98.2
84163,A5,320005,84163,24.7,1.7,2017MM02,99.9
84164,A5,320005,84164,20.6,-0.4,2017MM03,99.5
84165,A5,320005,84165,17.4,0.5,2017MM04,100.0
84166,A5,320005,84166,8.4,-4.1,2017MM05,95.9
84167,A5,320005,84167,3.9,-2.6,2017MM06,93.3
84168,A5,320005,84168,5.5,-1.2,2017MM07,92.3
84169,A5,320005,84169,7.0,1.5,2017MM08,93.6
84170,A5,320005,84170,9.9,3.2,2017MM09,96.6
84171,A5,320005,84171,5.8,0.4,2017MM10,97.0
84172,A5,320005,84172,10.6,2.9,2017MM11,99.8
84173,A5,320005,84173,5.6,0.9,2017MM12,100.7
