,Afzet,BedrijfstakkenBranchesSBI2008,ID,OntwikkelingTOV1JaarEerder_2,OntwikkelingTOV1MaandEerder_3,Perioden,ProducentenprijsindexPPI_1
84175,A5,320000,84175,5.41538461538,4.25,1981MM01,51.6
84176,A5,320000,84176,5.83076923077,9.1,1981MM02,56.2
84177,A5,320000,84177,6.24615384615,-0.1,1981MM03,56.2
84178,A5,320000,84178,6.66153846154,2.1,1981MM04,57.4
84179,A5,320000,84179,7.07692307692,5.7,1981MM05,60.6
84180,A5,320000,84180,7.49230769231,0.0,1981MM06,60.6
84181,A5,320000,84181,7.90769230769,0.3,1981MM07,60.8
84182,A5,320000,84182,8.32307692308,2.4,1981MM08,62.3
84183,A5,320000,84183,8.73846153846,-4.9,1981MM09,59.2
84184,A5,320000,84184,9.15384615385,-5.9,1981MM10,55.7
84185,A5,320000,84185,9.56923076923,1.3,1981MM11,56.4
84186,A5,320000,84186,9.98461538462,1.9,1981MM12,57.5
84188,A5,320000,84188,10.4,-1.1,1982MM01,56.9
84189,A5,320000,84189,0.9,-0.2,1982MM02,56.8
84190,A5,320000,84190,-2.7,-3.7,1982MM03,54.7
84191,A5,320000,84191,-7.9,-3.4,1982MM04,52.8
84192,A5,320000,84192,-11.3,1.8,1982MM05,53.8
84193,A5,320000,84193,-4.9,7.2,1982MM06,57.6
84194,A5,320000,84194,-7.5,-2.5,1982MM07,56.2
84195,A5,320000,84195,-9.8,-0.1,1982MM08,56.2
84196,A5,320000,84196,-2.4,2.8,1982MM09,57.7
84197,A5,320000,84197,7.0,3.3,1982MM10,59.6
84198,A5,320000,84198,4.6,-1.1,1982MM11,59.0
84199,A5,320000,84199,-5.8,-8.2,1982MM12,54.2
84201,A5,320000,84201,-9.5,-5.0,1983MM01,51.5
84202,A5,320000,84202,-10.9,-1.7,1983MM02,50.6
84203,A5,320000,84203,-11.5,-4.4,1983MM03,48.4
84204,A5,320000,84204,-4.8,3.9,1983MM04,50.3
84205,A5,320000,84205,-5.3,1.2,1983MM05,50.9
84206,A5,320000,84206,-8.9,3.2,1983MM06,52.5
84207,A5,320000,84207,-4.1,2.6,1983MM07,53.9
84208,A5,320000,84208,1.1,5.3,1983MM08,56.8
84209,A5,320000,84209,-2.3,-0.6,1983MM09,56.4
84210,A5,320000,84210,-9.2,-4.0,1983MM10,54.1
84211,A5,320000,84211,-4.0,4.6,1983MM11,56.6
84212,A5,320000,84212,5.5,0.9,1983MM12,57.1
84214,A5,320000,84214,13.1,1.9,1984MM01,58.2
84215,A5,320000,84215,12.6,-2.2,1984MM02,56.9
84216,A5,320000,84216,14.2,-2.9,1984MM03,55.3
84217,A5,320000,84217,12.4,2.2,1984MM04,56.5
84218,A5,320000,84218,13.3,2.0,1984MM05,57.7
84219,A5,320000,84219,8.6,-1.1,1984MM06,57.0
84220,A5,320000,84220,4.4,-1.3,1984MM07,56.3
84221,A5,320000,84221,-0.2,0.7,1984MM08,56.7
84222,A5,320000,84222,6.2,5.8,1984MM09,59.9
84223,A5,320000,84223,12.9,2.0,1984MM10,61.1
84224,A5,320000,84224,1.9,-5.6,1984MM11,57.7
84225,A5,320000,84225,1.2,0.3,1984MM12,57.8
84227,A5,320000,84227,0.4,1.1,1985MM01,58.5
84228,A5,320000,84228,6.9,4.1,1985MM02,60.9
84229,A5,320000,84229,12.3,2.0,1985MM03,62.1
84230,A5,320000,84230,12.8,2.8,1985MM04,63.8
84231,A5,320000,84231,2.3,-7.5,1985MM05,59.0
84232,A5,320000,84232,0.1,-3.2,1985MM06,57.1
84233,A5,320000,84233,-1.0,-2.5,1985MM07,55.7
84234,A5,320000,84234,-5.2,-3.5,1985MM08,53.7
84235,A5,320000,84235,-11.9,-1.7,1985MM09,52.8
84236,A5,320000,84236,-10.6,3.5,1985MM10,54.7
84237,A5,320000,84237,-9.1,-4.1,1985MM11,52.4
84238,A5,320000,84238,-8.3,1.2,1985MM12,53.0
84240,A5,320000,84240,-16.3,-7.7,1986MM01,49.0
84241,A5,320000,84241,-53.3,-41.9,1986MM02,28.4
84242,A5,320000,84242,-31.4,49.8,1986MM03,42.6
84243,A5,320000,84243,-41.8,-12.9,1986MM04,37.1
84244,A5,320000,84244,-42.9,-9.2,1986MM05,33.7
84245,A5,320000,84245,-46.8,-9.8,1986MM06,30.4
84246,A5,320000,84246,-47.1,-3.1,1986MM07,29.5
84247,A5,320000,84247,-50.6,-9.9,1986MM08,26.5
84248,A5,320000,84248,-55.8,-12.1,1986MM09,23.3
84249,A5,320000,84249,-55.6,3.9,1986MM10,24.2
84250,A5,320000,84250,-53.0,1.7,1986MM11,24.6
84251,A5,320000,84251,-56.0,-5.4,1986MM12,23.3
84253,A5,320000,84253,-51.2,2.3,1987MM01,23.9
84254,A5,320000,84254,-14.5,1.9,1987MM02,24.3
84255,A5,320000,84255,-39.6,5.9,1987MM03,25.7
84256,A5,320000,84256,-28.0,3.9,1987MM04,26.7
84257,A5,320000,84257,-26.8,-7.8,1987MM05,24.7
84258,A5,320000,84258,-16.0,3.6,1987MM06,25.5
84259,A5,320000,84259,-12.2,1.3,1987MM07,25.9
84260,A5,320000,84260,-3.3,-0.7,1987MM08,25.7
84261,A5,320000,84261,13.7,3.3,1987MM09,26.5
84262,A5,320000,84262,13.6,3.8,1987MM10,27.5
84263,A5,320000,84263,9.7,-1.8,1987MM11,27.0
84264,A5,320000,84264,9.6,-5.4,1987MM12,25.6
84266,A5,320000,84266,11.1,3.7,1988MM01,26.5
84267,A5,320000,84267,0.2,-8.2,1988MM02,24.4
84268,A5,320000,84268,-10.8,-5.7,1988MM03,23.0
84269,A5,320000,84269,-17.1,-3.5,1988MM04,22.2
84270,A5,320000,84270,-9.8,0.2,1988MM05,22.2
84271,A5,320000,84271,-13.7,-0.8,1988MM06,22.0
84272,A5,320000,84272,-17.4,-3.2,1988MM07,21.4
84273,A5,320000,84273,-12.6,5.1,1988MM08,22.4
84274,A5,320000,84274,-17.4,-2.4,1988MM09,21.9
84275,A5,320000,84275,-19.7,0.9,1988MM10,22.1
84276,A5,320000,84276,-17.6,0.7,1988MM11,22.3
84277,A5,320000,84277,-11.8,1.3,1988MM12,22.6
84279,A5,320000,84279,-18.1,-3.7,1989MM01,21.7
84280,A5,320000,84280,-14.5,-4.1,1989MM02,20.8
84281,A5,320000,84281,-6.1,3.5,1989MM03,21.6
84282,A5,320000,84282,2.7,5.6,1989MM04,22.8
84283,A5,320000,84283,20.5,17.6,1989MM05,26.8
84284,A5,320000,84284,10.8,-8.8,1989MM06,24.4
84285,A5,320000,84285,12.1,-2.1,1989MM07,23.9
84286,A5,320000,84286,14.2,7.1,1989MM08,25.6
84287,A5,320000,84287,28.7,9.9,1989MM09,28.2
84288,A5,320000,84288,28.5,0.8,1989MM10,28.4
84289,A5,320000,84289,24.0,-2.8,1989MM11,27.6
84290,A5,320000,84290,19.3,-2.5,1989MM12,26.9
84292,A5,320000,84292,26.8,2.3,1990MM01,27.5
84293,A5,320000,84293,24.4,-5.8,1990MM02,25.9
84294,A5,320000,84294,12.3,-6.5,1990MM03,24.2
84295,A5,320000,84295,3.8,-2.4,1990MM04,23.7
84296,A5,320000,84296,-13.2,-1.7,1990MM05,23.3
84297,A5,320000,84297,-8.5,-3.8,1990MM06,22.4
84298,A5,320000,84298,-10.7,-4.5,1990MM07,21.4
84299,A5,320000,84299,-10.4,7.5,1990MM08,23.0
84300,A5,320000,84300,14.0,39.9,1990MM09,32.1
84301,A5,320000,84301,35.4,19.7,1990MM10,38.4
84302,A5,320000,84302,48.1,6.4,1990MM11,40.9
84303,A5,320000,84303,33.0,-12.5,1990MM12,35.8
84305,A5,320000,84305,16.7,-10.2,1991MM01,32.1
84306,A5,320000,84306,4.3,-15.9,1991MM02,27.0
84307,A5,320000,84307,32.4,18.6,1991MM03,32.1
84308,A5,320000,84308,19.0,-12.2,1991MM04,28.2
84309,A5,320000,84309,5.9,-12.5,1991MM05,24.6
84310,A5,320000,84310,15.9,5.2,1991MM06,25.9
84311,A5,320000,84311,23.8,2.1,1991MM07,26.5
84312,A5,320000,84312,14.9,-0.3,1991MM08,26.4
84313,A5,320000,84313,-17.3,0.7,1991MM09,26.6
84314,A5,320000,84314,-30.4,0.7,1991MM10,26.8
84315,A5,320000,84315,-34.8,-0.3,1991MM11,26.7
84316,A5,320000,84316,-21.2,5.8,1991MM12,28.2
84318,A5,320000,84318,-15.6,-3.9,1992MM01,27.1
84319,A5,320000,84319,-14.9,-15.1,1992MM02,23.0
84320,A5,320000,84320,-28.3,-0.1,1992MM03,23.0
84321,A5,320000,84321,-21.0,-3.3,1992MM04,22.2
84322,A5,320000,84322,-8.3,1.6,1992MM05,22.6
84323,A5,320000,84323,-13.7,-1.0,1992MM06,22.4
84324,A5,320000,84324,-11.1,5.2,1992MM07,23.5
84325,A5,320000,84325,-7.6,3.6,1992MM08,24.4
84326,A5,320000,84326,-6.6,1.8,1992MM09,24.8
84327,A5,320000,84327,-13.7,-7.0,1992MM10,23.1
84328,A5,320000,84328,-18.6,-5.9,1992MM11,21.7
84329,A5,320000,84329,-21.6,1.8,1992MM12,22.1
84331,A5,320000,84331,-13.6,6.0,1993MM01,23.4
84332,A5,320000,84332,3.9,2.0,1993MM02,23.9
84333,A5,320000,84333,-3.9,-7.6,1993MM03,22.1
84334,A5,320000,84334,-0.1,0.5,1993MM04,22.2
84335,A5,320000,84335,-2.4,-0.7,1993MM05,22.1
84336,A5,320000,84336,2.5,3.9,1993MM06,22.9
84337,A5,320000,84337,0.4,3.1,1993MM07,23.6
84338,A5,320000,84338,-4.8,-1.8,1993MM08,23.2
84339,A5,320000,84339,-6.0,0.5,1993MM09,23.3
84340,A5,320000,84340,-2.8,-3.7,1993MM10,22.4
84341,A5,320000,84341,5.0,1.6,1993MM11,22.8
84342,A5,320000,84342,0.0,-2.9,1993MM12,22.1
84344,A5,320000,84344,-10.4,-5.1,1994MM01,21.0
84345,A5,320000,84345,-7.3,5.6,1994MM02,22.2
84346,A5,320000,84346,-1.6,-1.9,1994MM03,21.7
84347,A5,320000,84347,-11.1,-9.1,1994MM04,19.8
84348,A5,320000,84348,-5.2,5.9,1994MM05,20.9
84349,A5,320000,84349,-13.0,-4.6,1994MM06,19.9
84350,A5,320000,84350,-11.5,4.8,1994MM07,20.9
84351,A5,320000,84351,-12.9,-3.4,1994MM08,20.2
84352,A5,320000,84352,-9.6,4.3,1994MM09,21.1
84353,A5,320000,84353,-5.1,1.0,1994MM10,21.3
84354,A5,320000,84354,-5.7,1.0,1994MM11,21.5
84355,A5,320000,84355,-3.3,-0.5,1994MM12,21.4
84357,A5,320000,84357,1.4,-0.5,1995MM01,21.3
84358,A5,320000,84358,-5.3,-1.4,1995MM02,21.0
84359,A5,320000,84359,-7.5,-4.2,1995MM03,20.1
84360,A5,320000,84360,5.4,3.5,1995MM04,20.8
84361,A5,320000,84361,3.8,4.3,1995MM05,21.7
84362,A5,320000,84362,2.9,-5.5,1995MM06,20.5
84363,A5,320000,84363,-10.6,-8.9,1995MM07,18.7
84364,A5,320000,84364,-2.2,5.7,1995MM08,19.8
84365,A5,320000,84365,-1.9,4.7,1995MM09,20.7
84366,A5,320000,84366,-10.2,-7.6,1995MM10,19.1
84367,A5,320000,84367,-7.3,4.3,1995MM11,19.9
84368,A5,320000,84368,-0.3,7.1,1995MM12,21.3
84370,A5,320000,84370,2.0,1.8,1996MM01,21.7
84371,A5,320000,84371,7.1,3.5,1996MM02,22.5
84372,A5,320000,84372,18.1,5.6,1996MM03,23.8
84373,A5,320000,84373,22.4,7.3,1996MM04,25.5
84374,A5,320000,84374,12.9,-3.8,1996MM05,24.5
84375,A5,320000,84375,10.6,-7.4,1996MM06,22.7
84376,A5,320000,84376,27.6,5.1,1996MM07,23.8
84377,A5,320000,84377,23.0,1.9,1996MM08,24.3
84378,A5,320000,84378,35.2,15.1,1996MM09,28.0
84379,A5,320000,84379,57.9,7.9,1996MM10,30.2
84380,A5,320000,84380,43.7,-5.2,1996MM11,28.6
84381,A5,320000,84381,37.6,2.6,1996MM12,29.4
84383,A5,320000,84383,38.8,2.7,1997MM01,30.2
84384,A5,320000,84384,23.7,-7.8,1997MM02,27.8
84385,A5,320000,84385,12.0,-4.3,1997MM03,26.6
84386,A5,320000,84386,0.6,-3.7,1997MM04,25.6
84387,A5,320000,84387,7.5,2.8,1997MM05,26.3
84388,A5,320000,84388,13.0,-2.7,1997MM06,25.6
84389,A5,320000,84389,12.7,4.8,1997MM07,26.9
84390,A5,320000,84390,21.8,10.2,1997MM08,29.6
84391,A5,320000,84391,1.4,-4.2,1997MM09,28.3
84392,A5,320000,84392,-3.6,2.6,1997MM10,29.1
84393,A5,320000,84393,-0.1,-1.7,1997MM11,28.6
84394,A5,320000,84394,-10.5,-8.1,1997MM12,26.3
84396,A5,320000,84396,-18.0,-6.0,1998MM01,24.7
84397,A5,320000,84397,-15.9,-5.4,1998MM02,23.4
84398,A5,320000,84398,-15.6,-3.9,1998MM03,22.5
84399,A5,320000,84399,-9.7,3.0,1998MM04,23.2
84400,A5,320000,84400,-16.2,-4.6,1998MM05,22.1
84401,A5,320000,84401,-18.2,-5.1,1998MM06,21.0
84402,A5,320000,84402,-22.1,-0.1,1998MM07,20.9
84403,A5,320000,84403,-34.1,-6.8,1998MM08,19.5
84404,A5,320000,84404,-29.9,1.9,1998MM09,19.9
84405,A5,320000,84405,-33.3,-2.3,1998MM10,19.4
84406,A5,320000,84406,-35.7,-5.2,1998MM11,18.4
84407,A5,320000,84407,-38.2,-11.7,1998MM12,16.3
84409,A5,320000,84409,-30.6,5.6,1999MM01,17.2
84410,A5,320000,84410,-27.9,-1.7,1999MM02,16.9
84411,A5,320000,84411,-10.3,19.6,1999MM03,20.2
84412,A5,320000,84412,1.3,16.2,1999MM04,23.4
84413,A5,320000,84413,7.2,0.9,1999MM05,23.7
84414,A5,320000,84414,18.9,5.3,1999MM06,24.9
84415,A5,320000,84415,38.9,16.7,1999MM07,29.1
84416,A5,320000,84416,61.5,8.4,1999MM08,31.5
84417,A5,320000,84417,71.0,7.8,1999MM09,34.0
84418,A5,320000,84418,74.4,-0.4,1999MM10,33.8
84419,A5,320000,84419,101.4,9.5,1999MM11,37.1
84420,A5,320000,84420,147.4,8.5,1999MM12,40.2
84422,A5,320000,84422,135.1,0.3,2000MM01,40.4
84423,A5,320000,84423,160.5,8.9,2000MM02,43.9
84424,A5,320000,84424,137.2,8.9,2000MM03,47.9
84425,A5,320000,84425,90.5,-6.7,2000MM04,44.7
84426,A5,320000,84426,114.6,13.7,2000MM05,50.8
84427,A5,320000,84427,112.3,4.2,2000MM06,52.9
84428,A5,320000,84428,78.8,-1.7,2000MM07,52.0
84429,A5,320000,84429,72.5,4.5,2000MM08,54.3
84430,A5,320000,84430,82.9,14.3,2000MM09,62.1
84431,A5,320000,84431,82.9,-0.4,2000MM10,61.9
84432,A5,320000,84432,62.7,-2.6,2000MM11,60.3
84433,A5,320000,84433,28.0,-14.6,2000MM12,51.5
84435,A5,320000,84435,20.4,-5.6,2001MM01,48.6
84436,A5,320000,84436,16.2,5.1,2001MM02,51.0
84437,A5,320000,84437,4.1,-2.4,2001MM03,49.8
84438,A5,320000,84438,18.5,6.3,2001MM04,52.9
84439,A5,320000,84439,13.0,8.5,2001MM05,57.4
84440,A5,320000,84440,2.1,-5.9,2001MM06,54.0
84441,A5,320000,84441,-4.6,-8.2,2001MM07,49.6
84442,A5,320000,84442,-11.5,-3.0,2001MM08,48.1
84443,A5,320000,84443,-21.0,2.1,2001MM09,49.1
84444,A5,320000,84444,-30.8,-12.8,2001MM10,42.8
84445,A5,320000,84445,-34.1,-7.2,2001MM11,39.7
84446,A5,320000,84446,-27.0,-5.4,2001MM12,37.6
84448,A5,320000,84448,-21.2,1.8,2002MM01,38.3
84449,A5,320000,84449,-23.3,2.3,2002MM02,39.2
84450,A5,320000,84450,-13.4,10.2,2002MM03,43.1
84451,A5,320000,84451,-9.2,11.4,2002MM04,48.0
84452,A5,320000,84452,-19.6,-3.9,2002MM05,46.2
84453,A5,320000,84453,-17.0,-2.8,2002MM06,44.9
84454,A5,320000,84454,-6.9,2.9,2002MM07,46.1
84455,A5,320000,84455,-1.2,3.0,2002MM08,47.5
84456,A5,320000,84456,4.3,7.7,2002MM09,51.2
84457,A5,320000,84457,19.9,0.2,2002MM10,51.3
84458,A5,320000,84458,15.1,-10.9,2002MM11,45.7
84459,A5,320000,84459,28.1,5.2,2002MM12,48.1
84461,A5,320000,84461,38.0,9.7,2003MM01,52.8
84462,A5,320000,84462,47.2,9.1,2003MM02,57.6
84463,A5,320000,84463,26.6,-5.3,2003MM03,54.6
84464,A5,320000,84464,-7.2,-18.3,2003MM04,44.6
84465,A5,320000,84465,-10.5,-7.3,2003MM05,41.3
84466,A5,320000,84466,-5.1,2.9,2003MM06,42.5
84467,A5,320000,84467,-4.0,4.1,2003MM07,44.3
84468,A5,320000,84468,0.3,7.7,2003MM08,47.7
84469,A5,320000,84469,-13.8,-7.4,2003MM09,44.2
84470,A5,320000,84470,-11.2,3.2,2003MM10,45.6
84471,A5,320000,84471,-0.9,-0.5,2003MM11,45.3
84472,A5,320000,84472,-8.3,-2.6,2003MM12,44.2
84474,A5,320000,84474,-15.0,1.6,2004MM01,44.9
84475,A5,320000,84475,-24.3,-2.8,2004MM02,43.6
84476,A5,320000,84476,-10.4,12.2,2004MM03,48.9
84477,A5,320000,84477,14.8,4.6,2004MM04,51.2
84478,A5,320000,84478,38.6,11.9,2004MM05,57.3
84479,A5,320000,84479,27.3,-5.4,2004MM06,54.2
84480,A5,320000,84480,32.0,7.9,2004MM07,58.5
84481,A5,320000,84481,30.0,6.0,2004MM08,62.0
84482,A5,320000,84482,43.0,1.9,2004MM09,63.2
84483,A5,320000,84483,54.8,11.7,2004MM10,70.5
84484,A5,320000,84484,40.0,-10.0,2004MM11,63.5
84485,A5,320000,84485,24.4,-13.5,2004MM12,54.9
84487,A5,320000,84487,26.4923076923,-3.35,2005MM01,57.4
84488,A5,320000,84488,28.5846153846,6.8,2005MM02,61.3
84489,A5,320000,84489,30.6769230769,13.9,2005MM03,69.8
84490,A5,320000,84490,32.7692307692,5.6,2005MM04,73.7
84491,A5,320000,84491,34.8615384615,-5.0,2005MM05,70.0
84492,A5,320000,84492,36.9538461538,14.2,2005MM06,80.0
84493,A5,320000,84493,39.0461538462,5.9,2005MM07,84.7
84494,A5,320000,84494,41.1384615385,5.9,2005MM08,89.7
84495,A5,320000,84495,43.2307692308,6.4,2005MM09,95.4
84496,A5,320000,84496,45.3230769231,-3.1,2005MM10,92.4
84497,A5,320000,84497,47.4153846154,-9.8,2005MM11,83.4
84498,A5,320000,84498,49.5076923077,-1.3,2005MM12,82.3
84500,A5,320000,84500,51.6,5.7,2006MM01,87.0
84501,A5,320000,84501,40.3,-1.1,2006MM02,86.0
84502,A5,320000,84502,29.1,4.8,2006MM03,90.1
84503,A5,320000,84503,32.8,8.6,2006MM04,97.9
84504,A5,320000,84504,37.3,-1.8,2006MM05,96.1
84505,A5,320000,84505,21.5,1.1,2006MM06,97.2
84506,A5,320000,84506,17.6,2.4,2006MM07,99.5
84507,A5,320000,84507,8.3,-2.4,2006MM08,97.1
84508,A5,320000,84508,-11.2,-12.7,2006MM09,84.8
84509,A5,320000,84509,-13.1,-5.2,2006MM10,80.3
84510,A5,320000,84510,-5.4,-1.8,2006MM11,78.9
84511,A5,320000,84511,-3.3,0.9,2006MM12,79.6
84513,A5,320000,84513,-14.9,-7.0,2007MM01,74.0
84514,A5,320000,84514,-10.1,4.4,2007MM02,77.3
84515,A5,320000,84515,-9.2,5.9,2007MM03,81.9
84516,A5,320000,84516,-11.5,5.9,2007MM04,86.7
84517,A5,320000,84517,-5.3,5.1,2007MM05,91.1
84518,A5,320000,84518,-3.7,2.7,2007MM06,93.6
84519,A5,320000,84519,-4.0,2.1,2007MM07,95.5
84520,A5,320000,84520,-5.4,-3.9,2007MM08,91.8
84521,A5,320000,84521,13.6,4.9,2007MM09,96.3
84522,A5,320000,84522,23.2,2.7,2007MM10,98.9
84523,A5,320000,84523,38.2,10.2,2007MM11,109.0
84524,A5,320000,84524,33.6,-2.5,2007MM12,106.3
84526,A5,320000,84526,42.9,-0.6,2008MM01,105.7
84527,A5,320000,84527,37.2,0.3,2008MM02,106.1
84528,A5,320000,84528,40.9,8.8,2008MM03,115.4
84529,A5,320000,84529,38.8,4.3,2008MM04,120.3
84530,A5,320000,84530,48.8,12.6,2008MM05,135.5
84531,A5,320000,84531,52.6,5.3,2008MM06,142.8
84532,A5,320000,84532,50.3,0.6,2008MM07,143.6
84533,A5,320000,84533,36.4,-12.8,2008MM08,125.3
84534,A5,320000,84534,25.1,-3.8,2008MM09,120.5
84535,A5,320000,84535,1.3,-16.8,2008MM10,100.2
84536,A5,320000,84536,-26.9,-20.5,2008MM11,79.7
84537,A5,320000,84537,-46.6,-28.7,2008MM12,56.8
84539,A5,320000,84539,-45.0,-18.0666666667,2009MM01,58.4
84540,A5,320000,84540,-43.4,-7.43333333333,2009MM02,60.0
84541,A5,320000,84541,-46.3,3.2,2009MM03,62.0
84542,A5,320000,84542,-46.0,4.8,2009MM04,64.9
84543,A5,320000,84543,-47.3,9.9,2009MM05,71.4
84544,A5,320000,84544,-43.8,12.5,2009MM06,80.3
84545,A5,320000,84545,-46.7,-4.6,2009MM07,76.6
84546,A5,320000,84546,-32.7,10.1,2009MM08,84.3
84547,A5,320000,84547,-35.9,-8.4,2009MM09,77.2
84548,A5,320000,84548,-18.4,6.0,2009MM10,81.8
84549,A5,320000,84549,6.0,3.2,2009MM11,84.5
84550,A5,320000,84550,47.8,-0.6,2009MM12,83.9
84552,A5,320000,84552,49.1,2.1,2010MM01,87.1
84553,A5,320000,84553,50.4,4.8,2010MM02,90.3
84554,A5,320000,84554,56.6,7.5,2010MM03,97.0
84555,A5,320000,84555,61.5,8.1,2010MM04,104.9
84556,A5,320000,84556,44.3,-1.8,2010MM05,103.0
84557,A5,320000,84557,29.5,1.0,2010MM06,104.0
84558,A5,320000,84558,29.8,-4.4,2010MM07,99.4
84559,A5,320000,84559,16.8,-1.0,2010MM08,98.4
84560,A5,320000,84560,27.9,0.3,2010MM09,98.8
84561,A5,320000,84561,24.0,2.7,2010MM10,101.4
84562,A5,320000,84562,23.4,2.7,2010MM11,104.2
84563,A5,320000,84563,30.8,5.3,2010MM12,109.8
84565,A5,320000,84565,33.25,3.2,2011MM01,113.3
84566,A5,320000,84566,35.7,8.1,2011MM02,122.5
84567,A5,320000,84567,32.1,4.7,2011MM03,128.2
84568,A5,320000,84568,27.0,3.9,2011MM04,133.2
84569,A5,320000,84569,24.7,-3.6,2011MM05,128.4
84570,A5,320000,84570,19.0,-3.6,2011MM06,123.8
84571,A5,320000,84571,28.8,3.4,2011MM07,128.0
84572,A5,320000,84572,27.4,-2.1,2011MM08,125.4
84573,A5,320000,84573,32.0,4.0,2011MM09,130.4
84574,A5,320000,84574,25.4,-2.4,2011MM10,127.2
84575,A5,320000,84575,26.0,3.2,2011MM11,131.4
84576,A5,320000,84576,18.5,-0.9,2011MM12,130.1
84578,A5,320000,84578,21.9,6.1,2012MM01,138.1
84579,A5,320000,84579,17.2,3.9,2012MM02,143.5
84580,A5,320000,84580,15.2,2.9,2012MM03,147.7
84581,A5,320000,84581,8.9,-1.7,2012MM04,145.1
84582,A5,320000,84582,7.3,-5.1,2012MM05,137.7
84583,A5,320000,84583,1.9,-8.4,2012MM06,126.2
84584,A5,320000,84584,6.4,7.9,2012MM07,136.2
84585,A5,320000,84585,16.7,7.4,2012MM08,146.3
84586,A5,320000,84586,11.8,-0.4,2012MM09,145.7
84587,A5,320000,84587,11.3,-2.8,2012MM10,141.6
84588,A5,320000,84588,2.9,-4.6,2012MM11,135.1
84589,A5,320000,84589,0.5,-3.2,2012MM12,130.8
84591,A5,320000,84591,-4.1,1.3,2013MM01,132.5
84592,A5,320000,84592,-3.3,4.8,2013MM02,138.8
84593,A5,320000,84593,-10.2,-4.5,2013MM03,132.5
84594,A5,320000,84594,-13.5,-5.3,2013MM04,125.5
84595,A5,320000,84595,-8.4,0.5,2013MM05,126.1
84596,A5,320000,84596,-1.0,-0.9,2013MM06,125.0
84597,A5,320000,84597,-3.7,4.9,2013MM07,131.2
84598,A5,320000,84598,-10.0,0.4,2013MM08,131.6
84599,A5,320000,84599,-10.6,-1.0,2013MM09,130.3
84600,A5,320000,84600,-11.2,-3.5,2013MM10,125.7
84601,A5,320000,84601,-7.6,-0.7,2013MM11,124.9
84602,A5,320000,84602,-4.0,0.6,2013MM12,125.6
84604,A5,320000,84604,-6.6,-1.5,2014MM01,123.7
84605,A5,320000,84605,-10.1,0.9,2014MM02,124.8
84606,A5,320000,84606,-8.6,-2.9,2014MM03,121.2
84607,A5,320000,84607,-1.7,1.8,2014MM04,123.4
84608,A5,320000,84608,-1.5,0.7,2014MM05,124.3
84609,A5,320000,84609,1.4,2.0,2014MM06,126.8
84610,A5,320000,84610,-5.3,-2.1,2014MM07,124.2
84611,A5,320000,84611,-6.9,-1.3,2014MM08,122.6
84612,A5,320000,84612,-6.1,-0.2,2014MM09,122.3
84613,A5,320000,84613,-9.4,-6.9,2014MM10,113.9
84614,A5,320000,84614,-14.7,-6.4,2014MM11,106.5
84615,A5,320000,84615,-32.2,-20.0,2014MM12,85.2
84617,A5,320000,84617,-40.8,-14.1,2015MM01,73.2
84618,A5,320000,84618,-28.5,21.8,2015MM02,89.2
84619,A5,320000,84619,-25.1,1.8,2015MM03,90.8
84620,A5,320000,84620,-22.2,5.7,2015MM04,96.0
84621,A5,320000,84621,-19.6,4.1,2015MM05,99.9
84622,A5,320000,84622,-22.2,-1.3,2015MM06,98.6
84623,A5,320000,84623,-25.3,-5.9,2015MM07,92.8
84624,A5,320000,84624,-35.2,-14.4,2015MM08,79.5
84625,A5,320000,84625,-37.6,-3.9,2015MM09,76.3
84626,A5,320000,84626,-35.4,-3.6,2015MM10,73.6
84627,A5,320000,84627,-30.7,0.3,2015MM11,73.8
84628,A5,320000,84628,-27.8,-16.7,2015MM12,61.5
84630,A5,320000,84630,-27.9,-14.2,2016MM01,52.8
84631,A5,320000,84631,-41.1,-0.4,2016MM02,52.6
84632,A5,320000,84632,-34.5,13.0,2016MM03,59.4
84633,A5,320000,84633,-32.8,8.5,2016MM04,64.5
84634,A5,320000,84634,-28.2,11.2,2016MM05,71.7
84635,A5,320000,84635,-23.4,5.3,2016MM06,75.5
84636,A5,320000,84636,-25.4,-8.3,2016MM07,69.3
84637,A5,320000,84637,-13.2,-0.5,2016MM08,68.9
84638,A5,320000,84638,-7.8,2.1,2016MM09,70.4
84639,A5,320000,84639,8.2,13.2,2016MM10,79.7
84640,A5,320000,84640,1.3,-6.2,2016MM11,74.8
84641,A5,320000,84641,40.1,15.3,2016MM12,86.2
84643,A5,320000,84643,68.1,2.9,2017MM01,88.7
84644,A5,320000,84644,68.8,0.1,2017MM02,88.8
84645,A5,320000,84645,42.3,-4.7,2017MM03,84.6
84646,A5,320000,84646,34.6,2.6,2017MM04,86.8
84647,A5,320000,84647,9.4,-9.6,2017MM05,78.4
84648,A5,320000,84648,-1.6,-5.3,2017MM06,74.3
84649,A5,320000,84649,8.4,1.1,2017MM07,75.1
84650,A5,320000,84650,13.6,4.2,2017MM08,78.3
84651,A5,320000,84651,19.5,7.5,2017MM09,84.2
84652,A5,320000,84652,5.0,-0.6,2017MM10,83.6
84653,A5,320000,84653,21.4,8.6,2017MM11,90.8
84654,A5,320000,84654,5.0,-0.3,2017MM12,90.5
