,Afzet,BedrijfstakkenBranchesSBI2008,ID,OntwikkelingTOV1JaarEerder_2,OntwikkelingTOV1MaandEerder_3,Perioden,ProducentenprijsindexPPI_1
19721,A6,320000,19721,,,1981MM01,42.2
19722,A6,320000,19722,,7.1,1981MM02,45.3
19723,A6,320000,19723,,0.2,1981MM03,45.3
19724,A6,320000,19724,,2.1,1981MM04,46.3
19725,A6,320000,19725,,4.2,1981MM05,48.3
19726,A6,320000,19726,,0.4,1981MM06,48.5
19727,A6,320000,19727,,1.1,1981MM07,49.0
19728,A6,320000,19728,,2.9,1981MM08,50.4
19729,A6,320000,19729,,-3.2,1981MM09,48.8
19730,A6,320000,19730,,-4.3,1981MM10,46.8
19731,A6,320000,19731,,0.2,1981MM11,46.9
19732,A6,320000,19732,,0.9,1981MM12,47.3
19734,A6,320000,19734,10.6,-1.2,1982MM01,46.7
19735,A6,320000,19735,3.0,-0.3,1982MM02,46.6
19736,A6,320000,19736,-0.8,-3.5,1982MM03,45.0
19737,A6,320000,19737,-5.4,-2.7,1982MM04,43.8
19738,A6,320000,19738,-6.7,2.8,1982MM05,45.0
19739,A6,320000,19739,-1.7,5.8,1982MM06,47.6
19740,A6,320000,19740,-4.6,-1.9,1982MM07,46.8
19741,A6,320000,19741,-7.7,-0.5,1982MM08,46.5
19742,A6,320000,19742,-2.2,2.6,1982MM09,47.8
19743,A6,320000,19743,5.4,3.2,1982MM10,49.3
19744,A6,320000,19744,3.9,-1.2,1982MM11,48.7
19745,A6,320000,19745,-4.3,-7.0,1982MM12,45.3
19747,A6,320000,19747,-7.0,-4.0,1983MM01,43.5
19748,A6,320000,19748,-8.8,-2.3,1983MM02,42.5
19749,A6,320000,19749,-9.3,-3.9,1983MM03,40.8
19750,A6,320000,19750,-2.8,4.2,1983MM04,42.5
19751,A6,320000,19751,-4.3,1.3,1983MM05,43.1
19752,A6,320000,19752,-7.1,2.7,1983MM06,44.3
19753,A6,320000,19753,-2.4,3.1,1983MM07,45.6
19754,A6,320000,19754,2.5,4.5,1983MM08,47.7
19755,A6,320000,19755,-0.8,-0.7,1983MM09,47.4
19756,A6,320000,19756,-7.3,-3.6,1983MM10,45.7
19757,A6,320000,19757,-2.9,3.6,1983MM11,47.3
19758,A6,320000,19758,4.9,0.5,1983MM12,47.5
19760,A6,320000,19760,11.0,1.6,1984MM01,48.3
19761,A6,320000,19761,11.6,-1.8,1984MM02,47.4
19762,A6,320000,19762,13.2,-2.5,1984MM03,46.2
19763,A6,320000,19763,10.5,1.7,1984MM04,47.0
19764,A6,320000,19764,11.0,1.8,1984MM05,47.8
19765,A6,320000,19765,7.2,-0.9,1984MM06,47.4
19766,A6,320000,19766,3.0,-0.9,1984MM07,47.0
19767,A6,320000,19767,-0.6,0.9,1984MM08,47.4
19768,A6,320000,19768,5.5,5.3,1984MM09,50.0
19769,A6,320000,19769,11.7,2.1,1984MM10,51.0
19770,A6,320000,19770,3.7,-3.9,1984MM11,49.0
19771,A6,320000,19771,3.8,0.6,1984MM12,49.3
19773,A6,320000,19773,4.1,1.9,1985MM01,50.3
19774,A6,320000,19774,9.0,2.9,1985MM02,51.7
19775,A6,320000,19775,15.1,3.0,1985MM03,53.2
19776,A6,320000,19776,6.9,-5.5,1985MM04,50.3
19777,A6,320000,19777,2.8,-2.1,1985MM05,49.2
19778,A6,320000,19778,1.8,-1.8,1985MM06,48.3
19779,A6,320000,19779,-0.5,-3.2,1985MM07,46.8
19780,A6,320000,19780,-3.2,-1.8,1985MM08,45.9
19781,A6,320000,19781,-5.6,2.7,1985MM09,47.2
19782,A6,320000,19782,-10.8,-3.5,1985MM10,45.5
19783,A6,320000,19783,-6.6,0.6,1985MM11,45.8
19784,A6,320000,19784,-13.4,-6.7,1985MM12,42.7
19786,A6,320000,19786,-25.0,-11.8,1986MM01,37.7
19787,A6,320000,19787,-35.4,-11.4,1986MM02,33.4
19788,A6,320000,19788,-42.5,-8.3,1986MM03,30.6
19789,A6,320000,19789,-43.6,-7.5,1986MM04,28.3
19790,A6,320000,19790,-43.3,-1.4,1986MM05,27.9
19791,A6,320000,19791,-46.5,-7.5,1986MM06,25.8
19792,A6,320000,19792,-50.3,-9.9,1986MM07,23.3
19793,A6,320000,19793,-47.3,4.0,1986MM08,24.2
19794,A6,320000,19794,-47.8,1.9,1986MM09,24.6
19795,A6,320000,19795,-48.2,-4.3,1986MM10,23.6
19796,A6,320000,19796,-46.4,4.1,1986MM11,24.5
19797,A6,320000,19797,-41.9,1.1,1986MM12,24.8
19799,A6,320000,19799,-29.1,7.7,1987MM01,26.7
19800,A6,320000,19800,-24.2,-5.4,1987MM02,25.3
19801,A6,320000,19801,-15.1,2.7,1987MM03,26.0
19802,A6,320000,19802,-7.2,1.2,1987MM04,26.3
19803,A6,320000,19803,-6.2,-0.4,1987MM05,26.2
19804,A6,320000,19804,3.4,2.0,1987MM06,26.7
19805,A6,320000,19805,18.4,3.1,1987MM07,27.5
19806,A6,320000,19806,12.7,-1.0,1987MM08,27.3
19807,A6,320000,19807,5.8,-4.3,1987MM09,26.1
19808,A6,320000,19808,12.8,2.0,1987MM10,26.6
19809,A6,320000,19809,2.3,-5.7,1987MM11,25.1
19810,A6,320000,19810,-3.3,-4.4,1987MM12,24.0
19812,A6,320000,19812,-12.7,-2.8,1988MM01,23.3
19813,A6,320000,19813,-7.8,-0.1,1988MM02,23.3
19814,A6,320000,19814,-11.9,-1.8,1988MM03,22.9
19815,A6,320000,19815,-9.5,3.9,1988MM04,23.8
19816,A6,320000,19816,-9.9,-0.8,1988MM05,23.6
19817,A6,320000,19817,-11.0,0.6,1988MM06,23.7
19818,A6,320000,19818,-13.3,0.5,1988MM07,23.9
19819,A6,320000,19819,-11.4,1.2,1988MM08,24.1
19820,A6,320000,19820,-9.7,-2.6,1988MM09,23.5
19821,A6,320000,19821,-14.0,-2.7,1988MM10,22.9
19822,A6,320000,19822,-6.6,2.4,1988MM11,23.4
19823,A6,320000,19823,1.2,3.6,1988MM12,24.3
19825,A6,320000,19825,8.9,4.6,1989MM01,25.4
19826,A6,320000,19826,8.2,-0.7,1989MM02,25.2
19827,A6,320000,19827,15.5,4.8,1989MM03,26.4
19828,A6,320000,19828,20.2,8.1,1989MM04,28.6
19829,A6,320000,19829,21.0,-0.1,1989MM05,28.6
19830,A6,320000,19830,16.5,-3.1,1989MM06,27.7
19831,A6,320000,19831,12.1,-3.3,1989MM07,26.8
19832,A6,320000,19832,11.7,0.8,1989MM08,27.0
19833,A6,320000,19833,20.0,4.7,1989MM09,28.2
19834,A6,320000,19834,24.4,0.8,1989MM10,28.5
19835,A6,320000,19835,21.5,0.0,1989MM11,28.5
19836,A6,320000,19836,21.3,3.5,1989MM12,29.5
19838,A6,320000,19838,13.1,-2.5,1990MM01,28.7
19839,A6,320000,19839,7.3,-5.8,1990MM02,27.1
19840,A6,320000,19840,-1.3,-3.6,1990MM03,26.1
19841,A6,320000,19841,-11.2,-2.8,1990MM04,25.4
19842,A6,320000,19842,-14.4,-3.7,1990MM05,24.4
19843,A6,320000,19843,-15.2,-4.0,1990MM06,23.5
19844,A6,320000,19844,-7.7,5.3,1990MM07,24.7
19845,A6,320000,19845,23.1,34.4,1990MM08,33.2
19846,A6,320000,19846,40.0,19.0,1990MM09,39.5
19847,A6,320000,19847,49.7,7.8,1990MM10,42.6
19848,A6,320000,19848,32.5,-11.5,1990MM11,37.7
19849,A6,320000,19849,17.2,-8.5,1990MM12,34.5
19851,A6,320000,19851,20.1,-0.1,1991MM01,34.5
19852,A6,320000,19852,15.0,-9.8,1991MM02,31.1
19853,A6,320000,19853,6.0,-11.1,1991MM03,27.7
19854,A6,320000,19854,11.4,2.2,1991MM04,28.3
19855,A6,320000,19855,18.0,2.0,1991MM05,28.8
19856,A6,320000,19856,22.6,-0.2,1991MM06,28.8
19857,A6,320000,19857,17.4,0.8,1991MM07,29.0
19858,A6,320000,19858,-11.8,1.0,1991MM08,29.3
19859,A6,320000,19859,-25.8,0.2,1991MM09,29.4
19860,A6,320000,19860,-28.0,4.5,1991MM10,30.7
19861,A6,320000,19861,-20.8,-2.6,1991MM11,29.9
19862,A6,320000,19862,-24.0,-12.1,1991MM12,26.3
19864,A6,320000,19864,-26.1,-2.9,1992MM01,25.5
19865,A6,320000,19865,-18.3,-0.2,1992MM02,25.4
19866,A6,320000,19866,-9.0,-1.0,1992MM03,25.2
19867,A6,320000,19867,-7.7,3.7,1992MM04,26.1
19868,A6,320000,19868,-6.7,3.1,1992MM05,26.9
19869,A6,320000,19869,-5.1,1.4,1992MM06,27.3
19870,A6,320000,19870,-11.2,-5.7,1992MM07,25.8
19871,A6,320000,19871,-16.1,-4.5,1992MM08,24.6
19872,A6,320000,19872,-15.0,1.4,1992MM09,25.0
19873,A6,320000,19873,-14.9,4.6,1992MM10,26.1
19874,A6,320000,19874,-11.2,1.7,1992MM11,26.5
19875,A6,320000,19875,-5.1,-6.1,1992MM12,24.9
19877,A6,320000,19877,-2.6,-0.4,1993MM01,24.8
19878,A6,320000,19878,0.6,3.1,1993MM02,25.6
19879,A6,320000,19879,3.4,1.7,1993MM03,26.0
19880,A6,320000,19880,-1.5,-1.2,1993MM04,25.7
19881,A6,320000,19881,-4.2,0.2,1993MM05,25.8
19882,A6,320000,19882,-8.2,-2.8,1993MM06,25.0
19883,A6,320000,19883,-1.7,1.1,1993MM07,25.3
19884,A6,320000,19884,0.2,-2.6,1993MM08,24.6
19885,A6,320000,19885,-5.9,-4.7,1993MM09,23.5
19886,A6,320000,19886,-5.9,4.6,1993MM10,24.6
19887,A6,320000,19887,-8.6,-1.3,1993MM11,24.2
19888,A6,320000,19888,-10.2,-7.7,1993MM12,22.4
19890,A6,320000,19890,-9.7,0.2,1994MM01,22.4
19891,A6,320000,19891,-9.1,3.8,1994MM02,23.3
19892,A6,320000,19892,-13.0,-2.7,1994MM03,22.6
19893,A6,320000,19893,-8.5,4.0,1994MM04,23.5
19894,A6,320000,19894,-7.5,1.3,1994MM05,23.8
19895,A6,320000,19895,-3.5,1.3,1994MM06,24.2
19896,A6,320000,19896,-5.5,-1.0,1994MM07,23.9
19897,A6,320000,19897,-2.3,0.6,1994MM08,24.1
19898,A6,320000,19898,-3.8,-6.1,1994MM09,22.6
19899,A6,320000,19899,-6.8,1.3,1994MM10,22.9
19900,A6,320000,19900,-2.1,3.6,1994MM11,23.7
19901,A6,320000,19901,3.1,-2.8,1994MM12,23.1
19903,A6,320000,19903,3.7,0.8,1995MM01,23.3
19904,A6,320000,19904,-0.4,-0.3,1995MM02,23.2
19905,A6,320000,19905,-1.4,-3.7,1995MM03,22.3
19906,A6,320000,19906,-2.9,2.4,1995MM04,22.9
19907,A6,320000,19907,0.5,4.8,1995MM05,24.0
19908,A6,320000,19908,-5.1,-4.2,1995MM06,22.9
19909,A6,320000,19909,-12.6,-8.8,1995MM07,20.9
19910,A6,320000,19910,-8.7,5.1,1995MM08,22.0
19911,A6,320000,19911,1.0,3.9,1995MM09,22.8
19912,A6,320000,19912,-6.6,-6.4,1995MM10,21.4
19913,A6,320000,19913,-6.8,3.4,1995MM11,22.1
19914,A6,320000,19914,1.8,6.2,1995MM12,23.5
19916,A6,320000,19916,3.4,2.4,1996MM01,24.0
19917,A6,320000,19917,6.6,2.8,1996MM02,24.7
19918,A6,320000,19918,16.4,5.2,1996MM03,26.0
19919,A6,320000,19919,22.0,7.4,1996MM04,27.9
19920,A6,320000,19920,12.8,-3.1,1996MM05,27.0
19921,A6,320000,19921,10.0,-6.6,1996MM06,25.2
19922,A6,320000,19922,25.3,3.8,1996MM07,26.2
19923,A6,320000,19923,20.9,1.4,1996MM08,26.6
19924,A6,320000,19924,31.6,13.0,1996MM09,30.0
19925,A6,320000,19925,51.7,7.9,1996MM10,32.4
19926,A6,320000,19926,40.6,-4.1,1996MM11,31.1
19927,A6,320000,19927,35.9,2.6,1996MM12,31.9
19929,A6,320000,19929,36.5,2.8,1997MM01,32.8
19930,A6,320000,19930,24.7,-6.0,1997MM02,30.8
19931,A6,320000,19931,13.8,-4.1,1997MM03,29.6
19932,A6,320000,19932,1.0,-4.7,1997MM04,28.2
19933,A6,320000,19933,6.7,2.4,1997MM05,28.8
19934,A6,320000,19934,12.3,-1.8,1997MM06,28.3
19935,A6,320000,19935,13.0,4.6,1997MM07,29.6
19936,A6,320000,19936,22.0,9.5,1997MM08,32.4
19937,A6,320000,19937,3.9,-3.7,1997MM09,31.2
19938,A6,320000,19938,-1.7,2.1,1997MM10,31.9
19939,A6,320000,19939,0.8,-1.7,1997MM11,31.3
19940,A6,320000,19940,-8.8,-7.2,1997MM12,29.1
19942,A6,320000,19942,-16.6,-5.9,1998MM01,27.4
19943,A6,320000,19943,-15.2,-4.5,1998MM02,26.1
19944,A6,320000,19944,-15.4,-4.3,1998MM03,25.0
19945,A6,320000,19945,-9.6,1.9,1998MM04,25.5
19946,A6,320000,19946,-14.4,-3.2,1998MM05,24.7
19947,A6,320000,19947,-17.3,-5.1,1998MM06,23.4
19948,A6,320000,19948,-20.5,0.6,1998MM07,23.6
19949,A6,320000,19949,-31.7,-6.0,1998MM08,22.2
19950,A6,320000,19950,-28.2,1.2,1998MM09,22.4
19951,A6,320000,19951,-30.5,-1.1,1998MM10,22.2
19952,A6,320000,19952,-32.2,-4.2,1998MM11,21.2
19953,A6,320000,19953,-34.4,-10.1,1998MM12,19.1
19955,A6,320000,19955,-27.7,3.6,1999MM01,19.8
19956,A6,320000,19956,-25.8,-2.1,1999MM02,19.4
19957,A6,320000,19957,-8.7,17.9,1999MM03,22.8
19958,A6,320000,19958,2.4,14.2,1999MM04,26.1
19959,A6,320000,19959,7.3,1.5,1999MM05,26.5
19960,A6,320000,19960,17.8,4.2,1999MM06,27.6
19961,A6,320000,19961,36.2,16.2,1999MM07,32.1
19962,A6,320000,19962,56.4,8.0,1999MM08,34.7
19963,A6,320000,19963,64.8,6.6,1999MM09,36.9
19964,A6,320000,19964,67.4,0.5,1999MM10,37.1
19965,A6,320000,19965,88.9,8.1,1999MM11,40.1
19966,A6,320000,19966,125.3,7.2,1999MM12,43.0
19968,A6,320000,19968,120.0,1.1,2000MM01,43.5
19969,A6,320000,19969,141.4,7.5,2000MM02,46.8
19970,A6,320000,19970,120.1,7.5,2000MM03,50.3
19971,A6,320000,19971,81.5,-5.8,2000MM04,47.3
19972,A6,320000,19972,100.0,11.9,2000MM05,53.0
19973,A6,320000,19973,99.1,3.7,2000MM06,54.9
19974,A6,320000,19974,69.9,-0.8,2000MM07,54.5
19975,A6,320000,19975,65.5,5.2,2000MM08,57.3
19976,A6,320000,19976,77.7,14.5,2000MM09,65.6
19977,A6,320000,19977,76.1,-0.4,2000MM10,65.3
19978,A6,320000,19978,60.2,-1.6,2000MM11,64.3
19979,A6,320000,19979,28.5,-14.0,2000MM12,55.3
19981,A6,320000,19981,17.3,-7.6,2001MM01,51.1
19982,A6,320000,19982,13.3,3.8,2001MM02,53.0
19983,A6,320000,19983,3.4,-2.0,2001MM03,52.0
19984,A6,320000,19984,15.7,5.4,2001MM04,54.8
19985,A6,320000,19985,11.0,7.4,2001MM05,58.8
19986,A6,320000,19986,2.6,-4.2,2001MM06,56.4
19987,A6,320000,19987,-4.8,-7.9,2001MM07,51.9
19988,A6,320000,19988,-11.7,-2.5,2001MM08,50.6
19989,A6,320000,19989,-21.3,2.0,2001MM09,51.7
19990,A6,320000,19990,-29.6,-11.0,2001MM10,46.0
19991,A6,320000,19991,-33.9,-7.7,2001MM11,42.5
19992,A6,320000,19992,-26.8,-4.6,2001MM12,40.5
19994,A6,320000,19994,-20.1,0.8,2002MM01,40.8
19995,A6,320000,19995,-21.9,1.5,2002MM02,41.4
19996,A6,320000,19996,-12.3,9.9,2002MM03,45.6
19997,A6,320000,19997,-9.3,9.1,2002MM04,49.7
19998,A6,320000,19998,-18.4,-3.5,2002MM05,48.0
19999,A6,320000,19999,-17.7,-3.2,2002MM06,46.4
20000,A6,320000,20000,-8.7,2.2,2002MM07,47.4
20001,A6,320000,20001,-3.3,3.2,2002MM08,49.0
20002,A6,320000,20002,1.3,6.9,2002MM09,52.4
20003,A6,320000,20003,14.3,0.4,2002MM10,52.6
20004,A6,320000,20004,11.0,-10.3,2002MM11,47.1
20005,A6,320000,20005,23.5,6.1,2002MM12,50.0
20007,A6,320000,20007,32.1,7.7,2003MM01,53.9
20008,A6,320000,20008,41.8,9.0,2003MM02,58.8
20009,A6,320000,20009,24.6,-3.4,2003MM03,56.8
20010,A6,320000,20010,-6.3,-18.0,2003MM04,46.5
20011,A6,320000,20011,-10.2,-7.4,2003MM05,43.1
20012,A6,320000,20012,-4.5,2.8,2003MM06,44.3
20013,A6,320000,20013,-3.9,2.9,2003MM07,45.6
20014,A6,320000,20014,-0.4,7.0,2003MM08,48.7
20015,A6,320000,20015,-12.5,-6.0,2003MM09,45.8
20016,A6,320000,20016,-10.7,2.5,2003MM10,46.9
20017,A6,320000,20017,-0.4,0.1,2003MM11,47.0
20018,A6,320000,20018,-8.6,-2.6,2003MM12,45.8
20020,A6,320000,20020,-13.0,2.5,2004MM01,46.9
20021,A6,320000,20021,-22.6,-3.1,2004MM02,45.5
20022,A6,320000,20022,-10.9,11.2,2004MM03,50.6
20023,A6,320000,20023,13.1,4.0,2004MM04,52.6
20024,A6,320000,20024,35.5,10.9,2004MM05,58.4
20025,A6,320000,20025,25.1,-5.0,2004MM06,55.4
20026,A6,320000,20026,29.8,6.8,2004MM07,59.2
20027,A6,320000,20027,29.7,6.9,2004MM08,63.2
20028,A6,320000,20028,41.7,2.7,2004MM09,64.9
20029,A6,320000,20029,53.2,10.8,2004MM10,71.9
20030,A6,320000,20030,38.6,-9.4,2004MM11,65.1
20031,A6,320000,20031,25.2,-12.0,2004MM12,57.3
20033,A6,320000,20033,26.8307692308,-3.05,2005MM01,59.1
20034,A6,320000,20034,28.4615384615,5.9,2005MM02,62.6
20035,A6,320000,20035,30.0923076923,13.2,2005MM03,70.9
20036,A6,320000,20036,31.7230769231,4.8,2005MM04,74.2
20037,A6,320000,20037,33.3538461538,-4.7,2005MM05,70.8
20038,A6,320000,20038,34.9846153846,12.7,2005MM06,79.8
20039,A6,320000,20039,36.6153846154,5.9,2005MM07,84.5
20040,A6,320000,20040,38.2461538462,5.8,2005MM08,89.4
20041,A6,320000,20041,39.8769230769,6.0,2005MM09,94.8
20042,A6,320000,20042,41.5076923077,-2.7,2005MM10,92.3
20043,A6,320000,20043,43.1384615385,-9.6,2005MM11,83.4
20044,A6,320000,20044,44.7692307692,-1.4,2005MM12,82.2
20046,A6,320000,20046,46.4,5.3,2006MM01,86.6
20047,A6,320000,20047,36.9,-1.0,2006MM02,85.7
20048,A6,320000,20048,26.1,4.3,2006MM03,89.4
20049,A6,320000,20049,30.3,8.2,2006MM04,96.7
20050,A6,320000,20050,34.4,-1.6,2006MM05,95.1
20051,A6,320000,20051,20.9,1.3,2006MM06,96.4
20052,A6,320000,20052,16.7,2.3,2006MM07,98.6
20053,A6,320000,20053,8.2,-1.9,2006MM08,96.7
20054,A6,320000,20054,-10.5,-12.3,2006MM09,84.9
20055,A6,320000,20055,-12.2,-4.5,2006MM10,81.0
20056,A6,320000,20056,-4.7,-2.0,2006MM11,79.4
20057,A6,320000,20057,-2.6,0.8,2006MM12,80.1
20059,A6,320000,20059,-13.3,-6.3,2007MM01,75.1
20060,A6,320000,20060,-8.8,4.0,2007MM02,78.1
20061,A6,320000,20061,-8.2,5.0,2007MM03,82.1
20062,A6,320000,20062,-10.1,6.0,2007MM04,86.9
20063,A6,320000,20063,-4.9,4.1,2007MM05,90.5
20064,A6,320000,20064,-3.8,2.4,2007MM06,92.7
20065,A6,320000,20065,-4.5,1.6,2007MM07,94.2
20066,A6,320000,20066,-5.9,-3.3,2007MM08,91.1
20067,A6,320000,20067,12.5,4.8,2007MM09,95.4
20068,A6,320000,20068,20.8,2.6,2007MM10,97.9
20069,A6,320000,20069,35.9,10.3,2007MM11,107.9
20070,A6,320000,20070,31.3,-2.6,2007MM12,105.2
20072,A6,320000,20072,39.4,-0.5,2008MM01,104.7
20073,A6,320000,20073,35.4,1.0,2008MM02,105.8
20074,A6,320000,20074,38.5,7.5,2008MM03,113.7
20075,A6,320000,20075,35.8,3.9,2008MM04,118.1
20076,A6,320000,20076,47.7,13.3,2008MM05,133.7
20077,A6,320000,20077,51.2,4.9,2008MM06,140.2
20078,A6,320000,20078,49.4,0.4,2008MM07,140.8
20079,A6,320000,20079,36.7,-11.6,2008MM08,124.5
20080,A6,320000,20080,25.4,-3.8,2008MM09,119.7
20081,A6,320000,20081,2.0,-16.6,2008MM10,99.8
20082,A6,320000,20082,-24.7,-18.6,2008MM11,81.3
20083,A6,320000,20083,-42.8,-26.0,2008MM12,60.2
20085,A6,320000,20085,-39.3,5.7,2009MM01,63.6
20086,A6,320000,20086,-40.4,-0.9,2009MM02,63.0
20087,A6,320000,20087,-44.1,0.9,2009MM03,63.6
20088,A6,320000,20088,-43.5,4.8,2009MM04,66.7
20089,A6,320000,20089,-45.8,8.7,2009MM05,72.4
20090,A6,320000,20090,-42.1,12.0,2009MM06,81.1
20091,A6,320000,20091,-45.0,-4.5,2009MM07,77.5
20092,A6,320000,20092,-32.5,8.4,2009MM08,84.0
20093,A6,320000,20093,-34.8,-7.1,2009MM09,78.1
20094,A6,320000,20094,-17.9,5.0,2009MM10,82.0
20095,A6,320000,20095,4.2,3.4,2009MM11,84.7
20096,A6,320000,20096,40.2,-0.5,2009MM12,84.3
20098,A6,320000,20098,39.8,5.5,2010MM01,88.9
20099,A6,320000,20099,43.6,1.8,2010MM02,90.5
20100,A6,320000,20100,52.8,7.5,2010MM03,97.2
20101,A6,320000,20101,55.2,6.5,2010MM04,103.5
20102,A6,320000,20102,41.9,-0.6,2010MM05,102.8
20103,A6,320000,20103,27.7,0.8,2010MM06,103.6
20104,A6,320000,20104,27.7,-4.5,2010MM07,99.0
20105,A6,320000,20105,17.0,-0.6,2010MM08,98.3
20106,A6,320000,20106,27.1,0.9,2010MM09,99.2
20107,A6,320000,20107,23.8,2.3,2010MM10,101.5
20108,A6,320000,20108,23.2,2.8,2010MM11,104.4
20109,A6,320000,20109,31.7,6.4,2010MM12,111.1
20111,A6,320000,20111,28.6,3.0,2011MM01,114.3
20112,A6,320000,20112,34.7,6.6,2011MM02,121.9
20113,A6,320000,20113,32.6,5.8,2011MM03,128.9
20114,A6,320000,20114,28.7,3.3,2011MM04,133.2
20115,A6,320000,20115,24.4,-4.0,2011MM05,127.9
20116,A6,320000,20116,19.7,-3.0,2011MM06,124.0
20117,A6,320000,20117,29.4,3.2,2011MM07,128.0
20118,A6,320000,20118,27.0,-2.4,2011MM08,124.9
20119,A6,320000,20119,30.7,3.8,2011MM09,129.7
20120,A6,320000,20120,25.4,-1.9,2011MM10,127.3
20121,A6,320000,20121,25.3,2.8,2011MM11,130.8
20122,A6,320000,20122,16.9,-0.8,2011MM12,129.8
20124,A6,320000,20124,20.4,6.1,2012MM01,137.6
20125,A6,320000,20125,17.1,3.7,2012MM02,142.7
20126,A6,320000,20126,14.2,3.2,2012MM03,147.3
20127,A6,320000,20127,8.8,-1.6,2012MM04,145.0
20128,A6,320000,20128,7.5,-5.2,2012MM05,137.5
20129,A6,320000,20129,2.0,-8.0,2012MM06,126.5
20130,A6,320000,20130,6.3,7.6,2012MM07,136.0
20131,A6,320000,20131,16.9,7.4,2012MM08,146.1
20132,A6,320000,20132,12.3,-0.3,2012MM09,145.7
20133,A6,320000,20133,11.6,-2.5,2012MM10,142.0
20134,A6,320000,20134,4.2,-4.0,2012MM11,136.3
20135,A6,320000,20135,1.7,-3.2,2012MM12,132.0
20137,A6,320000,20137,-3.2,1.0,2013MM01,133.3
20138,A6,320000,20138,-2.5,4.4,2013MM02,139.2
20139,A6,320000,20139,-9.7,-4.5,2013MM03,132.9
20140,A6,320000,20140,-13.1,-5.3,2013MM04,126.0
20141,A6,320000,20141,-8.2,0.2,2013MM05,126.3
20142,A6,320000,20142,-0.8,-0.6,2013MM06,125.4
20143,A6,320000,20143,-3.5,4.7,2013MM07,131.3
20144,A6,320000,20144,-9.7,0.4,2013MM08,131.9
20145,A6,320000,20145,-10.0,-0.6,2013MM09,131.0
20146,A6,320000,20146,-11.0,-3.5,2013MM10,126.4
20147,A6,320000,20147,-7.7,-0.4,2013MM11,125.9
20148,A6,320000,20148,-3.9,0.7,2013MM12,126.8
20150,A6,320000,20150,-6.4,-1.5,2014MM01,124.8
20151,A6,320000,20151,-9.7,0.7,2014MM02,125.7
20152,A6,320000,20152,-7.9,-2.6,2014MM03,122.4
20153,A6,320000,20153,-1.2,1.6,2014MM04,124.4
20154,A6,320000,20154,-1.0,0.5,2014MM05,125.0
20155,A6,320000,20155,1.6,1.9,2014MM06,127.5
20156,A6,320000,20156,-4.6,-1.8,2014MM07,125.2
20157,A6,320000,20157,-6.5,-1.5,2014MM08,123.3
20158,A6,320000,20158,-6.1,-0.2,2014MM09,123.0
20159,A6,320000,20159,-9.4,-6.9,2014MM10,114.5
20160,A6,320000,20160,-14.4,-5.9,2014MM11,107.8
20161,A6,320000,20161,-31.3,-19.2,2014MM12,87.1
20163,A6,320000,20163,-38.9,-12.5,2015MM01,76.2
20164,A6,320000,20164,-28.2,18.5,2015MM02,90.3
20165,A6,320000,20165,-24.0,3.0,2015MM03,93.0
20166,A6,320000,20166,-22.0,4.3,2015MM04,97.0
20167,A6,320000,20167,-19.9,3.3,2015MM05,100.1
20168,A6,320000,20168,-22.4,-1.3,2015MM06,98.8
20169,A6,320000,20169,-25.1,-5.2,2015MM07,93.7
20170,A6,320000,20170,-33.1,-11.9,2015MM08,82.6
20171,A6,320000,20171,-35.5,-3.9,2015MM09,79.3
20172,A6,320000,20172,-32.9,-3.1,2015MM10,76.9
20173,A6,320000,20173,-28.0,1.0,2015MM11,77.6
20174,A6,320000,20174,-24.3,-15.1,2015MM12,65.9
20176,A6,320000,20176,-25.2,-13.5,2016MM01,57.0
20177,A6,320000,20177,-37.5,-0.9,2016MM02,56.5
20178,A6,320000,20178,-32.5,11.2,2016MM03,62.8
20179,A6,320000,20179,-30.9,6.7,2016MM04,67.0
20180,A6,320000,20180,-26.8,9.4,2016MM05,73.3
20181,A6,320000,20181,-21.1,6.5,2016MM06,78.0
20182,A6,320000,20182,-20.3,-4.3,2016MM07,74.7
20183,A6,320000,20183,-13.4,-4.3,2016MM08,71.5
20184,A6,320000,20184,-7.2,2.9,2016MM09,73.6
20185,A6,320000,20185,6.9,11.7,2016MM10,82.2
20186,A6,320000,20186,0.3,-5.3,2016MM11,77.9
20187,A6,320000,20187,35.2,14.4,2016MM12,89.1
20189,A6,320000,20189,60.7,2.8,2017MM01,91.5
20190,A6,320000,20190,62.9,0.4,2017MM02,92.0
20191,A6,320000,20191,39.5,-4.7,2017MM03,87.6
20192,A6,320000,20192,31.6,0.6,2017MM04,88.1
20193,A6,320000,20193,11.3,-7.5,2017MM05,81.6
20194,A6,320000,20194,-1.2,-5.4,2017MM06,77.1
20195,A6,320000,20195,3.1,-0.1,2017MM07,77.0
20196,A6,320000,20196,13.6,5.5,2017MM08,81.2
20197,A6,320000,20197,18.6,7.4,2017MM09,87.3
20198,A6,320000,20198,6.1,-0.1,2017MM10,87.2
20199,A6,320000,20199,20.6,7.7,2017MM11,93.9
20200,A6,320000,20200,5.0,-0.4,2017MM12,93.6
