,Afzet,BedrijfstakkenBranchesSBI2008,ID,OntwikkelingTOV1JaarEerder_2,OntwikkelingTOV1MaandEerder_3,Perioden,ProducentenprijsindexPPI_1
51467,A4,320005,51467,5.84617940199,0.703448275862,1981MM01,101.507958478
51468,A4,320005,51468,5.89235880399,0.706896551724,1981MM02,101.415916955
51469,A4,320005,51469,5.93853820598,0.710344827586,1981MM03,101.323875433
51470,A4,320005,51470,5.98471760797,0.713793103448,1981MM04,101.23183391
51471,A4,320005,51471,6.03089700997,0.71724137931,1981MM05,101.139792388
51472,A4,320005,51472,6.07707641196,0.720689655172,1981MM06,101.047750865
51473,A4,320005,51473,6.12325581395,0.724137931034,1981MM07,100.955709343
51474,A4,320005,51474,6.16943521595,0.727586206897,1981MM08,100.86366782
51475,A4,320005,51475,6.21561461794,0.731034482759,1981MM09,100.771626298
51476,A4,320005,51476,6.26179401993,0.734482758621,1981MM10,100.679584775
51477,A4,320005,51477,6.30797342193,0.737931034483,1981MM11,100.587543253
51478,A4,320005,51478,6.35415282392,0.741379310345,1981MM12,100.49550173
51480,A4,320005,51480,6.40033222591,0.744827586207,1982MM01,100.403460208
51481,A4,320005,51481,6.44651162791,0.748275862069,1982MM02,100.311418685
51482,A4,320005,51482,6.4926910299,0.751724137931,1982MM03,100.219377163
51483,A4,320005,51483,6.53887043189,0.755172413793,1982MM04,100.12733564
51484,A4,320005,51484,6.58504983389,0.758620689655,1982MM05,100.035294118
51485,A4,320005,51485,6.63122923588,0.762068965517,1982MM06,99.9432525952
51486,A4,320005,51486,6.67740863787,0.765517241379,1982MM07,99.8512110727
51487,A4,320005,51487,6.72358803987,0.768965517241,1982MM08,99.7591695502
51488,A4,320005,51488,6.76976744186,0.772413793103,1982MM09,99.6671280277
51489,A4,320005,51489,6.81594684385,0.775862068966,1982MM10,99.5750865052
51490,A4,320005,51490,6.86212624585,0.779310344828,1982MM11,99.4830449827
51491,A4,320005,51491,6.90830564784,0.78275862069,1982MM12,99.3910034602
51493,A4,320005,51493,6.95448504983,0.786206896552,1983MM01,99.2989619377
51494,A4,320005,51494,7.00066445183,0.789655172414,1983MM02,99.2069204152
51495,A4,320005,51495,7.04684385382,0.793103448276,1983MM03,99.1148788927
51496,A4,320005,51496,7.09302325581,0.796551724138,1983MM04,99.0228373702
51497,A4,320005,51497,7.13920265781,0.8,1983MM05,98.9307958478
51498,A4,320005,51498,7.1853820598,0.803448275862,1983MM06,98.8387543253
51499,A4,320005,51499,7.23156146179,0.806896551724,1983MM07,98.7467128028
51500,A4,320005,51500,7.27774086379,0.810344827586,1983MM08,98.6546712803
51501,A4,320005,51501,7.32392026578,0.813793103448,1983MM09,98.5626297578
51502,A4,320005,51502,7.37009966777,0.81724137931,1983MM10,98.4705882353
51503,A4,320005,51503,7.41627906977,0.820689655172,1983MM11,98.3785467128
51504,A4,320005,51504,7.46245847176,0.824137931034,1983MM12,98.2865051903
51506,A4,320005,51506,7.50863787375,0.827586206897,1984MM01,98.1944636678
51507,A4,320005,51507,7.55481727575,0.831034482759,1984MM02,98.1024221453
51508,A4,320005,51508,7.60099667774,0.834482758621,1984MM03,98.0103806228
51509,A4,320005,51509,7.64717607973,0.837931034483,1984MM04,97.9183391003
51510,A4,320005,51510,7.69335548173,0.841379310345,1984MM05,97.8262975779
51511,A4,320005,51511,7.73953488372,0.844827586207,1984MM06,97.7342560554
51512,A4,320005,51512,7.78571428571,0.848275862069,1984MM07,97.6422145329
51513,A4,320005,51513,7.83189368771,0.851724137931,1984MM08,97.5501730104
51514,A4,320005,51514,7.8780730897,0.855172413793,1984MM09,97.4581314879
51515,A4,320005,51515,7.92425249169,0.858620689655,1984MM10,97.3660899654
51516,A4,320005,51516,7.97043189369,0.862068965517,1984MM11,97.2740484429
51517,A4,320005,51517,8.01661129568,0.865517241379,1984MM12,97.1820069204
51519,A4,320005,51519,8.06279069767,0.868965517241,1985MM01,97.0899653979
51520,A4,320005,51520,8.10897009967,0.872413793103,1985MM02,96.9979238754
51521,A4,320005,51521,8.15514950166,0.875862068966,1985MM03,96.9058823529
51522,A4,320005,51522,8.20132890365,0.879310344828,1985MM04,96.8138408304
51523,A4,320005,51523,8.24750830565,0.88275862069,1985MM05,96.721799308
51524,A4,320005,51524,8.29368770764,0.886206896552,1985MM06,96.6297577855
51525,A4,320005,51525,8.33986710963,0.889655172414,1985MM07,96.537716263
51526,A4,320005,51526,8.38604651163,0.893103448276,1985MM08,96.4456747405
51527,A4,320005,51527,8.43222591362,0.896551724138,1985MM09,96.353633218
51528,A4,320005,51528,8.47840531561,0.9,1985MM10,96.2615916955
51529,A4,320005,51529,8.52458471761,0.903448275862,1985MM11,96.169550173
51530,A4,320005,51530,8.5707641196,0.906896551724,1985MM12,96.0775086505
51532,A4,320005,51532,8.61694352159,0.910344827586,1986MM01,95.985467128
51533,A4,320005,51533,8.66312292359,0.913793103448,1986MM02,95.8934256055
51534,A4,320005,51534,8.70930232558,0.91724137931,1986MM03,95.801384083
51535,A4,320005,51535,8.75548172757,0.920689655172,1986MM04,95.7093425606
51536,A4,320005,51536,8.80166112957,0.924137931034,1986MM05,95.6173010381
51537,A4,320005,51537,8.84784053156,0.927586206897,1986MM06,95.5252595156
51538,A4,320005,51538,8.89401993355,0.931034482759,1986MM07,95.4332179931
51539,A4,320005,51539,8.94019933555,0.934482758621,1986MM08,95.3411764706
51540,A4,320005,51540,8.98637873754,0.937931034483,1986MM09,95.2491349481
51541,A4,320005,51541,9.03255813953,0.941379310345,1986MM10,95.1570934256
51542,A4,320005,51542,9.07873754153,0.944827586207,1986MM11,95.0650519031
51543,A4,320005,51543,9.12491694352,0.948275862069,1986MM12,94.9730103806
51545,A4,320005,51545,9.17109634551,0.951724137931,1987MM01,94.8809688581
51546,A4,320005,51546,9.21727574751,0.955172413793,1987MM02,94.7889273356
51547,A4,320005,51547,9.2634551495,0.958620689655,1987MM03,94.6968858131
51548,A4,320005,51548,9.3096345515,0.962068965517,1987MM04,94.6048442907
51549,A4,320005,51549,9.35581395349,0.965517241379,1987MM05,94.5128027682
51550,A4,320005,51550,9.40199335548,0.968965517241,1987MM06,94.4207612457
51551,A4,320005,51551,9.44817275748,0.972413793103,1987MM07,94.3287197232
51552,A4,320005,51552,9.49435215947,0.975862068966,1987MM08,94.2366782007
51553,A4,320005,51553,9.54053156146,0.979310344828,1987MM09,94.1446366782
51554,A4,320005,51554,9.58671096346,0.98275862069,1987MM10,94.0525951557
51555,A4,320005,51555,9.63289036545,0.986206896552,1987MM11,93.9605536332
51556,A4,320005,51556,9.67906976744,0.989655172414,1987MM12,93.8685121107
51558,A4,320005,51558,9.72524916944,0.993103448276,1988MM01,93.7764705882
51559,A4,320005,51559,9.77142857143,0.996551724138,1988MM02,93.6844290657
51560,A4,320005,51560,9.81760797342,1.0,1988MM03,93.5923875433
51561,A4,320005,51561,9.86378737542,1.00344827586,1988MM04,93.5003460208
51562,A4,320005,51562,9.90996677741,1.00689655172,1988MM05,93.4083044983
51563,A4,320005,51563,9.9561461794,1.01034482759,1988MM06,93.3162629758
51564,A4,320005,51564,10.0023255814,1.01379310345,1988MM07,93.2242214533
51565,A4,320005,51565,10.0485049834,1.01724137931,1988MM08,93.1321799308
51566,A4,320005,51566,10.0946843854,1.02068965517,1988MM09,93.0401384083
51567,A4,320005,51567,10.1408637874,1.02413793103,1988MM10,92.9480968858
51568,A4,320005,51568,10.1870431894,1.0275862069,1988MM11,92.8560553633
51569,A4,320005,51569,10.2332225914,1.03103448276,1988MM12,92.7640138408
51571,A4,320005,51571,10.2794019934,1.03448275862,1989MM01,92.6719723183
51572,A4,320005,51572,10.3255813953,1.03793103448,1989MM02,92.5799307958
51573,A4,320005,51573,10.3717607973,1.04137931034,1989MM03,92.4878892734
51574,A4,320005,51574,10.4179401993,1.04482758621,1989MM04,92.3958477509
51575,A4,320005,51575,10.4641196013,1.04827586207,1989MM05,92.3038062284
51576,A4,320005,51576,10.5102990033,1.05172413793,1989MM06,92.2117647059
51577,A4,320005,51577,10.5564784053,1.05517241379,1989MM07,92.1197231834
51578,A4,320005,51578,10.6026578073,1.05862068966,1989MM08,92.0276816609
51579,A4,320005,51579,10.6488372093,1.06206896552,1989MM09,91.9356401384
51580,A4,320005,51580,10.6950166113,1.06551724138,1989MM10,91.8435986159
51581,A4,320005,51581,10.7411960133,1.06896551724,1989MM11,91.7515570934
51582,A4,320005,51582,10.7873754153,1.0724137931,1989MM12,91.6595155709
51584,A4,320005,51584,10.8335548173,1.07586206897,1990MM01,91.5674740484
51585,A4,320005,51585,10.8797342193,1.07931034483,1990MM02,91.475432526
51586,A4,320005,51586,10.9259136213,1.08275862069,1990MM03,91.3833910035
51587,A4,320005,51587,10.9720930233,1.08620689655,1990MM04,91.291349481
51588,A4,320005,51588,11.0182724252,1.08965517241,1990MM05,91.1993079585
51589,A4,320005,51589,11.0644518272,1.09310344828,1990MM06,91.107266436
51590,A4,320005,51590,11.1106312292,1.09655172414,1990MM07,91.0152249135
51591,A4,320005,51591,11.1568106312,1.1,1990MM08,90.923183391
51592,A4,320005,51592,11.2029900332,1.10344827586,1990MM09,90.8311418685
51593,A4,320005,51593,11.2491694352,1.10689655172,1990MM10,90.739100346
51594,A4,320005,51594,11.2953488372,1.11034482759,1990MM11,90.6470588235
51595,A4,320005,51595,11.3415282392,1.11379310345,1990MM12,90.555017301
51597,A4,320005,51597,11.3877076412,1.11724137931,1991MM01,90.4629757785
51598,A4,320005,51598,11.4338870432,1.12068965517,1991MM02,90.3709342561
51599,A4,320005,51599,11.4800664452,1.12413793103,1991MM03,90.2788927336
51600,A4,320005,51600,11.5262458472,1.1275862069,1991MM04,90.1868512111
51601,A4,320005,51601,11.5724252492,1.13103448276,1991MM05,90.0948096886
51602,A4,320005,51602,11.6186046512,1.13448275862,1991MM06,90.0027681661
51603,A4,320005,51603,11.6647840532,1.13793103448,1991MM07,89.9107266436
51604,A4,320005,51604,11.7109634551,1.14137931034,1991MM08,89.8186851211
51605,A4,320005,51605,11.7571428571,1.14482758621,1991MM09,89.7266435986
51606,A4,320005,51606,11.8033222591,1.14827586207,1991MM10,89.6346020761
51607,A4,320005,51607,11.8495016611,1.15172413793,1991MM11,89.5425605536
51608,A4,320005,51608,11.8956810631,1.15517241379,1991MM12,89.4505190311
51610,A4,320005,51610,11.9418604651,1.15862068966,1992MM01,89.3584775087
51611,A4,320005,51611,11.9880398671,1.16206896552,1992MM02,89.2664359862
51612,A4,320005,51612,12.0342192691,1.16551724138,1992MM03,89.1743944637
51613,A4,320005,51613,12.0803986711,1.16896551724,1992MM04,89.0823529412
51614,A4,320005,51614,12.1265780731,1.1724137931,1992MM05,88.9903114187
51615,A4,320005,51615,12.1727574751,1.17586206897,1992MM06,88.8982698962
51616,A4,320005,51616,12.2189368771,1.17931034483,1992MM07,88.8062283737
51617,A4,320005,51617,12.2651162791,1.18275862069,1992MM08,88.7141868512
51618,A4,320005,51618,12.3112956811,1.18620689655,1992MM09,88.6221453287
51619,A4,320005,51619,12.3574750831,1.18965517241,1992MM10,88.5301038062
51620,A4,320005,51620,12.403654485,1.19310344828,1992MM11,88.4380622837
51621,A4,320005,51621,12.449833887,1.19655172414,1992MM12,88.3460207612
51623,A4,320005,51623,12.496013289,1.2,1993MM01,88.2539792388
51624,A4,320005,51624,12.542192691,1.20344827586,1993MM02,88.1619377163
51625,A4,320005,51625,12.588372093,1.20689655172,1993MM03,88.0698961938
51626,A4,320005,51626,12.634551495,1.21034482759,1993MM04,87.9778546713
51627,A4,320005,51627,12.680730897,1.21379310345,1993MM05,87.8858131488
51628,A4,320005,51628,12.726910299,1.21724137931,1993MM06,87.7937716263
51629,A4,320005,51629,12.773089701,1.22068965517,1993MM07,87.7017301038
51630,A4,320005,51630,12.819269103,1.22413793103,1993MM08,87.6096885813
51631,A4,320005,51631,12.865448505,1.2275862069,1993MM09,87.5176470588
51632,A4,320005,51632,12.911627907,1.23103448276,1993MM10,87.4256055363
51633,A4,320005,51633,12.957807309,1.23448275862,1993MM11,87.3335640138
51634,A4,320005,51634,13.003986711,1.23793103448,1993MM12,87.2415224913
51636,A4,320005,51636,13.050166113,1.24137931034,1994MM01,87.1494809689
51637,A4,320005,51637,13.096345515,1.24482758621,1994MM02,87.0574394464
51638,A4,320005,51638,13.1425249169,1.24827586207,1994MM03,86.9653979239
51639,A4,320005,51639,13.1887043189,1.25172413793,1994MM04,86.8733564014
51640,A4,320005,51640,13.2348837209,1.25517241379,1994MM05,86.7813148789
51641,A4,320005,51641,13.2810631229,1.25862068966,1994MM06,86.6892733564
51642,A4,320005,51642,13.3272425249,1.26206896552,1994MM07,86.5972318339
51643,A4,320005,51643,13.3734219269,1.26551724138,1994MM08,86.5051903114
51644,A4,320005,51644,13.4196013289,1.26896551724,1994MM09,86.4131487889
51645,A4,320005,51645,13.4657807309,1.2724137931,1994MM10,86.3211072664
51646,A4,320005,51646,13.5119601329,1.27586206897,1994MM11,86.2290657439
51647,A4,320005,51647,13.5581395349,1.27931034483,1994MM12,86.1370242215
51649,A4,320005,51649,13.6043189369,1.28275862069,1995MM01,86.044982699
51650,A4,320005,51650,13.6504983389,1.28620689655,1995MM02,85.9529411765
51651,A4,320005,51651,13.6966777409,1.28965517241,1995MM03,85.860899654
51652,A4,320005,51652,13.7428571429,1.29310344828,1995MM04,85.7688581315
51653,A4,320005,51653,13.7890365449,1.29655172414,1995MM05,85.676816609
51654,A4,320005,51654,13.8352159468,1.3,1995MM06,85.5847750865
51655,A4,320005,51655,13.8813953488,1.30344827586,1995MM07,85.492733564
51656,A4,320005,51656,13.9275747508,1.30689655172,1995MM08,85.4006920415
51657,A4,320005,51657,13.9737541528,1.31034482759,1995MM09,85.308650519
51658,A4,320005,51658,14.0199335548,1.31379310345,1995MM10,85.2166089965
51659,A4,320005,51659,14.0661129568,1.31724137931,1995MM11,85.124567474
51660,A4,320005,51660,14.1122923588,1.32068965517,1995MM12,85.0325259516
51662,A4,320005,51662,14.1584717608,1.32413793103,1996MM01,84.9404844291
51663,A4,320005,51663,14.2046511628,1.3275862069,1996MM02,84.8484429066
51664,A4,320005,51664,14.2508305648,1.33103448276,1996MM03,84.7564013841
51665,A4,320005,51665,14.2970099668,1.33448275862,1996MM04,84.6643598616
51666,A4,320005,51666,14.3431893688,1.33793103448,1996MM05,84.5723183391
51667,A4,320005,51667,14.3893687708,1.34137931034,1996MM06,84.4802768166
51668,A4,320005,51668,14.4355481728,1.34482758621,1996MM07,84.3882352941
51669,A4,320005,51669,14.4817275748,1.34827586207,1996MM08,84.2961937716
51670,A4,320005,51670,14.5279069767,1.35172413793,1996MM09,84.2041522491
51671,A4,320005,51671,14.5740863787,1.35517241379,1996MM10,84.1121107266
51672,A4,320005,51672,14.6202657807,1.35862068966,1996MM11,84.0200692042
51673,A4,320005,51673,14.6664451827,1.36206896552,1996MM12,83.9280276817
51675,A4,320005,51675,14.7126245847,1.36551724138,1997MM01,83.8359861592
51676,A4,320005,51676,14.7588039867,1.36896551724,1997MM02,83.7439446367
51677,A4,320005,51677,14.8049833887,1.3724137931,1997MM03,83.6519031142
51678,A4,320005,51678,14.8511627907,1.37586206897,1997MM04,83.5598615917
51679,A4,320005,51679,14.8973421927,1.37931034483,1997MM05,83.4678200692
51680,A4,320005,51680,14.9435215947,1.38275862069,1997MM06,83.3757785467
51681,A4,320005,51681,14.9897009967,1.38620689655,1997MM07,83.2837370242
51682,A4,320005,51682,15.0358803987,1.38965517241,1997MM08,83.1916955017
51683,A4,320005,51683,15.0820598007,1.39310344828,1997MM09,83.0996539792
51684,A4,320005,51684,15.1282392027,1.39655172414,1997MM10,83.0076124567
51685,A4,320005,51685,15.1744186047,1.4,1997MM11,82.9155709343
51686,A4,320005,51686,15.2205980066,1.40344827586,1997MM12,82.8235294118
51688,A4,320005,51688,15.2667774086,1.40689655172,1998MM01,82.7314878893
51689,A4,320005,51689,15.3129568106,1.41034482759,1998MM02,82.6394463668
51690,A4,320005,51690,15.3591362126,1.41379310345,1998MM03,82.5474048443
51691,A4,320005,51691,15.4053156146,1.41724137931,1998MM04,82.4553633218
51692,A4,320005,51692,15.4514950166,1.42068965517,1998MM05,82.3633217993
51693,A4,320005,51693,15.4976744186,1.42413793103,1998MM06,82.2712802768
51694,A4,320005,51694,15.5438538206,1.4275862069,1998MM07,82.1792387543
51695,A4,320005,51695,15.5900332226,1.43103448276,1998MM08,82.0871972318
51696,A4,320005,51696,15.6362126246,1.43448275862,1998MM09,81.9951557093
51697,A4,320005,51697,15.6823920266,1.43793103448,1998MM10,81.9031141869
51698,A4,320005,51698,15.7285714286,1.44137931034,1998MM11,81.8110726644
51699,A4,320005,51699,15.7747508306,1.44482758621,1998MM12,81.7190311419
51701,A4,320005,51701,15.8209302326,1.44827586207,1999MM01,81.6269896194
51702,A4,320005,51702,15.8671096346,1.45172413793,1999MM02,81.5349480969
51703,A4,320005,51703,15.9132890365,1.45517241379,1999MM03,81.4429065744
51704,A4,320005,51704,15.9594684385,1.45862068966,1999MM04,81.3508650519
51705,A4,320005,51705,16.0056478405,1.46206896552,1999MM05,81.2588235294
51706,A4,320005,51706,16.0518272425,1.46551724138,1999MM06,81.1667820069
51707,A4,320005,51707,16.0980066445,1.46896551724,1999MM07,81.0747404844
51708,A4,320005,51708,16.1441860465,1.4724137931,1999MM08,80.9826989619
51709,A4,320005,51709,16.1903654485,1.47586206897,1999MM09,80.8906574394
51710,A4,320005,51710,16.2365448505,1.47931034483,1999MM10,80.798615917
51711,A4,320005,51711,16.2827242525,1.48275862069,1999MM11,80.7065743945
51712,A4,320005,51712,16.3289036545,1.48620689655,1999MM12,80.614532872
51714,A4,320005,51714,16.3750830565,1.48965517241,2000MM01,80.5224913495
51715,A4,320005,51715,16.4212624585,1.49310344828,2000MM02,80.430449827
51716,A4,320005,51716,16.4674418605,1.49655172414,2000MM03,80.3384083045
51717,A4,320005,51717,16.5136212625,1.5,2000MM04,80.246366782
51718,A4,320005,51718,16.5598006645,1.50344827586,2000MM05,80.1543252595
51719,A4,320005,51719,16.6059800664,1.50689655172,2000MM06,80.062283737
51720,A4,320005,51720,16.6521594684,1.51034482759,2000MM07,79.9702422145
51721,A4,320005,51721,16.6983388704,1.51379310345,2000MM08,79.878200692
51722,A4,320005,51722,16.7445182724,1.51724137931,2000MM09,79.7861591696
51723,A4,320005,51723,16.7906976744,1.52068965517,2000MM10,79.6941176471
51724,A4,320005,51724,16.8368770764,1.52413793103,2000MM11,79.6020761246
51725,A4,320005,51725,16.8830564784,1.5275862069,2000MM12,79.5100346021
51727,A4,320005,51727,16.9292358804,1.53103448276,2001MM01,79.4179930796
51728,A4,320005,51728,16.9754152824,1.53448275862,2001MM02,79.3259515571
51729,A4,320005,51729,17.0215946844,1.53793103448,2001MM03,79.2339100346
51730,A4,320005,51730,17.0677740864,1.54137931034,2001MM04,79.1418685121
51731,A4,320005,51731,17.1139534884,1.54482758621,2001MM05,79.0498269896
51732,A4,320005,51732,17.1601328904,1.54827586207,2001MM06,78.9577854671
51733,A4,320005,51733,17.2063122924,1.55172413793,2001MM07,78.8657439446
51734,A4,320005,51734,17.2524916944,1.55517241379,2001MM08,78.7737024221
51735,A4,320005,51735,17.2986710963,1.55862068966,2001MM09,78.6816608997
51736,A4,320005,51736,17.3448504983,1.56206896552,2001MM10,78.5896193772
51737,A4,320005,51737,17.3910299003,1.56551724138,2001MM11,78.4975778547
51738,A4,320005,51738,17.4372093023,1.56896551724,2001MM12,78.4055363322
51740,A4,320005,51740,17.4833887043,1.5724137931,2002MM01,78.3134948097
51741,A4,320005,51741,17.5295681063,1.57586206897,2002MM02,78.2214532872
51742,A4,320005,51742,17.5757475083,1.57931034483,2002MM03,78.1294117647
51743,A4,320005,51743,17.6219269103,1.58275862069,2002MM04,78.0373702422
51744,A4,320005,51744,17.6681063123,1.58620689655,2002MM05,77.9453287197
51745,A4,320005,51745,17.7142857143,1.58965517241,2002MM06,77.8532871972
51746,A4,320005,51746,17.7604651163,1.59310344828,2002MM07,77.7612456747
51747,A4,320005,51747,17.8066445183,1.59655172414,2002MM08,77.6692041522
51748,A4,320005,51748,17.8528239203,1.6,2002MM09,77.5771626298
51749,A4,320005,51749,17.8990033223,1.60344827586,2002MM10,77.4851211073
51750,A4,320005,51750,17.9451827243,1.60689655172,2002MM11,77.3930795848
51751,A4,320005,51751,17.9913621262,1.61034482759,2002MM12,77.3010380623
51753,A4,320005,51753,18.0375415282,1.61379310345,2003MM01,77.2089965398
51754,A4,320005,51754,18.0837209302,1.61724137931,2003MM02,77.1169550173
51755,A4,320005,51755,18.1299003322,1.62068965517,2003MM03,77.0249134948
51756,A4,320005,51756,18.1760797342,1.62413793103,2003MM04,76.9328719723
51757,A4,320005,51757,18.2222591362,1.6275862069,2003MM05,76.8408304498
51758,A4,320005,51758,18.2684385382,1.63103448276,2003MM06,76.7487889273
51759,A4,320005,51759,18.3146179402,1.63448275862,2003MM07,76.6567474048
51760,A4,320005,51760,18.3607973422,1.63793103448,2003MM08,76.5647058824
51761,A4,320005,51761,18.4069767442,1.64137931034,2003MM09,76.4726643599
51762,A4,320005,51762,18.4531561462,1.64482758621,2003MM10,76.3806228374
51763,A4,320005,51763,18.4993355482,1.64827586207,2003MM11,76.2885813149
51764,A4,320005,51764,18.5455149502,1.65172413793,2003MM12,76.1965397924
51766,A4,320005,51766,18.5916943522,1.65517241379,2004MM01,76.1044982699
51767,A4,320005,51767,18.6378737542,1.65862068966,2004MM02,76.0124567474
51768,A4,320005,51768,18.6840531561,1.66206896552,2004MM03,75.9204152249
51769,A4,320005,51769,18.7302325581,1.66551724138,2004MM04,75.8283737024
51770,A4,320005,51770,18.7764119601,1.66896551724,2004MM05,75.7363321799
51771,A4,320005,51771,18.8225913621,1.6724137931,2004MM06,75.6442906574
51772,A4,320005,51772,18.8687707641,1.67586206897,2004MM07,75.5522491349
51773,A4,320005,51773,18.9149501661,1.67931034483,2004MM08,75.4602076125
51774,A4,320005,51774,18.9611295681,1.68275862069,2004MM09,75.36816609
51775,A4,320005,51775,19.0073089701,1.68620689655,2004MM10,75.2761245675
51776,A4,320005,51776,19.0534883721,1.68965517241,2004MM11,75.184083045
51777,A4,320005,51777,19.0996677741,1.69310344828,2004MM12,75.0920415225
51779,A4,320005,51779,19.1458471761,1.69655172414,2005MM01,75.0
51780,A4,320005,51780,19.1920265781,1.7,2005MM02,76.3
51781,A4,320005,51781,19.2382059801,5.9,2005MM03,80.8
51782,A4,320005,51782,19.2843853821,1.3,2005MM04,81.9
51783,A4,320005,51783,19.3305647841,-2.6,2005MM05,79.7
51784,A4,320005,51784,19.376744186,3.8,2005MM06,82.8
51785,A4,320005,51785,19.422923588,2.8,2005MM07,85.1
51786,A4,320005,51786,19.46910299,3.3,2005MM08,87.9
51787,A4,320005,51787,19.515282392,3.3,2005MM09,90.8
51788,A4,320005,51788,19.561461794,1.3,2005MM10,92.0
51789,A4,320005,51789,19.607641196,-4.9,2005MM11,87.5
51790,A4,320005,51790,19.653820598,-1.1,2005MM12,86.6
51792,A4,320005,51792,19.7,3.7,2006MM01,89.8
51793,A4,320005,51793,17.4,-0.2,2006MM02,89.6
51794,A4,320005,51794,12.6,1.6,2006MM03,91.0
51795,A4,320005,51795,15.9,4.2,2006MM04,94.9
51796,A4,320005,51796,18.6,-0.3,2006MM05,94.5
51797,A4,320005,51797,15.8,1.4,2006MM06,95.9
51798,A4,320005,51798,15.1,2.2,2006MM07,98.0
51799,A4,320005,51799,11.1,-0.3,2006MM08,97.6
51800,A4,320005,51800,1.2,-5.8,2006MM09,91.9
51801,A4,320005,51801,-1.0,-1.0,2006MM10,91.0
51802,A4,320005,51802,2.7,-1.3,2006MM11,89.9
51803,A4,320005,51803,4.2,0.4,2006MM12,90.2
51805,A4,320005,51805,0.4,0.0,2007MM01,90.2
51806,A4,320005,51806,1.9,1.3,2007MM02,91.3
51807,A4,320005,51807,1.8,1.5,2007MM03,92.6
51808,A4,320005,51808,1.3,3.7,2007MM04,96.1
51809,A4,320005,51809,3.0,1.4,2007MM05,97.4
51810,A4,320005,51810,2.4,0.8,2007MM06,98.2
51811,A4,320005,51811,1.2,0.9,2007MM07,99.1
51812,A4,320005,51812,0.3,-1.2,2007MM08,98.0
51813,A4,320005,51813,8.8,2.1,2007MM09,100.0
51814,A4,320005,51814,10.3,0.4,2007MM10,100.4
51815,A4,320005,51815,17.6,5.3,2007MM11,105.7
51816,A4,320005,51816,16.7,-0.5,2007MM12,105.2
51818,A4,320005,51818,16.3,-0.4,2008MM01,104.8
51819,A4,320005,51819,17.0,1.9,2008MM02,106.8
51820,A4,320005,51820,17.9,2.3,2008MM03,109.3
51821,A4,320005,51821,16.1,2.1,2008MM04,111.5
51822,A4,320005,51822,23.0,7.4,2008MM05,119.8
51823,A4,320005,51823,25.5,2.9,2008MM06,123.3
51824,A4,320005,51824,26.0,1.3,2008MM07,124.9
51825,A4,320005,51825,21.6,-4.6,2008MM08,119.1
51826,A4,320005,51826,16.9,-1.9,2008MM09,116.8
51827,A4,320005,51827,4.3,-10.4,2008MM10,104.7
51828,A4,320005,51828,-9.3,-8.5,2008MM11,95.8
51829,A4,320005,51829,-20.8,-13.0,2008MM12,83.4
51831,A4,320005,51831,-23.2,-3.4,2009MM01,80.6
51832,A4,320005,51832,-23.7,1.2,2009MM02,81.5
51833,A4,320005,51833,-26.8,-1.9,2009MM03,80.0
51834,A4,320005,51834,-27.3,1.4,2009MM04,81.1
51835,A4,320005,51835,-30.0,3.5,2009MM05,83.9
51836,A4,320005,51836,-29.2,4.1,2009MM06,87.3
51837,A4,320005,51837,-31.1,-1.4,2009MM07,86.0
51838,A4,320005,51838,-25.5,3.2,2009MM08,88.8
51839,A4,320005,51839,-25.1,-1.4,2009MM09,87.5
51840,A4,320005,51840,-15.5,1.0,2009MM10,88.4
51841,A4,320005,51841,-5.9,2.0,2009MM11,90.2
51842,A4,320005,51842,8.6,0.4,2009MM12,90.5
51844,A4,320005,51844,14.0,1.4,2010MM01,91.8
51845,A4,320005,51845,15.2,2.3,2010MM02,93.9
51846,A4,320005,51846,22.4,4.2,2010MM03,97.9
51847,A4,320005,51847,24.2,2.9,2010MM04,100.7
51848,A4,320005,51848,21.4,1.1,2010MM05,101.9
51849,A4,320005,51849,16.4,-0.2,2010MM06,101.6
51850,A4,320005,51850,14.6,-3.0,2010MM07,98.6
51851,A4,320005,51851,10.8,-0.3,2010MM08,98.4
51852,A4,320005,51852,14.4,1.8,2010MM09,100.2
51853,A4,320005,51853,14.9,1.5,2010MM10,101.6
51854,A4,320005,51854,15.3,2.3,2010MM11,104.0
51855,A4,320005,51855,20.7,5.1,2010MM12,109.3
51857,A4,320005,51857,23.2,3.4,2011MM01,113.1
51858,A4,320005,51858,24.0,3.0,2011MM02,116.5
51859,A4,320005,51859,25.2,5.3,2011MM03,122.6
51860,A4,320005,51860,23.9,1.8,2011MM04,124.8
51861,A4,320005,51861,19.3,-2.6,2011MM05,121.6
51862,A4,320005,51862,19.0,-0.5,2011MM06,121.0
51863,A4,320005,51863,24.0,1.1,2011MM07,122.3
51864,A4,320005,51864,22.6,-1.4,2011MM08,120.6
51865,A4,320005,51865,22.3,1.6,2011MM09,122.6
51866,A4,320005,51866,17.6,-2.5,2011MM10,119.5
51867,A4,320005,51867,16.4,1.2,2011MM11,121.0
51868,A4,320005,51868,10.8,0.1,2011MM12,121.1
51870,A4,320005,51870,11.3,3.9,2012MM01,125.9
51871,A4,320005,51871,11.0,2.7,2012MM02,129.3
51872,A4,320005,51872,7.9,2.4,2012MM03,132.4
51873,A4,320005,51873,5.3,-0.7,2012MM04,131.5
51874,A4,320005,51874,4.8,-3.0,2012MM05,127.5
51875,A4,320005,51875,0.0,-5.1,2012MM06,121.0
51876,A4,320005,51876,1.8,2.9,2012MM07,124.5
51877,A4,320005,51877,8.3,4.9,2012MM08,130.7
51878,A4,320005,51878,7.7,1.0,2012MM09,132.0
51879,A4,320005,51879,9.5,-0.9,2012MM10,130.9
51880,A4,320005,51880,5.5,-2.6,2012MM11,127.6
51881,A4,320005,51881,4.2,-1.1,2012MM12,126.2
51883,A4,320005,51883,0.7,0.5,2013MM01,126.8
51884,A4,320005,51884,0.4,2.4,2013MM02,129.8
51885,A4,320005,51885,-4.5,-2.6,2013MM03,126.5
51886,A4,320005,51886,-7.2,-3.6,2013MM04,122.0
51887,A4,320005,51887,-5.1,-0.8,2013MM05,120.9
51888,A4,320005,51888,-0.9,-0.9,2013MM06,119.9
51889,A4,320005,51889,-1.2,2.7,2013MM07,123.1
51890,A4,320005,51890,-5.4,0.4,2013MM08,123.6
51891,A4,320005,51891,-6.4,0.0,2013MM09,123.6
51892,A4,320005,51892,-7.7,-2.2,2013MM10,120.9
51893,A4,320005,51893,-5.4,-0.2,2013MM11,120.7
51894,A4,320005,51894,-3.6,0.8,2013MM12,121.7
51896,A4,320005,51896,-4.7,-0.7,2014MM01,120.8
51897,A4,320005,51897,-6.3,0.6,2014MM02,121.6
51898,A4,320005,51898,-5.9,-2.2,2014MM03,119.0
51899,A4,320005,51899,-0.9,1.6,2014MM04,120.9
51900,A4,320005,51900,0.1,0.1,2014MM05,121.0
51901,A4,320005,51901,2.3,1.3,2014MM06,122.6
51902,A4,320005,51902,-0.7,-0.4,2014MM07,122.2
51903,A4,320005,51903,-2.5,-1.4,2014MM08,120.5
51904,A4,320005,51904,-3.3,-0.9,2014MM09,119.5
51905,A4,320005,51905,-4.6,-3.4,2014MM10,115.4
51906,A4,320005,51906,-8.3,-4.0,2014MM11,110.7
51907,A4,320005,51907,-19.4,-11.4,2014MM12,98.1
51909,A4,320005,51909,-25.2,-7.8,2015MM01,90.4
51910,A4,320005,51910,-22.0,4.9,2015MM02,94.8
51911,A4,320005,51911,-16.0,5.4,2015MM03,99.9
51912,A4,320005,51912,-15.1,2.7,2015MM04,102.6
51913,A4,320005,51913,-13.7,1.8,2015MM05,104.5
51914,A4,320005,51914,-15.0,-0.3,2015MM06,104.2
51915,A4,320005,51915,-16.6,-2.2,2015MM07,102.0
51916,A4,320005,51916,-19.7,-5.0,2015MM08,96.8
51917,A4,320005,51917,-22.6,-4.5,2015MM09,92.5
51918,A4,320005,51918,-21.5,-2.0,2015MM10,90.6
51919,A4,320005,51919,-17.6,0.7,2015MM11,91.3
51920,A4,320005,51920,-12.1,-5.5,2015MM12,86.2
51922,A4,320005,51922,-11.7,-7.4,2016MM01,79.9
51923,A4,320005,51923,-18.0,-2.6,2016MM02,77.8
51924,A4,320005,51924,-19.3,3.7,2016MM03,80.7
51925,A4,320005,51925,-19.5,2.4,2016MM04,82.6
51926,A4,320005,51926,-17.8,4.0,2016MM05,85.9
51927,A4,320005,51927,-14.1,4.2,2016MM06,89.5
51928,A4,320005,51928,-11.3,1.1,2016MM07,90.5
51929,A4,320005,51929,-11.7,-5.5,2016MM08,85.5
51930,A4,320005,51930,-5.1,2.6,2016MM09,87.7
51931,A4,320005,51931,1.7,5.0,2016MM10,92.1
51932,A4,320005,51932,-0.4,-1.3,2016MM11,90.9
51933,A4,320005,51933,12.6,6.8,2016MM12,97.1
51935,A4,320005,51935,25.8,3.5,2017MM01,100.5
51936,A4,320005,51936,31.9,2.1,2017MM02,102.6
51937,A4,320005,51937,24.9,-1.8,2017MM03,100.7
51938,A4,320005,51938,18.9,-2.5,2017MM04,98.2
51939,A4,320005,51939,11.1,-2.8,2017MM05,95.4
51940,A4,320005,51940,2.6,-3.8,2017MM06,91.8
51941,A4,320005,51941,-0.2,-1.7,2017MM07,90.3
51942,A4,320005,51942,9.4,3.6,2017MM08,93.5
51943,A4,320005,51943,12.1,5.2,2017MM09,98.4
51944,A4,320005,51944,7.8,1.0,2017MM10,99.3
51945,A4,320005,51945,13.1,3.6,2017MM11,102.8
51946,A4,320005,51946,6.1,0.2,2017MM12,103.0
