,Afzet,BedrijfstakkenBranchesSBI2008,ID,OntwikkelingTOV1JaarEerder_2,OntwikkelingTOV1MaandEerder_3,Perioden,ProducentenprijsindexPPI_1
19552,A6,320005,19552,,,2005MM01,76.0
19553,A6,320005,19553,,2.2,2005MM02,77.7
19554,A6,320005,19554,,5.2,2005MM03,81.7
19555,A6,320005,19555,,1.5,2005MM04,82.9
19556,A6,320005,19556,,-2.3,2005MM05,81.0
19557,A6,320005,19557,,4.1,2005MM06,84.3
19558,A6,320005,19558,,2.2,2005MM07,86.2
19559,A6,320005,19559,,2.7,2005MM08,88.5
19560,A6,320005,19560,,3.0,2005MM09,91.1
19561,A6,320005,19561,,0.8,2005MM10,91.9
19562,A6,320005,19562,,-4.0,2005MM11,88.2
19563,A6,320005,19563,,-1.1,2005MM12,87.2
19565,A6,320005,19565,18.3,3.1,2006MM01,89.9
19566,A6,320005,19566,15.9,0.1,2006MM02,90.0
19567,A6,320005,19567,12.1,1.7,2006MM03,91.6
19568,A6,320005,19568,14.6,3.8,2006MM04,95.0
19569,A6,320005,19569,16.9,-0.4,2006MM05,94.6
19570,A6,320005,19570,13.1,0.8,2006MM06,95.4
19571,A6,320005,19571,13.1,2.2,2006MM07,97.5
19572,A6,320005,19572,9.6,-0.5,2006MM08,97.0
19573,A6,320005,19573,1.0,-5.1,2006MM09,92.1
19574,A6,320005,19574,-1.2,-1.5,2006MM10,90.7
19575,A6,320005,19575,1.8,-1.1,2006MM11,89.8
19576,A6,320005,19576,3.1,0.1,2006MM12,89.9
19578,A6,320005,19578,-1.4,-1.4,2007MM01,88.7
19579,A6,320005,19579,-0.1,1.4,2007MM02,89.9
19580,A6,320005,19580,-0.1,1.7,2007MM03,91.4
19581,A6,320005,19581,-0.8,3.0,2007MM04,94.2
19582,A6,320005,19582,1.5,2.0,2007MM05,96.1
19583,A6,320005,19583,1.8,1.0,2007MM06,97.1
19584,A6,320005,19584,0.4,0.8,2007MM07,97.9
19585,A6,320005,19585,-0.3,-1.2,2007MM08,96.8
19586,A6,320005,19586,6.8,1.6,2007MM09,98.3
19587,A6,320005,19587,9.6,1.1,2007MM10,99.4
19588,A6,320005,19588,15.7,4.5,2007MM11,103.9
19589,A6,320005,19589,14.9,-0.6,2007MM12,103.3
19591,A6,320005,19591,16.8,0.3,2008MM01,103.6
19592,A6,320005,19592,16.6,1.2,2008MM02,104.8
19593,A6,320005,19593,17.9,2.9,2008MM03,107.9
19594,A6,320005,19594,17.0,2.2,2008MM04,110.2
19595,A6,320005,19595,22.2,6.5,2008MM05,117.4
19596,A6,320005,19596,24.6,3.0,2008MM06,120.9
19597,A6,320005,19597,25.8,1.8,2008MM07,123.1
19598,A6,320005,19598,21.2,-4.8,2008MM08,117.3
19599,A6,320005,19599,17.6,-1.3,2008MM09,115.7
19600,A6,320005,19600,5.7,-9.1,2008MM10,105.1
19601,A6,320005,19601,-8.6,-9.7,2008MM11,94.9
19602,A6,320005,19602,-20.3,-13.2,2008MM12,82.4
19604,A6,320005,19604,-23.9,-4.3,2009MM01,78.9
19605,A6,320005,19605,-25.3,-0.7,2009MM02,78.3
19606,A6,320005,19606,-27.2,0.2,2009MM03,78.5
19607,A6,320005,19607,-28.4,0.6,2009MM04,78.9
19608,A6,320005,19608,-30.8,2.9,2009MM05,81.2
19609,A6,320005,19609,-29.8,4.5,2009MM06,84.9
19610,A6,320005,19610,-31.5,-0.6,2009MM07,84.3
19611,A6,320005,19611,-25.2,4.0,2009MM08,87.7
19612,A6,320005,19612,-25.9,-2.3,2009MM09,85.7
19613,A6,320005,19613,-17.2,1.6,2009MM10,87.1
19614,A6,320005,19614,-7.0,1.4,2009MM11,88.3
19615,A6,320005,19615,7.2,0.0,2009MM12,88.3
19617,A6,320005,19617,15.9,3.5,2010MM01,91.4
19618,A6,320005,19618,19.0,2.0,2010MM02,93.1
19619,A6,320005,19619,23.5,4.1,2010MM03,96.9
19620,A6,320005,19620,28.5,4.6,2010MM04,101.4
19621,A6,320005,19621,25.3,0.4,2010MM05,101.8
19622,A6,320005,19622,20.3,0.3,2010MM06,102.1
19623,A6,320005,19623,18.4,-2.2,2010MM07,99.9
19624,A6,320005,19624,13.6,-0.2,2010MM08,99.6
19625,A6,320005,19625,17.4,1.0,2010MM09,100.6
19626,A6,320005,19626,16.9,1.2,2010MM10,101.8
19627,A6,320005,19627,17.6,2.0,2010MM11,103.9
19628,A6,320005,19628,21.9,3.6,2010MM12,107.6
19630,A6,320005,19630,22.1,3.7,2011MM01,111.5
19631,A6,320005,19631,24.4,3.9,2011MM02,115.9
19632,A6,320005,19632,24.1,3.8,2011MM03,120.3
19633,A6,320005,19633,21.0,2.0,2011MM04,122.7
19634,A6,320005,19634,18.5,-1.7,2011MM05,120.6
19635,A6,320005,19635,16.7,-1.2,2011MM06,119.2
19636,A6,320005,19636,20.7,1.1,2011MM07,120.5
19637,A6,320005,19637,19.7,-1.1,2011MM08,119.2
19638,A6,320005,19638,20.4,1.5,2011MM09,121.1
19639,A6,320005,19639,16.8,-1.8,2011MM10,118.9
19640,A6,320005,19640,15.6,1.0,2011MM11,120.0
19641,A6,320005,19641,11.1,-0.5,2011MM12,119.5
19643,A6,320005,19643,10.8,3.5,2012MM01,123.6
19644,A6,320005,19644,9.2,2.4,2012MM02,126.5
19645,A6,320005,19645,7.5,2.2,2012MM03,129.4
19646,A6,320005,19646,5.1,-0.3,2012MM04,128.9
19647,A6,320005,19647,4.3,-2.4,2012MM05,125.8
19648,A6,320005,19648,0.6,-4.7,2012MM06,119.9
19649,A6,320005,19649,1.8,2.3,2012MM07,122.7
19650,A6,320005,19650,7.3,4.3,2012MM08,127.9
19651,A6,320005,19651,6.4,0.7,2012MM09,128.8
19652,A6,320005,19652,6.9,-1.3,2012MM10,127.2
19653,A6,320005,19653,3.5,-2.2,2012MM11,124.3
19654,A6,320005,19654,2.5,-1.4,2012MM12,122.5
19656,A6,320005,19656,-0.4,0.5,2013MM01,123.2
19657,A6,320005,19657,-0.4,2.3,2013MM02,126.0
19658,A6,320005,19658,-4.7,-2.1,2013MM03,123.3
19659,A6,320005,19659,-7.3,-3.0,2013MM04,119.6
19660,A6,320005,19660,-5.7,-0.7,2013MM05,118.7
19661,A6,320005,19661,-1.9,-0.9,2013MM06,117.7
19662,A6,320005,19662,-1.9,2.3,2013MM07,120.4
19663,A6,320005,19663,-5.6,0.3,2013MM08,120.8
19664,A6,320005,19664,-6.3,-0.1,2013MM09,120.6
19665,A6,320005,19665,-7.2,-2.2,2013MM10,118.0
19666,A6,320005,19666,-5.4,-0.3,2013MM11,117.6
19667,A6,320005,19667,-3.4,0.7,2013MM12,118.4
19669,A6,320005,19669,-4.2,-0.4,2014MM01,118.0
19670,A6,320005,19670,-6.0,0.4,2014MM02,118.4
19671,A6,320005,19671,-5.6,-1.7,2014MM03,116.4
19672,A6,320005,19672,-1.7,0.9,2014MM04,117.5
19673,A6,320005,19673,-0.7,0.3,2014MM05,117.9
19674,A6,320005,19674,1.1,0.9,2014MM06,118.9
19675,A6,320005,19675,-1.5,-0.3,2014MM07,118.5
19676,A6,320005,19676,-2.6,-0.7,2014MM08,117.7
19677,A6,320005,19677,-3.0,-0.6,2014MM09,117.0
19678,A6,320005,19678,-3.6,-2.8,2014MM10,113.7
19679,A6,320005,19679,-6.9,-3.7,2014MM11,109.5
19680,A6,320005,19680,-16.8,-10.0,2014MM12,98.5
19682,A6,320005,19682,-23.0,-7.8,2015MM01,90.8
19683,A6,320005,19683,-19.0,5.6,2015MM02,95.9
19684,A6,320005,19684,-14.7,3.6,2015MM03,99.3
19685,A6,320005,19685,-12.3,3.8,2015MM04,103.1
19686,A6,320005,19686,-10.4,2.5,2015MM05,105.6
19687,A6,320005,19687,-11.3,-0.2,2015MM06,105.4
19688,A6,320005,19688,-12.8,-2.0,2015MM07,103.3
19689,A6,320005,19689,-17.5,-6.1,2015MM08,97.0
19690,A6,320005,19690,-20.4,-4.0,2015MM09,93.1
19691,A6,320005,19691,-20.4,-2.7,2015MM10,90.6
19692,A6,320005,19692,-17.2,0.1,2015MM11,90.7
19693,A6,320005,19693,-12.8,-5.3,2015MM12,85.9
19695,A6,320005,19695,-10.7,-5.6,2016MM01,81.1
19696,A6,320005,19696,-17.2,-2.2,2016MM02,79.3
19697,A6,320005,19697,-17.5,3.2,2016MM03,81.9
19698,A6,320005,19698,-18.2,2.9,2016MM04,84.3
19699,A6,320005,19699,-17.1,3.9,2016MM05,87.6
19700,A6,320005,19700,-14.9,2.5,2016MM06,89.8
19701,A6,320005,19701,-14.3,-1.3,2016MM07,88.6
19702,A6,320005,19702,-10.6,-2.0,2016MM08,86.8
19703,A6,320005,19703,-5.6,1.3,2016MM09,87.9
19704,A6,320005,19704,1.4,4.5,2016MM10,91.9
19705,A6,320005,19705,-0.2,-1.5,2016MM11,90.5
19706,A6,320005,19706,11.7,6.1,2016MM12,96.0
19708,A6,320005,19708,22.1,3.2,2017MM01,99.0
19709,A6,320005,19709,27.1,1.9,2017MM02,100.9
19710,A6,320005,19710,22.1,-0.9,2017MM03,100.0
19711,A6,320005,19711,17.9,-0.6,2017MM04,99.4
19712,A6,320005,19712,9.3,-3.7,2017MM05,95.7
19713,A6,320005,19713,3.4,-3.0,2017MM06,92.8
19714,A6,320005,19714,3.4,-1.4,2017MM07,91.6
19715,A6,320005,19715,7.9,2.2,2017MM08,93.6
19716,A6,320005,19716,10.7,3.9,2017MM09,97.3
19717,A6,320005,19717,6.5,0.6,2017MM10,97.8
19718,A6,320005,19718,11.5,3.1,2017MM11,100.9
19719,A6,320005,19719,5.8,0.7,2017MM12,101.6
