,Afzet,BedrijfstakkenBranchesSBI2008,ID,OntwikkelingTOV1JaarEerder_2,OntwikkelingTOV1MaandEerder_3,Perioden,ProducentenprijsindexPPI_1
84656,A5,320705,84656,7.2926910299,0.700344827586,1981MM01,104.040484429
84657,A5,320705,84657,7.2853820598,0.700689655172,1981MM02,103.980968858
84658,A5,320705,84658,7.2780730897,0.701034482759,1981MM03,103.921453287
84659,A5,320705,84659,7.2707641196,0.701379310345,1981MM04,103.861937716
84660,A5,320705,84660,7.2634551495,0.701724137931,1981MM05,103.802422145
84661,A5,320705,84661,7.2561461794,0.702068965517,1981MM06,103.742906574
84662,A5,320705,84662,7.2488372093,0.702413793103,1981MM07,103.683391003
84663,A5,320705,84663,7.2415282392,0.70275862069,1981MM08,103.623875433
84664,A5,320705,84664,7.2342192691,0.703103448276,1981MM09,103.564359862
84665,A5,320705,84665,7.226910299,0.703448275862,1981MM10,103.504844291
84666,A5,320705,84666,7.2196013289,0.703793103448,1981MM11,103.44532872
84667,A5,320705,84667,7.2122923588,0.704137931034,1981MM12,103.385813149
84669,A5,320705,84669,7.2049833887,0.704482758621,1982MM01,103.326297578
84670,A5,320705,84670,7.1976744186,0.704827586207,1982MM02,103.266782007
84671,A5,320705,84671,7.1903654485,0.705172413793,1982MM03,103.207266436
84672,A5,320705,84672,7.18305647841,0.705517241379,1982MM04,103.147750865
84673,A5,320705,84673,7.17574750831,0.705862068966,1982MM05,103.088235294
84674,A5,320705,84674,7.16843853821,0.706206896552,1982MM06,103.028719723
84675,A5,320705,84675,7.16112956811,0.706551724138,1982MM07,102.969204152
84676,A5,320705,84676,7.15382059801,0.706896551724,1982MM08,102.909688581
84677,A5,320705,84677,7.14651162791,0.70724137931,1982MM09,102.85017301
84678,A5,320705,84678,7.13920265781,0.707586206897,1982MM10,102.790657439
84679,A5,320705,84679,7.13189368771,0.707931034483,1982MM11,102.731141869
84680,A5,320705,84680,7.12458471761,0.708275862069,1982MM12,102.671626298
84682,A5,320705,84682,7.11727574751,0.708620689655,1983MM01,102.612110727
84683,A5,320705,84683,7.10996677741,0.708965517241,1983MM02,102.552595156
84684,A5,320705,84684,7.10265780731,0.709310344828,1983MM03,102.493079585
84685,A5,320705,84685,7.09534883721,0.709655172414,1983MM04,102.433564014
84686,A5,320705,84686,7.08803986711,0.71,1983MM05,102.374048443
84687,A5,320705,84687,7.08073089701,0.710344827586,1983MM06,102.314532872
84688,A5,320705,84688,7.07342192691,0.710689655172,1983MM07,102.255017301
84689,A5,320705,84689,7.06611295681,0.711034482759,1983MM08,102.19550173
84690,A5,320705,84690,7.05880398671,0.711379310345,1983MM09,102.135986159
84691,A5,320705,84691,7.05149501661,0.711724137931,1983MM10,102.076470588
84692,A5,320705,84692,7.04418604651,0.712068965517,1983MM11,102.016955017
84693,A5,320705,84693,7.03687707641,0.712413793103,1983MM12,101.957439446
84695,A5,320705,84695,7.02956810631,0.71275862069,1984MM01,101.897923875
84696,A5,320705,84696,7.02225913621,0.713103448276,1984MM02,101.838408304
84697,A5,320705,84697,7.01495016611,0.713448275862,1984MM03,101.778892734
84698,A5,320705,84698,7.00764119601,0.713793103448,1984MM04,101.719377163
84699,A5,320705,84699,7.00033222591,0.714137931034,1984MM05,101.659861592
84700,A5,320705,84700,6.99302325581,0.714482758621,1984MM06,101.600346021
84701,A5,320705,84701,6.98571428571,0.714827586207,1984MM07,101.54083045
84702,A5,320705,84702,6.97840531561,0.715172413793,1984MM08,101.481314879
84703,A5,320705,84703,6.97109634551,0.715517241379,1984MM09,101.421799308
84704,A5,320705,84704,6.96378737542,0.715862068966,1984MM10,101.362283737
84705,A5,320705,84705,6.95647840532,0.716206896552,1984MM11,101.302768166
84706,A5,320705,84706,6.94916943522,0.716551724138,1984MM12,101.243252595
84708,A5,320705,84708,6.94186046512,0.716896551724,1985MM01,101.183737024
84709,A5,320705,84709,6.93455149502,0.71724137931,1985MM02,101.124221453
84710,A5,320705,84710,6.92724252492,0.717586206897,1985MM03,101.064705882
84711,A5,320705,84711,6.91993355482,0.717931034483,1985MM04,101.005190311
84712,A5,320705,84712,6.91262458472,0.718275862069,1985MM05,100.94567474
84713,A5,320705,84713,6.90531561462,0.718620689655,1985MM06,100.88615917
84714,A5,320705,84714,6.89800664452,0.718965517241,1985MM07,100.826643599
84715,A5,320705,84715,6.89069767442,0.719310344828,1985MM08,100.767128028
84716,A5,320705,84716,6.88338870432,0.719655172414,1985MM09,100.707612457
84717,A5,320705,84717,6.87607973422,0.72,1985MM10,100.648096886
84718,A5,320705,84718,6.86877076412,0.720344827586,1985MM11,100.588581315
84719,A5,320705,84719,6.86146179402,0.720689655172,1985MM12,100.529065744
84721,A5,320705,84721,6.85415282392,0.721034482759,1986MM01,100.469550173
84722,A5,320705,84722,6.84684385382,0.721379310345,1986MM02,100.410034602
84723,A5,320705,84723,6.83953488372,0.721724137931,1986MM03,100.350519031
84724,A5,320705,84724,6.83222591362,0.722068965517,1986MM04,100.29100346
84725,A5,320705,84725,6.82491694352,0.722413793103,1986MM05,100.231487889
84726,A5,320705,84726,6.81760797342,0.72275862069,1986MM06,100.171972318
84727,A5,320705,84727,6.81029900332,0.723103448276,1986MM07,100.112456747
84728,A5,320705,84728,6.80299003322,0.723448275862,1986MM08,100.052941176
84729,A5,320705,84729,6.79568106312,0.723793103448,1986MM09,99.9934256055
84730,A5,320705,84730,6.78837209302,0.724137931034,1986MM10,99.9339100346
84731,A5,320705,84731,6.78106312292,0.724482758621,1986MM11,99.8743944637
84732,A5,320705,84732,6.77375415282,0.724827586207,1986MM12,99.8148788927
84734,A5,320705,84734,6.76644518272,0.725172413793,1987MM01,99.7553633218
84735,A5,320705,84735,6.75913621262,0.725517241379,1987MM02,99.6958477509
84736,A5,320705,84736,6.75182724252,0.725862068966,1987MM03,99.6363321799
84737,A5,320705,84737,6.74451827243,0.726206896552,1987MM04,99.576816609
84738,A5,320705,84738,6.73720930233,0.726551724138,1987MM05,99.5173010381
84739,A5,320705,84739,6.72990033223,0.726896551724,1987MM06,99.4577854671
84740,A5,320705,84740,6.72259136213,0.72724137931,1987MM07,99.3982698962
84741,A5,320705,84741,6.71528239203,0.727586206897,1987MM08,99.3387543253
84742,A5,320705,84742,6.70797342193,0.727931034483,1987MM09,99.2792387543
84743,A5,320705,84743,6.70066445183,0.728275862069,1987MM10,99.2197231834
84744,A5,320705,84744,6.69335548173,0.728620689655,1987MM11,99.1602076125
84745,A5,320705,84745,6.68604651163,0.728965517241,1987MM12,99.1006920415
84747,A5,320705,84747,6.67873754153,0.729310344828,1988MM01,99.0411764706
84748,A5,320705,84748,6.67142857143,0.729655172414,1988MM02,98.9816608997
84749,A5,320705,84749,6.66411960133,0.73,1988MM03,98.9221453287
84750,A5,320705,84750,6.65681063123,0.730344827586,1988MM04,98.8626297578
84751,A5,320705,84751,6.64950166113,0.730689655172,1988MM05,98.8031141869
84752,A5,320705,84752,6.64219269103,0.731034482759,1988MM06,98.7435986159
84753,A5,320705,84753,6.63488372093,0.731379310345,1988MM07,98.684083045
84754,A5,320705,84754,6.62757475083,0.731724137931,1988MM08,98.624567474
84755,A5,320705,84755,6.62026578073,0.732068965517,1988MM09,98.5650519031
84756,A5,320705,84756,6.61295681063,0.732413793103,1988MM10,98.5055363322
84757,A5,320705,84757,6.60564784053,0.73275862069,1988MM11,98.4460207612
84758,A5,320705,84758,6.59833887043,0.733103448276,1988MM12,98.3865051903
84760,A5,320705,84760,6.59102990033,0.733448275862,1989MM01,98.3269896194
84761,A5,320705,84761,6.58372093023,0.733793103448,1989MM02,98.2674740484
84762,A5,320705,84762,6.57641196013,0.734137931034,1989MM03,98.2079584775
84763,A5,320705,84763,6.56910299003,0.734482758621,1989MM04,98.1484429066
84764,A5,320705,84764,6.56179401993,0.734827586207,1989MM05,98.0889273356
84765,A5,320705,84765,6.55448504983,0.735172413793,1989MM06,98.0294117647
84766,A5,320705,84766,6.54717607973,0.735517241379,1989MM07,97.9698961938
84767,A5,320705,84767,6.53986710963,0.735862068966,1989MM08,97.9103806228
84768,A5,320705,84768,6.53255813953,0.736206896552,1989MM09,97.8508650519
84769,A5,320705,84769,6.52524916944,0.736551724138,1989MM10,97.791349481
84770,A5,320705,84770,6.51794019934,0.736896551724,1989MM11,97.73183391
84771,A5,320705,84771,6.51063122924,0.73724137931,1989MM12,97.6723183391
84773,A5,320705,84773,6.50332225914,0.737586206897,1990MM01,97.6128027682
84774,A5,320705,84774,6.49601328904,0.737931034483,1990MM02,97.5532871972
84775,A5,320705,84775,6.48870431894,0.738275862069,1990MM03,97.4937716263
84776,A5,320705,84776,6.48139534884,0.738620689655,1990MM04,97.4342560554
84777,A5,320705,84777,6.47408637874,0.738965517241,1990MM05,97.3747404844
84778,A5,320705,84778,6.46677740864,0.739310344828,1990MM06,97.3152249135
84779,A5,320705,84779,6.45946843854,0.739655172414,1990MM07,97.2557093426
84780,A5,320705,84780,6.45215946844,0.74,1990MM08,97.1961937716
84781,A5,320705,84781,6.44485049834,0.740344827586,1990MM09,97.1366782007
84782,A5,320705,84782,6.43754152824,0.740689655172,1990MM10,97.0771626298
84783,A5,320705,84783,6.43023255814,0.741034482759,1990MM11,97.0176470588
84784,A5,320705,84784,6.42292358804,0.741379310345,1990MM12,96.9581314879
84786,A5,320705,84786,6.41561461794,0.741724137931,1991MM01,96.898615917
84787,A5,320705,84787,6.40830564784,0.742068965517,1991MM02,96.839100346
84788,A5,320705,84788,6.40099667774,0.742413793103,1991MM03,96.7795847751
84789,A5,320705,84789,6.39368770764,0.74275862069,1991MM04,96.7200692042
84790,A5,320705,84790,6.38637873754,0.743103448276,1991MM05,96.6605536332
84791,A5,320705,84791,6.37906976744,0.743448275862,1991MM06,96.6010380623
84792,A5,320705,84792,6.37176079734,0.743793103448,1991MM07,96.5415224913
84793,A5,320705,84793,6.36445182724,0.744137931034,1991MM08,96.4820069204
84794,A5,320705,84794,6.35714285714,0.744482758621,1991MM09,96.4224913495
84795,A5,320705,84795,6.34983388704,0.744827586207,1991MM10,96.3629757785
84796,A5,320705,84796,6.34252491694,0.745172413793,1991MM11,96.3034602076
84797,A5,320705,84797,6.33521594684,0.745517241379,1991MM12,96.2439446367
84799,A5,320705,84799,6.32790697674,0.745862068966,1992MM01,96.1844290657
84800,A5,320705,84800,6.32059800664,0.746206896552,1992MM02,96.1249134948
84801,A5,320705,84801,6.31328903654,0.746551724138,1992MM03,96.0653979239
84802,A5,320705,84802,6.30598006645,0.746896551724,1992MM04,96.0058823529
84803,A5,320705,84803,6.29867109635,0.74724137931,1992MM05,95.946366782
84804,A5,320705,84804,6.29136212625,0.747586206897,1992MM06,95.8868512111
84805,A5,320705,84805,6.28405315615,0.747931034483,1992MM07,95.8273356401
84806,A5,320705,84806,6.27674418605,0.748275862069,1992MM08,95.7678200692
84807,A5,320705,84807,6.26943521595,0.748620689655,1992MM09,95.7083044983
84808,A5,320705,84808,6.26212624585,0.748965517241,1992MM10,95.6487889273
84809,A5,320705,84809,6.25481727575,0.749310344828,1992MM11,95.5892733564
84810,A5,320705,84810,6.24750830565,0.749655172414,1992MM12,95.5297577855
84812,A5,320705,84812,6.24019933555,0.75,1993MM01,95.4702422145
84813,A5,320705,84813,6.23289036545,0.750344827586,1993MM02,95.4107266436
84814,A5,320705,84814,6.22558139535,0.750689655172,1993MM03,95.3512110727
84815,A5,320705,84815,6.21827242525,0.751034482759,1993MM04,95.2916955017
84816,A5,320705,84816,6.21096345515,0.751379310345,1993MM05,95.2321799308
84817,A5,320705,84817,6.20365448505,0.751724137931,1993MM06,95.1726643599
84818,A5,320705,84818,6.19634551495,0.752068965517,1993MM07,95.1131487889
84819,A5,320705,84819,6.18903654485,0.752413793103,1993MM08,95.053633218
84820,A5,320705,84820,6.18172757475,0.75275862069,1993MM09,94.9941176471
84821,A5,320705,84821,6.17441860465,0.753103448276,1993MM10,94.9346020761
84822,A5,320705,84822,6.16710963455,0.753448275862,1993MM11,94.8750865052
84823,A5,320705,84823,6.15980066445,0.753793103448,1993MM12,94.8155709343
84825,A5,320705,84825,6.15249169435,0.754137931034,1994MM01,94.7560553633
84826,A5,320705,84826,6.14518272425,0.754482758621,1994MM02,94.6965397924
84827,A5,320705,84827,6.13787375415,0.754827586207,1994MM03,94.6370242215
84828,A5,320705,84828,6.13056478405,0.755172413793,1994MM04,94.5775086505
84829,A5,320705,84829,6.12325581395,0.755517241379,1994MM05,94.5179930796
84830,A5,320705,84830,6.11594684385,0.755862068966,1994MM06,94.4584775087
84831,A5,320705,84831,6.10863787375,0.756206896552,1994MM07,94.3989619377
84832,A5,320705,84832,6.10132890365,0.756551724138,1994MM08,94.3394463668
84833,A5,320705,84833,6.09401993355,0.756896551724,1994MM09,94.2799307958
84834,A5,320705,84834,6.08671096346,0.75724137931,1994MM10,94.2204152249
84835,A5,320705,84835,6.07940199336,0.757586206897,1994MM11,94.160899654
84836,A5,320705,84836,6.07209302326,0.757931034483,1994MM12,94.101384083
84838,A5,320705,84838,6.06478405316,0.758275862069,1995MM01,94.0418685121
84839,A5,320705,84839,6.05747508306,0.758620689655,1995MM02,93.9823529412
84840,A5,320705,84840,6.05016611296,0.758965517241,1995MM03,93.9228373702
84841,A5,320705,84841,6.04285714286,0.759310344828,1995MM04,93.8633217993
84842,A5,320705,84842,6.03554817276,0.759655172414,1995MM05,93.8038062284
84843,A5,320705,84843,6.02823920266,0.76,1995MM06,93.7442906574
84844,A5,320705,84844,6.02093023256,0.760344827586,1995MM07,93.6847750865
84845,A5,320705,84845,6.01362126246,0.760689655172,1995MM08,93.6252595156
84846,A5,320705,84846,6.00631229236,0.761034482759,1995MM09,93.5657439446
84847,A5,320705,84847,5.99900332226,0.761379310345,1995MM10,93.5062283737
84848,A5,320705,84848,5.99169435216,0.761724137931,1995MM11,93.4467128028
84849,A5,320705,84849,5.98438538206,0.762068965517,1995MM12,93.3871972318
84851,A5,320705,84851,5.97707641196,0.762413793103,1996MM01,93.3276816609
84852,A5,320705,84852,5.96976744186,0.76275862069,1996MM02,93.26816609
84853,A5,320705,84853,5.96245847176,0.763103448276,1996MM03,93.208650519
84854,A5,320705,84854,5.95514950166,0.763448275862,1996MM04,93.1491349481
84855,A5,320705,84855,5.94784053156,0.763793103448,1996MM05,93.0896193772
84856,A5,320705,84856,5.94053156146,0.764137931034,1996MM06,93.0301038062
84857,A5,320705,84857,5.93322259136,0.764482758621,1996MM07,92.9705882353
84858,A5,320705,84858,5.92591362126,0.764827586207,1996MM08,92.9110726644
84859,A5,320705,84859,5.91860465116,0.765172413793,1996MM09,92.8515570934
84860,A5,320705,84860,5.91129568106,0.765517241379,1996MM10,92.7920415225
84861,A5,320705,84861,5.90398671096,0.765862068966,1996MM11,92.7325259516
84862,A5,320705,84862,5.89667774086,0.766206896552,1996MM12,92.6730103806
84864,A5,320705,84864,5.88936877076,0.766551724138,1997MM01,92.6134948097
84865,A5,320705,84865,5.88205980066,0.766896551724,1997MM02,92.5539792388
84866,A5,320705,84866,5.87475083056,0.76724137931,1997MM03,92.4944636678
84867,A5,320705,84867,5.86744186047,0.767586206897,1997MM04,92.4349480969
84868,A5,320705,84868,5.86013289037,0.767931034483,1997MM05,92.375432526
84869,A5,320705,84869,5.85282392027,0.768275862069,1997MM06,92.315916955
84870,A5,320705,84870,5.84551495017,0.768620689655,1997MM07,92.2564013841
84871,A5,320705,84871,5.83820598007,0.768965517241,1997MM08,92.1968858131
84872,A5,320705,84872,5.83089700997,0.769310344828,1997MM09,92.1373702422
84873,A5,320705,84873,5.82358803987,0.769655172414,1997MM10,92.0778546713
84874,A5,320705,84874,5.81627906977,0.77,1997MM11,92.0183391003
84875,A5,320705,84875,5.80897009967,0.770344827586,1997MM12,91.9588235294
84877,A5,320705,84877,5.80166112957,0.770689655172,1998MM01,91.8993079585
84878,A5,320705,84878,5.79435215947,0.771034482759,1998MM02,91.8397923875
84879,A5,320705,84879,5.78704318937,0.771379310345,1998MM03,91.7802768166
84880,A5,320705,84880,5.77973421927,0.771724137931,1998MM04,91.7207612457
84881,A5,320705,84881,5.77242524917,0.772068965517,1998MM05,91.6612456747
84882,A5,320705,84882,5.76511627907,0.772413793103,1998MM06,91.6017301038
84883,A5,320705,84883,5.75780730897,0.77275862069,1998MM07,91.5422145329
84884,A5,320705,84884,5.75049833887,0.773103448276,1998MM08,91.4826989619
84885,A5,320705,84885,5.74318936877,0.773448275862,1998MM09,91.423183391
84886,A5,320705,84886,5.73588039867,0.773793103448,1998MM10,91.3636678201
84887,A5,320705,84887,5.72857142857,0.774137931034,1998MM11,91.3041522491
84888,A5,320705,84888,5.72126245847,0.774482758621,1998MM12,91.2446366782
84890,A5,320705,84890,5.71395348837,0.774827586207,1999MM01,91.1851211073
84891,A5,320705,84891,5.70664451827,0.775172413793,1999MM02,91.1256055363
84892,A5,320705,84892,5.69933554817,0.775517241379,1999MM03,91.0660899654
84893,A5,320705,84893,5.69202657807,0.775862068966,1999MM04,91.0065743945
84894,A5,320705,84894,5.68471760797,0.776206896552,1999MM05,90.9470588235
84895,A5,320705,84895,5.67740863787,0.776551724138,1999MM06,90.8875432526
84896,A5,320705,84896,5.67009966777,0.776896551724,1999MM07,90.8280276817
84897,A5,320705,84897,5.66279069767,0.77724137931,1999MM08,90.7685121107
84898,A5,320705,84898,5.65548172757,0.777586206897,1999MM09,90.7089965398
84899,A5,320705,84899,5.64817275748,0.777931034483,1999MM10,90.6494809689
84900,A5,320705,84900,5.64086378738,0.778275862069,1999MM11,90.5899653979
84901,A5,320705,84901,5.63355481728,0.778620689655,1999MM12,90.530449827
84903,A5,320705,84903,5.62624584718,0.778965517241,2000MM01,90.4709342561
84904,A5,320705,84904,5.61893687708,0.779310344828,2000MM02,90.4114186851
84905,A5,320705,84905,5.61162790698,0.779655172414,2000MM03,90.3519031142
84906,A5,320705,84906,5.60431893688,0.78,2000MM04,90.2923875433
84907,A5,320705,84907,5.59700996678,0.780344827586,2000MM05,90.2328719723
84908,A5,320705,84908,5.58970099668,0.780689655172,2000MM06,90.1733564014
84909,A5,320705,84909,5.58239202658,0.781034482759,2000MM07,90.1138408304
84910,A5,320705,84910,5.57508305648,0.781379310345,2000MM08,90.0543252595
84911,A5,320705,84911,5.56777408638,0.781724137931,2000MM09,89.9948096886
84912,A5,320705,84912,5.56046511628,0.782068965517,2000MM10,89.9352941176
84913,A5,320705,84913,5.55315614618,0.782413793103,2000MM11,89.8757785467
84914,A5,320705,84914,5.54584717608,0.78275862069,2000MM12,89.8162629758
84916,A5,320705,84916,5.53853820598,0.783103448276,2001MM01,89.7567474048
84917,A5,320705,84917,5.53122923588,0.783448275862,2001MM02,89.6972318339
84918,A5,320705,84918,5.52392026578,0.783793103448,2001MM03,89.637716263
84919,A5,320705,84919,5.51661129568,0.784137931034,2001MM04,89.578200692
84920,A5,320705,84920,5.50930232558,0.784482758621,2001MM05,89.5186851211
84921,A5,320705,84921,5.50199335548,0.784827586207,2001MM06,89.4591695502
84922,A5,320705,84922,5.49468438538,0.785172413793,2001MM07,89.3996539792
84923,A5,320705,84923,5.48737541528,0.785517241379,2001MM08,89.3401384083
84924,A5,320705,84924,5.48006644518,0.785862068966,2001MM09,89.2806228374
84925,A5,320705,84925,5.47275747508,0.786206896552,2001MM10,89.2211072664
84926,A5,320705,84926,5.46544850498,0.786551724138,2001MM11,89.1615916955
84927,A5,320705,84927,5.45813953488,0.786896551724,2001MM12,89.1020761246
84929,A5,320705,84929,5.45083056478,0.78724137931,2002MM01,89.0425605536
84930,A5,320705,84930,5.44352159468,0.787586206897,2002MM02,88.9830449827
84931,A5,320705,84931,5.43621262458,0.787931034483,2002MM03,88.9235294118
84932,A5,320705,84932,5.42890365449,0.788275862069,2002MM04,88.8640138408
84933,A5,320705,84933,5.42159468439,0.788620689655,2002MM05,88.8044982699
84934,A5,320705,84934,5.41428571429,0.788965517241,2002MM06,88.744982699
84935,A5,320705,84935,5.40697674419,0.789310344828,2002MM07,88.685467128
84936,A5,320705,84936,5.39966777409,0.789655172414,2002MM08,88.6259515571
84937,A5,320705,84937,5.39235880399,0.79,2002MM09,88.5664359862
84938,A5,320705,84938,5.38504983389,0.790344827586,2002MM10,88.5069204152
84939,A5,320705,84939,5.37774086379,0.790689655172,2002MM11,88.4474048443
84940,A5,320705,84940,5.37043189369,0.791034482759,2002MM12,88.3878892734
84942,A5,320705,84942,5.36312292359,0.791379310345,2003MM01,88.3283737024
84943,A5,320705,84943,5.35581395349,0.791724137931,2003MM02,88.2688581315
84944,A5,320705,84944,5.34850498339,0.792068965517,2003MM03,88.2093425606
84945,A5,320705,84945,5.34119601329,0.792413793103,2003MM04,88.1498269896
84946,A5,320705,84946,5.33388704319,0.79275862069,2003MM05,88.0903114187
84947,A5,320705,84947,5.32657807309,0.793103448276,2003MM06,88.0307958478
84948,A5,320705,84948,5.31926910299,0.793448275862,2003MM07,87.9712802768
84949,A5,320705,84949,5.31196013289,0.793793103448,2003MM08,87.9117647059
84950,A5,320705,84950,5.30465116279,0.794137931034,2003MM09,87.8522491349
84951,A5,320705,84951,5.29734219269,0.794482758621,2003MM10,87.792733564
84952,A5,320705,84952,5.29003322259,0.794827586207,2003MM11,87.7332179931
84953,A5,320705,84953,5.28272425249,0.795172413793,2003MM12,87.6737024221
84955,A5,320705,84955,5.27541528239,0.795517241379,2004MM01,87.6141868512
84956,A5,320705,84956,5.26810631229,0.795862068966,2004MM02,87.5546712803
84957,A5,320705,84957,5.26079734219,0.796206896552,2004MM03,87.4951557093
84958,A5,320705,84958,5.25348837209,0.796551724138,2004MM04,87.4356401384
84959,A5,320705,84959,5.24617940199,0.796896551724,2004MM05,87.3761245675
84960,A5,320705,84960,5.23887043189,0.79724137931,2004MM06,87.3166089965
84961,A5,320705,84961,5.23156146179,0.797586206897,2004MM07,87.2570934256
84962,A5,320705,84962,5.22425249169,0.797931034483,2004MM08,87.1975778547
84963,A5,320705,84963,5.21694352159,0.798275862069,2004MM09,87.1380622837
84964,A5,320705,84964,5.2096345515,0.798620689655,2004MM10,87.0785467128
84965,A5,320705,84965,5.2023255814,0.798965517241,2004MM11,87.0190311419
84966,A5,320705,84966,5.1950166113,0.799310344828,2004MM12,86.9595155709
84968,A5,320705,84968,5.1877076412,0.799655172414,2005MM01,86.9
84969,A5,320705,84969,5.1803986711,0.8,2005MM02,87.6
84970,A5,320705,84970,5.173089701,1.3,2005MM03,88.8
84971,A5,320705,84971,5.1657807309,-0.2,2005MM04,88.6
84972,A5,320705,84972,5.1584717608,-1.0,2005MM05,87.7
84973,A5,320705,84973,5.1511627907,-0.3,2005MM06,87.5
84974,A5,320705,84974,5.1438538206,0.0,2005MM07,87.5
84975,A5,320705,84975,5.1365448505,0.4,2005MM08,87.9
84976,A5,320705,84976,5.1292358804,0.8,2005MM09,88.6
84977,A5,320705,84977,5.1219269103,3.0,2005MM10,91.2
84978,A5,320705,84978,5.1146179402,0.1,2005MM11,91.3
84979,A5,320705,84979,5.1073089701,-1.3,2005MM12,90.1
84981,A5,320705,84981,5.1,1.4,2006MM01,91.4
84982,A5,320705,84982,5.5,1.2,2006MM02,92.5
84983,A5,320705,84983,4.3,0.2,2006MM03,92.6
84984,A5,320705,84984,5.3,0.8,2006MM04,93.3
84985,A5,320705,84985,6.8,0.4,2006MM05,93.8
84986,A5,320705,84986,7.2,0.1,2006MM06,93.9
84987,A5,320705,84987,9.7,2.2,2006MM07,96.0
84988,A5,320705,84988,9.9,0.7,2006MM08,96.6
84989,A5,320705,84989,9.0,-0.1,2006MM09,96.5
84990,A5,320705,84990,5.8,0.0,2006MM10,96.5
84991,A5,320705,84991,5.1,-0.6,2006MM11,96.0
84992,A5,320705,84992,6.0,-0.5,2006MM12,95.5
84994,A5,320705,84994,4.7,0.2,2007MM01,95.7
84995,A5,320705,84995,3.6,0.1,2007MM02,95.8
84996,A5,320705,84996,3.5,0.0,2007MM03,95.8
84997,A5,320705,84997,3.9,1.2,2007MM04,97.0
84998,A5,320705,84998,4.3,0.8,2007MM05,97.8
84999,A5,320705,84999,4.6,0.4,2007MM06,98.2
85000,A5,320705,85000,2.4,0.1,2007MM07,98.3
85001,A5,320705,85001,2.2,0.4,2007MM08,98.7
85002,A5,320705,85002,1.8,-0.5,2007MM09,98.2
85003,A5,320705,85003,2.7,0.9,2007MM10,99.1
85004,A5,320705,85004,3.9,0.6,2007MM11,99.7
85005,A5,320705,85005,4.9,0.5,2007MM12,100.2
85007,A5,320705,85007,6.2,1.4,2008MM01,101.6
85008,A5,320705,85008,7.3,1.2,2008MM02,102.8
85009,A5,320705,85009,7.3,0.0,2008MM03,102.8
85010,A5,320705,85010,7.1,1.0,2008MM04,103.8
85011,A5,320705,85011,8.0,1.8,2008MM05,105.7
85012,A5,320705,85012,9.3,1.6,2008MM06,107.3
85013,A5,320705,85013,13.0,3.4,2008MM07,111.0
85014,A5,320705,85014,13.7,1.1,2008MM08,112.2
85015,A5,320705,85015,15.3,0.8,2008MM09,113.2
85016,A5,320705,85016,10.0,-3.7,2008MM10,109.0
85017,A5,320705,85017,3.4,-5.4,2008MM11,103.1
85018,A5,320705,85018,-4.6,-7.3,2008MM12,95.6
85020,A5,320705,85020,-15.2,-9.9,2009MM01,86.1
85021,A5,320705,85021,-17.9,-2.0,2009MM02,84.4
85022,A5,320705,85022,-17.1,1.0,2009MM03,85.2
85023,A5,320705,85023,-19.6,-2.0,2009MM04,83.5
85024,A5,320705,85024,-21.4,-0.6,2009MM05,83.0
85025,A5,320705,85025,-21.7,1.3,2009MM06,84.1
85026,A5,320705,85026,-22.4,2.5,2009MM07,86.2
85027,A5,320705,85027,-21.9,1.8,2009MM08,87.7
85028,A5,320705,85028,-22.2,0.4,2009MM09,88.0
85029,A5,320705,85029,-19.3,-0.1,2009MM10,87.9
85030,A5,320705,85030,-14.7,0.0,2009MM11,87.9
85031,A5,320705,85031,-8.1,-0.1,2009MM12,87.8
85033,A5,320705,85033,6.6,4.5,2010MM01,91.8
85034,A5,320705,85034,11.0,2.0,2010MM02,93.7
85035,A5,320705,85035,12.4,2.2,2010MM03,95.8
85036,A5,320705,85036,19.9,4.6,2010MM04,100.1
85037,A5,320705,85037,21.9,1.0,2010MM05,101.2
85038,A5,320705,85038,20.8,0.5,2010MM06,101.6
85039,A5,320705,85039,17.4,-0.4,2010MM07,101.2
85040,A5,320705,85040,15.6,0.2,2010MM08,101.3
85041,A5,320705,85041,15.9,0.7,2010MM09,102.0
85042,A5,320705,85042,16.3,0.2,2010MM10,102.3
85043,A5,320705,85043,18.1,1.5,2010MM11,103.8
85044,A5,320705,85044,19.8,1.3,2010MM12,105.2
85046,A5,320705,85046,19.6,4.4,2011MM01,109.8
85047,A5,320705,85047,20.2,2.5,2011MM02,112.6
85048,A5,320705,85048,20.1,2.2,2011MM03,115.1
85049,A5,320705,85049,15.8,0.8,2011MM04,116.0
85050,A5,320705,85050,15.1,0.4,2011MM05,116.4
85051,A5,320705,85051,14.1,-0.4,2011MM06,116.0
85052,A5,320705,85052,14.3,-0.3,2011MM07,115.7
85053,A5,320705,85053,13.9,-0.2,2011MM08,115.4
85054,A5,320705,85054,13.1,0.0,2011MM09,115.4
85055,A5,320705,85055,11.9,-0.8,2011MM10,114.5
85056,A5,320705,85056,9.4,-0.7,2011MM11,113.6
85057,A5,320705,85057,7.2,-0.8,2011MM12,112.8
85059,A5,320705,85059,4.0,1.3,2012MM01,114.3
85060,A5,320705,85060,2.6,1.0,2012MM02,115.5
85061,A5,320705,85061,2.1,1.8,2012MM03,117.5
85062,A5,320705,85062,2.4,1.1,2012MM04,118.8
85063,A5,320705,85063,2.0,0.0,2012MM05,118.8
85064,A5,320705,85064,0.3,-2.1,2012MM06,116.4
85065,A5,320705,85065,-1.4,-2.0,2012MM07,114.1
85066,A5,320705,85066,0.4,1.6,2012MM08,115.9
85067,A5,320705,85067,1.8,1.4,2012MM09,117.5
85068,A5,320705,85068,1.9,-0.7,2012MM10,116.7
85069,A5,320705,85069,2.3,-0.4,2012MM11,116.3
85070,A5,320705,85070,2.4,-0.6,2012MM12,115.5
85072,A5,320705,85072,1.2,0.1,2013MM01,115.7
85073,A5,320705,85073,0.8,0.6,2013MM02,116.3
85074,A5,320705,85074,-1.0,-0.1,2013MM03,116.3
85075,A5,320705,85075,-3.2,-1.2,2013MM04,114.9
85076,A5,320705,85076,-4.8,-1.5,2013MM05,113.1
85077,A5,320705,85077,-3.7,-0.9,2013MM06,112.1
85078,A5,320705,85078,-1.3,0.4,2013MM07,112.5
85079,A5,320705,85079,-2.6,0.3,2013MM08,112.9
85080,A5,320705,85080,-3.5,0.4,2013MM09,113.3
85081,A5,320705,85081,-4.3,-1.5,2013MM10,111.6
85082,A5,320705,85082,-4.3,-0.3,2013MM11,111.3
85083,A5,320705,85083,-3.0,0.7,2013MM12,112.0
85085,A5,320705,85085,-2.4,0.7,2014MM01,112.9
85086,A5,320705,85086,-3.1,-0.1,2014MM02,112.7
85087,A5,320705,85087,-3.6,-0.5,2014MM03,112.1
85088,A5,320705,85088,-2.6,-0.2,2014MM04,111.9
85089,A5,320705,85089,-0.9,0.2,2014MM05,112.1
85090,A5,320705,85090,-0.3,-0.3,2014MM06,111.8
85091,A5,320705,85091,0.2,0.9,2014MM07,112.7
85092,A5,320705,85092,0.2,0.3,2014MM08,113.0
85093,A5,320705,85093,-0.8,-0.6,2014MM09,112.4
85094,A5,320705,85094,1.1,0.4,2014MM10,112.8
85095,A5,320705,85095,-0.8,-2.1,2014MM11,110.4
85096,A5,320705,85096,-5.1,-3.8,2014MM12,106.3
85098,A5,320705,85098,-10.8,-5.3,2015MM01,100.6
85099,A5,320705,85099,-11.3,-0.6,2015MM02,100.0
85100,A5,320705,85100,-7.8,3.4,2015MM03,103.4
85101,A5,320705,85101,-4.0,3.9,2015MM04,107.4
85102,A5,320705,85102,-1.9,2.4,2015MM05,110.0
85103,A5,320705,85103,-1.0,0.6,2015MM06,110.6
85104,A5,320705,85104,-1.9,-0.1,2015MM07,110.6
85105,A5,320705,85105,-5.4,-3.3,2015MM08,107.0
85106,A5,320705,85106,-8.8,-4.2,2015MM09,102.5
85107,A5,320705,85107,-12.0,-3.1,2015MM10,99.3
85108,A5,320705,85108,-10.5,-0.5,2015MM11,98.8
85109,A5,320705,85109,-7.2,-0.3,2015MM12,98.6
85111,A5,320705,85111,-3.5,-1.4,2016MM01,97.1
85112,A5,320705,85112,-5.4,-2.6,2016MM02,94.6
85113,A5,320705,85113,-8.7,-0.2,2016MM03,94.4
85114,A5,320705,85114,-10.8,1.6,2016MM04,95.9
85115,A5,320705,85115,-11.8,1.2,2016MM05,97.1
85116,A5,320705,85116,-12.2,0.0,2016MM06,97.1
85117,A5,320705,85117,-12.4,-0.2,2016MM07,96.9
85118,A5,320705,85118,-9.3,0.2,2016MM08,97.1
85119,A5,320705,85119,-5.4,-0.1,2016MM09,97.0
85120,A5,320705,85120,-1.7,0.7,2016MM10,97.6
85121,A5,320705,85121,-0.6,0.6,2016MM11,98.2
85122,A5,320705,85122,1.4,1.7,2016MM12,99.9
85124,A5,320705,85124,6.3,3.4,2017MM01,103.3
85125,A5,320705,85125,12.3,2.8,2017MM02,106.2
85126,A5,320705,85126,14.6,1.8,2017MM03,108.1
85127,A5,320705,85127,12.0,-0.6,2017MM04,107.4
85128,A5,320705,85128,8.7,-1.8,2017MM05,105.5
85129,A5,320705,85129,6.8,-1.7,2017MM06,103.7
85130,A5,320705,85130,4.6,-2.3,2017MM07,101.3
85131,A5,320705,85131,4.7,0.3,2017MM08,101.7
85132,A5,320705,85132,6.4,1.5,2017MM09,103.2
85133,A5,320705,85133,6.8,1.0,2017MM10,104.3
85134,A5,320705,85134,6.5,0.3,2017MM11,104.6
85135,A5,320705,85135,6.5,1.7,2017MM12,106.4
