,Afzet,BedrijfstakkenBranchesSBI2008,ID,OntwikkelingTOV1JaarEerder_2,OntwikkelingTOV1MaandEerder_3,Perioden,ProducentenprijsindexPPI_1
85137,A5,320700,85137,7.64615384615,1.15,1981MM01,78.6
85138,A5,320700,85138,7.69230769231,1.6,1981MM02,79.8
85139,A5,320700,85139,7.73846153846,3.8,1981MM03,82.8
85140,A5,320700,85140,7.78461538462,1.5,1981MM04,84.1
85141,A5,320700,85141,7.83076923077,1.1,1981MM05,85.0
85142,A5,320700,85142,7.87692307692,1.9,1981MM06,86.6
85143,A5,320700,85143,7.92307692308,0.2,1981MM07,86.8
85144,A5,320700,85144,7.96923076923,1.1,1981MM08,87.8
85145,A5,320700,85145,8.01538461538,0.6,1981MM09,88.3
85146,A5,320700,85146,8.06153846154,-1.4,1981MM10,87.1
85147,A5,320700,85147,8.10769230769,0.1,1981MM11,87.2
85148,A5,320700,85148,8.15384615385,-2.3,1981MM12,85.1
85150,A5,320700,85150,8.2,-0.2,1982MM01,85.0
85151,A5,320700,85151,7.1,0.6,1982MM02,85.5
85152,A5,320700,85152,2.9,-0.3,1982MM03,85.2
85153,A5,320700,85153,1.2,-0.1,1982MM04,85.1
85154,A5,320700,85154,0.0,-0.1,1982MM05,85.1
85155,A5,320700,85155,-2.3,-0.5,1982MM06,84.6
85156,A5,320700,85156,-2.3,0.3,1982MM07,84.9
85157,A5,320700,85157,-3.2,0.2,1982MM08,85.0
85158,A5,320700,85158,-3.8,0.0,1982MM09,85.0
85159,A5,320700,85159,-2.6,-0.2,1982MM10,84.9
85160,A5,320700,85160,-3.8,-1.2,1982MM11,83.9
85161,A5,320700,85161,-2.2,-0.8,1982MM12,83.2
85163,A5,320700,85163,-2.3,-0.2,1983MM01,83.1
85164,A5,320700,85164,-2.7,0.2,1983MM02,83.2
85165,A5,320700,85165,-3.0,-0.6,1983MM03,82.7
85166,A5,320700,85166,-2.2,0.6,1983MM04,83.2
85167,A5,320700,85167,-2.2,0.0,1983MM05,83.2
85168,A5,320700,85168,-0.8,0.9,1983MM06,83.9
85169,A5,320700,85169,-0.9,0.2,1983MM07,84.1
85170,A5,320700,85170,-0.6,0.5,1983MM08,84.5
85171,A5,320700,85171,2.2,2.9,1983MM09,86.9
85172,A5,320700,85172,2.7,0.2,1983MM10,87.1
85173,A5,320700,85173,4.8,0.9,1983MM11,87.9
85174,A5,320700,85174,6.7,1.1,1983MM12,88.8
85176,A5,320700,85176,8.1,1.1,1984MM01,89.8
85177,A5,320700,85177,7.6,-0.3,1984MM02,89.6
85178,A5,320700,85178,9.1,0.7,1984MM03,90.2
85179,A5,320700,85179,8.7,0.3,1984MM04,90.5
85180,A5,320700,85180,9.6,0.8,1984MM05,91.2
85181,A5,320700,85181,8.4,-0.3,1984MM06,91.0
85182,A5,320700,85182,8.7,0.5,1984MM07,91.4
85183,A5,320700,85183,8.3,0.1,1984MM08,91.5
85184,A5,320700,85184,5.6,0.4,1984MM09,91.8
85185,A5,320700,85185,6.1,0.6,1984MM10,92.4
85186,A5,320700,85186,5.2,0.1,1984MM11,92.5
85187,A5,320700,85187,3.9,-0.2,1984MM12,92.3
85189,A5,320700,85189,3.4,0.6,1985MM01,92.9
85190,A5,320700,85190,2.7,-1.0,1985MM02,92.0
85191,A5,320700,85191,3.0,1.0,1985MM03,92.9
85192,A5,320700,85192,3.3,0.6,1985MM04,93.4
85193,A5,320700,85193,3.5,1.0,1985MM05,94.4
85194,A5,320700,85194,4.2,0.4,1985MM06,94.7
85195,A5,320700,85195,4.4,0.7,1985MM07,95.4
85196,A5,320700,85196,4.3,0.0,1985MM08,95.4
85197,A5,320700,85197,3.5,-0.4,1985MM09,95.1
85198,A5,320700,85198,1.5,-1.3,1985MM10,93.8
85199,A5,320700,85199,-0.1,-1.5,1985MM11,92.4
85200,A5,320700,85200,-0.5,-0.6,1985MM12,91.8
85202,A5,320700,85202,-3.1,-2.0,1986MM01,90.0
85203,A5,320700,85203,-13.0,-11.0,1986MM02,80.1
85204,A5,320700,85204,-5.6,9.6,1986MM03,87.7
85205,A5,320700,85205,-7.1,-1.1,1986MM04,86.8
85206,A5,320700,85206,-11.3,-3.5,1986MM05,83.7
85207,A5,320700,85207,-13.8,-2.4,1986MM06,81.7
85208,A5,320700,85208,-15.5,-1.3,1986MM07,80.6
85209,A5,320700,85209,-17.1,-1.9,1986MM08,79.1
85210,A5,320700,85210,-18.1,-1.6,1986MM09,77.9
85211,A5,320700,85211,-17.2,-0.3,1986MM10,77.6
85212,A5,320700,85212,-16.9,-1.1,1986MM11,76.7
85213,A5,320700,85213,-16.9,-0.6,1986MM12,76.3
85215,A5,320700,85215,-15.1,0.1,1987MM01,76.4
85216,A5,320700,85216,-5.2,-0.6,1987MM02,75.9
85217,A5,320700,85217,-10.0,4.1,1987MM03,79.0
85218,A5,320700,85218,-12.2,-3.5,1987MM04,76.2
85219,A5,320700,85219,-9.5,-0.5,1987MM05,75.8
85220,A5,320700,85220,-5.1,2.3,1987MM06,77.5
85221,A5,320700,85221,-3.8,0.2,1987MM07,77.6
85222,A5,320700,85222,-1.4,0.5,1987MM08,78.0
85223,A5,320700,85223,2.8,2.6,1987MM09,80.0
85224,A5,320700,85224,3.7,0.6,1987MM10,80.5
85225,A5,320700,85225,5.0,0.2,1987MM11,80.6
85226,A5,320700,85226,5.8,0.1,1987MM12,80.7
85228,A5,320700,85228,4.3,-1.3,1988MM01,79.7
85229,A5,320700,85229,4.3,-0.7,1988MM02,79.1
85230,A5,320700,85230,-0.6,-0.8,1988MM03,78.5
85231,A5,320700,85231,6.1,3.0,1988MM04,80.8
85232,A5,320700,85232,2.5,-3.9,1988MM05,77.7
85233,A5,320700,85233,0.6,0.4,1988MM06,78.0
85234,A5,320700,85234,1.7,1.2,1988MM07,79.0
85235,A5,320700,85235,2.1,0.9,1988MM08,79.6
85236,A5,320700,85236,0.4,0.9,1988MM09,80.4
85237,A5,320700,85237,1.2,1.4,1988MM10,81.5
85238,A5,320700,85238,2.8,1.7,1988MM11,82.9
85239,A5,320700,85239,3.8,1.2,1988MM12,83.8
85241,A5,320700,85241,6.0,0.8,1989MM01,84.5
85242,A5,320700,85242,8.3,1.4,1989MM02,85.7
85243,A5,320700,85243,9.8,0.6,1989MM03,86.2
85244,A5,320700,85244,7.3,0.6,1989MM04,86.8
85245,A5,320700,85245,13.6,1.7,1989MM05,88.3
85246,A5,320700,85246,14.2,0.9,1989MM06,89.0
85247,A5,320700,85247,12.7,-0.1,1989MM07,89.0
85248,A5,320700,85248,11.0,-0.6,1989MM08,88.4
85249,A5,320700,85249,10.4,0.4,1989MM09,88.7
85250,A5,320700,85250,7.6,-1.2,1989MM10,87.6
85251,A5,320700,85251,3.3,-2.3,1989MM11,85.6
85252,A5,320700,85252,-3.9,-5.8,1989MM12,80.6
85254,A5,320700,85254,-7.4,-2.9,1990MM01,78.2
85255,A5,320700,85255,-11.4,-3.0,1990MM02,75.9
85256,A5,320700,85256,-14.3,-2.6,1990MM03,73.9
85257,A5,320700,85257,-16.0,-1.3,1990MM04,72.9
85258,A5,320700,85258,-18.4,-1.2,1990MM05,72.0
85259,A5,320700,85259,-20.4,-1.6,1990MM06,70.8
85260,A5,320700,85260,-20.3,0.1,1990MM07,70.9
85261,A5,320700,85261,-20.4,-0.8,1990MM08,70.3
85262,A5,320700,85262,-21.3,-0.7,1990MM09,69.8
85263,A5,320700,85263,-19.0,1.7,1990MM10,71.0
85264,A5,320700,85264,-13.7,4.0,1990MM11,73.9
85265,A5,320700,85265,-7.0,1.5,1990MM12,75.0
85267,A5,320700,85267,-4.0,0.2,1991MM01,75.1
85268,A5,320700,85268,-6.9,-5.9,1991MM02,70.7
85269,A5,320700,85269,2.6,7.3,1991MM03,75.8
85270,A5,320700,85270,3.4,-0.6,1991MM04,75.4
85271,A5,320700,85271,4.3,-0.4,1991MM05,75.1
85272,A5,320700,85272,2.4,-3.4,1991MM06,72.5
85273,A5,320700,85273,1.5,-0.8,1991MM07,71.9
85274,A5,320700,85274,2.4,0.1,1991MM08,72.0
85275,A5,320700,85275,1.5,-1.6,1991MM09,70.9
85276,A5,320700,85276,-0.7,-0.5,1991MM10,70.5
85277,A5,320700,85277,-4.7,-0.1,1991MM11,70.4
85278,A5,320700,85278,-6.9,-0.9,1991MM12,69.8
85280,A5,320700,85280,-8.5,-1.5,1992MM01,68.8
85281,A5,320700,85281,-3.3,-0.6,1992MM02,68.3
85282,A5,320700,85282,-13.0,-3.5,1992MM03,66.0
85283,A5,320700,85283,-10.2,2.7,1992MM04,67.7
85284,A5,320700,85284,-10.2,-0.5,1992MM05,67.4
85285,A5,320700,85285,-7.4,-0.4,1992MM06,67.1
85286,A5,320700,85286,-7.0,-0.3,1992MM07,66.9
85287,A5,320700,85287,-7.3,-0.2,1992MM08,66.7
85288,A5,320700,85288,-6.0,-0.2,1992MM09,66.6
85289,A5,320700,85289,-6.2,-0.8,1992MM10,66.1
85290,A5,320700,85290,-6.6,-0.5,1992MM11,65.8
85291,A5,320700,85291,-6.4,-0.7,1992MM12,65.4
85293,A5,320700,85293,-6.9,-2.1,1993MM01,64.0
85294,A5,320700,85294,-6.2,0.2,1993MM02,64.1
85295,A5,320700,85295,-3.6,-0.9,1993MM03,63.6
85296,A5,320700,85296,-7.0,-0.9,1993MM04,63.0
85297,A5,320700,85297,-5.5,1.2,1993MM05,63.7
85298,A5,320700,85298,-5.3,-0.1,1993MM06,63.6
85299,A5,320700,85299,-5.1,-0.2,1993MM07,63.5
85300,A5,320700,85300,-5.5,-0.7,1993MM08,63.0
85301,A5,320700,85301,-5.8,-0.5,1993MM09,62.7
85302,A5,320700,85302,-5.8,-0.8,1993MM10,62.3
85303,A5,320700,85303,-5.8,-0.4,1993MM11,62.0
85304,A5,320700,85304,-5.7,-0.5,1993MM12,61.7
85306,A5,320700,85306,-4.8,-1.2,1994MM01,60.9
85307,A5,320700,85307,-5.5,-0.5,1994MM02,60.6
85308,A5,320700,85308,-4.5,0.2,1994MM03,60.7
85309,A5,320700,85309,-3.6,-0.1,1994MM04,60.7
85310,A5,320700,85310,0.5,5.5,1994MM05,64.0
85311,A5,320700,85311,-3.3,-4.0,1994MM06,61.5
85312,A5,320700,85312,-2.1,1.1,1994MM07,62.2
85313,A5,320700,85313,-0.6,0.8,1994MM08,62.7
85314,A5,320700,85314,2.1,2.2,1994MM09,64.1
85315,A5,320700,85315,4.2,1.2,1994MM10,64.9
85316,A5,320700,85316,6.1,1.4,1994MM11,65.7
85317,A5,320700,85317,10.3,3.4,1994MM12,68.0
85319,A5,320700,85319,14.2,2.3,1995MM01,69.6
85320,A5,320700,85320,16.9,1.9,1995MM02,70.9
85321,A5,320700,85321,17.5,0.6,1995MM03,71.3
85322,A5,320700,85322,17.2,-0.3,1995MM04,71.1
85323,A5,320700,85323,11.5,0.4,1995MM05,71.4
85324,A5,320700,85324,16.9,0.7,1995MM06,71.9
85325,A5,320700,85325,14.2,-1.2,1995MM07,71.0
85326,A5,320700,85326,13.5,0.2,1995MM08,71.1
85327,A5,320700,85327,10.8,-0.2,1995MM09,71.0
85328,A5,320700,85328,7.6,-1.6,1995MM10,69.8
85329,A5,320700,85329,4.1,-2.0,1995MM11,68.4
85330,A5,320700,85330,-0.2,-0.9,1995MM12,67.9
85332,A5,320700,85332,-2.8,-0.3,1996MM01,67.6
85333,A5,320700,85333,-4.2,0.4,1996MM02,67.9
85334,A5,320700,85334,-3.6,1.3,1996MM03,68.8
85335,A5,320700,85335,-2.6,0.7,1996MM04,69.3
85336,A5,320700,85336,-2.3,0.7,1996MM05,69.8
85337,A5,320700,85337,-3.5,-0.6,1996MM06,69.4
85338,A5,320700,85338,-2.9,-0.6,1996MM07,68.9
85339,A5,320700,85339,-3.6,-0.6,1996MM08,68.5
85340,A5,320700,85340,-3.1,0.3,1996MM09,68.8
85341,A5,320700,85341,-1.3,0.2,1996MM10,68.9
85342,A5,320700,85342,0.4,-0.3,1996MM11,68.7
85343,A5,320700,85343,1.2,0.0,1996MM12,68.7
85345,A5,320700,85345,3.5,1.9,1997MM01,70.0
85346,A5,320700,85346,4.0,0.9,1997MM02,70.6
85347,A5,320700,85347,3.1,0.4,1997MM03,70.9
85348,A5,320700,85348,4.3,1.9,1997MM04,72.2
85349,A5,320700,85349,3.5,0.0,1997MM05,72.2
85350,A5,320700,85350,3.7,-0.3,1997MM06,72.0
85351,A5,320700,85351,5.4,0.9,1997MM07,72.6
85352,A5,320700,85352,5.5,-0.4,1997MM08,72.3
85353,A5,320700,85353,4.8,-0.4,1997MM09,72.1
85354,A5,320700,85354,4.7,0.1,1997MM10,72.1
85355,A5,320700,85355,4.6,-0.4,1997MM11,71.9
85356,A5,320700,85356,4.7,0.1,1997MM12,72.0
85358,A5,320700,85358,2.5,-0.4,1998MM01,71.7
85359,A5,320700,85359,1.1,-0.4,1998MM02,71.4
85360,A5,320700,85360,0.4,-0.3,1998MM03,71.2
85361,A5,320700,85361,-3.8,-2.4,1998MM04,69.5
85362,A5,320700,85362,-4.5,-0.7,1998MM05,69.0
85363,A5,320700,85363,-4.7,-0.6,1998MM06,68.6
85364,A5,320700,85364,-6.6,-1.1,1998MM07,67.8
85365,A5,320700,85365,-7.0,-0.8,1998MM08,67.3
85366,A5,320700,85366,-7.3,-0.7,1998MM09,66.8
85367,A5,320700,85367,-9.9,-2.7,1998MM10,65.0
85368,A5,320700,85368,-8.9,0.7,1998MM11,65.5
85369,A5,320700,85369,-10.2,-1.3,1998MM12,64.6
85371,A5,320700,85371,-11.6,-2.0,1999MM01,63.4
85372,A5,320700,85372,-11.8,-0.6,1999MM02,63.0
85373,A5,320700,85373,-11.9,-0.5,1999MM03,62.7
85374,A5,320700,85374,-9.0,0.9,1999MM04,63.2
85375,A5,320700,85375,-7.8,0.5,1999MM05,63.6
85376,A5,320700,85376,-6.4,1.0,1999MM06,64.2
85377,A5,320700,85377,-2.5,3.0,1999MM07,66.1
85378,A5,320700,85378,-2.3,-0.6,1999MM08,65.7
85379,A5,320700,85379,-0.5,1.2,1999MM09,66.5
85380,A5,320700,85380,6.2,3.9,1999MM10,69.1
85381,A5,320700,85381,8.3,2.8,1999MM11,71.0
85382,A5,320700,85382,10.7,0.9,1999MM12,71.6
85384,A5,320700,85384,16.3,3.0,2000MM01,73.7
85385,A5,320700,85385,18.1,0.9,2000MM02,74.4
85386,A5,320700,85386,19.4,0.6,2000MM03,74.9
85387,A5,320700,85387,23.1,3.9,2000MM04,77.8
85388,A5,320700,85388,23.6,0.9,2000MM05,78.5
85389,A5,320700,85389,21.8,-0.4,2000MM06,78.2
85390,A5,320700,85390,20.1,1.5,2000MM07,79.4
85391,A5,320700,85391,21.2,0.3,2000MM08,79.6
85392,A5,320700,85392,20.6,0.6,2000MM09,80.2
85393,A5,320700,85393,16.2,0.1,2000MM10,80.2
85394,A5,320700,85394,13.1,0.0,2000MM11,80.2
85395,A5,320700,85395,11.2,-0.8,2000MM12,79.6
85397,A5,320700,85397,6.8,-1.1,2001MM01,78.7
85398,A5,320700,85398,5.8,0.0,2001MM02,78.7
85399,A5,320700,85399,5.2,0.0,2001MM03,78.8
85400,A5,320700,85400,0.7,-0.5,2001MM04,78.4
85401,A5,320700,85401,0.1,0.3,2001MM05,78.6
85402,A5,320700,85402,0.0,-0.6,2001MM06,78.2
85403,A5,320700,85403,-4.8,-3.3,2001MM07,75.6
85404,A5,320700,85404,-6.2,-1.2,2001MM08,74.7
85405,A5,320700,85405,-7.1,-0.3,2001MM09,74.5
85406,A5,320700,85406,-9.1,-2.1,2001MM10,72.9
85407,A5,320700,85407,-9.9,-0.8,2001MM11,72.3
85408,A5,320700,85408,-10.4,-1.5,2001MM12,71.3
85410,A5,320700,85410,-11.4,-2.1,2002MM01,69.8
85411,A5,320700,85411,-12.0,-0.7,2002MM02,69.3
85412,A5,320700,85412,-11.2,0.9,2002MM03,69.9
85413,A5,320700,85413,-7.9,3.3,2002MM04,72.2
85414,A5,320700,85414,-6.8,1.5,2002MM05,73.3
85415,A5,320700,85415,-6.3,-0.1,2002MM06,73.2
85416,A5,320700,85416,-1.8,1.4,2002MM07,74.2
85417,A5,320700,85417,0.2,0.8,2002MM08,74.8
85418,A5,320700,85418,0.1,-0.4,2002MM09,74.6
85419,A5,320700,85419,1.0,-1.2,2002MM10,73.7
85420,A5,320700,85420,0.7,-1.1,2002MM11,72.8
85421,A5,320700,85421,2.2,0.0,2002MM12,72.9
85423,A5,320700,85423,6.5,1.9,2003MM01,74.3
85424,A5,320700,85424,8.9,1.7,2003MM02,75.5
85425,A5,320700,85425,9.4,1.4,2003MM03,76.5
85426,A5,320700,85426,4.7,-1.2,2003MM04,75.6
85427,A5,320700,85427,1.7,-1.5,2003MM05,74.5
85428,A5,320700,85428,0.1,-1.6,2003MM06,73.3
85429,A5,320700,85429,-2.4,-1.2,2003MM07,72.5
85430,A5,320700,85430,-3.2,0.0,2003MM08,72.5
85431,A5,320700,85431,-2.4,0.4,2003MM09,72.8
85432,A5,320700,85432,-0.5,0.7,2003MM10,73.3
85433,A5,320700,85433,0.7,0.1,2003MM11,73.3
85434,A5,320700,85434,0.0,-0.6,2003MM12,72.9
85436,A5,320700,85436,-0.8,1.1,2004MM01,73.7
85437,A5,320700,85437,-2.6,-0.2,2004MM02,73.5
85438,A5,320700,85438,-3.1,0.9,2004MM03,74.1
85439,A5,320700,85439,0.7,2.8,2004MM04,76.2
85440,A5,320700,85440,2.8,0.5,2004MM05,76.6
85441,A5,320700,85441,4.8,0.4,2004MM06,76.9
85442,A5,320700,85442,9.7,3.4,2004MM07,79.5
85443,A5,320700,85443,11.2,1.4,2004MM08,80.6
85444,A5,320700,85444,12.2,1.3,2004MM09,81.6
85445,A5,320700,85445,15.4,3.6,2004MM10,84.6
85446,A5,320700,85446,16.1,0.7,2004MM11,85.1
85447,A5,320700,85447,16.0,-0.7,2004MM12,84.6
85449,A5,320700,85449,15.2076923077,0.1,2005MM01,85.6
85450,A5,320700,85450,14.4153846154,0.9,2005MM02,86.4
85451,A5,320700,85451,13.6230769231,1.5,2005MM03,87.7
85452,A5,320700,85452,12.8307692308,-0.2,2005MM04,87.5
85453,A5,320700,85453,12.0384615385,-1.2,2005MM05,86.4
85454,A5,320700,85454,11.2461538462,-0.3,2005MM06,86.2
85455,A5,320700,85455,10.4538461538,0.0,2005MM07,86.2
85456,A5,320700,85456,9.66153846154,0.5,2005MM08,86.6
85457,A5,320700,85457,8.86923076923,0.9,2005MM09,87.4
85458,A5,320700,85458,8.07692307692,3.3,2005MM10,90.2
85459,A5,320700,85459,7.28461538462,0.1,2005MM11,90.3
85460,A5,320700,85460,6.49230769231,-1.4,2005MM12,89.0
85462,A5,320700,85462,5.7,1.7,2006MM01,90.5
85463,A5,320700,85463,6.2,1.3,2006MM02,91.7
85464,A5,320700,85464,4.9,0.2,2006MM03,91.9
85465,A5,320700,85465,6.0,0.8,2006MM04,92.7
85466,A5,320700,85466,7.8,0.5,2006MM05,93.2
85467,A5,320700,85467,8.2,0.1,2006MM06,93.3
85468,A5,320700,85468,10.7,2.3,2006MM07,95.4
85469,A5,320700,85469,11.0,0.7,2006MM08,96.1
85470,A5,320700,85470,9.9,-0.1,2006MM09,96.0
85471,A5,320700,85471,6.4,0.0,2006MM10,96.0
85472,A5,320700,85472,5.7,-0.6,2006MM11,95.4
85473,A5,320700,85473,6.6,-0.5,2006MM12,94.9
85475,A5,320700,85475,5.1,0.2,2007MM01,95.1
85476,A5,320700,85476,3.9,0.2,2007MM02,95.3
85477,A5,320700,85477,3.7,0.1,2007MM03,95.4
85478,A5,320700,85478,4.2,1.3,2007MM04,96.6
85479,A5,320700,85479,4.6,0.9,2007MM05,97.4
85480,A5,320700,85480,4.9,0.4,2007MM06,97.9
85481,A5,320700,85481,2.6,0.1,2007MM07,98.0
85482,A5,320700,85482,2.3,0.4,2007MM08,98.4
85483,A5,320700,85483,1.9,-0.5,2007MM09,97.9
85484,A5,320700,85484,2.9,1.0,2007MM10,98.8
85485,A5,320700,85485,4.3,0.7,2007MM11,99.5
85486,A5,320700,85486,5.4,0.5,2007MM12,100.0
85488,A5,320700,85488,6.8,1.6,2008MM01,101.6
85489,A5,320700,85489,8.0,1.3,2008MM02,103.0
85490,A5,320700,85490,8.0,0.0,2008MM03,103.0
85491,A5,320700,85491,7.5,0.8,2008MM04,103.8
85492,A5,320700,85492,8.5,1.9,2008MM05,105.8
85493,A5,320700,85493,10.0,1.8,2008MM06,107.6
85494,A5,320700,85494,14.0,3.8,2008MM07,111.7
85495,A5,320700,85495,14.9,1.2,2008MM08,113.0
85496,A5,320700,85496,16.5,0.9,2008MM09,114.0
85497,A5,320700,85497,10.6,-4.1,2008MM10,109.3
85498,A5,320700,85498,3.3,-5.9,2008MM11,102.9
85499,A5,320700,85499,-5.4,-8.0,2008MM12,94.6
85501,A5,320700,85501,-17.1,-11.0,2009MM01,84.2
85502,A5,320700,85502,-19.5,-1.6,2009MM02,82.9
85503,A5,320700,85503,-18.7,1.1,2009MM03,83.8
85504,A5,320700,85504,-21.0,-2.1,2009MM04,82.0
85505,A5,320700,85505,-23.0,-0.7,2009MM05,81.4
85506,A5,320700,85506,-23.2,1.5,2009MM06,82.6
85507,A5,320700,85507,-24.0,2.7,2009MM07,84.9
85508,A5,320700,85508,-23.4,2.0,2009MM08,86.6
85509,A5,320700,85509,-23.7,0.5,2009MM09,87.0
85510,A5,320700,85510,-20.6,-0.2,2009MM10,86.8
85511,A5,320700,85511,-15.6,0.0,2009MM11,86.8
85512,A5,320700,85512,-8.4,-0.2,2009MM12,86.7
85514,A5,320700,85514,8.2,5.0,2010MM01,91.1
85515,A5,320700,85515,12.3,2.2,2010MM02,93.1
85516,A5,320700,85516,13.8,2.5,2010MM03,95.4
85517,A5,320700,85517,22.2,5.0,2010MM04,100.2
85518,A5,320700,85518,24.3,1.1,2010MM05,101.2
85519,A5,320700,85519,23.1,0.5,2010MM06,101.7
85520,A5,320700,85520,19.3,-0.4,2010MM07,101.3
85521,A5,320700,85521,17.2,0.2,2010MM08,101.5
85522,A5,320700,85522,17.5,0.7,2010MM09,102.2
85523,A5,320700,85523,18.1,0.3,2010MM10,102.5
85524,A5,320700,85524,20.0,1.7,2010MM11,104.2
85525,A5,320700,85525,21.8,1.3,2010MM12,105.6
85527,A5,320700,85527,21.4,4.6,2011MM01,110.6
85528,A5,320700,85528,22.0,2.7,2011MM02,113.6
85529,A5,320700,85529,22.0,2.4,2011MM03,116.4
85530,A5,320700,85530,17.2,0.9,2011MM04,117.4
85531,A5,320700,85531,16.5,0.4,2011MM05,117.9
85532,A5,320700,85532,15.4,-0.4,2011MM06,117.4
85533,A5,320700,85533,15.6,-0.3,2011MM07,117.1
85534,A5,320700,85534,15.1,-0.2,2011MM08,116.8
85535,A5,320700,85535,14.2,0.0,2011MM09,116.8
85536,A5,320700,85536,12.8,-0.9,2011MM10,115.7
85537,A5,320700,85537,10.1,-0.8,2011MM11,114.8
85538,A5,320700,85538,7.7,-0.9,2011MM12,113.8
85540,A5,320700,85540,4.6,1.6,2012MM01,115.6
85541,A5,320700,85541,3.0,1.1,2012MM02,116.9
85542,A5,320700,85542,2.4,1.9,2012MM03,119.2
85543,A5,320700,85543,2.7,1.2,2012MM04,120.6
85544,A5,320700,85544,2.2,0.0,2012MM05,120.6
85545,A5,320700,85545,0.4,-2.3,2012MM06,117.8
85546,A5,320700,85546,-1.6,-2.2,2012MM07,115.2
85547,A5,320700,85547,0.4,1.8,2012MM08,117.3
85548,A5,320700,85548,2.0,1.5,2012MM09,119.1
85549,A5,320700,85549,2.2,-0.7,2012MM10,118.2
85550,A5,320700,85550,2.6,-0.4,2012MM11,117.7
85551,A5,320700,85551,2.8,-0.7,2012MM12,116.9
85553,A5,320700,85553,1.3,0.2,2013MM01,117.2
85554,A5,320700,85554,0.9,0.7,2013MM02,118.0
85555,A5,320700,85555,-1.1,-0.1,2013MM03,117.9
85556,A5,320700,85556,-3.5,-1.3,2013MM04,116.3
85557,A5,320700,85557,-5.1,-1.7,2013MM05,114.4
85558,A5,320700,85558,-3.9,-1.0,2013MM06,113.3
85559,A5,320700,85559,-1.3,0.4,2013MM07,113.7
85560,A5,320700,85560,-2.7,0.3,2013MM08,114.1
85561,A5,320700,85561,-3.8,0.5,2013MM09,114.6
85562,A5,320700,85562,-4.6,-1.7,2013MM10,112.7
85563,A5,320700,85563,-4.6,-0.3,2013MM11,112.3
85564,A5,320700,85564,-3.2,0.7,2013MM12,113.2
85566,A5,320700,85566,-2.6,0.8,2014MM01,114.1
85567,A5,320700,85567,-3.4,-0.2,2014MM02,113.9
85568,A5,320700,85568,-3.8,-0.5,2014MM03,113.4
85569,A5,320700,85569,-2.7,-0.1,2014MM04,113.2
85570,A5,320700,85570,-0.8,0.2,2014MM05,113.5
85571,A5,320700,85571,-0.2,-0.4,2014MM06,113.0
85572,A5,320700,85572,0.3,0.9,2014MM07,114.1
85573,A5,320700,85573,0.2,0.3,2014MM08,114.4
85574,A5,320700,85574,-0.9,-0.6,2014MM09,113.6
85575,A5,320700,85575,1.2,0.4,2014MM10,114.0
85576,A5,320700,85576,-0.9,-2.3,2014MM11,111.4
85577,A5,320700,85577,-5.6,-4.1,2014MM12,106.8
85579,A5,320700,85579,-11.7,-5.6,2015MM01,100.8
85580,A5,320700,85580,-12.2,-0.7,2015MM02,100.0
85581,A5,320700,85581,-8.5,3.6,2015MM03,103.7
85582,A5,320700,85582,-4.5,4.3,2015MM04,108.1
85583,A5,320700,85583,-2.2,2.6,2015MM05,111.0
85584,A5,320700,85584,-1.2,0.6,2015MM06,111.6
85585,A5,320700,85585,-2.3,-0.1,2015MM07,111.5
85586,A5,320700,85586,-6.0,-3.5,2015MM08,107.5
85587,A5,320700,85587,-9.6,-4.5,2015MM09,102.7
85588,A5,320700,85588,-13.0,-3.3,2015MM10,99.3
85589,A5,320700,85589,-11.5,-0.7,2015MM11,98.6
85590,A5,320700,85590,-7.9,-0.2,2015MM12,98.4
85592,A5,320700,85592,-3.9,-1.6,2016MM01,96.8
85593,A5,320700,85593,-6.0,-2.9,2016MM02,94.1
85594,A5,320700,85594,-9.5,-0.3,2016MM03,93.8
85595,A5,320700,85595,-11.7,1.7,2016MM04,95.5
85596,A5,320700,85596,-12.8,1.3,2016MM05,96.7
85597,A5,320700,85597,-13.3,0.1,2016MM06,96.8
85598,A5,320700,85598,-13.4,-0.2,2016MM07,96.6
85599,A5,320700,85599,-10.0,0.2,2016MM08,96.8
85600,A5,320700,85600,-5.8,-0.1,2016MM09,96.7
85601,A5,320700,85601,-1.8,0.8,2016MM10,97.5
85602,A5,320700,85602,-0.5,0.6,2016MM11,98.1
85603,A5,320700,85603,1.5,1.8,2016MM12,99.9
85605,A5,320700,85605,7.0,3.7,2017MM01,103.6
85606,A5,320700,85606,13.6,3.1,2017MM02,106.8
85607,A5,320700,85607,16.1,2.0,2017MM03,108.9
85608,A5,320700,85608,13.3,-0.7,2017MM04,108.2
85609,A5,320700,85609,9.7,-1.9,2017MM05,106.1
85610,A5,320700,85610,7.7,-1.8,2017MM06,104.2
85611,A5,320700,85611,5.3,-2.4,2017MM07,101.7
85612,A5,320700,85612,5.5,0.4,2017MM08,102.1
85613,A5,320700,85613,7.3,1.6,2017MM09,103.8
85614,A5,320700,85614,7.6,1.1,2017MM10,104.9
85615,A5,320700,85615,7.4,0.4,2017MM11,105.3
85616,A5,320700,85616,7.4,1.8,2017MM12,107.3
