,Afzet,BedrijfstakkenBranchesSBI2008,ID,OntwikkelingTOV1JaarEerder_2,OntwikkelingTOV1MaandEerder_3,Perioden,ProducentenprijsindexPPI_1
20683,A6,320700,20683,,,1981MM01,63.5
20684,A6,320700,20684,,1.3,1981MM02,64.3
20685,A6,320700,20685,,3.0,1981MM03,66.3
20686,A6,320700,20686,,1.7,1981MM04,67.4
20687,A6,320700,20687,,0.9,1981MM05,68.0
20688,A6,320700,20688,,1.6,1981MM06,69.1
20689,A6,320700,20689,,0.8,1981MM07,69.6
20690,A6,320700,20690,,1.2,1981MM08,70.5
20691,A6,320700,20691,,0.7,1981MM09,71.0
20692,A6,320700,20692,,-1.2,1981MM10,70.2
20693,A6,320700,20693,,0.0,1981MM11,70.1
20694,A6,320700,20694,,-1.8,1981MM12,68.9
20696,A6,320700,20696,8.6,0.1,1982MM01,69.0
20697,A6,320700,20697,7.6,0.3,1982MM02,69.2
20698,A6,320700,20698,4.1,-0.3,1982MM03,68.9
20699,A6,320700,20699,2.2,-0.1,1982MM04,68.9
20700,A6,320700,20700,1.5,0.1,1982MM05,69.0
20701,A6,320700,20701,-0.5,-0.3,1982MM06,68.8
20702,A6,320700,20702,-1.1,0.2,1982MM07,68.9
20703,A6,320700,20703,-2.2,0.1,1982MM08,68.9
20704,A6,320700,20704,-2.6,0.3,1982MM09,69.1
20705,A6,320700,20705,-1.7,-0.2,1982MM10,69.0
20706,A6,320700,20706,-2.9,-1.3,1982MM11,68.1
20707,A6,320700,20707,-1.7,-0.5,1982MM12,67.7
20709,A6,320700,20709,-2.2,-0.4,1983MM01,67.5
20710,A6,320700,20710,-2.6,-0.1,1983MM02,67.4
20711,A6,320700,20711,-2.9,-0.6,1983MM03,67.0
20712,A6,320700,20712,-2.0,0.8,1983MM04,67.5
20713,A6,320700,20713,-2.2,-0.1,1983MM05,67.4
20714,A6,320700,20714,-1.2,0.7,1983MM06,67.9
20715,A6,320700,20715,-1.0,0.4,1983MM07,68.2
20716,A6,320700,20716,-0.7,0.4,1983MM08,68.5
20717,A6,320700,20717,1.6,2.5,1983MM09,70.2
20718,A6,320700,20718,1.9,0.2,1983MM10,70.3
20719,A6,320700,20719,4.2,1.0,1983MM11,71.0
20720,A6,320700,20720,5.7,0.8,1983MM12,71.5
20722,A6,320700,20722,7.5,1.4,1984MM01,72.5
20723,A6,320700,20723,7.2,-0.4,1984MM02,72.3
20724,A6,320700,20724,8.6,0.6,1984MM03,72.7
20725,A6,320700,20725,7.9,0.2,1984MM04,72.9
20726,A6,320700,20726,8.7,0.6,1984MM05,73.3
20727,A6,320700,20727,7.7,-0.2,1984MM06,73.2
20728,A6,320700,20728,7.7,0.4,1984MM07,73.5
20729,A6,320700,20729,7.3,0.1,1984MM08,73.5
20730,A6,320700,20730,5.1,0.4,1984MM09,73.8
20731,A6,320700,20731,5.6,0.7,1984MM10,74.2
20732,A6,320700,20732,4.6,0.0,1984MM11,74.2
20733,A6,320700,20733,3.6,-0.2,1984MM12,74.1
20735,A6,320700,20735,2.8,0.6,1985MM01,74.5
20736,A6,320700,20736,4.0,0.8,1985MM02,75.1
20737,A6,320700,20737,4.0,0.7,1985MM03,75.6
20738,A6,320700,20738,4.8,0.9,1985MM04,76.3
20739,A6,320700,20739,4.6,0.5,1985MM05,76.7
20740,A6,320700,20740,5.4,0.6,1985MM06,77.1
20741,A6,320700,20741,5.0,-0.1,1985MM07,77.1
20742,A6,320700,20742,4.5,-0.3,1985MM08,76.8
20743,A6,320700,20743,2.8,-1.3,1985MM09,75.8
20744,A6,320700,20744,0.7,-1.4,1985MM10,74.8
20745,A6,320700,20745,0.0,-0.7,1985MM11,74.2
20746,A6,320700,20746,-1.4,-1.6,1985MM12,73.0
20748,A6,320700,20748,-4.2,-2.2,1986MM01,71.4
20749,A6,320700,20749,-6.1,-1.2,1986MM02,70.6
20750,A6,320700,20750,-9.7,-3.2,1986MM03,68.3
20751,A6,320700,20751,-13.0,-2.7,1986MM04,66.5
20752,A6,320700,20752,-14.4,-1.2,1986MM05,65.7
20753,A6,320700,20753,-16.3,-1.7,1986MM06,64.6
20754,A6,320700,20754,-17.6,-1.6,1986MM07,63.5
20755,A6,320700,20755,-17.7,-0.5,1986MM08,63.2
20756,A6,320700,20756,-17.6,-1.1,1986MM09,62.5
20757,A6,320700,20757,-16.9,-0.6,1986MM10,62.1
20758,A6,320700,20758,-16.4,-0.1,1986MM11,62.1
20759,A6,320700,20759,-15.4,-0.5,1986MM12,61.8
20761,A6,320700,20761,-13.2,0.3,1987MM01,61.9
20762,A6,320700,20762,-12.5,-0.3,1987MM02,61.8
20763,A6,320700,20763,-7.7,2.1,1987MM03,63.1
20764,A6,320700,20764,-4.5,0.7,1987MM04,63.5
20765,A6,320700,20765,-2.5,0.9,1987MM05,64.0
20766,A6,320700,20766,1.4,2.2,1987MM06,65.5
20767,A6,320700,20767,3.8,0.6,1987MM07,65.9
20768,A6,320700,20768,4.2,-0.1,1987MM08,65.8
20769,A6,320700,20769,5.5,0.1,1987MM09,65.9
20770,A6,320700,20770,4.8,-1.2,1987MM10,65.1
20771,A6,320700,20771,4.4,-0.5,1987MM11,64.8
20772,A6,320700,20772,4.2,-0.6,1987MM12,64.4
20774,A6,320700,20774,3.0,-0.9,1988MM01,63.8
20775,A6,320700,20775,3.7,0.3,1988MM02,64.0
20776,A6,320700,20776,2.5,1.0,1988MM03,64.6
20777,A6,320700,20777,2.5,0.6,1988MM04,65.1
20778,A6,320700,20778,2.1,0.5,1988MM05,65.4
20779,A6,320700,20779,0.9,1.0,1988MM06,66.0
20780,A6,320700,20780,1.5,1.3,1988MM07,66.9
20781,A6,320700,20781,2.3,0.7,1988MM08,67.4
20782,A6,320700,20782,2.5,0.3,1988MM09,67.6
20783,A6,320700,20783,4.8,1.0,1988MM10,68.2
20784,A6,320700,20784,5.9,0.5,1988MM11,68.6
20785,A6,320700,20785,7.4,0.8,1988MM12,69.1
20787,A6,320700,20787,11.8,3.2,1989MM01,71.4
20788,A6,320700,20788,12.3,0.8,1989MM02,71.9
20789,A6,320700,20789,11.4,0.2,1989MM03,72.0
20790,A6,320700,20790,11.9,1.1,1989MM04,72.8
20791,A6,320700,20791,11.2,-0.1,1989MM05,72.8
20792,A6,320700,20792,9.2,-0.9,1989MM06,72.1
20793,A6,320700,20793,3.6,-4.0,1989MM07,69.3
20794,A6,320700,20794,1.8,-1.0,1989MM08,68.6
20795,A6,320700,20795,1.4,-0.1,1989MM09,68.5
20796,A6,320700,20796,-1.5,-1.9,1989MM10,67.2
20797,A6,320700,20797,-3.5,-1.4,1989MM11,66.2
20798,A6,320700,20798,-5.5,-1.3,1989MM12,65.4
20800,A6,320700,20800,-8.6,-0.2,1990MM01,65.2
20801,A6,320700,20801,-10.4,-1.2,1990MM02,64.4
20802,A6,320700,20802,-10.9,-0.4,1990MM03,64.2
20803,A6,320700,20803,-12.2,-0.4,1990MM04,63.9
20804,A6,320700,20804,-12.7,-0.7,1990MM05,63.5
20805,A6,320700,20805,-11.5,0.5,1990MM06,63.8
20806,A6,320700,20806,-8.3,-0.4,1990MM07,63.5
20807,A6,320700,20807,-7.6,-0.2,1990MM08,63.4
20808,A6,320700,20808,-5.9,1.7,1990MM09,64.5
20809,A6,320700,20809,0.0,4.3,1990MM10,67.2
20810,A6,320700,20810,2.5,1.0,1990MM11,67.9
20811,A6,320700,20811,3.3,-0.5,1990MM12,67.5
20813,A6,320700,20813,3.7,0.1,1991MM01,67.6
20814,A6,320700,20814,4.0,-0.9,1991MM02,67.0
20815,A6,320700,20815,3.5,-0.8,1991MM03,66.5
20816,A6,320700,20816,1.1,-2.7,1991MM04,64.6
20817,A6,320700,20817,0.9,-0.9,1991MM05,64.1
20818,A6,320700,20818,0.4,0.0,1991MM06,64.1
20819,A6,320700,20819,-0.9,-1.7,1991MM07,63.0
20820,A6,320700,20820,-1.2,-0.5,1991MM08,62.7
20821,A6,320700,20821,-2.6,0.2,1991MM09,62.8
20822,A6,320700,20822,-7.3,-0.8,1991MM10,62.3
20823,A6,320700,20823,-9.3,-1.1,1991MM11,61.6
20824,A6,320700,20824,-9.3,-0.5,1991MM12,61.3
20826,A6,320700,20826,-10.0,-0.6,1992MM01,60.9
20827,A6,320700,20827,-9.6,-0.5,1992MM02,60.6
20828,A6,320700,20828,-9.1,-0.3,1992MM03,60.4
20829,A6,320700,20829,-6.8,-0.2,1992MM04,60.2
20830,A6,320700,20830,-6.2,-0.3,1992MM05,60.1
20831,A6,320700,20831,-6.4,-0.2,1992MM06,60.0
20832,A6,320700,20832,-5.5,-0.8,1992MM07,59.5
20833,A6,320700,20833,-5.6,-0.5,1992MM08,59.2
20834,A6,320700,20834,-6.6,-0.9,1992MM09,58.6
20835,A6,320700,20835,-7.8,-2.0,1992MM10,57.5
20836,A6,320700,20836,-6.7,0.0,1992MM11,57.5
20837,A6,320700,20837,-7.0,-0.8,1992MM12,57.0
20839,A6,320700,20839,-5.9,0.5,1993MM01,57.3
20840,A6,320700,20840,-5.1,0.3,1993MM02,57.4
20841,A6,320700,20841,-5.0,-0.1,1993MM03,57.4
20842,A6,320700,20842,-5.0,-0.3,1993MM04,57.2
20843,A6,320700,20843,-5.0,-0.2,1993MM05,57.1
20844,A6,320700,20844,-5.3,-0.6,1993MM06,56.8
20845,A6,320700,20845,-4.6,0.0,1993MM07,56.7
20846,A6,320700,20846,-4.4,-0.3,1993MM08,56.5
20847,A6,320700,20847,-4.4,-0.8,1993MM09,56.1
20848,A6,320700,20848,-2.3,0.1,1993MM10,56.1
20849,A6,320700,20849,-2.3,0.1,1993MM11,56.2
20850,A6,320700,20850,-1.8,-0.3,1993MM12,56.0
20852,A6,320700,20852,-1.7,0.6,1994MM01,56.3
20853,A6,320700,20853,-1.6,0.4,1994MM02,56.5
20854,A6,320700,20854,-1.6,-0.1,1994MM03,56.5
20855,A6,320700,20855,0.0,1.3,1994MM04,57.2
20856,A6,320700,20856,0.5,0.3,1994MM05,57.4
20857,A6,320700,20857,1.2,0.2,1994MM06,57.5
20858,A6,320700,20858,3.3,2.0,1994MM07,58.6
20859,A6,320700,20859,4.6,0.9,1994MM08,59.2
20860,A6,320700,20860,6.3,0.8,1994MM09,59.6
20861,A6,320700,20861,10.8,4.3,1994MM10,62.2
20862,A6,320700,20862,12.7,1.7,1994MM11,63.3
20863,A6,320700,20863,14.2,1.0,1994MM12,63.9
20865,A6,320700,20865,17.2,3.3,1995MM01,66.0
20866,A6,320700,20866,17.5,0.6,1995MM02,66.4
20867,A6,320700,20867,17.1,-0.4,1995MM03,66.1
20868,A6,320700,20868,13.5,-1.8,1995MM04,64.9
20869,A6,320700,20869,12.4,-0.7,1995MM05,64.5
20870,A6,320700,20870,11.8,-0.4,1995MM06,64.2
20871,A6,320700,20871,7.4,-2.0,1995MM07,63.0
20872,A6,320700,20872,6.5,0.1,1995MM08,63.0
20873,A6,320700,20873,5.4,-0.3,1995MM09,62.9
20874,A6,320700,20874,-0.8,-1.8,1995MM10,61.7
20875,A6,320700,20875,-3.8,-1.4,1995MM11,60.9
20876,A6,320700,20876,-4.9,-0.2,1995MM12,60.8
20878,A6,320700,20878,-7.6,0.3,1996MM01,61.0
20879,A6,320700,20879,-7.6,0.6,1996MM02,61.4
20880,A6,320700,20880,-5.8,1.5,1996MM03,62.3
20881,A6,320700,20881,-2.9,1.3,1996MM04,63.1
20882,A6,320700,20882,-1.6,0.6,1996MM05,63.4
20883,A6,320700,20883,-2.0,-0.8,1996MM06,62.9
20884,A6,320700,20884,-0.4,-0.3,1996MM07,62.7
20885,A6,320700,20885,-0.8,-0.3,1996MM08,62.5
20886,A6,320700,20886,0.6,1.1,1996MM09,63.2
20887,A6,320700,20887,3.4,0.9,1996MM10,63.8
20888,A6,320700,20888,4.4,-0.4,1996MM11,63.5
20889,A6,320700,20889,4.8,0.2,1996MM12,63.7
20891,A6,320700,20891,6.4,1.9,1997MM01,64.9
20892,A6,320700,20892,6.0,0.2,1997MM02,65.0
20893,A6,320700,20893,4.3,-0.1,1997MM03,65.0
20894,A6,320700,20894,4.3,1.2,1997MM04,65.8
20895,A6,320700,20895,3.8,0.1,1997MM05,65.8
20896,A6,320700,20896,4.2,-0.4,1997MM06,65.6
20897,A6,320700,20897,5.5,1.0,1997MM07,66.2
20898,A6,320700,20898,6.5,0.6,1997MM08,66.6
20899,A6,320700,20899,4.7,-0.6,1997MM09,66.2
20900,A6,320700,20900,4.1,0.3,1997MM10,66.4
20901,A6,320700,20901,4.1,-0.4,1997MM11,66.1
20902,A6,320700,20902,3.4,-0.5,1997MM12,65.8
20904,A6,320700,20904,0.7,-0.7,1998MM01,65.4
20905,A6,320700,20905,-0.2,-0.7,1998MM02,64.9
20906,A6,320700,20906,-0.8,-0.7,1998MM03,64.5
20907,A6,320700,20907,-4.1,-2.1,1998MM04,63.1
20908,A6,320700,20908,-4.9,-0.7,1998MM05,62.6
20909,A6,320700,20909,-5.3,-0.9,1998MM06,62.1
20910,A6,320700,20910,-7.3,-1.1,1998MM07,61.4
20911,A6,320700,20911,-8.7,-1.0,1998MM08,60.8
20912,A6,320700,20912,-8.7,-0.6,1998MM09,60.4
20913,A6,320700,20913,-11.3,-2.5,1998MM10,58.9
20914,A6,320700,20914,-10.6,0.3,1998MM11,59.1
20915,A6,320700,20915,-11.6,-1.5,1998MM12,58.2
20917,A6,320700,20917,-12.5,-1.8,1999MM01,57.2
20918,A6,320700,20918,-12.7,-0.8,1999MM02,56.7
20919,A6,320700,20919,-11.5,0.6,1999MM03,57.1
20920,A6,320700,20920,-8.1,1.7,1999MM04,58.0
20921,A6,320700,20921,-6.6,0.8,1999MM05,58.5
20922,A6,320700,20922,-4.7,1.1,1999MM06,59.1
20923,A6,320700,20923,0.1,3.9,1999MM07,61.5
20924,A6,320700,20924,1.6,0.6,1999MM08,61.8
20925,A6,320700,20925,4.1,1.8,1999MM09,62.9
20926,A6,320700,20926,10.6,3.6,1999MM10,65.2
20927,A6,320700,20927,13.8,3.1,1999MM11,67.2
20928,A6,320700,20928,17.5,1.7,1999MM12,68.3
20930,A6,320700,20930,23.1,3.0,2000MM01,70.4
20931,A6,320700,20931,25.2,0.8,2000MM02,71.0
20932,A6,320700,20932,24.5,0.1,2000MM03,71.1
20933,A6,320700,20933,28.2,4.7,2000MM04,74.4
20934,A6,320700,20934,28.4,1.0,2000MM05,75.1
20935,A6,320700,20935,26.6,-0.3,2000MM06,74.9
20936,A6,320700,20936,24.5,2.1,2000MM07,76.5
20937,A6,320700,20937,24.4,0.5,2000MM08,76.9
20938,A6,320700,20938,23.1,0.8,2000MM09,77.5
20939,A6,320700,20939,19.9,0.9,2000MM10,78.2
20940,A6,320700,20940,16.4,0.1,2000MM11,78.3
20941,A6,320700,20941,13.0,-1.4,2000MM12,77.2
20943,A6,320700,20943,8.0,-1.6,2001MM01,76.0
20944,A6,320700,20944,7.1,0.0,2001MM02,76.0
20945,A6,320700,20945,7.0,0.1,2001MM03,76.0
20946,A6,320700,20946,1.3,-0.9,2001MM04,75.4
20947,A6,320700,20947,0.9,0.6,2001MM05,75.8
20948,A6,320700,20948,0.4,-0.8,2001MM06,75.2
20949,A6,320700,20949,-4.9,-3.3,2001MM07,72.7
20950,A6,320700,20950,-6.7,-1.3,2001MM08,71.8
20951,A6,320700,20951,-7.5,-0.2,2001MM09,71.7
20952,A6,320700,20952,-10.5,-2.3,2001MM10,70.0
20953,A6,320700,20953,-12.1,-1.7,2001MM11,68.8
20954,A6,320700,20954,-11.5,-0.7,2001MM12,68.3
20956,A6,320700,20956,-12.6,-2.8,2002MM01,66.4
20957,A6,320700,20957,-13.0,-0.5,2002MM02,66.1
20958,A6,320700,20958,-12.2,0.9,2002MM03,66.7
20959,A6,320700,20959,-7.5,4.4,2002MM04,69.7
20960,A6,320700,20960,-7.0,1.2,2002MM05,70.5
20961,A6,320700,20961,-6.3,0.0,2002MM06,70.5
20962,A6,320700,20962,-1.7,1.4,2002MM07,71.5
20963,A6,320700,20963,0.3,0.7,2002MM08,72.0
20964,A6,320700,20964,0.2,-0.3,2002MM09,71.8
20965,A6,320700,20965,1.3,-1.3,2002MM10,70.9
20966,A6,320700,20966,1.9,-1.2,2002MM11,70.1
20967,A6,320700,20967,2.4,-0.1,2002MM12,70.0
20969,A6,320700,20969,8.0,2.4,2003MM01,71.7
20970,A6,320700,20970,11.2,2.5,2003MM02,73.5
20971,A6,320700,20971,11.5,1.2,2003MM03,74.4
20972,A6,320700,20972,5.9,-0.9,2003MM04,73.8
20973,A6,320700,20973,2.5,-2.1,2003MM05,72.3
20974,A6,320700,20974,1.0,-1.5,2003MM06,71.2
20975,A6,320700,20975,-2.7,-2.2,2003MM07,69.6
20976,A6,320700,20976,-3.6,-0.2,2003MM08,69.5
20977,A6,320700,20977,-2.5,0.8,2003MM09,70.0
20978,A6,320700,20978,-0.2,1.0,2003MM10,70.7
20979,A6,320700,20979,1.0,0.1,2003MM11,70.8
20980,A6,320700,20980,0.6,-0.5,2003MM12,70.4
20982,A6,320700,20982,0.3,2.2,2004MM01,71.9
20983,A6,320700,20983,-2.0,0.2,2004MM02,72.1
20984,A6,320700,20984,-2.2,1.0,2004MM03,72.8
20985,A6,320700,20985,1.6,3.0,2004MM04,74.9
20986,A6,320700,20986,4.3,0.5,2004MM05,75.3
20987,A6,320700,20987,6.3,0.4,2004MM06,75.6
20988,A6,320700,20988,12.9,3.9,2004MM07,78.6
20989,A6,320700,20989,14.6,1.3,2004MM08,79.6
20990,A6,320700,20990,15.2,1.3,2004MM09,80.7
20991,A6,320700,20991,17.9,3.4,2004MM10,83.4
20992,A6,320700,20992,18.0,0.2,2004MM11,83.5
20993,A6,320700,20993,17.2,-1.2,2004MM12,82.5
20995,A6,320700,20995,16.5769230769,-0.15,2005MM01,83.1
20996,A6,320700,20996,15.9538461538,0.9,2005MM02,83.8
20997,A6,320700,20997,15.3307692308,2.4,2005MM03,85.9
20998,A6,320700,20998,14.7076923077,0.1,2005MM04,85.9
20999,A6,320700,20999,14.0846153846,-1.6,2005MM05,84.6
21000,A6,320700,21000,13.4615384615,0.3,2005MM06,84.8
21001,A6,320700,21001,12.8384615385,0.5,2005MM07,85.3
21002,A6,320700,21002,12.2153846154,1.2,2005MM08,86.3
21003,A6,320700,21003,11.5923076923,1.5,2005MM09,87.7
21004,A6,320700,21004,10.9692307692,3.3,2005MM10,90.6
21005,A6,320700,21005,10.3461538462,-1.1,2005MM11,89.6
21006,A6,320700,21006,9.72307692308,-1.3,2005MM12,88.4
21008,A6,320700,21008,9.1,2.5,2006MM01,90.6
21009,A6,320700,21009,9.0,0.8,2006MM02,91.4
21010,A6,320700,21010,6.9,0.5,2006MM03,91.8
21011,A6,320700,21011,8.7,1.8,2006MM04,93.4
21012,A6,320700,21012,10.9,0.4,2006MM05,93.8
21013,A6,320700,21013,11.2,0.5,2006MM06,94.3
21014,A6,320700,21014,13.3,2.5,2006MM07,96.6
21015,A6,320700,21015,12.4,0.4,2006MM08,97.1
21016,A6,320700,21016,9.1,-1.5,2006MM09,95.6
21017,A6,320700,21017,5.6,0.0,2006MM10,95.7
21018,A6,320700,21018,6.0,-0.8,2006MM11,94.9
21019,A6,320700,21019,7.1,-0.3,2006MM12,94.7
21021,A6,320700,21021,5.5,1.0,2007MM01,95.6
21022,A6,320700,21022,4.9,0.3,2007MM02,95.9
21023,A6,320700,21023,4.8,0.4,2007MM03,96.2
21024,A6,320700,21024,5.1,2.0,2007MM04,98.2
21025,A6,320700,21025,5.7,1.0,2007MM05,99.1
21026,A6,320700,21026,5.6,0.4,2007MM06,99.6
21027,A6,320700,21027,3.6,0.5,2007MM07,100.1
21028,A6,320700,21028,3.1,-0.1,2007MM08,100.0
21029,A6,320700,21029,4.7,0.1,2007MM09,100.1
21030,A6,320700,21030,5.1,0.4,2007MM10,100.5
21031,A6,320700,21031,7.7,1.7,2007MM11,102.3
21032,A6,320700,21032,8.6,0.6,2007MM12,102.9
21034,A6,320700,21034,8.3,0.7,2008MM01,103.6
21035,A6,320700,21035,9.7,1.5,2008MM02,105.2
21036,A6,320700,21036,9.8,0.5,2008MM03,105.6
21037,A6,320700,21037,8.9,1.2,2008MM04,106.9
21038,A6,320700,21038,10.9,2.8,2008MM05,110.0
21039,A6,320700,21039,12.8,2.1,2008MM06,112.3
21040,A6,320700,21040,15.8,3.2,2008MM07,115.9
21041,A6,320700,21041,15.5,-0.2,2008MM08,115.6
21042,A6,320700,21042,15.7,0.2,2008MM09,115.8
21043,A6,320700,21043,8.5,-5.8,2008MM10,109.1
21044,A6,320700,21044,0.2,-6.1,2008MM11,102.5
21045,A6,320700,21045,-9.5,-9.2,2008MM12,93.1
21047,A6,320700,21047,-18.5,-9.3,2009MM01,84.4
21048,A6,320700,21048,-20.1,-0.4,2009MM02,84.1
21049,A6,320700,21049,-20.4,0.0,2009MM03,84.1
21050,A6,320700,21050,-22.4,-1.3,2009MM04,83.0
21051,A6,320700,21051,-24.1,0.6,2009MM05,83.5
21052,A6,320700,21052,-24.6,1.4,2009MM06,84.7
21053,A6,320700,21053,-25.7,1.6,2009MM07,86.1
21054,A6,320700,21054,-23.9,2.2,2009MM08,88.0
21055,A6,320700,21055,-23.8,0.3,2009MM09,88.2
21056,A6,320700,21056,-19.2,0.0,2009MM10,88.2
21057,A6,320700,21057,-13.5,0.6,2009MM11,88.7
21058,A6,320700,21058,-4.5,0.2,2009MM12,88.9
21060,A6,320700,21060,8.4,2.9,2010MM01,91.5
21061,A6,320700,21061,11.5,2.5,2010MM02,93.7
21062,A6,320700,21062,14.5,2.7,2010MM03,96.3
21063,A6,320700,21063,21.0,4.3,2010MM04,100.4
21064,A6,320700,21064,21.5,1.0,2010MM05,101.5
21065,A6,320700,21065,19.9,0.1,2010MM06,101.5
21066,A6,320700,21066,16.5,-1.2,2010MM07,100.3
21067,A6,320700,21067,13.9,-0.1,2010MM08,100.2
21068,A6,320700,21068,15.0,1.2,2010MM09,101.4
21069,A6,320700,21069,16.0,0.8,2010MM10,102.3
21070,A6,320700,21070,17.5,1.9,2010MM11,104.2
21071,A6,320700,21071,20.0,2.3,2010MM12,106.6
21073,A6,320700,21073,21.8,4.5,2011MM01,111.4
21074,A6,320700,21074,22.2,2.8,2011MM02,114.6
21075,A6,320700,21075,22.8,3.2,2011MM03,118.2
21076,A6,320700,21076,19.1,1.2,2011MM04,119.6
21077,A6,320700,21077,17.5,-0.4,2011MM05,119.2
21078,A6,320700,21078,17.3,-0.1,2011MM06,119.0
21079,A6,320700,21079,18.5,-0.1,2011MM07,118.9
21080,A6,320700,21080,18.2,-0.3,2011MM08,118.5
21081,A6,320700,21081,17.1,0.2,2011MM09,118.8
21082,A6,320700,21082,13.8,-2.0,2011MM10,116.4
21083,A6,320700,21083,11.5,-0.1,2011MM11,116.2
21084,A6,320700,21084,8.6,-0.3,2011MM12,115.8
21086,A6,320700,21086,6.2,2.2,2012MM01,118.4
21087,A6,320700,21087,5.1,1.8,2012MM02,120.5
21088,A6,320700,21088,3.8,1.8,2012MM03,122.7
21089,A6,320700,21089,3.1,0.5,2012MM04,123.3
21090,A6,320700,21090,2.7,-0.7,2012MM05,122.4
21091,A6,320700,21091,-0.3,-3.1,2012MM06,118.6
21092,A6,320700,21092,-1.2,-1.0,2012MM07,117.4
21093,A6,320700,21093,1.7,2.6,2012MM08,120.5
21094,A6,320700,21094,3.2,1.7,2012MM09,122.5
21095,A6,320700,21095,4.7,-0.6,2012MM10,121.8
21096,A6,320700,21096,3.5,-1.3,2012MM11,120.3
21097,A6,320700,21097,3.5,-0.4,2012MM12,119.9
21099,A6,320700,21099,1.5,0.2,2013MM01,120.1
21100,A6,320700,21100,0.9,1.1,2013MM02,121.5
21101,A6,320700,21101,-1.7,-0.7,2013MM03,120.6
21102,A6,320700,21102,-4.1,-2.0,2013MM04,118.3
21103,A6,320700,21103,-4.8,-1.5,2013MM05,116.5
21104,A6,320700,21104,-3.0,-1.2,2013MM06,115.1
21105,A6,320700,21105,-0.9,1.1,2013MM07,116.3
21106,A6,320700,21106,-3.1,0.4,2013MM08,116.8
21107,A6,320700,21107,-4.5,0.2,2013MM09,117.0
21108,A6,320700,21108,-5.5,-1.6,2013MM10,115.1
21109,A6,320700,21109,-4.6,-0.3,2013MM11,114.8
21110,A6,320700,21110,-3.5,0.8,2013MM12,115.6
21112,A6,320700,21112,-3.4,0.4,2014MM01,116.1
21113,A6,320700,21113,-4.2,0.2,2014MM02,116.4
21114,A6,320700,21114,-4.8,-1.3,2014MM03,114.9
21115,A6,320700,21115,-2.2,0.7,2014MM04,115.7
21116,A6,320700,21116,-0.5,0.2,2014MM05,115.9
21117,A6,320700,21117,1.0,0.3,2014MM06,116.2
21118,A6,320700,21118,0.5,0.6,2014MM07,116.9
21119,A6,320700,21119,-0.2,-0.3,2014MM08,116.5
21120,A6,320700,21120,-1.3,-0.9,2014MM09,115.5
21121,A6,320700,21121,-0.2,-0.5,2014MM10,114.9
21122,A6,320700,21122,-2.9,-3.0,2014MM11,111.4
21123,A6,320700,21123,-9.6,-6.2,2014MM12,104.5
21125,A6,320700,21125,-15.8,-6.5,2015MM01,97.7
21126,A6,320700,21126,-15.9,0.1,2015MM02,97.9
21127,A6,320700,21127,-10.9,4.6,2015MM03,102.4
21128,A6,320700,21128,-7.9,4.0,2015MM04,106.5
21129,A6,320700,21129,-5.8,2.5,2015MM05,109.2
21130,A6,320700,21130,-5.6,0.4,2015MM06,109.7
21131,A6,320700,21131,-6.8,-0.7,2015MM07,108.9
21132,A6,320700,21132,-10.2,-3.9,2015MM08,104.6
21133,A6,320700,21133,-13.8,-4.9,2015MM09,99.5
21134,A6,320700,21134,-16.0,-3.0,2015MM10,96.5
21135,A6,320700,21135,-13.7,-0.4,2015MM11,96.2
21136,A6,320700,21136,-9.1,-1.2,2015MM12,95.0
21138,A6,320700,21138,-5.9,-3.3,2016MM01,91.9
21139,A6,320700,21139,-9.0,-3.1,2016MM02,89.1
21140,A6,320700,21140,-12.4,0.7,2016MM03,89.6
21141,A6,320700,21141,-14.2,1.9,2016MM04,91.4
21142,A6,320700,21142,-14.5,2.1,2016MM05,93.3
21143,A6,320700,21143,-14.1,1.0,2016MM06,94.2
21144,A6,320700,21144,-13.5,0.0,2016MM07,94.3
21145,A6,320700,21145,-11.1,-1.3,2016MM08,93.0
21146,A6,320700,21146,-5.8,0.7,2016MM09,93.7
21147,A6,320700,21147,-1.0,1.9,2016MM10,95.5
21148,A6,320700,21148,-0.4,0.3,2016MM11,95.8
21149,A6,320700,21149,3.7,2.9,2016MM12,98.6
21151,A6,320700,21151,11.6,4.1,2017MM01,102.6
21152,A6,320700,21152,18.7,3.1,2017MM02,105.8
21153,A6,320700,21153,19.2,1.0,2017MM03,106.8
21154,A6,320700,21154,15.3,-1.4,2017MM04,105.3
21155,A6,320700,21155,10.3,-2.3,2017MM05,102.9
21156,A6,320700,21156,6.6,-2.4,2017MM06,100.4
21157,A6,320700,21157,4.2,-2.2,2017MM07,98.2
21158,A6,320700,21158,6.7,1.0,2017MM08,99.3
21159,A6,320700,21159,8.9,2.8,2017MM09,102.1
21160,A6,320700,21160,8.0,1.1,2017MM10,103.2
21161,A6,320700,21161,9.0,1.2,2017MM11,104.5
21162,A6,320700,21162,7.5,1.4,2017MM12,106.0
