,Afzet,BedrijfstakkenBranchesSBI2008,ID,OntwikkelingTOV1JaarEerder_2,OntwikkelingTOV1MaandEerder_3,Perioden,ProducentenprijsindexPPI_1
52910,A4,320700,52910,7.66153846154,0.9,1981MM01,61.1
52911,A4,320700,52911,7.82307692308,0.4,1981MM02,61.3
52912,A4,320700,52912,7.98461538462,1.2,1981MM03,62.1
52913,A4,320700,52913,8.14615384615,2.2,1981MM04,63.4
52914,A4,320700,52914,8.30769230769,0.3,1981MM05,63.6
52915,A4,320700,52915,8.46923076923,1.0,1981MM06,64.2
52916,A4,320700,52916,8.63076923077,2.2,1981MM07,65.7
52917,A4,320700,52917,8.79230769231,1.3,1981MM08,66.5
52918,A4,320700,52918,8.95384615385,1.1,1981MM09,67.3
52919,A4,320700,52919,9.11538461538,-0.5,1981MM10,66.9
52920,A4,320700,52920,9.27692307692,-0.4,1981MM11,66.7
52921,A4,320700,52921,9.43846153846,-0.3,1981MM12,66.5
52923,A4,320700,52923,9.6,0.8,1982MM01,67.0
52924,A4,320700,52924,8.6,-0.5,1982MM02,66.6
52925,A4,320700,52925,7.1,-0.3,1982MM03,66.4
52926,A4,320700,52926,4.8,0.0,1982MM04,66.4
52927,A4,320700,52927,5.2,0.6,1982MM05,66.9
52928,A4,320700,52928,4.4,0.3,1982MM06,67.1
52929,A4,320700,52929,1.9,-0.2,1982MM07,66.9
52930,A4,320700,52930,0.4,-0.2,1982MM08,66.8
52931,A4,320700,52931,0.3,0.9,1982MM09,67.4
52932,A4,320700,52932,0.7,-0.1,1982MM10,67.4
52933,A4,320700,52933,-0.6,-1.7,1982MM11,66.2
52934,A4,320700,52934,-0.3,0.0,1982MM12,66.3
52936,A4,320700,52936,-1.8,-0.8,1983MM01,65.7
52937,A4,320700,52937,-2.0,-0.7,1983MM02,65.3
52938,A4,320700,52938,-2.3,-0.6,1983MM03,64.9
52939,A4,320700,52939,-1.2,1.2,1983MM04,65.7
52940,A4,320700,52940,-2.1,-0.3,1983MM05,65.5
52941,A4,320700,52941,-2.0,0.3,1983MM06,65.7
52942,A4,320700,52942,-1.0,0.8,1983MM07,66.2
52943,A4,320700,52943,-0.7,0.2,1983MM08,66.3
52944,A4,320700,52944,-0.2,1.4,1983MM09,67.3
52945,A4,320700,52945,-0.2,-0.1,1983MM10,67.2
52946,A4,320700,52946,2.6,1.1,1983MM11,68.0
52947,A4,320700,52947,2.6,0.0,1983MM12,68.0
52949,A4,320700,52949,5.4,1.9,1984MM01,69.3
52950,A4,320700,52950,5.3,-0.7,1984MM02,68.8
52951,A4,320700,52951,6.4,0.4,1984MM03,69.0
52952,A4,320700,52952,5.3,0.1,1984MM04,69.1
52953,A4,320700,52953,5.7,0.2,1984MM05,69.2
52954,A4,320700,52954,5.6,0.2,1984MM06,69.4
52955,A4,320700,52955,5.0,0.2,1984MM07,69.6
52956,A4,320700,52956,5.0,0.2,1984MM08,69.7
52957,A4,320700,52957,4.1,0.5,1984MM09,70.0
52958,A4,320700,52958,5.2,1.0,1984MM10,70.8
52959,A4,320700,52959,4.2,0.1,1984MM11,70.8
52960,A4,320700,52960,4.5,0.3,1984MM12,71.0
52962,A4,320700,52962,3.6,1.0,1985MM01,71.8
52963,A4,320700,52963,3.3,-1.0,1985MM02,71.0
52964,A4,320700,52964,3.5,0.5,1985MM03,71.4
52965,A4,320700,52965,4.7,1.3,1985MM04,72.3
52966,A4,320700,52966,5.3,0.8,1985MM05,72.9
52967,A4,320700,52967,6.2,1.1,1985MM06,73.7
52968,A4,320700,52968,6.2,0.2,1985MM07,73.8
52969,A4,320700,52969,5.7,-0.2,1985MM08,73.7
52970,A4,320700,52970,4.9,-0.2,1985MM09,73.5
52971,A4,320700,52971,2.8,-1.1,1985MM10,72.7
52972,A4,320700,52972,1.4,-1.2,1985MM11,71.8
52973,A4,320700,52973,-0.1,-1.2,1985MM12,71.0
52975,A4,320700,52975,-1.6,-0.5,1986MM01,70.6
52976,A4,320700,52976,-10.5,-9.9,1986MM02,63.6
52977,A4,320700,52977,-2.8,9.1,1986MM03,69.4
52978,A4,320700,52978,-5.5,-1.5,1986MM04,68.4
52979,A4,320700,52979,-8.2,-2.1,1986MM05,66.9
52980,A4,320700,52980,-12.5,-3.7,1986MM06,64.4
52981,A4,320700,52981,-13.4,-0.8,1986MM07,63.9
52982,A4,320700,52982,-14.3,-1.3,1986MM08,63.1
52983,A4,320700,52983,-15.5,-1.7,1986MM09,62.1
52984,A4,320700,52984,-15.5,-1.0,1986MM10,61.5
52985,A4,320700,52985,-15.1,-0.8,1986MM11,61.0
52986,A4,320700,52986,-14.5,-0.5,1986MM12,60.7
52988,A4,320700,52988,-14.4,-0.3,1987MM01,60.5
52989,A4,320700,52989,-4.6,0.4,1987MM02,60.7
52990,A4,320700,52990,-8.7,4.3,1987MM03,63.3
52991,A4,320700,52991,-11.4,-4.3,1987MM04,60.6
52992,A4,320700,52992,-9.1,0.4,1987MM05,60.8
52993,A4,320700,52993,-4.2,1.5,1987MM06,61.7
52994,A4,320700,52994,-1.3,2.3,1987MM07,63.1
52995,A4,320700,52995,1.9,1.9,1987MM08,64.3
52996,A4,320700,52996,4.3,0.7,1987MM09,64.8
52997,A4,320700,52997,5.9,0.5,1987MM10,65.1
52998,A4,320700,52998,5.4,-1.2,1987MM11,64.3
52999,A4,320700,52999,5.6,-0.4,1987MM12,64.0
53001,A4,320700,53001,4.2,-1.6,1988MM01,63.0
53002,A4,320700,53002,3.7,-0.1,1988MM02,63.0
53003,A4,320700,53003,-0.6,-0.1,1988MM03,62.9
53004,A4,320700,53004,6.9,3.0,1988MM04,64.8
53005,A4,320700,53005,3.6,-2.7,1988MM05,63.0
53006,A4,320700,53006,2.7,0.6,1988MM06,63.4
53007,A4,320700,53007,1.1,0.7,1988MM07,63.9
53008,A4,320700,53008,0.1,0.8,1988MM08,64.4
53009,A4,320700,53009,-0.1,0.6,1988MM09,64.7
53010,A4,320700,53010,0.4,0.9,1988MM10,65.3
53011,A4,320700,53011,3.0,1.3,1988MM11,66.2
53012,A4,320700,53012,4.4,1.0,1988MM12,66.9
53014,A4,320700,53014,6.8,0.7,1989MM01,67.3
53015,A4,320700,53015,7.5,0.6,1989MM02,67.7
53016,A4,320700,53016,7.9,0.2,1989MM03,67.9
53017,A4,320700,53017,5.0,0.3,1989MM04,68.1
53018,A4,320700,53018,6.9,-1.0,1989MM05,67.4
53019,A4,320700,53019,8.5,2.1,1989MM06,68.8
53020,A4,320700,53020,7.9,0.1,1989MM07,68.9
53021,A4,320700,53021,5.9,-1.0,1989MM08,68.2
53022,A4,320700,53022,3.9,-1.3,1989MM09,67.3
53023,A4,320700,53023,1.2,-1.7,1989MM10,66.1
53024,A4,320700,53024,-2.2,-2.0,1989MM11,64.8
53025,A4,320700,53025,-7.0,-4.0,1989MM12,62.2
53027,A4,320700,53027,-9.7,-2.3,1990MM01,60.8
53028,A4,320700,53028,-13.0,-3.0,1990MM02,59.0
53029,A4,320700,53029,-14.6,-1.7,1990MM03,58.0
53030,A4,320700,53030,-16.2,-1.6,1990MM04,57.0
53031,A4,320700,53031,-16.7,-1.6,1990MM05,56.1
53032,A4,320700,53032,-19.0,-0.7,1990MM06,55.7
53033,A4,320700,53033,-19.7,-0.7,1990MM07,55.3
53034,A4,320700,53034,-19.7,-1.0,1990MM08,54.8
53035,A4,320700,53035,-18.2,0.6,1990MM09,55.1
53036,A4,320700,53036,-15.5,1.5,1990MM10,55.9
53037,A4,320700,53037,-8.8,5.7,1990MM11,59.1
53038,A4,320700,53038,-4.2,0.8,1990MM12,59.5
53040,A4,320700,53040,-2.5,-0.5,1991MM01,59.2
53041,A4,320700,53041,-3.0,-3.5,1991MM02,57.2
53042,A4,320700,53042,3.5,4.9,1991MM03,60.0
53043,A4,320700,53043,4.3,-0.9,1991MM04,59.5
53044,A4,320700,53044,4.9,-1.0,1991MM05,58.9
53045,A4,320700,53045,5.7,0.0,1991MM06,58.9
53046,A4,320700,53046,5.6,-0.8,1991MM07,58.4
53047,A4,320700,53047,6.7,0.0,1991MM08,58.4
53048,A4,320700,53048,4.0,-2.0,1991MM09,57.2
53049,A4,320700,53049,2.0,-0.4,1991MM10,57.0
53050,A4,320700,53050,-2.8,0.7,1991MM11,57.4
53051,A4,320700,53051,-4.5,-0.9,1991MM12,56.9
53053,A4,320700,53053,-4.7,-0.7,1992MM01,56.5
53054,A4,320700,53054,-2.0,-0.8,1992MM02,56.0
53055,A4,320700,53055,-8.9,-2.5,1992MM03,54.6
53056,A4,320700,53056,-6.4,1.9,1992MM04,55.7
53057,A4,320700,53057,-6.2,-0.8,1992MM05,55.2
53058,A4,320700,53058,-6.2,0.1,1992MM06,55.3
53059,A4,320700,53059,-5.3,0.1,1992MM07,55.3
53060,A4,320700,53060,-5.5,-0.2,1992MM08,55.2
53061,A4,320700,53061,-3.5,0.0,1992MM09,55.3
53062,A4,320700,53062,-3.6,-0.5,1992MM10,55.0
53063,A4,320700,53063,-4.6,-0.4,1992MM11,54.8
53064,A4,320700,53064,-4.8,-1.1,1992MM12,54.2
53066,A4,320700,53066,-5.2,-1.1,1993MM01,53.6
53067,A4,320700,53067,-4.5,-0.1,1993MM02,53.5
53068,A4,320700,53068,-2.6,-0.6,1993MM03,53.2
53069,A4,320700,53069,-3.4,1.0,1993MM04,53.7
53070,A4,320700,53070,-2.7,0.0,1993MM05,53.8
53071,A4,320700,53071,-1.8,1.0,1993MM06,54.3
53072,A4,320700,53072,-2.2,-0.3,1993MM07,54.1
53073,A4,320700,53073,-2.1,-0.1,1993MM08,54.1
53074,A4,320700,53074,-2.6,-0.5,1993MM09,53.8
53075,A4,320700,53075,-3.4,-1.2,1993MM10,53.1
53076,A4,320700,53076,-3.1,-0.1,1993MM11,53.1
53077,A4,320700,53077,-3.4,-1.4,1993MM12,52.3
53079,A4,320700,53079,-3.7,-1.5,1994MM01,51.5
53080,A4,320700,53080,-2.9,0.8,1994MM02,52.0
53081,A4,320700,53081,-2.8,-0.5,1994MM03,51.7
53082,A4,320700,53082,-4.2,-0.4,1994MM04,51.5
53083,A4,320700,53083,0.9,5.3,1994MM05,54.2
53084,A4,320700,53084,-3.7,-3.6,1994MM06,52.3
53085,A4,320700,53085,-2.4,1.1,1994MM07,52.8
53086,A4,320700,53086,-1.6,0.7,1994MM08,53.2
53087,A4,320700,53087,1.4,2.5,1994MM09,54.5
53088,A4,320700,53088,4.6,1.9,1994MM10,55.6
53089,A4,320700,53089,6.6,1.8,1994MM11,56.6
53090,A4,320700,53090,12.1,3.7,1994MM12,58.7
53092,A4,320700,53092,17.3,3.0,1995MM01,60.5
53093,A4,320700,53093,18.6,2.0,1995MM02,61.7
53094,A4,320700,53094,20.8,1.3,1995MM03,62.5
53095,A4,320700,53095,16.7,-3.8,1995MM04,60.1
53096,A4,320700,53096,8.2,-2.4,1995MM05,58.7
53097,A4,320700,53097,11.8,-0.4,1995MM06,58.5
53098,A4,320700,53098,9.4,-1.2,1995MM07,57.8
53099,A4,320700,53099,8.8,0.2,1995MM08,57.9
53100,A4,320700,53100,5.6,-0.5,1995MM09,57.6
53101,A4,320700,53101,2.2,-1.4,1995MM10,56.8
53102,A4,320700,53102,-0.2,-0.6,1995MM11,56.5
53103,A4,320700,53103,-3.8,-0.1,1995MM12,56.4
53105,A4,320700,53105,-5.9,0.8,1996MM01,56.9
53106,A4,320700,53106,-8.0,-0.3,1996MM02,56.7
53107,A4,320700,53107,-9.0,0.3,1996MM03,56.8
53108,A4,320700,53108,-4.8,0.6,1996MM04,57.2
53109,A4,320700,53109,-2.5,0.0,1996MM05,57.2
53110,A4,320700,53110,-2.9,-0.7,1996MM06,56.8
53111,A4,320700,53111,-2.5,-0.7,1996MM07,56.4
53112,A4,320700,53112,-3.0,-0.3,1996MM08,56.2
53113,A4,320700,53113,-2.0,0.5,1996MM09,56.4
53114,A4,320700,53114,0.8,1.4,1996MM10,57.2
53115,A4,320700,53115,1.7,0.4,1996MM11,57.5
53116,A4,320700,53116,2.4,0.6,1996MM12,57.8
53118,A4,320700,53118,3.9,2.2,1997MM01,59.1
53119,A4,320700,53119,4.4,0.3,1997MM02,59.2
53120,A4,320700,53120,4.1,-0.1,1997MM03,59.2
53121,A4,320700,53121,4.1,0.7,1997MM04,59.6
53122,A4,320700,53122,4.3,0.2,1997MM05,59.7
53123,A4,320700,53123,4.8,-0.3,1997MM06,59.5
53124,A4,320700,53124,5.9,0.3,1997MM07,59.7
53125,A4,320700,53125,8.0,1.6,1997MM08,60.7
53126,A4,320700,53126,7.1,-0.5,1997MM09,60.4
53127,A4,320700,53127,6.1,0.5,1997MM10,60.7
53128,A4,320700,53128,5.4,-0.2,1997MM11,60.6
53129,A4,320700,53129,3.9,-0.9,1997MM12,60.0
53131,A4,320700,53131,1.0,-0.6,1998MM01,59.6
53132,A4,320700,53132,-0.1,-0.8,1998MM02,59.2
53133,A4,320700,53133,-1.3,-1.3,1998MM03,58.4
53134,A4,320700,53134,-3.9,-2.0,1998MM04,57.2
53135,A4,320700,53135,-4.3,-0.2,1998MM05,57.1
53136,A4,320700,53136,-5.0,-1.0,1998MM06,56.5
53137,A4,320700,53137,-6.5,-1.2,1998MM07,55.9
53138,A4,320700,53138,-8.3,-0.4,1998MM08,55.6
53139,A4,320700,53139,-8.4,-0.6,1998MM09,55.3
53140,A4,320700,53140,-10.5,-1.8,1998MM10,54.3
53141,A4,320700,53141,-10.1,0.2,1998MM11,54.4
53142,A4,320700,53142,-9.5,-0.2,1998MM12,54.3
53144,A4,320700,53144,-10.4,-1.6,1999MM01,53.4
53145,A4,320700,53145,-10.7,-1.1,1999MM02,52.9
53146,A4,320700,53146,-8.3,1.3,1999MM03,53.5
53147,A4,320700,53147,-5.2,1.4,1999MM04,54.3
53148,A4,320700,53148,-3.5,1.5,1999MM05,55.1
53149,A4,320700,53149,-2.1,0.4,1999MM06,55.3
53150,A4,320700,53150,2.1,3.1,1999MM07,57.0
53151,A4,320700,53151,4.1,1.5,1999MM08,57.9
53152,A4,320700,53152,6.3,1.5,1999MM09,58.8
53153,A4,320700,53153,11.0,2.6,1999MM10,60.3
53154,A4,320700,53154,12.4,1.4,1999MM11,61.2
53155,A4,320700,53155,13.4,0.7,1999MM12,61.6
53157,A4,320700,53157,17.4,1.9,2000MM01,62.8
53158,A4,320700,53158,19.3,0.5,2000MM02,63.0
53159,A4,320700,53159,16.2,-1.4,2000MM03,62.2
53160,A4,320700,53160,22.5,6.9,2000MM04,66.5
53161,A4,320700,53161,21.9,1.1,2000MM05,67.2
53162,A4,320700,53162,21.8,0.3,2000MM06,67.4
53163,A4,320700,53163,22.7,3.9,2000MM07,70.0
53164,A4,320700,53164,22.3,1.2,2000MM08,70.9
53165,A4,320700,53165,21.9,1.1,2000MM09,71.6
53166,A4,320700,53166,22.5,3.1,2000MM10,73.9
53167,A4,320700,53167,21.5,0.6,2000MM11,74.3
53168,A4,320700,53168,17.2,-2.8,2000MM12,72.2
53170,A4,320700,53170,11.6,-3.0,2001MM01,70.0
53171,A4,320700,53171,10.9,-0.1,2001MM02,69.9
53172,A4,320700,53172,12.8,0.3,2001MM03,70.1
53173,A4,320700,53173,3.3,-2.1,2001MM04,68.7
53174,A4,320700,53174,3.4,1.2,2001MM05,69.5
53175,A4,320700,53175,1.6,-1.5,2001MM06,68.5
53176,A4,320700,53176,-5.4,-3.3,2001MM07,66.2
53177,A4,320700,53177,-8.0,-1.6,2001MM08,65.2
53178,A4,320700,53178,-8.6,0.4,2001MM09,65.4
53179,A4,320700,53179,-14.2,-3.2,2001MM10,63.4
53180,A4,320700,53180,-18.3,-4.2,2001MM11,60.7
53181,A4,320700,53181,-14.5,1.7,2001MM12,61.8
53183,A4,320700,53183,-16.1,-4.8,2002MM01,58.8
53184,A4,320700,53184,-15.9,0.1,2002MM02,58.8
53185,A4,320700,53185,-15.2,1.0,2002MM03,59.4
53186,A4,320700,53186,-6.6,7.9,2002MM04,64.1
53187,A4,320700,53187,-7.6,0.2,2002MM05,64.3
53188,A4,320700,53188,-6.0,0.1,2002MM06,64.3
53189,A4,320700,53189,-1.2,1.7,2002MM07,65.4
53190,A4,320700,53190,0.9,0.5,2002MM08,65.8
53191,A4,320700,53191,0.6,0.1,2002MM09,65.8
53192,A4,320700,53192,2.3,-1.6,2002MM10,64.8
53193,A4,320700,53193,5.5,-1.3,2002MM11,64.0
53194,A4,320700,53194,3.1,-0.6,2002MM12,63.7
53196,A4,320700,53196,12.7,4.1,2003MM01,66.2
53197,A4,320700,53197,18.4,5.2,2003MM02,69.7
53198,A4,320700,53198,18.0,0.7,2003MM03,70.1
53199,A4,320700,53199,9.3,-0.1,2003MM04,70.1
53200,A4,320700,53200,5.1,-3.6,2003MM05,67.6
53201,A4,320700,53201,3.6,-1.4,2003MM06,66.6
53202,A4,320700,53202,-3.4,-5.2,2003MM07,63.2
53203,A4,320700,53203,-4.7,-0.9,2003MM08,62.6
53204,A4,320700,53204,-2.9,2.0,2003MM09,63.9
53205,A4,320700,53205,0.4,1.8,2003MM10,65.1
53206,A4,320700,53206,1.7,0.0,2003MM11,65.1
53207,A4,320700,53207,1.8,-0.5,2003MM12,64.8
53209,A4,320700,53209,2.8,5.2,2004MM01,68.1
53210,A4,320700,53210,-0.7,1.5,2004MM02,69.1
53211,A4,320700,53211,-0.3,1.2,2004MM03,69.9
53212,A4,320700,53212,3.4,3.6,2004MM04,72.5
53213,A4,320700,53213,8.1,0.8,2004MM05,73.0
53214,A4,320700,53214,9.6,0.0,2004MM06,73.1
53215,A4,320700,53215,22.3,5.8,2004MM07,77.3
53216,A4,320700,53216,24.7,1.1,2004MM08,78.1
53217,A4,320700,53217,24.2,1.6,2004MM09,79.4
53218,A4,320700,53218,26.1,3.4,2004MM10,82.1
53219,A4,320700,53219,24.7,-1.1,2004MM11,81.2
53220,A4,320700,53220,22.6,-2.2,2004MM12,79.4
53222,A4,320700,53222,22.0307692308,-0.7,2005MM01,78.9
53223,A4,320700,53223,21.4615384615,0.8,2005MM02,79.5
53224,A4,320700,53224,20.8923076923,4.2,2005MM03,82.8
53225,A4,320700,53225,20.3230769231,0.6,2005MM04,83.3
53226,A4,320700,53226,19.7538461538,-2.3,2005MM05,81.4
53227,A4,320700,53227,19.1846153846,1.5,2005MM06,82.6
53228,A4,320700,53228,18.6153846154,1.5,2005MM07,83.8
53229,A4,320700,53229,18.0461538462,2.5,2005MM08,85.9
53230,A4,320700,53230,17.4769230769,2.6,2005MM09,88.2
53231,A4,320700,53231,16.9076923077,3.4,2005MM10,91.1
53232,A4,320700,53232,16.3384615385,-3.0,2005MM11,88.4
53233,A4,320700,53233,15.7692307692,-1.0,2005MM12,87.5
53235,A4,320700,53235,15.2,3.8,2006MM01,90.8
53236,A4,320700,53236,14.2,0.0,2006MM02,90.8
53237,A4,320700,53237,10.7,0.9,2006MM03,91.7
53238,A4,320700,53238,13.7,3.3,2006MM04,94.7
53239,A4,320700,53239,16.5,0.1,2006MM05,94.8
53240,A4,320700,53240,16.3,1.3,2006MM06,96.1
53241,A4,320700,53241,17.7,2.7,2006MM07,98.7
53242,A4,320700,53242,14.8,-0.1,2006MM08,98.6
53243,A4,320700,53243,7.7,-3.7,2006MM09,95.0
53244,A4,320700,53244,4.3,0.1,2006MM10,95.1
53245,A4,320700,53245,6.5,-1.0,2006MM11,94.1
53246,A4,320700,53246,7.8,0.2,2006MM12,94.3
53248,A4,320700,53248,6.2,2.2,2007MM01,96.4
53249,A4,320700,53249,6.7,0.5,2007MM02,96.9
53250,A4,320700,53250,6.6,0.9,2007MM03,97.7
53251,A4,320700,53251,6.5,3.2,2007MM04,100.9
53252,A4,320700,53252,7.6,1.1,2007MM05,102.0
53253,A4,320700,53253,6.6,0.4,2007MM06,102.4
53254,A4,320700,53254,5.1,1.3,2007MM07,103.7
53255,A4,320700,53255,4.3,-0.8,2007MM08,102.8
53256,A4,320700,53256,9.4,1.0,2007MM09,103.9
53257,A4,320700,53257,8.7,-0.5,2007MM10,103.4
53258,A4,320700,53258,13.5,3.4,2007MM11,106.8
53259,A4,320700,53259,14.1,0.8,2007MM12,107.7
53261,A4,320700,53261,10.9,-0.7,2008MM01,106.9
53262,A4,320700,53262,12.4,1.9,2008MM02,108.9
53263,A4,320700,53263,12.6,1.1,2008MM03,110.1
53264,A4,320700,53264,11.3,2.0,2008MM04,112.2
53265,A4,320700,53265,14.8,4.3,2008MM05,117.1
53266,A4,320700,53266,17.3,2.6,2008MM06,120.1
53267,A4,320700,53267,18.6,2.3,2008MM07,122.9
53268,A4,320700,53268,16.7,-2.4,2008MM08,120.0
53269,A4,320700,53269,14.3,-1.0,2008MM09,118.8
53270,A4,320700,53270,5.2,-8.5,2008MM10,108.7
53271,A4,320700,53271,-4.6,-6.3,2008MM11,101.9
53272,A4,320700,53272,-16.0,-11.2,2008MM12,90.4
53274,A4,320700,53274,-20.7,-6.2,2009MM01,84.8
53275,A4,320700,53275,-21.0,1.5,2009MM02,86.1
53276,A4,320700,53276,-23.2,-1.8,2009MM03,84.6
53277,A4,320700,53277,-24.5,0.2,2009MM04,84.8
53278,A4,320700,53278,-25.7,2.7,2009MM05,87.1
53279,A4,320700,53279,-26.6,1.3,2009MM06,88.2
53280,A4,320700,53280,-28.4,-0.2,2009MM07,88.0
53281,A4,320700,53281,-24.7,2.6,2009MM08,90.3
53282,A4,320700,53282,-24.0,0.0,2009MM09,90.3
53283,A4,320700,53283,-16.8,0.2,2009MM10,90.4
53284,A4,320700,53284,-9.9,1.5,2009MM11,91.8
53285,A4,320700,53285,2.3,0.8,2009MM12,92.5
53287,A4,320700,53287,8.7,-0.4,2010MM01,92.1
53288,A4,320700,53288,10.2,2.9,2010MM02,94.8
53289,A4,320700,53289,15.7,3.2,2010MM03,97.9
53290,A4,320700,53290,19.0,3.1,2010MM04,100.9
53291,A4,320700,53291,17.0,0.9,2010MM05,101.8
53292,A4,320700,53292,14.8,-0.6,2010MM06,101.2
53293,A4,320700,53293,12.0,-2.5,2010MM07,98.6
53294,A4,320700,53294,8.7,-0.5,2010MM08,98.1
53295,A4,320700,53295,10.9,2.1,2010MM09,100.2
53296,A4,320700,53296,12.7,1.7,2010MM10,101.9
53297,A4,320700,53297,13.4,2.2,2010MM11,104.1
53298,A4,320700,53298,17.1,4.0,2010MM12,108.3
53300,A4,320700,53300,22.5,4.2,2011MM01,112.9
53301,A4,320700,53301,22.6,3.0,2011MM02,116.3
53302,A4,320700,53302,24.1,4.4,2011MM03,121.4
53303,A4,320700,53303,22.3,1.6,2011MM04,123.4
53304,A4,320700,53304,19.1,-1.7,2011MM05,121.3
53305,A4,320700,53305,20.3,0.4,2011MM06,121.8
53306,A4,320700,53306,23.6,0.1,2011MM07,122.0
53307,A4,320700,53307,23.6,-0.5,2011MM08,121.3
53308,A4,320700,53308,22.0,0.7,2011MM09,122.2
53309,A4,320700,53309,15.3,-3.8,2011MM10,117.5
53310,A4,320700,53310,13.9,1.0,2011MM11,118.6
53311,A4,320700,53311,10.1,0.5,2011MM12,119.2
53313,A4,320700,53313,8.9,3.1,2012MM01,123.0
53314,A4,320700,53314,8.8,2.8,2012MM02,126.4
53315,A4,320700,53315,5.9,1.7,2012MM03,128.6
53316,A4,320700,53316,3.7,-0.5,2012MM04,127.9
53317,A4,320700,53317,3.5,-1.9,2012MM05,125.5
53318,A4,320700,53318,-1.4,-4.3,2012MM06,120.0
53319,A4,320700,53319,-0.7,0.9,2012MM07,121.1
53320,A4,320700,53320,3.8,4.0,2012MM08,126.0
53321,A4,320700,53321,5.1,1.9,2012MM09,128.3
53322,A4,320700,53322,9.0,-0.3,2012MM10,128.0
53323,A4,320700,53323,5.1,-2.6,2012MM11,124.7
53324,A4,320700,53324,4.7,0.1,2012MM12,124.8
53326,A4,320700,53326,1.8,0.3,2013MM01,125.2
53327,A4,320700,53327,0.8,1.9,2013MM02,127.5
53328,A4,320700,53328,-2.5,-1.7,2013MM03,125.3
53329,A4,320700,53329,-5.0,-3.0,2013MM04,121.5
53330,A4,320700,53330,-4.4,-1.3,2013MM05,119.9
53331,A4,320700,53331,-1.5,-1.5,2013MM06,118.2
53332,A4,320700,53332,-0.3,2.1,2013MM07,120.7
53333,A4,320700,53333,-3.8,0.4,2013MM08,121.2
53334,A4,320700,53334,-5.7,-0.1,2013MM09,121.1
53335,A4,320700,53335,-6.9,-1.5,2013MM10,119.2
53336,A4,320700,53336,-4.7,-0.3,2013MM11,118.8
53337,A4,320700,53337,-4.0,0.8,2013MM12,119.8
53339,A4,320700,53339,-4.6,-0.3,2014MM01,119.5
53340,A4,320700,53340,-5.5,0.8,2014MM02,120.4
53341,A4,320700,53341,-6.3,-2.5,2014MM03,117.4
53342,A4,320700,53342,-1.4,2.1,2014MM04,119.8
53343,A4,320700,53343,0.0,0.1,2014MM05,120.0
53344,A4,320700,53344,2.8,1.3,2014MM06,121.5
53345,A4,320700,53345,0.8,0.1,2014MM07,121.7
53346,A4,320700,53346,-0.9,-1.2,2014MM08,120.2
53347,A4,320700,53347,-2.1,-1.3,2014MM09,118.6
53348,A4,320700,53348,-2.4,-1.9,2014MM10,116.3
53349,A4,320700,53349,-6.2,-4.2,2014MM11,111.5
53350,A4,320700,53350,-15.9,-9.6,2014MM12,100.7
53352,A4,320700,53352,-22.5,-8.1,2015MM01,92.5
53353,A4,320700,53353,-21.8,1.8,2015MM02,94.2
53354,A4,320700,53354,-14.7,6.4,2015MM03,100.2
53355,A4,320700,53355,-13.3,3.7,2015MM04,103.9
53356,A4,320700,53356,-11.5,2.2,2015MM05,106.1
53357,A4,320700,53357,-12.5,0.2,2015MM06,106.3
53358,A4,320700,53358,-14.1,-1.7,2015MM07,104.5
53359,A4,320700,53359,-17.1,-4.7,2015MM08,99.6
53360,A4,320700,53360,-20.6,-5.5,2015MM09,94.2
53361,A4,320700,53361,-20.9,-2.4,2015MM10,91.9
53362,A4,320700,53362,-17.5,0.1,2015MM11,92.0
53363,A4,320700,53363,-11.2,-2.8,2015MM12,89.4
53365,A4,320700,53365,-9.6,-6.5,2016MM01,83.7
53366,A4,320700,53366,-14.4,-3.6,2016MM02,80.6
53367,A4,320700,53367,-17.6,2.5,2016MM03,82.6
53368,A4,320700,53368,-18.7,2.2,2016MM04,84.4
53369,A4,320700,53369,-17.5,3.7,2016MM05,87.6
53370,A4,320700,53370,-15.4,2.7,2016MM06,90.0
53371,A4,320700,53371,-13.6,0.4,2016MM07,90.3
53372,A4,320700,53372,-13.0,-4.0,2016MM08,86.7
53373,A4,320700,53373,-5.8,2.3,2016MM09,88.7
53374,A4,320700,53374,0.3,4.0,2016MM10,92.2
53375,A4,320700,53375,0.0,-0.3,2016MM11,92.0
53376,A4,320700,53376,7.8,4.8,2016MM12,96.4
53378,A4,320700,53378,20.6,4.7,2017MM01,100.9
53379,A4,320700,53379,29.0,3.0,2017MM02,104.0
53380,A4,320700,53380,25.1,-0.6,2017MM03,103.4
53381,A4,320700,53381,19.0,-2.8,2017MM04,100.5
53382,A4,320700,53382,11.3,-3.0,2017MM05,97.5
53383,A4,320700,53383,4.6,-3.5,2017MM06,94.1
53384,A4,320700,53384,2.3,-1.8,2017MM07,92.4
53385,A4,320700,53385,9.0,2.3,2017MM08,94.5
53386,A4,320700,53386,11.8,5.0,2017MM09,99.2
53387,A4,320700,53387,8.8,1.1,2017MM10,100.3
53388,A4,320700,53388,12.1,2.8,2017MM11,103.1
53389,A4,320700,53389,7.6,0.7,2017MM12,103.8
