,Afzet,BedrijfstakkenBranchesSBI2008,ID,OntwikkelingTOV1JaarEerder_2,OntwikkelingTOV1MaandEerder_3,Perioden,ProducentenprijsindexPPI_1
52429,A4,320705,52429,6.82425249169,1.29827586207,1981MM01,105.513148789
52430,A4,320705,52430,6.84850498339,1.29655172414,1981MM02,105.426297578
52431,A4,320705,52431,6.87275747508,1.29482758621,1981MM03,105.339446367
52432,A4,320705,52432,6.89700996678,1.29310344828,1981MM04,105.252595156
52433,A4,320705,52433,6.92126245847,1.29137931034,1981MM05,105.165743945
52434,A4,320705,52434,6.94551495017,1.28965517241,1981MM06,105.078892734
52435,A4,320705,52435,6.96976744186,1.28793103448,1981MM07,104.992041522
52436,A4,320705,52436,6.99401993355,1.28620689655,1981MM08,104.905190311
52437,A4,320705,52437,7.01827242525,1.28448275862,1981MM09,104.8183391
52438,A4,320705,52438,7.04252491694,1.28275862069,1981MM10,104.731487889
52439,A4,320705,52439,7.06677740864,1.28103448276,1981MM11,104.644636678
52440,A4,320705,52440,7.09102990033,1.27931034483,1981MM12,104.557785467
52442,A4,320705,52442,7.11528239203,1.2775862069,1982MM01,104.470934256
52443,A4,320705,52443,7.13953488372,1.27586206897,1982MM02,104.384083045
52444,A4,320705,52444,7.16378737542,1.27413793103,1982MM03,104.297231834
52445,A4,320705,52445,7.18803986711,1.2724137931,1982MM04,104.210380623
52446,A4,320705,52446,7.2122923588,1.27068965517,1982MM05,104.123529412
52447,A4,320705,52447,7.2365448505,1.26896551724,1982MM06,104.036678201
52448,A4,320705,52448,7.26079734219,1.26724137931,1982MM07,103.94982699
52449,A4,320705,52449,7.28504983389,1.26551724138,1982MM08,103.862975779
52450,A4,320705,52450,7.30930232558,1.26379310345,1982MM09,103.776124567
52451,A4,320705,52451,7.33355481728,1.26206896552,1982MM10,103.689273356
52452,A4,320705,52452,7.35780730897,1.26034482759,1982MM11,103.602422145
52453,A4,320705,52453,7.38205980066,1.25862068966,1982MM12,103.515570934
52455,A4,320705,52455,7.40631229236,1.25689655172,1983MM01,103.428719723
52456,A4,320705,52456,7.43056478405,1.25517241379,1983MM02,103.341868512
52457,A4,320705,52457,7.45481727575,1.25344827586,1983MM03,103.255017301
52458,A4,320705,52458,7.47906976744,1.25172413793,1983MM04,103.16816609
52459,A4,320705,52459,7.50332225914,1.25,1983MM05,103.081314879
52460,A4,320705,52460,7.52757475083,1.24827586207,1983MM06,102.994463668
52461,A4,320705,52461,7.55182724252,1.24655172414,1983MM07,102.907612457
52462,A4,320705,52462,7.57607973422,1.24482758621,1983MM08,102.820761246
52463,A4,320705,52463,7.60033222591,1.24310344828,1983MM09,102.733910035
52464,A4,320705,52464,7.62458471761,1.24137931034,1983MM10,102.647058824
52465,A4,320705,52465,7.6488372093,1.23965517241,1983MM11,102.560207612
52466,A4,320705,52466,7.673089701,1.23793103448,1983MM12,102.473356401
52468,A4,320705,52468,7.69734219269,1.23620689655,1984MM01,102.38650519
52469,A4,320705,52469,7.72159468439,1.23448275862,1984MM02,102.299653979
52470,A4,320705,52470,7.74584717608,1.23275862069,1984MM03,102.212802768
52471,A4,320705,52471,7.77009966777,1.23103448276,1984MM04,102.125951557
52472,A4,320705,52472,7.79435215947,1.22931034483,1984MM05,102.039100346
52473,A4,320705,52473,7.81860465116,1.2275862069,1984MM06,101.952249135
52474,A4,320705,52474,7.84285714286,1.22586206897,1984MM07,101.865397924
52475,A4,320705,52475,7.86710963455,1.22413793103,1984MM08,101.778546713
52476,A4,320705,52476,7.89136212625,1.2224137931,1984MM09,101.691695502
52477,A4,320705,52477,7.91561461794,1.22068965517,1984MM10,101.604844291
52478,A4,320705,52478,7.93986710963,1.21896551724,1984MM11,101.51799308
52479,A4,320705,52479,7.96411960133,1.21724137931,1984MM12,101.431141869
52481,A4,320705,52481,7.98837209302,1.21551724138,1985MM01,101.344290657
52482,A4,320705,52482,8.01262458472,1.21379310345,1985MM02,101.257439446
52483,A4,320705,52483,8.03687707641,1.21206896552,1985MM03,101.170588235
52484,A4,320705,52484,8.06112956811,1.21034482759,1985MM04,101.083737024
52485,A4,320705,52485,8.0853820598,1.20862068966,1985MM05,100.996885813
52486,A4,320705,52486,8.1096345515,1.20689655172,1985MM06,100.910034602
52487,A4,320705,52487,8.13388704319,1.20517241379,1985MM07,100.823183391
52488,A4,320705,52488,8.15813953488,1.20344827586,1985MM08,100.73633218
52489,A4,320705,52489,8.18239202658,1.20172413793,1985MM09,100.649480969
52490,A4,320705,52490,8.20664451827,1.2,1985MM10,100.562629758
52491,A4,320705,52491,8.23089700997,1.19827586207,1985MM11,100.475778547
52492,A4,320705,52492,8.25514950166,1.19655172414,1985MM12,100.388927336
52494,A4,320705,52494,8.27940199336,1.19482758621,1986MM01,100.302076125
52495,A4,320705,52495,8.30365448505,1.19310344828,1986MM02,100.215224913
52496,A4,320705,52496,8.32790697674,1.19137931034,1986MM03,100.128373702
52497,A4,320705,52497,8.35215946844,1.18965517241,1986MM04,100.041522491
52498,A4,320705,52498,8.37641196013,1.18793103448,1986MM05,99.9546712803
52499,A4,320705,52499,8.40066445183,1.18620689655,1986MM06,99.8678200692
52500,A4,320705,52500,8.42491694352,1.18448275862,1986MM07,99.7809688581
52501,A4,320705,52501,8.44916943522,1.18275862069,1986MM08,99.6941176471
52502,A4,320705,52502,8.47342192691,1.18103448276,1986MM09,99.607266436
52503,A4,320705,52503,8.4976744186,1.17931034483,1986MM10,99.5204152249
52504,A4,320705,52504,8.5219269103,1.1775862069,1986MM11,99.4335640138
52505,A4,320705,52505,8.54617940199,1.17586206897,1986MM12,99.3467128028
52507,A4,320705,52507,8.57043189369,1.17413793103,1987MM01,99.2598615917
52508,A4,320705,52508,8.59468438538,1.1724137931,1987MM02,99.1730103806
52509,A4,320705,52509,8.61893687708,1.17068965517,1987MM03,99.0861591696
52510,A4,320705,52510,8.64318936877,1.16896551724,1987MM04,98.9993079585
52511,A4,320705,52511,8.66744186047,1.16724137931,1987MM05,98.9124567474
52512,A4,320705,52512,8.69169435216,1.16551724138,1987MM06,98.8256055363
52513,A4,320705,52513,8.71594684385,1.16379310345,1987MM07,98.7387543253
52514,A4,320705,52514,8.74019933555,1.16206896552,1987MM08,98.6519031142
52515,A4,320705,52515,8.76445182724,1.16034482759,1987MM09,98.5650519031
52516,A4,320705,52516,8.78870431894,1.15862068966,1987MM10,98.478200692
52517,A4,320705,52517,8.81295681063,1.15689655172,1987MM11,98.391349481
52518,A4,320705,52518,8.83720930233,1.15517241379,1987MM12,98.3044982699
52520,A4,320705,52520,8.86146179402,1.15344827586,1988MM01,98.2176470588
52521,A4,320705,52521,8.88571428571,1.15172413793,1988MM02,98.1307958478
52522,A4,320705,52522,8.90996677741,1.15,1988MM03,98.0439446367
52523,A4,320705,52523,8.9342192691,1.14827586207,1988MM04,97.9570934256
52524,A4,320705,52524,8.9584717608,1.14655172414,1988MM05,97.8702422145
52525,A4,320705,52525,8.98272425249,1.14482758621,1988MM06,97.7833910035
52526,A4,320705,52526,9.00697674419,1.14310344828,1988MM07,97.6965397924
52527,A4,320705,52527,9.03122923588,1.14137931034,1988MM08,97.6096885813
52528,A4,320705,52528,9.05548172757,1.13965517241,1988MM09,97.5228373702
52529,A4,320705,52529,9.07973421927,1.13793103448,1988MM10,97.4359861592
52530,A4,320705,52530,9.10398671096,1.13620689655,1988MM11,97.3491349481
52531,A4,320705,52531,9.12823920266,1.13448275862,1988MM12,97.262283737
52533,A4,320705,52533,9.15249169435,1.13275862069,1989MM01,97.175432526
52534,A4,320705,52534,9.17674418605,1.13103448276,1989MM02,97.0885813149
52535,A4,320705,52535,9.20099667774,1.12931034483,1989MM03,97.0017301038
52536,A4,320705,52536,9.22524916944,1.1275862069,1989MM04,96.9148788927
52537,A4,320705,52537,9.24950166113,1.12586206897,1989MM05,96.8280276817
52538,A4,320705,52538,9.27375415282,1.12413793103,1989MM06,96.7411764706
52539,A4,320705,52539,9.29800664452,1.1224137931,1989MM07,96.6543252595
52540,A4,320705,52540,9.32225913621,1.12068965517,1989MM08,96.5674740484
52541,A4,320705,52541,9.34651162791,1.11896551724,1989MM09,96.4806228374
52542,A4,320705,52542,9.3707641196,1.11724137931,1989MM10,96.3937716263
52543,A4,320705,52543,9.3950166113,1.11551724138,1989MM11,96.3069204152
52544,A4,320705,52544,9.41926910299,1.11379310345,1989MM12,96.2200692042
52546,A4,320705,52546,9.44352159468,1.11206896552,1990MM01,96.1332179931
52547,A4,320705,52547,9.46777408638,1.11034482759,1990MM02,96.046366782
52548,A4,320705,52548,9.49202657807,1.10862068966,1990MM03,95.9595155709
52549,A4,320705,52549,9.51627906977,1.10689655172,1990MM04,95.8726643599
52550,A4,320705,52550,9.54053156146,1.10517241379,1990MM05,95.7858131488
52551,A4,320705,52551,9.56478405316,1.10344827586,1990MM06,95.6989619377
52552,A4,320705,52552,9.58903654485,1.10172413793,1990MM07,95.6121107266
52553,A4,320705,52553,9.61328903654,1.1,1990MM08,95.5252595156
52554,A4,320705,52554,9.63754152824,1.09827586207,1990MM09,95.4384083045
52555,A4,320705,52555,9.66179401993,1.09655172414,1990MM10,95.3515570934
52556,A4,320705,52556,9.68604651163,1.09482758621,1990MM11,95.2647058824
52557,A4,320705,52557,9.71029900332,1.09310344828,1990MM12,95.1778546713
52559,A4,320705,52559,9.73455149502,1.09137931034,1991MM01,95.0910034602
52560,A4,320705,52560,9.75880398671,1.08965517241,1991MM02,95.0041522491
52561,A4,320705,52561,9.78305647841,1.08793103448,1991MM03,94.9173010381
52562,A4,320705,52562,9.8073089701,1.08620689655,1991MM04,94.830449827
52563,A4,320705,52563,9.83156146179,1.08448275862,1991MM05,94.7435986159
52564,A4,320705,52564,9.85581395349,1.08275862069,1991MM06,94.6567474048
52565,A4,320705,52565,9.88006644518,1.08103448276,1991MM07,94.5698961938
52566,A4,320705,52566,9.90431893688,1.07931034483,1991MM08,94.4830449827
52567,A4,320705,52567,9.92857142857,1.0775862069,1991MM09,94.3961937716
52568,A4,320705,52568,9.95282392027,1.07586206897,1991MM10,94.3093425606
52569,A4,320705,52569,9.97707641196,1.07413793103,1991MM11,94.2224913495
52570,A4,320705,52570,10.0013289037,1.0724137931,1991MM12,94.1356401384
52572,A4,320705,52572,10.0255813953,1.07068965517,1992MM01,94.0487889273
52573,A4,320705,52573,10.049833887,1.06896551724,1992MM02,93.9619377163
52574,A4,320705,52574,10.0740863787,1.06724137931,1992MM03,93.8750865052
52575,A4,320705,52575,10.0983388704,1.06551724138,1992MM04,93.7882352941
52576,A4,320705,52576,10.1225913621,1.06379310345,1992MM05,93.701384083
52577,A4,320705,52577,10.1468438538,1.06206896552,1992MM06,93.614532872
52578,A4,320705,52578,10.1710963455,1.06034482759,1992MM07,93.5276816609
52579,A4,320705,52579,10.1953488372,1.05862068966,1992MM08,93.4408304498
52580,A4,320705,52580,10.2196013289,1.05689655172,1992MM09,93.3539792388
52581,A4,320705,52581,10.2438538206,1.05517241379,1992MM10,93.2671280277
52582,A4,320705,52582,10.2681063123,1.05344827586,1992MM11,93.1802768166
52583,A4,320705,52583,10.292358804,1.05172413793,1992MM12,93.0934256055
52585,A4,320705,52585,10.3166112957,1.05,1993MM01,93.0065743945
52586,A4,320705,52586,10.3408637874,1.04827586207,1993MM02,92.9197231834
52587,A4,320705,52587,10.3651162791,1.04655172414,1993MM03,92.8328719723
52588,A4,320705,52588,10.3893687708,1.04482758621,1993MM04,92.7460207612
52589,A4,320705,52589,10.4136212625,1.04310344828,1993MM05,92.6591695502
52590,A4,320705,52590,10.4378737542,1.04137931034,1993MM06,92.5723183391
52591,A4,320705,52591,10.4621262458,1.03965517241,1993MM07,92.485467128
52592,A4,320705,52592,10.4863787375,1.03793103448,1993MM08,92.398615917
52593,A4,320705,52593,10.5106312292,1.03620689655,1993MM09,92.3117647059
52594,A4,320705,52594,10.5348837209,1.03448275862,1993MM10,92.2249134948
52595,A4,320705,52595,10.5591362126,1.03275862069,1993MM11,92.1380622837
52596,A4,320705,52596,10.5833887043,1.03103448276,1993MM12,92.0512110727
52598,A4,320705,52598,10.607641196,1.02931034483,1994MM01,91.9643598616
52599,A4,320705,52599,10.6318936877,1.0275862069,1994MM02,91.8775086505
52600,A4,320705,52600,10.6561461794,1.02586206897,1994MM03,91.7906574394
52601,A4,320705,52601,10.6803986711,1.02413793103,1994MM04,91.7038062284
52602,A4,320705,52602,10.7046511628,1.0224137931,1994MM05,91.6169550173
52603,A4,320705,52603,10.7289036545,1.02068965517,1994MM06,91.5301038062
52604,A4,320705,52604,10.7531561462,1.01896551724,1994MM07,91.4432525952
52605,A4,320705,52605,10.7774086379,1.01724137931,1994MM08,91.3564013841
52606,A4,320705,52606,10.8016611296,1.01551724138,1994MM09,91.269550173
52607,A4,320705,52607,10.8259136213,1.01379310345,1994MM10,91.1826989619
52608,A4,320705,52608,10.850166113,1.01206896552,1994MM11,91.0958477509
52609,A4,320705,52609,10.8744186047,1.01034482759,1994MM12,91.0089965398
52611,A4,320705,52611,10.8986710963,1.00862068966,1995MM01,90.9221453287
52612,A4,320705,52612,10.922923588,1.00689655172,1995MM02,90.8352941176
52613,A4,320705,52613,10.9471760797,1.00517241379,1995MM03,90.7484429066
52614,A4,320705,52614,10.9714285714,1.00344827586,1995MM04,90.6615916955
52615,A4,320705,52615,10.9956810631,1.00172413793,1995MM05,90.5747404844
52616,A4,320705,52616,11.0199335548,1.0,1995MM06,90.4878892734
52617,A4,320705,52617,11.0441860465,0.998275862069,1995MM07,90.4010380623
52618,A4,320705,52618,11.0684385382,0.996551724138,1995MM08,90.3141868512
52619,A4,320705,52619,11.0926910299,0.994827586207,1995MM09,90.2273356401
52620,A4,320705,52620,11.1169435216,0.993103448276,1995MM10,90.1404844291
52621,A4,320705,52621,11.1411960133,0.991379310345,1995MM11,90.053633218
52622,A4,320705,52622,11.165448505,0.989655172414,1995MM12,89.9667820069
52624,A4,320705,52624,11.1897009967,0.987931034483,1996MM01,89.8799307958
52625,A4,320705,52625,11.2139534884,0.986206896552,1996MM02,89.7930795848
52626,A4,320705,52626,11.2382059801,0.984482758621,1996MM03,89.7062283737
52627,A4,320705,52627,11.2624584718,0.98275862069,1996MM04,89.6193771626
52628,A4,320705,52628,11.2867109635,0.981034482759,1996MM05,89.5325259516
52629,A4,320705,52629,11.3109634551,0.979310344828,1996MM06,89.4456747405
52630,A4,320705,52630,11.3352159468,0.977586206897,1996MM07,89.3588235294
52631,A4,320705,52631,11.3594684385,0.975862068966,1996MM08,89.2719723183
52632,A4,320705,52632,11.3837209302,0.974137931034,1996MM09,89.1851211073
52633,A4,320705,52633,11.4079734219,0.972413793103,1996MM10,89.0982698962
52634,A4,320705,52634,11.4322259136,0.970689655172,1996MM11,89.0114186851
52635,A4,320705,52635,11.4564784053,0.968965517241,1996MM12,88.924567474
52637,A4,320705,52637,11.480730897,0.96724137931,1997MM01,88.837716263
52638,A4,320705,52638,11.5049833887,0.965517241379,1997MM02,88.7508650519
52639,A4,320705,52639,11.5292358804,0.963793103448,1997MM03,88.6640138408
52640,A4,320705,52640,11.5534883721,0.962068965517,1997MM04,88.5771626298
52641,A4,320705,52641,11.5777408638,0.960344827586,1997MM05,88.4903114187
52642,A4,320705,52642,11.6019933555,0.958620689655,1997MM06,88.4034602076
52643,A4,320705,52643,11.6262458472,0.956896551724,1997MM07,88.3166089965
52644,A4,320705,52644,11.6504983389,0.955172413793,1997MM08,88.2297577855
52645,A4,320705,52645,11.6747508306,0.953448275862,1997MM09,88.1429065744
52646,A4,320705,52646,11.6990033223,0.951724137931,1997MM10,88.0560553633
52647,A4,320705,52647,11.723255814,0.95,1997MM11,87.9692041522
52648,A4,320705,52648,11.7475083056,0.948275862069,1997MM12,87.8823529412
52650,A4,320705,52650,11.7717607973,0.946551724138,1998MM01,87.7955017301
52651,A4,320705,52651,11.796013289,0.944827586207,1998MM02,87.708650519
52652,A4,320705,52652,11.8202657807,0.943103448276,1998MM03,87.621799308
52653,A4,320705,52653,11.8445182724,0.941379310345,1998MM04,87.5349480969
52654,A4,320705,52654,11.8687707641,0.939655172414,1998MM05,87.4480968858
52655,A4,320705,52655,11.8930232558,0.937931034483,1998MM06,87.3612456747
52656,A4,320705,52656,11.9172757475,0.936206896552,1998MM07,87.2743944637
52657,A4,320705,52657,11.9415282392,0.934482758621,1998MM08,87.1875432526
52658,A4,320705,52658,11.9657807309,0.93275862069,1998MM09,87.1006920415
52659,A4,320705,52659,11.9900332226,0.931034482759,1998MM10,87.0138408304
52660,A4,320705,52660,12.0142857143,0.929310344828,1998MM11,86.9269896194
52661,A4,320705,52661,12.038538206,0.927586206897,1998MM12,86.8401384083
52663,A4,320705,52663,12.0627906977,0.925862068966,1999MM01,86.7532871972
52664,A4,320705,52664,12.0870431894,0.924137931034,1999MM02,86.6664359862
52665,A4,320705,52665,12.1112956811,0.922413793103,1999MM03,86.5795847751
52666,A4,320705,52666,12.1355481728,0.920689655172,1999MM04,86.492733564
52667,A4,320705,52667,12.1598006645,0.918965517241,1999MM05,86.4058823529
52668,A4,320705,52668,12.1840531561,0.91724137931,1999MM06,86.3190311419
52669,A4,320705,52669,12.2083056478,0.915517241379,1999MM07,86.2321799308
52670,A4,320705,52670,12.2325581395,0.913793103448,1999MM08,86.1453287197
52671,A4,320705,52671,12.2568106312,0.912068965517,1999MM09,86.0584775087
52672,A4,320705,52672,12.2810631229,0.910344827586,1999MM10,85.9716262976
52673,A4,320705,52673,12.3053156146,0.908620689655,1999MM11,85.8847750865
52674,A4,320705,52674,12.3295681063,0.906896551724,1999MM12,85.7979238754
52676,A4,320705,52676,12.353820598,0.905172413793,2000MM01,85.7110726644
52677,A4,320705,52677,12.3780730897,0.903448275862,2000MM02,85.6242214533
52678,A4,320705,52678,12.4023255814,0.901724137931,2000MM03,85.5373702422
52679,A4,320705,52679,12.4265780731,0.9,2000MM04,85.4505190311
52680,A4,320705,52680,12.4508305648,0.898275862069,2000MM05,85.3636678201
52681,A4,320705,52681,12.4750830565,0.896551724138,2000MM06,85.276816609
52682,A4,320705,52682,12.4993355482,0.894827586207,2000MM07,85.1899653979
52683,A4,320705,52683,12.5235880399,0.893103448276,2000MM08,85.1031141869
52684,A4,320705,52684,12.5478405316,0.891379310345,2000MM09,85.0162629758
52685,A4,320705,52685,12.5720930233,0.889655172414,2000MM10,84.9294117647
52686,A4,320705,52686,12.596345515,0.887931034483,2000MM11,84.8425605536
52687,A4,320705,52687,12.6205980066,0.886206896552,2000MM12,84.7557093426
52689,A4,320705,52689,12.6448504983,0.884482758621,2001MM01,84.6688581315
52690,A4,320705,52690,12.66910299,0.88275862069,2001MM02,84.5820069204
52691,A4,320705,52691,12.6933554817,0.881034482759,2001MM03,84.4951557093
52692,A4,320705,52692,12.7176079734,0.879310344828,2001MM04,84.4083044983
52693,A4,320705,52693,12.7418604651,0.877586206897,2001MM05,84.3214532872
52694,A4,320705,52694,12.7661129568,0.875862068966,2001MM06,84.2346020761
52695,A4,320705,52695,12.7903654485,0.874137931034,2001MM07,84.1477508651
52696,A4,320705,52696,12.8146179402,0.872413793103,2001MM08,84.060899654
52697,A4,320705,52697,12.8388704319,0.870689655172,2001MM09,83.9740484429
52698,A4,320705,52698,12.8631229236,0.868965517241,2001MM10,83.8871972318
52699,A4,320705,52699,12.8873754153,0.86724137931,2001MM11,83.8003460208
52700,A4,320705,52700,12.911627907,0.865517241379,2001MM12,83.7134948097
52702,A4,320705,52702,12.9358803987,0.863793103448,2002MM01,83.6266435986
52703,A4,320705,52703,12.9601328904,0.862068965517,2002MM02,83.5397923875
52704,A4,320705,52704,12.9843853821,0.860344827586,2002MM03,83.4529411765
52705,A4,320705,52705,13.0086378738,0.858620689655,2002MM04,83.3660899654
52706,A4,320705,52706,13.0328903654,0.856896551724,2002MM05,83.2792387543
52707,A4,320705,52707,13.0571428571,0.855172413793,2002MM06,83.1923875433
52708,A4,320705,52708,13.0813953488,0.853448275862,2002MM07,83.1055363322
52709,A4,320705,52709,13.1056478405,0.851724137931,2002MM08,83.0186851211
52710,A4,320705,52710,13.1299003322,0.85,2002MM09,82.93183391
52711,A4,320705,52711,13.1541528239,0.848275862069,2002MM10,82.844982699
52712,A4,320705,52712,13.1784053156,0.846551724138,2002MM11,82.7581314879
52713,A4,320705,52713,13.2026578073,0.844827586207,2002MM12,82.6712802768
52715,A4,320705,52715,13.226910299,0.843103448276,2003MM01,82.5844290657
52716,A4,320705,52716,13.2511627907,0.841379310345,2003MM02,82.4975778547
52717,A4,320705,52717,13.2754152824,0.839655172414,2003MM03,82.4107266436
52718,A4,320705,52718,13.2996677741,0.837931034483,2003MM04,82.3238754325
52719,A4,320705,52719,13.3239202658,0.836206896552,2003MM05,82.2370242215
52720,A4,320705,52720,13.3481727575,0.834482758621,2003MM06,82.1501730104
52721,A4,320705,52721,13.3724252492,0.83275862069,2003MM07,82.0633217993
52722,A4,320705,52722,13.3966777409,0.831034482759,2003MM08,81.9764705882
52723,A4,320705,52723,13.4209302326,0.829310344828,2003MM09,81.8896193772
52724,A4,320705,52724,13.4451827243,0.827586206897,2003MM10,81.8027681661
52725,A4,320705,52725,13.4694352159,0.825862068966,2003MM11,81.715916955
52726,A4,320705,52726,13.4936877076,0.824137931034,2003MM12,81.6290657439
52728,A4,320705,52728,13.5179401993,0.822413793103,2004MM01,81.5422145329
52729,A4,320705,52729,13.542192691,0.820689655172,2004MM02,81.4553633218
52730,A4,320705,52730,13.5664451827,0.818965517241,2004MM03,81.3685121107
52731,A4,320705,52731,13.5906976744,0.81724137931,2004MM04,81.2816608997
52732,A4,320705,52732,13.6149501661,0.815517241379,2004MM05,81.1948096886
52733,A4,320705,52733,13.6392026578,0.813793103448,2004MM06,81.1079584775
52734,A4,320705,52734,13.6634551495,0.812068965517,2004MM07,81.0211072664
52735,A4,320705,52735,13.6877076412,0.810344827586,2004MM08,80.9342560554
52736,A4,320705,52736,13.7119601329,0.808620689655,2004MM09,80.8474048443
52737,A4,320705,52737,13.7362126246,0.806896551724,2004MM10,80.7605536332
52738,A4,320705,52738,13.7604651163,0.805172413793,2004MM11,80.6737024221
52739,A4,320705,52739,13.784717608,0.803448275862,2004MM12,80.5868512111
52741,A4,320705,52741,13.8089700997,0.801724137931,2005MM01,80.5
52742,A4,320705,52742,13.8332225914,0.8,2005MM02,81.1
52743,A4,320705,52743,13.8574750831,3.9,2005MM03,84.3
52744,A4,320705,52744,13.8817275748,0.5,2005MM04,84.7
52745,A4,320705,52745,13.9059800664,-2.2,2005MM05,82.9
52746,A4,320705,52746,13.9302325581,1.4,2005MM06,84.0
52747,A4,320705,52747,13.9544850498,1.4,2005MM07,85.2
52748,A4,320705,52748,13.9787375415,2.3,2005MM08,87.2
52749,A4,320705,52749,14.0029900332,2.5,2005MM09,89.3
52750,A4,320705,52750,14.0272425249,3.2,2005MM10,92.2
52751,A4,320705,52751,14.0514950166,-2.9,2005MM11,89.5
52752,A4,320705,52752,14.0757475083,-1.0,2005MM12,88.7
52754,A4,320705,52754,14.1,3.6,2006MM01,91.9
52755,A4,320705,52755,13.2,0.0,2006MM02,91.9
52756,A4,320705,52756,9.9,0.9,2006MM03,92.7
52757,A4,320705,52757,12.7,3.0,2006MM04,95.5
52758,A4,320705,52758,15.4,0.2,2006MM05,95.6
52759,A4,320705,52759,15.2,1.2,2006MM06,96.8
52760,A4,320705,52760,16.6,2.6,2006MM07,99.3
52761,A4,320705,52761,13.8,-0.1,2006MM08,99.2
52762,A4,320705,52762,7.2,-3.5,2006MM09,95.8
52763,A4,320705,52763,3.8,-0.1,2006MM10,95.7
52764,A4,320705,52764,5.9,-1.0,2006MM11,94.8
52765,A4,320705,52765,7.1,0.2,2006MM12,95.0
52767,A4,320705,52767,5.6,2.1,2007MM01,97.0
52768,A4,320705,52768,6.1,0.5,2007MM02,97.5
52769,A4,320705,52769,6.0,0.8,2007MM03,98.3
52770,A4,320705,52770,5.9,2.9,2007MM04,101.1
52771,A4,320705,52771,6.8,1.1,2007MM05,102.2
52772,A4,320705,52772,6.0,0.4,2007MM06,102.6
52773,A4,320705,52773,4.5,1.2,2007MM07,103.8
52774,A4,320705,52774,3.8,-0.8,2007MM08,103.0
52775,A4,320705,52775,8.6,1.0,2007MM09,104.0
52776,A4,320705,52776,8.1,-0.6,2007MM10,103.4
52777,A4,320705,52777,12.6,3.2,2007MM11,106.7
52778,A4,320705,52778,13.2,0.7,2007MM12,107.5
52780,A4,320705,52780,10.2,-0.6,2008MM01,106.9
52781,A4,320705,52781,11.6,1.8,2008MM02,108.8
52782,A4,320705,52782,11.9,1.0,2008MM03,109.9
52783,A4,320705,52783,10.6,1.7,2008MM04,111.8
52784,A4,320705,52784,13.9,4.1,2008MM05,116.4
52785,A4,320705,52785,16.3,2.5,2008MM06,119.3
52786,A4,320705,52786,17.5,2.2,2008MM07,122.0
52787,A4,320705,52787,15.7,-2.3,2008MM08,119.1
52788,A4,320705,52788,13.4,-1.0,2008MM09,118.0
52789,A4,320705,52789,4.8,-8.1,2008MM10,108.4
52790,A4,320705,52790,-4.5,-6.0,2008MM11,101.9
52791,A4,320705,52791,-15.4,-10.7,2008MM12,91.0
52793,A4,320705,52793,-20.0,-6.0,2009MM01,85.5
52794,A4,320705,52794,-20.3,1.4,2009MM02,86.7
52795,A4,320705,52795,-22.4,-1.7,2009MM03,85.3
52796,A4,320705,52796,-23.6,0.1,2009MM04,85.4
52797,A4,320705,52797,-24.7,2.6,2009MM05,87.6
52798,A4,320705,52798,-25.6,1.2,2009MM06,88.7
52799,A4,320705,52799,-27.4,-0.2,2009MM07,88.6
52800,A4,320705,52800,-23.8,2.5,2009MM08,90.7
52801,A4,320705,52801,-23.1,0.0,2009MM09,90.7
52802,A4,320705,52802,-16.2,0.1,2009MM10,90.8
52803,A4,320705,52803,-9.6,1.4,2009MM11,92.1
52804,A4,320705,52804,1.9,0.7,2009MM12,92.8
52806,A4,320705,52806,8.2,-0.2,2010MM01,92.6
52807,A4,320705,52807,9.7,2.8,2010MM02,95.1
52808,A4,320705,52808,14.9,3.0,2010MM03,98.0
52809,A4,320705,52809,18.1,2.9,2010MM04,100.8
52810,A4,320705,52810,16.1,0.9,2010MM05,101.8
52811,A4,320705,52811,14.0,-0.6,2010MM06,101.2
52812,A4,320705,52812,11.5,-2.4,2010MM07,98.7
52813,A4,320705,52813,8.3,-0.5,2010MM08,98.2
52814,A4,320705,52814,10.4,2.0,2010MM09,100.2
52815,A4,320705,52815,12.0,1.6,2010MM10,101.7
52816,A4,320705,52816,12.8,2.1,2010MM11,103.9
52817,A4,320705,52817,16.2,3.8,2010MM12,107.9
52819,A4,320705,52819,21.4,4.2,2011MM01,112.4
52820,A4,320705,52820,21.5,2.9,2011MM02,115.6
52821,A4,320705,52821,22.9,4.2,2011MM03,120.5
52822,A4,320705,52822,21.3,1.6,2011MM04,122.4
52823,A4,320705,52823,18.3,-1.6,2011MM05,120.4
52824,A4,320705,52824,19.5,0.4,2011MM06,120.9
52825,A4,320705,52825,22.6,0.1,2011MM07,121.0
52826,A4,320705,52826,22.6,-0.5,2011MM08,120.4
52827,A4,320705,52827,21.0,0.7,2011MM09,121.2
52828,A4,320705,52828,14.8,-3.7,2011MM10,116.8
52829,A4,320705,52829,13.4,0.9,2011MM11,117.8
52830,A4,320705,52830,9.8,0.5,2011MM12,118.4
52832,A4,320705,52832,8.6,3.1,2012MM01,122.1
52833,A4,320705,52833,8.5,2.7,2012MM02,125.4
52834,A4,320705,52834,5.8,1.6,2012MM03,127.4
52835,A4,320705,52835,3.6,-0.5,2012MM04,126.8
52836,A4,320705,52836,3.4,-1.8,2012MM05,124.5
52837,A4,320705,52837,-1.3,-4.2,2012MM06,119.3
52838,A4,320705,52838,-0.6,0.8,2012MM07,120.3
52839,A4,320705,52839,3.8,3.9,2012MM08,124.9
52840,A4,320705,52840,4.9,1.8,2012MM09,127.2
52841,A4,320705,52841,8.7,-0.2,2012MM10,126.9
52842,A4,320705,52842,5.0,-2.5,2012MM11,123.7
52843,A4,320705,52843,4.6,0.1,2012MM12,123.9
52845,A4,320705,52845,1.8,0.3,2013MM01,124.3
52846,A4,320705,52846,0.9,1.8,2013MM02,126.5
52847,A4,320705,52847,-2.3,-1.6,2013MM03,124.5
52848,A4,320705,52848,-4.7,-2.9,2013MM04,120.8
52849,A4,320705,52849,-4.1,-1.2,2013MM05,119.3
52850,A4,320705,52850,-1.4,-1.4,2013MM06,117.7
52851,A4,320705,52851,-0.2,2.0,2013MM07,120.1
52852,A4,320705,52852,-3.5,0.4,2013MM08,120.6
52853,A4,320705,52853,-5.3,-0.1,2013MM09,120.4
52854,A4,320705,52854,-6.5,-1.5,2013MM10,118.6
52855,A4,320705,52855,-4.4,-0.3,2013MM11,118.2
52856,A4,320705,52856,-3.8,0.8,2013MM12,119.2
52858,A4,320705,52858,-4.3,-0.2,2014MM01,118.9
52859,A4,320705,52859,-5.3,0.8,2014MM02,119.8
52860,A4,320705,52860,-6.0,-2.4,2014MM03,117.0
52861,A4,320705,52861,-1.3,2.0,2014MM04,119.3
52862,A4,320705,52862,0.1,0.1,2014MM05,119.4
52863,A4,320705,52863,2.7,1.2,2014MM06,120.9
52864,A4,320705,52864,0.8,0.1,2014MM07,121.1
52865,A4,320705,52865,-0.8,-1.2,2014MM08,119.6
52866,A4,320705,52866,-1.9,-1.3,2014MM09,118.1
52867,A4,320705,52867,-2.2,-1.8,2014MM10,116.0
52868,A4,320705,52868,-5.8,-4.0,2014MM11,111.3
52869,A4,320705,52869,-15.2,-9.2,2014MM12,101.1
52871,A4,320705,52871,-21.5,-7.7,2015MM01,93.3
52872,A4,320705,52872,-20.8,1.7,2015MM02,94.9
52873,A4,320705,52873,-14.0,6.1,2015MM03,100.6
52874,A4,320705,52874,-12.7,3.5,2015MM04,104.2
52875,A4,320705,52875,-11.0,2.1,2015MM05,106.3
52876,A4,320705,52876,-11.9,0.2,2015MM06,106.5
52877,A4,320705,52877,-13.4,-1.6,2015MM07,104.8
52878,A4,320705,52878,-16.3,-4.5,2015MM08,100.1
52879,A4,320705,52879,-19.7,-5.2,2015MM09,94.9
52880,A4,320705,52880,-20.0,-2.2,2015MM10,92.8
52881,A4,320705,52881,-16.7,0.1,2015MM11,92.8
52882,A4,320705,52882,-10.6,-2.6,2015MM12,90.4
52884,A4,320705,52884,-9.0,-6.1,2016MM01,84.9
52885,A4,320705,52885,-13.6,-3.4,2016MM02,82.0
52886,A4,320705,52886,-16.6,2.3,2016MM03,83.9
52887,A4,320705,52887,-17.7,2.2,2016MM04,85.7
52888,A4,320705,52888,-16.5,3.5,2016MM05,88.7
52889,A4,320705,52889,-14.6,2.6,2016MM06,91.0
52890,A4,320705,52890,-12.8,0.4,2016MM07,91.3
52891,A4,320705,52891,-12.2,-3.8,2016MM08,87.9
52892,A4,320705,52892,-5.4,2.2,2016MM09,89.8
52893,A4,320705,52893,0.4,3.7,2016MM10,93.1
52894,A4,320705,52894,0.1,-0.3,2016MM11,92.9
52895,A4,320705,52895,7.4,4.6,2016MM12,97.1
52897,A4,320705,52897,19.4,4.4,2017MM01,101.4
52898,A4,320705,52898,27.2,2.9,2017MM02,104.3
52899,A4,320705,52899,23.7,-0.5,2017MM03,103.8
52900,A4,320705,52900,17.9,-2.6,2017MM04,101.0
52901,A4,320705,52901,10.6,-2.9,2017MM05,98.1
52902,A4,320705,52902,4.3,-3.3,2017MM06,94.9
52903,A4,320705,52903,2.2,-1.7,2017MM07,93.3
52904,A4,320705,52904,8.5,2.1,2017MM08,95.3
52905,A4,320705,52905,11.1,4.7,2017MM09,99.8
52906,A4,320705,52906,8.3,1.0,2017MM10,100.8
52907,A4,320705,52907,11.4,2.6,2017MM11,103.5
52908,A4,320705,52908,7.3,0.7,2017MM12,104.1
