,Afzet,BedrijfstakkenBranchesSBI2008,ID,OntwikkelingTOV1JaarEerder_2,OntwikkelingTOV1MaandEerder_3,Perioden,ProducentenprijsindexPPI_1
20514,A6,320705,20514,,,2005MM01,84.6
20515,A6,320705,20515,,0.8,2005MM02,85.3
20516,A6,320705,20516,,2.2,2005MM03,87.2
20517,A6,320705,20517,,0.0,2005MM04,87.2
20518,A6,320705,20518,,-1.4,2005MM05,86.0
20519,A6,320705,20519,,0.3,2005MM06,86.3
20520,A6,320705,20520,,0.5,2005MM07,86.7
20521,A6,320705,20521,,1.1,2005MM08,87.6
20522,A6,320705,20522,,1.4,2005MM09,88.8
20523,A6,320705,20523,,3.1,2005MM10,91.6
20524,A6,320705,20524,,-1.0,2005MM11,90.6
20525,A6,320705,20525,6.5,-1.2,2005MM12,89.6
20527,A6,320705,20527,8.2,2.2,2006MM01,91.5
20528,A6,320705,20528,8.2,0.8,2006MM02,92.2
20529,A6,320705,20529,6.3,0.4,2006MM03,92.7
20530,A6,320705,20530,7.9,1.6,2006MM04,94.1
20531,A6,320705,20531,9.8,0.3,2006MM05,94.4
20532,A6,320705,20532,10.0,0.5,2006MM06,94.9
20533,A6,320705,20533,12.1,2.4,2006MM07,97.2
20534,A6,320705,20534,11.3,0.4,2006MM08,97.5
20535,A6,320705,20535,8.3,-1.3,2006MM09,96.3
20536,A6,320705,20536,5.1,0.0,2006MM10,96.2
20537,A6,320705,20537,5.4,-0.7,2006MM11,95.5
20538,A6,320705,20538,6.4,-0.2,2006MM12,95.3
20540,A6,320705,20540,5.0,0.9,2007MM01,96.1
20541,A6,320705,20541,4.5,0.3,2007MM02,96.4
20542,A6,320705,20542,4.4,0.3,2007MM03,96.7
20543,A6,320705,20543,4.6,1.8,2007MM04,98.5
20544,A6,320705,20544,5.2,0.9,2007MM05,99.4
20545,A6,320705,20545,5.1,0.4,2007MM06,99.8
20546,A6,320705,20546,3.2,0.5,2007MM07,100.3
20547,A6,320705,20547,2.8,0.0,2007MM08,100.2
20548,A6,320705,20548,4.2,0.1,2007MM09,100.3
20549,A6,320705,20549,4.6,0.3,2007MM10,100.6
20550,A6,320705,20550,7.0,1.6,2007MM11,102.2
20551,A6,320705,20551,7.9,0.6,2007MM12,102.8
20553,A6,320705,20553,7.6,0.6,2008MM01,103.5
20554,A6,320705,20554,8.9,1.4,2008MM02,105.0
20555,A6,320705,20555,9.0,0.4,2008MM03,105.4
20556,A6,320705,20556,8.4,1.3,2008MM04,106.7
20557,A6,320705,20557,10.2,2.6,2008MM05,109.5
20558,A6,320705,20558,11.9,1.9,2008MM06,111.6
20559,A6,320705,20559,14.6,3.0,2008MM07,115.0
20560,A6,320705,20560,14.5,-0.2,2008MM08,114.7
20561,A6,320705,20561,14.6,0.2,2008MM09,114.9
20562,A6,320705,20562,8.1,-5.3,2008MM10,108.8
20563,A6,320705,20563,0.4,-5.6,2008MM11,102.7
20564,A6,320705,20564,-8.6,-8.5,2008MM12,93.9
20566,A6,320705,20566,-17.0,-8.6,2009MM01,85.9
20567,A6,320705,20567,-18.8,-0.8,2009MM02,85.2
20568,A6,320705,20568,-19.1,0.0,2009MM03,85.2
20569,A6,320705,20569,-21.1,-1.2,2009MM04,84.2
20570,A6,320705,20570,-22.7,0.6,2009MM05,84.7
20571,A6,320705,20571,-23.2,1.3,2009MM06,85.7
20572,A6,320705,20572,-24.3,1.5,2009MM07,87.0
20573,A6,320705,20573,-22.6,2.0,2009MM08,88.8
20574,A6,320705,20574,-22.6,0.2,2009MM09,89.0
20575,A6,320705,20575,-18.2,-0.1,2009MM10,88.9
20576,A6,320705,20576,-12.9,0.5,2009MM11,89.4
20577,A6,320705,20577,-4.6,0.2,2009MM12,89.6
20579,A6,320705,20579,7.2,2.8,2010MM01,92.1
20580,A6,320705,20580,10.5,2.3,2010MM02,94.2
20581,A6,320705,20581,13.3,2.5,2010MM03,96.6
20582,A6,320705,20582,19.2,4.0,2010MM04,100.4
20583,A6,320705,20583,19.7,1.0,2010MM05,101.4
20584,A6,320705,20584,18.3,0.1,2010MM06,101.4
20585,A6,320705,20585,15.3,-1.1,2010MM07,100.3
20586,A6,320705,20586,12.9,-0.1,2010MM08,100.2
20587,A6,320705,20587,13.9,1.1,2010MM09,101.4
20588,A6,320705,20588,14.8,0.7,2010MM10,102.1
20589,A6,320705,20589,16.1,1.7,2010MM11,103.9
20590,A6,320705,20590,18.5,2.2,2010MM12,106.1
20592,A6,320705,20592,20.3,4.3,2011MM01,110.7
20593,A6,320705,20593,20.7,2.6,2011MM02,113.7
20594,A6,320705,20594,21.2,2.9,2011MM03,117.0
20595,A6,320705,20595,17.8,1.1,2011MM04,118.3
20596,A6,320705,20596,16.3,-0.3,2011MM05,117.9
20597,A6,320705,20597,16.1,-0.1,2011MM06,117.7
20598,A6,320705,20598,17.3,-0.1,2011MM07,117.6
20599,A6,320705,20599,17.0,-0.3,2011MM08,117.2
20600,A6,320705,20600,15.9,0.2,2011MM09,117.5
20601,A6,320705,20601,13.0,-1.9,2011MM10,115.3
20602,A6,320705,20602,10.9,-0.1,2011MM11,115.1
20603,A6,320705,20603,8.2,-0.3,2011MM12,114.8
20605,A6,320705,20605,5.7,2.0,2012MM01,117.1
20606,A6,320705,20606,4.7,1.7,2012MM02,119.0
20607,A6,320705,20607,3.5,1.7,2012MM03,121.1
20608,A6,320705,20608,2.9,0.5,2012MM04,121.7
20609,A6,320705,20609,2.5,-0.7,2012MM05,120.9
20610,A6,320705,20610,-0.3,-2.8,2012MM06,117.4
20611,A6,320705,20611,-1.1,-0.9,2012MM07,116.3
20612,A6,320705,20612,1.7,2.4,2012MM08,119.2
20613,A6,320705,20613,3.0,1.5,2012MM09,121.0
20614,A6,320705,20614,4.4,-0.5,2012MM10,120.4
20615,A6,320705,20615,3.3,-1.2,2012MM11,118.9
20616,A6,320705,20616,3.2,-0.4,2012MM12,118.5
20618,A6,320705,20618,1.4,0.2,2013MM01,118.8
20619,A6,320705,20619,0.8,1.0,2013MM02,120.0
20620,A6,320705,20620,-1.5,-0.6,2013MM03,119.2
20621,A6,320705,20621,-3.8,-1.8,2013MM04,117.0
20622,A6,320705,20622,-4.5,-1.4,2013MM05,115.4
20623,A6,320705,20623,-2.8,-1.1,2013MM06,114.1
20624,A6,320705,20624,-0.9,1.0,2013MM07,115.3
20625,A6,320705,20625,-3.0,0.3,2013MM08,115.6
20626,A6,320705,20626,-4.2,0.2,2013MM09,115.9
20627,A6,320705,20627,-5.2,-1.5,2013MM10,114.1
20628,A6,320705,20628,-4.3,-0.3,2013MM11,113.8
20629,A6,320705,20629,-3.3,0.7,2013MM12,114.6
20631,A6,320705,20631,-3.1,0.4,2014MM01,115.0
20632,A6,320705,20632,-3.9,0.2,2014MM02,115.3
20633,A6,320705,20633,-4.5,-1.2,2014MM03,113.9
20634,A6,320705,20634,-2.1,0.6,2014MM04,114.6
20635,A6,320705,20635,-0.5,0.2,2014MM05,114.8
20636,A6,320705,20636,0.8,0.3,2014MM06,115.1
20637,A6,320705,20637,0.4,0.6,2014MM07,115.7
20638,A6,320705,20638,-0.2,-0.3,2014MM08,115.4
20639,A6,320705,20639,-1.2,-0.8,2014MM09,114.4
20640,A6,320705,20640,-0.2,-0.4,2014MM10,114.0
20641,A6,320705,20641,-2.7,-2.8,2014MM11,110.8
20642,A6,320705,20642,-8.9,-5.7,2014MM12,104.4
20644,A6,320705,20644,-14.8,-6.1,2015MM01,98.0
20645,A6,320705,20645,-14.9,0.1,2015MM02,98.2
20646,A6,320705,20646,-10.1,4.3,2015MM03,102.4
20647,A6,320705,20647,-7.2,3.8,2015MM04,106.3
20648,A6,320705,20648,-5.3,2.3,2015MM05,108.7
20649,A6,320705,20649,-5.1,0.4,2015MM06,109.2
20650,A6,320705,20650,-6.3,-0.6,2015MM07,108.5
20651,A6,320705,20651,-9.5,-3.7,2015MM08,104.5
20652,A6,320705,20652,-12.8,-4.6,2015MM09,99.7
20653,A6,320705,20653,-14.9,-2.8,2015MM10,96.9
20654,A6,320705,20654,-12.7,-0.3,2015MM11,96.7
20655,A6,320705,20655,-8.4,-1.1,2015MM12,95.6
20657,A6,320705,20657,-5.4,-3.0,2016MM01,92.7
20658,A6,320705,20658,-8.3,-2.9,2016MM02,90.1
20659,A6,320705,20659,-11.5,0.6,2016MM03,90.6
20660,A6,320705,20660,-13.2,1.8,2016MM04,92.2
20661,A6,320705,20661,-13.5,2.0,2016MM05,94.1
20662,A6,320705,20662,-13.1,0.9,2016MM06,94.9
20663,A6,320705,20663,-12.5,0.0,2016MM07,94.9
20664,A6,320705,20664,-10.3,-1.2,2016MM08,93.8
20665,A6,320705,20665,-5.4,0.7,2016MM09,94.4
20666,A6,320705,20666,-1.0,1.7,2016MM10,96.0
20667,A6,320705,20667,-0.4,0.3,2016MM11,96.3
20668,A6,320705,20668,3.4,2.7,2016MM12,98.9
20670,A6,320705,20670,10.6,3.7,2017MM01,102.6
20671,A6,320705,20671,17.2,2.9,2017MM02,105.5
20672,A6,320705,20672,17.6,1.0,2017MM03,106.5
20673,A6,320705,20673,14.0,-1.3,2017MM04,105.1
20674,A6,320705,20674,9.4,-2.1,2017MM05,102.9
20675,A6,320705,20675,6.0,-2.2,2017MM06,100.6
20676,A6,320705,20676,3.8,-2.1,2017MM07,98.5
20677,A6,320705,20677,6.0,0.9,2017MM08,99.4
20678,A6,320705,20678,8.1,2.6,2017MM09,102.0
20679,A6,320705,20679,7.3,1.0,2017MM10,103.0
20680,A6,320705,20680,8.2,1.1,2017MM11,104.2
20681,A6,320705,20681,6.8,1.3,2017MM12,105.6
