,Afzet,BedrijfstakkenBranchesSBI2008,ID,OntwikkelingTOV1JaarEerder_2,OntwikkelingTOV1MaandEerder_3,Perioden,ProducentenprijsindexPPI_1
85618,A5,323200,85618,1.33846153846,-0.15,1981MM01,77.3
85619,A5,323200,85619,1.37692307692,-0.4,1981MM02,77.0
85620,A5,323200,85620,1.41538461538,0.4,1981MM03,77.3
85621,A5,323200,85621,1.45384615385,0.4,1981MM04,77.6
85622,A5,323200,85622,1.49230769231,0.2,1981MM05,77.7
85623,A5,323200,85623,1.53076923077,0.1,1981MM06,77.8
85624,A5,323200,85624,1.56923076923,-0.8,1981MM07,77.2
85625,A5,323200,85625,1.60769230769,0.9,1981MM08,77.9
85626,A5,323200,85626,1.64615384615,0.8,1981MM09,78.5
85627,A5,323200,85627,1.68461538462,0.0,1981MM10,78.5
85628,A5,323200,85628,1.72307692308,-0.5,1981MM11,78.1
85629,A5,323200,85629,1.76153846154,0.6,1981MM12,78.6
85631,A5,323200,85631,1.8,0.2,1982MM01,78.7
85632,A5,323200,85632,2.8,0.5,1982MM02,79.1
85633,A5,323200,85633,1.9,-0.4,1982MM03,78.8
85634,A5,323200,85634,2.0,0.5,1982MM04,79.1
85635,A5,323200,85635,1.3,-0.5,1982MM05,78.8
85636,A5,323200,85636,1.1,-0.2,1982MM06,78.6
85637,A5,323200,85637,3.1,1.2,1982MM07,79.6
85638,A5,323200,85638,3.7,1.5,1982MM08,80.8
85639,A5,323200,85639,2.8,0.0,1982MM09,80.7
85640,A5,323200,85640,5.5,2.6,1982MM10,82.8
85641,A5,323200,85641,5.5,-0.5,1982MM11,82.4
85642,A5,323200,85642,5.2,0.2,1982MM12,82.6
85644,A5,323200,85644,5.7,0.7,1983MM01,83.2
85645,A5,323200,85645,6.1,0.9,1983MM02,83.9
85646,A5,323200,85646,5.6,-0.9,1983MM03,83.2
85647,A5,323200,85647,6.4,1.2,1983MM04,84.2
85648,A5,323200,85648,8.7,1.6,1983MM05,85.6
85649,A5,323200,85649,9.0,0.1,1983MM06,85.7
85650,A5,323200,85650,9.2,1.4,1983MM07,86.9
85651,A5,323200,85651,8.4,0.8,1983MM08,87.6
85652,A5,323200,85652,8.3,-0.2,1983MM09,87.4
85653,A5,323200,85653,5.5,-0.1,1983MM10,87.3
85654,A5,323200,85654,6.7,0.7,1983MM11,87.9
85655,A5,323200,85655,7.0,0.5,1983MM12,88.4
85657,A5,323200,85657,8.9,2.5,1984MM01,90.6
85658,A5,323200,85658,7.2,-0.7,1984MM02,90.0
85659,A5,323200,85659,7.8,-0.4,1984MM03,89.6
85660,A5,323200,85660,6.9,0.4,1984MM04,90.0
85661,A5,323200,85661,5.7,0.5,1984MM05,90.5
85662,A5,323200,85662,3.0,-2.4,1984MM06,88.3
85663,A5,323200,85663,1.8,0.1,1984MM07,88.4
85664,A5,323200,85664,1.3,0.4,1984MM08,88.7
85665,A5,323200,85665,2.2,0.7,1984MM09,89.4
85666,A5,323200,85666,2.6,0.3,1984MM10,89.6
85667,A5,323200,85667,2.4,0.4,1984MM11,90.0
85668,A5,323200,85668,2.3,0.5,1984MM12,90.4
85670,A5,323200,85670,1.4,1.6,1985MM01,91.9
85671,A5,323200,85671,1.4,-0.7,1985MM02,91.2
85672,A5,323200,85672,2.2,0.5,1985MM03,91.6
85673,A5,323200,85673,2.3,0.5,1985MM04,92.1
85674,A5,323200,85674,1.7,-0.1,1985MM05,92.0
85675,A5,323200,85675,4.3,0.1,1985MM06,92.1
85676,A5,323200,85676,4.2,0.0,1985MM07,92.1
85677,A5,323200,85677,3.9,0.0,1985MM08,92.2
85678,A5,323200,85678,3.1,0.0,1985MM09,92.1
85679,A5,323200,85679,3.3,0.4,1985MM10,92.6
85680,A5,323200,85680,2.9,0.1,1985MM11,92.7
85681,A5,323200,85681,2.6,0.1,1985MM12,92.8
85683,A5,323200,85683,0.7,-0.3,1986MM01,92.5
85684,A5,323200,85684,1.4,0.0,1986MM02,92.5
85685,A5,323200,85685,1.1,0.2,1986MM03,92.7
85686,A5,323200,85686,0.4,-0.2,1986MM04,92.5
85687,A5,323200,85687,0.8,0.2,1986MM05,92.7
85688,A5,323200,85688,0.8,0.1,1986MM06,92.8
85689,A5,323200,85689,0.9,0.2,1986MM07,93.0
85690,A5,323200,85690,0.7,-0.1,1986MM08,92.8
85691,A5,323200,85691,0.3,-0.5,1986MM09,92.4
85692,A5,323200,85692,-0.4,-0.3,1986MM10,92.1
85693,A5,323200,85693,-0.6,0.0,1986MM11,92.1
85694,A5,323200,85694,-0.9,-0.2,1986MM12,91.9
85696,A5,323200,85696,-0.3,0.3,1987MM01,92.2
85697,A5,323200,85697,-0.3,0.0,1987MM02,92.2
85698,A5,323200,85698,-0.7,-0.2,1987MM03,92.0
85699,A5,323200,85699,-0.2,0.3,1987MM04,92.3
85700,A5,323200,85700,-0.6,-0.2,1987MM05,92.2
85701,A5,323200,85701,-0.6,0.1,1987MM06,92.2
85702,A5,323200,85702,-0.6,0.2,1987MM07,92.4
85703,A5,323200,85703,-0.8,-0.3,1987MM08,92.1
85704,A5,323200,85704,-0.4,-0.1,1987MM09,92.0
85705,A5,323200,85705,0.0,0.1,1987MM10,92.1
85706,A5,323200,85706,-0.2,-0.2,1987MM11,92.0
85707,A5,323200,85707,0.0,-0.1,1987MM12,91.9
85709,A5,323200,85709,-0.6,-0.3,1988MM01,91.7
85710,A5,323200,85710,-0.7,-0.1,1988MM02,91.6
85711,A5,323200,85711,-0.4,0.1,1988MM03,91.7
85712,A5,323200,85712,-0.8,-0.1,1988MM04,91.6
85713,A5,323200,85713,-0.4,0.2,1988MM05,91.8
85714,A5,323200,85714,-0.7,-0.2,1988MM06,91.6
85715,A5,323200,85715,-0.9,0.0,1988MM07,91.6
85716,A5,323200,85716,-0.7,-0.1,1988MM08,91.4
85717,A5,323200,85717,-0.6,0.0,1988MM09,91.4
85718,A5,323200,85718,-0.6,0.2,1988MM10,91.6
85719,A5,323200,85719,0.1,0.5,1988MM11,92.1
85720,A5,323200,85720,0.2,0.0,1988MM12,92.1
85722,A5,323200,85722,0.0,-0.4,1989MM01,91.7
85723,A5,323200,85723,0.1,0.0,1989MM02,91.7
85724,A5,323200,85724,-0.3,-0.3,1989MM03,91.4
85725,A5,323200,85725,0.0,0.3,1989MM04,91.6
85726,A5,323200,85726,1.2,1.4,1989MM05,92.9
85727,A5,323200,85727,1.2,-0.2,1989MM06,92.7
85728,A5,323200,85728,1.5,0.2,1989MM07,92.9
85729,A5,323200,85729,1.5,-0.1,1989MM08,92.8
85730,A5,323200,85730,1.6,0.1,1989MM09,92.9
85731,A5,323200,85731,1.4,-0.1,1989MM10,92.8
85732,A5,323200,85732,0.7,-0.1,1989MM11,92.7
85733,A5,323200,85733,0.4,-0.3,1989MM12,92.5
85735,A5,323200,85735,1.0,0.1,1990MM01,92.5
85736,A5,323200,85736,1.4,0.5,1990MM02,93.0
85737,A5,323200,85737,1.3,-0.4,1990MM03,92.6
85738,A5,323200,85738,1.0,0.0,1990MM04,92.6
85739,A5,323200,85739,-0.6,-0.2,1990MM05,92.3
85740,A5,323200,85740,-0.2,0.3,1990MM06,92.6
85741,A5,323200,85741,-0.4,0.0,1990MM07,92.6
85742,A5,323200,85742,-0.5,-0.3,1990MM08,92.3
85743,A5,323200,85743,-0.8,-0.1,1990MM09,92.2
85744,A5,323200,85744,-0.9,-0.2,1990MM10,92.0
85745,A5,323200,85745,-1.0,-0.3,1990MM11,91.8
85746,A5,323200,85746,-1.1,-0.3,1990MM12,91.5
85748,A5,323200,85748,-1.1,0.0,1991MM01,91.5
85749,A5,323200,85749,-0.3,1.3,1991MM02,92.7
85750,A5,323200,85750,-0.8,-0.9,1991MM03,91.9
85751,A5,323200,85751,-0.9,-0.2,1991MM04,91.7
85752,A5,323200,85752,-0.2,0.5,1991MM05,92.2
85753,A5,323200,85753,0.2,0.6,1991MM06,92.7
85754,A5,323200,85754,0.3,0.1,1991MM07,92.9
85755,A5,323200,85755,0.8,0.2,1991MM08,93.0
85756,A5,323200,85756,0.7,-0.2,1991MM09,92.9
85757,A5,323200,85757,1.2,0.2,1991MM10,93.1
85758,A5,323200,85758,1.6,0.1,1991MM11,93.2
85759,A5,323200,85759,2.1,0.2,1991MM12,93.4
85761,A5,323200,85761,1.8,-0.2,1992MM01,93.1
85762,A5,323200,85762,0.2,-0.3,1992MM02,92.9
85763,A5,323200,85763,1.3,0.2,1992MM03,93.1
85764,A5,323200,85764,1.4,-0.2,1992MM04,92.9
85765,A5,323200,85765,1.2,0.3,1992MM05,93.3
85766,A5,323200,85766,0.3,-0.2,1992MM06,93.1
85767,A5,323200,85767,0.4,0.2,1992MM07,93.2
85768,A5,323200,85768,0.2,0.0,1992MM08,93.2
85769,A5,323200,85769,0.6,0.2,1992MM09,93.4
85770,A5,323200,85770,0.1,-0.2,1992MM10,93.2
85771,A5,323200,85771,-0.2,-0.1,1992MM11,93.1
85772,A5,323200,85772,-0.4,-0.1,1992MM12,92.9
85774,A5,323200,85774,-0.4,-0.2,1993MM01,92.8
85775,A5,323200,85775,0.2,0.4,1993MM02,93.1
85776,A5,323200,85776,-0.3,-0.3,1993MM03,92.8
85777,A5,323200,85777,-0.5,-0.4,1993MM04,92.5
85778,A5,323200,85778,-0.5,0.4,1993MM05,92.8
85779,A5,323200,85779,-0.3,0.0,1993MM06,92.8
85780,A5,323200,85780,-0.7,-0.2,1993MM07,92.6
85781,A5,323200,85781,-0.5,0.2,1993MM08,92.7
85782,A5,323200,85782,-0.4,0.4,1993MM09,93.1
85783,A5,323200,85783,-0.4,-0.3,1993MM10,92.8
85784,A5,323200,85784,0.1,0.4,1993MM11,93.2
85785,A5,323200,85785,-0.1,-0.4,1993MM12,92.8
85787,A5,323200,85787,-1.3,-1.4,1994MM01,91.5
85788,A5,323200,85788,-1.9,-0.2,1994MM02,91.4
85789,A5,323200,85789,-1.1,0.4,1994MM03,91.8
85790,A5,323200,85790,-0.7,0.1,1994MM04,91.9
85791,A5,323200,85791,-0.4,0.7,1994MM05,92.5
85792,A5,323200,85792,-0.5,-0.2,1994MM06,92.3
85793,A5,323200,85793,-0.2,0.2,1994MM07,92.5
85794,A5,323200,85794,-0.4,-0.1,1994MM08,92.4
85795,A5,323200,85795,-0.5,0.2,1994MM09,92.6
85796,A5,323200,85796,-0.4,-0.2,1994MM10,92.4
85797,A5,323200,85797,-0.9,-0.1,1994MM11,92.3
85798,A5,323200,85798,-0.4,0.1,1994MM12,92.4
85800,A5,323200,85800,1.0,0.0,1995MM01,92.4
85801,A5,323200,85801,1.0,-0.1,1995MM02,92.3
85802,A5,323200,85802,0.3,-0.3,1995MM03,92.1
85803,A5,323200,85803,0.3,0.1,1995MM04,92.1
85804,A5,323200,85804,-0.3,0.1,1995MM05,92.2
85805,A5,323200,85805,-0.4,-0.3,1995MM06,91.9
85806,A5,323200,85806,0.3,0.9,1995MM07,92.7
85807,A5,323200,85807,-0.1,-0.5,1995MM08,92.3
85808,A5,323200,85808,0.8,1.2,1995MM09,93.4
85809,A5,323200,85809,1.0,0.0,1995MM10,93.4
85810,A5,323200,85810,0.2,-0.9,1995MM11,92.5
85811,A5,323200,85811,1.0,0.9,1995MM12,93.4
85813,A5,323200,85813,1.1,0.1,1996MM01,93.5
85814,A5,323200,85814,1.4,0.2,1996MM02,93.6
85815,A5,323200,85815,1.9,0.2,1996MM03,93.8
85816,A5,323200,85816,1.3,-0.5,1996MM04,93.3
85817,A5,323200,85817,1.3,0.0,1996MM05,93.4
85818,A5,323200,85818,2.9,1.3,1996MM06,94.6
85819,A5,323200,85819,1.8,-0.2,1996MM07,94.4
85820,A5,323200,85820,2.5,0.2,1996MM08,94.6
85821,A5,323200,85821,0.8,-0.5,1996MM09,94.1
85822,A5,323200,85822,0.8,0.0,1996MM10,94.1
85823,A5,323200,85823,2.0,0.3,1996MM11,94.4
85824,A5,323200,85824,1.4,0.3,1996MM12,94.7
85826,A5,323200,85826,1.3,0.0,1997MM01,94.7
85827,A5,323200,85827,1.6,0.5,1997MM02,95.1
85828,A5,323200,85828,2.2,0.8,1997MM03,95.9
85829,A5,323200,85829,2.7,0.0,1997MM04,95.9
85830,A5,323200,85830,1.4,-1.3,1997MM05,94.7
85831,A5,323200,85831,1.4,1.3,1997MM06,95.9
85832,A5,323200,85832,0.9,-0.7,1997MM07,95.2
85833,A5,323200,85833,2.6,1.9,1997MM08,97.0
85834,A5,323200,85834,2.4,-0.7,1997MM09,96.4
85835,A5,323200,85835,2.9,0.5,1997MM10,96.9
85836,A5,323200,85836,2.0,-0.6,1997MM11,96.3
85837,A5,323200,85837,2.7,1.0,1997MM12,97.2
85839,A5,323200,85839,2.6,-0.1,1998MM01,97.1
85840,A5,323200,85840,2.6,0.6,1998MM02,97.6
85841,A5,323200,85841,1.5,-0.2,1998MM03,97.4
85842,A5,323200,85842,1.9,0.3,1998MM04,97.7
85843,A5,323200,85843,2.3,-0.9,1998MM05,96.8
85844,A5,323200,85844,1.0,0.1,1998MM06,96.9
85845,A5,323200,85845,1.9,0.1,1998MM07,97.0
85846,A5,323200,85846,-0.8,-0.7,1998MM08,96.3
85847,A5,323200,85847,-0.5,-0.4,1998MM09,95.9
85848,A5,323200,85848,-1.4,-0.4,1998MM10,95.5
85849,A5,323200,85849,-0.7,0.0,1998MM11,95.6
85850,A5,323200,85850,-2.3,-0.6,1998MM12,95.0
85852,A5,323200,85852,-2.7,-0.6,1999MM01,94.5
85853,A5,323200,85853,-3.1,0.1,1999MM02,94.6
85854,A5,323200,85854,-2.8,0.2,1999MM03,94.7
85855,A5,323200,85855,-3.5,-0.4,1999MM04,94.3
85856,A5,323200,85856,-2.3,0.3,1999MM05,94.6
85857,A5,323200,85857,-2.0,0.3,1999MM06,94.9
85858,A5,323200,85858,-2.6,-0.5,1999MM07,94.5
85859,A5,323200,85859,-2.3,-0.4,1999MM08,94.1
85860,A5,323200,85860,-1.7,0.2,1999MM09,94.3
85861,A5,323200,85861,-1.7,-0.4,1999MM10,93.9
85862,A5,323200,85862,-1.4,0.3,1999MM11,94.2
85863,A5,323200,85863,-0.4,0.4,1999MM12,94.6
85865,A5,323200,85865,0.3,0.2,2000MM01,94.8
85866,A5,323200,85866,0.5,0.3,2000MM02,95.1
85867,A5,323200,85867,0.7,0.3,2000MM03,95.3
85868,A5,323200,85868,2.1,1.0,2000MM04,96.3
85869,A5,323200,85869,1.6,-0.2,2000MM05,96.0
85870,A5,323200,85870,1.0,-0.2,2000MM06,95.8
85871,A5,323200,85871,1.8,0.3,2000MM07,96.1
85872,A5,323200,85872,2.0,-0.2,2000MM08,96.0
85873,A5,323200,85873,1.8,0.0,2000MM09,95.9
85874,A5,323200,85874,2.4,0.2,2000MM10,96.2
85875,A5,323200,85875,1.8,-0.2,2000MM11,95.9
85876,A5,323200,85876,1.0,-0.4,2000MM12,95.5
85878,A5,323200,85878,1.3,0.5,2001MM01,96.0
85879,A5,323200,85879,1.4,0.4,2001MM02,96.4
85880,A5,323200,85880,2.5,1.4,2001MM03,97.7
85881,A5,323200,85881,0.9,-0.6,2001MM04,97.1
85882,A5,323200,85882,0.9,-0.2,2001MM05,96.9
85883,A5,323200,85883,1.2,0.0,2001MM06,96.9
85884,A5,323200,85884,0.5,-0.3,2001MM07,96.6
85885,A5,323200,85885,0.6,-0.1,2001MM08,96.5
85886,A5,323200,85886,0.3,-0.3,2001MM09,96.2
85887,A5,323200,85887,-0.5,-0.6,2001MM10,95.7
85888,A5,323200,85888,-0.4,-0.1,2001MM11,95.6
85889,A5,323200,85889,-0.4,-0.4,2001MM12,95.2
85891,A5,323200,85891,-1.4,-0.5,2002MM01,94.7
85892,A5,323200,85892,-2.2,-0.4,2002MM02,94.3
85893,A5,323200,85893,-3.0,0.5,2002MM03,94.8
85894,A5,323200,85894,-2.3,0.2,2002MM04,94.9
85895,A5,323200,85895,-1.7,0.3,2002MM05,95.3
85896,A5,323200,85896,-2.4,-0.6,2002MM06,94.6
85897,A5,323200,85897,-1.7,0.3,2002MM07,95.0
85898,A5,323200,85898,-1.2,0.4,2002MM08,95.4
85899,A5,323200,85899,-1.2,-0.4,2002MM09,95.0
85900,A5,323200,85900,-0.6,0.0,2002MM10,95.1
85901,A5,323200,85901,-0.7,-0.2,2002MM11,94.9
85902,A5,323200,85902,-0.3,0.0,2002MM12,94.9
85904,A5,323200,85904,0.2,0.0,2003MM01,94.8
85905,A5,323200,85905,0.5,-0.1,2003MM02,94.7
85906,A5,323200,85906,0.1,0.1,2003MM03,94.8
85907,A5,323200,85907,-0.2,-0.1,2003MM04,94.7
85908,A5,323200,85908,-1.0,-0.5,2003MM05,94.3
85909,A5,323200,85909,-0.4,0.0,2003MM06,94.3
85910,A5,323200,85910,-0.5,0.2,2003MM07,94.5
85911,A5,323200,85911,-1.3,-0.3,2003MM08,94.2
85912,A5,323200,85912,-0.8,0.2,2003MM09,94.3
85913,A5,323200,85913,-1.3,-0.5,2003MM10,93.9
85914,A5,323200,85914,-0.8,0.2,2003MM11,94.1
85915,A5,323200,85915,-1.0,-0.2,2003MM12,93.9
85917,A5,323200,85917,-1.2,-0.2,2004MM01,93.7
85918,A5,323200,85918,-1.1,0.0,2004MM02,93.7
85919,A5,323200,85919,-1.1,0.1,2004MM03,93.8
85920,A5,323200,85920,0.5,1.5,2004MM04,95.2
85921,A5,323200,85921,1.1,0.1,2004MM05,95.3
85922,A5,323200,85922,1.1,0.0,2004MM06,95.3
85923,A5,323200,85923,1.3,0.4,2004MM07,95.7
85924,A5,323200,85924,1.6,0.0,2004MM08,95.7
85925,A5,323200,85925,1.7,0.3,2004MM09,95.9
85926,A5,323200,85926,3.0,0.8,2004MM10,96.7
85927,A5,323200,85927,2.8,0.1,2004MM11,96.7
85928,A5,323200,85928,2.4,-0.6,2004MM12,96.2
85930,A5,323200,85930,2.23076923077,-0.2,2005MM01,98.5
85931,A5,323200,85931,2.06153846154,0.2,2005MM02,98.7
85932,A5,323200,85932,1.89230769231,0.3,2005MM03,98.9
85933,A5,323200,85933,1.72307692308,0.0,2005MM04,98.9
85934,A5,323200,85934,1.55384615385,0.6,2005MM05,99.5
85935,A5,323200,85935,1.38461538462,0.0,2005MM06,99.6
85936,A5,323200,85936,1.21538461538,-0.2,2005MM07,99.3
85937,A5,323200,85937,1.04615384615,-0.1,2005MM08,99.2
85938,A5,323200,85938,0.876923076923,0.2,2005MM09,99.4
85939,A5,323200,85939,0.707692307692,0.7,2005MM10,100.1
85940,A5,323200,85940,0.538461538462,0.0,2005MM11,100.1
85941,A5,323200,85941,0.369230769231,-0.3,2005MM12,99.9
85943,A5,323200,85943,0.2,-1.2,2006MM01,98.7
85944,A5,323200,85944,0.3,0.2,2006MM02,98.9
85945,A5,323200,85945,0.1,0.0,2006MM03,99.0
85946,A5,323200,85946,0.2,0.1,2006MM04,99.1
85947,A5,323200,85947,-0.6,-0.1,2006MM05,99.0
85948,A5,323200,85948,-0.4,0.2,2006MM06,99.2
85949,A5,323200,85949,1.3,1.4,2006MM07,100.6
85950,A5,323200,85950,1.5,0.1,2006MM08,100.7
85951,A5,323200,85951,1.3,0.0,2006MM09,100.7
85952,A5,323200,85952,0.7,0.1,2006MM10,100.8
85953,A5,323200,85953,0.5,-0.2,2006MM11,100.7
85954,A5,323200,85954,0.6,-0.2,2006MM12,100.5
85956,A5,323200,85956,1.7,-0.1,2007MM01,100.3
85957,A5,323200,85957,1.4,-0.1,2007MM02,100.3
85958,A5,323200,85958,1.3,0.0,2007MM03,100.3
85959,A5,323200,85959,1.6,0.4,2007MM04,100.7
85960,A5,323200,85960,1.9,0.2,2007MM05,100.9
85961,A5,323200,85961,1.8,0.1,2007MM06,101.0
85962,A5,323200,85962,0.4,0.0,2007MM07,101.0
85963,A5,323200,85963,0.5,0.2,2007MM08,101.2
85964,A5,323200,85964,0.4,-0.1,2007MM09,101.1
85965,A5,323200,85965,0.4,0.1,2007MM10,101.2
85966,A5,323200,85966,0.4,-0.2,2007MM11,101.0
85967,A5,323200,85967,0.7,0.2,2007MM12,101.2
85969,A5,323200,85969,0.7,-0.2,2008MM01,101.0
85970,A5,323200,85970,1.2,0.5,2008MM02,101.5
85971,A5,323200,85971,0.9,-0.4,2008MM03,101.2
85972,A5,323200,85972,3.5,3.1,2008MM04,104.3
85973,A5,323200,85973,3.8,0.4,2008MM05,104.7
85974,A5,323200,85974,3.5,-0.1,2008MM06,104.6
85975,A5,323200,85975,3.9,0.3,2008MM07,104.9
85976,A5,323200,85976,4.0,0.4,2008MM08,105.3
85977,A5,323200,85977,4.5,0.3,2008MM09,105.7
85978,A5,323200,85978,4.7,0.3,2008MM10,106.0
85979,A5,323200,85979,4.3,-0.5,2008MM11,105.4
85980,A5,323200,85980,2.9,-1.2,2008MM12,104.1
85982,A5,323200,85982,1.9,-1.1,2009MM01,102.9
85983,A5,323200,85983,-3.4,-4.7,2009MM02,98.1
85984,A5,323200,85984,-3.1,-0.1,2009MM03,98.1
85985,A5,323200,85985,-6.7,-0.8,2009MM04,97.2
85986,A5,323200,85986,-7.2,-0.1,2009MM05,97.1
85987,A5,323200,85987,-7.1,0.1,2009MM06,97.2
85988,A5,323200,85988,-6.9,0.6,2009MM07,97.7
85989,A5,323200,85989,-7.1,0.1,2009MM08,97.8
85990,A5,323200,85990,-7.8,-0.4,2009MM09,97.4
85991,A5,323200,85991,-8.1,-0.1,2009MM10,97.4
85992,A5,323200,85992,-7.5,0.2,2009MM11,97.6
85993,A5,323200,85993,-6.1,0.2,2009MM12,97.8
85995,A5,323200,85995,-4.5,0.5,2010MM01,98.3
85996,A5,323200,85996,0.8,0.6,2010MM02,98.9
85997,A5,323200,85997,1.2,0.4,2010MM03,99.3
85998,A5,323200,85998,2.7,0.6,2010MM04,99.8
85999,A5,323200,85999,3.4,0.6,2010MM05,100.4
86000,A5,323200,86000,3.7,0.3,2010MM06,100.8
86001,A5,323200,86001,2.9,-0.2,2010MM07,100.5
86002,A5,323200,86002,2.7,-0.1,2010MM08,100.4
86003,A5,323200,86003,3.2,0.2,2010MM09,100.6
86004,A5,323200,86004,2.5,-0.8,2010MM10,99.8
86005,A5,323200,86005,2.7,0.4,2010MM11,100.2
86006,A5,323200,86006,3.3,0.8,2010MM12,101.0
86008,A5,323200,86008,5.2,2.4,2011MM01,103.4
86009,A5,323200,86009,4.7,0.1,2011MM02,103.5
86010,A5,323200,86010,4.2,-0.1,2011MM03,103.4
86011,A5,323200,86011,3.1,-0.5,2011MM04,102.9
86012,A5,323200,86012,2.7,0.2,2011MM05,103.1
86013,A5,323200,86013,2.4,0.0,2011MM06,103.2
86014,A5,323200,86014,2.7,0.1,2011MM07,103.3
86015,A5,323200,86015,2.8,0.0,2011MM08,103.3
86016,A5,323200,86016,2.8,0.1,2011MM09,103.4
86017,A5,323200,86017,3.9,0.3,2011MM10,103.7
86018,A5,323200,86018,3.5,0.0,2011MM11,103.7
86019,A5,323200,86019,2.9,0.2,2011MM12,103.9
86021,A5,323200,86021,-1.1,-1.6,2012MM01,102.2
86022,A5,323200,86022,-1.3,-0.1,2012MM02,102.1
86023,A5,323200,86023,-1.0,0.2,2012MM03,102.3
86024,A5,323200,86024,-0.3,0.3,2012MM04,102.6
86025,A5,323200,86025,0.1,0.6,2012MM05,103.2
86026,A5,323200,86026,0.2,0.1,2012MM06,103.4
86027,A5,323200,86027,0.3,0.2,2012MM07,103.6
86028,A5,323200,86028,0.4,0.1,2012MM08,103.7
86029,A5,323200,86029,0.0,-0.3,2012MM09,103.3
86030,A5,323200,86030,-0.7,-0.3,2012MM10,103.0
86031,A5,323200,86031,-0.5,0.1,2012MM11,103.1
86032,A5,323200,86032,-1.1,-0.4,2012MM12,102.7
86034,A5,323200,86034,-0.1,-0.6,2013MM01,102.1
86035,A5,323200,86035,-0.4,-0.4,2013MM02,101.7
86036,A5,323200,86036,-0.2,0.4,2013MM03,102.2
86037,A5,323200,86037,-0.5,-0.1,2013MM04,102.1
86038,A5,323200,86038,-1.2,-0.1,2013MM05,102.0
86039,A5,323200,86039,-1.6,-0.2,2013MM06,101.7
86040,A5,323200,86040,-1.7,0.1,2013MM07,101.8
86041,A5,323200,86041,-1.9,-0.2,2013MM08,101.7
86042,A5,323200,86042,-1.4,0.2,2013MM09,101.9
86043,A5,323200,86043,-1.2,-0.2,2013MM10,101.7
86044,A5,323200,86044,-1.3,0.1,2013MM11,101.8
86045,A5,323200,86045,-0.9,-0.1,2013MM12,101.8
86047,A5,323200,86047,-0.4,-0.1,2014MM01,101.7
86048,A5,323200,86048,0.0,0.0,2014MM02,101.7
86049,A5,323200,86049,-0.8,-0.3,2014MM03,101.4
86050,A5,323200,86050,-1.9,-1.2,2014MM04,100.1
86051,A5,323200,86051,-1.7,0.1,2014MM05,100.2
86052,A5,323200,86052,-1.3,0.2,2014MM06,100.4
86053,A5,323200,86053,-1.0,0.3,2014MM07,100.8
86054,A5,323200,86054,-0.6,0.2,2014MM08,101.0
86055,A5,323200,86055,-0.7,0.1,2014MM09,101.1
86056,A5,323200,86056,0.3,0.8,2014MM10,102.0
86057,A5,323200,86057,0.0,-0.2,2014MM11,101.8
86058,A5,323200,86058,-0.5,-0.6,2014MM12,101.3
86060,A5,323200,86060,-2.3,-1.9,2015MM01,99.4
86061,A5,323200,86061,-2.1,0.2,2015MM02,99.6
86062,A5,323200,86062,-0.9,0.9,2015MM03,100.5
86063,A5,323200,86063,1.4,1.1,2015MM04,101.6
86064,A5,323200,86064,1.6,0.3,2015MM05,101.8
86065,A5,323200,86065,1.4,0.0,2015MM06,101.8
86066,A5,323200,86066,1.6,0.6,2015MM07,102.4
86067,A5,323200,86067,0.7,-0.7,2015MM08,101.7
86068,A5,323200,86068,-0.5,-1.1,2015MM09,100.6
86069,A5,323200,86069,-1.8,-0.5,2015MM10,100.2
86070,A5,323200,86070,-1.2,0.5,2015MM11,100.6
86071,A5,323200,86071,-1.0,-0.4,2015MM12,100.2
86073,A5,323200,86073,0.5,-0.3,2016MM01,99.9
86074,A5,323200,86074,-0.3,-0.6,2016MM02,99.3
86075,A5,323200,86075,-1.3,-0.1,2016MM03,99.2
86076,A5,323200,86076,-1.8,0.5,2016MM04,99.7
86077,A5,323200,86077,-1.7,0.4,2016MM05,100.1
86078,A5,323200,86078,-1.8,-0.1,2016MM06,100.0
86079,A5,323200,86079,-2.6,-0.3,2016MM07,99.7
86080,A5,323200,86080,-2.1,-0.1,2016MM08,99.6
86081,A5,323200,86081,-1.1,-0.1,2016MM09,99.5
86082,A5,323200,86082,-1.3,-0.6,2016MM10,98.9
86083,A5,323200,86083,-1.3,0.5,2016MM11,99.4
86084,A5,323200,86084,-0.3,0.6,2016MM12,99.9
86086,A5,323200,86086,0.2,0.2,2017MM01,100.1
86087,A5,323200,86087,1.4,0.6,2017MM02,100.7
86088,A5,323200,86088,1.5,0.0,2017MM03,100.7
86089,A5,323200,86089,1.1,0.1,2017MM04,100.8
86090,A5,323200,86090,0.3,-0.4,2017MM05,100.4
86091,A5,323200,86091,-0.3,-0.7,2017MM06,99.7
86092,A5,323200,86092,-1.4,-1.4,2017MM07,98.3
86093,A5,323200,86093,-1.6,-0.4,2017MM08,97.9
86094,A5,323200,86094,-1.1,0.5,2017MM09,98.4
86095,A5,323200,86095,-0.5,0.0,2017MM10,98.4
86096,A5,323200,86096,-0.8,0.1,2017MM11,98.5
86097,A5,323200,86097,-1.1,0.3,2017MM12,98.8
