,Afzet,BedrijfstakkenBranchesSBI2008,ID,OntwikkelingTOV1JaarEerder_2,OntwikkelingTOV1MaandEerder_3,Perioden,ProducentenprijsindexPPI_1
21164,A6,323200,21164,,,1981MM01,74.8
21165,A6,323200,21165,,-0.2,1981MM02,74.7
21166,A6,323200,21166,,0.3,1981MM03,74.9
21167,A6,323200,21167,,0.4,1981MM04,75.2
21168,A6,323200,21168,,0.1,1981MM05,75.3
21169,A6,323200,21169,,0.1,1981MM06,75.4
21170,A6,323200,21170,,-0.5,1981MM07,75.0
21171,A6,323200,21171,,0.9,1981MM08,75.7
21172,A6,323200,21172,,0.7,1981MM09,76.3
21173,A6,323200,21173,,0.1,1981MM10,76.3
21174,A6,323200,21174,,-0.3,1981MM11,76.1
21175,A6,323200,21175,,0.4,1981MM12,76.4
21177,A6,323200,21177,2.9,0.9,1982MM01,77.0
21178,A6,323200,21178,3.6,0.5,1982MM02,77.4
21179,A6,323200,21179,3.1,-0.2,1982MM03,77.2
21180,A6,323200,21180,3.1,0.4,1982MM04,77.5
21181,A6,323200,21181,2.6,-0.3,1982MM05,77.3
21182,A6,323200,21182,2.4,-0.2,1982MM06,77.1
21183,A6,323200,21183,3.5,0.7,1982MM07,77.6
21184,A6,323200,21184,3.6,1.0,1982MM08,78.4
21185,A6,323200,21185,2.9,0.1,1982MM09,78.5
21186,A6,323200,21186,4.9,2.0,1982MM10,80.0
21187,A6,323200,21187,4.9,-0.3,1982MM11,79.8
21188,A6,323200,21188,4.6,0.1,1982MM12,79.9
21190,A6,323200,21190,4.4,0.6,1983MM01,80.4
21191,A6,323200,21191,4.6,0.7,1983MM02,80.9
21192,A6,323200,21192,4.1,-0.7,1983MM03,80.4
21193,A6,323200,21193,4.8,1.1,1983MM04,81.2
21194,A6,323200,21194,6.2,1.1,1983MM05,82.1
21195,A6,323200,21195,6.5,0.1,1983MM06,82.2
21196,A6,323200,21196,6.8,0.9,1983MM07,82.9
21197,A6,323200,21197,6.4,0.6,1983MM08,83.5
21198,A6,323200,21198,6.3,0.0,1983MM09,83.5
21199,A6,323200,21199,4.2,0.0,1983MM10,83.4
21200,A6,323200,21200,5.0,0.5,1983MM11,83.9
21201,A6,323200,21201,5.4,0.4,1983MM12,84.2
21203,A6,323200,21203,7.0,2.2,1984MM01,86.1
21204,A6,323200,21204,6.2,-0.2,1984MM02,85.9
21205,A6,323200,21205,6.7,-0.2,1984MM03,85.8
21206,A6,323200,21206,6.0,0.3,1984MM04,86.1
21207,A6,323200,21207,5.4,0.5,1984MM05,86.5
21208,A6,323200,21208,3.6,-1.6,1984MM06,85.1
21209,A6,323200,21209,2.8,0.2,1984MM07,85.2
21210,A6,323200,21210,2.4,0.2,1984MM08,85.4
21211,A6,323200,21211,2.8,0.4,1984MM09,85.8
21212,A6,323200,21212,3.0,0.1,1984MM10,85.9
21213,A6,323200,21213,2.9,0.4,1984MM11,86.3
21214,A6,323200,21214,2.8,0.3,1984MM12,86.6
21216,A6,323200,21216,1.9,1.3,1985MM01,87.7
21217,A6,323200,21217,2.3,0.3,1985MM02,87.9
21218,A6,323200,21218,3.0,0.5,1985MM03,88.4
21219,A6,323200,21219,2.7,0.0,1985MM04,88.3
21220,A6,323200,21220,2.2,0.1,1985MM05,88.4
21221,A6,323200,21221,3.9,0.0,1985MM06,88.4
21222,A6,323200,21222,3.9,0.1,1985MM07,88.5
21223,A6,323200,21223,3.8,0.2,1985MM08,88.7
21224,A6,323200,21224,3.6,0.2,1985MM09,88.9
21225,A6,323200,21225,3.6,0.1,1985MM10,89.0
21226,A6,323200,21226,3.3,0.2,1985MM11,89.1
21227,A6,323200,21227,2.9,-0.1,1985MM12,89.0
21229,A6,323200,21229,2.0,0.4,1986MM01,89.4
21230,A6,323200,21230,1.6,-0.1,1986MM02,89.3
21231,A6,323200,21231,1.2,0.1,1986MM03,89.5
21232,A6,323200,21232,1.3,0.0,1986MM04,89.5
21233,A6,323200,21233,1.3,0.1,1986MM05,89.6
21234,A6,323200,21234,1.2,-0.1,1986MM06,89.5
21235,A6,323200,21235,0.8,-0.3,1986MM07,89.2
21236,A6,323200,21236,0.4,-0.2,1986MM08,89.1
21237,A6,323200,21237,0.1,0.0,1986MM09,89.0
21238,A6,323200,21238,-0.2,-0.2,1986MM10,88.8
21239,A6,323200,21239,-0.1,0.3,1986MM11,89.1
21240,A6,323200,21240,0.0,0.0,1986MM12,89.1
21242,A6,323200,21242,-0.3,0.0,1987MM01,89.1
21243,A6,323200,21243,-0.3,-0.1,1987MM02,89.0
21244,A6,323200,21244,-0.4,0.0,1987MM03,89.1
21245,A6,323200,21245,-0.3,0.1,1987MM04,89.2
21246,A6,323200,21246,-0.6,-0.2,1987MM05,89.0
21247,A6,323200,21247,-0.6,0.0,1987MM06,89.0
21248,A6,323200,21248,-0.2,0.1,1987MM07,89.1
21249,A6,323200,21249,-0.1,-0.1,1987MM08,89.0
21250,A6,323200,21250,-0.1,0.0,1987MM09,89.0
21251,A6,323200,21251,0.0,-0.1,1987MM10,88.8
21252,A6,323200,21252,-0.3,0.0,1987MM11,88.8
21253,A6,323200,21253,-0.2,0.0,1987MM12,88.9
21255,A6,323200,21255,0.0,0.3,1988MM01,89.1
21256,A6,323200,21256,0.0,-0.1,1988MM02,89.1
21257,A6,323200,21257,0.0,0.0,1988MM03,89.1
21258,A6,323200,21258,-0.2,0.0,1988MM04,89.1
21259,A6,323200,21259,0.0,0.0,1988MM05,89.1
21260,A6,323200,21260,0.1,0.1,1988MM06,89.1
21261,A6,323200,21261,0.5,0.4,1988MM07,89.5
21262,A6,323200,21262,0.6,0.0,1988MM08,89.5
21263,A6,323200,21263,0.2,-0.3,1988MM09,89.2
21264,A6,323200,21264,0.4,0.0,1988MM10,89.2
21265,A6,323200,21265,0.1,-0.2,1988MM11,88.9
21266,A6,323200,21266,0.3,0.2,1988MM12,89.1
21268,A6,323200,21268,1.2,1.2,1989MM01,90.2
21269,A6,323200,21269,1.5,0.2,1989MM02,90.4
21270,A6,323200,21270,1.4,0.0,1989MM03,90.3
21271,A6,323200,21271,1.5,0.1,1989MM04,90.4
21272,A6,323200,21272,1.6,0.0,1989MM05,90.5
21273,A6,323200,21273,1.5,0.0,1989MM06,90.5
21274,A6,323200,21274,1.1,-0.1,1989MM07,90.4
21275,A6,323200,21275,1.3,0.2,1989MM08,90.6
21276,A6,323200,21276,1.6,0.0,1989MM09,90.6
21277,A6,323200,21277,1.6,0.0,1989MM10,90.6
21278,A6,323200,21278,1.9,0.0,1989MM11,90.6
21279,A6,323200,21279,1.8,0.1,1989MM12,90.7
21281,A6,323200,21281,0.8,0.2,1990MM01,90.9
21282,A6,323200,21282,0.4,-0.3,1990MM02,90.7
21283,A6,323200,21283,0.4,0.0,1990MM03,90.7
21284,A6,323200,21284,0.3,0.0,1990MM04,90.7
21285,A6,323200,21285,0.5,0.3,1990MM05,90.9
21286,A6,323200,21286,0.7,0.2,1990MM06,91.1
21287,A6,323200,21287,0.8,0.1,1990MM07,91.2
21288,A6,323200,21288,0.6,0.0,1990MM08,91.1
21289,A6,323200,21289,0.5,-0.1,1990MM09,91.0
21290,A6,323200,21290,0.4,-0.1,1990MM10,91.0
21291,A6,323200,21291,0.0,-0.4,1990MM11,90.6
21292,A6,323200,21292,-0.1,0.0,1990MM12,90.6
21294,A6,323200,21294,-0.2,0.2,1991MM01,90.8
21295,A6,323200,21295,0.0,-0.1,1991MM02,90.7
21296,A6,323200,21296,0.3,0.4,1991MM03,91.0
21297,A6,323200,21297,0.8,0.4,1991MM04,91.4
21298,A6,323200,21298,0.7,0.2,1991MM05,91.6
21299,A6,323200,21299,0.6,0.1,1991MM06,91.6
21300,A6,323200,21300,0.3,-0.2,1991MM07,91.5
21301,A6,323200,21301,0.5,0.1,1991MM08,91.6
21302,A6,323200,21302,0.7,0.1,1991MM09,91.7
21303,A6,323200,21303,1.2,0.4,1991MM10,92.0
21304,A6,323200,21304,1.3,-0.2,1991MM11,91.8
21305,A6,323200,21305,1.2,-0.1,1991MM12,91.7
21307,A6,323200,21307,1.2,0.1,1992MM01,91.8
21308,A6,323200,21308,1.6,0.3,1992MM02,92.1
21309,A6,323200,21309,1.4,0.2,1992MM03,92.3
21310,A6,323200,21310,1.1,0.2,1992MM04,92.4
21311,A6,323200,21311,0.9,0.0,1992MM05,92.4
21312,A6,323200,21312,1.0,0.1,1992MM06,92.6
21313,A6,323200,21313,1.2,0.0,1992MM07,92.6
21314,A6,323200,21314,1.1,0.0,1992MM08,92.5
21315,A6,323200,21315,0.9,-0.1,1992MM09,92.4
21316,A6,323200,21316,0.3,-0.1,1992MM10,92.3
21317,A6,323200,21317,0.7,0.2,1992MM11,92.5
21318,A6,323200,21318,0.5,-0.3,1992MM12,92.2
21320,A6,323200,21320,0.7,0.3,1993MM01,92.5
21321,A6,323200,21321,0.4,0.0,1993MM02,92.5
21322,A6,323200,21322,0.1,-0.1,1993MM03,92.4
21323,A6,323200,21323,0.1,0.1,1993MM04,92.5
21324,A6,323200,21324,0.3,0.2,1993MM05,92.7
21325,A6,323200,21325,0.1,-0.1,1993MM06,92.6
21326,A6,323200,21326,0.3,0.2,1993MM07,92.8
21327,A6,323200,21327,0.1,-0.2,1993MM08,92.6
21328,A6,323200,21328,-0.6,-0.9,1993MM09,91.8
21329,A6,323200,21329,-0.5,0.0,1993MM10,91.8
21330,A6,323200,21330,-0.5,0.3,1993MM11,92.1
21331,A6,323200,21331,-0.1,0.1,1993MM12,92.1
21333,A6,323200,21333,0.1,0.5,1994MM01,92.6
21334,A6,323200,21334,0.3,0.2,1994MM02,92.8
21335,A6,323200,21335,0.3,-0.1,1994MM03,92.7
21336,A6,323200,21336,0.4,0.1,1994MM04,92.8
21337,A6,323200,21337,0.0,-0.1,1994MM05,92.7
21338,A6,323200,21338,-0.1,-0.2,1994MM06,92.5
21339,A6,323200,21339,-0.3,0.0,1994MM07,92.5
21340,A6,323200,21340,-0.1,0.0,1994MM08,92.5
21341,A6,323200,21341,0.8,0.1,1994MM09,92.6
21342,A6,323200,21342,1.1,0.3,1994MM10,92.8
21343,A6,323200,21343,0.8,0.0,1994MM11,92.8
21344,A6,323200,21344,0.8,0.1,1994MM12,92.9
21346,A6,323200,21346,0.1,-0.2,1995MM01,92.6
21347,A6,323200,21347,-0.3,-0.1,1995MM02,92.5
21348,A6,323200,21348,-0.3,-0.1,1995MM03,92.4
21349,A6,323200,21349,-0.7,-0.2,1995MM04,92.2
21350,A6,323200,21350,-0.6,0.0,1995MM05,92.2
21351,A6,323200,21351,-0.2,0.1,1995MM06,92.3
21352,A6,323200,21352,0.1,0.3,1995MM07,92.6
21353,A6,323200,21353,-0.2,-0.3,1995MM08,92.3
21354,A6,323200,21354,0.4,0.7,1995MM09,93.0
21355,A6,323200,21355,0.4,0.2,1995MM10,93.2
21356,A6,323200,21356,-0.5,-0.9,1995MM11,92.3
21357,A6,323200,21357,0.3,0.9,1995MM12,93.2
21359,A6,323200,21359,1.2,0.6,1996MM01,93.7
21360,A6,323200,21360,1.8,0.5,1996MM02,94.2
21361,A6,323200,21361,2.0,0.1,1996MM03,94.3
21362,A6,323200,21362,2.2,-0.1,1996MM04,94.2
21363,A6,323200,21363,1.9,-0.3,1996MM05,93.9
21364,A6,323200,21364,1.9,0.2,1996MM06,94.1
21365,A6,323200,21365,1.7,0.1,1996MM07,94.2
21366,A6,323200,21366,2.0,0.0,1996MM08,94.1
21367,A6,323200,21367,0.8,-0.4,1996MM09,93.7
21368,A6,323200,21368,1.4,0.7,1996MM10,94.4
21369,A6,323200,21369,2.4,0.1,1996MM11,94.5
21370,A6,323200,21370,1.6,0.1,1996MM12,94.7
21372,A6,323200,21372,2.3,1.3,1997MM01,95.9
21373,A6,323200,21373,1.9,0.0,1997MM02,95.9
21374,A6,323200,21374,1.3,-0.4,1997MM03,95.5
21375,A6,323200,21375,3.2,1.8,1997MM04,97.2
21376,A6,323200,21376,3.2,-0.3,1997MM05,97.0
21377,A6,323200,21377,3.6,0.6,1997MM06,97.5
21378,A6,323200,21378,3.1,-0.4,1997MM07,97.1
21379,A6,323200,21379,4.4,1.2,1997MM08,98.2
21380,A6,323200,21380,4.3,-0.5,1997MM09,97.8
21381,A6,323200,21381,4.2,0.7,1997MM10,98.5
21382,A6,323200,21382,3.7,-0.4,1997MM11,98.0
21383,A6,323200,21383,4.1,0.5,1997MM12,98.5
21385,A6,323200,21385,2.8,0.0,1998MM01,98.6
21386,A6,323200,21386,3.1,0.3,1998MM02,98.9
21387,A6,323200,21387,2.4,-1.1,1998MM03,97.9
21388,A6,323200,21388,1.2,0.6,1998MM04,98.4
21389,A6,323200,21389,0.9,-0.6,1998MM05,97.8
21390,A6,323200,21390,0.4,0.0,1998MM06,97.8
21391,A6,323200,21391,0.9,0.1,1998MM07,98.0
21392,A6,323200,21392,-0.7,-0.5,1998MM08,97.5
21393,A6,323200,21393,-0.5,-0.3,1998MM09,97.3
21394,A6,323200,21394,-0.8,0.4,1998MM10,97.7
21395,A6,323200,21395,-0.4,0.0,1998MM11,97.7
21396,A6,323200,21396,-1.0,-0.1,1998MM12,97.6
21398,A6,323200,21398,-1.6,-0.6,1999MM01,97.0
21399,A6,323200,21399,-1.7,0.2,1999MM02,97.2
21400,A6,323200,21400,-0.6,0.1,1999MM03,97.3
21401,A6,323200,21401,-0.6,0.5,1999MM04,97.8
21402,A6,323200,21402,0.1,0.2,1999MM05,98.0
21403,A6,323200,21403,0.3,0.2,1999MM06,98.2
21404,A6,323200,21404,-0.6,-0.8,1999MM07,97.4
21405,A6,323200,21405,-0.4,-0.2,1999MM08,97.1
21406,A6,323200,21406,0.0,0.1,1999MM09,97.2
21407,A6,323200,21407,-0.7,-0.3,1999MM10,97.0
21408,A6,323200,21408,-0.5,0.2,1999MM11,97.2
21409,A6,323200,21409,-0.2,0.2,1999MM12,97.4
21411,A6,323200,21411,1.2,0.8,2000MM01,98.2
21412,A6,323200,21412,1.3,0.3,2000MM02,98.5
21413,A6,323200,21413,1.4,0.2,2000MM03,98.7
21414,A6,323200,21414,1.7,0.8,2000MM04,99.5
21415,A6,323200,21415,1.4,-0.2,2000MM05,99.3
21416,A6,323200,21416,1.0,-0.2,2000MM06,99.1
21417,A6,323200,21417,2.4,0.6,2000MM07,99.7
21418,A6,323200,21418,2.5,-0.1,2000MM08,99.6
21419,A6,323200,21419,2.4,0.0,2000MM09,99.6
21420,A6,323200,21420,2.7,0.1,2000MM10,99.7
21421,A6,323200,21421,2.4,-0.2,2000MM11,99.5
21422,A6,323200,21422,1.8,-0.3,2000MM12,99.1
21424,A6,323200,21424,1.4,0.4,2001MM01,99.5
21425,A6,323200,21425,1.5,0.4,2001MM02,99.9
21426,A6,323200,21426,2.4,1.2,2001MM03,101.1
21427,A6,323200,21427,1.1,-0.5,2001MM04,100.6
21428,A6,323200,21428,1.7,0.5,2001MM05,101.0
21429,A6,323200,21429,2.0,0.0,2001MM06,101.1
21430,A6,323200,21430,1.0,-0.4,2001MM07,100.7
21431,A6,323200,21431,1.0,-0.1,2001MM08,100.6
21432,A6,323200,21432,0.8,-0.2,2001MM09,100.3
21433,A6,323200,21433,0.0,-0.7,2001MM10,99.7
21434,A6,323200,21434,0.0,-0.2,2001MM11,99.5
21435,A6,323200,21435,0.0,-0.3,2001MM12,99.2
21437,A6,323200,21437,-0.8,-0.4,2002MM01,98.7
21438,A6,323200,21438,-1.5,-0.3,2002MM02,98.4
21439,A6,323200,21439,-2.2,0.4,2002MM03,98.8
21440,A6,323200,21440,-1.5,0.2,2002MM04,99.1
21441,A6,323200,21441,-1.7,0.3,2002MM05,99.3
21442,A6,323200,21442,-2.3,-0.6,2002MM06,98.8
21443,A6,323200,21443,-1.6,0.3,2002MM07,99.0
21444,A6,323200,21444,-1.0,0.5,2002MM08,99.5
21445,A6,323200,21445,-0.9,-0.1,2002MM09,99.5
21446,A6,323200,21446,-0.4,-0.2,2002MM10,99.2
21447,A6,323200,21447,-0.4,-0.2,2002MM11,99.0
21448,A6,323200,21448,-0.2,0.0,2002MM12,99.0
21450,A6,323200,21450,0.4,0.2,2003MM01,99.2
21451,A6,323200,21451,0.7,0.0,2003MM02,99.2
21452,A6,323200,21452,0.4,0.1,2003MM03,99.2
21453,A6,323200,21453,0.2,0.1,2003MM04,99.3
21454,A6,323200,21454,-0.5,-0.4,2003MM05,98.8
21455,A6,323200,21455,0.1,0.0,2003MM06,98.8
21456,A6,323200,21456,-0.2,0.0,2003MM07,98.8
21457,A6,323200,21457,-1.1,-0.4,2003MM08,98.5
21458,A6,323200,21458,-0.6,0.4,2003MM09,98.8
21459,A6,323200,21459,-1.0,-0.6,2003MM10,98.3
21460,A6,323200,21460,-0.6,0.2,2003MM11,98.4
21461,A6,323200,21461,-0.8,-0.2,2003MM12,98.2
21463,A6,323200,21463,-0.9,0.0,2004MM01,98.3
21464,A6,323200,21464,-0.9,0.0,2004MM02,98.3
21465,A6,323200,21465,-0.8,0.1,2004MM03,98.4
21466,A6,323200,21466,-0.2,0.7,2004MM04,99.1
21467,A6,323200,21467,0.2,0.0,2004MM05,99.1
21468,A6,323200,21468,0.3,0.0,2004MM06,99.1
21469,A6,323200,21469,0.6,0.3,2004MM07,99.4
21470,A6,323200,21470,1.1,0.1,2004MM08,99.5
21471,A6,323200,21471,1.0,0.3,2004MM09,99.8
21472,A6,323200,21472,2.3,0.7,2004MM10,100.5
21473,A6,323200,21473,2.2,0.1,2004MM11,100.6
21474,A6,323200,21474,2.0,-0.4,2004MM12,100.2
21476,A6,323200,21476,1.86153846154,-0.15,2005MM01,101.4
21477,A6,323200,21477,1.72307692308,0.1,2005MM02,101.5
21478,A6,323200,21478,1.58461538462,0.2,2005MM03,101.7
21479,A6,323200,21479,1.44615384615,-0.2,2005MM04,101.5
21480,A6,323200,21480,1.30769230769,0.5,2005MM05,102.0
21481,A6,323200,21481,1.16923076923,0.0,2005MM06,102.0
21482,A6,323200,21482,1.03076923077,-0.2,2005MM07,101.8
21483,A6,323200,21483,0.892307692308,0.0,2005MM08,101.8
21484,A6,323200,21484,0.753846153846,0.1,2005MM09,101.9
21485,A6,323200,21485,0.615384615385,0.7,2005MM10,102.6
21486,A6,323200,21486,0.476923076923,0.0,2005MM11,102.6
21487,A6,323200,21487,0.338461538462,-0.2,2005MM12,102.4
21489,A6,323200,21489,0.2,-0.8,2006MM01,101.5
21490,A6,323200,21490,0.2,0.2,2006MM02,101.7
21491,A6,323200,21491,0.1,0.1,2006MM03,101.8
21492,A6,323200,21492,0.1,-0.2,2006MM04,101.6
21493,A6,323200,21493,-0.4,0.0,2006MM05,101.6
21494,A6,323200,21494,-0.2,0.2,2006MM06,101.7
21495,A6,323200,21495,1.1,1.2,2006MM07,102.9
21496,A6,323200,21496,1.2,0.0,2006MM08,103.0
21497,A6,323200,21497,1.0,0.0,2006MM09,102.9
21498,A6,323200,21498,-0.4,-0.7,2006MM10,102.2
21499,A6,323200,21499,-0.5,-0.1,2006MM11,102.1
21500,A6,323200,21500,-0.4,-0.1,2006MM12,102.0
21502,A6,323200,21502,0.5,0.1,2007MM01,102.0
21503,A6,323200,21503,0.2,-0.1,2007MM02,102.0
21504,A6,323200,21504,0.1,-0.1,2007MM03,101.9
21505,A6,323200,21505,0.2,-0.1,2007MM04,101.8
21506,A6,323200,21506,0.4,0.2,2007MM05,101.9
21507,A6,323200,21507,0.3,0.1,2007MM06,102.0
21508,A6,323200,21508,-0.8,0.0,2007MM07,102.1
21509,A6,323200,21509,-0.7,0.2,2007MM08,102.3
21510,A6,323200,21510,-0.8,-0.1,2007MM09,102.1
21511,A6,323200,21511,-0.2,-0.1,2007MM10,102.1
21512,A6,323200,21512,-0.1,-0.1,2007MM11,102.0
21513,A6,323200,21513,0.2,0.2,2007MM12,102.2
21515,A6,323200,21515,0.2,0.1,2008MM01,102.2
21516,A6,323200,21516,0.7,0.5,2008MM02,102.7
21517,A6,323200,21517,0.5,-0.3,2008MM03,102.4
21518,A6,323200,21518,2.3,1.7,2008MM04,104.1
21519,A6,323200,21519,2.4,0.3,2008MM05,104.4
21520,A6,323200,21520,2.3,0.0,2008MM06,104.4
21521,A6,323200,21521,2.6,0.3,2008MM07,104.7
21522,A6,323200,21522,2.7,0.3,2008MM08,105.0
21523,A6,323200,21523,3.0,0.2,2008MM09,105.3
21524,A6,323200,21524,3.1,0.0,2008MM10,105.3
21525,A6,323200,21525,2.7,-0.5,2008MM11,104.7
21526,A6,323200,21526,1.4,-1.1,2008MM12,103.6
21528,A6,323200,21528,-0.2,-1.5,2009MM01,102.0
21529,A6,323200,21529,-4.4,-3.7,2009MM02,98.2
21530,A6,323200,21530,-4.1,0.0,2009MM03,98.2
21531,A6,323200,21531,-6.5,-0.9,2009MM04,97.3
21532,A6,323200,21532,-6.8,0.0,2009MM05,97.3
21533,A6,323200,21533,-6.7,0.0,2009MM06,97.4
21534,A6,323200,21534,-6.6,0.5,2009MM07,97.8
21535,A6,323200,21535,-6.7,0.1,2009MM08,97.9
21536,A6,323200,21536,-7.2,-0.3,2009MM09,97.7
21537,A6,323200,21537,-7.4,-0.2,2009MM10,97.5
21538,A6,323200,21538,-6.7,0.2,2009MM11,97.7
21539,A6,323200,21539,-5.5,0.2,2009MM12,97.9
21541,A6,323200,21541,-3.3,0.8,2010MM01,98.7
21542,A6,323200,21542,1.0,0.5,2010MM02,99.2
21543,A6,323200,21543,1.4,0.4,2010MM03,99.6
21544,A6,323200,21544,2.6,0.3,2010MM04,99.9
21545,A6,323200,21545,3.1,0.5,2010MM05,100.4
21546,A6,323200,21546,3.3,0.2,2010MM06,100.6
21547,A6,323200,21547,2.6,-0.2,2010MM07,100.4
21548,A6,323200,21548,2.4,-0.1,2010MM08,100.3
21549,A6,323200,21549,2.9,0.2,2010MM09,100.5
21550,A6,323200,21550,2.3,-0.8,2010MM10,99.7
21551,A6,323200,21551,2.4,0.4,2010MM11,100.0
21552,A6,323200,21552,2.9,0.7,2010MM12,100.7
21554,A6,323200,21554,4.6,2.5,2011MM01,103.3
21555,A6,323200,21555,4.2,0.1,2011MM02,103.4
21556,A6,323200,21556,3.9,0.0,2011MM03,103.4
21557,A6,323200,21557,3.2,-0.3,2011MM04,103.1
21558,A6,323200,21558,2.9,0.3,2011MM05,103.3
21559,A6,323200,21559,2.7,0.0,2011MM06,103.3
21560,A6,323200,21560,3.0,0.1,2011MM07,103.4
21561,A6,323200,21561,3.1,0.0,2011MM08,103.4
21562,A6,323200,21562,3.0,0.1,2011MM09,103.5
21563,A6,323200,21563,4.0,0.1,2011MM10,103.6
21564,A6,323200,21564,3.5,0.0,2011MM11,103.6
21565,A6,323200,21565,3.1,0.2,2011MM12,103.8
21567,A6,323200,21567,-0.3,-0.9,2012MM01,102.9
21568,A6,323200,21568,-0.5,0.0,2012MM02,102.9
21569,A6,323200,21569,-0.3,0.2,2012MM03,103.1
21570,A6,323200,21570,0.4,0.3,2012MM04,103.5
21571,A6,323200,21571,0.6,0.4,2012MM05,103.9
21572,A6,323200,21572,0.6,0.0,2012MM06,103.9
21573,A6,323200,21573,0.6,0.1,2012MM07,104.0
21574,A6,323200,21574,0.7,0.2,2012MM08,104.2
21575,A6,323200,21575,0.5,-0.1,2012MM09,104.0
21576,A6,323200,21576,0.3,-0.2,2012MM10,103.9
21577,A6,323200,21577,0.4,0.1,2012MM11,103.9
21578,A6,323200,21578,-0.2,-0.3,2012MM12,103.6
21580,A6,323200,21580,0.7,-0.1,2013MM01,103.6
21581,A6,323200,21581,0.4,-0.2,2013MM02,103.4
21582,A6,323200,21582,0.6,0.3,2013MM03,103.7
21583,A6,323200,21583,0.1,-0.1,2013MM04,103.6
21584,A6,323200,21584,-0.5,-0.2,2013MM05,103.4
21585,A6,323200,21585,-0.7,-0.2,2013MM06,103.2
21586,A6,323200,21586,-0.7,0.1,2013MM07,103.3
21587,A6,323200,21587,-1.0,-0.1,2013MM08,103.2
21588,A6,323200,21588,-0.7,0.2,2013MM09,103.4
21589,A6,323200,21589,-0.7,-0.2,2013MM10,103.2
21590,A6,323200,21590,-0.7,0.1,2013MM11,103.2
21591,A6,323200,21591,-0.4,0.0,2013MM12,103.2
21593,A6,323200,21593,-0.3,0.1,2014MM01,103.3
21594,A6,323200,21594,0.0,0.0,2014MM02,103.3
21595,A6,323200,21595,-0.7,-0.3,2014MM03,103.0
21596,A6,323200,21596,-1.4,-0.8,2014MM04,102.1
21597,A6,323200,21597,-1.1,0.1,2014MM05,102.2
21598,A6,323200,21598,-0.7,0.2,2014MM06,102.5
21599,A6,323200,21599,-0.4,0.4,2014MM07,102.8
21600,A6,323200,21600,-0.2,0.2,2014MM08,103.0
21601,A6,323200,21601,-0.3,0.0,2014MM09,103.1
21602,A6,323200,21602,0.6,0.7,2014MM10,103.7
21603,A6,323200,21603,0.3,-0.2,2014MM11,103.5
21604,A6,323200,21604,-0.4,-0.7,2014MM12,102.8
21606,A6,323200,21606,-1.9,-1.5,2015MM01,101.3
21607,A6,323200,21607,-1.8,0.1,2015MM02,101.4
21608,A6,323200,21608,-0.8,0.8,2015MM03,102.2
21609,A6,323200,21609,1.1,1.0,2015MM04,103.2
21610,A6,323200,21610,1.2,0.3,2015MM05,103.5
21611,A6,323200,21611,1.1,0.1,2015MM06,103.6
21612,A6,323200,21612,1.1,0.4,2015MM07,104.0
21613,A6,323200,21613,0.3,-0.6,2015MM08,103.4
21614,A6,323200,21614,-0.7,-1.0,2015MM09,102.3
21615,A6,323200,21615,-1.9,-0.5,2015MM10,101.8
21616,A6,323200,21616,-1.3,0.3,2015MM11,102.1
21617,A6,323200,21617,-0.9,-0.3,2015MM12,101.9
21619,A6,323200,21619,0.3,-0.2,2016MM01,101.6
21620,A6,323200,21620,-0.3,-0.5,2016MM02,101.1
21621,A6,323200,21621,-1.1,0.0,2016MM03,101.0
21622,A6,323200,21622,-1.4,0.8,2016MM04,101.8
21623,A6,323200,21623,-1.3,0.4,2016MM05,102.2
21624,A6,323200,21624,-1.4,-0.1,2016MM06,102.1
21625,A6,323200,21625,-2.0,-0.2,2016MM07,101.9
21626,A6,323200,21626,-1.5,-0.1,2016MM08,101.8
21627,A6,323200,21627,-0.5,0.0,2016MM09,101.8
21628,A6,323200,21628,-0.6,-0.6,2016MM10,101.2
21629,A6,323200,21629,-0.6,0.4,2016MM11,101.6
21630,A6,323200,21630,0.2,0.5,2016MM12,102.0
21632,A6,323200,21632,0.7,0.3,2017MM01,102.4
21633,A6,323200,21633,1.9,0.6,2017MM02,103.0
21634,A6,323200,21634,2.1,0.1,2017MM03,103.1
21635,A6,323200,21635,1.3,0.0,2017MM04,103.1
21636,A6,323200,21636,0.5,-0.4,2017MM05,102.7
21637,A6,323200,21637,-0.1,-0.6,2017MM06,102.1
21638,A6,323200,21638,-0.9,-1.1,2017MM07,101.0
21639,A6,323200,21639,-1.1,-0.3,2017MM08,100.7
21640,A6,323200,21640,-0.6,0.4,2017MM09,101.1
21641,A6,323200,21641,0.0,0.0,2017MM10,101.2
21642,A6,323200,21642,-0.3,0.1,2017MM11,101.3
21643,A6,323200,21643,-0.5,0.3,2017MM12,101.5
