,Afzet,BedrijfstakkenBranchesSBI2008,ID,OntwikkelingTOV1JaarEerder_2,OntwikkelingTOV1MaandEerder_3,Perioden,ProducentenprijsindexPPI_1
53391,A4,323200,53391,-0.0769230769231,0.25,1981MM01,76.0
53392,A4,323200,53392,0.346153846154,0.2,1981MM02,76.2
53393,A4,323200,53393,0.769230769231,0.0,1981MM03,76.2
53394,A4,323200,53394,1.19230769231,0.5,1981MM04,76.6
53395,A4,323200,53395,1.61538461538,0.1,1981MM05,76.7
53396,A4,323200,53396,2.03846153846,0.0,1981MM06,76.7
53397,A4,323200,53397,2.46153846154,0.1,1981MM07,76.8
53398,A4,323200,53398,2.88461538462,1.0,1981MM08,77.5
53399,A4,323200,53399,3.30769230769,0.5,1981MM09,77.9
53400,A4,323200,53400,3.73076923077,0.3,1981MM10,78.1
53401,A4,323200,53401,4.15384615385,0.0,1981MM11,78.1
53402,A4,323200,53402,4.57692307692,0.0,1981MM12,78.1
53404,A4,323200,53404,5.0,2.1,1982MM01,79.8
53405,A4,323200,53405,5.1,0.4,1982MM02,80.1
53406,A4,323200,53406,5.3,0.2,1982MM03,80.2
53407,A4,323200,53407,5.0,0.2,1982MM04,80.4
53408,A4,323200,53408,4.8,-0.1,1982MM05,80.3
53409,A4,323200,53409,4.6,-0.1,1982MM06,80.3
53410,A4,323200,53410,4.2,-0.3,1982MM07,80.0
53411,A4,323200,53411,3.4,0.2,1982MM08,80.2
53412,A4,323200,53412,3.2,0.3,1982MM09,80.4
53413,A4,323200,53413,3.9,0.9,1982MM10,81.2
53414,A4,323200,53414,4.0,0.1,1982MM11,81.2
53415,A4,323200,53415,3.8,-0.1,1982MM12,81.1
53417,A4,323200,53417,2.3,0.6,1983MM01,81.6
53418,A4,323200,53418,2.2,0.2,1983MM02,81.8
53419,A4,323200,53419,1.6,-0.4,1983MM03,81.5
53420,A4,323200,53420,2.2,0.8,1983MM04,82.1
53421,A4,323200,53421,2.2,0.0,1983MM05,82.1
53422,A4,323200,53422,2.3,0.0,1983MM06,82.1
53423,A4,323200,53423,2.7,0.1,1983MM07,82.2
53424,A4,323200,53424,2.8,0.2,1983MM08,82.4
53425,A4,323200,53425,2.8,0.3,1983MM09,82.6
53426,A4,323200,53426,1.8,0.0,1983MM10,82.7
53427,A4,323200,53427,1.8,0.1,1983MM11,82.7
53428,A4,323200,53428,2.1,0.1,1983MM12,82.8
53430,A4,323200,53430,3.0,1.5,1984MM01,84.1
53431,A4,323200,53431,3.6,0.8,1984MM02,84.7
53432,A4,323200,53432,4.2,0.2,1984MM03,84.9
53433,A4,323200,53433,3.5,0.1,1984MM04,85.0
53434,A4,323200,53434,4.1,0.6,1984MM05,85.5
53435,A4,323200,53435,4.1,0.0,1984MM06,85.5
53436,A4,323200,53436,4.4,0.3,1984MM07,85.8
53437,A4,323200,53437,4.4,0.3,1984MM08,86.0
53438,A4,323200,53438,4.3,0.1,1984MM09,86.2
53439,A4,323200,53439,4.4,0.1,1984MM10,86.3
53440,A4,323200,53440,5.1,0.8,1984MM11,87.0
53441,A4,323200,53441,5.4,0.5,1984MM12,87.4
53443,A4,323200,53443,5.1,1.2,1985MM01,88.4
53444,A4,323200,53444,3.0,-1.2,1985MM02,87.3
53445,A4,323200,53445,3.1,0.4,1985MM03,87.6
53446,A4,323200,53446,3.8,0.7,1985MM04,88.2
53447,A4,323200,53447,3.6,0.3,1985MM05,88.5
53448,A4,323200,53448,3.8,0.3,1985MM06,88.8
53449,A4,323200,53449,3.7,0.2,1985MM07,89.0
53450,A4,323200,53450,3.7,0.3,1985MM08,89.2
53451,A4,323200,53451,4.3,0.7,1985MM09,89.8
53452,A4,323200,53452,4.0,-0.1,1985MM10,89.7
53453,A4,323200,53453,3.2,0.0,1985MM11,89.7
53454,A4,323200,53454,3.0,0.2,1985MM12,89.9
53456,A4,323200,53456,1.9,0.1,1986MM01,90.0
53457,A4,323200,53457,3.6,0.5,1986MM02,90.4
53458,A4,323200,53458,3.4,0.1,1986MM03,90.6
53459,A4,323200,53459,2.6,0.0,1986MM04,90.5
53460,A4,323200,53460,2.2,-0.1,1986MM05,90.5
53461,A4,323200,53461,1.8,-0.1,1986MM06,90.4
53462,A4,323200,53462,1.5,-0.1,1986MM07,90.3
53463,A4,323200,53463,1.2,0.0,1986MM08,90.3
53464,A4,323200,53464,0.5,0.0,1986MM09,90.3
53465,A4,323200,53465,0.5,-0.1,1986MM10,90.2
53466,A4,323200,53466,0.5,0.0,1986MM11,90.2
53467,A4,323200,53467,0.1,-0.2,1986MM12,90.0
53469,A4,323200,53469,0.2,0.2,1987MM01,90.2
53470,A4,323200,53470,-0.2,0.0,1987MM02,90.2
53471,A4,323200,53471,-0.2,0.1,1987MM03,90.3
53472,A4,323200,53472,-0.4,-0.2,1987MM04,90.2
53473,A4,323200,53473,-0.2,0.1,1987MM05,90.3
53474,A4,323200,53474,-0.1,0.0,1987MM06,90.3
53475,A4,323200,53475,0.1,0.1,1987MM07,90.4
53476,A4,323200,53476,0.1,0.0,1987MM08,90.3
53477,A4,323200,53477,0.1,0.0,1987MM09,90.4
53478,A4,323200,53478,0.2,0.0,1987MM10,90.4
53479,A4,323200,53479,0.2,0.0,1987MM11,90.4
53480,A4,323200,53480,0.5,0.1,1987MM12,90.5
53482,A4,323200,53482,0.3,0.0,1988MM01,90.5
53483,A4,323200,53483,0.4,0.1,1988MM02,90.5
53484,A4,323200,53484,0.2,0.0,1988MM03,90.5
53485,A4,323200,53485,1.4,1.1,1988MM04,91.5
53486,A4,323200,53486,0.7,-0.6,1988MM05,90.9
53487,A4,323200,53487,0.9,0.2,1988MM06,91.1
53488,A4,323200,53488,0.9,0.1,1988MM07,91.2
53489,A4,323200,53489,1.1,0.1,1988MM08,91.3
53490,A4,323200,53490,1.1,0.0,1988MM09,91.4
53491,A4,323200,53491,1.0,0.0,1988MM10,91.3
53492,A4,323200,53492,1.2,0.2,1988MM11,91.5
53493,A4,323200,53493,1.3,0.1,1988MM12,91.7
53495,A4,323200,53495,1.2,-0.2,1989MM01,91.5
53496,A4,323200,53496,1.1,0.0,1989MM02,91.5
53497,A4,323200,53497,1.1,0.0,1989MM03,91.5
53498,A4,323200,53498,0.2,0.1,1989MM04,91.7
53499,A4,323200,53499,2.3,1.5,1989MM05,93.0
53500,A4,323200,53500,2.0,-0.1,1989MM06,92.9
53501,A4,323200,53501,2.0,0.1,1989MM07,93.0
53502,A4,323200,53502,2.0,0.1,1989MM08,93.1
53503,A4,323200,53503,2.0,0.1,1989MM09,93.2
53504,A4,323200,53504,2.2,0.1,1989MM10,93.3
53505,A4,323200,53505,2.1,0.1,1989MM11,93.4
53506,A4,323200,53506,2.1,0.1,1989MM12,93.5
53508,A4,323200,53508,2.4,0.2,1990MM01,93.7
53509,A4,323200,53509,2.8,0.4,1990MM02,94.1
53510,A4,323200,53510,2.4,-0.4,1990MM03,93.8
53511,A4,323200,53511,2.1,-0.2,1990MM04,93.5
53512,A4,323200,53512,0.6,0.1,1990MM05,93.6
53513,A4,323200,53513,0.7,0.0,1990MM06,93.6
53514,A4,323200,53514,0.9,0.3,1990MM07,93.8
53515,A4,323200,53515,1.4,0.6,1990MM08,94.4
53516,A4,323200,53516,1.3,0.0,1990MM09,94.4
53517,A4,323200,53517,1.3,0.1,1990MM10,94.5
53518,A4,323200,53518,1.5,0.3,1990MM11,94.8
53519,A4,323200,53519,0.9,-0.5,1990MM12,94.4
53521,A4,323200,53521,0.7,0.0,1991MM01,94.3
53522,A4,323200,53522,0.9,0.6,1991MM02,94.9
53523,A4,323200,53523,0.5,-0.7,1991MM03,94.3
53524,A4,323200,53524,0.8,0.1,1991MM04,94.3
53525,A4,323200,53525,1.0,0.2,1991MM05,94.5
53526,A4,323200,53526,1.1,0.2,1991MM06,94.6
53527,A4,323200,53527,1.3,0.4,1991MM07,95.0
53528,A4,323200,53528,0.5,-0.1,1991MM08,94.9
53529,A4,323200,53529,0.3,-0.2,1991MM09,94.7
53530,A4,323200,53530,0.2,0.0,1991MM10,94.7
53531,A4,323200,53531,-0.1,0.1,1991MM11,94.7
53532,A4,323200,53532,1.3,0.9,1991MM12,95.6
53534,A4,323200,53534,1.2,-0.2,1992MM01,95.4
53535,A4,323200,53535,0.6,0.0,1992MM02,95.5
53536,A4,323200,53536,2.9,1.6,1992MM03,97.0
53537,A4,323200,53537,1.5,-1.3,1992MM04,95.7
53538,A4,323200,53538,1.5,0.2,1992MM05,96.0
53539,A4,323200,53539,2.3,0.9,1992MM06,96.8
53540,A4,323200,53540,2.1,0.3,1992MM07,97.0
53541,A4,323200,53541,2.2,-0.1,1992MM08,97.0
53542,A4,323200,53542,2.4,0.0,1992MM09,96.9
53543,A4,323200,53543,2.9,0.5,1992MM10,97.5
53544,A4,323200,53544,3.0,0.1,1992MM11,97.6
53545,A4,323200,53545,1.9,-0.1,1992MM12,97.5
53547,A4,323200,53547,2.2,0.0,1993MM01,97.5
53548,A4,323200,53548,2.0,-0.2,1993MM02,97.3
53549,A4,323200,53549,0.0,-0.4,1993MM03,97.0
53550,A4,323200,53550,2.7,1.4,1993MM04,98.3
53551,A4,323200,53551,2.1,-0.3,1993MM05,98.0
53552,A4,323200,53552,1.3,0.0,1993MM06,98.0
53553,A4,323200,53553,1.1,0.1,1993MM07,98.1
53554,A4,323200,53554,1.2,0.0,1993MM08,98.2
53555,A4,323200,53555,1.3,0.0,1993MM09,98.2
53556,A4,323200,53556,0.9,0.2,1993MM10,98.3
53557,A4,323200,53557,0.7,0.0,1993MM11,98.3
53558,A4,323200,53558,0.9,0.0,1993MM12,98.3
53560,A4,323200,53560,1.0,0.2,1994MM01,98.5
53561,A4,323200,53561,1.3,0.2,1994MM02,98.6
53562,A4,323200,53562,1.7,0.0,1994MM03,98.7
53563,A4,323200,53563,0.4,0.0,1994MM04,98.7
53564,A4,323200,53564,1.2,0.5,1994MM05,99.2
53565,A4,323200,53565,1.1,0.0,1994MM06,99.2
53566,A4,323200,53566,1.4,0.4,1994MM07,99.5
53567,A4,323200,53567,1.4,0.0,1994MM08,99.5
53568,A4,323200,53568,1.3,0.0,1994MM09,99.4
53569,A4,323200,53569,1.1,0.0,1994MM10,99.4
53570,A4,323200,53570,0.8,-0.4,1994MM11,99.1
53571,A4,323200,53571,0.7,-0.1,1994MM12,99.0
53573,A4,323200,53573,0.5,0.0,1995MM01,99.0
53574,A4,323200,53574,0.3,-0.1,1995MM02,98.9
53575,A4,323200,53575,0.5,0.3,1995MM03,99.2
53576,A4,323200,53576,-0.2,-0.7,1995MM04,98.5
53577,A4,323200,53577,-0.9,-0.2,1995MM05,98.3
53578,A4,323200,53578,0.0,0.9,1995MM06,99.2
53579,A4,323200,53579,-0.9,-0.6,1995MM07,98.6
53580,A4,323200,53580,-0.9,0.1,1995MM08,98.6
53581,A4,323200,53581,-0.8,0.0,1995MM09,98.7
53582,A4,323200,53582,-0.3,0.5,1995MM10,99.2
53583,A4,323200,53583,-0.8,-0.9,1995MM11,98.3
53584,A4,323200,53584,0.1,0.8,1995MM12,99.1
53586,A4,323200,53586,1.6,1.4,1996MM01,100.5
53587,A4,323200,53587,2.6,1.0,1996MM02,101.5
53588,A4,323200,53588,2.4,0.1,1996MM03,101.5
53589,A4,323200,53589,3.7,0.6,1996MM04,102.2
53590,A4,323200,53590,3.0,-0.9,1996MM05,101.2
53591,A4,323200,53591,0.3,-1.7,1996MM06,99.5
53592,A4,323200,53592,1.5,0.5,1996MM07,100.0
53593,A4,323200,53593,1.0,-0.4,1996MM08,99.6
53594,A4,323200,53594,0.7,-0.3,1996MM09,99.3
53595,A4,323200,53595,2.2,2.0,1996MM10,101.3
53596,A4,323200,53596,2.8,-0.3,1996MM11,101.1
53597,A4,323200,53597,1.9,-0.1,1996MM12,101.0
53599,A4,323200,53599,4.1,3.6,1997MM01,104.6
53600,A4,323200,53600,2.3,-0.7,1997MM02,103.9
53601,A4,323200,53601,-0.3,-2.5,1997MM03,101.3
53602,A4,323200,53602,4.0,4.9,1997MM04,106.3
53603,A4,323200,53603,6.4,1.3,1997MM05,107.7
53604,A4,323200,53604,7.5,-0.6,1997MM06,107.0
53605,A4,323200,53605,7.0,0.1,1997MM07,107.1
53606,A4,323200,53606,7.4,-0.1,1997MM08,107.0
53607,A4,323200,53607,7.6,-0.1,1997MM09,106.9
53608,A4,323200,53608,6.6,1.0,1997MM10,108.0
53609,A4,323200,53609,6.7,-0.2,1997MM11,107.8
53610,A4,323200,53610,6.6,-0.2,1997MM12,107.6
53612,A4,323200,53612,3.2,0.3,1998MM01,107.9
53613,A4,323200,53613,3.9,0.0,1998MM02,107.9
53614,A4,323200,53614,3.9,-2.4,1998MM03,105.2
53615,A4,323200,53615,0.0,1.0,1998MM04,106.2
53616,A4,323200,53616,-1.4,-0.1,1998MM05,106.2
53617,A4,323200,53617,-0.7,0.0,1998MM06,106.2
53618,A4,323200,53618,-0.7,0.1,1998MM07,106.3
53619,A4,323200,53619,-0.6,0.0,1998MM08,106.4
53620,A4,323200,53620,-0.5,0.0,1998MM09,106.4
53621,A4,323200,53621,0.3,1.8,1998MM10,108.3
53622,A4,323200,53622,0.3,-0.1,1998MM11,108.1
53623,A4,323200,53623,1.2,0.8,1998MM12,108.9
53625,A4,323200,53625,0.3,-0.7,1999MM01,108.2
53626,A4,323200,53626,0.6,0.3,1999MM02,108.6
53627,A4,323200,53627,3.2,0.0,1999MM03,108.6
53628,A4,323200,53628,4.3,2.0,1999MM04,110.8
53629,A4,323200,53629,4.3,0.0,1999MM05,110.8
53630,A4,323200,53630,4.3,0.0,1999MM06,110.7
53631,A4,323200,53631,2.7,-1.4,1999MM07,109.2
53632,A4,323200,53632,2.7,0.0,1999MM08,109.2
53633,A4,323200,53633,2.7,0.0,1999MM09,109.2
53634,A4,323200,53634,0.8,-0.1,1999MM10,109.1
53635,A4,323200,53635,0.9,0.0,1999MM11,109.1
53636,A4,323200,53636,0.1,0.0,1999MM12,109.1
53638,A4,323200,53638,2.6,1.8,2000MM01,111.1
53639,A4,323200,53639,2.5,0.2,2000MM02,111.3
53640,A4,323200,53640,2.6,0.1,2000MM03,111.4
53641,A4,323200,53641,0.6,0.1,2000MM04,111.5
53642,A4,323200,53642,0.6,0.0,2000MM05,111.5
53643,A4,323200,53643,0.6,0.0,2000MM06,111.4
53644,A4,323200,53644,3.4,1.4,2000MM07,113.0
53645,A4,323200,53645,3.8,0.3,2000MM08,113.3
53646,A4,323200,53646,3.7,0.0,2000MM09,113.3
53647,A4,323200,53647,3.4,-0.4,2000MM10,112.8
53648,A4,323200,53648,3.6,0.1,2000MM11,113.0
53649,A4,323200,53649,3.5,-0.1,2000MM12,112.9
53651,A4,323200,53651,1.5,-0.1,2001MM01,112.8
53652,A4,323200,53652,1.8,0.5,2001MM02,113.3
53653,A4,323200,53653,2.1,0.4,2001MM03,113.7
53654,A4,323200,53654,1.7,-0.3,2001MM04,113.4
53655,A4,323200,53655,4.9,3.2,2001MM05,117.0
53656,A4,323200,53656,5.1,0.1,2001MM06,117.1
53657,A4,323200,53657,3.0,-0.7,2001MM07,116.3
53658,A4,323200,53658,2.6,-0.1,2001MM08,116.2
53659,A4,323200,53659,2.6,-0.1,2001MM09,116.2
53660,A4,323200,53660,1.9,-1.0,2001MM10,115.0
53661,A4,323200,53661,1.4,-0.4,2001MM11,114.5
53662,A4,323200,53662,1.6,0.1,2001MM12,114.7
53664,A4,323200,53664,1.6,-0.1,2002MM01,114.5
53665,A4,323200,53665,1.1,0.0,2002MM02,114.5
53666,A4,323200,53666,0.7,0.0,2002MM03,114.5
53667,A4,323200,53667,1.5,0.5,2002MM04,115.1
53668,A4,323200,53668,-1.6,0.0,2002MM05,115.1
53669,A4,323200,53669,-2.0,-0.2,2002MM06,114.8
53670,A4,323200,53670,-1.2,0.1,2002MM07,114.9
53671,A4,323200,53671,-0.5,0.6,2002MM08,115.6
53672,A4,323200,53672,0.4,0.9,2002MM09,116.7
53673,A4,323200,53673,0.3,-1.2,2002MM10,115.3
53674,A4,323200,53674,0.6,-0.1,2002MM11,115.2
53675,A4,323200,53675,0.4,0.0,2002MM12,115.1
53677,A4,323200,53677,1.4,0.9,2003MM01,116.1
53678,A4,323200,53678,1.7,0.3,2003MM02,116.5
53679,A4,323200,53679,1.6,-0.1,2003MM03,116.4
53680,A4,323200,53680,1.7,0.6,2003MM04,117.1
53681,A4,323200,53681,1.3,-0.4,2003MM05,116.6
53682,A4,323200,53682,1.6,0.0,2003MM06,116.6
53683,A4,323200,53683,0.7,-0.8,2003MM07,115.8
53684,A4,323200,53684,-0.3,-0.4,2003MM08,115.3
53685,A4,323200,53685,0.0,1.2,2003MM09,116.7
53686,A4,323200,53686,0.2,-1.0,2003MM10,115.5
53687,A4,323200,53687,0.3,0.1,2003MM11,115.6
53688,A4,323200,53688,0.2,-0.2,2003MM12,115.4
53690,A4,323200,53690,0.1,0.7,2004MM01,116.2
53691,A4,323200,53691,0.1,0.3,2004MM02,116.5
53692,A4,323200,53692,0.3,0.1,2004MM03,116.7
53693,A4,323200,53693,-2.7,-2.4,2004MM04,114.0
53694,A4,323200,53694,-2.4,-0.1,2004MM05,113.8
53695,A4,323200,53695,-2.5,-0.1,2004MM06,113.7
53696,A4,323200,53696,-1.4,0.4,2004MM07,114.2
53697,A4,323200,53697,-0.9,0.1,2004MM08,114.3
53698,A4,323200,53698,-1.9,0.1,2004MM09,114.4
53699,A4,323200,53699,-0.5,0.4,2004MM10,114.9
53700,A4,323200,53700,-0.4,0.2,2004MM11,115.1
53701,A4,323200,53701,-0.2,0.0,2004MM12,115.1
53703,A4,323200,53703,-0.176923076923,0.0,2005MM01,111.0
53704,A4,323200,53704,-0.153846153846,0.0,2005MM02,111.1
53705,A4,323200,53705,-0.130769230769,0.1,2005MM03,111.2
53706,A4,323200,53706,-0.107692307692,-0.8,2005MM04,110.3
53707,A4,323200,53707,-0.0846153846154,0.0,2005MM05,110.2
53708,A4,323200,53708,-0.0615384615385,-0.1,2005MM06,110.1
53709,A4,323200,53709,-0.0384615384615,0.0,2005MM07,110.1
53710,A4,323200,53710,-0.0153846153846,0.1,2005MM08,110.3
53711,A4,323200,53711,0.00769230769231,0.0,2005MM09,110.3
53712,A4,323200,53712,0.0307692307692,0.8,2005MM10,111.2
53713,A4,323200,53713,0.0538461538462,-0.2,2005MM11,110.9
53714,A4,323200,53714,0.0769230769231,-0.1,2005MM12,110.8
53716,A4,323200,53716,0.1,0.3,2006MM01,111.2
53717,A4,323200,53717,0.1,0.0,2006MM02,111.2
53718,A4,323200,53718,0.2,0.2,2006MM03,111.4
53719,A4,323200,53719,-0.2,-1.2,2006MM04,110.1
53720,A4,323200,53720,0.2,0.3,2006MM05,110.4
53721,A4,323200,53721,0.2,0.0,2006MM06,110.4
53722,A4,323200,53722,0.5,0.3,2006MM07,110.7
53723,A4,323200,53723,0.3,-0.1,2006MM08,110.6
53724,A4,323200,53724,0.1,-0.1,2006MM09,110.4
53725,A4,323200,53725,-3.8,-3.1,2006MM10,107.0
53726,A4,323200,53726,-3.6,0.0,2006MM11,107.0
53727,A4,323200,53727,-3.5,0.0,2006MM12,107.0
53729,A4,323200,53729,-3.0,0.8,2007MM01,107.8
53730,A4,323200,53730,-3.1,-0.2,2007MM02,107.7
53731,A4,323200,53731,-3.5,-0.2,2007MM03,107.5
53732,A4,323200,53732,-4.2,-1.8,2007MM04,105.5
53733,A4,323200,53733,-4.4,0.0,2007MM05,105.5
53734,A4,323200,53734,-4.4,0.0,2007MM06,105.5
53735,A4,323200,53735,-4.5,0.1,2007MM07,105.7
53736,A4,323200,53736,-4.4,0.0,2007MM08,105.7
53737,A4,323200,53737,-4.4,-0.1,2007MM09,105.6
53738,A4,323200,53738,-2.0,-0.6,2007MM10,104.9
53739,A4,323200,53739,-1.8,0.2,2007MM11,105.1
53740,A4,323200,53740,-1.5,0.3,2007MM12,105.4
53742,A4,323200,53742,-1.5,0.8,2008MM01,106.2
53743,A4,323200,53743,-0.9,0.4,2008MM02,106.7
53744,A4,323200,53744,-0.8,-0.1,2008MM03,106.6
53745,A4,323200,53745,-1.8,-2.9,2008MM04,103.5
53746,A4,323200,53746,-1.9,0.0,2008MM05,103.5
53747,A4,323200,53747,-1.6,0.3,2008MM06,103.8
53748,A4,323200,53748,-1.5,0.2,2008MM07,104.1
53749,A4,323200,53749,-1.6,-0.1,2008MM08,104.0
53750,A4,323200,53750,-1.6,-0.1,2008MM09,103.8
53751,A4,323200,53751,-1.9,-0.9,2008MM10,102.9
53752,A4,323200,53752,-2.7,-0.7,2008MM11,102.3
53753,A4,323200,53753,-3.6,-0.6,2008MM12,101.6
53755,A4,323200,53755,-6.8,-2.5,2009MM01,99.0
53756,A4,323200,53756,-7.5,-0.3,2009MM02,98.7
53757,A4,323200,53757,-7.4,0.0,2009MM03,98.7
53758,A4,323200,53758,-5.7,-1.0,2009MM04,97.7
53759,A4,323200,53759,-5.3,0.4,2009MM05,98.1
53760,A4,323200,53760,-5.5,0.0,2009MM06,98.1
53761,A4,323200,53761,-5.6,0.1,2009MM07,98.2
53762,A4,323200,53762,-5.4,0.1,2009MM08,98.3
53763,A4,323200,53763,-5.2,0.2,2009MM09,98.5
53764,A4,323200,53764,-5.0,-0.7,2009MM10,97.8
53765,A4,323200,53765,-4.1,0.3,2009MM11,98.1
53766,A4,323200,53766,-3.4,0.1,2009MM12,98.2
53768,A4,323200,53768,1.1,2.0,2010MM01,100.1
53769,A4,323200,53769,1.6,0.2,2010MM02,100.3
53770,A4,323200,53770,1.9,0.3,2010MM03,100.6
53771,A4,323200,53771,2.5,-0.5,2010MM04,100.1
53772,A4,323200,53772,2.2,0.1,2010MM05,100.2
53773,A4,323200,53773,2.0,-0.1,2010MM06,100.1
53774,A4,323200,53774,1.8,-0.1,2010MM07,100.0
53775,A4,323200,53775,1.6,-0.1,2010MM08,99.9
53776,A4,323200,53776,1.7,0.3,2010MM09,100.2
53777,A4,323200,53777,1.5,-0.9,2010MM10,99.3
53778,A4,323200,53778,1.5,0.3,2010MM11,99.5
53779,A4,323200,53779,1.6,0.2,2010MM12,99.8
53781,A4,323200,53781,2.7,3.0,2011MM01,102.8
53782,A4,323200,53782,2.7,0.2,2011MM02,103.0
53783,A4,323200,53783,2.7,0.3,2011MM03,103.3
53784,A4,323200,53784,3.5,0.3,2011MM04,103.6
53785,A4,323200,53785,3.8,0.3,2011MM05,104.0
53786,A4,323200,53786,3.8,-0.1,2011MM06,103.9
53787,A4,323200,53787,3.9,0.0,2011MM07,103.9
53788,A4,323200,53788,4.0,0.0,2011MM08,103.9
53789,A4,323200,53789,3.8,0.0,2011MM09,103.9
53790,A4,323200,53790,4.1,-0.6,2011MM10,103.3
53791,A4,323200,53791,3.6,-0.1,2011MM11,103.2
53792,A4,323200,53792,3.8,0.4,2011MM12,103.5
53794,A4,323200,53794,2.4,1.6,2012MM01,105.2
53795,A4,323200,53795,2.5,0.4,2012MM02,105.6
53796,A4,323200,53796,2.4,0.2,2012MM03,105.8
53797,A4,323200,53797,2.7,0.6,2012MM04,106.4
53798,A4,323200,53798,2.3,0.0,2012MM05,106.4
53799,A4,323200,53799,1.9,-0.5,2012MM06,105.9
53800,A4,323200,53800,1.5,-0.3,2012MM07,105.5
53801,A4,323200,53801,2.0,0.5,2012MM08,106.0
53802,A4,323200,53802,2.5,0.5,2012MM09,106.5
53803,A4,323200,53803,3.5,0.3,2012MM10,106.9
53804,A4,323200,53804,3.4,-0.1,2012MM11,106.7
53805,A4,323200,53805,3.1,0.0,2012MM12,106.7
53807,A4,323200,53807,3.2,1.8,2013MM01,108.6
53808,A4,323200,53808,3.1,0.2,2013MM02,108.8
53809,A4,323200,53809,2.9,0.1,2013MM03,108.9
53810,A4,323200,53810,2.1,-0.3,2013MM04,108.6
53811,A4,323200,53811,1.8,-0.3,2013MM05,108.3
53812,A4,323200,53812,2.1,-0.2,2013MM06,108.1
53813,A4,323200,53813,2.6,0.1,2013MM07,108.2
53814,A4,323200,53814,2.2,0.1,2013MM08,108.3
53815,A4,323200,53815,1.8,0.0,2013MM09,108.4
53816,A4,323200,53816,1.2,-0.2,2013MM10,108.1
53817,A4,323200,53817,1.1,-0.2,2013MM11,107.9
53818,A4,323200,53818,1.3,0.1,2013MM12,108.0
53820,A4,323200,53820,0.3,0.8,2014MM01,108.9
53821,A4,323200,53821,0.0,-0.1,2014MM02,108.8
53822,A4,323200,53822,-0.4,-0.3,2014MM03,108.5
53823,A4,323200,53823,0.4,0.4,2014MM04,109.0
53824,A4,323200,53824,0.7,0.0,2014MM05,109.1
53825,A4,323200,53825,1.1,0.2,2014MM06,109.3
53826,A4,323200,53826,1.5,0.5,2014MM07,109.9
53827,A4,323200,53827,1.3,0.0,2014MM08,109.8
53828,A4,323200,53828,1.1,-0.2,2014MM09,109.5
53829,A4,323200,53829,1.4,0.1,2014MM10,109.7
53830,A4,323200,53830,1.2,-0.4,2014MM11,109.2
53831,A4,323200,53831,0.1,-1.0,2014MM12,108.1
53833,A4,323200,53833,-1.0,-0.3,2015MM01,107.8
53834,A4,323200,53834,-1.2,-0.3,2015MM02,107.5
53835,A4,323200,53835,-0.5,0.4,2015MM03,108.0
53836,A4,323200,53836,-0.1,0.8,2015MM04,108.9
53837,A4,323200,53837,0.2,0.4,2015MM05,109.3
53838,A4,323200,53838,0.3,0.3,2015MM06,109.6
53839,A4,323200,53839,-0.3,-0.1,2015MM07,109.5
53840,A4,323200,53840,-0.8,-0.6,2015MM08,108.9
53841,A4,323200,53841,-1.5,-0.9,2015MM09,107.9
53842,A4,323200,53842,-2.1,-0.5,2015MM10,107.4
53843,A4,323200,53843,-1.8,-0.1,2015MM11,107.3
53844,A4,323200,53844,-0.7,0.1,2015MM12,107.4
53846,A4,323200,53846,-0.4,0.1,2016MM01,107.4
53847,A4,323200,53847,-0.3,-0.2,2016MM02,107.2
53848,A4,323200,53848,-0.7,0.0,2016MM03,107.2
53849,A4,323200,53849,0.1,1.7,2016MM04,109.0
53850,A4,323200,53850,0.1,0.3,2016MM05,109.4
53851,A4,323200,53851,-0.1,0.1,2016MM06,109.5
53852,A4,323200,53852,0.0,0.0,2016MM07,109.6
53853,A4,323200,53853,0.5,-0.1,2016MM08,109.5
53854,A4,323200,53854,1.5,0.1,2016MM09,109.6
53855,A4,323200,53855,1.4,-0.6,2016MM10,108.9
53856,A4,323200,53856,1.7,0.1,2016MM11,109.0
53857,A4,323200,53857,1.7,0.1,2016MM12,109.2
53859,A4,323200,53859,2.5,0.9,2017MM01,110.1
53860,A4,323200,53860,3.3,0.6,2017MM02,110.7
53861,A4,323200,53861,3.8,0.5,2017MM03,111.3
53862,A4,323200,53862,1.6,-0.4,2017MM04,110.8
53863,A4,323200,53863,1.1,-0.2,2017MM05,110.6
53864,A4,323200,53864,0.6,-0.4,2017MM06,110.2
53865,A4,323200,53865,0.4,-0.2,2017MM07,110.0
53866,A4,323200,53866,0.5,0.0,2017MM08,110.0
53867,A4,323200,53867,0.7,0.4,2017MM09,110.4
53868,A4,323200,53868,1.3,-0.1,2017MM10,110.4
53869,A4,323200,53869,1.3,0.1,2017MM11,110.5
53870,A4,323200,53870,1.3,0.1,2017MM12,110.6
