,Afzet,BedrijfstakkenBranchesSBI2008,ID,OntwikkelingTOV1JaarEerder_2,OntwikkelingTOV1MaandEerder_3,Perioden,ProducentenprijsindexPPI_1
86099,A5,323700,86099,2.26153846154,0.15,1981MM01,74.9
86100,A5,323700,86100,2.42307692308,0.3,1981MM02,75.2
86101,A5,323700,86101,2.58461538462,0.1,1981MM03,75.3
86102,A5,323700,86102,2.74615384615,1.0,1981MM04,76.0
86103,A5,323700,86103,2.90769230769,0.2,1981MM05,76.1
86104,A5,323700,86104,3.06923076923,0.4,1981MM06,76.4
86105,A5,323700,86105,3.23076923077,0.8,1981MM07,77.1
86106,A5,323700,86106,3.39230769231,0.1,1981MM08,77.1
86107,A5,323700,86107,3.55384615385,0.2,1981MM09,77.3
86108,A5,323700,86108,3.71538461538,0.7,1981MM10,77.8
86109,A5,323700,86109,3.87692307692,-0.3,1981MM11,77.6
86110,A5,323700,86110,4.03846153846,-0.4,1981MM12,77.3
86112,A5,323700,86112,4.2,1.1,1982MM01,78.1
86113,A5,323700,86113,3.5,-0.4,1982MM02,77.8
86114,A5,323700,86114,3.1,-0.3,1982MM03,77.6
86115,A5,323700,86115,2.2,0.1,1982MM04,77.7
86116,A5,323700,86116,3.2,1.2,1982MM05,78.6
86117,A5,323700,86117,2.6,-0.3,1982MM06,78.4
86118,A5,323700,86118,2.2,0.5,1982MM07,78.8
86119,A5,323700,86119,2.6,0.5,1982MM08,79.2
86120,A5,323700,86120,2.1,-0.3,1982MM09,78.9
86121,A5,323700,86121,1.2,-0.2,1982MM10,78.8
86122,A5,323700,86122,1.8,0.2,1982MM11,79.0
86123,A5,323700,86123,2.2,0.0,1982MM12,79.0
86125,A5,323700,86125,1.5,0.4,1983MM01,79.3
86126,A5,323700,86126,2.0,0.1,1983MM02,79.4
86127,A5,323700,86127,2.5,0.2,1983MM03,79.5
86128,A5,323700,86128,2.8,0.4,1983MM04,79.9
86129,A5,323700,86129,1.9,0.3,1983MM05,80.1
86130,A5,323700,86130,2.3,0.1,1983MM06,80.2
86131,A5,323700,86131,1.9,0.1,1983MM07,80.3
86132,A5,323700,86132,1.6,0.2,1983MM08,80.5
86133,A5,323700,86133,1.8,-0.1,1983MM09,80.4
86134,A5,323700,86134,2.6,0.6,1983MM10,80.8
86135,A5,323700,86135,2.7,0.4,1983MM11,81.1
86136,A5,323700,86136,2.9,0.1,1983MM12,81.2
86138,A5,323700,86138,4.0,1.6,1984MM01,82.5
86139,A5,323700,86139,3.8,-0.1,1984MM02,82.4
86140,A5,323700,86140,4.7,1.0,1984MM03,83.2
86141,A5,323700,86141,3.6,-0.6,1984MM04,82.7
86142,A5,323700,86142,3.9,0.7,1984MM05,83.3
86143,A5,323700,86143,3.6,-0.2,1984MM06,83.1
86144,A5,323700,86144,3.8,0.3,1984MM07,83.3
86145,A5,323700,86145,4.0,0.4,1984MM08,83.7
86146,A5,323700,86146,4.4,0.3,1984MM09,83.9
86147,A5,323700,86147,4.1,0.3,1984MM10,84.2
86148,A5,323700,86148,3.3,-0.5,1984MM11,83.8
86149,A5,323700,86149,4.1,0.9,1984MM12,84.5
86151,A5,323700,86151,3.3,0.8,1985MM01,85.2
86152,A5,323700,86152,2.5,-0.9,1985MM02,84.5
86153,A5,323700,86153,1.8,0.3,1985MM03,84.8
86154,A5,323700,86154,2.8,0.4,1985MM04,85.1
86155,A5,323700,86155,2.6,0.5,1985MM05,85.5
86156,A5,323700,86156,3.3,0.5,1985MM06,85.9
86157,A5,323700,86157,3.4,0.3,1985MM07,86.1
86158,A5,323700,86158,3.4,0.5,1985MM08,86.6
86159,A5,323700,86159,3.1,0.0,1985MM09,86.5
86160,A5,323700,86160,2.6,-0.2,1985MM10,86.4
86161,A5,323700,86161,3.2,0.1,1985MM11,86.4
86162,A5,323700,86162,1.6,-0.7,1985MM12,85.8
86164,A5,323700,86164,0.7,-0.1,1986MM01,85.8
86165,A5,323700,86165,0.7,-0.8,1986MM02,85.1
86166,A5,323700,86166,1.1,0.8,1986MM03,85.7
86167,A5,323700,86167,0.7,-0.1,1986MM04,85.6
86168,A5,323700,86168,0.1,-0.1,1986MM05,85.6
86169,A5,323700,86169,-0.4,-0.1,1986MM06,85.5
86170,A5,323700,86170,-1.2,-0.5,1986MM07,85.1
86171,A5,323700,86171,-1.8,-0.1,1986MM08,85.0
86172,A5,323700,86172,-1.7,0.1,1986MM09,85.1
86173,A5,323700,86173,-1.9,-0.4,1986MM10,84.7
86174,A5,323700,86174,-2.5,-0.5,1986MM11,84.3
86175,A5,323700,86175,-2.0,-0.2,1986MM12,84.2
86177,A5,323700,86177,-1.8,0.1,1987MM01,84.2
86178,A5,323700,86178,-0.6,0.4,1987MM02,84.5
86179,A5,323700,86179,-1.5,-0.2,1987MM03,84.4
86180,A5,323700,86180,-1.7,-0.3,1987MM04,84.2
86181,A5,323700,86181,-1.8,-0.2,1987MM05,84.0
86182,A5,323700,86182,-1.8,0.0,1987MM06,84.0
86183,A5,323700,86183,-1.2,0.1,1987MM07,84.1
86184,A5,323700,86184,-0.9,0.1,1987MM08,84.2
86185,A5,323700,86185,-0.9,0.1,1987MM09,84.3
86186,A5,323700,86186,-0.5,0.0,1987MM10,84.3
86187,A5,323700,86187,0.2,0.2,1987MM11,84.5
86188,A5,323700,86188,0.6,0.2,1987MM12,84.7
86190,A5,323700,86190,0.8,0.3,1988MM01,84.9
86191,A5,323700,86191,0.4,0.0,1988MM02,84.9
86192,A5,323700,86192,0.8,0.2,1988MM03,85.1
86193,A5,323700,86193,2.0,0.9,1988MM04,85.9
86194,A5,323700,86194,1.6,-0.6,1988MM05,85.4
86195,A5,323700,86195,1.6,0.0,1988MM06,85.3
86196,A5,323700,86196,2.0,0.5,1988MM07,85.8
86197,A5,323700,86197,2.2,0.3,1988MM08,86.0
86198,A5,323700,86198,2.0,0.0,1988MM09,86.0
86199,A5,323700,86199,1.9,-0.1,1988MM10,86.0
86200,A5,323700,86200,1.8,0.1,1988MM11,86.0
86201,A5,323700,86201,1.7,0.0,1988MM12,86.1
86203,A5,323700,86203,1.5,0.1,1989MM01,86.2
86204,A5,323700,86204,1.4,0.0,1989MM02,86.1
86205,A5,323700,86205,1.4,0.1,1989MM03,86.2
86206,A5,323700,86206,0.5,0.1,1989MM04,86.4
86207,A5,323700,86207,1.2,0.0,1989MM05,86.4
86208,A5,323700,86208,1.7,0.5,1989MM06,86.8
86209,A5,323700,86209,1.1,-0.2,1989MM07,86.7
86210,A5,323700,86210,0.6,-0.2,1989MM08,86.5
86211,A5,323700,86211,0.7,0.1,1989MM09,86.6
86212,A5,323700,86212,0.6,-0.2,1989MM10,86.5
86213,A5,323700,86213,0.4,-0.1,1989MM11,86.4
86214,A5,323700,86214,-0.2,-0.6,1989MM12,85.9
86216,A5,323700,86216,-0.7,-0.4,1990MM01,85.6
86217,A5,323700,86217,-0.8,-0.1,1990MM02,85.5
86218,A5,323700,86218,-0.9,-0.1,1990MM03,85.4
86219,A5,323700,86219,-1.5,-0.4,1990MM04,85.1
86220,A5,323700,86220,-2.0,-0.5,1990MM05,84.7
86221,A5,323700,86221,-2.3,0.2,1990MM06,84.8
86222,A5,323700,86222,-2.2,-0.1,1990MM07,84.8
86223,A5,323700,86223,-1.7,0.3,1990MM08,85.0
86224,A5,323700,86224,-1.8,0.0,1990MM09,85.1
86225,A5,323700,86225,-1.5,0.1,1990MM10,85.2
86226,A5,323700,86226,-0.9,0.5,1990MM11,85.6
86227,A5,323700,86227,-0.1,0.2,1990MM12,85.8
86229,A5,323700,86229,0.8,0.5,1991MM01,86.2
86230,A5,323700,86230,2.0,1.1,1991MM02,87.2
86231,A5,323700,86231,2.1,0.0,1991MM03,87.2
86232,A5,323700,86232,2.7,0.2,1991MM04,87.4
86233,A5,323700,86233,3.1,-0.1,1991MM05,87.3
86234,A5,323700,86234,3.1,0.1,1991MM06,87.4
86235,A5,323700,86235,3.2,0.0,1991MM07,87.4
86236,A5,323700,86236,2.9,0.0,1991MM08,87.5
86237,A5,323700,86237,2.4,-0.4,1991MM09,87.1
86238,A5,323700,86238,2.2,0.0,1991MM10,87.1
86239,A5,323700,86239,1.7,0.0,1991MM11,87.1
86240,A5,323700,86240,1.4,-0.1,1991MM12,87.1
86242,A5,323700,86242,0.8,-0.2,1992MM01,86.9
86243,A5,323700,86243,-0.2,0.1,1992MM02,87.0
86244,A5,323700,86244,-0.5,-0.3,1992MM03,86.8
86245,A5,323700,86245,0.1,0.8,1992MM04,87.5
86246,A5,323700,86246,0.1,-0.1,1992MM05,87.4
86247,A5,323700,86247,-0.1,-0.1,1992MM06,87.3
86248,A5,323700,86248,0.1,0.3,1992MM07,87.6
86249,A5,323700,86249,-0.5,-0.6,1992MM08,87.0
86250,A5,323700,86250,-0.2,-0.1,1992MM09,86.9
86251,A5,323700,86251,0.1,0.3,1992MM10,87.1
86252,A5,323700,86252,-0.7,-0.7,1992MM11,86.5
86253,A5,323700,86253,-0.6,0.0,1992MM12,86.5
86255,A5,323700,86255,-0.9,-0.5,1993MM01,86.1
86256,A5,323700,86256,-1.2,-0.2,1993MM02,85.9
86257,A5,323700,86257,-1.4,-0.5,1993MM03,85.5
86258,A5,323700,86258,-4.0,-1.8,1993MM04,83.9
86259,A5,323700,86259,-2.9,1.2,1993MM05,84.9
86260,A5,323700,86260,-3.0,-0.2,1993MM06,84.7
86261,A5,323700,86261,-3.4,-0.1,1993MM07,84.6
86262,A5,323700,86262,-3.1,-0.3,1993MM08,84.3
86263,A5,323700,86263,-3.0,0.0,1993MM09,84.3
86264,A5,323700,86264,-3.4,-0.1,1993MM10,84.2
86265,A5,323700,86265,-3.0,-0.3,1993MM11,83.9
86266,A5,323700,86266,-3.7,-0.7,1993MM12,83.3
86268,A5,323700,86268,-3.7,-0.5,1994MM01,82.9
86269,A5,323700,86269,-3.8,-0.3,1994MM02,82.7
86270,A5,323700,86270,-3.4,-0.1,1994MM03,82.6
86271,A5,323700,86271,-1.6,0.0,1994MM04,82.6
86272,A5,323700,86272,-3.0,-0.3,1994MM05,82.4
86273,A5,323700,86273,-2.5,0.2,1994MM06,82.6
86274,A5,323700,86274,-2.6,-0.2,1994MM07,82.4
86275,A5,323700,86275,-2.2,0.1,1994MM08,82.5
86276,A5,323700,86276,-1.7,0.4,1994MM09,82.9
86277,A5,323700,86277,-1.5,0.1,1994MM10,83.0
86278,A5,323700,86278,-1.4,-0.2,1994MM11,82.8
86279,A5,323700,86279,-0.9,-0.2,1994MM12,82.6
86281,A5,323700,86281,0.0,0.4,1995MM01,82.9
86282,A5,323700,86282,0.5,0.3,1995MM02,83.1
86283,A5,323700,86283,1.1,0.4,1995MM03,83.5
86284,A5,323700,86284,1.8,0.7,1995MM04,84.1
86285,A5,323700,86285,2.5,0.5,1995MM05,84.5
86286,A5,323700,86286,2.9,0.6,1995MM06,84.9
86287,A5,323700,86287,3.1,0.0,1995MM07,84.9
86288,A5,323700,86288,3.3,0.3,1995MM08,85.2
86289,A5,323700,86289,3.0,0.2,1995MM09,85.3
86290,A5,323700,86290,3.0,0.1,1995MM10,85.4
86291,A5,323700,86291,3.1,-0.1,1995MM11,85.3
86292,A5,323700,86292,3.0,-0.3,1995MM12,85.1
86294,A5,323700,86294,3.0,0.4,1996MM01,85.4
86295,A5,323700,86295,2.3,-0.4,1996MM02,85.1
86296,A5,323700,86296,1.7,-0.2,1996MM03,84.9
86297,A5,323700,86297,0.5,-0.5,1996MM04,84.5
86298,A5,323700,86298,0.0,0.0,1996MM05,84.5
86299,A5,323700,86299,-0.6,0.0,1996MM06,84.5
86300,A5,323700,86300,-0.4,0.1,1996MM07,84.6
86301,A5,323700,86301,-0.8,0.0,1996MM08,84.6
86302,A5,323700,86302,-0.7,0.2,1996MM09,84.7
86303,A5,323700,86303,-0.7,0.1,1996MM10,84.8
86304,A5,323700,86304,-0.5,0.1,1996MM11,84.9
86305,A5,323700,86305,-0.1,0.1,1996MM12,85.0
86307,A5,323700,86307,-0.3,0.3,1997MM01,85.2
86308,A5,323700,86308,0.0,-0.1,1997MM02,85.1
86309,A5,323700,86309,0.1,-0.1,1997MM03,85.0
86310,A5,323700,86310,0.7,0.0,1997MM04,85.1
86311,A5,323700,86311,0.7,0.1,1997MM05,85.1
86312,A5,323700,86312,0.6,-0.2,1997MM06,85.0
86313,A5,323700,86313,0.5,0.1,1997MM07,85.0
86314,A5,323700,86314,0.7,0.1,1997MM08,85.2
86315,A5,323700,86315,0.4,-0.1,1997MM09,85.1
86316,A5,323700,86316,0.5,0.2,1997MM10,85.2
86317,A5,323700,86317,0.2,-0.2,1997MM11,85.1
86318,A5,323700,86318,0.0,-0.1,1997MM12,85.0
86320,A5,323700,86320,-0.4,-0.2,1998MM01,84.8
86321,A5,323700,86321,-0.3,0.0,1998MM02,84.8
86322,A5,323700,86322,-0.6,-0.4,1998MM03,84.5
86323,A5,323700,86323,-0.8,-0.1,1998MM04,84.4
86324,A5,323700,86324,-0.6,0.3,1998MM05,84.6
86325,A5,323700,86325,-0.4,0.0,1998MM06,84.6
86326,A5,323700,86326,-0.3,0.1,1998MM07,84.7
86327,A5,323700,86327,-0.2,0.3,1998MM08,85.0
86328,A5,323700,86328,-0.3,-0.2,1998MM09,84.8
86329,A5,323700,86329,-0.9,-0.4,1998MM10,84.5
86330,A5,323700,86330,-0.9,-0.1,1998MM11,84.4
86331,A5,323700,86331,-0.3,0.4,1998MM12,84.7
86333,A5,323700,86333,-0.4,-0.3,1999MM01,84.5
86334,A5,323700,86334,-0.7,-0.3,1999MM02,84.2
86335,A5,323700,86335,-0.3,0.0,1999MM03,84.2
86336,A5,323700,86336,0.3,0.5,1999MM04,84.6
86337,A5,323700,86337,0.1,0.0,1999MM05,84.7
86338,A5,323700,86338,0.2,0.2,1999MM06,84.8
86339,A5,323700,86339,0.0,0.0,1999MM07,84.8
86340,A5,323700,86340,-0.2,0.0,1999MM08,84.8
86341,A5,323700,86341,0.3,0.4,1999MM09,85.1
86342,A5,323700,86342,1.8,1.0,1999MM10,85.9
86343,A5,323700,86343,2.0,0.1,1999MM11,86.0
86344,A5,323700,86344,2.3,0.7,1999MM12,86.6
86346,A5,323700,86346,3.2,0.6,2000MM01,87.2
86347,A5,323700,86347,3.6,0.1,2000MM02,87.3
86348,A5,323700,86348,3.7,0.1,2000MM03,87.4
86349,A5,323700,86349,4.2,1.0,2000MM04,88.2
86350,A5,323700,86350,4.3,0.1,2000MM05,88.3
86351,A5,323700,86351,4.3,0.2,2000MM06,88.5
86352,A5,323700,86352,5.5,1.1,2000MM07,89.4
86353,A5,323700,86353,5.3,-0.2,2000MM08,89.2
86354,A5,323700,86354,4.9,0.0,2000MM09,89.2
86355,A5,323700,86355,4.0,0.1,2000MM10,89.4
86356,A5,323700,86356,3.7,-0.2,2000MM11,89.2
86357,A5,323700,86357,3.2,0.3,2000MM12,89.4
86359,A5,323700,86359,3.4,0.7,2001MM01,90.1
86360,A5,323700,86360,3.4,0.1,2001MM02,90.2
86361,A5,323700,86361,3.1,-0.2,2001MM03,90.0
86362,A5,323700,86362,2.3,0.3,2001MM04,90.3
86363,A5,323700,86363,2.1,-0.1,2001MM05,90.1
86364,A5,323700,86364,2.2,0.4,2001MM06,90.5
86365,A5,323700,86365,1.2,0.0,2001MM07,90.5
86366,A5,323700,86366,1.5,0.1,2001MM08,90.5
86367,A5,323700,86367,0.9,-0.5,2001MM09,90.1
86368,A5,323700,86368,0.6,-0.2,2001MM10,89.9
86369,A5,323700,86369,0.7,-0.1,2001MM11,89.8
86370,A5,323700,86370,0.1,-0.3,2001MM12,89.5
86372,A5,323700,86372,-0.7,0.0,2002MM01,89.5
86373,A5,323700,86373,-1.1,-0.3,2002MM02,89.3
86374,A5,323700,86374,-1.0,-0.2,2002MM03,89.1
86375,A5,323700,86375,-0.9,0.3,2002MM04,89.4
86376,A5,323700,86376,-0.7,0.0,2002MM05,89.5
86377,A5,323700,86377,-1.1,0.0,2002MM06,89.5
86378,A5,323700,86378,-0.5,0.6,2002MM07,90.0
86379,A5,323700,86379,-0.6,0.0,2002MM08,90.0
86380,A5,323700,86380,-0.3,-0.2,2002MM09,89.8
86381,A5,323700,86381,-0.1,0.0,2002MM10,89.8
86382,A5,323700,86382,0.0,0.0,2002MM11,89.8
86383,A5,323700,86383,0.1,-0.2,2002MM12,89.6
86385,A5,323700,86385,0.3,0.1,2003MM01,89.7
86386,A5,323700,86386,0.9,0.3,2003MM02,90.0
86387,A5,323700,86387,0.9,-0.1,2003MM03,90.0
86388,A5,323700,86388,1.0,0.4,2003MM04,90.4
86389,A5,323700,86389,1.2,0.2,2003MM05,90.5
86390,A5,323700,86390,0.9,-0.2,2003MM06,90.3
86391,A5,323700,86391,-0.1,-0.5,2003MM07,89.9
86392,A5,323700,86392,-0.4,-0.3,2003MM08,89.6
86393,A5,323700,86393,-0.1,0.1,2003MM09,89.7
86394,A5,323700,86394,-0.4,-0.2,2003MM10,89.5
86395,A5,323700,86395,-0.4,-0.1,2003MM11,89.4
86396,A5,323700,86396,-0.2,0.1,2003MM12,89.5
86398,A5,323700,86398,-0.6,-0.3,2004MM01,89.2
86399,A5,323700,86399,-0.8,0.1,2004MM02,89.3
86400,A5,323700,86400,-0.5,0.2,2004MM03,89.5
86401,A5,323700,86401,-1.2,-0.2,2004MM04,89.3
86402,A5,323700,86402,-1.4,0.0,2004MM05,89.2
86403,A5,323700,86403,-1.1,0.1,2004MM06,89.3
86404,A5,323700,86404,-0.3,0.3,2004MM07,89.6
86405,A5,323700,86405,0.1,0.1,2004MM08,89.7
86406,A5,323700,86406,0.3,0.2,2004MM09,89.9
86407,A5,323700,86407,1.6,1.1,2004MM10,90.9
86408,A5,323700,86408,1.8,0.2,2004MM11,91.0
86409,A5,323700,86409,1.8,0.1,2004MM12,91.1
86411,A5,323700,86411,1.85384615385,0.15,2005MM01,92.4
86412,A5,323700,86412,1.90769230769,0.2,2005MM02,92.6
86413,A5,323700,86413,1.96153846154,-0.2,2005MM03,92.4
86414,A5,323700,86414,2.01538461538,0.5,2005MM04,92.9
86415,A5,323700,86415,2.06923076923,-0.1,2005MM05,92.8
86416,A5,323700,86416,2.12307692308,0.5,2005MM06,93.2
86417,A5,323700,86417,2.17692307692,-0.8,2005MM07,92.5
86418,A5,323700,86418,2.23076923077,0.0,2005MM08,92.5
86419,A5,323700,86419,2.28461538462,0.1,2005MM09,92.6
86420,A5,323700,86420,2.33846153846,0.7,2005MM10,93.3
86421,A5,323700,86421,2.39230769231,-0.2,2005MM11,93.1
86422,A5,323700,86422,2.44615384615,0.4,2005MM12,93.5
86424,A5,323700,86424,2.5,1.2,2006MM01,94.6
86425,A5,323700,86425,2.3,0.1,2006MM02,94.7
86426,A5,323700,86426,2.5,-0.1,2006MM03,94.7
86427,A5,323700,86427,2.3,0.4,2006MM04,95.0
86428,A5,323700,86428,2.0,-0.4,2006MM05,94.7
86429,A5,323700,86429,1.6,0.1,2006MM06,94.7
86430,A5,323700,86430,3.0,0.6,2006MM07,95.3
86431,A5,323700,86431,3.1,0.0,2006MM08,95.3
86432,A5,323700,86432,3.2,0.2,2006MM09,95.5
86433,A5,323700,86433,2.7,0.3,2006MM10,95.8
86434,A5,323700,86434,2.8,-0.1,2006MM11,95.7
86435,A5,323700,86435,2.3,0.0,2006MM12,95.7
86437,A5,323700,86437,1.9,0.8,2007MM01,96.4
86438,A5,323700,86438,1.7,0.0,2007MM02,96.4
86439,A5,323700,86439,1.8,0.0,2007MM03,96.3
86440,A5,323700,86440,1.8,0.4,2007MM04,96.7
86441,A5,323700,86441,3.6,1.4,2007MM05,98.0
86442,A5,323700,86442,3.2,-0.2,2007MM06,97.8
86443,A5,323700,86443,2.3,-0.4,2007MM07,97.5
86444,A5,323700,86444,2.4,0.1,2007MM08,97.6
86445,A5,323700,86445,2.2,0.0,2007MM09,97.6
86446,A5,323700,86446,2.5,0.6,2007MM10,98.2
86447,A5,323700,86447,2.3,-0.2,2007MM11,97.9
86448,A5,323700,86448,2.7,0.4,2007MM12,98.3
86450,A5,323700,86450,2.6,0.7,2008MM01,98.9
86451,A5,323700,86451,2.5,-0.1,2008MM02,98.8
86452,A5,323700,86452,2.7,0.1,2008MM03,98.9
86453,A5,323700,86453,3.3,0.9,2008MM04,99.9
86454,A5,323700,86454,1.8,0.0,2008MM05,99.8
86455,A5,323700,86455,2.4,0.3,2008MM06,100.1
86456,A5,323700,86456,3.6,0.8,2008MM07,100.9
86457,A5,323700,86457,4.1,0.6,2008MM08,101.5
86458,A5,323700,86458,4.3,0.3,2008MM09,101.8
86459,A5,323700,86459,3.9,0.2,2008MM10,102.0
86460,A5,323700,86460,3.0,-1.1,2008MM11,100.9
86461,A5,323700,86461,2.1,-0.5,2008MM12,100.4
86463,A5,323700,86463,0.3,-1.1,2009MM01,99.3
86464,A5,323700,86464,0.2,-0.2,2009MM02,99.1
86465,A5,323700,86465,-0.3,-0.4,2009MM03,98.7
86466,A5,323700,86466,-1.7,-0.5,2009MM04,98.1
86467,A5,323700,86467,-1.8,-0.1,2009MM05,98.0
86468,A5,323700,86468,-3.3,-1.2,2009MM06,96.8
86469,A5,323700,86469,-4.1,0.0,2009MM07,96.8
86470,A5,323700,86470,-4.4,0.2,2009MM08,97.0
86471,A5,323700,86471,-4.7,0.0,2009MM09,97.1
86472,A5,323700,86472,-4.5,0.3,2009MM10,97.4
86473,A5,323700,86473,-3.5,0.0,2009MM11,97.4
86474,A5,323700,86474,-2.9,0.1,2009MM12,97.5
86476,A5,323700,86476,-1.3,0.5,2010MM01,98.0
86477,A5,323700,86477,-0.9,0.2,2010MM02,98.2
86478,A5,323700,86478,-0.1,0.3,2010MM03,98.5
86479,A5,323700,86479,1.1,0.8,2010MM04,99.3
86480,A5,323700,86480,1.9,0.6,2010MM05,99.9
86481,A5,323700,86481,3.4,0.1,2010MM06,100.0
86482,A5,323700,86482,3.9,0.6,2010MM07,100.6
86483,A5,323700,86483,4.0,0.3,2010MM08,100.9
86484,A5,323700,86484,3.9,-0.1,2010MM09,100.9
86485,A5,323700,86485,3.9,0.2,2010MM10,101.1
86486,A5,323700,86486,3.9,0.1,2010MM11,101.2
86487,A5,323700,86487,4.0,0.2,2010MM12,101.3
86489,A5,323700,86489,5.4,1.9,2011MM01,103.3
86490,A5,323700,86490,5.8,0.6,2011MM02,103.9
86491,A5,323700,86491,5.5,0.1,2011MM03,104.0
86492,A5,323700,86492,6.8,2.0,2011MM04,106.1
86493,A5,323700,86493,6.2,0.0,2011MM05,106.1
86494,A5,323700,86494,6.5,0.5,2011MM06,106.6
86495,A5,323700,86495,6.0,0.1,2011MM07,106.7
86496,A5,323700,86496,5.4,-0.3,2011MM08,106.4
86497,A5,323700,86497,5.5,0.0,2011MM09,106.4
86498,A5,323700,86498,5.0,-0.2,2011MM10,106.2
86499,A5,323700,86499,4.6,-0.4,2011MM11,105.8
86500,A5,323700,86500,4.3,-0.2,2011MM12,105.6
86502,A5,323700,86502,2.8,0.5,2012MM01,106.2
86503,A5,323700,86503,2.4,0.3,2012MM02,106.4
86504,A5,323700,86504,2.4,0.1,2012MM03,106.5
86505,A5,323700,86505,1.3,0.9,2012MM04,107.4
86506,A5,323700,86506,1.4,0.2,2012MM05,107.6
86507,A5,323700,86507,0.5,-0.4,2012MM06,107.1
86508,A5,323700,86508,0.4,0.0,2012MM07,107.1
86509,A5,323700,86509,0.9,0.2,2012MM08,107.3
86510,A5,323700,86510,1.0,0.1,2012MM09,107.5
86511,A5,323700,86511,1.1,0.0,2012MM10,107.4
86512,A5,323700,86512,1.4,-0.1,2012MM11,107.3
86513,A5,323700,86513,1.6,0.0,2012MM12,107.3
86515,A5,323700,86515,1.1,0.0,2013MM01,107.4
86516,A5,323700,86516,1.2,0.4,2013MM02,107.8
86517,A5,323700,86517,0.9,-0.3,2013MM03,107.4
86518,A5,323700,86518,0.3,0.2,2013MM04,107.7
86519,A5,323700,86519,-0.2,-0.3,2013MM05,107.4
86520,A5,323700,86520,-0.1,-0.4,2013MM06,107.0
86521,A5,323700,86521,-0.7,-0.5,2013MM07,106.4
86522,A5,323700,86522,-0.9,0.0,2013MM08,106.3
86523,A5,323700,86523,-0.8,0.2,2013MM09,106.6
86524,A5,323700,86524,-0.6,0.2,2013MM10,106.8
86525,A5,323700,86525,-0.5,0.0,2013MM11,106.8
86526,A5,323700,86526,-0.6,-0.1,2013MM12,106.7
86528,A5,323700,86528,-0.4,0.2,2014MM01,106.9
86529,A5,323700,86529,-0.8,0.0,2014MM02,106.9
86530,A5,323700,86530,-0.6,-0.1,2014MM03,106.7
86531,A5,323700,86531,-0.9,-0.1,2014MM04,106.7
86532,A5,323700,86532,-0.6,0.0,2014MM05,106.7
86533,A5,323700,86533,-0.3,0.0,2014MM06,106.7
86534,A5,323700,86534,0.7,0.4,2014MM07,107.1
86535,A5,323700,86535,0.8,0.1,2014MM08,107.2
86536,A5,323700,86536,0.6,0.0,2014MM09,107.2
86537,A5,323700,86537,0.2,-0.2,2014MM10,107.0
86538,A5,323700,86538,0.1,-0.1,2014MM11,106.9
86539,A5,323700,86539,0.2,0.0,2014MM12,106.8
86541,A5,323700,86541,-1.4,-1.3,2015MM01,105.4
86542,A5,323700,86542,-1.5,-0.1,2015MM02,105.3
86543,A5,323700,86543,-1.3,0.1,2015MM03,105.4
86544,A5,323700,86544,0.9,2.1,2015MM04,107.6
86545,A5,323700,86545,1.1,0.3,2015MM05,107.9
86546,A5,323700,86546,1.5,0.3,2015MM06,108.2
86547,A5,323700,86547,1.6,0.5,2015MM07,108.8
86548,A5,323700,86548,1.6,0.1,2015MM08,108.9
86549,A5,323700,86549,1.5,-0.1,2015MM09,108.8
86550,A5,323700,86550,0.7,-0.9,2015MM10,107.8
86551,A5,323700,86551,0.6,-0.3,2015MM11,107.5
86552,A5,323700,86552,0.4,-0.3,2015MM12,107.2
86554,A5,323700,86554,1.7,-0.1,2016MM01,107.2
86555,A5,323700,86555,1.5,-0.3,2016MM02,106.8
86556,A5,323700,86556,1.4,0.0,2016MM03,106.9
86557,A5,323700,86557,-1.2,-0.6,2016MM04,106.3
86558,A5,323700,86558,-1.4,0.1,2016MM05,106.4
86559,A5,323700,86559,-1.7,0.0,2016MM06,106.4
86560,A5,323700,86560,-2.2,0.1,2016MM07,106.4
86561,A5,323700,86561,-2.3,-0.1,2016MM08,106.3
86562,A5,323700,86562,-2.2,0.1,2016MM09,106.4
86563,A5,323700,86563,-1.4,-0.1,2016MM10,106.3
86564,A5,323700,86564,-0.9,0.2,2016MM11,106.5
86565,A5,323700,86565,-0.7,-0.1,2016MM12,106.4
86567,A5,323700,86567,-0.6,0.1,2017MM01,106.5
86568,A5,323700,86568,-0.3,0.0,2017MM02,106.5
86569,A5,323700,86569,0.3,0.7,2017MM03,107.2
86570,A5,323700,86570,1.8,0.9,2017MM04,108.2
86571,A5,323700,86571,1.8,0.1,2017MM05,108.3
86572,A5,323700,86572,1.8,0.0,2017MM06,108.3
86573,A5,323700,86573,1.7,0.0,2017MM07,108.2
86574,A5,323700,86574,1.8,0.0,2017MM08,108.2
86575,A5,323700,86575,1.9,0.1,2017MM09,108.4
86576,A5,323700,86576,1.3,-0.6,2017MM10,107.7
86577,A5,323700,86577,1.1,0.0,2017MM11,107.7
86578,A5,323700,86578,1.1,0.0,2017MM12,107.7
