,Afzet,BedrijfstakkenBranchesSBI2008,ID,OntwikkelingTOV1JaarEerder_2,OntwikkelingTOV1MaandEerder_3,Perioden,ProducentenprijsindexPPI_1
53872,A4,323700,53872,1.71538461538,-0.2,1981MM01,64.4
53873,A4,323700,53873,1.93076923077,-0.4,1981MM02,64.2
53874,A4,323700,53874,2.14615384615,0.3,1981MM03,64.3
53875,A4,323700,53875,2.36153846154,0.8,1981MM04,64.8
53876,A4,323700,53876,2.57692307692,0.1,1981MM05,64.9
53877,A4,323700,53877,2.79230769231,0.7,1981MM06,65.4
53878,A4,323700,53878,3.00769230769,0.2,1981MM07,65.5
53879,A4,323700,53879,3.22307692308,0.6,1981MM08,65.9
53880,A4,323700,53880,3.43846153846,0.1,1981MM09,65.9
53881,A4,323700,53881,3.65384615385,0.6,1981MM10,66.3
53882,A4,323700,53882,3.86923076923,0.1,1981MM11,66.4
53883,A4,323700,53883,4.08461538462,-0.1,1981MM12,66.3
53885,A4,323700,53885,4.3,1.3,1982MM01,67.2
53886,A4,323700,53886,4.8,0.1,1982MM02,67.2
53887,A4,323700,53887,4.6,0.1,1982MM03,67.3
53888,A4,323700,53888,5.2,1.3,1982MM04,68.2
53889,A4,323700,53889,5.0,-0.1,1982MM05,68.1
53890,A4,323700,53890,4.2,0.0,1982MM06,68.1
53891,A4,323700,53891,4.1,0.1,1982MM07,68.2
53892,A4,323700,53892,3.5,0.0,1982MM08,68.2
53893,A4,323700,53893,3.7,0.2,1982MM09,68.4
53894,A4,323700,53894,3.7,0.6,1982MM10,68.8
53895,A4,323700,53895,4.1,0.5,1982MM11,69.1
53896,A4,323700,53896,4.5,0.2,1982MM12,69.3
53898,A4,323700,53898,3.2,0.1,1983MM01,69.3
53899,A4,323700,53899,2.9,-0.3,1983MM02,69.1
53900,A4,323700,53900,2.7,-0.1,1983MM03,69.1
53901,A4,323700,53901,1.5,0.2,1983MM04,69.2
53902,A4,323700,53902,1.4,-0.2,1983MM05,69.1
53903,A4,323700,53903,1.7,0.2,1983MM06,69.3
53904,A4,323700,53904,1.5,-0.1,1983MM07,69.2
53905,A4,323700,53905,2.3,0.8,1983MM08,69.8
53906,A4,323700,53906,2.5,0.4,1983MM09,70.1
53907,A4,323700,53907,2.6,0.7,1983MM10,70.6
53908,A4,323700,53908,2.6,0.5,1983MM11,70.9
53909,A4,323700,53909,3.3,0.9,1983MM12,71.6
53911,A4,323700,53911,4.1,0.8,1984MM01,72.2
53912,A4,323700,53912,4.5,0.2,1984MM02,72.3
53913,A4,323700,53913,5.0,0.3,1984MM03,72.5
53914,A4,323700,53914,4.8,0.1,1984MM04,72.5
53915,A4,323700,53915,4.8,-0.1,1984MM05,72.4
53916,A4,323700,53916,4.5,-0.1,1984MM06,72.3
53917,A4,323700,53917,4.8,0.2,1984MM07,72.5
53918,A4,323700,53918,4.1,0.2,1984MM08,72.6
53919,A4,323700,53919,4.3,0.6,1984MM09,73.1
53920,A4,323700,53920,3.8,0.1,1984MM10,73.2
53921,A4,323700,53921,3.4,0.2,1984MM11,73.4
53922,A4,323700,53922,3.0,0.5,1984MM12,73.7
53924,A4,323700,53924,2.4,0.3,1985MM01,73.9
53925,A4,323700,53925,1.5,-0.7,1985MM02,73.4
53926,A4,323700,53926,1.5,0.3,1985MM03,73.6
53927,A4,323700,53927,1.6,0.1,1985MM04,73.7
53928,A4,323700,53928,2.6,0.8,1985MM05,74.3
53929,A4,323700,53929,2.7,0.0,1985MM06,74.3
53930,A4,323700,53930,2.9,0.4,1985MM07,74.6
53931,A4,323700,53931,3.2,0.5,1985MM08,75.0
53932,A4,323700,53932,2.8,0.2,1985MM09,75.1
53933,A4,323700,53933,2.6,0.0,1985MM10,75.1
53934,A4,323700,53934,2.2,-0.1,1985MM11,75.0
53935,A4,323700,53935,1.4,-0.3,1985MM12,74.7
53937,A4,323700,53937,1.2,0.0,1986MM01,74.8
53938,A4,323700,53938,1.7,-0.2,1986MM02,74.6
53939,A4,323700,53939,2.0,0.6,1986MM03,75.0
53940,A4,323700,53940,1.8,0.0,1986MM04,75.0
53941,A4,323700,53941,0.6,-0.3,1986MM05,74.8
53942,A4,323700,53942,0.3,-0.3,1986MM06,74.5
53943,A4,323700,53943,-0.3,-0.3,1986MM07,74.3
53944,A4,323700,53944,-0.9,-0.1,1986MM08,74.3
53945,A4,323700,53945,-0.9,0.2,1986MM09,74.4
53946,A4,323700,53946,-1.0,-0.1,1986MM10,74.3
53947,A4,323700,53947,-1.0,0.0,1986MM11,74.3
53948,A4,323700,53948,-0.6,0.1,1986MM12,74.3
53950,A4,323700,53950,-0.4,0.1,1987MM01,74.4
53951,A4,323700,53951,-0.2,0.0,1987MM02,74.4
53952,A4,323700,53952,-0.8,0.0,1987MM03,74.5
53953,A4,323700,53953,-0.8,-0.1,1987MM04,74.4
53954,A4,323700,53954,-0.5,0.0,1987MM05,74.4
53955,A4,323700,53955,-0.2,0.0,1987MM06,74.4
53956,A4,323700,53956,-0.1,-0.2,1987MM07,74.3
53957,A4,323700,53957,-0.3,-0.3,1987MM08,74.1
53958,A4,323700,53958,-0.3,0.1,1987MM09,74.2
53959,A4,323700,53959,-0.1,0.1,1987MM10,74.3
53960,A4,323700,53960,0.1,0.1,1987MM11,74.3
53961,A4,323700,53961,0.0,0.0,1987MM12,74.4
53963,A4,323700,53963,0.1,0.2,1988MM01,74.5
53964,A4,323700,53964,0.3,0.1,1988MM02,74.6
53965,A4,323700,53965,0.3,0.1,1988MM03,74.7
53966,A4,323700,53966,1.6,1.3,1988MM04,75.6
53967,A4,323700,53967,0.9,-0.7,1988MM05,75.1
53968,A4,323700,53968,1.2,0.3,1988MM06,75.3
53969,A4,323700,53969,1.4,-0.1,1988MM07,75.3
53970,A4,323700,53970,2.1,0.4,1988MM08,75.6
53971,A4,323700,53971,2.1,0.1,1988MM09,75.7
53972,A4,323700,53972,2.2,0.3,1988MM10,75.9
53973,A4,323700,53973,2.4,0.3,1988MM11,76.1
53974,A4,323700,53974,2.7,0.3,1988MM12,76.4
53976,A4,323700,53976,2.7,0.3,1989MM01,76.6
53977,A4,323700,53977,2.8,0.2,1989MM02,76.7
53978,A4,323700,53978,3.1,0.3,1989MM03,77.0
53979,A4,323700,53979,1.9,0.1,1989MM04,77.1
53980,A4,323700,53980,3.9,1.2,1989MM05,78.0
53981,A4,323700,53981,2.9,-0.6,1989MM06,77.5
53982,A4,323700,53982,2.9,-0.1,1989MM07,77.5
53983,A4,323700,53983,2.2,-0.2,1989MM08,77.3
53984,A4,323700,53984,2.0,-0.1,1989MM09,77.2
53985,A4,323700,53985,1.3,-0.4,1989MM10,76.9
53986,A4,323700,53986,0.4,-0.6,1989MM11,76.5
53987,A4,323700,53987,-0.7,-0.8,1989MM12,75.8
53989,A4,323700,53989,-1.8,-0.9,1990MM01,75.2
53990,A4,323700,53990,-3.1,-1.0,1990MM02,74.4
53991,A4,323700,53991,-3.9,-0.6,1990MM03,73.9
53992,A4,323700,53992,-4.7,-0.6,1990MM04,73.5
53993,A4,323700,53993,-6.5,-0.8,1990MM05,72.9
53994,A4,323700,53994,-6.1,-0.1,1990MM06,72.8
53995,A4,323700,53995,-6.6,-0.6,1990MM07,72.3
53996,A4,323700,53996,-6.4,0.0,1990MM08,72.4
53997,A4,323700,53997,-6.5,-0.2,1990MM09,72.2
53998,A4,323700,53998,-5.6,0.6,1990MM10,72.6
53999,A4,323700,53999,-3.9,1.2,1990MM11,73.5
54000,A4,323700,54000,-1.7,1.5,1990MM12,74.6
54002,A4,323700,54002,-0.1,0.7,1991MM01,75.1
54003,A4,323700,54003,0.6,-0.2,1991MM02,74.9
54004,A4,323700,54004,2.6,1.4,1991MM03,75.9
54005,A4,323700,54005,3.4,0.1,1991MM04,76.0
54006,A4,323700,54006,3.8,-0.4,1991MM05,75.7
54007,A4,323700,54007,3.5,-0.4,1991MM06,75.4
54008,A4,323700,54008,4.0,-0.1,1991MM07,75.3
54009,A4,323700,54009,4.2,0.2,1991MM08,75.4
54010,A4,323700,54010,3.7,-0.6,1991MM09,74.9
54011,A4,323700,54011,3.5,0.4,1991MM10,75.2
54012,A4,323700,54012,2.3,-0.1,1991MM11,75.1
54013,A4,323700,54013,0.4,-0.4,1991MM12,74.9
54015,A4,323700,54015,-0.5,-0.2,1992MM01,74.7
54016,A4,323700,54016,-0.3,-0.1,1992MM02,74.6
54017,A4,323700,54017,-0.3,1.3,1992MM03,75.6
54018,A4,323700,54018,-0.9,-0.5,1992MM04,75.3
54019,A4,323700,54019,-0.3,0.2,1992MM05,75.4
54020,A4,323700,54020,0.1,0.1,1992MM06,75.5
54021,A4,323700,54021,0.3,0.0,1992MM07,75.5
54022,A4,323700,54022,0.4,0.2,1992MM08,75.7
54023,A4,323700,54023,1.1,0.1,1992MM09,75.7
54024,A4,323700,54024,0.8,0.1,1992MM10,75.8
54025,A4,323700,54025,0.9,0.0,1992MM11,75.8
54026,A4,323700,54026,1.4,0.2,1992MM12,75.9
54028,A4,323700,54028,1.6,0.0,1993MM01,75.9
54029,A4,323700,54029,1.6,-0.2,1993MM02,75.8
54030,A4,323700,54030,0.2,0.0,1993MM03,75.8
54031,A4,323700,54031,0.1,-0.6,1993MM04,75.3
54032,A4,323700,54032,0.5,0.7,1993MM05,75.8
54033,A4,323700,54033,0.1,-0.4,1993MM06,75.5
54034,A4,323700,54034,-0.1,-0.1,1993MM07,75.4
54035,A4,323700,54035,-0.6,-0.2,1993MM08,75.2
54036,A4,323700,54036,-0.7,0.0,1993MM09,75.2
54037,A4,323700,54037,-0.9,-0.1,1993MM10,75.1
54038,A4,323700,54038,-1.3,-0.5,1993MM11,74.8
54039,A4,323700,54039,-1.9,-0.5,1993MM12,74.4
54041,A4,323700,54041,-2.2,-0.2,1994MM01,74.3
54042,A4,323700,54042,-2.3,-0.3,1994MM02,74.0
54043,A4,323700,54043,-2.1,0.2,1994MM03,74.2
54044,A4,323700,54044,-1.7,-0.2,1994MM04,74.0
54045,A4,323700,54045,-2.1,0.2,1994MM05,74.2
54046,A4,323700,54046,-2.1,-0.4,1994MM06,73.9
54047,A4,323700,54047,-1.9,0.1,1994MM07,74.0
54048,A4,323700,54048,-1.3,0.4,1994MM08,74.3
54049,A4,323700,54049,-0.8,0.5,1994MM09,74.6
54050,A4,323700,54050,-0.1,0.6,1994MM10,75.1
54051,A4,323700,54051,1.0,0.6,1994MM11,75.6
54052,A4,323700,54052,2.0,0.5,1994MM12,75.9
54054,A4,323700,54054,2.9,0.7,1995MM01,76.4
54055,A4,323700,54055,4.1,0.8,1995MM02,77.1
54056,A4,323700,54056,4.0,0.1,1995MM03,77.2
54057,A4,323700,54057,4.9,0.6,1995MM04,77.6
54058,A4,323700,54058,5.4,0.7,1995MM05,78.2
54059,A4,323700,54059,6.2,0.3,1995MM06,78.5
54060,A4,323700,54060,6.5,0.4,1995MM07,78.8
54061,A4,323700,54061,6.2,0.1,1995MM08,78.8
54062,A4,323700,54062,5.6,0.0,1995MM09,78.8
54063,A4,323700,54063,4.9,-0.1,1995MM10,78.7
54064,A4,323700,54064,3.8,-0.4,1995MM11,78.4
54065,A4,323700,54065,2.8,-0.5,1995MM12,78.1
54067,A4,323700,54067,1.6,-0.5,1996MM01,77.7
54068,A4,323700,54068,0.5,-0.3,1996MM02,77.4
54069,A4,323700,54069,0.1,-0.3,1996MM03,77.2
54070,A4,323700,54070,-0.8,-0.3,1996MM04,77.0
54071,A4,323700,54071,-1.5,0.0,1996MM05,77.0
54072,A4,323700,54072,-2.0,-0.1,1996MM06,76.9
54073,A4,323700,54073,-2.9,-0.6,1996MM07,76.5
54074,A4,323700,54074,-3.1,-0.1,1996MM08,76.4
54075,A4,323700,54075,-3.3,-0.2,1996MM09,76.2
54076,A4,323700,54076,-2.9,0.4,1996MM10,76.5
54077,A4,323700,54077,-2.5,0.0,1996MM11,76.5
54078,A4,323700,54078,-2.0,0.0,1996MM12,76.5
54080,A4,323700,54080,-1.4,0.1,1997MM01,76.6
54081,A4,323700,54081,-1.1,0.0,1997MM02,76.6
54082,A4,323700,54082,-0.7,0.1,1997MM03,76.6
54083,A4,323700,54083,-0.1,0.3,1997MM04,76.9
54084,A4,323700,54084,-0.1,0.0,1997MM05,76.9
54085,A4,323700,54085,0.2,0.2,1997MM06,77.1
54086,A4,323700,54086,0.9,0.1,1997MM07,77.1
54087,A4,323700,54087,1.0,0.0,1997MM08,77.1
54088,A4,323700,54088,1.3,0.1,1997MM09,77.2
54089,A4,323700,54089,0.8,-0.2,1997MM10,77.1
54090,A4,323700,54090,0.9,0.1,1997MM11,77.2
54091,A4,323700,54091,0.9,0.0,1997MM12,77.2
54093,A4,323700,54093,1.1,0.3,1998MM01,77.5
54094,A4,323700,54094,1.1,0.0,1998MM02,77.4
54095,A4,323700,54095,1.2,0.1,1998MM03,77.5
54096,A4,323700,54096,1.0,0.1,1998MM04,77.6
54097,A4,323700,54097,0.8,-0.1,1998MM05,77.6
54098,A4,323700,54098,0.5,-0.1,1998MM06,77.4
54099,A4,323700,54099,0.2,-0.2,1998MM07,77.3
54100,A4,323700,54100,0.0,-0.2,1998MM08,77.1
54101,A4,323700,54101,-0.2,-0.1,1998MM09,77.1
54102,A4,323700,54102,0.0,0.0,1998MM10,77.0
54103,A4,323700,54103,1.8,2.0,1998MM11,78.6
54104,A4,323700,54104,1.7,-0.1,1998MM12,78.5
54106,A4,323700,54106,1.0,-0.4,1999MM01,78.2
54107,A4,323700,54107,0.8,-0.2,1999MM02,78.0
54108,A4,323700,54108,0.7,0.1,1999MM03,78.1
54109,A4,323700,54109,0.2,-0.4,1999MM04,77.8
54110,A4,323700,54110,0.3,0.0,1999MM05,77.8
54111,A4,323700,54111,0.2,-0.3,1999MM06,77.6
54112,A4,323700,54112,0.3,-0.1,1999MM07,77.5
54113,A4,323700,54113,0.5,0.0,1999MM08,77.5
54114,A4,323700,54114,1.0,0.4,1999MM09,77.8
54115,A4,323700,54115,2.0,0.9,1999MM10,78.5
54116,A4,323700,54116,0.4,0.4,1999MM11,78.9
54117,A4,323700,54117,0.7,0.2,1999MM12,79.1
54119,A4,323700,54119,2.0,0.9,2000MM01,79.7
54120,A4,323700,54120,2.4,0.3,2000MM02,79.9
54121,A4,323700,54121,2.7,0.3,2000MM03,80.2
54122,A4,323700,54122,3.3,0.2,2000MM04,80.4
54123,A4,323700,54123,3.4,0.1,2000MM05,80.5
54124,A4,323700,54124,4.0,0.3,2000MM06,80.7
54125,A4,323700,54125,5.1,0.9,2000MM07,81.5
54126,A4,323700,54126,5.1,0.0,2000MM08,81.5
54127,A4,323700,54127,4.7,0.0,2000MM09,81.5
54128,A4,323700,54128,4.1,0.4,2000MM10,81.8
54129,A4,323700,54129,3.8,0.1,2000MM11,81.9
54130,A4,323700,54130,3.8,0.2,2000MM12,82.1
54132,A4,323700,54132,4.0,1.0,2001MM01,82.9
54133,A4,323700,54133,4.0,0.3,2001MM02,83.2
54134,A4,323700,54134,3.8,0.1,2001MM03,83.2
54135,A4,323700,54135,3.9,0.4,2001MM04,83.5
54136,A4,323700,54136,3.8,0.0,2001MM05,83.5
54137,A4,323700,54137,3.3,-0.1,2001MM06,83.4
54138,A4,323700,54138,2.3,-0.1,2001MM07,83.3
54139,A4,323700,54139,2.1,-0.1,2001MM08,83.2
54140,A4,323700,54140,2.2,0.0,2001MM09,83.3
54141,A4,323700,54141,2.0,0.2,2001MM10,83.4
54142,A4,323700,54142,1.9,0.0,2001MM11,83.4
54143,A4,323700,54143,1.4,-0.3,2001MM12,83.2
54145,A4,323700,54145,0.4,0.0,2002MM01,83.2
54146,A4,323700,54146,0.0,-0.1,2002MM02,83.1
54147,A4,323700,54147,-0.1,0.0,2002MM03,83.1
54148,A4,323700,54148,-0.2,0.3,2002MM04,83.3
54149,A4,323700,54149,-0.2,0.0,2002MM05,83.3
54150,A4,323700,54150,0.1,0.2,2002MM06,83.5
54151,A4,323700,54151,1.0,0.8,2002MM07,84.1
54152,A4,323700,54152,1.4,0.3,2002MM08,84.4
54153,A4,323700,54153,1.4,0.1,2002MM09,84.4
54154,A4,323700,54154,1.4,0.2,2002MM10,84.6
54155,A4,323700,54155,1.4,0.0,2002MM11,84.6
54156,A4,323700,54156,1.8,0.1,2002MM12,84.7
54158,A4,323700,54158,2.1,0.4,2003MM01,85.0
54159,A4,323700,54159,2.1,-0.1,2003MM02,84.9
54160,A4,323700,54160,2.0,-0.1,2003MM03,84.8
54161,A4,323700,54161,2.4,0.6,2003MM04,85.3
54162,A4,323700,54162,2.8,0.4,2003MM05,85.7
54163,A4,323700,54163,2.5,-0.1,2003MM06,85.6
54164,A4,323700,54164,1.3,-0.4,2003MM07,85.3
54165,A4,323700,54165,1.2,0.1,2003MM08,85.3
54166,A4,323700,54166,1.2,0.1,2003MM09,85.4
54167,A4,323700,54167,0.8,-0.2,2003MM10,85.3
54168,A4,323700,54168,0.6,-0.1,2003MM11,85.1
54169,A4,323700,54169,0.7,0.1,2003MM12,85.3
54171,A4,323700,54171,0.4,0.1,2004MM01,85.3
54172,A4,323700,54172,0.5,0.0,2004MM02,85.3
54173,A4,323700,54173,0.6,0.0,2004MM03,85.3
54174,A4,323700,54174,0.2,0.2,2004MM04,85.5
54175,A4,323700,54175,-0.3,0.0,2004MM05,85.4
54176,A4,323700,54176,0.1,0.3,2004MM06,85.6
54177,A4,323700,54177,0.8,0.3,2004MM07,85.9
54178,A4,323700,54178,0.8,0.1,2004MM08,86.0
54179,A4,323700,54179,0.9,0.3,2004MM09,86.2
54180,A4,323700,54180,2.3,1.2,2004MM10,87.2
54181,A4,323700,54181,2.5,0.0,2004MM11,87.2
54182,A4,323700,54182,2.6,0.2,2004MM12,87.4
54184,A4,323700,54184,2.61538461538,0.1,2005MM01,88.9
54185,A4,323700,54185,2.63076923077,0.0,2005MM02,88.8
54186,A4,323700,54186,2.64615384615,0.2,2005MM03,89.0
54187,A4,323700,54187,2.66153846154,0.4,2005MM04,89.4
54188,A4,323700,54188,2.67692307692,0.1,2005MM05,89.4
54189,A4,323700,54189,2.69230769231,-0.2,2005MM06,89.3
54190,A4,323700,54190,2.70769230769,-0.3,2005MM07,89.0
54191,A4,323700,54191,2.72307692308,0.0,2005MM08,88.9
54192,A4,323700,54192,2.73846153846,0.3,2005MM09,89.2
54193,A4,323700,54193,2.75384615385,1.2,2005MM10,90.3
54194,A4,323700,54194,2.76923076923,0.2,2005MM11,90.4
54195,A4,323700,54195,2.78461538462,-0.1,2005MM12,90.3
54197,A4,323700,54197,2.8,1.2,2006MM01,91.4
54198,A4,323700,54198,2.9,0.0,2006MM02,91.4
54199,A4,323700,54199,2.7,0.0,2006MM03,91.4
54200,A4,323700,54200,2.5,0.3,2006MM04,91.7
54201,A4,323700,54201,2.4,-0.1,2006MM05,91.6
54202,A4,323700,54202,3.1,0.5,2006MM06,92.0
54203,A4,323700,54203,3.3,-0.1,2006MM07,91.9
54204,A4,323700,54204,3.2,-0.2,2006MM08,91.8
54205,A4,323700,54205,3.1,0.2,2006MM09,92.0
54206,A4,323700,54206,2.8,0.8,2006MM10,92.8
54207,A4,323700,54207,2.6,-0.1,2006MM11,92.7
54208,A4,323700,54208,2.7,0.0,2006MM12,92.8
54210,A4,323700,54210,3.1,1.6,2007MM01,94.2
54211,A4,323700,54211,3.2,0.1,2007MM02,94.3
54212,A4,323700,54212,2.9,-0.2,2007MM03,94.1
54213,A4,323700,54213,3.2,0.5,2007MM04,94.6
54214,A4,323700,54214,3.4,0.1,2007MM05,94.7
54215,A4,323700,54215,3.1,0.2,2007MM06,94.9
54216,A4,323700,54216,3.5,0.3,2007MM07,95.2
54217,A4,323700,54217,3.8,0.1,2007MM08,95.3
54218,A4,323700,54218,3.7,0.1,2007MM09,95.4
54219,A4,323700,54219,3.4,0.5,2007MM10,95.9
54220,A4,323700,54220,3.4,-0.1,2007MM11,95.9
54221,A4,323700,54221,3.5,0.1,2007MM12,96.0
54223,A4,323700,54223,3.3,1.4,2008MM01,97.3
54224,A4,323700,54224,3.3,0.1,2008MM02,97.4
54225,A4,323700,54225,3.6,0.0,2008MM03,97.4
54226,A4,323700,54226,3.6,0.6,2008MM04,98.0
54227,A4,323700,54227,3.6,0.0,2008MM05,98.1
54228,A4,323700,54228,3.8,0.4,2008MM06,98.4
54229,A4,323700,54229,4.1,0.7,2008MM07,99.1
54230,A4,323700,54230,4.5,0.4,2008MM08,99.5
54231,A4,323700,54231,4.1,-0.2,2008MM09,99.3
54232,A4,323700,54232,4.1,0.5,2008MM10,99.9
54233,A4,323700,54233,3.6,-0.6,2008MM11,99.3
54234,A4,323700,54234,3.1,-0.4,2008MM12,98.9
54236,A4,323700,54236,1.2,-0.5,2009MM01,98.4
54237,A4,323700,54237,1.3,0.2,2009MM02,98.7
54238,A4,323700,54238,1.2,-0.1,2009MM03,98.6
54239,A4,323700,54239,0.0,-0.6,2009MM04,98.0
54240,A4,323700,54240,-0.3,-0.2,2009MM05,97.8
54241,A4,323700,54241,-0.6,0.1,2009MM06,97.9
54242,A4,323700,54242,-1.3,-0.1,2009MM07,97.8
54243,A4,323700,54243,-1.8,-0.1,2009MM08,97.7
54244,A4,323700,54244,-1.5,0.2,2009MM09,97.9
54245,A4,323700,54245,-1.8,0.2,2009MM10,98.1
54246,A4,323700,54246,-1.3,0.0,2009MM11,98.0
54247,A4,323700,54247,-0.8,0.1,2009MM12,98.1
54249,A4,323700,54249,0.0,0.3,2010MM01,98.5
54250,A4,323700,54250,0.1,0.3,2010MM02,98.8
54251,A4,323700,54251,0.4,0.2,2010MM03,99.0
54252,A4,323700,54252,1.6,0.6,2010MM04,99.6
54253,A4,323700,54253,2.0,0.2,2010MM05,99.7
54254,A4,323700,54254,2.0,0.1,2010MM06,99.8
54255,A4,323700,54255,2.9,0.8,2010MM07,100.7
54256,A4,323700,54256,3.1,0.1,2010MM08,100.8
54257,A4,323700,54257,3.0,0.0,2010MM09,100.8
54258,A4,323700,54258,2.8,0.1,2010MM10,100.9
54259,A4,323700,54259,2.8,-0.1,2010MM11,100.8
54260,A4,323700,54260,2.7,0.0,2010MM12,100.8
54262,A4,323700,54262,4.1,1.7,2011MM01,102.5
54263,A4,323700,54263,4.0,0.2,2011MM02,102.7
54264,A4,323700,54264,4.2,0.5,2011MM03,103.2
54265,A4,323700,54265,4.9,1.3,2011MM04,104.5
54266,A4,323700,54266,5.0,0.2,2011MM05,104.7
54267,A4,323700,54267,4.9,0.0,2011MM06,104.7
54268,A4,323700,54268,4.6,0.5,2011MM07,105.3
54269,A4,323700,54269,4.5,0.0,2011MM08,105.3
54270,A4,323700,54270,4.3,-0.2,2011MM09,105.1
54271,A4,323700,54271,4.3,0.1,2011MM10,105.2
54272,A4,323700,54272,4.0,-0.4,2011MM11,104.8
54273,A4,323700,54273,3.9,0.0,2011MM12,104.7
54275,A4,323700,54275,2.3,0.1,2012MM01,104.8
54276,A4,323700,54276,2.4,0.3,2012MM02,105.2
54277,A4,323700,54277,2.2,0.3,2012MM03,105.4
54278,A4,323700,54278,1.8,0.9,2012MM04,106.3
54279,A4,323700,54279,1.6,0.0,2012MM05,106.4
54280,A4,323700,54280,1.5,-0.1,2012MM06,106.2
54281,A4,323700,54281,1.1,0.2,2012MM07,106.4
54282,A4,323700,54282,1.3,0.2,2012MM08,106.6
54283,A4,323700,54283,1.7,0.3,2012MM09,106.9
54284,A4,323700,54284,1.4,-0.3,2012MM10,106.6
54285,A4,323700,54285,1.8,0.1,2012MM11,106.7
54286,A4,323700,54286,1.8,-0.1,2012MM12,106.6
54288,A4,323700,54288,2.7,0.9,2013MM01,107.7
54289,A4,323700,54289,2.4,0.0,2013MM02,107.7
54290,A4,323700,54290,2.2,0.0,2013MM03,107.8
54291,A4,323700,54291,1.2,-0.1,2013MM04,107.6
54292,A4,323700,54292,0.7,-0.4,2013MM05,107.1
54293,A4,323700,54293,1.0,0.2,2013MM06,107.3
54294,A4,323700,54294,1.0,0.2,2013MM07,107.5
54295,A4,323700,54295,0.5,-0.4,2013MM08,107.1
54296,A4,323700,54296,0.3,0.1,2013MM09,107.2
54297,A4,323700,54297,0.4,-0.2,2013MM10,107.0
54298,A4,323700,54298,0.2,-0.1,2013MM11,106.9
54299,A4,323700,54299,0.3,0.0,2013MM12,107.0
54301,A4,323700,54301,-0.3,0.4,2014MM01,107.3
54302,A4,323700,54302,-0.4,0.0,2014MM02,107.3
54303,A4,323700,54303,-0.5,-0.1,2014MM03,107.3
54304,A4,323700,54304,-0.1,0.3,2014MM04,107.5
54305,A4,323700,54305,0.4,0.1,2014MM05,107.6
54306,A4,323700,54306,0.2,-0.1,2014MM06,107.5
54307,A4,323700,54307,-0.4,-0.4,2014MM07,107.1
54308,A4,323700,54308,0.0,0.0,2014MM08,107.2
54309,A4,323700,54309,-0.1,0.0,2014MM09,107.1
54310,A4,323700,54310,0.6,0.5,2014MM10,107.6
54311,A4,323700,54311,0.7,0.0,2014MM11,107.6
54312,A4,323700,54312,0.5,-0.1,2014MM12,107.5
54314,A4,323700,54314,-0.4,-0.5,2015MM01,107.0
54315,A4,323700,54315,-0.4,-0.1,2015MM02,106.9
54316,A4,323700,54316,-0.2,0.2,2015MM03,107.0
54317,A4,323700,54317,-0.2,0.3,2015MM04,107.3
54318,A4,323700,54318,0.3,0.6,2015MM05,107.9
54319,A4,323700,54319,0.6,0.2,2015MM06,108.2
54320,A4,323700,54320,1.5,0.5,2015MM07,108.8
54321,A4,323700,54321,1.4,-0.1,2015MM08,108.7
54322,A4,323700,54322,1.3,-0.2,2015MM09,108.5
54323,A4,323700,54323,0.8,0.1,2015MM10,108.5
54324,A4,323700,54324,1.0,0.1,2015MM11,108.7
54325,A4,323700,54325,1.1,0.0,2015MM12,108.6
54327,A4,323700,54327,1.9,0.4,2016MM01,109.0
54328,A4,323700,54328,2.2,0.2,2016MM02,109.3
54329,A4,323700,54329,1.9,-0.2,2016MM03,109.1
54330,A4,323700,54330,1.7,0.1,2016MM04,109.2
54331,A4,323700,54331,1.0,-0.1,2016MM05,109.0
54332,A4,323700,54332,0.7,-0.1,2016MM06,109.0
54333,A4,323700,54333,0.4,0.2,2016MM07,109.2
54334,A4,323700,54334,0.4,-0.1,2016MM08,109.1
54335,A4,323700,54335,0.6,0.0,2016MM09,109.1
54336,A4,323700,54336,0.1,-0.4,2016MM10,108.6
54337,A4,323700,54337,0.0,0.1,2016MM11,108.7
54338,A4,323700,54338,0.2,0.1,2016MM12,108.8
54340,A4,323700,54340,0.0,0.2,2017MM01,109.1
54341,A4,323700,54341,-0.1,0.1,2017MM02,109.1
54342,A4,323700,54342,0.6,0.6,2017MM03,109.8
54343,A4,323700,54343,1.2,0.7,2017MM04,110.5
54344,A4,323700,54344,1.3,0.0,2017MM05,110.5
54345,A4,323700,54345,1.1,-0.3,2017MM06,110.2
54346,A4,323700,54346,1.4,0.4,2017MM07,110.7
54347,A4,323700,54347,1.4,0.0,2017MM08,110.6
54348,A4,323700,54348,1.5,0.1,2017MM09,110.8
54349,A4,323700,54349,2.4,0.4,2017MM10,111.2
54350,A4,323700,54350,2.3,0.0,2017MM11,111.2
54351,A4,323700,54351,2.1,0.0,2017MM12,111.1
