,Afzet,BedrijfstakkenBranchesSBI2008,ID,OntwikkelingTOV1JaarEerder_2,OntwikkelingTOV1MaandEerder_3,Perioden,ProducentenprijsindexPPI_1
21645,A6,323700,21645,,,1981MM01,66.3
21646,A6,323700,21646,,0.0,1981MM02,66.3
21647,A6,323700,21647,,0.2,1981MM03,66.4
21648,A6,323700,21648,,0.9,1981MM04,67.0
21649,A6,323700,21649,,0.1,1981MM05,67.1
21650,A6,323700,21650,,0.5,1981MM06,67.5
21651,A6,323700,21651,,0.5,1981MM07,67.8
21652,A6,323700,21652,,0.3,1981MM08,68.0
21653,A6,323700,21653,,0.1,1981MM09,68.1
21654,A6,323700,21654,,0.7,1981MM10,68.6
21655,A6,323700,21655,,-0.1,1981MM11,68.5
21656,A6,323700,21656,,-0.2,1981MM12,68.3
21658,A6,323700,21658,4.3,1.2,1982MM01,69.2
21659,A6,323700,21659,4.1,-0.2,1982MM02,69.1
21660,A6,323700,21660,3.8,-0.1,1982MM03,69.0
21661,A6,323700,21661,3.7,0.7,1982MM04,69.5
21662,A6,323700,21662,4.1,0.5,1982MM05,69.9
21663,A6,323700,21663,3.4,-0.1,1982MM06,69.8
21664,A6,323700,21664,3.2,0.3,1982MM07,70.0
21665,A6,323700,21665,3.1,0.2,1982MM08,70.2
21666,A6,323700,21666,2.9,-0.1,1982MM09,70.1
21667,A6,323700,21667,2.4,0.2,1982MM10,70.2
21668,A6,323700,21668,2.9,0.4,1982MM11,70.5
21669,A6,323700,21669,3.3,0.1,1982MM12,70.6
21671,A6,323700,21671,2.3,0.2,1983MM01,70.8
21672,A6,323700,21672,2.4,-0.1,1983MM02,70.7
21673,A6,323700,21673,2.5,0.0,1983MM03,70.7
21674,A6,323700,21674,2.1,0.3,1983MM04,70.9
21675,A6,323700,21675,1.6,0.1,1983MM05,71.0
21676,A6,323700,21676,2.0,0.2,1983MM06,71.1
21677,A6,323700,21677,1.7,0.0,1983MM07,71.2
21678,A6,323700,21678,2.0,0.5,1983MM08,71.5
21679,A6,323700,21679,2.2,0.2,1983MM09,71.7
21680,A6,323700,21680,2.7,0.7,1983MM10,72.1
21681,A6,323700,21681,2.8,0.5,1983MM11,72.5
21682,A6,323700,21682,3.2,0.5,1983MM12,72.9
21684,A6,323700,21684,4.2,1.2,1984MM01,73.8
21685,A6,323700,21685,4.4,0.1,1984MM02,73.8
21686,A6,323700,21686,5.0,0.6,1984MM03,74.3
21687,A6,323700,21687,4.4,-0.3,1984MM04,74.1
21688,A6,323700,21688,4.6,0.2,1984MM05,74.2
21689,A6,323700,21689,4.2,-0.2,1984MM06,74.1
21690,A6,323700,21690,4.3,0.2,1984MM07,74.3
21691,A6,323700,21691,4.1,0.2,1984MM08,74.4
21692,A6,323700,21692,4.2,0.4,1984MM09,74.7
21693,A6,323700,21693,3.7,0.1,1984MM10,74.8
21694,A6,323700,21694,3.0,-0.2,1984MM11,74.6
21695,A6,323700,21695,3.0,0.5,1984MM12,75.0
21697,A6,323700,21697,2.1,0.4,1985MM01,75.3
21698,A6,323700,21698,2.3,0.2,1985MM02,75.5
21699,A6,323700,21699,1.8,0.1,1985MM03,75.6
21700,A6,323700,21700,2.7,0.6,1985MM04,76.0
21701,A6,323700,21701,2.6,0.1,1985MM05,76.1
21702,A6,323700,21702,3.1,0.3,1985MM06,76.4
21703,A6,323700,21703,3.4,0.5,1985MM07,76.7
21704,A6,323700,21704,3.2,0.1,1985MM08,76.8
21705,A6,323700,21705,2.7,-0.1,1985MM09,76.7
21706,A6,323700,21706,2.6,0.0,1985MM10,76.7
21707,A6,323700,21707,2.3,-0.5,1985MM11,76.4
21708,A6,323700,21708,1.8,0.0,1985MM12,76.4
21710,A6,323700,21710,1.7,0.2,1986MM01,76.6
21711,A6,323700,21711,1.4,0.0,1986MM02,76.5
21712,A6,323700,21712,1.0,-0.2,1986MM03,76.4
21713,A6,323700,21713,0.3,-0.2,1986MM04,76.2
21714,A6,323700,21714,-0.2,-0.4,1986MM05,76.0
21715,A6,323700,21715,-0.6,-0.1,1986MM06,75.9
21716,A6,323700,21716,-1.0,0.1,1986MM07,76.0
21717,A6,323700,21717,-1.3,-0.3,1986MM08,75.8
21718,A6,323700,21718,-1.5,-0.3,1986MM09,75.6
21719,A6,323700,21719,-1.5,-0.1,1986MM10,75.6
21720,A6,323700,21720,-1.0,0.1,1986MM11,75.6
21721,A6,323700,21721,-0.8,0.1,1986MM12,75.7
21723,A6,323700,21723,-1.3,-0.3,1987MM01,75.6
21724,A6,323700,21724,-1.4,-0.1,1987MM02,75.5
21725,A6,323700,21725,-1.2,0.0,1987MM03,75.5
21726,A6,323700,21726,-1.1,-0.1,1987MM04,75.4
21727,A6,323700,21727,-0.7,-0.1,1987MM05,75.4
21728,A6,323700,21728,-0.5,0.1,1987MM06,75.5
21729,A6,323700,21729,-0.5,0.1,1987MM07,75.6
21730,A6,323700,21730,-0.1,0.2,1987MM08,75.7
21731,A6,323700,21731,0.3,0.1,1987MM09,75.8
21732,A6,323700,21732,0.6,0.3,1987MM10,76.0
21733,A6,323700,21733,0.6,0.1,1987MM11,76.1
21734,A6,323700,21734,0.6,0.1,1987MM12,76.2
21736,A6,323700,21736,1.2,0.3,1988MM01,76.5
21737,A6,323700,21737,1.5,0.2,1988MM02,76.6
21738,A6,323700,21738,1.6,0.1,1988MM03,76.7
21739,A6,323700,21739,2.0,0.4,1988MM04,77.0
21740,A6,323700,21740,2.1,0.0,1988MM05,76.9
21741,A6,323700,21741,2.0,0.1,1988MM06,77.0
21742,A6,323700,21742,2.0,0.1,1988MM07,77.1
21743,A6,323700,21743,1.9,0.1,1988MM08,77.1
21744,A6,323700,21744,1.9,0.1,1988MM09,77.2
21745,A6,323700,21745,1.6,0.0,1988MM10,77.3
21746,A6,323700,21746,1.7,0.2,1988MM11,77.4
21747,A6,323700,21747,1.7,0.1,1988MM12,77.5
21749,A6,323700,21749,2.2,0.8,1989MM01,78.1
21750,A6,323700,21750,2.0,0.1,1989MM02,78.1
21751,A6,323700,21751,1.9,0.0,1989MM03,78.1
21752,A6,323700,21752,1.8,0.3,1989MM04,78.3
21753,A6,323700,21753,1.8,0.0,1989MM05,78.4
21754,A6,323700,21754,1.8,0.0,1989MM06,78.4
21755,A6,323700,21755,1.3,-0.4,1989MM07,78.1
21756,A6,323700,21756,1.0,-0.2,1989MM08,77.9
21757,A6,323700,21757,0.8,-0.1,1989MM09,77.8
21758,A6,323700,21758,0.9,0.2,1989MM10,78.0
21759,A6,323700,21759,0.7,0.0,1989MM11,78.0
21760,A6,323700,21760,0.6,0.0,1989MM12,78.0
21762,A6,323700,21762,0.4,0.5,1990MM01,78.4
21763,A6,323700,21763,0.3,0.0,1990MM02,78.4
21764,A6,323700,21764,0.1,-0.2,1990MM03,78.2
21765,A6,323700,21765,-0.6,-0.4,1990MM04,77.9
21766,A6,323700,21766,-0.4,0.2,1990MM05,78.1
21767,A6,323700,21767,-0.5,-0.2,1990MM06,77.9
21768,A6,323700,21768,0.1,0.3,1990MM07,78.2
21769,A6,323700,21769,0.3,0.0,1990MM08,78.2
21770,A6,323700,21770,0.7,0.3,1990MM09,78.4
21771,A6,323700,21771,1.4,0.8,1990MM10,79.0
21772,A6,323700,21772,2.1,0.7,1990MM11,79.6
21773,A6,323700,21773,2.5,0.4,1990MM12,80.0
21775,A6,323700,21775,3.0,0.9,1991MM01,80.7
21776,A6,323700,21776,3.1,0.1,1991MM02,80.8
21777,A6,323700,21777,3.0,-0.3,1991MM03,80.6
21778,A6,323700,21778,3.3,-0.1,1991MM04,80.4
21779,A6,323700,21779,2.9,-0.1,1991MM05,80.4
21780,A6,323700,21780,3.2,0.1,1991MM06,80.4
21781,A6,323700,21781,2.4,-0.5,1991MM07,80.0
21782,A6,323700,21782,2.5,0.1,1991MM08,80.1
21783,A6,323700,21783,2.2,0.0,1991MM09,80.1
21784,A6,323700,21784,1.2,-0.2,1991MM10,80.0
21785,A6,323700,21785,0.3,-0.1,1991MM11,79.9
21786,A6,323700,21786,0.0,0.1,1991MM12,79.9
21788,A6,323700,21788,-0.3,0.7,1992MM01,80.5
21789,A6,323700,21789,-0.3,0.1,1992MM02,80.5
21790,A6,323700,21790,-0.1,0.0,1992MM03,80.5
21791,A6,323700,21791,0.2,0.2,1992MM04,80.6
21792,A6,323700,21792,0.1,-0.3,1992MM05,80.4
21793,A6,323700,21793,-0.1,0.0,1992MM06,80.4
21794,A6,323700,21794,0.6,0.2,1992MM07,80.5
21795,A6,323700,21795,0.1,-0.4,1992MM08,80.2
21796,A6,323700,21796,0.1,0.0,1992MM09,80.2
21797,A6,323700,21797,0.0,-0.3,1992MM10,80.0
21798,A6,323700,21798,-0.1,-0.2,1992MM11,79.8
21799,A6,323700,21799,-0.4,-0.3,1992MM12,79.6
21801,A6,323700,21801,-1.5,-0.4,1993MM01,79.3
21802,A6,323700,21802,-1.8,-0.3,1993MM02,79.1
21803,A6,323700,21803,-1.9,-0.1,1993MM03,79.0
21804,A6,323700,21804,-2.2,-0.2,1993MM04,78.8
21805,A6,323700,21805,-1.9,0.0,1993MM05,78.9
21806,A6,323700,21806,-1.9,0.0,1993MM06,78.8
21807,A6,323700,21807,-2.4,-0.3,1993MM07,78.6
21808,A6,323700,21808,-2.4,-0.5,1993MM08,78.2
21809,A6,323700,21809,-2.7,-0.2,1993MM09,78.0
21810,A6,323700,21810,-2.6,-0.2,1993MM10,77.9
21811,A6,323700,21811,-2.4,0.1,1993MM11,77.9
21812,A6,323700,21812,-2.3,-0.2,1993MM12,77.8
21814,A6,323700,21814,-2.2,-0.3,1994MM01,77.5
21815,A6,323700,21815,-2.2,-0.3,1994MM02,77.3
21816,A6,323700,21816,-2.1,0.0,1994MM03,77.3
21817,A6,323700,21817,-1.7,0.2,1994MM04,77.5
21818,A6,323700,21818,-1.8,0.0,1994MM05,77.5
21819,A6,323700,21819,-1.9,-0.2,1994MM06,77.3
21820,A6,323700,21820,-2.0,-0.3,1994MM07,77.0
21821,A6,323700,21821,-1.4,0.1,1994MM08,77.1
21822,A6,323700,21822,-0.7,0.5,1994MM09,77.5
21823,A6,323700,21823,0.6,1.0,1994MM10,78.3
21824,A6,323700,21824,1.1,0.7,1994MM11,78.8
21825,A6,323700,21825,2.3,0.9,1994MM12,79.5
21827,A6,323700,21827,4.7,2.1,1995MM01,81.2
21828,A6,323700,21828,5.1,0.1,1995MM02,81.3
21829,A6,323700,21829,5.2,0.1,1995MM03,81.3
21830,A6,323700,21830,5.4,0.4,1995MM04,81.7
21831,A6,323700,21831,5.8,0.4,1995MM05,82.0
21832,A6,323700,21832,6.4,0.3,1995MM06,82.2
21833,A6,323700,21833,6.8,0.0,1995MM07,82.2
21834,A6,323700,21834,6.8,0.2,1995MM08,82.4
21835,A6,323700,21835,6.3,0.1,1995MM09,82.4
21836,A6,323700,21836,5.3,0.0,1995MM10,82.4
21837,A6,323700,21837,4.4,-0.2,1995MM11,82.3
21838,A6,323700,21838,3.2,-0.3,1995MM12,82.0
21840,A6,323700,21840,1.3,0.3,1996MM01,82.3
21841,A6,323700,21841,0.9,-0.3,1996MM02,82.0
21842,A6,323700,21842,0.7,-0.1,1996MM03,81.9
21843,A6,323700,21843,-0.2,-0.4,1996MM04,81.5
21844,A6,323700,21844,-0.4,0.1,1996MM05,81.6
21845,A6,323700,21845,-0.8,0.0,1996MM06,81.6
21846,A6,323700,21846,-0.8,0.0,1996MM07,81.6
21847,A6,323700,21847,-1.0,0.0,1996MM08,81.5
21848,A6,323700,21848,-1.0,0.1,1996MM09,81.6
21849,A6,323700,21849,-0.8,0.2,1996MM10,81.8
21850,A6,323700,21850,-0.6,0.1,1996MM11,81.8
21851,A6,323700,21851,-0.2,0.1,1996MM12,81.8
21853,A6,323700,21853,-0.3,0.2,1997MM01,82.0
21854,A6,323700,21854,-0.1,-0.1,1997MM02,81.9
21855,A6,323700,21855,0.0,-0.1,1997MM03,81.9
21856,A6,323700,21856,0.5,0.1,1997MM04,82.0
21857,A6,323700,21857,0.5,0.0,1997MM05,82.0
21858,A6,323700,21858,0.4,-0.1,1997MM06,81.9
21859,A6,323700,21859,0.5,0.1,1997MM07,82.0
21860,A6,323700,21860,0.7,0.1,1997MM08,82.1
21861,A6,323700,21861,0.5,0.0,1997MM09,82.1
21862,A6,323700,21862,0.4,0.1,1997MM10,82.1
21863,A6,323700,21863,0.3,-0.1,1997MM11,82.0
21864,A6,323700,21864,0.2,-0.1,1997MM12,82.0
21866,A6,323700,21866,-0.1,0.0,1998MM01,82.0
21867,A6,323700,21867,0.0,0.0,1998MM02,82.0
21868,A6,323700,21868,-0.2,-0.3,1998MM03,81.7
21869,A6,323700,21869,-0.3,0.0,1998MM04,81.7
21870,A6,323700,21870,-0.2,0.2,1998MM05,81.9
21871,A6,323700,21871,-0.1,0.0,1998MM06,81.8
21872,A6,323700,21872,-0.2,0.0,1998MM07,81.9
21873,A6,323700,21873,-0.1,0.1,1998MM08,82.0
21874,A6,323700,21874,-0.3,-0.2,1998MM09,81.8
21875,A6,323700,21875,-0.6,-0.3,1998MM10,81.6
21876,A6,323700,21876,-0.1,0.5,1998MM11,82.0
21877,A6,323700,21877,0.3,0.3,1998MM12,82.2
21879,A6,323700,21879,0.0,-0.3,1999MM01,82.0
21880,A6,323700,21880,-0.3,-0.3,1999MM02,81.7
21881,A6,323700,21881,0.0,0.0,1999MM03,81.8
21882,A6,323700,21882,0.3,0.2,1999MM04,81.9
21883,A6,323700,21883,0.1,0.0,1999MM05,82.0
21884,A6,323700,21884,0.2,0.0,1999MM06,82.0
21885,A6,323700,21885,0.1,-0.1,1999MM07,82.0
21886,A6,323700,21886,0.0,0.0,1999MM08,82.0
21887,A6,323700,21887,0.5,0.4,1999MM09,82.3
21888,A6,323700,21888,1.8,1.0,1999MM10,83.1
21889,A6,323700,21889,1.5,0.2,1999MM11,83.2
21890,A6,323700,21890,1.8,0.6,1999MM12,83.7
21892,A6,323700,21892,2.8,0.7,2000MM01,84.3
21893,A6,323700,21893,3.3,0.2,2000MM02,84.4
21894,A6,323700,21894,3.5,0.2,2000MM03,84.6
21895,A6,323700,21895,3.9,0.7,2000MM04,85.2
21896,A6,323700,21896,4.0,0.1,2000MM05,85.2
21897,A6,323700,21897,4.2,0.3,2000MM06,85.5
21898,A6,323700,21898,5.3,1.0,2000MM07,86.3
21899,A6,323700,21899,5.2,-0.1,2000MM08,86.2
21900,A6,323700,21900,4.8,0.0,2000MM09,86.2
21901,A6,323700,21901,4.0,0.2,2000MM10,86.4
21902,A6,323700,21902,3.7,-0.1,2000MM11,86.3
21903,A6,323700,21903,3.4,0.3,2000MM12,86.6
21905,A6,323700,21905,3.6,0.9,2001MM01,87.3
21906,A6,323700,21906,3.6,0.2,2001MM02,87.5
21907,A6,323700,21907,3.3,-0.1,2001MM03,87.4
21908,A6,323700,21908,3.0,0.3,2001MM04,87.7
21909,A6,323700,21909,2.8,-0.1,2001MM05,87.6
21910,A6,323700,21910,2.7,0.2,2001MM06,87.7
21911,A6,323700,21911,1.6,0.0,2001MM07,87.7
21912,A6,323700,21912,1.7,0.0,2001MM08,87.7
21913,A6,323700,21913,1.4,-0.3,2001MM09,87.5
21914,A6,323700,21914,1.2,0.0,2001MM10,87.4
21915,A6,323700,21915,1.2,-0.1,2001MM11,87.4
21916,A6,323700,21916,0.6,-0.3,2001MM12,87.1
21918,A6,323700,21918,-0.3,0.0,2002MM01,87.1
21919,A6,323700,21919,-0.7,-0.2,2002MM02,86.9
21920,A6,323700,21920,-0.7,-0.1,2002MM03,86.8
21921,A6,323700,21921,-0.7,0.3,2002MM04,87.1
21922,A6,323700,21922,-0.5,0.0,2002MM05,87.1
21923,A6,323700,21923,-0.6,0.1,2002MM06,87.2
21924,A6,323700,21924,0.0,0.6,2002MM07,87.8
21925,A6,323700,21925,0.1,0.1,2002MM08,87.8
21926,A6,323700,21926,0.4,-0.1,2002MM09,87.8
21927,A6,323700,21927,0.5,0.1,2002MM10,87.9
21928,A6,323700,21928,0.6,0.0,2002MM11,87.9
21929,A6,323700,21929,0.8,-0.1,2002MM12,87.8
21931,A6,323700,21931,1.0,0.2,2003MM01,88.0
21932,A6,323700,21932,1.4,0.2,2003MM02,88.1
21933,A6,323700,21933,1.4,-0.1,2003MM03,88.0
21934,A6,323700,21934,1.6,0.5,2003MM04,88.5
21935,A6,323700,21935,1.8,0.2,2003MM05,88.7
21936,A6,323700,21936,1.6,-0.2,2003MM06,88.6
21937,A6,323700,21937,0.5,-0.4,2003MM07,88.2
21938,A6,323700,21938,0.2,-0.1,2003MM08,88.0
21939,A6,323700,21939,0.4,0.1,2003MM09,88.1
21940,A6,323700,21940,0.1,-0.2,2003MM10,87.9
21941,A6,323700,21941,0.0,-0.1,2003MM11,87.8
21942,A6,323700,21942,0.2,0.1,2003MM12,87.9
21944,A6,323700,21944,-0.3,-0.2,2004MM01,87.7
21945,A6,323700,21945,-0.3,0.1,2004MM02,87.8
21946,A6,323700,21946,0.0,0.2,2004MM03,88.0
21947,A6,323700,21947,-0.6,-0.1,2004MM04,87.9
21948,A6,323700,21948,-1.0,-0.1,2004MM05,87.8
21949,A6,323700,21949,-0.6,0.2,2004MM06,88.0
21950,A6,323700,21950,0.1,0.3,2004MM07,88.3
21951,A6,323700,21951,0.4,0.1,2004MM08,88.4
21952,A6,323700,21952,0.5,0.2,2004MM09,88.6
21953,A6,323700,21953,1.9,1.1,2004MM10,89.6
21954,A6,323700,21954,2.0,0.0,2004MM11,89.6
21955,A6,323700,21955,2.0,0.1,2004MM12,89.7
21957,A6,323700,21957,2.04615384615,0.1,2005MM01,91.1
21958,A6,323700,21958,2.09230769231,0.1,2005MM02,91.2
21959,A6,323700,21959,2.13846153846,-0.1,2005MM03,91.2
21960,A6,323700,21960,2.18461538462,0.5,2005MM04,91.6
21961,A6,323700,21961,2.23076923077,0.0,2005MM05,91.6
21962,A6,323700,21962,2.27692307692,0.2,2005MM06,91.8
21963,A6,323700,21963,2.32307692308,-0.6,2005MM07,91.2
21964,A6,323700,21964,2.36923076923,0.0,2005MM08,91.2
21965,A6,323700,21965,2.41538461538,0.2,2005MM09,91.4
21966,A6,323700,21966,2.46153846154,0.9,2005MM10,92.2
21967,A6,323700,21967,2.50769230769,0.0,2005MM11,92.1
21968,A6,323700,21968,2.55384615385,0.2,2005MM12,92.3
21970,A6,323700,21970,2.6,1.2,2006MM01,93.5
21971,A6,323700,21971,2.5,0.1,2006MM02,93.5
21972,A6,323700,21972,2.5,0.0,2006MM03,93.5
21973,A6,323700,21973,2.4,0.3,2006MM04,93.8
21974,A6,323700,21974,2.1,-0.3,2006MM05,93.5
21975,A6,323700,21975,2.1,0.2,2006MM06,93.8
21976,A6,323700,21976,3.1,0.3,2006MM07,94.1
21977,A6,323700,21977,3.1,0.0,2006MM08,94.0
21978,A6,323700,21978,3.2,0.2,2006MM09,94.3
21979,A6,323700,21979,2.7,0.5,2006MM10,94.7
21980,A6,323700,21980,2.7,-0.1,2006MM11,94.6
21981,A6,323700,21981,2.5,0.0,2006MM12,94.6
21983,A6,323700,21983,2.3,1.0,2007MM01,95.6
21984,A6,323700,21984,2.3,0.0,2007MM02,95.6
21985,A6,323700,21985,2.2,-0.1,2007MM03,95.5
21986,A6,323700,21986,2.3,0.4,2007MM04,95.9
21987,A6,323700,21987,3.5,0.9,2007MM05,96.8
21988,A6,323700,21988,3.2,-0.1,2007MM06,96.7
21989,A6,323700,21989,2.7,-0.1,2007MM07,96.6
21990,A6,323700,21990,2.9,0.1,2007MM08,96.7
21991,A6,323700,21991,2.7,0.1,2007MM09,96.8
21992,A6,323700,21992,2.8,0.6,2007MM10,97.4
21993,A6,323700,21993,2.7,-0.2,2007MM11,97.2
21994,A6,323700,21994,3.0,0.3,2007MM12,97.4
21996,A6,323700,21996,2.9,0.9,2008MM01,98.4
21997,A6,323700,21997,2.8,0.0,2008MM02,98.3
21998,A6,323700,21998,3.0,0.1,2008MM03,98.4
21999,A6,323700,21999,3.4,0.8,2008MM04,99.2
22000,A6,323700,22000,2.5,0.0,2008MM05,99.2
22001,A6,323700,22001,2.9,0.3,2008MM06,99.5
22002,A6,323700,22002,3.8,0.8,2008MM07,100.3
22003,A6,323700,22003,4.2,0.5,2008MM08,100.8
22004,A6,323700,22004,4.3,0.1,2008MM09,100.9
22005,A6,323700,22005,4.0,0.3,2008MM10,101.2
22006,A6,323700,22006,3.2,-0.9,2008MM11,100.3
22007,A6,323700,22007,2.5,-0.5,2008MM12,99.8
22009,A6,323700,22009,0.6,-0.9,2009MM01,99.0
22010,A6,323700,22010,0.6,0.0,2009MM02,98.9
22011,A6,323700,22011,0.2,-0.3,2009MM03,98.6
22012,A6,323700,22012,-1.1,-0.5,2009MM04,98.1
22013,A6,323700,22013,-1.3,-0.2,2009MM05,97.9
22014,A6,323700,22014,-2.3,-0.8,2009MM06,97.2
22015,A6,323700,22015,-3.1,0.0,2009MM07,97.2
22016,A6,323700,22016,-3.5,0.1,2009MM08,97.3
22017,A6,323700,22017,-3.6,0.1,2009MM09,97.4
22018,A6,323700,22018,-3.6,0.3,2009MM10,97.6
22019,A6,323700,22019,-2.7,0.0,2009MM11,97.6
22020,A6,323700,22020,-2.1,0.1,2009MM12,97.7
22022,A6,323700,22022,-0.8,0.5,2010MM01,98.1
22023,A6,323700,22023,-0.5,0.2,2010MM02,98.4
22024,A6,323700,22024,0.1,0.3,2010MM03,98.7
22025,A6,323700,22025,1.3,0.7,2010MM04,99.4
22026,A6,323700,22026,1.9,0.5,2010MM05,99.8
22027,A6,323700,22027,2.9,0.1,2010MM06,100.0
22028,A6,323700,22028,3.6,0.7,2010MM07,100.6
22029,A6,323700,22029,3.7,0.2,2010MM08,100.9
22030,A6,323700,22030,3.6,0.0,2010MM09,100.8
22031,A6,323700,22031,3.5,0.2,2010MM10,101.0
22032,A6,323700,22032,3.5,0.0,2010MM11,101.0
22033,A6,323700,22033,3.5,0.1,2010MM12,101.1
22035,A6,323700,22035,4.9,1.8,2011MM01,103.0
22036,A6,323700,22036,5.1,0.4,2011MM02,103.4
22037,A6,323700,22037,5.1,0.2,2011MM03,103.7
22038,A6,323700,22038,6.1,1.7,2011MM04,105.5
22039,A6,323700,22039,5.7,0.1,2011MM05,105.6
22040,A6,323700,22040,5.9,0.3,2011MM06,105.9
22041,A6,323700,22041,5.5,0.2,2011MM07,106.2
22042,A6,323700,22042,5.1,-0.2,2011MM08,106.0
22043,A6,323700,22043,5.1,0.0,2011MM09,106.0
22044,A6,323700,22044,4.8,-0.1,2011MM10,105.8
22045,A6,323700,22045,4.4,-0.4,2011MM11,105.5
22046,A6,323700,22046,4.1,-0.1,2011MM12,105.3
22048,A6,323700,22048,2.6,0.3,2012MM01,105.7
22049,A6,323700,22049,2.4,0.3,2012MM02,106.0
22050,A6,323700,22050,2.3,0.1,2012MM03,106.1
22051,A6,323700,22051,1.5,0.9,2012MM04,107.0
22052,A6,323700,22052,1.5,0.1,2012MM05,107.2
22053,A6,323700,22053,0.8,-0.3,2012MM06,106.8
22054,A6,323700,22054,0.7,0.1,2012MM07,106.9
22055,A6,323700,22055,1.0,0.2,2012MM08,107.1
22056,A6,323700,22056,1.2,0.2,2012MM09,107.3
22057,A6,323700,22057,1.2,-0.1,2012MM10,107.1
22058,A6,323700,22058,1.5,-0.1,2012MM11,107.1
22059,A6,323700,22059,1.7,0.0,2012MM12,107.1
22061,A6,323700,22061,1.7,0.4,2013MM01,107.5
22062,A6,323700,22062,1.7,0.2,2013MM02,107.7
22063,A6,323700,22063,1.3,-0.2,2013MM03,107.5
22064,A6,323700,22064,0.6,0.1,2013MM04,107.7
22065,A6,323700,22065,0.1,-0.4,2013MM05,107.3
22066,A6,323700,22066,0.3,-0.2,2013MM06,107.1
22067,A6,323700,22067,-0.1,-0.3,2013MM07,106.8
22068,A6,323700,22068,-0.4,-0.2,2013MM08,106.6
22069,A6,323700,22069,-0.4,0.2,2013MM09,106.8
22070,A6,323700,22070,-0.2,0.1,2013MM10,106.9
22071,A6,323700,22071,-0.2,-0.1,2013MM11,106.8
22072,A6,323700,22072,-0.3,0.0,2013MM12,106.8
22074,A6,323700,22074,-0.4,0.3,2014MM01,107.1
22075,A6,323700,22075,-0.7,0.0,2014MM02,107.0
22076,A6,323700,22076,-0.6,-0.1,2014MM03,106.9
22077,A6,323700,22077,-0.6,0.1,2014MM04,107.0
22078,A6,323700,22078,-0.2,0.0,2014MM05,107.0
22079,A6,323700,22079,-0.1,0.0,2014MM06,107.0
22080,A6,323700,22080,0.3,0.1,2014MM07,107.1
22081,A6,323700,22081,0.5,0.0,2014MM08,107.2
22082,A6,323700,22082,0.3,0.0,2014MM09,107.2
22083,A6,323700,22083,0.3,0.1,2014MM10,107.2
22084,A6,323700,22084,0.3,-0.1,2014MM11,107.1
22085,A6,323700,22085,0.3,-0.1,2014MM12,107.1
22087,A6,323700,22087,-1.0,-1.0,2015MM01,106.0
22088,A6,323700,22088,-1.1,-0.1,2015MM02,105.8
22089,A6,323700,22089,-0.9,0.1,2015MM03,106.0
22090,A6,323700,22090,0.5,1.4,2015MM04,107.5
22091,A6,323700,22091,0.8,0.4,2015MM05,107.9
22092,A6,323700,22092,1.2,0.3,2015MM06,108.2
22093,A6,323700,22093,1.6,0.5,2015MM07,108.8
22094,A6,323700,22094,1.5,0.0,2015MM08,108.8
22095,A6,323700,22095,1.4,-0.2,2015MM09,108.7
22096,A6,323700,22096,0.8,-0.5,2015MM10,108.1
22097,A6,323700,22097,0.7,-0.1,2015MM11,107.9
22098,A6,323700,22098,0.6,-0.2,2015MM12,107.7
22100,A6,323700,22100,1.8,0.1,2016MM01,107.8
22101,A6,323700,22101,1.8,-0.1,2016MM02,107.7
22102,A6,323700,22102,1.6,0.0,2016MM03,107.7
22103,A6,323700,22103,-0.2,-0.3,2016MM04,107.3
22104,A6,323700,22104,-0.5,0.0,2016MM05,107.3
22105,A6,323700,22105,-0.8,0.0,2016MM06,107.3
22106,A6,323700,22106,-1.3,0.1,2016MM07,107.4
22107,A6,323700,22107,-1.4,-0.1,2016MM08,107.3
22108,A6,323700,22108,-1.2,0.1,2016MM09,107.4
22109,A6,323700,22109,-0.9,-0.2,2016MM10,107.1
22110,A6,323700,22110,-0.6,0.2,2016MM11,107.3
22111,A6,323700,22111,-0.4,0.0,2016MM12,107.3
22113,A6,323700,22113,-0.4,0.1,2017MM01,107.5
22114,A6,323700,22114,-0.2,0.0,2017MM02,107.5
22115,A6,323700,22115,0.4,0.6,2017MM03,108.1
22116,A6,323700,22116,1.6,0.8,2017MM04,109.0
22117,A6,323700,22117,1.6,0.1,2017MM05,109.1
22118,A6,323700,22118,1.5,-0.1,2017MM06,109.0
22119,A6,323700,22119,1.6,0.2,2017MM07,109.1
22120,A6,323700,22120,1.6,0.0,2017MM08,109.1
22121,A6,323700,22121,1.7,0.1,2017MM09,109.2
22122,A6,323700,22122,1.7,-0.3,2017MM10,109.0
22123,A6,323700,22123,1.6,0.0,2017MM11,109.0
22124,A6,323700,22124,1.5,0.0,2017MM12,108.9
