,Afzet,BedrijfstakkenBranchesSBI2008,ID,OntwikkelingTOV1JaarEerder_2,OntwikkelingTOV1MaandEerder_3,Perioden,ProducentenprijsindexPPI_1
22126,A6,324600,22126,,,1981MM01,62.7
22127,A6,324600,22127,,0.8,1981MM02,63.2
22128,A6,324600,22128,,0.4,1981MM03,63.4
22129,A6,324600,22129,,0.4,1981MM04,63.6
22130,A6,324600,22130,,0.0,1981MM05,63.6
22131,A6,324600,22131,,0.0,1981MM06,63.7
22132,A6,324600,22132,,0.9,1981MM07,64.3
22133,A6,324600,22133,,0.6,1981MM08,64.6
22134,A6,324600,22134,,0.1,1981MM09,64.7
22135,A6,324600,22135,,0.2,1981MM10,64.8
22136,A6,324600,22136,,0.0,1981MM11,64.8
22137,A6,324600,22137,,-0.1,1981MM12,64.7
22139,A6,324600,22139,5.6,2.2,1982MM01,66.2
22140,A6,324600,22140,6.0,1.1,1982MM02,66.9
22141,A6,324600,22141,5.7,0.1,1982MM03,67.0
22142,A6,324600,22142,5.2,-0.1,1982MM04,66.9
22143,A6,324600,22143,5.3,0.2,1982MM05,67.1
22144,A6,324600,22144,5.0,-0.2,1982MM06,66.9
22145,A6,324600,22145,4.0,0.0,1982MM07,66.9
22146,A6,324600,22146,3.4,-0.1,1982MM08,66.8
22147,A6,324600,22147,3.1,-0.2,1982MM09,66.7
22148,A6,324600,22148,2.7,-0.2,1982MM10,66.6
22149,A6,324600,22149,2.6,-0.1,1982MM11,66.5
22150,A6,324600,22150,2.8,0.1,1982MM12,66.6
22152,A6,324600,22152,1.1,0.5,1983MM01,66.9
22153,A6,324600,22153,-0.1,-0.1,1983MM02,66.9
22154,A6,324600,22154,-0.1,0.1,1983MM03,66.9
22155,A6,324600,22155,0.3,0.3,1983MM04,67.2
22156,A6,324600,22156,0.1,0.0,1983MM05,67.1
22157,A6,324600,22157,0.4,0.1,1983MM06,67.2
22158,A6,324600,22158,0.3,-0.2,1983MM07,67.1
22159,A6,324600,22159,0.4,0.1,1983MM08,67.1
22160,A6,324600,22160,0.6,0.0,1983MM09,67.1
22161,A6,324600,22161,0.8,0.0,1983MM10,67.1
22162,A6,324600,22162,0.7,-0.2,1983MM11,67.0
22163,A6,324600,22163,0.6,0.0,1983MM12,67.0
22165,A6,324600,22165,0.7,0.6,1984MM01,67.4
22166,A6,324600,22166,0.9,0.1,1984MM02,67.5
22167,A6,324600,22167,0.8,0.0,1984MM03,67.4
22168,A6,324600,22168,0.5,0.0,1984MM04,67.5
22169,A6,324600,22169,0.6,0.1,1984MM05,67.5
22170,A6,324600,22170,0.7,0.2,1984MM06,67.6
22171,A6,324600,22171,1.1,0.3,1984MM07,67.8
22172,A6,324600,22172,1.2,0.1,1984MM08,67.9
22173,A6,324600,22173,1.4,0.2,1984MM09,68.0
22174,A6,324600,22174,2.0,0.6,1984MM10,68.4
22175,A6,324600,22175,2.3,0.1,1984MM11,68.5
22176,A6,324600,22176,2.5,0.2,1984MM12,68.6
22178,A6,324600,22178,3.2,1.3,1985MM01,69.5
22179,A6,324600,22179,3.5,0.4,1985MM02,69.8
22180,A6,324600,22180,3.7,0.2,1985MM03,69.9
22181,A6,324600,22181,3.8,0.1,1985MM04,70.0
22182,A6,324600,22182,3.9,0.2,1985MM05,70.1
22183,A6,324600,22183,3.8,0.1,1985MM06,70.2
22184,A6,324600,22184,3.1,-0.4,1985MM07,69.9
22185,A6,324600,22185,3.2,0.2,1985MM08,70.1
22186,A6,324600,22186,3.4,0.3,1985MM09,70.3
22187,A6,324600,22187,2.7,-0.1,1985MM10,70.2
22188,A6,324600,22188,2.5,-0.1,1985MM11,70.2
22189,A6,324600,22189,2.4,0.2,1985MM12,70.3
22191,A6,324600,22191,2.4,1.3,1986MM01,71.2
22192,A6,324600,22192,2.0,0.0,1986MM02,71.2
22193,A6,324600,22193,1.9,0.0,1986MM03,71.2
22194,A6,324600,22194,1.8,0.1,1986MM04,71.3
22195,A6,324600,22195,1.6,0.0,1986MM05,71.3
22196,A6,324600,22196,1.5,0.0,1986MM06,71.3
22197,A6,324600,22197,1.8,-0.2,1986MM07,71.2
22198,A6,324600,22198,1.5,0.0,1986MM08,71.1
22199,A6,324600,22199,1.2,0.0,1986MM09,71.2
22200,A6,324600,22200,1.2,-0.1,1986MM10,71.1
22201,A6,324600,22201,1.3,0.0,1986MM11,71.1
22202,A6,324600,22202,1.2,0.1,1986MM12,71.2
22204,A6,324600,22204,0.4,0.4,1987MM01,71.5
22205,A6,324600,22205,0.4,0.1,1987MM02,71.5
22206,A6,324600,22206,0.5,0.1,1987MM03,71.6
22207,A6,324600,22207,0.4,0.1,1987MM04,71.6
22208,A6,324600,22208,0.6,0.1,1987MM05,71.7
22209,A6,324600,22209,0.5,-0.1,1987MM06,71.6
22210,A6,324600,22210,0.5,-0.1,1987MM07,71.5
22211,A6,324600,22211,0.6,0.1,1987MM08,71.6
22212,A6,324600,22212,0.7,0.1,1987MM09,71.6
22213,A6,324600,22213,0.8,0.0,1987MM10,71.6
22214,A6,324600,22214,0.6,-0.1,1987MM11,71.6
22215,A6,324600,22215,0.5,-0.1,1987MM12,71.5
22217,A6,324600,22217,0.6,0.5,1988MM01,71.9
22218,A6,324600,22218,0.7,0.2,1988MM02,72.0
22219,A6,324600,22219,0.6,-0.1,1988MM03,72.0
22220,A6,324600,22220,0.8,0.3,1988MM04,72.2
22221,A6,324600,22221,0.6,-0.1,1988MM05,72.1
22222,A6,324600,22222,0.8,0.1,1988MM06,72.2
22223,A6,324600,22223,1.1,0.2,1988MM07,72.4
22224,A6,324600,22224,1.1,0.1,1988MM08,72.4
22225,A6,324600,22225,1.2,0.1,1988MM09,72.5
22226,A6,324600,22226,1.3,0.1,1988MM10,72.6
22227,A6,324600,22227,1.2,-0.1,1988MM11,72.5
22228,A6,324600,22228,1.2,-0.1,1988MM12,72.4
22230,A6,324600,22230,1.5,0.8,1989MM01,73.0
22231,A6,324600,22231,1.7,0.3,1989MM02,73.2
22232,A6,324600,22232,1.8,0.1,1989MM03,73.3
22233,A6,324600,22233,1.9,0.3,1989MM04,73.5
22234,A6,324600,22234,2.1,0.2,1989MM05,73.6
22235,A6,324600,22235,2.1,0.1,1989MM06,73.7
22236,A6,324600,22236,1.9,0.0,1989MM07,73.7
22237,A6,324600,22237,1.8,0.0,1989MM08,73.7
22238,A6,324600,22238,2.0,0.3,1989MM09,73.9
22239,A6,324600,22239,1.6,-0.3,1989MM10,73.7
22240,A6,324600,22240,2.1,0.3,1989MM11,74.0
22241,A6,324600,22241,2.4,0.2,1989MM12,74.2
22243,A6,324600,22243,3.0,1.3,1990MM01,75.1
22244,A6,324600,22244,3.1,0.5,1990MM02,75.5
22245,A6,324600,22245,3.1,0.1,1990MM03,75.6
22246,A6,324600,22246,3.1,0.3,1990MM04,75.8
22247,A6,324600,22247,3.1,0.2,1990MM05,75.9
22248,A6,324600,22248,3.1,0.0,1990MM06,76.0
22249,A6,324600,22249,3.2,0.2,1990MM07,76.1
22250,A6,324600,22250,3.3,0.0,1990MM08,76.1
22251,A6,324600,22251,3.2,0.2,1990MM09,76.3
22252,A6,324600,22252,3.6,0.2,1990MM10,76.4
22253,A6,324600,22253,3.3,0.0,1990MM11,76.4
22254,A6,324600,22254,2.8,-0.3,1990MM12,76.2
22256,A6,324600,22256,2.6,1.2,1991MM01,77.1
22257,A6,324600,22257,2.0,-0.1,1991MM02,77.0
22258,A6,324600,22258,2.1,0.2,1991MM03,77.2
22259,A6,324600,22259,2.1,0.2,1991MM04,77.4
22260,A6,324600,22260,1.9,0.0,1991MM05,77.4
22261,A6,324600,22261,1.9,0.0,1991MM06,77.4
22262,A6,324600,22262,1.8,0.0,1991MM07,77.4
22263,A6,324600,22263,1.6,-0.1,1991MM08,77.3
22264,A6,324600,22264,1.4,0.0,1991MM09,77.3
22265,A6,324600,22265,1.3,0.1,1991MM10,77.4
22266,A6,324600,22266,1.2,-0.1,1991MM11,77.3
22267,A6,324600,22267,1.5,0.0,1991MM12,77.3
22269,A6,324600,22269,2.1,1.8,1992MM01,78.8
22270,A6,324600,22270,2.4,0.2,1992MM02,78.9
22271,A6,324600,22271,2.4,0.2,1992MM03,79.0
22272,A6,324600,22272,2.4,0.3,1992MM04,79.2
22273,A6,324600,22273,2.5,0.1,1992MM05,79.3
22274,A6,324600,22274,2.5,0.0,1992MM06,79.3
22275,A6,324600,22275,2.6,0.2,1992MM07,79.4
22276,A6,324600,22276,2.7,-0.1,1992MM08,79.4
22277,A6,324600,22277,2.7,0.0,1992MM09,79.4
22278,A6,324600,22278,2.8,0.2,1992MM10,79.6
22279,A6,324600,22279,2.8,-0.1,1992MM11,79.5
22280,A6,324600,22280,2.8,0.0,1992MM12,79.5
22282,A6,324600,22282,2.3,1.4,1993MM01,80.6
22283,A6,324600,22283,2.0,-0.1,1993MM02,80.5
22284,A6,324600,22284,2.2,0.3,1993MM03,80.7
22285,A6,324600,22285,2.0,0.1,1993MM04,80.8
22286,A6,324600,22286,1.9,0.0,1993MM05,80.8
22287,A6,324600,22287,1.8,0.0,1993MM06,80.8
22288,A6,324600,22288,1.8,0.2,1993MM07,80.9
22289,A6,324600,22289,2.0,0.1,1993MM08,81.0
22290,A6,324600,22290,1.9,-0.1,1993MM09,80.9
22291,A6,324600,22291,1.6,0.0,1993MM10,80.9
22292,A6,324600,22292,1.5,-0.1,1993MM11,80.7
22293,A6,324600,22293,1.6,0.0,1993MM12,80.8
22295,A6,324600,22295,1.1,0.9,1994MM01,81.5
22296,A6,324600,22296,1.4,0.1,1994MM02,81.6
22297,A6,324600,22297,1.1,0.0,1994MM03,81.6
22298,A6,324600,22298,1.1,0.1,1994MM04,81.8
22299,A6,324600,22299,1.3,0.1,1994MM05,81.9
22300,A6,324600,22300,1.3,-0.1,1994MM06,81.8
22301,A6,324600,22301,1.3,0.2,1994MM07,81.9
22302,A6,324600,22302,1.2,0.0,1994MM08,81.9
22303,A6,324600,22303,1.2,-0.1,1994MM09,81.9
22304,A6,324600,22304,1.4,0.1,1994MM10,82.0
22305,A6,324600,22305,1.5,-0.1,1994MM11,81.9
22306,A6,324600,22306,1.5,0.0,1994MM12,81.9
22308,A6,324600,22308,1.9,1.4,1995MM01,83.1
22309,A6,324600,22309,2.3,0.5,1995MM02,83.5
22310,A6,324600,22310,2.1,-0.2,1995MM03,83.4
22311,A6,324600,22311,2.6,0.6,1995MM04,83.9
22312,A6,324600,22312,2.3,-0.1,1995MM05,83.8
22313,A6,324600,22313,2.4,-0.1,1995MM06,83.8
22314,A6,324600,22314,2.4,0.2,1995MM07,83.9
22315,A6,324600,22315,2.8,0.4,1995MM08,84.2
22316,A6,324600,22316,2.2,-0.7,1995MM09,83.7
22317,A6,324600,22317,2.2,0.1,1995MM10,83.8
22318,A6,324600,22318,2.2,0.0,1995MM11,83.7
22319,A6,324600,22319,2.4,0.2,1995MM12,83.9
22321,A6,324600,22321,1.0,0.0,1996MM01,83.9
22322,A6,324600,22322,1.2,0.7,1996MM02,84.5
22323,A6,324600,22323,1.0,-0.4,1996MM03,84.2
22324,A6,324600,22324,-0.1,-0.4,1996MM04,83.8
22325,A6,324600,22325,0.2,0.2,1996MM05,84.0
22326,A6,324600,22326,-0.2,-0.5,1996MM06,83.6
22327,A6,324600,22327,-0.4,0.0,1996MM07,83.6
22328,A6,324600,22328,-0.7,0.1,1996MM08,83.6
22329,A6,324600,22329,0.0,0.1,1996MM09,83.7
22330,A6,324600,22330,-0.4,-0.3,1996MM10,83.5
22331,A6,324600,22331,-0.4,-0.1,1996MM11,83.4
22332,A6,324600,22332,-1.0,-0.3,1996MM12,83.1
22334,A6,324600,22334,-1.6,-0.6,1997MM01,82.6
22335,A6,324600,22335,-2.8,-0.6,1997MM02,82.1
22336,A6,324600,22336,-2.2,0.2,1997MM03,82.3
22337,A6,324600,22337,-2.2,-0.4,1997MM04,82.0
22338,A6,324600,22338,-2.1,0.3,1997MM05,82.2
22339,A6,324600,22339,-1.6,0.0,1997MM06,82.3
22340,A6,324600,22340,-2.4,-0.9,1997MM07,81.5
22341,A6,324600,22341,-2.5,0.0,1997MM08,81.6
22342,A6,324600,22342,-2.6,0.0,1997MM09,81.6
22343,A6,324600,22343,-2.4,-0.1,1997MM10,81.5
22344,A6,324600,22344,-2.3,0.0,1997MM11,81.4
22345,A6,324600,22345,-2.1,-0.1,1997MM12,81.4
22347,A6,324600,22347,-1.8,-0.3,1998MM01,81.1
22348,A6,324600,22348,-1.1,0.2,1998MM02,81.2
22349,A6,324600,22349,-1.3,0.0,1998MM03,81.3
22350,A6,324600,22350,-1.1,-0.2,1998MM04,81.1
22351,A6,324600,22351,-1.4,0.0,1998MM05,81.1
22352,A6,324600,22352,-1.3,0.1,1998MM06,81.2
22353,A6,324600,22353,-0.4,0.0,1998MM07,81.2
22354,A6,324600,22354,-0.5,-0.1,1998MM08,81.1
22355,A6,324600,22355,-0.7,-0.2,1998MM09,81.0
22356,A6,324600,22356,-0.3,0.3,1998MM10,81.2
22357,A6,324600,22357,-0.1,0.2,1998MM11,81.3
22358,A6,324600,22358,-0.3,-0.3,1998MM12,81.1
22360,A6,324600,22360,-0.5,-0.5,1999MM01,80.7
22361,A6,324600,22361,-1.1,-0.5,1999MM02,80.3
22362,A6,324600,22362,-1.1,0.1,1999MM03,80.4
22363,A6,324600,22363,-0.7,0.2,1999MM04,80.5
22364,A6,324600,22364,-1.0,-0.2,1999MM05,80.3
22365,A6,324600,22365,-1.1,0.0,1999MM06,80.3
22366,A6,324600,22366,-1.0,0.2,1999MM07,80.4
22367,A6,324600,22367,-0.9,0.0,1999MM08,80.4
22368,A6,324600,22368,-0.8,-0.2,1999MM09,80.3
22369,A6,324600,22369,-1.0,0.1,1999MM10,80.4
22370,A6,324600,22370,-1.1,0.0,1999MM11,80.4
22371,A6,324600,22371,-0.6,0.2,1999MM12,80.6
22373,A6,324600,22373,-0.8,-0.6,2000MM01,80.1
22374,A6,324600,22374,-0.2,0.2,2000MM02,80.2
22375,A6,324600,22375,-0.1,0.1,2000MM03,80.3
22376,A6,324600,22376,0.3,0.6,2000MM04,80.7
22377,A6,324600,22377,0.5,0.0,2000MM05,80.7
22378,A6,324600,22378,0.6,0.1,2000MM06,80.8
22379,A6,324600,22379,1.4,0.9,2000MM07,81.5
22380,A6,324600,22380,1.3,0.0,2000MM08,81.5
22381,A6,324600,22381,1.6,0.1,2000MM09,81.6
22382,A6,324600,22382,1.8,0.2,2000MM10,81.8
22383,A6,324600,22383,1.8,0.0,2000MM11,81.8
22384,A6,324600,22384,1.6,0.1,2000MM12,81.9
22386,A6,324600,22386,5.3,3.0,2001MM01,84.3
22387,A6,324600,22387,5.4,0.2,2001MM02,84.5
22388,A6,324600,22388,5.5,0.2,2001MM03,84.7
22389,A6,324600,22389,5.2,0.2,2001MM04,84.9
22390,A6,324600,22390,5.2,0.0,2001MM05,84.9
22391,A6,324600,22391,5.1,0.0,2001MM06,84.9
22392,A6,324600,22392,4.0,-0.1,2001MM07,84.8
22393,A6,324600,22393,4.0,0.0,2001MM08,84.8
22394,A6,324600,22394,3.9,0.0,2001MM09,84.8
22395,A6,324600,22395,3.8,0.1,2001MM10,84.9
22396,A6,324600,22396,3.7,0.0,2001MM11,84.9
22397,A6,324600,22397,3.6,0.0,2001MM12,84.9
22399,A6,324600,22399,2.0,1.4,2002MM01,86.0
22400,A6,324600,22400,1.8,0.1,2002MM02,86.0
22401,A6,324600,22401,1.7,0.0,2002MM03,86.1
22402,A6,324600,22402,1.6,0.1,2002MM04,86.2
22403,A6,324600,22403,1.6,0.1,2002MM05,86.3
22404,A6,324600,22404,1.7,0.1,2002MM06,86.3
22405,A6,324600,22405,1.9,0.1,2002MM07,86.4
22406,A6,324600,22406,2.0,0.1,2002MM08,86.5
22407,A6,324600,22407,1.9,-0.1,2002MM09,86.4
22408,A6,324600,22408,1.7,-0.1,2002MM10,86.3
22409,A6,324600,22409,1.7,0.0,2002MM11,86.3
22410,A6,324600,22410,1.6,0.0,2002MM12,86.2
22412,A6,324600,22412,1.0,0.7,2003MM01,86.9
22413,A6,324600,22413,1.1,0.1,2003MM02,87.0
22414,A6,324600,22414,1.1,0.0,2003MM03,87.0
22415,A6,324600,22415,0.7,-0.2,2003MM04,86.8
22416,A6,324600,22416,0.6,-0.1,2003MM05,86.8
22417,A6,324600,22417,0.3,-0.2,2003MM06,86.6
22418,A6,324600,22418,-0.1,-0.3,2003MM07,86.3
22419,A6,324600,22419,-0.1,0.1,2003MM08,86.4
22420,A6,324600,22420,-0.2,-0.1,2003MM09,86.3
22421,A6,324600,22421,-0.1,-0.1,2003MM10,86.2
22422,A6,324600,22422,-0.1,0.0,2003MM11,86.2
22423,A6,324600,22423,0.0,0.0,2003MM12,86.2
22425,A6,324600,22425,-2.4,-1.7,2004MM01,84.8
22426,A6,324600,22426,-2.6,0.0,2004MM02,84.8
22427,A6,324600,22427,-2.8,-0.2,2004MM03,84.6
22428,A6,324600,22428,-2.7,-0.1,2004MM04,84.5
22429,A6,324600,22429,-2.6,0.0,2004MM05,84.5
22430,A6,324600,22430,-2.1,0.3,2004MM06,84.7
22431,A6,324600,22431,-1.8,0.0,2004MM07,84.7
22432,A6,324600,22432,-1.8,0.1,2004MM08,84.8
22433,A6,324600,22433,-2.1,-0.4,2004MM09,84.5
22434,A6,324600,22434,-2.1,-0.1,2004MM10,84.4
22435,A6,324600,22435,-2.2,0.0,2004MM11,84.3
22436,A6,324600,22436,-2.3,-0.1,2004MM12,84.2
22438,A6,324600,22438,-1.96153846154,-0.05,2005MM01,84.8
22439,A6,324600,22439,-1.62307692308,0.0,2005MM02,84.8
22440,A6,324600,22440,-1.28461538462,-0.1,2005MM03,84.8
22441,A6,324600,22441,-0.946153846154,-0.2,2005MM04,84.6
22442,A6,324600,22442,-0.607692307692,0.0,2005MM05,84.6
22443,A6,324600,22443,-0.269230769231,0.0,2005MM06,84.7
22444,A6,324600,22444,0.0692307692308,0.2,2005MM07,84.8
22445,A6,324600,22445,0.407692307692,0.1,2005MM08,84.9
22446,A6,324600,22446,0.746153846154,0.0,2005MM09,84.9
22447,A6,324600,22447,1.08461538462,0.2,2005MM10,85.1
22448,A6,324600,22448,1.42307692308,0.0,2005MM11,85.1
22449,A6,324600,22449,1.76153846154,0.0,2005MM12,85.1
22451,A6,324600,22451,2.1,1.8,2006MM01,86.6
22452,A6,324600,22452,2.2,0.1,2006MM02,86.7
22453,A6,324600,22453,2.5,0.2,2006MM03,86.9
22454,A6,324600,22454,3.0,0.3,2006MM04,87.1
22455,A6,324600,22455,2.9,0.0,2006MM05,87.1
22456,A6,324600,22456,3.0,0.1,2006MM06,87.2
22457,A6,324600,22457,3.1,0.3,2006MM07,87.4
22458,A6,324600,22458,3.1,0.1,2006MM08,87.5
22459,A6,324600,22459,3.3,0.2,2006MM09,87.7
22460,A6,324600,22460,3.6,0.6,2006MM10,88.2
22461,A6,324600,22461,3.7,0.1,2006MM11,88.2
22462,A6,324600,22462,3.5,-0.1,2006MM12,88.1
22464,A6,324600,22464,5.8,4.0,2007MM01,91.6
22465,A6,324600,22465,5.9,0.2,2007MM02,91.8
22466,A6,324600,22466,5.7,0.1,2007MM03,91.9
22467,A6,324600,22467,6.6,1.1,2007MM04,92.9
22468,A6,324600,22468,6.7,0.1,2007MM05,92.9
22469,A6,324600,22469,6.8,0.2,2007MM06,93.1
22470,A6,324600,22470,6.7,0.2,2007MM07,93.3
22471,A6,324600,22471,6.7,0.1,2007MM08,93.4
22472,A6,324600,22472,6.5,0.0,2007MM09,93.4
22473,A6,324600,22473,6.3,0.4,2007MM10,93.8
22474,A6,324600,22474,6.5,0.2,2007MM11,94.0
22475,A6,324600,22475,6.6,0.0,2007MM12,94.0
22477,A6,324600,22477,5.6,3.0,2008MM01,96.8
22478,A6,324600,22478,5.4,-0.1,2008MM02,96.7
22479,A6,324600,22479,5.2,0.0,2008MM03,96.7
22480,A6,324600,22480,4.9,0.7,2008MM04,97.4
22481,A6,324600,22481,4.9,0.1,2008MM05,97.5
22482,A6,324600,22482,5.0,0.2,2008MM06,97.7
22483,A6,324600,22483,6.0,1.2,2008MM07,98.9
22484,A6,324600,22484,6.3,0.3,2008MM08,99.2
22485,A6,324600,22485,6.3,0.0,2008MM09,99.2
22486,A6,324600,22486,6.3,0.4,2008MM10,99.7
22487,A6,324600,22487,5.5,-0.5,2008MM11,99.2
22488,A6,324600,22488,4.9,-0.6,2008MM12,98.6
22490,A6,324600,22490,4.4,2.4,2009MM01,101.0
22491,A6,324600,22491,4.3,-0.1,2009MM02,100.9
22492,A6,324600,22492,4.5,0.2,2009MM03,101.0
22493,A6,324600,22493,3.2,-0.5,2009MM04,100.5
22494,A6,324600,22494,2.9,-0.2,2009MM05,100.3
22495,A6,324600,22495,2.6,-0.1,2009MM06,100.2
22496,A6,324600,22496,0.6,-0.7,2009MM07,99.5
22497,A6,324600,22497,0.4,0.1,2009MM08,99.6
22498,A6,324600,22498,0.5,0.2,2009MM09,99.8
22499,A6,324600,22499,-0.3,-0.3,2009MM10,99.4
22500,A6,324600,22500,0.3,0.0,2009MM11,99.4
22501,A6,324600,22501,0.9,0.0,2009MM12,99.5
22503,A6,324600,22503,-1.3,0.3,2010MM01,99.7
22504,A6,324600,22504,-1.1,0.0,2010MM02,99.7
22505,A6,324600,22505,-1.3,0.0,2010MM03,99.7
22506,A6,324600,22506,-0.6,0.3,2010MM04,100.0
22507,A6,324600,22507,-0.2,0.1,2010MM05,100.1
22508,A6,324600,22508,-0.3,-0.2,2010MM06,100.0
22509,A6,324600,22509,0.8,0.3,2010MM07,100.2
22510,A6,324600,22510,0.6,-0.1,2010MM08,100.2
22511,A6,324600,22511,0.3,-0.1,2010MM09,100.1
22512,A6,324600,22512,0.7,0.0,2010MM10,100.1
22513,A6,324600,22513,0.6,0.0,2010MM11,100.1
22514,A6,324600,22514,0.7,0.1,2010MM12,100.2
22516,A6,324600,22516,1.5,1.0,2011MM01,101.2
22517,A6,324600,22517,1.6,0.1,2011MM02,101.3
22518,A6,324600,22518,1.7,0.1,2011MM03,101.4
22519,A6,324600,22519,2.2,0.8,2011MM04,102.2
22520,A6,324600,22520,2.0,0.0,2011MM05,102.2
22521,A6,324600,22521,2.2,0.0,2011MM06,102.1
22522,A6,324600,22522,2.2,0.3,2011MM07,102.4
22523,A6,324600,22523,2.3,0.0,2011MM08,102.4
22524,A6,324600,22524,2.4,0.0,2011MM09,102.5
22525,A6,324600,22525,2.5,0.1,2011MM10,102.5
22526,A6,324600,22526,2.5,0.0,2011MM11,102.5
22527,A6,324600,22527,2.3,0.0,2011MM12,102.5
22529,A6,324600,22529,3.0,1.7,2012MM01,104.2
22530,A6,324600,22530,3.3,0.3,2012MM02,104.6
22531,A6,324600,22531,3.3,0.2,2012MM03,104.8
22532,A6,324600,22532,2.6,0.1,2012MM04,104.9
22533,A6,324600,22533,2.7,0.0,2012MM05,104.9
22534,A6,324600,22534,2.7,0.0,2012MM06,104.9
22535,A6,324600,22535,2.1,-0.3,2012MM07,104.6
22536,A6,324600,22536,2.3,0.2,2012MM08,104.7
22537,A6,324600,22537,2.3,0.1,2012MM09,104.8
22538,A6,324600,22538,2.3,0.0,2012MM10,104.9
22539,A6,324600,22539,2.2,0.0,2012MM11,104.8
22540,A6,324600,22540,2.1,-0.1,2012MM12,104.7
22542,A6,324600,22542,0.3,-0.1,2013MM01,104.6
22543,A6,324600,22543,0.1,0.2,2013MM02,104.7
22544,A6,324600,22544,0.0,0.0,2013MM03,104.8
22545,A6,324600,22545,0.0,0.1,2013MM04,104.8
22546,A6,324600,22546,-0.2,-0.1,2013MM05,104.7
22547,A6,324600,22547,-0.2,0.0,2013MM06,104.7
22548,A6,324600,22548,-0.1,-0.2,2013MM07,104.4
22549,A6,324600,22549,-0.3,0.0,2013MM08,104.4
22550,A6,324600,22550,-0.5,-0.1,2013MM09,104.3
22551,A6,324600,22551,-0.5,0.0,2013MM10,104.3
22552,A6,324600,22552,-0.5,0.0,2013MM11,104.3
22553,A6,324600,22553,-0.4,0.0,2013MM12,104.3
22555,A6,324600,22555,0.1,0.4,2014MM01,104.7
22556,A6,324600,22556,-0.1,-0.1,2014MM02,104.6
22557,A6,324600,22557,-0.2,0.0,2014MM03,104.6
22558,A6,324600,22558,-0.3,-0.1,2014MM04,104.5
22559,A6,324600,22559,-0.2,0.0,2014MM05,104.5
22560,A6,324600,22560,-0.2,0.0,2014MM06,104.5
22561,A6,324600,22561,0.0,0.0,2014MM07,104.4
22562,A6,324600,22562,0.1,0.1,2014MM08,104.6
22563,A6,324600,22563,0.3,0.0,2014MM09,104.6
22564,A6,324600,22564,0.5,0.3,2014MM10,104.9
22565,A6,324600,22565,0.5,-0.1,2014MM11,104.8
22566,A6,324600,22566,0.4,0.0,2014MM12,104.7
22568,A6,324600,22568,-0.1,-0.1,2015MM01,104.6
22569,A6,324600,22569,-0.1,-0.1,2015MM02,104.5
22570,A6,324600,22570,0.1,0.2,2015MM03,104.7
22571,A6,324600,22571,0.5,0.3,2015MM04,105.0
22572,A6,324600,22572,0.6,0.1,2015MM05,105.1
22573,A6,324600,22573,0.7,0.0,2015MM06,105.2
22574,A6,324600,22574,1.0,0.3,2015MM07,105.5
22575,A6,324600,22575,0.9,0.0,2015MM08,105.5
22576,A6,324600,22576,0.8,-0.1,2015MM09,105.4
22577,A6,324600,22577,0.5,-0.1,2015MM10,105.4
22578,A6,324600,22578,0.7,0.2,2015MM11,105.5
22579,A6,324600,22579,0.7,-0.1,2015MM12,105.5
22581,A6,324600,22581,1.1,0.3,2016MM01,105.8
22582,A6,324600,22582,1.3,0.1,2016MM02,105.9
22583,A6,324600,22583,1.2,0.1,2016MM03,105.9
22584,A6,324600,22584,-0.1,-1.0,2016MM04,104.9
22585,A6,324600,22585,0.0,0.2,2016MM05,105.1
22586,A6,324600,22586,0.2,0.2,2016MM06,105.3
22587,A6,324600,22587,0.4,0.6,2016MM07,105.9
22588,A6,324600,22588,0.5,0.1,2016MM08,106.0
22589,A6,324600,22589,0.6,0.0,2016MM09,106.0
22590,A6,324600,22590,0.7,0.0,2016MM10,106.1
22591,A6,324600,22591,0.6,0.1,2016MM11,106.2
22592,A6,324600,22592,0.8,0.1,2016MM12,106.3
22594,A6,324600,22594,0.8,0.3,2017MM01,106.6
22595,A6,324600,22595,0.9,0.2,2017MM02,106.8
22596,A6,324600,22596,1.0,0.2,2017MM03,107.0
22597,A6,324600,22597,2.5,0.5,2017MM04,107.6
22598,A6,324600,22598,2.3,0.0,2017MM05,107.5
22599,A6,324600,22599,2.0,-0.1,2017MM06,107.5
22600,A6,324600,22600,0.8,-0.7,2017MM07,106.8
22601,A6,324600,22601,0.9,0.2,2017MM08,107.0
22602,A6,324600,22602,0.7,-0.1,2017MM09,106.8
22603,A6,324600,22603,1.2,0.6,2017MM10,107.4
22604,A6,324600,22604,1.5,0.4,2017MM11,107.9
22605,A6,324600,22605,1.2,-0.3,2017MM12,107.5
