,Afzet,BedrijfstakkenBranchesSBI2008,ID,OntwikkelingTOV1JaarEerder_2,OntwikkelingTOV1MaandEerder_3,Perioden,ProducentenprijsindexPPI_1
54353,A4,324600,54353,1.45384615385,0.2,1981MM01,61.2
54354,A4,324600,54354,1.70769230769,0.7,1981MM02,61.6
54355,A4,324600,54355,1.96153846154,0.1,1981MM03,61.6
54356,A4,324600,54356,2.21538461538,0.1,1981MM04,61.7
54357,A4,324600,54357,2.46923076923,0.0,1981MM05,61.7
54358,A4,324600,54358,2.72307692308,0.0,1981MM06,61.7
54359,A4,324600,54359,2.97692307692,0.4,1981MM07,62.0
54360,A4,324600,54360,3.23076923077,0.7,1981MM08,62.4
54361,A4,324600,54361,3.48461538462,0.1,1981MM09,62.4
54362,A4,324600,54362,3.73846153846,0.3,1981MM10,62.6
54363,A4,324600,54363,3.99230769231,0.1,1981MM11,62.7
54364,A4,324600,54364,4.24615384615,0.0,1981MM12,62.7
54366,A4,324600,54366,4.5,2.1,1982MM01,63.9
54367,A4,324600,54367,5.1,1.2,1982MM02,64.7
54368,A4,324600,54368,5.1,0.1,1982MM03,64.8
54369,A4,324600,54369,4.8,-0.2,1982MM04,64.7
54370,A4,324600,54370,5.1,0.2,1982MM05,64.8
54371,A4,324600,54371,4.8,-0.3,1982MM06,64.6
54372,A4,324600,54372,4.3,0.0,1982MM07,64.6
54373,A4,324600,54373,3.6,0.0,1982MM08,64.6
54374,A4,324600,54374,3.5,0.0,1982MM09,64.6
54375,A4,324600,54375,3.1,0.0,1982MM10,64.6
54376,A4,324600,54376,2.9,-0.1,1982MM11,64.5
54377,A4,324600,54377,3.1,0.1,1982MM12,64.6
54379,A4,324600,54379,1.0,0.0,1983MM01,64.6
54380,A4,324600,54380,-0.3,-0.1,1983MM02,64.5
54381,A4,324600,54381,-0.4,0.1,1983MM03,64.6
54382,A4,324600,54382,0.1,0.3,1983MM04,64.8
54383,A4,324600,54383,-0.2,-0.1,1983MM05,64.7
54384,A4,324600,54384,0.1,0.0,1983MM06,64.7
54385,A4,324600,54385,0.0,-0.2,1983MM07,64.6
54386,A4,324600,54386,0.1,0.0,1983MM08,64.6
54387,A4,324600,54387,0.2,0.1,1983MM09,64.7
54388,A4,324600,54388,0.1,-0.1,1983MM10,64.7
54389,A4,324600,54389,0.1,-0.1,1983MM11,64.6
54390,A4,324600,54390,-0.1,-0.1,1983MM12,64.5
54392,A4,324600,54392,1.1,1.1,1984MM01,65.3
54393,A4,324600,54393,1.1,0.0,1984MM02,65.3
54394,A4,324600,54394,1.1,0.0,1984MM03,65.3
54395,A4,324600,54395,0.8,0.0,1984MM04,65.3
54396,A4,324600,54396,0.9,0.0,1984MM05,65.3
54397,A4,324600,54397,0.9,0.0,1984MM06,65.3
54398,A4,324600,54398,1.4,0.4,1984MM07,65.6
54399,A4,324600,54399,1.6,0.2,1984MM08,65.7
54400,A4,324600,54400,1.7,0.2,1984MM09,65.8
54401,A4,324600,54401,2.3,0.5,1984MM10,66.2
54402,A4,324600,54402,2.7,0.2,1984MM11,66.3
54403,A4,324600,54403,3.0,0.3,1984MM12,66.5
54405,A4,324600,54405,3.4,1.4,1985MM01,67.4
54406,A4,324600,54406,2.8,-0.5,1985MM02,67.1
54407,A4,324600,54407,3.4,0.6,1985MM03,67.5
54408,A4,324600,54408,3.7,0.3,1985MM04,67.7
54409,A4,324600,54409,3.8,0.1,1985MM05,67.8
54410,A4,324600,54410,3.9,0.1,1985MM06,67.9
54411,A4,324600,54411,3.6,0.1,1985MM07,67.9
54412,A4,324600,54412,3.0,-0.4,1985MM08,67.7
54413,A4,324600,54413,3.0,0.2,1985MM09,67.8
54414,A4,324600,54414,2.6,0.2,1985MM10,67.9
54415,A4,324600,54415,2.5,0.1,1985MM11,68.0
54416,A4,324600,54416,2.1,-0.1,1985MM12,67.9
54418,A4,324600,54418,0.8,0.2,1986MM01,68.0
54419,A4,324600,54419,2.8,1.4,1986MM02,69.0
54420,A4,324600,54420,1.9,-0.2,1986MM03,68.8
54421,A4,324600,54421,1.7,0.1,1986MM04,68.8
54422,A4,324600,54422,1.6,0.0,1986MM05,68.9
54423,A4,324600,54423,1.5,0.0,1986MM06,68.9
54424,A4,324600,54424,1.4,0.0,1986MM07,68.9
54425,A4,324600,54425,1.9,0.1,1986MM08,68.9
54426,A4,324600,54426,1.7,0.0,1986MM09,68.9
54427,A4,324600,54427,1.4,0.0,1986MM10,68.9
54428,A4,324600,54428,1.3,0.0,1986MM11,68.9
54429,A4,324600,54429,1.4,0.0,1986MM12,68.9
54431,A4,324600,54431,1.4,0.1,1987MM01,68.9
54432,A4,324600,54432,0.0,0.0,1987MM02,68.9
54433,A4,324600,54433,1.0,0.8,1987MM03,69.5
54434,A4,324600,54434,0.5,-0.4,1987MM04,69.2
54435,A4,324600,54435,0.7,0.2,1987MM05,69.4
54436,A4,324600,54436,0.8,0.1,1987MM06,69.4
54437,A4,324600,54437,0.9,0.1,1987MM07,69.5
54438,A4,324600,54438,0.9,0.1,1987MM08,69.5
54439,A4,324600,54439,0.9,-0.1,1987MM09,69.5
54440,A4,324600,54440,1.0,0.1,1987MM10,69.6
54441,A4,324600,54441,1.0,0.0,1987MM11,69.6
54442,A4,324600,54442,1.0,0.0,1987MM12,69.6
54444,A4,324600,54444,1.0,0.1,1988MM01,69.6
54445,A4,324600,54445,1.0,0.0,1988MM02,69.6
54446,A4,324600,54446,0.1,-0.1,1988MM03,69.6
54447,A4,324600,54447,1.8,1.3,1988MM04,70.4
54448,A4,324600,54448,1.0,-0.6,1988MM05,70.0
54449,A4,324600,54449,1.0,0.1,1988MM06,70.1
54450,A4,324600,54450,0.8,-0.1,1988MM07,70.0
54451,A4,324600,54451,1.2,0.4,1988MM08,70.4
54452,A4,324600,54452,1.0,-0.2,1988MM09,70.2
54453,A4,324600,54453,1.0,0.1,1988MM10,70.3
54454,A4,324600,54454,1.2,0.2,1988MM11,70.4
54455,A4,324600,54455,1.4,0.1,1988MM12,70.5
54457,A4,324600,54457,1.2,-0.1,1989MM01,70.5
54458,A4,324600,54458,1.2,0.0,1989MM02,70.4
54459,A4,324600,54459,1.3,0.0,1989MM03,70.4
54460,A4,324600,54460,0.2,0.2,1989MM04,70.6
54461,A4,324600,54461,2.5,1.7,1989MM05,71.8
54462,A4,324600,54462,1.6,-0.7,1989MM06,71.2
54463,A4,324600,54463,2.1,0.4,1989MM07,71.5
54464,A4,324600,54464,1.9,0.3,1989MM08,71.7
54465,A4,324600,54465,2.7,0.6,1989MM09,72.1
54466,A4,324600,54466,2.9,0.2,1989MM10,72.3
54467,A4,324600,54467,2.7,0.0,1989MM11,72.3
54468,A4,324600,54468,2.7,0.2,1989MM12,72.4
54470,A4,324600,54470,3.0,0.2,1990MM01,72.6
54471,A4,324600,54471,2.4,-0.5,1990MM02,72.2
54472,A4,324600,54472,3.1,0.7,1990MM03,72.6
54473,A4,324600,54473,2.9,0.0,1990MM04,72.6
54474,A4,324600,54474,1.6,0.4,1990MM05,72.9
54475,A4,324600,54475,2.6,0.2,1990MM06,73.1
54476,A4,324600,54476,2.3,0.1,1990MM07,73.1
54477,A4,324600,54477,2.2,0.2,1990MM08,73.3
54478,A4,324600,54478,1.5,-0.1,1990MM09,73.2
54479,A4,324600,54479,1.4,0.1,1990MM10,73.3
54480,A4,324600,54480,1.5,0.1,1990MM11,73.4
54481,A4,324600,54481,1.4,0.1,1990MM12,73.4
54483,A4,324600,54483,0.8,-0.4,1991MM01,73.2
54484,A4,324600,54484,3.7,2.3,1991MM02,74.9
54485,A4,324600,54485,2.6,-0.5,1991MM03,74.5
54486,A4,324600,54486,2.4,-0.1,1991MM04,74.4
54487,A4,324600,54487,2.3,0.2,1991MM05,74.6
54488,A4,324600,54488,2.3,0.2,1991MM06,74.8
54489,A4,324600,54489,2.3,0.1,1991MM07,74.8
54490,A4,324600,54490,2.2,0.0,1991MM08,74.9
54491,A4,324600,54491,2.2,0.0,1991MM09,74.8
54492,A4,324600,54492,2.1,0.0,1991MM10,74.8
54493,A4,324600,54493,2.0,0.1,1991MM11,74.9
54494,A4,324600,54494,2.0,0.0,1991MM12,74.9
54496,A4,324600,54496,2.3,-0.1,1992MM01,74.8
54497,A4,324600,54497,0.0,0.0,1992MM02,74.8
54498,A4,324600,54498,3.2,2.7,1992MM03,76.9
54499,A4,324600,54499,2.6,-0.7,1992MM04,76.4
54500,A4,324600,54500,2.7,0.3,1992MM05,76.6
54501,A4,324600,54501,2.6,0.1,1992MM06,76.7
54502,A4,324600,54502,2.8,0.3,1992MM07,76.9
54503,A4,324600,54503,2.8,0.0,1992MM08,76.9
54504,A4,324600,54504,2.8,0.0,1992MM09,77.0
54505,A4,324600,54505,2.9,0.0,1992MM10,77.0
54506,A4,324600,54506,2.9,0.0,1992MM11,77.0
54507,A4,324600,54507,2.9,0.1,1992MM12,77.1
54509,A4,324600,54509,3.2,0.2,1993MM01,77.2
54510,A4,324600,54510,3.2,0.0,1993MM02,77.2
54511,A4,324600,54511,0.4,0.0,1993MM03,77.2
54512,A4,324600,54512,3.3,2.2,1993MM04,78.9
54513,A4,324600,54513,2.3,-0.7,1993MM05,78.4
54514,A4,324600,54514,2.4,0.1,1993MM06,78.5
54515,A4,324600,54515,2.3,0.3,1993MM07,78.7
54516,A4,324600,54516,2.6,0.3,1993MM08,79.0
54517,A4,324600,54517,2.7,0.1,1993MM09,79.0
54518,A4,324600,54518,2.6,0.0,1993MM10,79.0
54519,A4,324600,54519,2.6,0.0,1993MM11,79.0
54520,A4,324600,54520,2.6,0.1,1993MM12,79.1
54522,A4,324600,54522,2.3,-0.1,1994MM01,79.0
54523,A4,324600,54523,2.1,-0.2,1994MM02,78.9
54524,A4,324600,54524,2.1,0.0,1994MM03,78.9
54525,A4,324600,54525,-0.1,0.0,1994MM04,78.9
54526,A4,324600,54526,2.3,1.7,1994MM05,80.2
54527,A4,324600,54527,1.6,-0.6,1994MM06,79.8
54528,A4,324600,54528,1.4,0.1,1994MM07,79.8
54529,A4,324600,54529,1.3,0.2,1994MM08,80.0
54530,A4,324600,54530,1.7,0.4,1994MM09,80.3
54531,A4,324600,54531,1.9,0.2,1994MM10,80.5
54532,A4,324600,54532,2.0,0.2,1994MM11,80.6
54533,A4,324600,54533,2.2,0.2,1994MM12,80.8
54535,A4,324600,54535,2.4,0.1,1995MM01,80.9
54536,A4,324600,54536,2.8,0.2,1995MM02,81.1
54537,A4,324600,54537,3.0,0.2,1995MM03,81.3
54538,A4,324600,54538,3.2,0.2,1995MM04,81.4
54539,A4,324600,54539,1.5,0.0,1995MM05,81.4
54540,A4,324600,54540,2.2,0.1,1995MM06,81.5
54541,A4,324600,54541,2.2,0.1,1995MM07,81.5
54542,A4,324600,54542,2.0,0.1,1995MM08,81.6
54543,A4,324600,54543,1.7,0.1,1995MM09,81.7
54544,A4,324600,54544,1.4,-0.2,1995MM10,81.6
54545,A4,324600,54545,1.2,0.0,1995MM11,81.6
54546,A4,324600,54546,1.0,0.1,1995MM12,81.6
54548,A4,324600,54548,0.4,-0.5,1996MM01,81.2
54549,A4,324600,54549,0.2,0.0,1996MM02,81.2
54550,A4,324600,54550,-0.1,-0.1,1996MM03,81.2
54551,A4,324600,54551,-0.7,-0.4,1996MM04,80.9
54552,A4,324600,54552,-0.7,0.0,1996MM05,80.9
54553,A4,324600,54553,-0.8,-0.1,1996MM06,80.8
54554,A4,324600,54554,-0.8,0.0,1996MM07,80.9
54555,A4,324600,54555,-0.9,0.0,1996MM08,80.9
54556,A4,324600,54556,-1.0,0.0,1996MM09,80.9
54557,A4,324600,54557,-0.9,0.0,1996MM10,80.9
54558,A4,324600,54558,-0.8,0.1,1996MM11,81.0
54559,A4,324600,54559,-0.7,0.1,1996MM12,81.1
54561,A4,324600,54561,-1.1,-0.9,1997MM01,80.3
54562,A4,324600,54562,-1.4,-0.3,1997MM02,80.1
54563,A4,324600,54563,-1.4,-0.1,1997MM03,80.1
54564,A4,324600,54564,-0.9,0.1,1997MM04,80.1
54565,A4,324600,54565,-1.0,0.0,1997MM05,80.1
54566,A4,324600,54566,-1.1,-0.2,1997MM06,79.9
54567,A4,324600,54567,-1.6,-0.4,1997MM07,79.6
54568,A4,324600,54568,-1.7,-0.1,1997MM08,79.5
54569,A4,324600,54569,-1.6,0.0,1997MM09,79.6
54570,A4,324600,54570,-1.8,-0.2,1997MM10,79.4
54571,A4,324600,54571,-1.9,0.0,1997MM11,79.4
54572,A4,324600,54572,-2.0,0.1,1997MM12,79.5
54574,A4,324600,54574,-0.6,0.5,1998MM01,79.9
54575,A4,324600,54575,-0.3,0.0,1998MM02,79.9
54576,A4,324600,54576,-0.1,0.1,1998MM03,80.0
54577,A4,324600,54577,-0.2,-0.1,1998MM04,79.9
54578,A4,324600,54578,-0.2,0.0,1998MM05,79.9
54579,A4,324600,54579,0.0,0.0,1998MM06,79.9
54580,A4,324600,54580,0.2,-0.2,1998MM07,79.7
54581,A4,324600,54581,0.4,0.1,1998MM08,79.8
54582,A4,324600,54582,0.5,0.1,1998MM09,80.0
54583,A4,324600,54583,0.6,0.0,1998MM10,79.9
54584,A4,324600,54584,0.8,0.2,1998MM11,80.1
54585,A4,324600,54585,0.7,0.0,1998MM12,80.1
54587,A4,324600,54587,0.7,0.5,1999MM01,80.4
54588,A4,324600,54588,0.7,0.0,1999MM02,80.4
54589,A4,324600,54589,0.6,0.1,1999MM03,80.5
54590,A4,324600,54590,0.5,-0.2,1999MM04,80.3
54591,A4,324600,54591,0.5,0.0,1999MM05,80.3
54592,A4,324600,54592,0.5,-0.1,1999MM06,80.3
54593,A4,324600,54593,0.5,-0.1,1999MM07,80.2
54594,A4,324600,54594,0.3,-0.1,1999MM08,80.1
54595,A4,324600,54595,0.0,-0.2,1999MM09,80.0
54596,A4,324600,54596,-0.2,-0.3,1999MM10,79.8
54597,A4,324600,54597,-0.6,-0.3,1999MM11,79.5
54598,A4,324600,54598,-0.8,-0.1,1999MM12,79.4
54600,A4,324600,54600,-0.9,0.4,2000MM01,79.7
54601,A4,324600,54601,-0.7,0.2,2000MM02,79.9
54602,A4,324600,54602,-0.7,0.1,2000MM03,79.9
54603,A4,324600,54603,0.1,0.6,2000MM04,80.4
54604,A4,324600,54604,0.0,0.0,2000MM05,80.3
54605,A4,324600,54605,0.1,0.0,2000MM06,80.4
54606,A4,324600,54606,1.2,1.0,2000MM07,81.1
54607,A4,324600,54607,1.2,-0.1,2000MM08,81.1
54608,A4,324600,54608,1.5,0.1,2000MM09,81.2
54609,A4,324600,54609,2.0,0.2,2000MM10,81.4
54610,A4,324600,54610,2.3,0.0,2000MM11,81.4
54611,A4,324600,54611,2.5,0.1,2000MM12,81.5
54613,A4,324600,54613,5.5,3.3,2001MM01,84.1
54614,A4,324600,54614,5.6,0.2,2001MM02,84.3
54615,A4,324600,54615,5.6,0.1,2001MM03,84.4
54616,A4,324600,54616,5.3,0.3,2001MM04,84.7
54617,A4,324600,54617,5.3,0.0,2001MM05,84.6
54618,A4,324600,54618,5.3,0.0,2001MM06,84.6
54619,A4,324600,54619,4.1,-0.2,2001MM07,84.5
54620,A4,324600,54620,4.2,0.0,2001MM08,84.5
54621,A4,324600,54621,4.1,0.0,2001MM09,84.5
54622,A4,324600,54622,4.0,0.2,2001MM10,84.6
54623,A4,324600,54623,4.0,0.0,2001MM11,84.6
54624,A4,324600,54624,3.9,0.0,2001MM12,84.6
54626,A4,324600,54626,2.3,1.7,2002MM01,86.0
54627,A4,324600,54627,2.1,0.1,2002MM02,86.1
54628,A4,324600,54628,2.0,0.1,2002MM03,86.1
54629,A4,324600,54629,1.9,0.2,2002MM04,86.3
54630,A4,324600,54630,2.0,0.0,2002MM05,86.3
54631,A4,324600,54631,2.0,0.1,2002MM06,86.4
54632,A4,324600,54632,2.5,0.3,2002MM07,86.6
54633,A4,324600,54633,2.4,0.0,2002MM08,86.6
54634,A4,324600,54634,2.4,0.0,2002MM09,86.6
54635,A4,324600,54635,2.2,-0.1,2002MM10,86.5
54636,A4,324600,54636,2.2,0.0,2002MM11,86.5
54637,A4,324600,54637,2.1,-0.1,2002MM12,86.4
54639,A4,324600,54639,1.3,0.9,2003MM01,87.2
54640,A4,324600,54640,1.5,0.2,2003MM02,87.3
54641,A4,324600,54641,1.4,0.0,2003MM03,87.4
54642,A4,324600,54642,1.1,-0.1,2003MM04,87.2
54643,A4,324600,54643,0.9,-0.1,2003MM05,87.1
54644,A4,324600,54644,0.9,0.0,2003MM06,87.1
54645,A4,324600,54645,0.2,-0.4,2003MM07,86.8
54646,A4,324600,54646,0.3,0.0,2003MM08,86.8
54647,A4,324600,54647,0.2,0.0,2003MM09,86.8
54648,A4,324600,54648,0.2,-0.1,2003MM10,86.7
54649,A4,324600,54649,0.2,-0.1,2003MM11,86.6
54650,A4,324600,54650,0.2,0.0,2003MM12,86.6
54652,A4,324600,54652,-2.5,-1.8,2004MM01,85.0
54653,A4,324600,54653,-2.7,-0.1,2004MM02,84.9
54654,A4,324600,54654,-2.9,-0.2,2004MM03,84.8
54655,A4,324600,54655,-3.0,-0.2,2004MM04,84.6
54656,A4,324600,54656,-2.8,0.0,2004MM05,84.6
54657,A4,324600,54657,-2.5,0.4,2004MM06,84.9
54658,A4,324600,54658,-2.2,-0.1,2004MM07,84.9
54659,A4,324600,54659,-2.2,0.0,2004MM08,84.9
54660,A4,324600,54660,-2.6,-0.4,2004MM09,84.6
54661,A4,324600,54661,-2.6,-0.1,2004MM10,84.5
54662,A4,324600,54662,-2.5,0.1,2004MM11,84.5
54663,A4,324600,54663,-2.6,-0.2,2004MM12,84.4
54665,A4,324600,54665,-2.19230769231,-0.05,2005MM01,84.7
54666,A4,324600,54666,-1.78461538462,0.1,2005MM02,84.7
54667,A4,324600,54667,-1.37692307692,-0.1,2005MM03,84.7
54668,A4,324600,54668,-0.969230769231,-0.3,2005MM04,84.5
54669,A4,324600,54669,-0.561538461538,0.1,2005MM05,84.5
54670,A4,324600,54670,-0.153846153846,0.0,2005MM06,84.5
54671,A4,324600,54671,0.253846153846,0.1,2005MM07,84.6
54672,A4,324600,54672,0.661538461538,0.2,2005MM08,84.8
54673,A4,324600,54673,1.06923076923,0.0,2005MM09,84.8
54674,A4,324600,54674,1.47692307692,0.5,2005MM10,85.2
54675,A4,324600,54675,1.88461538462,0.0,2005MM11,85.2
54676,A4,324600,54676,2.29230769231,0.1,2005MM12,85.2
54678,A4,324600,54678,2.7,2.1,2006MM01,87.0
54679,A4,324600,54679,2.6,0.0,2006MM02,87.0
54680,A4,324600,54680,2.9,0.2,2006MM03,87.2
54681,A4,324600,54681,3.5,0.2,2006MM04,87.4
54682,A4,324600,54682,3.4,0.0,2006MM05,87.4
54683,A4,324600,54683,3.4,0.0,2006MM06,87.4
54684,A4,324600,54684,3.6,0.3,2006MM07,87.6
54685,A4,324600,54685,3.5,0.1,2006MM08,87.7
54686,A4,324600,54686,3.7,0.2,2006MM09,87.9
54687,A4,324600,54687,3.7,0.5,2006MM10,88.3
54688,A4,324600,54688,3.8,0.1,2006MM11,88.4
54689,A4,324600,54689,3.6,-0.1,2006MM12,88.3
54691,A4,324600,54691,5.3,3.8,2007MM01,91.6
54692,A4,324600,54692,5.4,0.1,2007MM02,91.7
54693,A4,324600,54693,5.3,0.1,2007MM03,91.8
54694,A4,324600,54694,6.3,1.2,2007MM04,92.9
54695,A4,324600,54695,6.4,0.1,2007MM05,93.0
54696,A4,324600,54696,6.5,0.1,2007MM06,93.1
54697,A4,324600,54697,6.6,0.3,2007MM07,93.4
54698,A4,324600,54698,6.6,0.1,2007MM08,93.5
54699,A4,324600,54699,6.4,0.1,2007MM09,93.5
54700,A4,324600,54700,6.1,0.2,2007MM10,93.7
54701,A4,324600,54701,6.3,0.3,2007MM11,94.0
54702,A4,324600,54702,6.5,0.0,2007MM12,94.0
54704,A4,324600,54704,5.6,2.9,2008MM01,96.7
54705,A4,324600,54705,5.4,-0.1,2008MM02,96.6
54706,A4,324600,54706,5.3,0.0,2008MM03,96.6
54707,A4,324600,54707,4.6,0.6,2008MM04,97.2
54708,A4,324600,54708,4.6,0.1,2008MM05,97.3
54709,A4,324600,54709,4.7,0.2,2008MM06,97.5
54710,A4,324600,54710,6.0,1.5,2008MM07,99.0
54711,A4,324600,54711,6.2,0.3,2008MM08,99.3
54712,A4,324600,54712,6.2,0.0,2008MM09,99.3
54713,A4,324600,54713,6.4,0.4,2008MM10,99.7
54714,A4,324600,54714,5.4,-0.6,2008MM11,99.1
54715,A4,324600,54715,4.7,-0.6,2008MM12,98.5
54717,A4,324600,54717,4.2,2.4,2009MM01,100.8
54718,A4,324600,54718,4.0,-0.3,2009MM02,100.5
54719,A4,324600,54719,4.3,0.2,2009MM03,100.7
54720,A4,324600,54720,3.1,-0.6,2009MM04,100.2
54721,A4,324600,54721,3.0,0.0,2009MM05,100.2
54722,A4,324600,54722,2.7,-0.1,2009MM06,100.1
54723,A4,324600,54723,0.4,-0.7,2009MM07,99.4
54724,A4,324600,54724,0.2,0.1,2009MM08,99.5
54725,A4,324600,54725,0.4,0.2,2009MM09,99.8
54726,A4,324600,54726,-0.5,-0.5,2009MM10,99.2
54727,A4,324600,54727,0.2,0.0,2009MM11,99.3
54728,A4,324600,54728,0.9,0.0,2009MM12,99.3
54730,A4,324600,54730,-1.1,0.4,2010MM01,99.7
54731,A4,324600,54731,-0.8,0.0,2010MM02,99.7
54732,A4,324600,54732,-1.1,-0.1,2010MM03,99.6
54733,A4,324600,54733,-0.2,0.3,2010MM04,99.9
54734,A4,324600,54734,-0.1,0.2,2010MM05,100.1
54735,A4,324600,54735,-0.2,-0.2,2010MM06,99.9
54736,A4,324600,54736,0.9,0.4,2010MM07,100.3
54737,A4,324600,54737,0.6,-0.1,2010MM08,100.2
54738,A4,324600,54738,0.3,-0.1,2010MM09,100.1
54739,A4,324600,54739,0.8,0.0,2010MM10,100.0
54740,A4,324600,54740,0.8,0.1,2010MM11,100.1
54741,A4,324600,54741,0.9,0.1,2010MM12,100.3
54743,A4,324600,54743,1.7,1.1,2011MM01,101.4
54744,A4,324600,54744,1.7,0.1,2011MM02,101.4
54745,A4,324600,54745,1.9,0.1,2011MM03,101.5
54746,A4,324600,54746,2.7,1.0,2011MM04,102.6
54747,A4,324600,54747,2.5,0.0,2011MM05,102.6
54748,A4,324600,54748,2.6,0.0,2011MM06,102.6
54749,A4,324600,54749,2.6,0.3,2011MM07,102.9
54750,A4,324600,54750,2.7,0.0,2011MM08,102.9
54751,A4,324600,54751,2.8,0.0,2011MM09,102.9
54752,A4,324600,54752,3.0,0.1,2011MM10,103.0
54753,A4,324600,54753,2.9,0.0,2011MM11,103.0
54754,A4,324600,54754,2.7,0.0,2011MM12,103.0
54756,A4,324600,54756,3.5,1.8,2012MM01,104.9
54757,A4,324600,54757,3.8,0.4,2012MM02,105.3
54758,A4,324600,54758,3.9,0.2,2012MM03,105.5
54759,A4,324600,54759,2.9,0.0,2012MM04,105.6
54760,A4,324600,54760,2.9,0.0,2012MM05,105.6
54761,A4,324600,54761,2.9,0.0,2012MM06,105.5
54762,A4,324600,54762,2.4,-0.2,2012MM07,105.4
54763,A4,324600,54763,2.6,0.2,2012MM08,105.6
54764,A4,324600,54764,2.7,0.1,2012MM09,105.7
54765,A4,324600,54765,2.6,0.0,2012MM10,105.7
54766,A4,324600,54766,2.5,-0.1,2012MM11,105.6
54767,A4,324600,54767,2.4,-0.1,2012MM12,105.5
54769,A4,324600,54769,0.4,-0.2,2013MM01,105.3
54770,A4,324600,54770,0.1,0.2,2013MM02,105.4
54771,A4,324600,54771,-0.1,0.0,2013MM03,105.5
54772,A4,324600,54772,0.0,0.1,2013MM04,105.5
54773,A4,324600,54773,-0.1,-0.1,2013MM05,105.5
54774,A4,324600,54774,-0.1,0.0,2013MM06,105.5
54775,A4,324600,54775,-0.2,-0.3,2013MM07,105.2
54776,A4,324600,54776,-0.3,0.0,2013MM08,105.2
54777,A4,324600,54777,-0.5,-0.1,2013MM09,105.1
54778,A4,324600,54778,-0.6,0.0,2013MM10,105.1
54779,A4,324600,54779,-0.5,0.0,2013MM11,105.0
54780,A4,324600,54780,-0.4,0.0,2013MM12,105.0
54782,A4,324600,54782,0.0,0.2,2014MM01,105.3
54783,A4,324600,54783,-0.3,-0.1,2014MM02,105.1
54784,A4,324600,54784,-0.3,0.0,2014MM03,105.1
54785,A4,324600,54785,-0.3,0.1,2014MM04,105.2
54786,A4,324600,54786,-0.3,0.0,2014MM05,105.2
54787,A4,324600,54787,-0.3,0.0,2014MM06,105.2
54788,A4,324600,54788,0.1,0.1,2014MM07,105.3
54789,A4,324600,54789,0.2,0.1,2014MM08,105.4
54790,A4,324600,54790,0.3,0.0,2014MM09,105.4
54791,A4,324600,54791,0.4,0.1,2014MM10,105.5
54792,A4,324600,54792,0.4,-0.1,2014MM11,105.4
54793,A4,324600,54793,0.3,-0.1,2014MM12,105.3
54795,A4,324600,54795,-0.1,-0.1,2015MM01,105.2
54796,A4,324600,54796,-0.1,-0.2,2015MM02,105.0
54797,A4,324600,54797,0.1,0.2,2015MM03,105.2
54798,A4,324600,54798,0.2,0.2,2015MM04,105.4
54799,A4,324600,54799,0.4,0.1,2015MM05,105.6
54800,A4,324600,54800,0.4,0.1,2015MM06,105.7
54801,A4,324600,54801,0.6,0.2,2015MM07,105.9
54802,A4,324600,54802,0.4,0.0,2015MM08,105.9
54803,A4,324600,54803,0.3,-0.1,2015MM09,105.8
54804,A4,324600,54804,0.2,-0.1,2015MM10,105.7
54805,A4,324600,54805,0.5,0.2,2015MM11,105.9
54806,A4,324600,54806,0.5,-0.1,2015MM12,105.9
54808,A4,324600,54808,1.1,0.4,2016MM01,106.3
54809,A4,324600,54809,1.2,0.0,2016MM02,106.3
54810,A4,324600,54810,1.2,0.1,2016MM03,106.4
54811,A4,324600,54811,-0.3,-1.2,2016MM04,105.1
54812,A4,324600,54812,-0.2,0.2,2016MM05,105.4
54813,A4,324600,54813,0.0,0.2,2016MM06,105.6
54814,A4,324600,54814,0.3,0.6,2016MM07,106.2
54815,A4,324600,54815,0.5,0.1,2016MM08,106.3
54816,A4,324600,54816,0.5,0.0,2016MM09,106.4
54817,A4,324600,54817,0.8,0.1,2016MM10,106.5
54818,A4,324600,54818,0.7,0.2,2016MM11,106.7
54819,A4,324600,54819,0.8,0.0,2016MM12,106.8
54821,A4,324600,54821,0.5,0.1,2017MM01,106.9
54822,A4,324600,54822,0.9,0.4,2017MM02,107.3
54823,A4,324600,54823,1.0,0.3,2017MM03,107.5
54824,A4,324600,54824,2.8,0.5,2017MM04,108.1
54825,A4,324600,54825,2.6,0.0,2017MM05,108.1
54826,A4,324600,54826,2.2,-0.1,2017MM06,108.0
54827,A4,324600,54827,0.9,-0.8,2017MM07,107.2
54828,A4,324600,54828,1.0,0.3,2017MM08,107.5
54829,A4,324600,54829,0.8,-0.2,2017MM09,107.3
54830,A4,324600,54830,1.4,0.6,2017MM10,108.0
54831,A4,324600,54831,1.7,0.5,2017MM11,108.5
54832,A4,324600,54832,1.3,-0.4,2017MM12,108.1
