,Afzet,BedrijfstakkenBranchesSBI2008,ID,OntwikkelingTOV1JaarEerder_2,OntwikkelingTOV1MaandEerder_3,Perioden,ProducentenprijsindexPPI_1
86580,A5,324600,86580,1.92307692308,0.4,1981MM01,71.0
86581,A5,324600,86581,2.54615384615,1.2,1981MM02,71.8
86582,A5,324600,86582,3.16923076923,1.5,1981MM03,72.9
86583,A5,324600,86583,3.79230769231,1.2,1981MM04,73.7
86584,A5,324600,86584,4.41538461538,0.2,1981MM05,73.9
86585,A5,324600,86585,5.03846153846,0.2,1981MM06,74.0
86586,A5,324600,86586,5.66153846154,2.7,1981MM07,76.0
86587,A5,324600,86587,6.28461538462,0.2,1981MM08,76.1
86588,A5,324600,86588,6.90769230769,0.2,1981MM09,76.3
86589,A5,324600,86589,7.53076923077,-0.2,1981MM10,76.1
86590,A5,324600,86590,8.15384615385,-0.5,1981MM11,75.8
86591,A5,324600,86591,8.77692307692,-0.3,1981MM12,75.6
86593,A5,324600,86593,9.4,2.8,1982MM01,77.7
86594,A5,324600,86594,9.1,0.9,1982MM02,78.3
86595,A5,324600,86595,7.5,0.0,1982MM03,78.4
86596,A5,324600,86596,6.4,0.1,1982MM04,78.4
86597,A5,324600,86597,6.2,0.0,1982MM05,78.4
86598,A5,324600,86598,5.9,0.0,1982MM06,78.4
86599,A5,324600,86599,3.2,0.0,1982MM07,78.4
86600,A5,324600,86600,2.9,-0.1,1982MM08,78.3
86601,A5,324600,86601,1.8,-0.8,1982MM09,77.7
86602,A5,324600,86602,1.4,-0.6,1982MM10,77.2
86603,A5,324600,86603,1.8,-0.1,1982MM11,77.1
86604,A5,324600,86604,2.1,0.1,1982MM12,77.1
86606,A5,324600,86606,1.7,2.4,1983MM01,79.0
86607,A5,324600,86607,0.7,-0.2,1983MM02,78.8
86608,A5,324600,86608,0.8,0.1,1983MM03,79.0
86609,A5,324600,86609,1.3,0.6,1983MM04,79.4
86610,A5,324600,86610,1.3,0.1,1983MM05,79.5
86611,A5,324600,86611,1.4,0.1,1983MM06,79.5
86612,A5,324600,86612,1.2,-0.2,1983MM07,79.4
86613,A5,324600,86613,1.6,0.2,1983MM08,79.5
86614,A5,324600,86614,2.0,-0.3,1983MM09,79.2
86615,A5,324600,86615,2.6,-0.1,1983MM10,79.2
86616,A5,324600,86616,2.3,-0.4,1983MM11,78.9
86617,A5,324600,86617,2.4,0.1,1983MM12,79.0
86619,A5,324600,86619,-1.1,-1.1,1984MM01,78.1
86620,A5,324600,86620,-0.5,0.4,1984MM02,78.5
86621,A5,324600,86621,-0.8,-0.2,1984MM03,78.3
86622,A5,324600,86622,-1.3,0.0,1984MM04,78.4
86623,A5,324600,86623,-1.1,0.3,1984MM05,78.6
86624,A5,324600,86624,-0.4,0.8,1984MM06,79.2
86625,A5,324600,86625,0.0,0.2,1984MM07,79.3
86626,A5,324600,86626,-0.3,-0.1,1984MM08,79.2
86627,A5,324600,86627,0.4,0.4,1984MM09,79.6
86628,A5,324600,86628,1.6,1.0,1984MM10,80.4
86629,A5,324600,86629,2.1,0.1,1984MM11,80.5
86630,A5,324600,86630,2.4,0.4,1984MM12,80.9
86632,A5,324600,86632,4.7,1.2,1985MM01,81.8
86633,A5,324600,86633,3.4,-0.8,1985MM02,81.2
86634,A5,324600,86634,4.0,0.4,1985MM03,81.4
86635,A5,324600,86635,4.1,0.1,1985MM04,81.5
86636,A5,324600,86636,4.0,0.3,1985MM05,81.8
86637,A5,324600,86637,3.6,0.4,1985MM06,82.1
86638,A5,324600,86638,3.6,0.1,1985MM07,82.2
86639,A5,324600,86639,3.6,-0.1,1985MM08,82.1
86640,A5,324600,86640,4.0,0.9,1985MM09,82.8
86641,A5,324600,86641,3.3,0.4,1985MM10,83.1
86642,A5,324600,86642,2.9,-0.3,1985MM11,82.8
86643,A5,324600,86643,2.4,0.0,1985MM12,82.8
86645,A5,324600,86645,1.3,0.0,1986MM01,82.9
86646,A5,324600,86646,2.4,0.2,1986MM02,83.1
86647,A5,324600,86647,2.3,0.3,1986MM03,83.3
86648,A5,324600,86648,2.1,-0.1,1986MM04,83.2
86649,A5,324600,86649,1.8,0.0,1986MM05,83.2
86650,A5,324600,86650,1.5,0.1,1986MM06,83.3
86651,A5,324600,86651,1.2,-0.2,1986MM07,83.1
86652,A5,324600,86652,1.2,-0.1,1986MM08,83.1
86653,A5,324600,86653,0.0,-0.3,1986MM09,82.8
86654,A5,324600,86654,-0.3,0.0,1986MM10,82.8
86655,A5,324600,86655,0.1,0.1,1986MM11,82.9
86656,A5,324600,86656,-0.2,-0.3,1986MM12,82.7
86658,A5,324600,86658,-0.3,0.0,1987MM01,82.7
86659,A5,324600,86659,-0.4,0.0,1987MM02,82.7
86660,A5,324600,86660,-0.6,0.1,1987MM03,82.8
86661,A5,324600,86661,-0.6,-0.1,1987MM04,82.7
86662,A5,324600,86662,-0.7,-0.1,1987MM05,82.7
86663,A5,324600,86663,-0.6,0.2,1987MM06,82.8
86664,A5,324600,86664,-0.4,0.0,1987MM07,82.8
86665,A5,324600,86665,0.0,0.3,1987MM08,83.1
86666,A5,324600,86666,0.1,-0.2,1987MM09,82.9
86667,A5,324600,86667,-0.1,-0.2,1987MM10,82.7
86668,A5,324600,86668,-0.1,0.1,1987MM11,82.8
86669,A5,324600,86669,0.3,0.1,1987MM12,82.9
86671,A5,324600,86671,0.5,0.2,1988MM01,83.0
86672,A5,324600,86672,0.2,-0.2,1988MM02,82.9
86673,A5,324600,86673,0.0,-0.1,1988MM03,82.8
86674,A5,324600,86674,0.2,0.1,1988MM04,82.9
86675,A5,324600,86675,0.0,-0.3,1988MM05,82.6
86676,A5,324600,86676,0.3,0.4,1988MM06,83.0
86677,A5,324600,86677,0.0,-0.3,1988MM07,82.8
86678,A5,324600,86678,-0.4,0.0,1988MM08,82.7
86679,A5,324600,86679,-0.3,-0.1,1988MM09,82.7
86680,A5,324600,86680,0.0,0.0,1988MM10,82.7
86681,A5,324600,86681,-0.1,0.0,1988MM11,82.7
86682,A5,324600,86682,-0.2,0.0,1988MM12,82.7
86684,A5,324600,86684,-0.1,0.2,1989MM01,82.9
86685,A5,324600,86685,0.2,0.1,1989MM02,83.0
86686,A5,324600,86686,0.2,-0.1,1989MM03,82.9
86687,A5,324600,86687,-0.2,-0.3,1989MM04,82.7
86688,A5,324600,86688,0.7,0.6,1989MM05,83.2
86689,A5,324600,86689,-0.1,-0.4,1989MM06,82.9
86690,A5,324600,86690,0.4,0.2,1989MM07,83.1
86691,A5,324600,86691,0.2,-0.2,1989MM08,82.9
86692,A5,324600,86692,0.8,0.5,1989MM09,83.3
86693,A5,324600,86693,0.7,-0.1,1989MM10,83.2
86694,A5,324600,86694,1.2,0.5,1989MM11,83.7
86695,A5,324600,86695,1.2,0.0,1989MM12,83.7
86697,A5,324600,86697,0.7,-0.2,1990MM01,83.5
86698,A5,324600,86698,0.1,-0.5,1990MM02,83.1
86699,A5,324600,86699,0.2,0.0,1990MM03,83.1
86700,A5,324600,86700,1.0,0.5,1990MM04,83.5
86701,A5,324600,86701,0.4,0.0,1990MM05,83.5
86702,A5,324600,86702,0.8,0.1,1990MM06,83.6
86703,A5,324600,86703,0.6,0.0,1990MM07,83.6
86704,A5,324600,86704,0.9,0.1,1990MM08,83.7
86705,A5,324600,86705,0.8,0.3,1990MM09,84.0
86706,A5,324600,86706,1.2,0.3,1990MM10,84.2
86707,A5,324600,86707,1.0,0.3,1990MM11,84.5
86708,A5,324600,86708,0.9,-0.1,1990MM12,84.5
86710,A5,324600,86710,0.9,-0.2,1991MM01,84.3
86711,A5,324600,86711,0.8,-0.7,1991MM02,83.8
86712,A5,324600,86712,0.7,-0.1,1991MM03,83.7
86713,A5,324600,86713,0.0,-0.2,1991MM04,83.5
86714,A5,324600,86714,0.3,0.3,1991MM05,83.8
86715,A5,324600,86715,0.4,0.2,1991MM06,83.9
86716,A5,324600,86716,0.2,-0.2,1991MM07,83.8
86717,A5,324600,86717,0.2,0.1,1991MM08,83.8
86718,A5,324600,86718,-0.1,0.1,1991MM09,83.9
86719,A5,324600,86719,-0.8,-0.4,1991MM10,83.6
86720,A5,324600,86720,-1.2,-0.1,1991MM11,83.5
86721,A5,324600,86721,-0.8,0.4,1991MM12,83.8
86723,A5,324600,86723,-0.9,-0.2,1992MM01,83.6
86724,A5,324600,86724,-0.2,0.0,1992MM02,83.6
86725,A5,324600,86725,1.7,1.8,1992MM03,85.1
86726,A5,324600,86726,1.4,-0.5,1992MM04,84.7
86727,A5,324600,86727,0.8,-0.2,1992MM05,84.5
86728,A5,324600,86728,1.1,0.4,1992MM06,84.9
86729,A5,324600,86729,1.5,0.2,1992MM07,85.0
86730,A5,324600,86730,1.6,0.2,1992MM08,85.2
86731,A5,324600,86731,1.6,0.1,1992MM09,85.2
86732,A5,324600,86732,2.5,0.5,1992MM10,85.7
86733,A5,324600,86733,2.2,-0.4,1992MM11,85.3
86734,A5,324600,86734,1.6,-0.2,1992MM12,85.1
86736,A5,324600,86736,2.2,0.4,1993MM01,85.4
86737,A5,324600,86737,1.9,-0.3,1993MM02,85.2
86738,A5,324600,86738,0.1,0.0,1993MM03,85.2
86739,A5,324600,86739,0.4,-0.1,1993MM04,85.1
86740,A5,324600,86740,1.9,1.2,1993MM05,86.1
86741,A5,324600,86741,0.6,-0.8,1993MM06,85.3
86742,A5,324600,86742,0.7,0.3,1993MM07,85.6
86743,A5,324600,86743,0.0,-0.5,1993MM08,85.2
86744,A5,324600,86744,-0.4,-0.4,1993MM09,84.9
86745,A5,324600,86745,-1.0,-0.1,1993MM10,84.8
86746,A5,324600,86746,-0.2,0.4,1993MM11,85.1
86747,A5,324600,86747,-0.1,-0.1,1993MM12,85.0
86749,A5,324600,86749,-0.8,-0.3,1994MM01,84.8
86750,A5,324600,86750,-0.2,0.3,1994MM02,85.0
86751,A5,324600,86751,-0.8,-0.6,1994MM03,84.5
86752,A5,324600,86752,-0.6,0.1,1994MM04,84.5
86753,A5,324600,86753,-1.4,0.4,1994MM05,84.8
86754,A5,324600,86754,-0.6,0.0,1994MM06,84.8
86755,A5,324600,86755,-0.6,0.4,1994MM07,85.1
86756,A5,324600,86756,-0.5,-0.4,1994MM08,84.8
86757,A5,324600,86757,-0.4,-0.3,1994MM09,84.5
86758,A5,324600,86758,0.0,0.3,1994MM10,84.8
86759,A5,324600,86759,-0.9,-0.5,1994MM11,84.3
86760,A5,324600,86760,-0.3,0.5,1994MM12,84.7
86762,A5,324600,86762,0.0,0.1,1995MM01,84.8
86763,A5,324600,86763,0.5,0.7,1995MM02,85.4
86764,A5,324600,86764,0.9,-0.2,1995MM03,85.2
86765,A5,324600,86765,1.8,0.9,1995MM04,86.0
86766,A5,324600,86766,1.3,-0.1,1995MM05,85.9
86767,A5,324600,86767,1.3,0.0,1995MM06,85.9
86768,A5,324600,86768,1.2,0.3,1995MM07,86.1
86769,A5,324600,86769,2.2,0.5,1995MM08,86.6
86770,A5,324600,86770,1.5,-0.9,1995MM09,85.8
86771,A5,324600,86771,1.4,0.2,1995MM10,86.0
86772,A5,324600,86772,1.9,-0.1,1995MM11,85.9
86773,A5,324600,86773,1.6,0.2,1995MM12,86.1
86775,A5,324600,86775,1.7,0.2,1996MM01,86.3
86776,A5,324600,86776,1.9,0.9,1996MM02,87.1
86777,A5,324600,86777,1.6,-0.5,1996MM03,86.6
86778,A5,324600,86778,0.2,-0.5,1996MM04,86.2
86779,A5,324600,86779,0.6,0.3,1996MM05,86.4
86780,A5,324600,86780,0.0,-0.6,1996MM06,85.9
86781,A5,324600,86781,-0.4,-0.1,1996MM07,85.8
86782,A5,324600,86782,-0.8,0.1,1996MM08,85.9
86783,A5,324600,86783,0.2,0.1,1996MM09,86.0
86784,A5,324600,86784,-0.4,-0.4,1996MM10,85.7
86785,A5,324600,86785,-0.5,-0.2,1996MM11,85.5
86786,A5,324600,86786,-1.2,-0.5,1996MM12,85.1
86788,A5,324600,86788,-1.9,-0.4,1997MM01,84.7
86789,A5,324600,86789,-3.5,-0.7,1997MM02,84.1
86790,A5,324600,86790,-2.6,0.4,1997MM03,84.4
86791,A5,324600,86791,-2.7,-0.6,1997MM04,83.9
86792,A5,324600,86792,-2.5,0.5,1997MM05,84.3
86793,A5,324600,86793,-1.8,0.1,1997MM06,84.4
86794,A5,324600,86794,-2.7,-1.1,1997MM07,83.5
86795,A5,324600,86795,-2.8,0.1,1997MM08,83.5
86796,A5,324600,86796,-2.9,0.0,1997MM09,83.5
86797,A5,324600,86797,-2.6,-0.1,1997MM10,83.4
86798,A5,324600,86798,-2.4,0.0,1997MM11,83.4
86799,A5,324600,86799,-2.1,-0.2,1997MM12,83.3
86801,A5,324600,86801,-2.3,-0.6,1998MM01,82.7
86802,A5,324600,86802,-1.4,0.2,1998MM02,82.9
86803,A5,324600,86803,-1.7,0.0,1998MM03,82.9
86804,A5,324600,86804,-1.4,-0.3,1998MM04,82.7
86805,A5,324600,86805,-1.8,0.0,1998MM05,82.8
86806,A5,324600,86806,-1.7,0.2,1998MM06,82.9
86807,A5,324600,86807,-0.6,0.1,1998MM07,83.0
86808,A5,324600,86808,-0.9,-0.2,1998MM08,82.8
86809,A5,324600,86809,-1.2,-0.4,1998MM09,82.5
86810,A5,324600,86810,-0.7,0.4,1998MM10,82.9
86811,A5,324600,86811,-0.5,0.1,1998MM11,83.0
86812,A5,324600,86812,-0.7,-0.4,1998MM12,82.7
86814,A5,324600,86814,-0.9,-0.8,1999MM01,82.0
86815,A5,324600,86815,-1.8,-0.7,1999MM02,81.5
86816,A5,324600,86816,-1.8,0.0,1999MM03,81.5
86817,A5,324600,86817,-1.2,0.3,1999MM04,81.8
86818,A5,324600,86818,-1.5,-0.3,1999MM05,81.5
86819,A5,324600,86819,-1.7,0.0,1999MM06,81.5
86820,A5,324600,86820,-1.5,0.3,1999MM07,81.7
86821,A5,324600,86821,-1.3,0.1,1999MM08,81.8
86822,A5,324600,86822,-1.1,-0.1,1999MM09,81.6
86823,A5,324600,86823,-1.3,0.2,1999MM10,81.8
86824,A5,324600,86824,-1.3,0.2,1999MM11,81.9
86825,A5,324600,86825,-0.5,0.4,1999MM12,82.2
86827,A5,324600,86827,-0.8,-1.1,2000MM01,81.4
86828,A5,324600,86828,0.0,0.1,2000MM02,81.4
86829,A5,324600,86829,0.0,0.0,2000MM03,81.5
86830,A5,324600,86830,0.2,0.5,2000MM04,81.9
86831,A5,324600,86831,0.6,0.1,2000MM05,82.0
86832,A5,324600,86832,0.9,0.3,2000MM06,82.2
86833,A5,324600,86833,1.4,0.8,2000MM07,82.9
86834,A5,324600,86834,1.6,0.2,2000MM08,83.1
86835,A5,324600,86835,1.8,0.1,2000MM09,83.1
86836,A5,324600,86836,1.9,0.3,2000MM10,83.4
86837,A5,324600,86837,1.8,0.0,2000MM11,83.4
86838,A5,324600,86838,1.4,-0.1,2000MM12,83.4
86840,A5,324600,86840,4.6,2.1,2001MM01,85.1
86841,A5,324600,86841,4.5,0.0,2001MM02,85.1
86842,A5,324600,86842,5.0,0.5,2001MM03,85.6
86843,A5,324600,86843,4.6,0.1,2001MM04,85.7
86844,A5,324600,86844,4.7,0.2,2001MM05,85.8
86845,A5,324600,86845,4.1,-0.2,2001MM06,85.6
86846,A5,324600,86846,3.5,0.2,2001MM07,85.7
86847,A5,324600,86847,3.2,-0.1,2001MM08,85.7
86848,A5,324600,86848,3.1,0.0,2001MM09,85.7
86849,A5,324600,86849,2.7,0.0,2001MM10,85.7
86850,A5,324600,86850,2.7,0.0,2001MM11,85.7
86851,A5,324600,86851,2.8,0.0,2001MM12,85.7
86853,A5,324600,86853,0.9,0.2,2002MM01,85.8
86854,A5,324600,86854,0.8,0.0,2002MM02,85.9
86855,A5,324600,86855,0.3,0.0,2002MM03,85.9
86856,A5,324600,86856,0.3,0.1,2002MM04,85.9
86857,A5,324600,86857,0.4,0.2,2002MM05,86.1
86858,A5,324600,86858,0.6,0.0,2002MM06,86.1
86859,A5,324600,86859,-0.1,-0.5,2002MM07,85.7
86860,A5,324600,86860,0.5,0.5,2002MM08,86.1
86861,A5,324600,86861,0.1,-0.4,2002MM09,85.7
86862,A5,324600,86862,-0.2,-0.2,2002MM10,85.5
86863,A5,324600,86863,-0.3,-0.1,2002MM11,85.4
86864,A5,324600,86864,-0.3,0.0,2002MM12,85.4
86866,A5,324600,86866,-0.3,0.2,2003MM01,85.6
86867,A5,324600,86867,-0.3,0.0,2003MM02,85.6
86868,A5,324600,86868,-0.2,0.1,2003MM03,85.7
86869,A5,324600,86869,-0.8,-0.4,2003MM04,85.3
86870,A5,324600,86870,-0.9,0.1,2003MM05,85.3
86871,A5,324600,86871,-1.9,-1.0,2003MM06,84.5
86872,A5,324600,86872,-1.4,-0.1,2003MM07,84.5
86873,A5,324600,86873,-1.6,0.2,2003MM08,84.7
86874,A5,324600,86874,-1.6,-0.4,2003MM09,84.3
86875,A5,324600,86875,-1.4,0.0,2003MM10,84.3
86876,A5,324600,86876,-1.2,0.1,2003MM11,84.4
86877,A5,324600,86877,-1.2,0.0,2003MM12,84.4
86879,A5,324600,86879,-2.3,-0.9,2004MM01,83.6
86880,A5,324600,86880,-1.9,0.5,2004MM02,84.0
86881,A5,324600,86881,-2.3,-0.3,2004MM03,83.7
86882,A5,324600,86882,-1.8,0.1,2004MM04,83.8
86883,A5,324600,86883,-1.6,0.3,2004MM05,84.0
86884,A5,324600,86884,-0.7,-0.1,2004MM06,84.0
86885,A5,324600,86885,-0.6,0.0,2004MM07,83.9
86886,A5,324600,86886,-0.4,0.5,2004MM08,84.3
86887,A5,324600,86887,-0.2,-0.2,2004MM09,84.2
86888,A5,324600,86888,-0.5,-0.4,2004MM10,83.9
86889,A5,324600,86889,-0.7,-0.1,2004MM11,83.8
86890,A5,324600,86890,-0.8,-0.1,2004MM12,83.7
86892,A5,324600,86892,-0.753846153846,-0.1,2005MM01,85.3
86893,A5,324600,86893,-0.707692307692,-0.1,2005MM02,85.2
86894,A5,324600,86894,-0.661538461538,-0.1,2005MM03,85.1
86895,A5,324600,86895,-0.615384615385,0.0,2005MM04,85.1
86896,A5,324600,86896,-0.569230769231,0.0,2005MM05,85.1
86897,A5,324600,86897,-0.523076923077,0.1,2005MM06,85.1
86898,A5,324600,86898,-0.476923076923,0.5,2005MM07,85.6
86899,A5,324600,86899,-0.430769230769,0.0,2005MM08,85.5
86900,A5,324600,86900,-0.384615384615,-0.1,2005MM09,85.5
86901,A5,324600,86901,-0.338461538462,-0.6,2005MM10,84.9
86902,A5,324600,86902,-0.292307692308,-0.1,2005MM11,84.9
86903,A5,324600,86903,-0.246153846154,-0.1,2005MM12,84.8
86905,A5,324600,86905,-0.2,0.4,2006MM01,85.1
86906,A5,324600,86906,0.5,0.5,2006MM02,85.6
86907,A5,324600,86907,0.7,0.1,2006MM03,85.7
86908,A5,324600,86908,1.1,0.4,2006MM04,86.0
86909,A5,324600,86909,1.0,-0.1,2006MM05,86.0
86910,A5,324600,86910,1.2,0.2,2006MM06,86.2
86911,A5,324600,86911,1.3,0.6,2006MM07,86.7
86912,A5,324600,86912,1.3,0.0,2006MM08,86.7
86913,A5,324600,86913,1.4,0.0,2006MM09,86.7
86914,A5,324600,86914,3.1,1.0,2006MM10,87.6
86915,A5,324600,86915,3.2,0.0,2006MM11,87.6
86916,A5,324600,86916,3.1,-0.1,2006MM12,87.5
86918,A5,324600,86918,7.7,4.8,2007MM01,91.7
86919,A5,324600,86919,7.8,0.6,2007MM02,92.3
86920,A5,324600,86920,7.7,0.0,2007MM03,92.3
86921,A5,324600,86921,7.8,0.5,2007MM04,92.7
86922,A5,324600,86922,7.9,0.0,2007MM05,92.8
86923,A5,324600,86923,7.9,0.2,2007MM06,92.9
86924,A5,324600,86924,7.1,-0.1,2007MM07,92.8
86925,A5,324600,86925,7.2,0.0,2007MM08,92.9
86926,A5,324600,86926,7.1,0.0,2007MM09,92.8
86927,A5,324600,86927,7.1,1.0,2007MM10,93.8
86928,A5,324600,86928,7.1,0.0,2007MM11,93.8
86929,A5,324600,86929,7.3,0.1,2007MM12,93.9
86931,A5,324600,86931,5.8,3.3,2008MM01,97.0
86932,A5,324600,86932,5.2,0.0,2008MM02,97.0
86933,A5,324600,86933,5.1,0.0,2008MM03,97.0
86934,A5,324600,86934,5.9,1.3,2008MM04,98.3
86935,A5,324600,86935,6.0,0.1,2008MM05,98.3
86936,A5,324600,86936,5.8,0.0,2008MM06,98.4
86937,A5,324600,86937,6.1,0.2,2008MM07,98.5
86938,A5,324600,86938,6.3,0.2,2008MM08,98.7
86939,A5,324600,86939,6.5,0.2,2008MM09,98.8
86940,A5,324600,86940,6.1,0.6,2008MM10,99.5
86941,A5,324600,86941,6.1,0.0,2008MM11,99.5
86942,A5,324600,86942,5.7,-0.3,2008MM12,99.2
86944,A5,324600,86944,5.0,2.6,2009MM01,101.8
86945,A5,324600,86945,5.4,0.4,2009MM02,102.2
86946,A5,324600,86946,5.3,0.0,2009MM03,102.2
86947,A5,324600,86947,3.9,-0.1,2009MM04,102.1
86948,A5,324600,86948,2.7,-1.1,2009MM05,101.0
86949,A5,324600,86949,2.3,-0.3,2009MM06,100.6
86950,A5,324600,86950,1.2,-0.9,2009MM07,99.8
86951,A5,324600,86951,1.1,0.0,2009MM08,99.7
86952,A5,324600,86952,0.8,-0.1,2009MM09,99.7
86953,A5,324600,86953,0.6,0.4,2009MM10,100.1
86954,A5,324600,86954,0.6,0.0,2009MM11,100.1
86955,A5,324600,86955,0.8,0.0,2009MM12,100.1
86957,A5,324600,86957,-2.0,-0.2,2010MM01,99.8
86958,A5,324600,86958,-2.4,0.0,2010MM02,99.8
86959,A5,324600,86959,-2.3,0.1,2010MM03,99.9
86960,A5,324600,86960,-2.0,0.2,2010MM04,100.0
86961,A5,324600,86961,-0.9,0.0,2010MM05,100.1
86962,A5,324600,86962,-0.6,0.0,2010MM06,100.1
86963,A5,324600,86963,0.3,0.0,2010MM07,100.1
86964,A5,324600,86964,0.4,0.0,2010MM08,100.1
86965,A5,324600,86965,0.6,0.1,2010MM09,100.2
86966,A5,324600,86966,0.0,-0.1,2010MM10,100.2
86967,A5,324600,86967,-0.2,-0.3,2010MM11,99.9
86968,A5,324600,86968,-0.1,0.1,2010MM12,99.9
86970,A5,324600,86970,0.7,0.6,2011MM01,100.5
86971,A5,324600,86971,0.9,0.2,2011MM02,100.7
86972,A5,324600,86972,0.9,0.1,2011MM03,100.7
86973,A5,324600,86973,0.3,-0.4,2011MM04,100.4
86974,A5,324600,86974,0.3,0.0,2011MM05,100.4
86975,A5,324600,86975,0.3,0.0,2011MM06,100.4
86976,A5,324600,86976,0.6,0.2,2011MM07,100.6
86977,A5,324600,86977,0.6,0.0,2011MM08,100.7
86978,A5,324600,86978,0.5,0.1,2011MM09,100.7
86979,A5,324600,86979,0.4,-0.2,2011MM10,100.6
86980,A5,324600,86980,0.7,0.0,2011MM11,100.6
86981,A5,324600,86981,0.7,0.0,2011MM12,100.6
86983,A5,324600,86983,1.3,1.1,2012MM01,101.8
86984,A5,324600,86984,1.0,-0.1,2012MM02,101.7
86985,A5,324600,86985,0.9,0.0,2012MM03,101.7
86986,A5,324600,86986,1.6,0.2,2012MM04,101.9
86987,A5,324600,86987,1.6,0.1,2012MM05,102.0
86988,A5,324600,86988,1.7,0.0,2012MM06,102.1
86989,A5,324600,86989,0.8,-0.6,2012MM07,101.4
86990,A5,324600,86990,0.7,0.0,2012MM08,101.4
86991,A5,324600,86991,0.6,0.0,2012MM09,101.4
86992,A5,324600,86992,1.0,0.2,2012MM10,101.5
86993,A5,324600,86993,1.0,0.0,2012MM11,101.6
86994,A5,324600,86994,0.8,-0.1,2012MM12,101.5
86996,A5,324600,86996,0.0,0.2,2013MM01,101.7
86997,A5,324600,86997,0.2,0.2,2013MM02,101.9
86998,A5,324600,86998,0.3,0.1,2013MM03,102.0
86999,A5,324600,86999,0.0,0.0,2013MM04,102.0
87000,A5,324600,87000,-0.6,-0.5,2013MM05,101.4
87001,A5,324600,87001,-0.7,-0.1,2013MM06,101.4
87002,A5,324600,87002,0.0,0.0,2013MM07,101.4
87003,A5,324600,87003,-0.1,-0.1,2013MM08,101.2
87004,A5,324600,87004,-0.2,0.0,2013MM09,101.2
87005,A5,324600,87005,-0.2,0.1,2013MM10,101.3
87006,A5,324600,87006,-0.2,0.0,2013MM11,101.3
87007,A5,324600,87007,-0.2,0.0,2013MM12,101.3
87009,A5,324600,87009,0.5,0.9,2014MM01,102.2
87010,A5,324600,87010,0.6,0.2,2014MM02,102.5
87011,A5,324600,87011,0.5,0.0,2014MM03,102.5
87012,A5,324600,87012,-0.4,-0.9,2014MM04,101.6
87013,A5,324600,87013,0.1,0.0,2014MM05,101.6
87014,A5,324600,87014,0.2,0.0,2014MM06,101.5
87015,A5,324600,87015,-0.3,-0.5,2014MM07,101.0
87016,A5,324600,87016,-0.1,0.1,2014MM08,101.1
87017,A5,324600,87017,0.0,0.1,2014MM09,101.2
87018,A5,324600,87018,1.0,1.1,2014MM10,102.3
87019,A5,324600,87019,1.0,0.0,2014MM11,102.3
87020,A5,324600,87020,1.1,0.1,2014MM12,102.4
87022,A5,324600,87022,0.0,-0.1,2015MM01,102.3
87023,A5,324600,87023,0.0,0.2,2015MM02,102.5
87024,A5,324600,87024,0.2,0.1,2015MM03,102.7
87025,A5,324600,87025,1.8,0.7,2015MM04,103.4
87026,A5,324600,87026,1.6,-0.1,2015MM05,103.2
87027,A5,324600,87027,1.6,0.0,2015MM06,103.2
87028,A5,324600,87028,2.9,0.7,2015MM07,103.9
87029,A5,324600,87029,2.8,0.0,2015MM08,103.9
87030,A5,324600,87030,2.6,-0.1,2015MM09,103.8
87031,A5,324600,87031,1.5,0.1,2015MM10,103.9
87032,A5,324600,87032,1.6,0.1,2015MM11,104.0
87033,A5,324600,87033,1.5,-0.1,2015MM12,103.9
87035,A5,324600,87035,1.5,-0.1,2016MM01,103.8
87036,A5,324600,87036,1.5,0.2,2016MM02,104.1
87037,A5,324600,87037,1.3,-0.1,2016MM03,104.0
87038,A5,324600,87038,0.8,0.2,2016MM04,104.2
87039,A5,324600,87039,0.9,0.0,2016MM05,104.1
87040,A5,324600,87040,0.9,0.0,2016MM06,104.1
87041,A5,324600,87041,0.7,0.5,2016MM07,104.7
87042,A5,324600,87042,0.6,-0.1,2016MM08,104.6
87043,A5,324600,87043,0.8,0.0,2016MM09,104.6
87044,A5,324600,87044,0.3,-0.4,2016MM10,104.3
87045,A5,324600,87045,0.3,0.0,2016MM11,104.3
87046,A5,324600,87046,0.5,0.1,2016MM12,104.4
87048,A5,324600,87048,1.8,1.2,2017MM01,105.6
87049,A5,324600,87049,1.0,-0.5,2017MM02,105.1
87050,A5,324600,87050,1.1,0.0,2017MM03,105.1
87051,A5,324600,87051,1.4,0.6,2017MM04,105.7
87052,A5,324600,87052,1.2,-0.3,2017MM05,105.4
87053,A5,324600,87053,1.1,0.0,2017MM06,105.3
87054,A5,324600,87054,0.4,-0.2,2017MM07,105.1
87055,A5,324600,87055,0.3,-0.2,2017MM08,104.9
87056,A5,324600,87056,0.3,0.0,2017MM09,104.9
87057,A5,324600,87057,0.8,0.1,2017MM10,105.1
87058,A5,324600,87058,0.8,0.0,2017MM11,105.1
87059,A5,324600,87059,0.6,0.0,2017MM12,105.1
