,Afzet,BedrijfstakkenBranchesSBI2008,ID,OntwikkelingTOV1JaarEerder_2,OntwikkelingTOV1MaandEerder_3,Perioden,ProducentenprijsindexPPI_1
54834,A4,328110,54834,1.79900332226,-0.0993103448276,1981MM01,106.341522491
54835,A4,328110,54835,1.79800664452,-0.0986206896552,1981MM02,106.283044983
54836,A4,328110,54836,1.79700996678,-0.0979310344828,1981MM03,106.224567474
54837,A4,328110,54837,1.79601328904,-0.0972413793103,1981MM04,106.166089965
54838,A4,328110,54838,1.7950166113,-0.0965517241379,1981MM05,106.107612457
54839,A4,328110,54839,1.79401993355,-0.0958620689655,1981MM06,106.049134948
54840,A4,328110,54840,1.79302325581,-0.0951724137931,1981MM07,105.990657439
54841,A4,328110,54841,1.79202657807,-0.0944827586207,1981MM08,105.932179931
54842,A4,328110,54842,1.79102990033,-0.0937931034483,1981MM09,105.873702422
54843,A4,328110,54843,1.79003322259,-0.0931034482759,1981MM10,105.815224913
54844,A4,328110,54844,1.78903654485,-0.0924137931034,1981MM11,105.756747405
54845,A4,328110,54845,1.78803986711,-0.091724137931,1981MM12,105.698269896
54847,A4,328110,54847,1.78704318937,-0.0910344827586,1982MM01,105.639792388
54848,A4,328110,54848,1.78604651163,-0.0903448275862,1982MM02,105.581314879
54849,A4,328110,54849,1.78504983389,-0.0896551724138,1982MM03,105.52283737
54850,A4,328110,54850,1.78405315615,-0.0889655172414,1982MM04,105.464359862
54851,A4,328110,54851,1.78305647841,-0.088275862069,1982MM05,105.405882353
54852,A4,328110,54852,1.78205980066,-0.0875862068966,1982MM06,105.347404844
54853,A4,328110,54853,1.78106312292,-0.0868965517241,1982MM07,105.288927336
54854,A4,328110,54854,1.78006644518,-0.0862068965517,1982MM08,105.230449827
54855,A4,328110,54855,1.77906976744,-0.0855172413793,1982MM09,105.171972318
54856,A4,328110,54856,1.7780730897,-0.0848275862069,1982MM10,105.11349481
54857,A4,328110,54857,1.77707641196,-0.0841379310345,1982MM11,105.055017301
54858,A4,328110,54858,1.77607973422,-0.0834482758621,1982MM12,104.996539792
54860,A4,328110,54860,1.77508305648,-0.0827586206897,1983MM01,104.938062284
54861,A4,328110,54861,1.77408637874,-0.0820689655172,1983MM02,104.879584775
54862,A4,328110,54862,1.773089701,-0.0813793103448,1983MM03,104.821107266
54863,A4,328110,54863,1.77209302326,-0.0806896551724,1983MM04,104.762629758
54864,A4,328110,54864,1.77109634551,-0.08,1983MM05,104.704152249
54865,A4,328110,54865,1.77009966777,-0.0793103448276,1983MM06,104.64567474
54866,A4,328110,54866,1.76910299003,-0.0786206896552,1983MM07,104.587197232
54867,A4,328110,54867,1.76810631229,-0.0779310344828,1983MM08,104.528719723
54868,A4,328110,54868,1.76710963455,-0.0772413793103,1983MM09,104.470242215
54869,A4,328110,54869,1.76611295681,-0.0765517241379,1983MM10,104.411764706
54870,A4,328110,54870,1.76511627907,-0.0758620689655,1983MM11,104.353287197
54871,A4,328110,54871,1.76411960133,-0.0751724137931,1983MM12,104.294809689
54873,A4,328110,54873,1.76312292359,-0.0744827586207,1984MM01,104.23633218
54874,A4,328110,54874,1.76212624585,-0.0737931034483,1984MM02,104.177854671
54875,A4,328110,54875,1.76112956811,-0.0731034482759,1984MM03,104.119377163
54876,A4,328110,54876,1.76013289037,-0.0724137931034,1984MM04,104.060899654
54877,A4,328110,54877,1.75913621262,-0.071724137931,1984MM05,104.002422145
54878,A4,328110,54878,1.75813953488,-0.0710344827586,1984MM06,103.943944637
54879,A4,328110,54879,1.75714285714,-0.0703448275862,1984MM07,103.885467128
54880,A4,328110,54880,1.7561461794,-0.0696551724138,1984MM08,103.826989619
54881,A4,328110,54881,1.75514950166,-0.0689655172414,1984MM09,103.768512111
54882,A4,328110,54882,1.75415282392,-0.068275862069,1984MM10,103.710034602
54883,A4,328110,54883,1.75315614618,-0.0675862068966,1984MM11,103.651557093
54884,A4,328110,54884,1.75215946844,-0.0668965517241,1984MM12,103.593079585
54886,A4,328110,54886,1.7511627907,-0.0662068965517,1985MM01,103.534602076
54887,A4,328110,54887,1.75016611296,-0.0655172413793,1985MM02,103.476124567
54888,A4,328110,54888,1.74916943522,-0.0648275862069,1985MM03,103.417647059
54889,A4,328110,54889,1.74817275748,-0.0641379310345,1985MM04,103.35916955
54890,A4,328110,54890,1.74717607973,-0.0634482758621,1985MM05,103.300692042
54891,A4,328110,54891,1.74617940199,-0.0627586206897,1985MM06,103.242214533
54892,A4,328110,54892,1.74518272425,-0.0620689655172,1985MM07,103.183737024
54893,A4,328110,54893,1.74418604651,-0.0613793103448,1985MM08,103.125259516
54894,A4,328110,54894,1.74318936877,-0.0606896551724,1985MM09,103.066782007
54895,A4,328110,54895,1.74219269103,-0.06,1985MM10,103.008304498
54896,A4,328110,54896,1.74119601329,-0.0593103448276,1985MM11,102.94982699
54897,A4,328110,54897,1.74019933555,-0.0586206896552,1985MM12,102.891349481
54899,A4,328110,54899,1.73920265781,-0.0579310344828,1986MM01,102.832871972
54900,A4,328110,54900,1.73820598007,-0.0572413793103,1986MM02,102.774394464
54901,A4,328110,54901,1.73720930233,-0.0565517241379,1986MM03,102.715916955
54902,A4,328110,54902,1.73621262458,-0.0558620689655,1986MM04,102.657439446
54903,A4,328110,54903,1.73521594684,-0.0551724137931,1986MM05,102.598961938
54904,A4,328110,54904,1.7342192691,-0.0544827586207,1986MM06,102.540484429
54905,A4,328110,54905,1.73322259136,-0.0537931034483,1986MM07,102.48200692
54906,A4,328110,54906,1.73222591362,-0.0531034482759,1986MM08,102.423529412
54907,A4,328110,54907,1.73122923588,-0.0524137931034,1986MM09,102.365051903
54908,A4,328110,54908,1.73023255814,-0.051724137931,1986MM10,102.306574394
54909,A4,328110,54909,1.7292358804,-0.0510344827586,1986MM11,102.248096886
54910,A4,328110,54910,1.72823920266,-0.0503448275862,1986MM12,102.189619377
54912,A4,328110,54912,1.72724252492,-0.0496551724138,1987MM01,102.131141869
54913,A4,328110,54913,1.72624584718,-0.0489655172414,1987MM02,102.07266436
54914,A4,328110,54914,1.72524916944,-0.048275862069,1987MM03,102.014186851
54915,A4,328110,54915,1.72425249169,-0.0475862068966,1987MM04,101.955709343
54916,A4,328110,54916,1.72325581395,-0.0468965517241,1987MM05,101.897231834
54917,A4,328110,54917,1.72225913621,-0.0462068965517,1987MM06,101.838754325
54918,A4,328110,54918,1.72126245847,-0.0455172413793,1987MM07,101.780276817
54919,A4,328110,54919,1.72026578073,-0.0448275862069,1987MM08,101.721799308
54920,A4,328110,54920,1.71926910299,-0.0441379310345,1987MM09,101.663321799
54921,A4,328110,54921,1.71827242525,-0.0434482758621,1987MM10,101.604844291
54922,A4,328110,54922,1.71727574751,-0.0427586206897,1987MM11,101.546366782
54923,A4,328110,54923,1.71627906977,-0.0420689655172,1987MM12,101.487889273
54925,A4,328110,54925,1.71528239203,-0.0413793103448,1988MM01,101.429411765
54926,A4,328110,54926,1.71428571429,-0.0406896551724,1988MM02,101.370934256
54927,A4,328110,54927,1.71328903654,-0.04,1988MM03,101.312456747
54928,A4,328110,54928,1.7122923588,-0.0393103448276,1988MM04,101.253979239
54929,A4,328110,54929,1.71129568106,-0.0386206896552,1988MM05,101.19550173
54930,A4,328110,54930,1.71029900332,-0.0379310344828,1988MM06,101.137024221
54931,A4,328110,54931,1.70930232558,-0.0372413793103,1988MM07,101.078546713
54932,A4,328110,54932,1.70830564784,-0.0365517241379,1988MM08,101.020069204
54933,A4,328110,54933,1.7073089701,-0.0358620689655,1988MM09,100.961591696
54934,A4,328110,54934,1.70631229236,-0.0351724137931,1988MM10,100.903114187
54935,A4,328110,54935,1.70531561462,-0.0344827586207,1988MM11,100.844636678
54936,A4,328110,54936,1.70431893688,-0.0337931034483,1988MM12,100.78615917
54938,A4,328110,54938,1.70332225914,-0.0331034482759,1989MM01,100.727681661
54939,A4,328110,54939,1.7023255814,-0.0324137931034,1989MM02,100.669204152
54940,A4,328110,54940,1.70132890365,-0.031724137931,1989MM03,100.610726644
54941,A4,328110,54941,1.70033222591,-0.0310344827586,1989MM04,100.552249135
54942,A4,328110,54942,1.69933554817,-0.0303448275862,1989MM05,100.493771626
54943,A4,328110,54943,1.69833887043,-0.0296551724138,1989MM06,100.435294118
54944,A4,328110,54944,1.69734219269,-0.0289655172414,1989MM07,100.376816609
54945,A4,328110,54945,1.69634551495,-0.028275862069,1989MM08,100.3183391
54946,A4,328110,54946,1.69534883721,-0.0275862068966,1989MM09,100.259861592
54947,A4,328110,54947,1.69435215947,-0.0268965517241,1989MM10,100.201384083
54948,A4,328110,54948,1.69335548173,-0.0262068965517,1989MM11,100.142906574
54949,A4,328110,54949,1.69235880399,-0.0255172413793,1989MM12,100.084429066
54951,A4,328110,54951,1.69136212625,-0.0248275862069,1990MM01,100.025951557
54952,A4,328110,54952,1.6903654485,-0.0241379310345,1990MM02,99.9674740484
54953,A4,328110,54953,1.68936877076,-0.0234482758621,1990MM03,99.9089965398
54954,A4,328110,54954,1.68837209302,-0.0227586206897,1990MM04,99.8505190311
54955,A4,328110,54955,1.68737541528,-0.0220689655172,1990MM05,99.7920415225
54956,A4,328110,54956,1.68637873754,-0.0213793103448,1990MM06,99.7335640138
54957,A4,328110,54957,1.6853820598,-0.0206896551724,1990MM07,99.6750865052
54958,A4,328110,54958,1.68438538206,-0.02,1990MM08,99.6166089965
54959,A4,328110,54959,1.68338870432,-0.0193103448276,1990MM09,99.5581314879
54960,A4,328110,54960,1.68239202658,-0.0186206896552,1990MM10,99.4996539792
54961,A4,328110,54961,1.68139534884,-0.0179310344828,1990MM11,99.4411764706
54962,A4,328110,54962,1.6803986711,-0.0172413793103,1990MM12,99.3826989619
54964,A4,328110,54964,1.67940199336,-0.0165517241379,1991MM01,99.3242214533
54965,A4,328110,54965,1.67840531561,-0.0158620689655,1991MM02,99.2657439446
54966,A4,328110,54966,1.67740863787,-0.0151724137931,1991MM03,99.207266436
54967,A4,328110,54967,1.67641196013,-0.0144827586207,1991MM04,99.1487889273
54968,A4,328110,54968,1.67541528239,-0.0137931034483,1991MM05,99.0903114187
54969,A4,328110,54969,1.67441860465,-0.0131034482759,1991MM06,99.03183391
54970,A4,328110,54970,1.67342192691,-0.0124137931034,1991MM07,98.9733564014
54971,A4,328110,54971,1.67242524917,-0.011724137931,1991MM08,98.9148788927
54972,A4,328110,54972,1.67142857143,-0.0110344827586,1991MM09,98.8564013841
54973,A4,328110,54973,1.67043189369,-0.0103448275862,1991MM10,98.7979238754
54974,A4,328110,54974,1.66943521595,-0.00965517241379,1991MM11,98.7394463668
54975,A4,328110,54975,1.66843853821,-0.00896551724138,1991MM12,98.6809688581
54977,A4,328110,54977,1.66744186047,-0.00827586206897,1992MM01,98.6224913495
54978,A4,328110,54978,1.66644518272,-0.00758620689655,1992MM02,98.5640138408
54979,A4,328110,54979,1.66544850498,-0.00689655172414,1992MM03,98.5055363322
54980,A4,328110,54980,1.66445182724,-0.00620689655172,1992MM04,98.4470588235
54981,A4,328110,54981,1.6634551495,-0.00551724137931,1992MM05,98.3885813149
54982,A4,328110,54982,1.66245847176,-0.0048275862069,1992MM06,98.3301038062
54983,A4,328110,54983,1.66146179402,-0.00413793103448,1992MM07,98.2716262976
54984,A4,328110,54984,1.66046511628,-0.00344827586207,1992MM08,98.2131487889
54985,A4,328110,54985,1.65946843854,-0.00275862068966,1992MM09,98.1546712803
54986,A4,328110,54986,1.6584717608,-0.00206896551724,1992MM10,98.0961937716
54987,A4,328110,54987,1.65747508306,-0.00137931034483,1992MM11,98.037716263
54988,A4,328110,54988,1.65647840532,-0.000689655172414,1992MM12,97.9792387543
54990,A4,328110,54990,1.65548172757,0.0,1993MM01,97.9207612457
54991,A4,328110,54991,1.65448504983,0.000689655172414,1993MM02,97.862283737
54992,A4,328110,54992,1.65348837209,0.00137931034483,1993MM03,97.8038062284
54993,A4,328110,54993,1.65249169435,0.00206896551724,1993MM04,97.7453287197
54994,A4,328110,54994,1.65149501661,0.00275862068966,1993MM05,97.6868512111
54995,A4,328110,54995,1.65049833887,0.00344827586207,1993MM06,97.6283737024
54996,A4,328110,54996,1.64950166113,0.00413793103448,1993MM07,97.5698961938
54997,A4,328110,54997,1.64850498339,0.0048275862069,1993MM08,97.5114186851
54998,A4,328110,54998,1.64750830565,0.00551724137931,1993MM09,97.4529411765
54999,A4,328110,54999,1.64651162791,0.00620689655172,1993MM10,97.3944636678
55000,A4,328110,55000,1.64551495017,0.00689655172414,1993MM11,97.3359861592
55001,A4,328110,55001,1.64451827243,0.00758620689655,1993MM12,97.2775086505
55003,A4,328110,55003,1.64352159468,0.00827586206897,1994MM01,97.2190311419
55004,A4,328110,55004,1.64252491694,0.00896551724138,1994MM02,97.1605536332
55005,A4,328110,55005,1.6415282392,0.00965517241379,1994MM03,97.1020761246
55006,A4,328110,55006,1.64053156146,0.0103448275862,1994MM04,97.0435986159
55007,A4,328110,55007,1.63953488372,0.0110344827586,1994MM05,96.9851211073
55008,A4,328110,55008,1.63853820598,0.011724137931,1994MM06,96.9266435986
55009,A4,328110,55009,1.63754152824,0.0124137931034,1994MM07,96.86816609
55010,A4,328110,55010,1.6365448505,0.0131034482759,1994MM08,96.8096885813
55011,A4,328110,55011,1.63554817276,0.0137931034483,1994MM09,96.7512110727
55012,A4,328110,55012,1.63455149502,0.0144827586207,1994MM10,96.692733564
55013,A4,328110,55013,1.63355481728,0.0151724137931,1994MM11,96.6342560554
55014,A4,328110,55014,1.63255813953,0.0158620689655,1994MM12,96.5757785467
55016,A4,328110,55016,1.63156146179,0.0165517241379,1995MM01,96.5173010381
55017,A4,328110,55017,1.63056478405,0.0172413793103,1995MM02,96.4588235294
55018,A4,328110,55018,1.62956810631,0.0179310344828,1995MM03,96.4003460208
55019,A4,328110,55019,1.62857142857,0.0186206896552,1995MM04,96.3418685121
55020,A4,328110,55020,1.62757475083,0.0193103448276,1995MM05,96.2833910035
55021,A4,328110,55021,1.62657807309,0.02,1995MM06,96.2249134948
55022,A4,328110,55022,1.62558139535,0.0206896551724,1995MM07,96.1664359862
55023,A4,328110,55023,1.62458471761,0.0213793103448,1995MM08,96.1079584775
55024,A4,328110,55024,1.62358803987,0.0220689655172,1995MM09,96.0494809689
55025,A4,328110,55025,1.62259136213,0.0227586206897,1995MM10,95.9910034602
55026,A4,328110,55026,1.62159468439,0.0234482758621,1995MM11,95.9325259516
55027,A4,328110,55027,1.62059800664,0.0241379310345,1995MM12,95.8740484429
55029,A4,328110,55029,1.6196013289,0.0248275862069,1996MM01,95.8155709343
55030,A4,328110,55030,1.61860465116,0.0255172413793,1996MM02,95.7570934256
55031,A4,328110,55031,1.61760797342,0.0262068965517,1996MM03,95.698615917
55032,A4,328110,55032,1.61661129568,0.0268965517241,1996MM04,95.6401384083
55033,A4,328110,55033,1.61561461794,0.0275862068966,1996MM05,95.5816608997
55034,A4,328110,55034,1.6146179402,0.028275862069,1996MM06,95.523183391
55035,A4,328110,55035,1.61362126246,0.0289655172414,1996MM07,95.4647058824
55036,A4,328110,55036,1.61262458472,0.0296551724138,1996MM08,95.4062283737
55037,A4,328110,55037,1.61162790698,0.0303448275862,1996MM09,95.3477508651
55038,A4,328110,55038,1.61063122924,0.0310344827586,1996MM10,95.2892733564
55039,A4,328110,55039,1.6096345515,0.031724137931,1996MM11,95.2307958478
55040,A4,328110,55040,1.60863787375,0.0324137931034,1996MM12,95.1723183391
55042,A4,328110,55042,1.60764119601,0.0331034482759,1997MM01,95.1138408304
55043,A4,328110,55043,1.60664451827,0.0337931034483,1997MM02,95.0553633218
55044,A4,328110,55044,1.60564784053,0.0344827586207,1997MM03,94.9968858131
55045,A4,328110,55045,1.60465116279,0.0351724137931,1997MM04,94.9384083045
55046,A4,328110,55046,1.60365448505,0.0358620689655,1997MM05,94.8799307958
55047,A4,328110,55047,1.60265780731,0.0365517241379,1997MM06,94.8214532872
55048,A4,328110,55048,1.60166112957,0.0372413793103,1997MM07,94.7629757785
55049,A4,328110,55049,1.60066445183,0.0379310344828,1997MM08,94.7044982699
55050,A4,328110,55050,1.59966777409,0.0386206896552,1997MM09,94.6460207612
55051,A4,328110,55051,1.59867109635,0.0393103448276,1997MM10,94.5875432526
55052,A4,328110,55052,1.5976744186,0.04,1997MM11,94.5290657439
55053,A4,328110,55053,1.59667774086,0.0406896551724,1997MM12,94.4705882353
55055,A4,328110,55055,1.59568106312,0.0413793103448,1998MM01,94.4121107266
55056,A4,328110,55056,1.59468438538,0.0420689655172,1998MM02,94.353633218
55057,A4,328110,55057,1.59368770764,0.0427586206897,1998MM03,94.2951557093
55058,A4,328110,55058,1.5926910299,0.0434482758621,1998MM04,94.2366782007
55059,A4,328110,55059,1.59169435216,0.0441379310345,1998MM05,94.178200692
55060,A4,328110,55060,1.59069767442,0.0448275862069,1998MM06,94.1197231834
55061,A4,328110,55061,1.58970099668,0.0455172413793,1998MM07,94.0612456747
55062,A4,328110,55062,1.58870431894,0.0462068965517,1998MM08,94.0027681661
55063,A4,328110,55063,1.5877076412,0.0468965517241,1998MM09,93.9442906574
55064,A4,328110,55064,1.58671096346,0.0475862068966,1998MM10,93.8858131488
55065,A4,328110,55065,1.58571428571,0.048275862069,1998MM11,93.8273356401
55066,A4,328110,55066,1.58471760797,0.0489655172414,1998MM12,93.7688581315
55068,A4,328110,55068,1.58372093023,0.0496551724138,1999MM01,93.7103806228
55069,A4,328110,55069,1.58272425249,0.0503448275862,1999MM02,93.6519031142
55070,A4,328110,55070,1.58172757475,0.0510344827586,1999MM03,93.5934256055
55071,A4,328110,55071,1.58073089701,0.051724137931,1999MM04,93.5349480969
55072,A4,328110,55072,1.57973421927,0.0524137931034,1999MM05,93.4764705882
55073,A4,328110,55073,1.57873754153,0.0531034482759,1999MM06,93.4179930796
55074,A4,328110,55074,1.57774086379,0.0537931034483,1999MM07,93.3595155709
55075,A4,328110,55075,1.57674418605,0.0544827586207,1999MM08,93.3010380623
55076,A4,328110,55076,1.57574750831,0.0551724137931,1999MM09,93.2425605536
55077,A4,328110,55077,1.57475083056,0.0558620689655,1999MM10,93.184083045
55078,A4,328110,55078,1.57375415282,0.0565517241379,1999MM11,93.1256055363
55079,A4,328110,55079,1.57275747508,0.0572413793103,1999MM12,93.0671280277
55081,A4,328110,55081,1.57176079734,0.0579310344828,2000MM01,93.008650519
55082,A4,328110,55082,1.5707641196,0.0586206896552,2000MM02,92.9501730104
55083,A4,328110,55083,1.56976744186,0.0593103448276,2000MM03,92.8916955017
55084,A4,328110,55084,1.56877076412,0.06,2000MM04,92.8332179931
55085,A4,328110,55085,1.56777408638,0.0606896551724,2000MM05,92.7747404844
55086,A4,328110,55086,1.56677740864,0.0613793103448,2000MM06,92.7162629758
55087,A4,328110,55087,1.5657807309,0.0620689655172,2000MM07,92.6577854671
55088,A4,328110,55088,1.56478405316,0.0627586206897,2000MM08,92.5993079585
55089,A4,328110,55089,1.56378737542,0.0634482758621,2000MM09,92.5408304498
55090,A4,328110,55090,1.56279069767,0.0641379310345,2000MM10,92.4823529412
55091,A4,328110,55091,1.56179401993,0.0648275862069,2000MM11,92.4238754325
55092,A4,328110,55092,1.56079734219,0.0655172413793,2000MM12,92.3653979239
55094,A4,328110,55094,1.55980066445,0.0662068965517,2001MM01,92.3069204152
55095,A4,328110,55095,1.55880398671,0.0668965517241,2001MM02,92.2484429066
55096,A4,328110,55096,1.55780730897,0.0675862068966,2001MM03,92.1899653979
55097,A4,328110,55097,1.55681063123,0.068275862069,2001MM04,92.1314878893
55098,A4,328110,55098,1.55581395349,0.0689655172414,2001MM05,92.0730103806
55099,A4,328110,55099,1.55481727575,0.0696551724138,2001MM06,92.014532872
55100,A4,328110,55100,1.55382059801,0.0703448275862,2001MM07,91.9560553633
55101,A4,328110,55101,1.55282392027,0.0710344827586,2001MM08,91.8975778547
55102,A4,328110,55102,1.55182724252,0.071724137931,2001MM09,91.839100346
55103,A4,328110,55103,1.55083056478,0.0724137931034,2001MM10,91.7806228374
55104,A4,328110,55104,1.54983388704,0.0731034482759,2001MM11,91.7221453287
55105,A4,328110,55105,1.5488372093,0.0737931034483,2001MM12,91.6636678201
55107,A4,328110,55107,1.54784053156,0.0744827586207,2002MM01,91.6051903114
55108,A4,328110,55108,1.54684385382,0.0751724137931,2002MM02,91.5467128028
55109,A4,328110,55109,1.54584717608,0.0758620689655,2002MM03,91.4882352941
55110,A4,328110,55110,1.54485049834,0.0765517241379,2002MM04,91.4297577855
55111,A4,328110,55111,1.5438538206,0.0772413793103,2002MM05,91.3712802768
55112,A4,328110,55112,1.54285714286,0.0779310344828,2002MM06,91.3128027682
55113,A4,328110,55113,1.54186046512,0.0786206896552,2002MM07,91.2543252595
55114,A4,328110,55114,1.54086378738,0.0793103448276,2002MM08,91.1958477509
55115,A4,328110,55115,1.53986710963,0.08,2002MM09,91.1373702422
55116,A4,328110,55116,1.53887043189,0.0806896551724,2002MM10,91.0788927336
55117,A4,328110,55117,1.53787375415,0.0813793103448,2002MM11,91.0204152249
55118,A4,328110,55118,1.53687707641,0.0820689655172,2002MM12,90.9619377163
55120,A4,328110,55120,1.53588039867,0.0827586206897,2003MM01,90.9034602076
55121,A4,328110,55121,1.53488372093,0.0834482758621,2003MM02,90.844982699
55122,A4,328110,55122,1.53388704319,0.0841379310345,2003MM03,90.7865051903
55123,A4,328110,55123,1.53289036545,0.0848275862069,2003MM04,90.7280276817
55124,A4,328110,55124,1.53189368771,0.0855172413793,2003MM05,90.669550173
55125,A4,328110,55125,1.53089700997,0.0862068965517,2003MM06,90.6110726644
55126,A4,328110,55126,1.52990033223,0.0868965517241,2003MM07,90.5525951557
55127,A4,328110,55127,1.52890365449,0.0875862068966,2003MM08,90.4941176471
55128,A4,328110,55128,1.52790697674,0.088275862069,2003MM09,90.4356401384
55129,A4,328110,55129,1.526910299,0.0889655172414,2003MM10,90.3771626298
55130,A4,328110,55130,1.52591362126,0.0896551724138,2003MM11,90.3186851211
55131,A4,328110,55131,1.52491694352,0.0903448275862,2003MM12,90.2602076125
55133,A4,328110,55133,1.52392026578,0.0910344827586,2004MM01,90.2017301038
55134,A4,328110,55134,1.52292358804,0.091724137931,2004MM02,90.1432525952
55135,A4,328110,55135,1.5219269103,0.0924137931034,2004MM03,90.0847750865
55136,A4,328110,55136,1.52093023256,0.0931034482759,2004MM04,90.0262975779
55137,A4,328110,55137,1.51993355482,0.0937931034483,2004MM05,89.9678200692
55138,A4,328110,55138,1.51893687708,0.0944827586207,2004MM06,89.9093425606
55139,A4,328110,55139,1.51794019934,0.0951724137931,2004MM07,89.8508650519
55140,A4,328110,55140,1.51694352159,0.0958620689655,2004MM08,89.7923875433
55141,A4,328110,55141,1.51594684385,0.0965517241379,2004MM09,89.7339100346
55142,A4,328110,55142,1.51495016611,0.0972413793103,2004MM10,89.675432526
55143,A4,328110,55143,1.51395348837,0.0979310344828,2004MM11,89.6169550173
55144,A4,328110,55144,1.51295681063,0.0986206896552,2004MM12,89.5584775087
55146,A4,328110,55146,1.51196013289,0.0993103448276,2005MM01,89.5
55147,A4,328110,55147,1.51096345515,0.1,2005MM02,89.6
55148,A4,328110,55148,1.50996677741,0.2,2005MM03,89.7
55149,A4,328110,55149,1.50897009967,-0.2,2005MM04,89.6
55150,A4,328110,55150,1.50797342193,0.0,2005MM05,89.6
55151,A4,328110,55151,1.50697674419,0.2,2005MM06,89.8
55152,A4,328110,55152,1.50598006645,0.0,2005MM07,89.8
55153,A4,328110,55153,1.5049833887,0.1,2005MM08,89.9
55154,A4,328110,55154,1.50398671096,-0.1,2005MM09,89.8
55155,A4,328110,55155,1.50299003322,0.1,2005MM10,89.8
55156,A4,328110,55156,1.50199335548,-0.1,2005MM11,89.8
55157,A4,328110,55157,1.50099667774,0.1,2005MM12,89.9
55159,A4,328110,55159,1.5,1.0,2006MM01,90.8
55160,A4,328110,55160,1.3,-0.1,2006MM02,90.8
55161,A4,328110,55161,1.2,0.1,2006MM03,90.8
55162,A4,328110,55162,1.8,0.4,2006MM04,91.2
55163,A4,328110,55163,1.9,0.1,2006MM05,91.3
55164,A4,328110,55164,1.8,0.1,2006MM06,91.4
55165,A4,328110,55165,3.4,1.6,2006MM07,92.8
55166,A4,328110,55166,3.5,0.1,2006MM08,93.0
55167,A4,328110,55167,3.6,0.0,2006MM09,93.0
55168,A4,328110,55168,4.2,0.7,2006MM10,93.6
55169,A4,328110,55169,4.4,0.1,2006MM11,93.7
55170,A4,328110,55170,4.3,0.1,2006MM12,93.8
55172,A4,328110,55172,5.0,1.6,2007MM01,95.3
55173,A4,328110,55173,5.0,0.0,2007MM02,95.3
55174,A4,328110,55174,5.0,0.0,2007MM03,95.3
55175,A4,328110,55175,5.6,1.0,2007MM04,96.3
55176,A4,328110,55176,5.6,0.1,2007MM05,96.4
55177,A4,328110,55177,5.5,0.0,2007MM06,96.4
55178,A4,328110,55178,4.3,0.5,2007MM07,96.9
55179,A4,328110,55179,4.2,0.0,2007MM08,96.8
55180,A4,328110,55180,4.5,0.3,2007MM09,97.1
55181,A4,328110,55181,4.6,0.8,2007MM10,97.9
55182,A4,328110,55182,4.5,0.1,2007MM11,98.0
55183,A4,328110,55183,4.4,0.0,2007MM12,97.9
55185,A4,328110,55185,4.0,1.2,2008MM01,99.1
55186,A4,328110,55186,4.1,0.1,2008MM02,99.3
55187,A4,328110,55187,4.3,0.2,2008MM03,99.4
55188,A4,328110,55188,3.9,0.7,2008MM04,100.1
55189,A4,328110,55189,4.0,0.2,2008MM05,100.3
55190,A4,328110,55190,4.2,0.1,2008MM06,100.4
55191,A4,328110,55191,5.3,1.5,2008MM07,101.9
55192,A4,328110,55192,5.5,0.2,2008MM08,102.1
55193,A4,328110,55193,5.0,-0.1,2008MM09,102.0
55194,A4,328110,55194,3.7,-0.4,2008MM10,101.6
55195,A4,328110,55195,3.2,-0.4,2008MM11,101.1
55196,A4,328110,55196,2.9,-0.3,2008MM12,100.8
55198,A4,328110,55198,0.7,-1.0,2009MM01,99.8
55199,A4,328110,55199,0.4,-0.1,2009MM02,99.7
55200,A4,328110,55200,0.1,-0.2,2009MM03,99.5
55201,A4,328110,55201,-1.8,-1.2,2009MM04,98.3
55202,A4,328110,55202,-2.0,0.0,2009MM05,98.2
55203,A4,328110,55203,-2.1,0.0,2009MM06,98.3
55204,A4,328110,55204,-4.0,-0.4,2009MM07,97.9
55205,A4,328110,55205,-4.0,0.2,2009MM08,98.1
55206,A4,328110,55206,-3.8,0.0,2009MM09,98.1
55207,A4,328110,55207,-3.3,0.1,2009MM10,98.2
55208,A4,328110,55208,-2.9,0.0,2009MM11,98.2
55209,A4,328110,55209,-2.6,0.0,2009MM12,98.2
55211,A4,328110,55211,-1.4,0.2,2010MM01,98.4
55212,A4,328110,55212,-1.3,0.0,2010MM02,98.4
55213,A4,328110,55213,-1.0,0.1,2010MM03,98.5
55214,A4,328110,55214,1.5,1.3,2010MM04,99.8
55215,A4,328110,55215,1.7,0.2,2010MM05,99.9
55216,A4,328110,55216,1.8,0.1,2010MM06,100.0
55217,A4,328110,55217,2.8,0.6,2010MM07,100.6
55218,A4,328110,55218,2.7,0.1,2010MM08,100.7
55219,A4,328110,55219,2.8,0.1,2010MM09,100.8
55220,A4,328110,55220,2.7,0.1,2010MM10,100.9
55221,A4,328110,55221,2.8,0.0,2010MM11,100.9
55222,A4,328110,55222,2.9,0.2,2010MM12,101.1
55224,A4,328110,55224,3.9,1.2,2011MM01,102.3
55225,A4,328110,55225,4.2,0.2,2011MM02,102.5
55226,A4,328110,55226,4.1,0.0,2011MM03,102.5
55227,A4,328110,55227,3.5,0.7,2011MM04,103.2
55228,A4,328110,55228,3.4,0.1,2011MM05,103.4
55229,A4,328110,55229,3.4,0.0,2011MM06,103.4
55230,A4,328110,55230,2.9,0.2,2011MM07,103.6
55231,A4,328110,55231,2.8,0.0,2011MM08,103.6
55232,A4,328110,55232,2.8,0.0,2011MM09,103.6
55233,A4,328110,55233,2.6,-0.1,2011MM10,103.5
55234,A4,328110,55234,2.6,0.0,2011MM11,103.5
55235,A4,328110,55235,2.3,-0.1,2011MM12,103.4
55237,A4,328110,55237,1.3,0.2,2012MM01,103.6
55238,A4,328110,55238,1.2,0.1,2012MM02,103.7
55239,A4,328110,55239,1.2,0.0,2012MM03,103.7
55240,A4,328110,55240,0.5,0.1,2012MM04,103.8
55241,A4,328110,55241,0.4,0.0,2012MM05,103.8
55242,A4,328110,55242,0.4,0.0,2012MM06,103.8
55243,A4,328110,55243,0.3,0.1,2012MM07,103.9
55244,A4,328110,55244,0.3,0.0,2012MM08,103.9
55245,A4,328110,55245,0.4,0.1,2012MM09,103.9
55246,A4,328110,55246,0.5,0.0,2012MM10,104.0
55247,A4,328110,55247,0.5,0.0,2012MM11,104.0
55248,A4,328110,55248,0.5,-0.1,2012MM12,103.9
55250,A4,328110,55250,0.5,0.3,2013MM01,104.2
55251,A4,328110,55251,0.4,0.0,2013MM02,104.2
55252,A4,328110,55252,0.5,0.0,2013MM03,104.2
55253,A4,328110,55253,0.2,-0.3,2013MM04,103.9
55254,A4,328110,55254,0.0,-0.2,2013MM05,103.8
55255,A4,328110,55255,-0.1,-0.1,2013MM06,103.7
55256,A4,328110,55256,-0.4,-0.2,2013MM07,103.4
55257,A4,328110,55257,-0.3,0.1,2013MM08,103.6
55258,A4,328110,55258,-0.5,-0.1,2013MM09,103.4
55259,A4,328110,55259,-0.4,0.1,2013MM10,103.5
55260,A4,328110,55260,-0.4,0.0,2013MM11,103.6
55261,A4,328110,55261,-0.3,0.0,2013MM12,103.6
55263,A4,328110,55263,-0.3,0.3,2014MM01,103.9
55264,A4,328110,55264,-0.3,0.0,2014MM02,103.9
55265,A4,328110,55265,-0.4,-0.1,2014MM03,103.8
55266,A4,328110,55266,-0.1,0.1,2014MM04,103.9
55267,A4,328110,55267,0.1,0.0,2014MM05,103.8
55268,A4,328110,55268,0.2,0.0,2014MM06,103.9
55269,A4,328110,55269,0.5,0.1,2014MM07,103.9
55270,A4,328110,55270,0.4,0.0,2014MM08,104.0
55271,A4,328110,55271,0.5,0.0,2014MM09,104.0
55272,A4,328110,55272,0.7,0.3,2014MM10,104.2
55273,A4,328110,55273,0.7,0.0,2014MM11,104.2
55274,A4,328110,55274,0.6,0.0,2014MM12,104.3
55276,A4,328110,55276,0.8,0.5,2015MM01,104.7
55277,A4,328110,55277,0.9,0.0,2015MM02,104.8
55278,A4,328110,55278,1.1,0.1,2015MM03,104.9
55279,A4,328110,55279,1.5,0.5,2015MM04,105.4
55280,A4,328110,55280,1.5,-0.1,2015MM05,105.4
55281,A4,328110,55281,1.4,-0.1,2015MM06,105.3
55282,A4,328110,55282,1.1,-0.2,2015MM07,105.1
55283,A4,328110,55283,0.8,-0.2,2015MM08,104.9
55284,A4,328110,55284,0.8,-0.1,2015MM09,104.8
55285,A4,328110,55285,0.5,0.0,2015MM10,104.8
55286,A4,328110,55286,0.6,0.0,2015MM11,104.8
55287,A4,328110,55287,0.2,-0.4,2015MM12,104.4
55289,A4,328110,55289,0.2,0.5,2016MM01,105.0
55290,A4,328110,55290,0.1,-0.1,2016MM02,104.8
55291,A4,328110,55291,-0.1,-0.1,2016MM03,104.8
55292,A4,328110,55292,-0.2,0.4,2016MM04,105.2
55293,A4,328110,55293,-0.1,0.1,2016MM05,105.3
55294,A4,328110,55294,0.3,0.3,2016MM06,105.6
55295,A4,328110,55295,1.1,0.6,2016MM07,106.2
55296,A4,328110,55296,1.5,0.2,2016MM08,106.4
55297,A4,328110,55297,1.6,0.0,2016MM09,106.5
55298,A4,328110,55298,1.4,-0.1,2016MM10,106.4
55299,A4,328110,55299,1.8,0.3,2016MM11,106.7
55300,A4,328110,55300,2.4,0.2,2016MM12,107.0
55302,A4,328110,55302,3.0,1.1,2017MM01,108.1
55303,A4,328110,55303,3.5,0.4,2017MM02,108.5
55304,A4,328110,55304,3.6,0.0,2017MM03,108.5
55305,A4,328110,55305,3.4,0.2,2017MM04,108.7
55306,A4,328110,55306,3.3,0.0,2017MM05,108.7
55307,A4,328110,55307,3.1,0.1,2017MM06,108.9
55308,A4,328110,55308,2.8,0.3,2017MM07,109.2
55309,A4,328110,55309,2.8,0.1,2017MM08,109.4
55310,A4,328110,55310,2.9,0.1,2017MM09,109.5
55311,A4,328110,55311,3.1,0.1,2017MM10,109.6
55312,A4,328110,55312,2.8,0.1,2017MM11,109.7
55313,A4,328110,55313,2.6,0.0,2017MM12,109.8
