,Afzet,BedrijfstakkenBranchesSBI2008,ID,OntwikkelingTOV1JaarEerder_2,OntwikkelingTOV1MaandEerder_3,Perioden,ProducentenprijsindexPPI_1
88023,A5,328105,88023,4.49634551495,0.103448275862,1981MM01,110.429757785
88024,A5,328105,88024,4.4926910299,0.106896551724,1981MM02,110.359515571
88025,A5,328105,88025,4.48903654485,0.110344827586,1981MM03,110.289273356
88026,A5,328105,88026,4.4853820598,0.113793103448,1981MM04,110.219031142
88027,A5,328105,88027,4.48172757475,0.11724137931,1981MM05,110.148788927
88028,A5,328105,88028,4.4780730897,0.120689655172,1981MM06,110.078546713
88029,A5,328105,88029,4.47441860465,0.124137931034,1981MM07,110.008304498
88030,A5,328105,88030,4.4707641196,0.127586206897,1981MM08,109.938062284
88031,A5,328105,88031,4.46710963455,0.131034482759,1981MM09,109.867820069
88032,A5,328105,88032,4.4634551495,0.134482758621,1981MM10,109.797577855
88033,A5,328105,88033,4.45980066445,0.137931034483,1981MM11,109.72733564
88034,A5,328105,88034,4.4561461794,0.141379310345,1981MM12,109.657093426
88036,A5,328105,88036,4.45249169435,0.144827586207,1982MM01,109.586851211
88037,A5,328105,88037,4.4488372093,0.148275862069,1982MM02,109.516608997
88038,A5,328105,88038,4.44518272425,0.151724137931,1982MM03,109.446366782
88039,A5,328105,88039,4.4415282392,0.155172413793,1982MM04,109.376124567
88040,A5,328105,88040,4.43787375415,0.158620689655,1982MM05,109.305882353
88041,A5,328105,88041,4.4342192691,0.162068965517,1982MM06,109.235640138
88042,A5,328105,88042,4.43056478405,0.165517241379,1982MM07,109.165397924
88043,A5,328105,88043,4.426910299,0.168965517241,1982MM08,109.095155709
88044,A5,328105,88044,4.42325581395,0.172413793103,1982MM09,109.024913495
88045,A5,328105,88045,4.4196013289,0.175862068966,1982MM10,108.95467128
88046,A5,328105,88046,4.41594684385,0.179310344828,1982MM11,108.884429066
88047,A5,328105,88047,4.4122923588,0.18275862069,1982MM12,108.814186851
88049,A5,328105,88049,4.40863787375,0.186206896552,1983MM01,108.743944637
88050,A5,328105,88050,4.4049833887,0.189655172414,1983MM02,108.673702422
88051,A5,328105,88051,4.40132890365,0.193103448276,1983MM03,108.603460208
88052,A5,328105,88052,4.3976744186,0.196551724138,1983MM04,108.533217993
88053,A5,328105,88053,4.39401993355,0.2,1983MM05,108.462975779
88054,A5,328105,88054,4.3903654485,0.203448275862,1983MM06,108.392733564
88055,A5,328105,88055,4.38671096346,0.206896551724,1983MM07,108.322491349
88056,A5,328105,88056,4.38305647841,0.210344827586,1983MM08,108.252249135
88057,A5,328105,88057,4.37940199336,0.213793103448,1983MM09,108.18200692
88058,A5,328105,88058,4.37574750831,0.21724137931,1983MM10,108.111764706
88059,A5,328105,88059,4.37209302326,0.220689655172,1983MM11,108.041522491
88060,A5,328105,88060,4.36843853821,0.224137931034,1983MM12,107.971280277
88062,A5,328105,88062,4.36478405316,0.227586206897,1984MM01,107.901038062
88063,A5,328105,88063,4.36112956811,0.231034482759,1984MM02,107.830795848
88064,A5,328105,88064,4.35747508306,0.234482758621,1984MM03,107.760553633
88065,A5,328105,88065,4.35382059801,0.237931034483,1984MM04,107.690311419
88066,A5,328105,88066,4.35016611296,0.241379310345,1984MM05,107.620069204
88067,A5,328105,88067,4.34651162791,0.244827586207,1984MM06,107.54982699
88068,A5,328105,88068,4.34285714286,0.248275862069,1984MM07,107.479584775
88069,A5,328105,88069,4.33920265781,0.251724137931,1984MM08,107.409342561
88070,A5,328105,88070,4.33554817276,0.255172413793,1984MM09,107.339100346
88071,A5,328105,88071,4.33189368771,0.258620689655,1984MM10,107.268858131
88072,A5,328105,88072,4.32823920266,0.262068965517,1984MM11,107.198615917
88073,A5,328105,88073,4.32458471761,0.265517241379,1984MM12,107.128373702
88075,A5,328105,88075,4.32093023256,0.268965517241,1985MM01,107.058131488
88076,A5,328105,88076,4.31727574751,0.272413793103,1985MM02,106.987889273
88077,A5,328105,88077,4.31362126246,0.275862068966,1985MM03,106.917647059
88078,A5,328105,88078,4.30996677741,0.279310344828,1985MM04,106.847404844
88079,A5,328105,88079,4.30631229236,0.28275862069,1985MM05,106.77716263
88080,A5,328105,88080,4.30265780731,0.286206896552,1985MM06,106.706920415
88081,A5,328105,88081,4.29900332226,0.289655172414,1985MM07,106.636678201
88082,A5,328105,88082,4.29534883721,0.293103448276,1985MM08,106.566435986
88083,A5,328105,88083,4.29169435216,0.296551724138,1985MM09,106.496193772
88084,A5,328105,88084,4.28803986711,0.3,1985MM10,106.425951557
88085,A5,328105,88085,4.28438538206,0.303448275862,1985MM11,106.355709343
88086,A5,328105,88086,4.28073089701,0.306896551724,1985MM12,106.285467128
88088,A5,328105,88088,4.27707641196,0.310344827586,1986MM01,106.215224913
88089,A5,328105,88089,4.27342192691,0.313793103448,1986MM02,106.144982699
88090,A5,328105,88090,4.26976744186,0.31724137931,1986MM03,106.074740484
88091,A5,328105,88091,4.26611295681,0.320689655172,1986MM04,106.00449827
88092,A5,328105,88092,4.26245847176,0.324137931034,1986MM05,105.934256055
88093,A5,328105,88093,4.25880398671,0.327586206897,1986MM06,105.864013841
88094,A5,328105,88094,4.25514950166,0.331034482759,1986MM07,105.793771626
88095,A5,328105,88095,4.25149501661,0.334482758621,1986MM08,105.723529412
88096,A5,328105,88096,4.24784053156,0.337931034483,1986MM09,105.653287197
88097,A5,328105,88097,4.24418604651,0.341379310345,1986MM10,105.583044983
88098,A5,328105,88098,4.24053156146,0.344827586207,1986MM11,105.512802768
88099,A5,328105,88099,4.23687707641,0.348275862069,1986MM12,105.442560554
88101,A5,328105,88101,4.23322259136,0.351724137931,1987MM01,105.372318339
88102,A5,328105,88102,4.22956810631,0.355172413793,1987MM02,105.302076125
88103,A5,328105,88103,4.22591362126,0.358620689655,1987MM03,105.23183391
88104,A5,328105,88104,4.22225913621,0.362068965517,1987MM04,105.161591696
88105,A5,328105,88105,4.21860465116,0.365517241379,1987MM05,105.091349481
88106,A5,328105,88106,4.21495016611,0.368965517241,1987MM06,105.021107266
88107,A5,328105,88107,4.21129568106,0.372413793103,1987MM07,104.950865052
88108,A5,328105,88108,4.20764119601,0.375862068966,1987MM08,104.880622837
88109,A5,328105,88109,4.20398671096,0.379310344828,1987MM09,104.810380623
88110,A5,328105,88110,4.20033222591,0.38275862069,1987MM10,104.740138408
88111,A5,328105,88111,4.19667774086,0.386206896552,1987MM11,104.669896194
88112,A5,328105,88112,4.19302325581,0.389655172414,1987MM12,104.599653979
88114,A5,328105,88114,4.18936877076,0.393103448276,1988MM01,104.529411765
88115,A5,328105,88115,4.18571428571,0.396551724138,1988MM02,104.45916955
88116,A5,328105,88116,4.18205980066,0.4,1988MM03,104.388927336
88117,A5,328105,88117,4.17840531561,0.403448275862,1988MM04,104.318685121
88118,A5,328105,88118,4.17475083056,0.406896551724,1988MM05,104.248442907
88119,A5,328105,88119,4.17109634551,0.410344827586,1988MM06,104.178200692
88120,A5,328105,88120,4.16744186047,0.413793103448,1988MM07,104.107958478
88121,A5,328105,88121,4.16378737542,0.41724137931,1988MM08,104.037716263
88122,A5,328105,88122,4.16013289037,0.420689655172,1988MM09,103.967474048
88123,A5,328105,88123,4.15647840532,0.424137931034,1988MM10,103.897231834
88124,A5,328105,88124,4.15282392027,0.427586206897,1988MM11,103.826989619
88125,A5,328105,88125,4.14916943522,0.431034482759,1988MM12,103.756747405
88127,A5,328105,88127,4.14551495017,0.434482758621,1989MM01,103.68650519
88128,A5,328105,88128,4.14186046512,0.437931034483,1989MM02,103.616262976
88129,A5,328105,88129,4.13820598007,0.441379310345,1989MM03,103.546020761
88130,A5,328105,88130,4.13455149502,0.444827586207,1989MM04,103.475778547
88131,A5,328105,88131,4.13089700997,0.448275862069,1989MM05,103.405536332
88132,A5,328105,88132,4.12724252492,0.451724137931,1989MM06,103.335294118
88133,A5,328105,88133,4.12358803987,0.455172413793,1989MM07,103.265051903
88134,A5,328105,88134,4.11993355482,0.458620689655,1989MM08,103.194809689
88135,A5,328105,88135,4.11627906977,0.462068965517,1989MM09,103.124567474
88136,A5,328105,88136,4.11262458472,0.465517241379,1989MM10,103.05432526
88137,A5,328105,88137,4.10897009967,0.468965517241,1989MM11,102.984083045
88138,A5,328105,88138,4.10531561462,0.472413793103,1989MM12,102.91384083
88140,A5,328105,88140,4.10166112957,0.475862068966,1990MM01,102.843598616
88141,A5,328105,88141,4.09800664452,0.479310344828,1990MM02,102.773356401
88142,A5,328105,88142,4.09435215947,0.48275862069,1990MM03,102.703114187
88143,A5,328105,88143,4.09069767442,0.486206896552,1990MM04,102.632871972
88144,A5,328105,88144,4.08704318937,0.489655172414,1990MM05,102.562629758
88145,A5,328105,88145,4.08338870432,0.493103448276,1990MM06,102.492387543
88146,A5,328105,88146,4.07973421927,0.496551724138,1990MM07,102.422145329
88147,A5,328105,88147,4.07607973422,0.5,1990MM08,102.351903114
88148,A5,328105,88148,4.07242524917,0.503448275862,1990MM09,102.2816609
88149,A5,328105,88149,4.06877076412,0.506896551724,1990MM10,102.211418685
88150,A5,328105,88150,4.06511627907,0.510344827586,1990MM11,102.141176471
88151,A5,328105,88151,4.06146179402,0.513793103448,1990MM12,102.070934256
88153,A5,328105,88153,4.05780730897,0.51724137931,1991MM01,102.000692042
88154,A5,328105,88154,4.05415282392,0.520689655172,1991MM02,101.930449827
88155,A5,328105,88155,4.05049833887,0.524137931034,1991MM03,101.860207612
88156,A5,328105,88156,4.04684385382,0.527586206897,1991MM04,101.789965398
88157,A5,328105,88157,4.04318936877,0.531034482759,1991MM05,101.719723183
88158,A5,328105,88158,4.03953488372,0.534482758621,1991MM06,101.649480969
88159,A5,328105,88159,4.03588039867,0.537931034483,1991MM07,101.579238754
88160,A5,328105,88160,4.03222591362,0.541379310345,1991MM08,101.50899654
88161,A5,328105,88161,4.02857142857,0.544827586207,1991MM09,101.438754325
88162,A5,328105,88162,4.02491694352,0.548275862069,1991MM10,101.368512111
88163,A5,328105,88163,4.02126245847,0.551724137931,1991MM11,101.298269896
88164,A5,328105,88164,4.01760797342,0.555172413793,1991MM12,101.228027682
88166,A5,328105,88166,4.01395348837,0.558620689655,1992MM01,101.157785467
88167,A5,328105,88167,4.01029900332,0.562068965517,1992MM02,101.087543253
88168,A5,328105,88168,4.00664451827,0.565517241379,1992MM03,101.017301038
88169,A5,328105,88169,4.00299003322,0.568965517241,1992MM04,100.947058824
88170,A5,328105,88170,3.99933554817,0.572413793103,1992MM05,100.876816609
88171,A5,328105,88171,3.99568106312,0.575862068966,1992MM06,100.806574394
88172,A5,328105,88172,3.99202657807,0.579310344828,1992MM07,100.73633218
88173,A5,328105,88173,3.98837209302,0.58275862069,1992MM08,100.666089965
88174,A5,328105,88174,3.98471760797,0.586206896552,1992MM09,100.595847751
88175,A5,328105,88175,3.98106312292,0.589655172414,1992MM10,100.525605536
88176,A5,328105,88176,3.97740863787,0.593103448276,1992MM11,100.455363322
88177,A5,328105,88177,3.97375415282,0.596551724138,1992MM12,100.385121107
88179,A5,328105,88179,3.97009966777,0.6,1993MM01,100.314878893
88180,A5,328105,88180,3.96644518272,0.603448275862,1993MM02,100.244636678
88181,A5,328105,88181,3.96279069767,0.606896551724,1993MM03,100.174394464
88182,A5,328105,88182,3.95913621262,0.610344827586,1993MM04,100.104152249
88183,A5,328105,88183,3.95548172757,0.613793103448,1993MM05,100.033910035
88184,A5,328105,88184,3.95182724252,0.61724137931,1993MM06,99.9636678201
88185,A5,328105,88185,3.94817275748,0.620689655172,1993MM07,99.8934256055
88186,A5,328105,88186,3.94451827243,0.624137931034,1993MM08,99.823183391
88187,A5,328105,88187,3.94086378738,0.627586206897,1993MM09,99.7529411765
88188,A5,328105,88188,3.93720930233,0.631034482759,1993MM10,99.6826989619
88189,A5,328105,88189,3.93355481728,0.634482758621,1993MM11,99.6124567474
88190,A5,328105,88190,3.92990033223,0.637931034483,1993MM12,99.5422145329
88192,A5,328105,88192,3.92624584718,0.641379310345,1994MM01,99.4719723183
88193,A5,328105,88193,3.92259136213,0.644827586207,1994MM02,99.4017301038
88194,A5,328105,88194,3.91893687708,0.648275862069,1994MM03,99.3314878893
88195,A5,328105,88195,3.91528239203,0.651724137931,1994MM04,99.2612456747
88196,A5,328105,88196,3.91162790698,0.655172413793,1994MM05,99.1910034602
88197,A5,328105,88197,3.90797342193,0.658620689655,1994MM06,99.1207612457
88198,A5,328105,88198,3.90431893688,0.662068965517,1994MM07,99.0505190311
88199,A5,328105,88199,3.90066445183,0.665517241379,1994MM08,98.9802768166
88200,A5,328105,88200,3.89700996678,0.668965517241,1994MM09,98.9100346021
88201,A5,328105,88201,3.89335548173,0.672413793103,1994MM10,98.8397923875
88202,A5,328105,88202,3.88970099668,0.675862068966,1994MM11,98.769550173
88203,A5,328105,88203,3.88604651163,0.679310344828,1994MM12,98.6993079585
88205,A5,328105,88205,3.88239202658,0.68275862069,1995MM01,98.6290657439
88206,A5,328105,88206,3.87873754153,0.686206896552,1995MM02,98.5588235294
88207,A5,328105,88207,3.87508305648,0.689655172414,1995MM03,98.4885813149
88208,A5,328105,88208,3.87142857143,0.693103448276,1995MM04,98.4183391003
88209,A5,328105,88209,3.86777408638,0.696551724138,1995MM05,98.3480968858
88210,A5,328105,88210,3.86411960133,0.7,1995MM06,98.2778546713
88211,A5,328105,88211,3.86046511628,0.703448275862,1995MM07,98.2076124567
88212,A5,328105,88212,3.85681063123,0.706896551724,1995MM08,98.1373702422
88213,A5,328105,88213,3.85315614618,0.710344827586,1995MM09,98.0671280277
88214,A5,328105,88214,3.84950166113,0.713793103448,1995MM10,97.9968858131
88215,A5,328105,88215,3.84584717608,0.71724137931,1995MM11,97.9266435986
88216,A5,328105,88216,3.84219269103,0.720689655172,1995MM12,97.8564013841
88218,A5,328105,88218,3.83853820598,0.724137931034,1996MM01,97.7861591696
88219,A5,328105,88219,3.83488372093,0.727586206897,1996MM02,97.715916955
88220,A5,328105,88220,3.83122923588,0.731034482759,1996MM03,97.6456747405
88221,A5,328105,88221,3.82757475083,0.734482758621,1996MM04,97.575432526
88222,A5,328105,88222,3.82392026578,0.737931034483,1996MM05,97.5051903114
88223,A5,328105,88223,3.82026578073,0.741379310345,1996MM06,97.4349480969
88224,A5,328105,88224,3.81661129568,0.744827586207,1996MM07,97.3647058824
88225,A5,328105,88225,3.81295681063,0.748275862069,1996MM08,97.2944636678
88226,A5,328105,88226,3.80930232558,0.751724137931,1996MM09,97.2242214533
88227,A5,328105,88227,3.80564784053,0.755172413793,1996MM10,97.1539792388
88228,A5,328105,88228,3.80199335548,0.758620689655,1996MM11,97.0837370242
88229,A5,328105,88229,3.79833887043,0.762068965517,1996MM12,97.0134948097
88231,A5,328105,88231,3.79468438538,0.765517241379,1997MM01,96.9432525952
88232,A5,328105,88232,3.79102990033,0.768965517241,1997MM02,96.8730103806
88233,A5,328105,88233,3.78737541528,0.772413793103,1997MM03,96.8027681661
88234,A5,328105,88234,3.78372093023,0.775862068966,1997MM04,96.7325259516
88235,A5,328105,88235,3.78006644518,0.779310344828,1997MM05,96.662283737
88236,A5,328105,88236,3.77641196013,0.78275862069,1997MM06,96.5920415225
88237,A5,328105,88237,3.77275747508,0.786206896552,1997MM07,96.521799308
88238,A5,328105,88238,3.76910299003,0.789655172414,1997MM08,96.4515570934
88239,A5,328105,88239,3.76544850498,0.793103448276,1997MM09,96.3813148789
88240,A5,328105,88240,3.76179401993,0.796551724138,1997MM10,96.3110726644
88241,A5,328105,88241,3.75813953488,0.8,1997MM11,96.2408304498
88242,A5,328105,88242,3.75448504983,0.803448275862,1997MM12,96.1705882353
88244,A5,328105,88244,3.75083056478,0.806896551724,1998MM01,96.1003460208
88245,A5,328105,88245,3.74717607973,0.810344827586,1998MM02,96.0301038062
88246,A5,328105,88246,3.74352159468,0.813793103448,1998MM03,95.9598615917
88247,A5,328105,88247,3.73986710963,0.81724137931,1998MM04,95.8896193772
88248,A5,328105,88248,3.73621262458,0.820689655172,1998MM05,95.8193771626
88249,A5,328105,88249,3.73255813953,0.824137931034,1998MM06,95.7491349481
88250,A5,328105,88250,3.72890365449,0.827586206897,1998MM07,95.6788927336
88251,A5,328105,88251,3.72524916944,0.831034482759,1998MM08,95.608650519
88252,A5,328105,88252,3.72159468439,0.834482758621,1998MM09,95.5384083045
88253,A5,328105,88253,3.71794019934,0.837931034483,1998MM10,95.46816609
88254,A5,328105,88254,3.71428571429,0.841379310345,1998MM11,95.3979238754
88255,A5,328105,88255,3.71063122924,0.844827586207,1998MM12,95.3276816609
88257,A5,328105,88257,3.70697674419,0.848275862069,1999MM01,95.2574394464
88258,A5,328105,88258,3.70332225914,0.851724137931,1999MM02,95.1871972318
88259,A5,328105,88259,3.69966777409,0.855172413793,1999MM03,95.1169550173
88260,A5,328105,88260,3.69601328904,0.858620689655,1999MM04,95.0467128028
88261,A5,328105,88261,3.69235880399,0.862068965517,1999MM05,94.9764705882
88262,A5,328105,88262,3.68870431894,0.865517241379,1999MM06,94.9062283737
88263,A5,328105,88263,3.68504983389,0.868965517241,1999MM07,94.8359861592
88264,A5,328105,88264,3.68139534884,0.872413793103,1999MM08,94.7657439446
88265,A5,328105,88265,3.67774086379,0.875862068966,1999MM09,94.6955017301
88266,A5,328105,88266,3.67408637874,0.879310344828,1999MM10,94.6252595156
88267,A5,328105,88267,3.67043189369,0.88275862069,1999MM11,94.555017301
88268,A5,328105,88268,3.66677740864,0.886206896552,1999MM12,94.4847750865
88270,A5,328105,88270,3.66312292359,0.889655172414,2000MM01,94.414532872
88271,A5,328105,88271,3.65946843854,0.893103448276,2000MM02,94.3442906574
88272,A5,328105,88272,3.65581395349,0.896551724138,2000MM03,94.2740484429
88273,A5,328105,88273,3.65215946844,0.9,2000MM04,94.2038062284
88274,A5,328105,88274,3.64850498339,0.903448275862,2000MM05,94.1335640138
88275,A5,328105,88275,3.64485049834,0.906896551724,2000MM06,94.0633217993
88276,A5,328105,88276,3.64119601329,0.910344827586,2000MM07,93.9930795848
88277,A5,328105,88277,3.63754152824,0.913793103448,2000MM08,93.9228373702
88278,A5,328105,88278,3.63388704319,0.91724137931,2000MM09,93.8525951557
88279,A5,328105,88279,3.63023255814,0.920689655172,2000MM10,93.7823529412
88280,A5,328105,88280,3.62657807309,0.924137931034,2000MM11,93.7121107266
88281,A5,328105,88281,3.62292358804,0.927586206897,2000MM12,93.6418685121
88283,A5,328105,88283,3.61926910299,0.931034482759,2001MM01,93.5716262976
88284,A5,328105,88284,3.61561461794,0.934482758621,2001MM02,93.501384083
88285,A5,328105,88285,3.61196013289,0.937931034483,2001MM03,93.4311418685
88286,A5,328105,88286,3.60830564784,0.941379310345,2001MM04,93.360899654
88287,A5,328105,88287,3.60465116279,0.944827586207,2001MM05,93.2906574394
88288,A5,328105,88288,3.60099667774,0.948275862069,2001MM06,93.2204152249
88289,A5,328105,88289,3.59734219269,0.951724137931,2001MM07,93.1501730104
88290,A5,328105,88290,3.59368770764,0.955172413793,2001MM08,93.0799307958
88291,A5,328105,88291,3.59003322259,0.958620689655,2001MM09,93.0096885813
88292,A5,328105,88292,3.58637873754,0.962068965517,2001MM10,92.9394463668
88293,A5,328105,88293,3.58272425249,0.965517241379,2001MM11,92.8692041522
88294,A5,328105,88294,3.57906976744,0.968965517241,2001MM12,92.7989619377
88296,A5,328105,88296,3.57541528239,0.972413793103,2002MM01,92.7287197232
88297,A5,328105,88297,3.57176079734,0.975862068966,2002MM02,92.6584775087
88298,A5,328105,88298,3.56810631229,0.979310344828,2002MM03,92.5882352941
88299,A5,328105,88299,3.56445182724,0.98275862069,2002MM04,92.5179930796
88300,A5,328105,88300,3.56079734219,0.986206896552,2002MM05,92.4477508651
88301,A5,328105,88301,3.55714285714,0.989655172414,2002MM06,92.3775086505
88302,A5,328105,88302,3.55348837209,0.993103448276,2002MM07,92.307266436
88303,A5,328105,88303,3.54983388704,0.996551724138,2002MM08,92.2370242215
88304,A5,328105,88304,3.54617940199,1.0,2002MM09,92.1667820069
88305,A5,328105,88305,3.54252491694,1.00344827586,2002MM10,92.0965397924
88306,A5,328105,88306,3.53887043189,1.00689655172,2002MM11,92.0262975779
88307,A5,328105,88307,3.53521594684,1.01034482759,2002MM12,91.9560553633
88309,A5,328105,88309,3.53156146179,1.01379310345,2003MM01,91.8858131488
88310,A5,328105,88310,3.52790697674,1.01724137931,2003MM02,91.8155709343
88311,A5,328105,88311,3.52425249169,1.02068965517,2003MM03,91.7453287197
88312,A5,328105,88312,3.52059800664,1.02413793103,2003MM04,91.6750865052
88313,A5,328105,88313,3.51694352159,1.0275862069,2003MM05,91.6048442907
88314,A5,328105,88314,3.51328903654,1.03103448276,2003MM06,91.5346020761
88315,A5,328105,88315,3.5096345515,1.03448275862,2003MM07,91.4643598616
88316,A5,328105,88316,3.50598006645,1.03793103448,2003MM08,91.3941176471
88317,A5,328105,88317,3.5023255814,1.04137931034,2003MM09,91.3238754325
88318,A5,328105,88318,3.49867109635,1.04482758621,2003MM10,91.253633218
88319,A5,328105,88319,3.4950166113,1.04827586207,2003MM11,91.1833910035
88320,A5,328105,88320,3.49136212625,1.05172413793,2003MM12,91.1131487889
88322,A5,328105,88322,3.4877076412,1.05517241379,2004MM01,91.0429065744
88323,A5,328105,88323,3.48405315615,1.05862068966,2004MM02,90.9726643599
88324,A5,328105,88324,3.4803986711,1.06206896552,2004MM03,90.9024221453
88325,A5,328105,88325,3.47674418605,1.06551724138,2004MM04,90.8321799308
88326,A5,328105,88326,3.473089701,1.06896551724,2004MM05,90.7619377163
88327,A5,328105,88327,3.46943521595,1.0724137931,2004MM06,90.6916955017
88328,A5,328105,88328,3.4657807309,1.07586206897,2004MM07,90.6214532872
88329,A5,328105,88329,3.46212624585,1.07931034483,2004MM08,90.5512110727
88330,A5,328105,88330,3.4584717608,1.08275862069,2004MM09,90.4809688581
88331,A5,328105,88331,3.45481727575,1.08620689655,2004MM10,90.4107266436
88332,A5,328105,88332,3.4511627907,1.08965517241,2004MM11,90.3404844291
88333,A5,328105,88333,3.44750830565,1.09310344828,2004MM12,90.2702422145
88335,A5,328105,88335,3.4438538206,1.09655172414,2005MM01,90.2
88336,A5,328105,88336,3.44019933555,1.1,2005MM02,91.2
88337,A5,328105,88337,3.4365448505,0.0,2005MM03,91.3
88338,A5,328105,88338,3.43289036545,0.0,2005MM04,91.3
88339,A5,328105,88339,3.4292358804,0.2,2005MM05,91.5
88340,A5,328105,88340,3.42558139535,0.0,2005MM06,91.5
88341,A5,328105,88341,3.4219269103,-0.9,2005MM07,90.7
88342,A5,328105,88342,3.41827242525,-0.7,2005MM08,90.1
88343,A5,328105,88343,3.4146179402,0.3,2005MM09,90.3
88344,A5,328105,88344,3.41096345515,1.2,2005MM10,91.4
88345,A5,328105,88345,3.4073089701,0.6,2005MM11,91.9
88346,A5,328105,88346,3.40365448505,0.2,2005MM12,92.1
88348,A5,328105,88348,3.4,1.3,2006MM01,93.3
88349,A5,328105,88349,2.9,0.7,2006MM02,93.9
88350,A5,328105,88350,3.3,0.5,2006MM03,94.3
88351,A5,328105,88351,6.0,2.6,2006MM04,96.7
88352,A5,328105,88352,6.0,0.2,2006MM05,97.0
88353,A5,328105,88353,6.8,0.8,2006MM06,97.7
88354,A5,328105,88354,10.3,2.4,2006MM07,100.0
88355,A5,328105,88355,11.6,0.5,2006MM08,100.5
88356,A5,328105,88356,11.4,0.0,2006MM09,100.6
88357,A5,328105,88357,11.7,1.5,2006MM10,102.1
88358,A5,328105,88358,10.2,-0.8,2006MM11,101.3
88359,A5,328105,88359,8.8,-1.1,2006MM12,100.2
88361,A5,328105,88361,8.0,0.5,2007MM01,100.7
88362,A5,328105,88362,6.0,-1.1,2007MM02,99.5
88363,A5,328105,88363,5.8,0.2,2007MM03,99.7
88364,A5,328105,88364,4.9,1.7,2007MM04,101.5
88365,A5,328105,88365,5.8,1.1,2007MM05,102.6
88366,A5,328105,88366,4.8,-0.2,2007MM06,102.4
88367,A5,328105,88367,2.1,-0.3,2007MM07,102.1
88368,A5,328105,88368,1.2,-0.4,2007MM08,101.7
88369,A5,328105,88369,0.4,-0.7,2007MM09,101.0
88370,A5,328105,88370,-1.4,-0.3,2007MM10,100.7
88371,A5,328105,88371,-2.1,-1.4,2007MM11,99.2
88372,A5,328105,88372,-1.0,0.0,2007MM12,99.2
88374,A5,328105,88374,-1.9,-0.5,2008MM01,98.8
88375,A5,328105,88375,0.3,1.0,2008MM02,99.8
88376,A5,328105,88376,0.3,0.2,2008MM03,100.0
88377,A5,328105,88377,0.4,1.9,2008MM04,101.9
88378,A5,328105,88378,2.8,3.5,2008MM05,105.5
88379,A5,328105,88379,5.9,2.8,2008MM06,108.4
88380,A5,328105,88380,9.3,3.0,2008MM07,111.7
88381,A5,328105,88381,11.9,2.0,2008MM08,113.9
88382,A5,328105,88382,11.5,-1.1,2008MM09,112.6
88383,A5,328105,88383,10.2,-1.5,2008MM10,111.0
88384,A5,328105,88384,7.1,-4.3,2008MM11,106.2
88385,A5,328105,88385,0.4,-6.2,2008MM12,99.7
88387,A5,328105,88387,-0.2,-1.1,2009MM01,98.6
88388,A5,328105,88388,-2.8,-1.6,2009MM02,97.0
88389,A5,328105,88389,-3.5,-0.5,2009MM03,96.5
88390,A5,328105,88390,-8.2,-3.1,2009MM04,93.5
88391,A5,328105,88391,-12.1,-0.9,2009MM05,92.7
88392,A5,328105,88392,-14.7,-0.2,2009MM06,92.5
88393,A5,328105,88393,-17.8,-0.8,2009MM07,91.8
88394,A5,328105,88394,-19.4,0.0,2009MM08,91.8
88395,A5,328105,88395,-18.4,0.1,2009MM09,91.9
88396,A5,328105,88396,-16.4,1.0,2009MM10,92.8
88397,A5,328105,88397,-13.2,-0.6,2009MM11,92.2
88398,A5,328105,88398,-6.8,0.8,2009MM12,92.9
88400,A5,328105,88400,-5.6,0.1,2010MM01,93.0
88401,A5,328105,88401,-3.0,1.2,2010MM02,94.1
88402,A5,328105,88402,-1.1,1.5,2010MM03,95.5
88403,A5,328105,88403,6.9,4.8,2010MM04,100.0
88404,A5,328105,88404,11.8,3.6,2010MM05,103.7
88405,A5,328105,88405,12.7,0.5,2010MM06,104.2
88406,A5,328105,88406,10.6,-2.6,2010MM07,101.5
88407,A5,328105,88407,10.9,0.2,2010MM08,101.8
88408,A5,328105,88408,10.6,-0.1,2010MM09,101.6
88409,A5,328105,88409,8.8,-0.7,2010MM10,100.9
88410,A5,328105,88410,10.2,0.7,2010MM11,101.7
88411,A5,328105,88411,9.8,0.3,2010MM12,102.0
88413,A5,328105,88413,12.0,2.1,2011MM01,104.1
88414,A5,328105,88414,12.0,1.3,2011MM02,105.4
88415,A5,328105,88415,12.3,1.7,2011MM03,107.2
88416,A5,328105,88416,7.6,0.4,2011MM04,107.6
88417,A5,328105,88417,3.9,0.0,2011MM05,107.6
88418,A5,328105,88418,2.7,-0.6,2011MM06,107.0
88419,A5,328105,88419,5.4,0.0,2011MM07,107.0
88420,A5,328105,88420,5.1,0.0,2011MM08,107.0
88421,A5,328105,88421,4.4,-0.8,2011MM09,106.1
88422,A5,328105,88422,4.5,-0.6,2011MM10,105.5
88423,A5,328105,88423,3.2,-0.6,2011MM11,104.9
88424,A5,328105,88424,1.9,-0.9,2011MM12,103.9
88426,A5,328105,88426,0.7,0.9,2012MM01,104.8
88427,A5,328105,88427,-0.3,0.2,2012MM02,105.1
88428,A5,328105,88428,-2.0,0.0,2012MM03,105.0
88429,A5,328105,88429,-2.9,-0.5,2012MM04,104.5
88430,A5,328105,88430,-3.8,-1.0,2012MM05,103.5
88431,A5,328105,88431,-4.0,-0.8,2012MM06,102.7
88432,A5,328105,88432,-4.3,-0.3,2012MM07,102.4
88433,A5,328105,88433,-5.4,-1.2,2012MM08,101.1
88434,A5,328105,88434,-4.6,0.1,2012MM09,101.3
88435,A5,328105,88435,-4.4,-0.4,2012MM10,100.9
88436,A5,328105,88436,-4.1,-0.3,2012MM11,100.6
88437,A5,328105,88437,-2.4,0.8,2012MM12,101.4
88439,A5,328105,88439,-2.6,0.6,2013MM01,102.1
88440,A5,328105,88440,-2.4,0.5,2013MM02,102.6
88441,A5,328105,88441,-2.5,-0.2,2013MM03,102.4
88442,A5,328105,88442,-2.9,-0.9,2013MM04,101.5
88443,A5,328105,88443,-2.7,-0.8,2013MM05,100.7
88444,A5,328105,88444,-2.7,-0.8,2013MM06,99.9
88445,A5,328105,88445,-3.2,-0.8,2013MM07,99.1
88446,A5,328105,88446,-1.9,0.1,2013MM08,99.2
88447,A5,328105,88447,-1.6,0.5,2013MM09,99.7
88448,A5,328105,88448,-1.4,-0.2,2013MM10,99.6
88449,A5,328105,88449,-1.3,-0.3,2013MM11,99.3
88450,A5,328105,88450,-2.1,0.0,2013MM12,99.3
88452,A5,328105,88452,-2.0,0.7,2014MM01,100.0
88453,A5,328105,88453,-2.7,-0.2,2014MM02,99.8
88454,A5,328105,88454,-2.8,-0.2,2014MM03,99.5
88455,A5,328105,88455,-2.2,-0.3,2014MM04,99.3
88456,A5,328105,88456,-1.3,0.1,2014MM05,99.4
88457,A5,328105,88457,-0.2,0.4,2014MM06,99.7
88458,A5,328105,88458,0.3,-0.3,2014MM07,99.4
88459,A5,328105,88459,0.0,-0.2,2014MM08,99.2
88460,A5,328105,88460,0.0,0.5,2014MM09,99.8
88461,A5,328105,88461,0.2,0.0,2014MM10,99.8
88462,A5,328105,88462,0.6,0.1,2014MM11,99.8
88463,A5,328105,88463,0.4,-0.2,2014MM12,99.6
88465,A5,328105,88465,-0.5,-0.1,2015MM01,99.5
88466,A5,328105,88466,-0.3,0.0,2015MM02,99.5
88467,A5,328105,88467,0.3,0.4,2015MM03,99.8
88468,A5,328105,88468,0.9,0.3,2015MM04,100.1
88469,A5,328105,88469,0.7,-0.1,2015MM05,100.1
88470,A5,328105,88470,-0.1,-0.4,2015MM06,99.7
88471,A5,328105,88471,0.1,-0.2,2015MM07,99.5
88472,A5,328105,88472,-0.2,-0.4,2015MM08,99.1
88473,A5,328105,88473,-0.9,-0.2,2015MM09,98.9
88474,A5,328105,88474,-1.2,-0.3,2015MM10,98.6
88475,A5,328105,88475,-1.9,-0.7,2015MM11,98.0
88476,A5,328105,88476,-2.8,-1.2,2015MM12,96.8
88478,A5,328105,88478,-3.6,-0.9,2016MM01,95.9
88479,A5,328105,88479,-3.8,-0.2,2016MM02,95.7
88480,A5,328105,88480,-4.7,-0.5,2016MM03,95.2
88481,A5,328105,88481,-4.6,0.4,2016MM04,95.5
88482,A5,328105,88482,-3.7,0.9,2016MM05,96.4
88483,A5,328105,88483,-2.8,0.5,2016MM06,96.9
88484,A5,328105,88484,-1.9,0.7,2016MM07,97.6
88485,A5,328105,88485,-0.8,0.7,2016MM08,98.2
88486,A5,328105,88486,-0.5,0.1,2016MM09,98.4
88487,A5,328105,88487,0.1,0.4,2016MM10,98.7
88488,A5,328105,88488,1.0,0.2,2016MM11,99.0
88489,A5,328105,88489,3.2,1.0,2016MM12,99.9
88491,A5,328105,88491,5.9,1.6,2017MM01,101.6
88492,A5,328105,88492,8.1,1.8,2017MM02,103.4
88493,A5,328105,88493,10.1,1.3,2017MM03,104.8
88494,A5,328105,88494,10.7,0.8,2017MM04,105.7
88495,A5,328105,88495,9.8,0.1,2017MM05,105.8
88496,A5,328105,88496,8.9,-0.4,2017MM06,105.4
88497,A5,328105,88497,7.5,-0.6,2017MM07,104.9
88498,A5,328105,88498,7.3,0.5,2017MM08,105.4
88499,A5,328105,88499,7.7,0.5,2017MM09,105.9
88500,A5,328105,88500,7.6,0.2,2017MM10,106.2
88501,A5,328105,88501,7.8,0.5,2017MM11,106.7
88502,A5,328105,88502,5.9,-0.8,2017MM12,105.8
