,Afzet,BedrijfstakkenBranchesSBI2008,ID,OntwikkelingTOV1JaarEerder_2,OntwikkelingTOV1MaandEerder_3,Perioden,ProducentenprijsindexPPI_1
22919,A6,328110,22919,,,2005MM01,91.8
22920,A6,328110,22920,,0.3,2005MM02,92.0
22921,A6,328110,22921,,0.1,2005MM03,92.1
22922,A6,328110,22922,,0.1,2005MM04,92.2
22923,A6,328110,22923,,0.1,2005MM05,92.3
22924,A6,328110,22924,,0.3,2005MM06,92.5
22925,A6,328110,22925,,-0.2,2005MM07,92.4
22926,A6,328110,22926,,-0.1,2005MM08,92.3
22927,A6,328110,22927,,0.1,2005MM09,92.3
22928,A6,328110,22928,,0.4,2005MM10,92.7
22929,A6,328110,22929,,0.1,2005MM11,92.8
22930,A6,328110,22930,,0.1,2005MM12,92.9
22932,A6,328110,22932,1.9,0.6,2006MM01,93.5
22933,A6,328110,22933,1.7,0.1,2006MM02,93.6
22934,A6,328110,22934,1.8,0.1,2006MM03,93.7
22935,A6,328110,22935,2.5,0.9,2006MM04,94.5
22936,A6,328110,22936,2.4,0.0,2006MM05,94.5
22937,A6,328110,22937,2.4,0.2,2006MM06,94.7
22938,A6,328110,22938,3.6,1.1,2006MM07,95.8
22939,A6,328110,22939,3.9,0.2,2006MM08,95.9
22940,A6,328110,22940,3.9,0.0,2006MM09,95.9
22941,A6,328110,22941,4.1,0.6,2006MM10,96.5
22942,A6,328110,22942,3.8,-0.1,2006MM11,96.4
22943,A6,328110,22943,3.5,-0.2,2006MM12,96.2
22945,A6,328110,22945,4.0,1.1,2007MM01,97.2
22946,A6,328110,22946,3.6,-0.2,2007MM02,97.0
22947,A6,328110,22947,3.6,0.0,2007MM03,97.1
22948,A6,328110,22948,3.6,0.9,2007MM04,97.9
22949,A6,328110,22949,3.8,0.3,2007MM05,98.2
22950,A6,328110,22950,3.6,0.0,2007MM06,98.2
22951,A6,328110,22951,2.6,0.1,2007MM07,98.3
22952,A6,328110,22952,2.4,-0.1,2007MM08,98.2
22953,A6,328110,22953,2.3,0.0,2007MM09,98.2
22954,A6,328110,22954,2.0,0.2,2007MM10,98.4
22955,A6,328110,22955,1.8,-0.3,2007MM11,98.1
22956,A6,328110,22956,2.0,0.0,2007MM12,98.1
22958,A6,328110,22958,1.2,0.3,2008MM01,98.4
22959,A6,328110,22959,1.7,0.3,2008MM02,98.7
22960,A6,328110,22960,1.7,0.0,2008MM03,98.7
22961,A6,328110,22961,1.7,0.9,2008MM04,99.6
22962,A6,328110,22962,2.3,0.8,2008MM05,100.4
22963,A6,328110,22963,2.9,0.6,2008MM06,101.0
22964,A6,328110,22964,4.2,1.4,2008MM07,102.4
22965,A6,328110,22965,4.8,0.6,2008MM08,102.9
22966,A6,328110,22966,4.6,-0.2,2008MM09,102.7
22967,A6,328110,22967,4.1,-0.3,2008MM10,102.4
22968,A6,328110,22968,3.5,-0.9,2008MM11,101.5
22969,A6,328110,22969,2.0,-1.5,2008MM12,100.0
22971,A6,328110,22971,1.0,-0.6,2009MM01,99.4
22972,A6,328110,22972,0.4,-0.3,2009MM02,99.1
22973,A6,328110,22973,0.1,-0.3,2009MM03,98.8
22974,A6,328110,22974,-1.6,-0.9,2009MM04,98.0
22975,A6,328110,22975,-2.7,-0.3,2009MM05,97.7
22976,A6,328110,22976,-3.4,-0.1,2009MM06,97.5
22977,A6,328110,22977,-5.1,-0.5,2009MM07,97.1
22978,A6,328110,22978,-5.6,0.1,2009MM08,97.2
22979,A6,328110,22979,-5.4,0.0,2009MM09,97.2
22980,A6,328110,22980,-5.0,0.1,2009MM10,97.3
22981,A6,328110,22981,-4.3,-0.1,2009MM11,97.2
22982,A6,328110,22982,-2.6,0.2,2009MM12,97.4
22984,A6,328110,22984,-1.7,0.3,2010MM01,97.7
22985,A6,328110,22985,-1.1,0.3,2010MM02,98.0
22986,A6,328110,22986,-0.5,0.4,2010MM03,98.3
22987,A6,328110,22987,1.9,1.5,2010MM04,99.8
22988,A6,328110,22988,3.1,0.9,2010MM05,100.7
22989,A6,328110,22989,3.5,0.2,2010MM06,100.9
22990,A6,328110,22990,3.6,-0.3,2010MM07,100.6
22991,A6,328110,22991,3.7,0.1,2010MM08,100.7
22992,A6,328110,22992,3.8,0.1,2010MM09,100.8
22993,A6,328110,22993,3.4,-0.2,2010MM10,100.6
22994,A6,328110,22994,3.7,0.2,2010MM11,100.8
22995,A6,328110,22995,3.8,0.2,2010MM12,101.0
22997,A6,328110,22997,4.5,1.0,2011MM01,102.0
22998,A6,328110,22998,4.5,0.3,2011MM02,102.4
22999,A6,328110,22999,4.4,0.3,2011MM03,102.6
23000,A6,328110,23000,3.2,0.4,2011MM04,103.0
23001,A6,328110,23001,2.4,0.1,2011MM05,103.1
23002,A6,328110,23002,2.0,-0.1,2011MM06,103.0
23003,A6,328110,23003,2.5,0.1,2011MM07,103.1
23004,A6,328110,23004,2.4,0.0,2011MM08,103.1
23005,A6,328110,23005,2.2,-0.1,2011MM09,103.0
23006,A6,328110,23006,2.2,-0.1,2011MM10,102.9
23007,A6,328110,23007,1.9,-0.1,2011MM11,102.8
23008,A6,328110,23008,1.6,-0.1,2011MM12,102.6
23010,A6,328110,23010,1.2,0.6,2012MM01,103.2
23011,A6,328110,23011,0.9,0.1,2012MM02,103.3
23012,A6,328110,23012,0.6,0.0,2012MM03,103.3
23013,A6,328110,23013,0.2,-0.1,2012MM04,103.2
23014,A6,328110,23014,0.0,-0.1,2012MM05,103.1
23015,A6,328110,23015,0.0,-0.1,2012MM06,103.0
23016,A6,328110,23016,0.0,0.1,2012MM07,103.1
23017,A6,328110,23017,-0.2,-0.2,2012MM08,102.9
23018,A6,328110,23018,-0.1,0.0,2012MM09,102.9
23019,A6,328110,23019,0.0,0.0,2012MM10,102.8
23020,A6,328110,23020,0.0,0.0,2012MM11,102.8
23021,A6,328110,23021,0.2,0.1,2012MM12,102.9
23023,A6,328110,23023,0.8,1.2,2013MM01,104.1
23024,A6,328110,23024,0.9,0.2,2013MM02,104.2
23025,A6,328110,23025,0.9,0.0,2013MM03,104.3
23026,A6,328110,23026,0.7,-0.3,2013MM04,103.9
23027,A6,328110,23027,0.6,-0.2,2013MM05,103.7
23028,A6,328110,23028,0.5,-0.2,2013MM06,103.5
23029,A6,328110,23029,0.2,-0.2,2013MM07,103.3
23030,A6,328110,23030,0.4,0.0,2013MM08,103.3
23031,A6,328110,23031,0.4,0.0,2013MM09,103.3
23032,A6,328110,23032,0.4,0.0,2013MM10,103.2
23033,A6,328110,23033,0.4,0.0,2013MM11,103.2
23034,A6,328110,23034,0.3,0.0,2013MM12,103.2
23036,A6,328110,23036,-0.9,0.0,2014MM01,103.2
23037,A6,328110,23037,-1.1,-0.1,2014MM02,103.1
23038,A6,328110,23038,-1.2,-0.1,2014MM03,103.0
23039,A6,328110,23039,-0.9,0.1,2014MM04,103.1
23040,A6,328110,23040,-0.6,0.0,2014MM05,103.1
23041,A6,328110,23041,-0.3,0.1,2014MM06,103.2
23042,A6,328110,23042,0.0,0.1,2014MM07,103.2
23043,A6,328110,23043,0.0,0.0,2014MM08,103.3
23044,A6,328110,23044,0.1,0.1,2014MM09,103.4
23045,A6,328110,23045,0.3,0.2,2014MM10,103.6
23046,A6,328110,23046,0.3,0.0,2014MM11,103.5
23047,A6,328110,23047,0.3,0.0,2014MM12,103.5
23049,A6,328110,23049,0.7,0.3,2015MM01,103.9
23050,A6,328110,23050,1.0,0.2,2015MM02,104.1
23051,A6,328110,23051,1.3,0.2,2015MM03,104.3
23052,A6,328110,23052,2.4,1.2,2015MM04,105.6
23053,A6,328110,23053,2.3,-0.1,2015MM05,105.4
23054,A6,328110,23054,2.0,-0.2,2015MM06,105.2
23055,A6,328110,23055,1.9,0.0,2015MM07,105.2
23056,A6,328110,23056,1.7,-0.2,2015MM08,105.0
23057,A6,328110,23057,1.5,-0.1,2015MM09,104.9
23058,A6,328110,23058,0.9,-0.4,2015MM10,104.5
23059,A6,328110,23059,1.0,0.1,2015MM11,104.6
23060,A6,328110,23060,0.6,-0.5,2015MM12,104.1
23062,A6,328110,23062,0.2,0.0,2016MM01,104.1
23063,A6,328110,23063,-0.1,-0.1,2016MM02,104.0
23064,A6,328110,23064,-0.4,-0.1,2016MM03,103.9
23065,A6,328110,23065,-1.3,0.2,2016MM04,104.1
23066,A6,328110,23066,-1.0,0.2,2016MM05,104.3
23067,A6,328110,23067,-0.7,0.2,2016MM06,104.5
23068,A6,328110,23068,-0.3,0.4,2016MM07,104.9
23069,A6,328110,23069,0.2,0.2,2016MM08,105.1
23070,A6,328110,23070,0.3,0.0,2016MM09,105.2
23071,A6,328110,23071,-0.6,-1.2,2016MM10,103.9
23072,A6,328110,23072,-0.4,0.3,2016MM11,104.2
23073,A6,328110,23073,0.4,0.3,2016MM12,104.5
23075,A6,328110,23075,1.0,0.6,2017MM01,105.1
23076,A6,328110,23076,1.6,0.5,2017MM02,105.7
23077,A6,328110,23077,2.1,0.4,2017MM03,106.1
23078,A6,328110,23078,1.9,0.1,2017MM04,106.2
23079,A6,328110,23079,1.7,-0.1,2017MM05,106.1
23080,A6,328110,23080,1.4,0.0,2017MM06,106.0
23081,A6,328110,23081,1.0,0.0,2017MM07,106.0
23082,A6,328110,23082,0.9,0.1,2017MM08,106.1
23083,A6,328110,23083,1.0,0.1,2017MM09,106.2
23084,A6,328110,23084,2.4,0.1,2017MM10,106.4
23085,A6,328110,23085,2.3,0.2,2017MM11,106.5
23086,A6,328110,23086,1.8,-0.1,2017MM12,106.4
