,Afzet,BedrijfstakkenBranchesSBI2008,ID,OntwikkelingTOV1JaarEerder_2,OntwikkelingTOV1MaandEerder_3,Perioden,ProducentenprijsindexPPI_1
24050,A6,328100,24050,,,1981MM01,51.0
24051,A6,328100,24051,,3.1,1981MM02,52.6
24052,A6,328100,24052,,0.1,1981MM03,52.6
24053,A6,328100,24053,,0.4,1981MM04,52.9
24054,A6,328100,24054,,2.3,1981MM05,54.1
24055,A6,328100,24055,,2.1,1981MM06,55.2
24056,A6,328100,24056,,2.7,1981MM07,56.7
24057,A6,328100,24057,,1.1,1981MM08,57.3
24058,A6,328100,24058,,-2.5,1981MM09,55.9
24059,A6,328100,24059,,0.5,1981MM10,56.2
24060,A6,328100,24060,,-0.8,1981MM11,55.8
24061,A6,328100,24061,,0.4,1981MM12,56.0
24063,A6,328100,24063,13.9,3.8,1982MM01,58.1
24064,A6,328100,24064,12.4,1.7,1982MM02,59.1
24065,A6,328100,24065,13.0,0.7,1982MM03,59.5
24066,A6,328100,24066,12.6,0.0,1982MM04,59.5
24067,A6,328100,24067,7.9,-1.9,1982MM05,58.4
24068,A6,328100,24068,7.6,1.7,1982MM06,59.4
24069,A6,328100,24069,2.2,-2.5,1982MM07,57.9
24070,A6,328100,24070,1.4,0.4,1982MM08,58.2
24071,A6,328100,24071,3.7,-0.2,1982MM09,58.0
24072,A6,328100,24072,-0.9,-4.0,1982MM10,55.7
24073,A6,328100,24073,-0.2,-0.2,1982MM11,55.6
24074,A6,328100,24074,-2.8,-2.2,1982MM12,54.4
24076,A6,328100,24076,-6.8,-0.5,1983MM01,54.1
24077,A6,328100,24077,-7.2,1.3,1983MM02,54.8
24078,A6,328100,24078,-7.2,0.6,1983MM03,55.2
24079,A6,328100,24079,-5.0,2.5,1983MM04,56.6
24080,A6,328100,24080,-2.5,0.6,1983MM05,56.9
24081,A6,328100,24081,-2.2,2.1,1983MM06,58.1
24082,A6,328100,24082,-0.6,-0.9,1983MM07,57.6
24083,A6,328100,24083,1.2,2.2,1983MM08,58.9
24084,A6,328100,24084,1.9,0.5,1983MM09,59.2
24085,A6,328100,24085,4.1,-2.0,1983MM10,58.0
24086,A6,328100,24086,5.7,1.4,1983MM11,58.8
24087,A6,328100,24087,9.6,1.4,1983MM12,59.6
24089,A6,328100,24089,12.8,2.4,1984MM01,61.0
24090,A6,328100,24090,10.9,-0.4,1984MM02,60.8
24091,A6,328100,24091,8.9,-1.2,1984MM03,60.1
24092,A6,328100,24092,9.5,3.1,1984MM04,61.9
24093,A6,328100,24093,10.6,1.7,1984MM05,63.0
24094,A6,328100,24094,8.1,-0.2,1984MM06,62.9
24095,A6,328100,24095,10.2,1.0,1984MM07,63.5
24096,A6,328100,24096,8.4,0.6,1984MM08,63.8
24097,A6,328100,24097,9.7,1.7,1984MM09,64.9
24098,A6,328100,24098,11.7,-0.2,1984MM10,64.8
24099,A6,328100,24099,8.5,-1.4,1984MM11,63.8
24100,A6,328100,24100,8.0,0.8,1984MM12,64.4
24102,A6,328100,24102,5.3,-0.2,1985MM01,64.3
24103,A6,328100,24103,5.9,0.2,1985MM02,64.4
24104,A6,328100,24104,7.6,0.4,1985MM03,64.6
24105,A6,328100,24105,4.5,0.1,1985MM04,64.7
24106,A6,328100,24106,2.5,-0.3,1985MM05,64.5
24107,A6,328100,24107,2.1,-0.6,1985MM06,64.1
24108,A6,328100,24108,0.8,-0.3,1985MM07,63.9
24109,A6,328100,24109,-0.5,-0.7,1985MM08,63.5
24110,A6,328100,24110,-2.5,-0.4,1985MM09,63.3
24111,A6,328100,24111,-3.2,-0.9,1985MM10,62.7
24112,A6,328100,24112,-2.1,-0.3,1985MM11,62.5
24113,A6,328100,24113,-3.3,-0.4,1985MM12,62.2
24115,A6,328100,24115,-2.6,0.6,1986MM01,62.6
24116,A6,328100,24116,-3.3,-0.5,1986MM02,62.3
24117,A6,328100,24117,-3.8,-0.3,1986MM03,62.1
24118,A6,328100,24118,-4.1,-0.1,1986MM04,62.1
24119,A6,328100,24119,-3.8,0.0,1986MM05,62.1
24120,A6,328100,24120,-3.1,0.2,1986MM06,62.2
24121,A6,328100,24121,-3.2,-0.5,1986MM07,61.9
24122,A6,328100,24122,-3.2,-0.7,1986MM08,61.5
24123,A6,328100,24123,-3.1,-0.3,1986MM09,61.3
24124,A6,328100,24124,-2.7,-0.4,1986MM10,61.0
24125,A6,328100,24125,-2.1,0.3,1986MM11,61.2
24126,A6,328100,24126,-2.3,-0.7,1986MM12,60.8
24128,A6,328100,24128,-3.8,-0.9,1987MM01,60.2
24129,A6,328100,24129,-3.6,-0.2,1987MM02,60.1
24130,A6,328100,24130,-3.0,0.3,1987MM03,60.3
24131,A6,328100,24131,-2.7,0.2,1987MM04,60.4
24132,A6,328100,24132,-3.8,-1.2,1987MM05,59.7
24133,A6,328100,24133,-3.7,0.2,1987MM06,59.8
24134,A6,328100,24134,-3.2,0.1,1987MM07,59.9
24135,A6,328100,24135,-2.4,0.1,1987MM08,60.0
24136,A6,328100,24136,-1.8,0.3,1987MM09,60.2
24137,A6,328100,24137,-1.4,0.0,1987MM10,60.2
24138,A6,328100,24138,-1.9,-0.2,1987MM11,60.0
24139,A6,328100,24139,-0.9,0.3,1987MM12,60.2
24141,A6,328100,24141,0.6,0.6,1988MM01,60.6
24142,A6,328100,24142,1.9,1.1,1988MM02,61.2
24143,A6,328100,24143,2.5,0.9,1988MM03,61.8
24144,A6,328100,24144,3.0,0.7,1988MM04,62.2
24145,A6,328100,24145,3.1,-1.1,1988MM05,61.6
24146,A6,328100,24146,4.0,1.1,1988MM06,62.2
24147,A6,328100,24147,5.3,1.4,1988MM07,63.1
24148,A6,328100,24148,5.6,0.3,1988MM08,63.3
24149,A6,328100,24149,6.2,0.9,1988MM09,63.9
24150,A6,328100,24150,6.5,0.3,1988MM10,64.1
24151,A6,328100,24151,6.4,-0.3,1988MM11,63.9
24152,A6,328100,24152,6.6,0.5,1988MM12,64.2
24154,A6,328100,24154,7.9,1.8,1989MM01,65.4
24155,A6,328100,24155,7.2,0.5,1989MM02,65.7
24156,A6,328100,24156,6.6,0.3,1989MM03,65.9
24157,A6,328100,24157,6.4,0.6,1989MM04,66.3
24158,A6,328100,24158,7.8,0.2,1989MM05,66.4
24159,A6,328100,24159,6.3,-0.3,1989MM06,66.2
24160,A6,328100,24160,3.9,-0.9,1989MM07,65.6
24161,A6,328100,24161,4.2,0.6,1989MM08,66.0
24162,A6,328100,24162,3.1,-0.3,1989MM09,65.8
24163,A6,328100,24163,2.0,-0.7,1989MM10,65.4
24164,A6,328100,24164,1.7,-0.6,1989MM11,65.0
24165,A6,328100,24165,0.3,-0.9,1989MM12,64.4
24167,A6,328100,24167,-1.5,-0.1,1990MM01,64.4
24168,A6,328100,24168,-3.3,-1.3,1990MM02,63.5
24169,A6,328100,24169,-3.8,-0.2,1990MM03,63.4
24170,A6,328100,24170,-4.5,-0.1,1990MM04,63.3
24171,A6,328100,24171,-4.9,-0.3,1990MM05,63.1
24172,A6,328100,24172,-4.9,-0.3,1990MM06,62.9
24173,A6,328100,24173,-4.4,-0.4,1990MM07,62.7
24174,A6,328100,24174,-5.1,-0.1,1990MM08,62.6
24175,A6,328100,24175,-5.3,-0.4,1990MM09,62.3
24176,A6,328100,24176,-5.6,-1.1,1990MM10,61.7
24177,A6,328100,24177,-5.3,-0.2,1990MM11,61.5
24178,A6,328100,24178,-4.9,-0.4,1990MM12,61.3
24180,A6,328100,24180,-4.8,0.0,1991MM01,61.2
24181,A6,328100,24181,-4.3,-0.8,1991MM02,60.8
24182,A6,328100,24182,-3.8,0.4,1991MM03,61.0
24183,A6,328100,24183,-3.0,0.7,1991MM04,61.4
24184,A6,328100,24184,-3.6,-0.9,1991MM05,60.8
24185,A6,328100,24185,-3.0,0.3,1991MM06,61.0
24186,A6,328100,24186,-3.4,-0.8,1991MM07,60.5
24187,A6,328100,24187,-3.4,-0.1,1991MM08,60.5
24188,A6,328100,24188,-4.0,-1.1,1991MM09,59.8
24189,A6,328100,24189,-3.5,-0.6,1991MM10,59.5
24190,A6,328100,24190,-3.8,-0.5,1991MM11,59.2
24191,A6,328100,24191,-3.3,0.0,1991MM12,59.2
24193,A6,328100,24193,-3.9,-0.6,1992MM01,58.9
24194,A6,328100,24194,-3.1,0.0,1992MM02,58.9
24195,A6,328100,24195,-3.2,0.2,1992MM03,59.0
24196,A6,328100,24196,-3.6,0.3,1992MM04,59.2
24197,A6,328100,24197,-2.5,0.2,1992MM05,59.3
24198,A6,328100,24198,-3.8,-1.0,1992MM06,58.7
24199,A6,328100,24199,-3.3,-0.3,1992MM07,58.6
24200,A6,328100,24200,-3.2,0.0,1992MM08,58.6
24201,A6,328100,24201,-2.6,-0.5,1992MM09,58.3
24202,A6,328100,24202,-2.3,-0.3,1992MM10,58.1
24203,A6,328100,24203,-2.0,-0.1,1992MM11,58.0
24204,A6,328100,24204,-2.2,-0.2,1992MM12,57.9
24206,A6,328100,24206,-1.9,-0.3,1993MM01,57.8
24207,A6,328100,24207,-1.9,-0.1,1993MM02,57.7
24208,A6,328100,24208,-2.9,-0.8,1993MM03,57.3
24209,A6,328100,24209,-1.1,2.1,1993MM04,58.5
24210,A6,328100,24210,-0.9,0.5,1993MM05,58.8
24211,A6,328100,24211,0.7,0.6,1993MM06,59.1
24212,A6,328100,24212,0.6,-0.4,1993MM07,58.9
24213,A6,328100,24213,-0.2,-0.8,1993MM08,58.5
24214,A6,328100,24214,0.3,0.0,1993MM09,58.4
24215,A6,328100,24215,0.4,-0.2,1993MM10,58.3
24216,A6,328100,24216,1.3,0.8,1993MM11,58.8
24217,A6,328100,24217,0.5,-0.9,1993MM12,58.3
24219,A6,328100,24219,1.9,1.1,1994MM01,58.9
24220,A6,328100,24220,2.4,0.4,1994MM02,59.1
24221,A6,328100,24221,4.0,0.8,1994MM03,59.6
24222,A6,328100,24222,2.6,0.8,1994MM04,60.0
24223,A6,328100,24223,1.6,-0.5,1994MM05,59.8
24224,A6,328100,24224,1.1,0.0,1994MM06,59.8
24225,A6,328100,24225,1.7,0.2,1994MM07,59.9
24226,A6,328100,24226,3.7,1.1,1994MM08,60.6
24227,A6,328100,24227,5.4,1.6,1994MM09,61.6
24228,A6,328100,24228,6.6,1.0,1994MM10,62.2
24229,A6,328100,24229,7.1,1.3,1994MM11,63.0
24230,A6,328100,24230,10.2,1.9,1994MM12,64.2
24232,A6,328100,24232,12.2,2.9,1995MM01,66.1
24233,A6,328100,24233,12.4,0.6,1995MM02,66.4
24234,A6,328100,24234,11.4,-0.1,1995MM03,66.4
24235,A6,328100,24235,11.3,0.7,1995MM04,66.8
24236,A6,328100,24236,12.8,0.9,1995MM05,67.4
24237,A6,328100,24237,13.3,0.4,1995MM06,67.7
24238,A6,328100,24238,13.2,0.2,1995MM07,67.8
24239,A6,328100,24239,12.4,0.4,1995MM08,68.1
24240,A6,328100,24240,10.8,0.2,1995MM09,68.2
24241,A6,328100,24241,7.2,-2.2,1995MM10,66.7
24242,A6,328100,24242,4.1,-1.7,1995MM11,65.6
24243,A6,328100,24243,1.5,-0.6,1995MM12,65.2
24245,A6,328100,24245,-1.0,0.3,1996MM01,65.4
24246,A6,328100,24246,-2.6,-1.1,1996MM02,64.7
24247,A6,328100,24247,-2.6,-0.2,1996MM03,64.6
24248,A6,328100,24248,-4.2,-0.9,1996MM04,64.0
24249,A6,328100,24249,-5.0,0.0,1996MM05,64.0
24250,A6,328100,24250,-7.8,-2.5,1996MM06,62.5
24251,A6,328100,24251,-8.8,-1.0,1996MM07,61.8
24252,A6,328100,24252,-10.5,-1.5,1996MM08,60.9
24253,A6,328100,24253,-10.1,0.7,1996MM09,61.4
24254,A6,328100,24254,-8.3,-0.3,1996MM10,61.2
24255,A6,328100,24255,-6.6,0.1,1996MM11,61.2
24256,A6,328100,24256,-5.1,1.0,1996MM12,61.8
24258,A6,328100,24258,-4.0,1.6,1997MM01,62.8
24259,A6,328100,24259,-1.5,1.4,1997MM02,63.7
24260,A6,328100,24260,-0.6,0.8,1997MM03,64.2
24261,A6,328100,24261,1.4,1.1,1997MM04,64.9
24262,A6,328100,24262,2.0,0.6,1997MM05,65.3
24263,A6,328100,24263,5.6,0.9,1997MM06,65.9
24264,A6,328100,24264,8.9,2.1,1997MM07,67.3
24265,A6,328100,24265,12.0,1.4,1997MM08,68.2
24266,A6,328100,24266,11.3,0.1,1997MM09,68.3
24267,A6,328100,24267,11.6,-0.1,1997MM10,68.3
24268,A6,328100,24268,11.7,0.2,1997MM11,68.4
24269,A6,328100,24269,10.7,0.1,1997MM12,68.4
24271,A6,328100,24271,11.4,2.2,1998MM01,69.9
24272,A6,328100,24272,9.3,-0.4,1998MM02,69.7
24273,A6,328100,24273,8.3,-0.1,1998MM03,69.6
24274,A6,328100,24274,5.6,-1.5,1998MM04,68.6
24275,A6,328100,24275,3.8,-1.1,1998MM05,67.8
24276,A6,328100,24276,2.9,0.0,1998MM06,67.8
24277,A6,328100,24277,-0.2,-1.0,1998MM07,67.2
24278,A6,328100,24278,-2.2,-0.6,1998MM08,66.7
24279,A6,328100,24279,-5.3,-3.1,1998MM09,64.7
24280,A6,328100,24280,-9.2,-4.2,1998MM10,62.0
24281,A6,328100,24281,-10.8,-1.5,1998MM11,61.1
24282,A6,328100,24282,-13.3,-2.8,1998MM12,59.4
24284,A6,328100,24284,-16.1,-1.2,1999MM01,58.7
24285,A6,328100,24285,-16.6,-0.9,1999MM02,58.1
24286,A6,328100,24286,-16.3,0.3,1999MM03,58.3
24287,A6,328100,24287,-14.2,1.0,1999MM04,58.8
24288,A6,328100,24288,-12.7,0.7,1999MM05,59.2
24289,A6,328100,24289,-12.1,0.7,1999MM06,59.6
24290,A6,328100,24290,-9.6,1.8,1999MM07,60.7
24291,A6,328100,24291,-8.6,0.4,1999MM08,61.0
24292,A6,328100,24292,-4.7,1.1,1999MM09,61.6
24293,A6,328100,24293,1.5,2.1,1999MM10,62.9
24294,A6,328100,24294,5.3,2.2,1999MM11,64.3
24295,A6,328100,24295,10.7,2.2,1999MM12,65.7
24297,A6,328100,24297,14.5,2.2,2000MM01,67.2
24298,A6,328100,24298,17.5,1.6,2000MM02,68.3
24299,A6,328100,24299,19.0,1.6,2000MM03,69.3
24300,A6,328100,24300,20.6,2.3,2000MM04,71.0
24301,A6,328100,24301,21.8,1.7,2000MM05,72.2
24302,A6,328100,24302,20.8,-0.2,2000MM06,72.0
24303,A6,328100,24303,19.1,0.4,2000MM07,72.3
24304,A6,328100,24304,18.9,0.3,2000MM08,72.5
24305,A6,328100,24305,18.3,0.6,2000MM09,73.0
24306,A6,328100,24306,16.9,0.8,2000MM10,73.6
24307,A6,328100,24307,14.3,-0.1,2000MM11,73.5
24308,A6,328100,24308,10.1,-1.6,2000MM12,72.4
24310,A6,328100,24310,7.1,-0.6,2001MM01,72.0
24311,A6,328100,24311,4.5,-0.8,2001MM02,71.4
24312,A6,328100,24312,2.4,-0.6,2001MM03,71.0
24313,A6,328100,24313,-0.8,-0.8,2001MM04,70.4
24314,A6,328100,24314,-2.0,0.4,2001MM05,70.7
24315,A6,328100,24315,-1.3,0.5,2001MM06,71.1
24316,A6,328100,24316,-2.1,-0.5,2001MM07,70.7
24317,A6,328100,24317,-2.3,0.1,2001MM08,70.8
24318,A6,328100,24318,-3.0,-0.1,2001MM09,70.8
24319,A6,328100,24319,-6.5,-2.7,2001MM10,68.8
24320,A6,328100,24320,-6.9,-0.6,2001MM11,68.4
24321,A6,328100,24321,-6.6,-1.2,2001MM12,67.6
24323,A6,328100,24323,-8.2,-2.3,2002MM01,66.1
24324,A6,328100,24324,-6.9,0.6,2002MM02,66.5
24325,A6,328100,24325,-5.9,0.5,2002MM03,66.8
24326,A6,328100,24326,-4.2,0.9,2002MM04,67.4
24327,A6,328100,24327,-2.4,2.3,2002MM05,69.0
24328,A6,328100,24328,-3.0,-0.1,2002MM06,68.9
24329,A6,328100,24329,-2.2,0.3,2002MM07,69.1
24330,A6,328100,24330,-3.9,-1.6,2002MM08,68.0
24331,A6,328100,24331,-4.2,-0.3,2002MM09,67.8
24332,A6,328100,24332,0.4,1.9,2002MM10,69.1
24333,A6,328100,24333,1.0,0.0,2002MM11,69.1
24334,A6,328100,24334,2.8,0.5,2002MM12,69.5
24336,A6,328100,24336,5.6,0.4,2003MM01,69.8
24337,A6,328100,24337,5.7,0.7,2003MM02,70.2
24338,A6,328100,24338,5.7,0.6,2003MM03,70.6
24339,A6,328100,24339,4.3,-0.5,2003MM04,70.3
24340,A6,328100,24340,1.0,-1.0,2003MM05,69.6
24341,A6,328100,24341,0.9,-0.2,2003MM06,69.5
24342,A6,328100,24342,-0.9,-1.4,2003MM07,68.5
24343,A6,328100,24343,0.7,0.0,2003MM08,68.5
24344,A6,328100,24344,0.7,-0.3,2003MM09,68.3
24345,A6,328100,24345,-0.5,0.7,2003MM10,68.7
24346,A6,328100,24346,-0.3,0.2,2003MM11,68.9
24347,A6,328100,24347,-2.4,-1.6,2003MM12,67.8
24349,A6,328100,24349,-1.0,1.9,2004MM01,69.1
24350,A6,328100,24350,-0.8,0.9,2004MM02,69.7
24351,A6,328100,24351,1.4,2.8,2004MM03,71.6
24352,A6,328100,24352,5.4,3.5,2004MM04,74.1
24353,A6,328100,24353,10.5,3.8,2004MM05,76.9
24354,A6,328100,24354,10.7,0.0,2004MM06,77.0
24355,A6,328100,24355,16.4,3.6,2004MM07,79.8
24356,A6,328100,24356,16.5,0.1,2004MM08,79.8
24357,A6,328100,24357,19.7,2.4,2004MM09,81.8
24358,A6,328100,24358,23.7,4.0,2004MM10,85.0
24359,A6,328100,24359,21.9,-1.2,2004MM11,84.0
24360,A6,328100,24360,24.0,0.1,2004MM12,84.1
24362,A6,328100,24362,22.3769230769,0.75,2005MM01,88.4
24363,A6,328100,24363,20.7538461538,1.4,2005MM02,89.6
24364,A6,328100,24364,19.1307692308,0.2,2005MM03,89.9
24365,A6,328100,24365,17.5076923077,-0.4,2005MM04,89.5
24366,A6,328100,24366,15.8846153846,0.3,2005MM05,89.7
24367,A6,328100,24367,14.2615384615,0.3,2005MM06,90.0
24368,A6,328100,24368,12.6384615385,-1.3,2005MM07,88.8
24369,A6,328100,24369,11.0153846154,-2.0,2005MM08,87.0
24370,A6,328100,24370,9.39230769231,0.5,2005MM09,87.5
24371,A6,328100,24371,7.76923076923,0.4,2005MM10,87.8
24372,A6,328100,24372,6.14615384615,0.9,2005MM11,88.6
24373,A6,328100,24373,4.52307692308,0.2,2005MM12,88.8
24375,A6,328100,24375,2.9,2.5,2006MM01,91.0
24376,A6,328100,24376,2.5,1.0,2006MM02,91.9
24377,A6,328100,24377,2.7,0.4,2006MM03,92.2
24378,A6,328100,24378,5.2,2.0,2006MM04,94.1
24379,A6,328100,24379,5.0,0.1,2006MM05,94.2
24380,A6,328100,24380,6.0,1.3,2006MM06,95.4
24381,A6,328100,24381,12.3,4.5,2006MM07,99.7
24382,A6,328100,24382,15.3,0.6,2006MM08,100.3
24383,A6,328100,24383,14.6,0.0,2006MM09,100.3
24384,A6,328100,24384,16.0,1.6,2006MM10,101.9
24385,A6,328100,24385,14.1,-0.8,2006MM11,101.1
24386,A6,328100,24386,12.6,-1.1,2006MM12,100.0
24388,A6,328100,24388,9.9,0.0,2007MM01,100.0
24389,A6,328100,24389,7.1,-1.6,2007MM02,98.4
24390,A6,328100,24390,6.6,0.0,2007MM03,98.4
24391,A6,328100,24391,6.3,1.7,2007MM04,100.0
24392,A6,328100,24392,7.6,1.4,2007MM05,101.4
24393,A6,328100,24393,6.2,-0.1,2007MM06,101.3
24394,A6,328100,24394,1.4,-0.1,2007MM07,101.2
24395,A6,328100,24395,0.6,-0.2,2007MM08,100.9
24396,A6,328100,24396,0.3,-0.4,2007MM09,100.5
24397,A6,328100,24397,-0.5,0.8,2007MM10,101.4
24398,A6,328100,24398,-1.6,-1.9,2007MM11,99.4
24399,A6,328100,24399,-0.8,-0.3,2007MM12,99.1
24401,A6,328100,24401,-1.6,-0.7,2008MM01,98.4
24402,A6,328100,24402,1.2,1.1,2008MM02,99.5
24403,A6,328100,24403,0.5,-0.7,2008MM03,98.8
24404,A6,328100,24404,-0.2,1.0,2008MM04,99.9
24405,A6,328100,24405,2.5,4.1,2008MM05,103.9
24406,A6,328100,24406,5.4,2.8,2008MM06,106.8
24407,A6,328100,24407,10.9,5.0,2008MM07,112.2
24408,A6,328100,24408,13.0,1.7,2008MM08,114.1
24409,A6,328100,24409,14.2,0.7,2008MM09,114.9
24410,A6,328100,24410,12.7,-0.5,2008MM10,114.3
24411,A6,328100,24411,9.0,-5.2,2008MM11,108.3
24412,A6,328100,24412,0.4,-8.1,2008MM12,99.5
24414,A6,328100,24414,-3.2,-4.3,2009MM01,95.3
24415,A6,328100,24415,-5.7,-1.5,2009MM02,93.8
24416,A6,328100,24416,-5.8,-0.8,2009MM03,93.1
24417,A6,328100,24417,-11.9,-5.5,2009MM04,88.0
24418,A6,328100,24418,-16.4,-1.2,2009MM05,86.9
24419,A6,328100,24419,-18.9,-0.4,2009MM06,86.6
24420,A6,328100,24420,-23.3,-0.7,2009MM07,86.0
24421,A6,328100,24421,-24.4,0.3,2009MM08,86.2
24422,A6,328100,24422,-25.0,0.0,2009MM09,86.2
24423,A6,328100,24423,-22.9,2.2,2009MM10,88.1
24424,A6,328100,24424,-19.2,-0.6,2009MM11,87.5
24425,A6,328100,24425,-10.7,1.5,2009MM12,88.9
24427,A6,328100,24427,-6.3,0.5,2010MM01,89.3
24428,A6,328100,24428,-3.5,1.4,2010MM02,90.6
24429,A6,328100,24429,-0.8,2.0,2010MM03,92.4
24430,A6,328100,24430,13.5,8.1,2010MM04,99.9
24431,A6,328100,24431,20.5,4.9,2010MM05,104.8
24432,A6,328100,24432,21.7,0.6,2010MM06,105.4
24433,A6,328100,24433,19.7,-2.4,2010MM07,103.0
24434,A6,328100,24434,19.8,0.4,2010MM08,103.3
24435,A6,328100,24435,19.7,-0.2,2010MM09,103.2
24436,A6,328100,24436,15.7,-1.2,2010MM10,101.9
24437,A6,328100,24437,17.5,0.9,2010MM11,102.9
24438,A6,328100,24438,16.4,0.5,2010MM12,103.4
24440,A6,328100,24440,18.7,2.5,2011MM01,106.0
24441,A6,328100,24441,19.1,1.8,2011MM02,107.9
24442,A6,328100,24442,19.0,1.8,2011MM03,109.9
24443,A6,328100,24443,11.0,0.9,2011MM04,110.8
24444,A6,328100,24444,6.0,0.2,2011MM05,111.1
24445,A6,328100,24445,4.5,-0.8,2011MM06,110.2
24446,A6,328100,24446,7.1,0.1,2011MM07,110.3
24447,A6,328100,24447,6.4,-0.3,2011MM08,110.0
24448,A6,328100,24448,5.5,-1.0,2011MM09,108.9
24449,A6,328100,24449,5.9,-0.9,2011MM10,107.9
24450,A6,328100,24450,4.0,-0.9,2011MM11,107.0
24451,A6,328100,24451,2.2,-1.2,2011MM12,105.7
24453,A6,328100,24453,0.3,0.6,2012MM01,106.3
24454,A6,328100,24454,-1.2,0.3,2012MM02,106.6
24455,A6,328100,24455,-3.0,-0.1,2012MM03,106.6
24456,A6,328100,24456,-4.3,-0.5,2012MM04,106.1
24457,A6,328100,24457,-5.5,-1.1,2012MM05,104.9
24458,A6,328100,24458,-5.8,-1.1,2012MM06,103.8
24459,A6,328100,24459,-6.4,-0.6,2012MM07,103.2
24460,A6,328100,24460,-7.6,-1.5,2012MM08,101.7
24461,A6,328100,24461,-6.3,0.3,2012MM09,102.0
24462,A6,328100,24462,-6.2,-0.7,2012MM10,101.3
24463,A6,328100,24463,-5.7,-0.4,2012MM11,100.9
24464,A6,328100,24464,-3.7,0.9,2012MM12,101.8
24466,A6,328100,24466,-3.8,0.6,2013MM01,102.4
24467,A6,328100,24467,-3.5,0.5,2013MM02,102.9
24468,A6,328100,24468,-3.5,-0.1,2013MM03,102.8
24469,A6,328100,24469,-4.3,-1.2,2013MM04,101.5
24470,A6,328100,24470,-4.2,-1.0,2013MM05,100.5
24471,A6,328100,24471,-4.2,-1.1,2013MM06,99.4
24472,A6,328100,24472,-4.7,-1.1,2013MM07,98.3
24473,A6,328100,24473,-3.1,0.2,2013MM08,98.5
24474,A6,328100,24474,-2.7,0.7,2013MM09,99.2
24475,A6,328100,24475,-2.2,-0.2,2013MM10,99.0
24476,A6,328100,24476,-2.5,-0.7,2013MM11,98.4
24477,A6,328100,24477,-3.2,0.1,2013MM12,98.5
24479,A6,328100,24479,-2.6,1.2,2014MM01,99.6
24480,A6,328100,24480,-3.5,-0.3,2014MM02,99.3
24481,A6,328100,24481,-3.6,-0.2,2014MM03,99.1
24482,A6,328100,24482,-2.6,-0.2,2014MM04,98.9
24483,A6,328100,24483,-1.5,0.1,2014MM05,99.0
24484,A6,328100,24484,0.0,0.4,2014MM06,99.4
24485,A6,328100,24485,0.5,-0.6,2014MM07,98.8
24486,A6,328100,24486,-0.2,-0.5,2014MM08,98.3
24487,A6,328100,24487,-0.3,0.6,2014MM09,98.9
24488,A6,328100,24488,0.1,0.3,2014MM10,99.2
24489,A6,328100,24489,0.8,0.0,2014MM11,99.2
24490,A6,328100,24490,0.5,-0.2,2014MM12,99.0
24492,A6,328100,24492,-0.9,-0.2,2015MM01,98.7
24493,A6,328100,24493,-0.8,-0.2,2015MM02,98.6
24494,A6,328100,24494,0.0,0.6,2015MM03,99.1
24495,A6,328100,24495,0.5,0.3,2015MM04,99.4
24496,A6,328100,24496,0.4,0.0,2015MM05,99.4
24497,A6,328100,24497,-0.7,-0.7,2015MM06,98.7
24498,A6,328100,24498,-0.4,-0.4,2015MM07,98.4
24499,A6,328100,24499,-0.6,-0.7,2015MM08,97.7
24500,A6,328100,24500,-1.4,-0.2,2015MM09,97.5
24501,A6,328100,24501,-2.2,-0.5,2015MM10,97.0
24502,A6,328100,24502,-3.2,-1.0,2015MM11,96.0
24503,A6,328100,24503,-4.7,-1.8,2015MM12,94.3
24505,A6,328100,24505,-5.6,-1.2,2016MM01,93.2
24506,A6,328100,24506,-5.7,-0.3,2016MM02,92.9
24507,A6,328100,24507,-6.8,-0.6,2016MM03,92.3
24508,A6,328100,24508,-6.3,0.8,2016MM04,93.1
24509,A6,328100,24509,-5.4,1.0,2016MM05,94.1
24510,A6,328100,24510,-3.8,0.9,2016MM06,94.9
24511,A6,328100,24511,-2.1,1.5,2016MM07,96.4
24512,A6,328100,24512,-0.5,0.9,2016MM08,97.2
24513,A6,328100,24513,0.1,0.4,2016MM09,97.6
24514,A6,328100,24514,0.8,0.2,2016MM10,97.8
24515,A6,328100,24515,2.8,0.9,2016MM11,98.7
24516,A6,328100,24516,6.0,1.2,2016MM12,100.0
24518,A6,328100,24518,9.5,2.0,2017MM01,102.0
24519,A6,328100,24519,12.9,2.8,2017MM02,104.9
24520,A6,328100,24520,15.2,1.4,2017MM03,106.4
24521,A6,328100,24521,14.9,0.6,2017MM04,107.0
24522,A6,328100,24522,13.8,0.1,2017MM05,107.1
24523,A6,328100,24523,12.6,-0.2,2017MM06,106.9
24524,A6,328100,24524,11.0,0.0,2017MM07,106.9
24525,A6,328100,24525,10.8,0.8,2017MM08,107.7
24526,A6,328100,24526,11.0,0.6,2017MM09,108.4
24527,A6,328100,24527,10.7,-0.1,2017MM10,108.3
24528,A6,328100,24528,10.5,0.8,2017MM11,109.1
24529,A6,328100,24529,8.3,-0.8,2017MM12,108.3
