,Afzet,BedrijfstakkenBranchesSBI2008,ID,OntwikkelingTOV1JaarEerder_2,OntwikkelingTOV1MaandEerder_3,Perioden,ProducentenprijsindexPPI_1
55796,A4,328105,55796,5.08471760797,-0.298620689655,1981MM01,108.333564014
55797,A4,328105,55797,5.06943521595,-0.29724137931,1981MM02,108.267128028
55798,A4,328105,55798,5.05415282392,-0.295862068966,1981MM03,108.200692042
55799,A4,328105,55799,5.03887043189,-0.294482758621,1981MM04,108.134256055
55800,A4,328105,55800,5.02358803987,-0.293103448276,1981MM05,108.067820069
55801,A4,328105,55801,5.00830564784,-0.291724137931,1981MM06,108.001384083
55802,A4,328105,55802,4.99302325581,-0.290344827586,1981MM07,107.934948097
55803,A4,328105,55803,4.97774086379,-0.288965517241,1981MM08,107.868512111
55804,A4,328105,55804,4.96245847176,-0.287586206897,1981MM09,107.802076125
55805,A4,328105,55805,4.94717607973,-0.286206896552,1981MM10,107.735640138
55806,A4,328105,55806,4.93189368771,-0.284827586207,1981MM11,107.669204152
55807,A4,328105,55807,4.91661129568,-0.283448275862,1981MM12,107.602768166
55809,A4,328105,55809,4.90132890365,-0.282068965517,1982MM01,107.53633218
55810,A4,328105,55810,4.88604651163,-0.280689655172,1982MM02,107.469896194
55811,A4,328105,55811,4.8707641196,-0.279310344828,1982MM03,107.403460208
55812,A4,328105,55812,4.85548172757,-0.277931034483,1982MM04,107.337024221
55813,A4,328105,55813,4.84019933555,-0.276551724138,1982MM05,107.270588235
55814,A4,328105,55814,4.82491694352,-0.275172413793,1982MM06,107.204152249
55815,A4,328105,55815,4.8096345515,-0.273793103448,1982MM07,107.137716263
55816,A4,328105,55816,4.79435215947,-0.272413793103,1982MM08,107.071280277
55817,A4,328105,55817,4.77906976744,-0.271034482759,1982MM09,107.004844291
55818,A4,328105,55818,4.76378737542,-0.269655172414,1982MM10,106.938408304
55819,A4,328105,55819,4.74850498339,-0.268275862069,1982MM11,106.871972318
55820,A4,328105,55820,4.73322259136,-0.266896551724,1982MM12,106.805536332
55822,A4,328105,55822,4.71794019934,-0.265517241379,1983MM01,106.739100346
55823,A4,328105,55823,4.70265780731,-0.264137931034,1983MM02,106.67266436
55824,A4,328105,55824,4.68737541528,-0.26275862069,1983MM03,106.606228374
55825,A4,328105,55825,4.67209302326,-0.261379310345,1983MM04,106.539792388
55826,A4,328105,55826,4.65681063123,-0.26,1983MM05,106.473356401
55827,A4,328105,55827,4.6415282392,-0.258620689655,1983MM06,106.406920415
55828,A4,328105,55828,4.62624584718,-0.25724137931,1983MM07,106.340484429
55829,A4,328105,55829,4.61096345515,-0.255862068966,1983MM08,106.274048443
55830,A4,328105,55830,4.59568106312,-0.254482758621,1983MM09,106.207612457
55831,A4,328105,55831,4.5803986711,-0.253103448276,1983MM10,106.141176471
55832,A4,328105,55832,4.56511627907,-0.251724137931,1983MM11,106.074740484
55833,A4,328105,55833,4.54983388704,-0.250344827586,1983MM12,106.008304498
55835,A4,328105,55835,4.53455149502,-0.248965517241,1984MM01,105.941868512
55836,A4,328105,55836,4.51926910299,-0.247586206897,1984MM02,105.875432526
55837,A4,328105,55837,4.50398671096,-0.246206896552,1984MM03,105.80899654
55838,A4,328105,55838,4.48870431894,-0.244827586207,1984MM04,105.742560554
55839,A4,328105,55839,4.47342192691,-0.243448275862,1984MM05,105.676124567
55840,A4,328105,55840,4.45813953488,-0.242068965517,1984MM06,105.609688581
55841,A4,328105,55841,4.44285714286,-0.240689655172,1984MM07,105.543252595
55842,A4,328105,55842,4.42757475083,-0.239310344828,1984MM08,105.476816609
55843,A4,328105,55843,4.4122923588,-0.237931034483,1984MM09,105.410380623
55844,A4,328105,55844,4.39700996678,-0.236551724138,1984MM10,105.343944637
55845,A4,328105,55845,4.38172757475,-0.235172413793,1984MM11,105.277508651
55846,A4,328105,55846,4.36644518272,-0.233793103448,1984MM12,105.211072664
55848,A4,328105,55848,4.3511627907,-0.232413793103,1985MM01,105.144636678
55849,A4,328105,55849,4.33588039867,-0.231034482759,1985MM02,105.078200692
55850,A4,328105,55850,4.32059800664,-0.229655172414,1985MM03,105.011764706
55851,A4,328105,55851,4.30531561462,-0.228275862069,1985MM04,104.94532872
55852,A4,328105,55852,4.29003322259,-0.226896551724,1985MM05,104.878892734
55853,A4,328105,55853,4.27475083056,-0.225517241379,1985MM06,104.812456747
55854,A4,328105,55854,4.25946843854,-0.224137931034,1985MM07,104.746020761
55855,A4,328105,55855,4.24418604651,-0.22275862069,1985MM08,104.679584775
55856,A4,328105,55856,4.22890365449,-0.221379310345,1985MM09,104.613148789
55857,A4,328105,55857,4.21362126246,-0.22,1985MM10,104.546712803
55858,A4,328105,55858,4.19833887043,-0.218620689655,1985MM11,104.480276817
55859,A4,328105,55859,4.18305647841,-0.21724137931,1985MM12,104.41384083
55861,A4,328105,55861,4.16777408638,-0.215862068966,1986MM01,104.347404844
55862,A4,328105,55862,4.15249169435,-0.214482758621,1986MM02,104.280968858
55863,A4,328105,55863,4.13720930233,-0.213103448276,1986MM03,104.214532872
55864,A4,328105,55864,4.1219269103,-0.211724137931,1986MM04,104.148096886
55865,A4,328105,55865,4.10664451827,-0.210344827586,1986MM05,104.0816609
55866,A4,328105,55866,4.09136212625,-0.208965517241,1986MM06,104.015224913
55867,A4,328105,55867,4.07607973422,-0.207586206897,1986MM07,103.948788927
55868,A4,328105,55868,4.06079734219,-0.206206896552,1986MM08,103.882352941
55869,A4,328105,55869,4.04551495017,-0.204827586207,1986MM09,103.815916955
55870,A4,328105,55870,4.03023255814,-0.203448275862,1986MM10,103.749480969
55871,A4,328105,55871,4.01495016611,-0.202068965517,1986MM11,103.683044983
55872,A4,328105,55872,3.99966777409,-0.200689655172,1986MM12,103.616608997
55874,A4,328105,55874,3.98438538206,-0.199310344828,1987MM01,103.55017301
55875,A4,328105,55875,3.96910299003,-0.197931034483,1987MM02,103.483737024
55876,A4,328105,55876,3.95382059801,-0.196551724138,1987MM03,103.417301038
55877,A4,328105,55877,3.93853820598,-0.195172413793,1987MM04,103.350865052
55878,A4,328105,55878,3.92325581395,-0.193793103448,1987MM05,103.284429066
55879,A4,328105,55879,3.90797342193,-0.192413793103,1987MM06,103.21799308
55880,A4,328105,55880,3.8926910299,-0.191034482759,1987MM07,103.151557093
55881,A4,328105,55881,3.87740863787,-0.189655172414,1987MM08,103.085121107
55882,A4,328105,55882,3.86212624585,-0.188275862069,1987MM09,103.018685121
55883,A4,328105,55883,3.84684385382,-0.186896551724,1987MM10,102.952249135
55884,A4,328105,55884,3.83156146179,-0.185517241379,1987MM11,102.885813149
55885,A4,328105,55885,3.81627906977,-0.184137931034,1987MM12,102.819377163
55887,A4,328105,55887,3.80099667774,-0.18275862069,1988MM01,102.752941176
55888,A4,328105,55888,3.78571428571,-0.181379310345,1988MM02,102.68650519
55889,A4,328105,55889,3.77043189369,-0.18,1988MM03,102.620069204
55890,A4,328105,55890,3.75514950166,-0.178620689655,1988MM04,102.553633218
55891,A4,328105,55891,3.73986710963,-0.17724137931,1988MM05,102.487197232
55892,A4,328105,55892,3.72458471761,-0.175862068966,1988MM06,102.420761246
55893,A4,328105,55893,3.70930232558,-0.174482758621,1988MM07,102.35432526
55894,A4,328105,55894,3.69401993355,-0.173103448276,1988MM08,102.287889273
55895,A4,328105,55895,3.67873754153,-0.171724137931,1988MM09,102.221453287
55896,A4,328105,55896,3.6634551495,-0.170344827586,1988MM10,102.155017301
55897,A4,328105,55897,3.64817275748,-0.168965517241,1988MM11,102.088581315
55898,A4,328105,55898,3.63289036545,-0.167586206897,1988MM12,102.022145329
55900,A4,328105,55900,3.61760797342,-0.166206896552,1989MM01,101.955709343
55901,A4,328105,55901,3.6023255814,-0.164827586207,1989MM02,101.889273356
55902,A4,328105,55902,3.58704318937,-0.163448275862,1989MM03,101.82283737
55903,A4,328105,55903,3.57176079734,-0.162068965517,1989MM04,101.756401384
55904,A4,328105,55904,3.55647840532,-0.160689655172,1989MM05,101.689965398
55905,A4,328105,55905,3.54119601329,-0.159310344828,1989MM06,101.623529412
55906,A4,328105,55906,3.52591362126,-0.157931034483,1989MM07,101.557093426
55907,A4,328105,55907,3.51063122924,-0.156551724138,1989MM08,101.490657439
55908,A4,328105,55908,3.49534883721,-0.155172413793,1989MM09,101.424221453
55909,A4,328105,55909,3.48006644518,-0.153793103448,1989MM10,101.357785467
55910,A4,328105,55910,3.46478405316,-0.152413793103,1989MM11,101.291349481
55911,A4,328105,55911,3.44950166113,-0.151034482759,1989MM12,101.224913495
55913,A4,328105,55913,3.4342192691,-0.149655172414,1990MM01,101.158477509
55914,A4,328105,55914,3.41893687708,-0.148275862069,1990MM02,101.092041522
55915,A4,328105,55915,3.40365448505,-0.146896551724,1990MM03,101.025605536
55916,A4,328105,55916,3.38837209302,-0.145517241379,1990MM04,100.95916955
55917,A4,328105,55917,3.373089701,-0.144137931034,1990MM05,100.892733564
55918,A4,328105,55918,3.35780730897,-0.14275862069,1990MM06,100.826297578
55919,A4,328105,55919,3.34252491694,-0.141379310345,1990MM07,100.759861592
55920,A4,328105,55920,3.32724252492,-0.14,1990MM08,100.693425606
55921,A4,328105,55921,3.31196013289,-0.138620689655,1990MM09,100.626989619
55922,A4,328105,55922,3.29667774086,-0.13724137931,1990MM10,100.560553633
55923,A4,328105,55923,3.28139534884,-0.135862068966,1990MM11,100.494117647
55924,A4,328105,55924,3.26611295681,-0.134482758621,1990MM12,100.427681661
55926,A4,328105,55926,3.25083056478,-0.133103448276,1991MM01,100.361245675
55927,A4,328105,55927,3.23554817276,-0.131724137931,1991MM02,100.294809689
55928,A4,328105,55928,3.22026578073,-0.130344827586,1991MM03,100.228373702
55929,A4,328105,55929,3.2049833887,-0.128965517241,1991MM04,100.161937716
55930,A4,328105,55930,3.18970099668,-0.127586206897,1991MM05,100.09550173
55931,A4,328105,55931,3.17441860465,-0.126206896552,1991MM06,100.029065744
55932,A4,328105,55932,3.15913621262,-0.124827586207,1991MM07,99.9626297578
55933,A4,328105,55933,3.1438538206,-0.123448275862,1991MM08,99.8961937716
55934,A4,328105,55934,3.12857142857,-0.122068965517,1991MM09,99.8297577855
55935,A4,328105,55935,3.11328903654,-0.120689655172,1991MM10,99.7633217993
55936,A4,328105,55936,3.09800664452,-0.119310344828,1991MM11,99.6968858131
55937,A4,328105,55937,3.08272425249,-0.117931034483,1991MM12,99.630449827
55939,A4,328105,55939,3.06744186047,-0.116551724138,1992MM01,99.5640138408
55940,A4,328105,55940,3.05215946844,-0.115172413793,1992MM02,99.4975778547
55941,A4,328105,55941,3.03687707641,-0.113793103448,1992MM03,99.4311418685
55942,A4,328105,55942,3.02159468439,-0.112413793103,1992MM04,99.3647058824
55943,A4,328105,55943,3.00631229236,-0.111034482759,1992MM05,99.2982698962
55944,A4,328105,55944,2.99102990033,-0.109655172414,1992MM06,99.23183391
55945,A4,328105,55945,2.97574750831,-0.108275862069,1992MM07,99.1653979239
55946,A4,328105,55946,2.96046511628,-0.106896551724,1992MM08,99.0989619377
55947,A4,328105,55947,2.94518272425,-0.105517241379,1992MM09,99.0325259516
55948,A4,328105,55948,2.92990033223,-0.104137931034,1992MM10,98.9660899654
55949,A4,328105,55949,2.9146179402,-0.10275862069,1992MM11,98.8996539792
55950,A4,328105,55950,2.89933554817,-0.101379310345,1992MM12,98.8332179931
55952,A4,328105,55952,2.88405315615,-0.1,1993MM01,98.7667820069
55953,A4,328105,55953,2.86877076412,-0.0986206896552,1993MM02,98.7003460208
55954,A4,328105,55954,2.85348837209,-0.0972413793103,1993MM03,98.6339100346
55955,A4,328105,55955,2.83820598007,-0.0958620689655,1993MM04,98.5674740484
55956,A4,328105,55956,2.82292358804,-0.0944827586207,1993MM05,98.5010380623
55957,A4,328105,55957,2.80764119601,-0.0931034482759,1993MM06,98.4346020761
55958,A4,328105,55958,2.79235880399,-0.091724137931,1993MM07,98.36816609
55959,A4,328105,55959,2.77707641196,-0.0903448275862,1993MM08,98.3017301038
55960,A4,328105,55960,2.76179401993,-0.0889655172414,1993MM09,98.2352941176
55961,A4,328105,55961,2.74651162791,-0.0875862068966,1993MM10,98.1688581315
55962,A4,328105,55962,2.73122923588,-0.0862068965517,1993MM11,98.1024221453
55963,A4,328105,55963,2.71594684385,-0.0848275862069,1993MM12,98.0359861592
55965,A4,328105,55965,2.70066445183,-0.0834482758621,1994MM01,97.969550173
55966,A4,328105,55966,2.6853820598,-0.0820689655172,1994MM02,97.9031141869
55967,A4,328105,55967,2.67009966777,-0.0806896551724,1994MM03,97.8366782007
55968,A4,328105,55968,2.65481727575,-0.0793103448276,1994MM04,97.7702422145
55969,A4,328105,55969,2.63953488372,-0.0779310344828,1994MM05,97.7038062284
55970,A4,328105,55970,2.62425249169,-0.0765517241379,1994MM06,97.6373702422
55971,A4,328105,55971,2.60897009967,-0.0751724137931,1994MM07,97.5709342561
55972,A4,328105,55972,2.59368770764,-0.0737931034483,1994MM08,97.5044982699
55973,A4,328105,55973,2.57840531561,-0.0724137931034,1994MM09,97.4380622837
55974,A4,328105,55974,2.56312292359,-0.0710344827586,1994MM10,97.3716262976
55975,A4,328105,55975,2.54784053156,-0.0696551724138,1994MM11,97.3051903114
55976,A4,328105,55976,2.53255813953,-0.068275862069,1994MM12,97.2387543253
55978,A4,328105,55978,2.51727574751,-0.0668965517241,1995MM01,97.1723183391
55979,A4,328105,55979,2.50199335548,-0.0655172413793,1995MM02,97.1058823529
55980,A4,328105,55980,2.48671096346,-0.0641379310345,1995MM03,97.0394463668
55981,A4,328105,55981,2.47142857143,-0.0627586206897,1995MM04,96.9730103806
55982,A4,328105,55982,2.4561461794,-0.0613793103448,1995MM05,96.9065743945
55983,A4,328105,55983,2.44086378738,-0.06,1995MM06,96.8401384083
55984,A4,328105,55984,2.42558139535,-0.0586206896552,1995MM07,96.7737024221
55985,A4,328105,55985,2.41029900332,-0.0572413793103,1995MM08,96.707266436
55986,A4,328105,55986,2.3950166113,-0.0558620689655,1995MM09,96.6408304498
55987,A4,328105,55987,2.37973421927,-0.0544827586207,1995MM10,96.5743944637
55988,A4,328105,55988,2.36445182724,-0.0531034482759,1995MM11,96.5079584775
55989,A4,328105,55989,2.34916943522,-0.051724137931,1995MM12,96.4415224913
55991,A4,328105,55991,2.33388704319,-0.0503448275862,1996MM01,96.3750865052
55992,A4,328105,55992,2.31860465116,-0.0489655172414,1996MM02,96.308650519
55993,A4,328105,55993,2.30332225914,-0.0475862068966,1996MM03,96.2422145329
55994,A4,328105,55994,2.28803986711,-0.0462068965517,1996MM04,96.1757785467
55995,A4,328105,55995,2.27275747508,-0.0448275862069,1996MM05,96.1093425606
55996,A4,328105,55996,2.25747508306,-0.0434482758621,1996MM06,96.0429065744
55997,A4,328105,55997,2.24219269103,-0.0420689655172,1996MM07,95.9764705882
55998,A4,328105,55998,2.226910299,-0.0406896551724,1996MM08,95.9100346021
55999,A4,328105,55999,2.21162790698,-0.0393103448276,1996MM09,95.8435986159
56000,A4,328105,56000,2.19634551495,-0.0379310344828,1996MM10,95.7771626298
56001,A4,328105,56001,2.18106312292,-0.0365517241379,1996MM11,95.7107266436
56002,A4,328105,56002,2.1657807309,-0.0351724137931,1996MM12,95.6442906574
56004,A4,328105,56004,2.15049833887,-0.0337931034483,1997MM01,95.5778546713
56005,A4,328105,56005,2.13521594684,-0.0324137931034,1997MM02,95.5114186851
56006,A4,328105,56006,2.11993355482,-0.0310344827586,1997MM03,95.444982699
56007,A4,328105,56007,2.10465116279,-0.0296551724138,1997MM04,95.3785467128
56008,A4,328105,56008,2.08936877076,-0.028275862069,1997MM05,95.3121107266
56009,A4,328105,56009,2.07408637874,-0.0268965517241,1997MM06,95.2456747405
56010,A4,328105,56010,2.05880398671,-0.0255172413793,1997MM07,95.1792387543
56011,A4,328105,56011,2.04352159468,-0.0241379310345,1997MM08,95.1128027682
56012,A4,328105,56012,2.02823920266,-0.0227586206897,1997MM09,95.046366782
56013,A4,328105,56013,2.01295681063,-0.0213793103448,1997MM10,94.9799307958
56014,A4,328105,56014,1.9976744186,-0.02,1997MM11,94.9134948097
56015,A4,328105,56015,1.98239202658,-0.0186206896552,1997MM12,94.8470588235
56017,A4,328105,56017,1.96710963455,-0.0172413793103,1998MM01,94.7806228374
56018,A4,328105,56018,1.95182724252,-0.0158620689655,1998MM02,94.7141868512
56019,A4,328105,56019,1.9365448505,-0.0144827586207,1998MM03,94.6477508651
56020,A4,328105,56020,1.92126245847,-0.0131034482759,1998MM04,94.5813148789
56021,A4,328105,56021,1.90598006645,-0.011724137931,1998MM05,94.5148788927
56022,A4,328105,56022,1.89069767442,-0.0103448275862,1998MM06,94.4484429066
56023,A4,328105,56023,1.87541528239,-0.00896551724138,1998MM07,94.3820069204
56024,A4,328105,56024,1.86013289037,-0.00758620689655,1998MM08,94.3155709343
56025,A4,328105,56025,1.84485049834,-0.00620689655172,1998MM09,94.2491349481
56026,A4,328105,56026,1.82956810631,-0.0048275862069,1998MM10,94.1826989619
56027,A4,328105,56027,1.81428571429,-0.00344827586207,1998MM11,94.1162629758
56028,A4,328105,56028,1.79900332226,-0.00206896551724,1998MM12,94.0498269896
56030,A4,328105,56030,1.78372093023,-0.000689655172414,1999MM01,93.9833910035
56031,A4,328105,56031,1.76843853821,0.000689655172414,1999MM02,93.9169550173
56032,A4,328105,56032,1.75315614618,0.00206896551724,1999MM03,93.8505190311
56033,A4,328105,56033,1.73787375415,0.00344827586207,1999MM04,93.784083045
56034,A4,328105,56034,1.72259136213,0.0048275862069,1999MM05,93.7176470588
56035,A4,328105,56035,1.7073089701,0.00620689655172,1999MM06,93.6512110727
56036,A4,328105,56036,1.69202657807,0.00758620689655,1999MM07,93.5847750865
56037,A4,328105,56037,1.67674418605,0.00896551724138,1999MM08,93.5183391003
56038,A4,328105,56038,1.66146179402,0.0103448275862,1999MM09,93.4519031142
56039,A4,328105,56039,1.64617940199,0.011724137931,1999MM10,93.385467128
56040,A4,328105,56040,1.63089700997,0.0131034482759,1999MM11,93.3190311419
56041,A4,328105,56041,1.61561461794,0.0144827586207,1999MM12,93.2525951557
56043,A4,328105,56043,1.60033222591,0.0158620689655,2000MM01,93.1861591696
56044,A4,328105,56044,1.58504983389,0.0172413793103,2000MM02,93.1197231834
56045,A4,328105,56045,1.56976744186,0.0186206896552,2000MM03,93.0532871972
56046,A4,328105,56046,1.55448504983,0.02,2000MM04,92.9868512111
56047,A4,328105,56047,1.53920265781,0.0213793103448,2000MM05,92.9204152249
56048,A4,328105,56048,1.52392026578,0.0227586206897,2000MM06,92.8539792388
56049,A4,328105,56049,1.50863787375,0.0241379310345,2000MM07,92.7875432526
56050,A4,328105,56050,1.49335548173,0.0255172413793,2000MM08,92.7211072664
56051,A4,328105,56051,1.4780730897,0.0268965517241,2000MM09,92.6546712803
56052,A4,328105,56052,1.46279069767,0.028275862069,2000MM10,92.5882352941
56053,A4,328105,56053,1.44750830565,0.0296551724138,2000MM11,92.521799308
56054,A4,328105,56054,1.43222591362,0.0310344827586,2000MM12,92.4553633218
56056,A4,328105,56056,1.41694352159,0.0324137931034,2001MM01,92.3889273356
56057,A4,328105,56057,1.40166112957,0.0337931034483,2001MM02,92.3224913495
56058,A4,328105,56058,1.38637873754,0.0351724137931,2001MM03,92.2560553633
56059,A4,328105,56059,1.37109634551,0.0365517241379,2001MM04,92.1896193772
56060,A4,328105,56060,1.35581395349,0.0379310344828,2001MM05,92.123183391
56061,A4,328105,56061,1.34053156146,0.0393103448276,2001MM06,92.0567474048
56062,A4,328105,56062,1.32524916944,0.0406896551724,2001MM07,91.9903114187
56063,A4,328105,56063,1.30996677741,0.0420689655172,2001MM08,91.9238754325
56064,A4,328105,56064,1.29468438538,0.0434482758621,2001MM09,91.8574394464
56065,A4,328105,56065,1.27940199336,0.0448275862069,2001MM10,91.7910034602
56066,A4,328105,56066,1.26411960133,0.0462068965517,2001MM11,91.724567474
56067,A4,328105,56067,1.2488372093,0.0475862068966,2001MM12,91.6581314879
56069,A4,328105,56069,1.23355481728,0.0489655172414,2002MM01,91.5916955017
56070,A4,328105,56070,1.21827242525,0.0503448275862,2002MM02,91.5252595156
56071,A4,328105,56071,1.20299003322,0.051724137931,2002MM03,91.4588235294
56072,A4,328105,56072,1.1877076412,0.0531034482759,2002MM04,91.3923875433
56073,A4,328105,56073,1.17242524917,0.0544827586207,2002MM05,91.3259515571
56074,A4,328105,56074,1.15714285714,0.0558620689655,2002MM06,91.2595155709
56075,A4,328105,56075,1.14186046512,0.0572413793103,2002MM07,91.1930795848
56076,A4,328105,56076,1.12657807309,0.0586206896552,2002MM08,91.1266435986
56077,A4,328105,56077,1.11129568106,0.06,2002MM09,91.0602076125
56078,A4,328105,56078,1.09601328904,0.0613793103448,2002MM10,90.9937716263
56079,A4,328105,56079,1.08073089701,0.0627586206897,2002MM11,90.9273356401
56080,A4,328105,56080,1.06544850498,0.0641379310345,2002MM12,90.860899654
56082,A4,328105,56082,1.05016611296,0.0655172413793,2003MM01,90.7944636678
56083,A4,328105,56083,1.03488372093,0.0668965517241,2003MM02,90.7280276817
56084,A4,328105,56084,1.0196013289,0.068275862069,2003MM03,90.6615916955
56085,A4,328105,56085,1.00431893688,0.0696551724138,2003MM04,90.5951557093
56086,A4,328105,56086,0.98903654485,0.0710344827586,2003MM05,90.5287197232
56087,A4,328105,56087,0.973754152824,0.0724137931034,2003MM06,90.462283737
56088,A4,328105,56088,0.958471760797,0.0737931034483,2003MM07,90.3958477509
56089,A4,328105,56089,0.943189368771,0.0751724137931,2003MM08,90.3294117647
56090,A4,328105,56090,0.927906976744,0.0765517241379,2003MM09,90.2629757785
56091,A4,328105,56091,0.912624584718,0.0779310344828,2003MM10,90.1965397924
56092,A4,328105,56092,0.897342192691,0.0793103448276,2003MM11,90.1301038062
56093,A4,328105,56093,0.882059800664,0.0806896551724,2003MM12,90.0636678201
56095,A4,328105,56095,0.866777408638,0.0820689655172,2004MM01,89.9972318339
56096,A4,328105,56096,0.851495016611,0.0834482758621,2004MM02,89.9307958478
56097,A4,328105,56097,0.836212624585,0.0848275862069,2004MM03,89.8643598616
56098,A4,328105,56098,0.820930232558,0.0862068965517,2004MM04,89.7979238754
56099,A4,328105,56099,0.805647840532,0.0875862068966,2004MM05,89.7314878893
56100,A4,328105,56100,0.790365448505,0.0889655172414,2004MM06,89.6650519031
56101,A4,328105,56101,0.775083056478,0.0903448275862,2004MM07,89.598615917
56102,A4,328105,56102,0.759800664452,0.091724137931,2004MM08,89.5321799308
56103,A4,328105,56103,0.744518272425,0.0931034482759,2004MM09,89.4657439446
56104,A4,328105,56104,0.729235880399,0.0944827586207,2004MM10,89.3993079585
56105,A4,328105,56105,0.713953488372,0.0958620689655,2004MM11,89.3328719723
56106,A4,328105,56106,0.698671096346,0.0972413793103,2004MM12,89.2664359862
56108,A4,328105,56108,0.683388704319,0.0986206896552,2005MM01,89.2
56109,A4,328105,56109,0.668106312292,0.1,2005MM02,89.3
56110,A4,328105,56110,0.652823920266,0.1,2005MM03,89.4
56111,A4,328105,56111,0.637541528239,-0.6,2005MM04,88.9
56112,A4,328105,56112,0.622259136213,0.0,2005MM05,88.9
56113,A4,328105,56113,0.606976744186,0.0,2005MM06,88.9
56114,A4,328105,56114,0.591694352159,-0.2,2005MM07,88.7
56115,A4,328105,56115,0.576411960133,0.1,2005MM08,88.8
56116,A4,328105,56116,0.561129568106,-0.3,2005MM09,88.5
56117,A4,328105,56117,0.54584717608,-0.1,2005MM10,88.5
56118,A4,328105,56118,0.530564784053,0.0,2005MM11,88.5
56119,A4,328105,56119,0.515282392027,0.2,2005MM12,88.7
56121,A4,328105,56121,0.5,1.1,2006MM01,89.7
56122,A4,328105,56122,0.2,-0.2,2006MM02,89.5
56123,A4,328105,56123,0.2,0.1,2006MM03,89.6
56124,A4,328105,56124,1.1,0.4,2006MM04,89.9
56125,A4,328105,56125,1.2,0.1,2006MM05,90.0
56126,A4,328105,56126,1.4,0.1,2006MM06,90.1
56127,A4,328105,56127,4.2,2.6,2006MM07,92.5
56128,A4,328105,56128,4.4,0.2,2006MM08,92.7
56129,A4,328105,56129,5.0,0.2,2006MM09,92.9
56130,A4,328105,56130,6.2,1.1,2006MM10,93.9
56131,A4,328105,56131,6.3,0.1,2006MM11,94.1
56132,A4,328105,56132,6.1,0.0,2006MM12,94.1
56134,A4,328105,56134,7.1,2.1,2007MM01,96.0
56135,A4,328105,56135,7.2,-0.1,2007MM02,96.0
56136,A4,328105,56136,7.1,0.0,2007MM03,96.0
56137,A4,328105,56137,8.2,1.4,2007MM04,97.3
56138,A4,328105,56138,8.1,0.0,2007MM05,97.3
56139,A4,328105,56139,7.9,-0.1,2007MM06,97.3
56140,A4,328105,56140,5.9,0.7,2007MM07,97.9
56141,A4,328105,56141,5.6,0.0,2007MM08,97.9
56142,A4,328105,56142,5.7,0.3,2007MM09,98.3
56143,A4,328105,56143,6.0,1.3,2007MM10,99.6
56144,A4,328105,56144,5.8,-0.1,2007MM11,99.5
56145,A4,328105,56145,5.7,-0.1,2007MM12,99.4
56147,A4,328105,56147,4.6,1.0,2008MM01,100.4
56148,A4,328105,56148,4.7,0.1,2008MM02,100.5
56149,A4,328105,56149,4.9,0.2,2008MM03,100.7
56150,A4,328105,56150,4.3,0.8,2008MM04,101.5
56151,A4,328105,56151,4.3,0.1,2008MM05,101.5
56152,A4,328105,56152,4.5,0.1,2008MM06,101.6
56153,A4,328105,56153,6.5,2.6,2008MM07,104.3
56154,A4,328105,56154,7.0,0.5,2008MM08,104.8
56155,A4,328105,56155,6.5,-0.2,2008MM09,104.6
56156,A4,328105,56156,4.7,-0.3,2008MM10,104.3
56157,A4,328105,56157,4.5,-0.3,2008MM11,103.9
56158,A4,328105,56158,4.4,-0.2,2008MM12,103.8
56160,A4,328105,56160,0.8,-2.4,2009MM01,101.2
56161,A4,328105,56161,0.4,-0.4,2009MM02,100.9
56162,A4,328105,56162,-0.1,-0.3,2009MM03,100.6
56163,A4,328105,56163,-3.0,-2.2,2009MM04,98.4
56164,A4,328105,56164,-3.3,-0.2,2009MM05,98.2
56165,A4,328105,56165,-3.4,0.0,2009MM06,98.2
56166,A4,328105,56166,-6.4,-0.6,2009MM07,97.6
56167,A4,328105,56167,-6.7,0.2,2009MM08,97.8
56168,A4,328105,56168,-6.5,0.1,2009MM09,97.8
56169,A4,328105,56169,-6.1,0.1,2009MM10,98.0
56170,A4,328105,56170,-5.9,-0.2,2009MM11,97.8
56171,A4,328105,56171,-5.8,0.0,2009MM12,97.8
56173,A4,328105,56173,-3.5,-0.1,2010MM01,97.7
56174,A4,328105,56174,-3.3,-0.1,2010MM02,97.5
56175,A4,328105,56175,-2.8,0.2,2010MM03,97.7
56176,A4,328105,56176,1.3,2.0,2010MM04,99.7
56177,A4,328105,56177,1.8,0.3,2010MM05,99.9
56178,A4,328105,56178,1.9,0.1,2010MM06,100.0
56179,A4,328105,56179,3.6,1.1,2010MM07,101.1
56180,A4,328105,56180,3.5,0.1,2010MM08,101.2
56181,A4,328105,56181,3.5,0.1,2010MM09,101.3
56182,A4,328105,56182,3.4,-0.1,2010MM10,101.3
56183,A4,328105,56183,3.6,0.0,2010MM11,101.2
56184,A4,328105,56184,3.6,0.0,2010MM12,101.3
56186,A4,328105,56186,5.1,1.3,2011MM01,102.6
56187,A4,328105,56187,5.5,0.3,2011MM02,102.9
56188,A4,328105,56188,5.3,0.1,2011MM03,103.0
56189,A4,328105,56189,4.3,1.0,2011MM04,104.0
56190,A4,328105,56190,4.2,0.2,2011MM05,104.1
56191,A4,328105,56191,4.1,0.0,2011MM06,104.2
56192,A4,328105,56192,3.2,0.2,2011MM07,104.3
56193,A4,328105,56193,2.9,-0.1,2011MM08,104.2
56194,A4,328105,56194,2.8,0.0,2011MM09,104.2
56195,A4,328105,56195,2.7,-0.2,2011MM10,104.0
56196,A4,328105,56196,2.7,-0.1,2011MM11,103.9
56197,A4,328105,56197,2.5,-0.1,2011MM12,103.8
56199,A4,328105,56199,1.3,0.1,2012MM01,103.9
56200,A4,328105,56200,1.1,0.2,2012MM02,104.0
56201,A4,328105,56201,1.0,-0.1,2012MM03,104.0
56202,A4,328105,56202,-0.1,-0.1,2012MM04,103.8
56203,A4,328105,56203,-0.2,0.1,2012MM05,103.9
56204,A4,328105,56204,-0.3,-0.1,2012MM06,103.9
56205,A4,328105,56205,-0.7,-0.3,2012MM07,103.6
56206,A4,328105,56206,-0.6,0.0,2012MM08,103.6
56207,A4,328105,56207,-0.6,0.1,2012MM09,103.6
56208,A4,328105,56208,-0.6,-0.2,2012MM10,103.4
56209,A4,328105,56209,-0.6,-0.1,2012MM11,103.3
56210,A4,328105,56210,-0.6,-0.1,2012MM12,103.2
56212,A4,328105,56212,-0.6,0.0,2013MM01,103.2
56213,A4,328105,56213,-0.7,0.0,2013MM02,103.3
56214,A4,328105,56214,-0.8,-0.1,2013MM03,103.2
56215,A4,328105,56215,-0.8,-0.2,2013MM04,103.0
56216,A4,328105,56216,-1.1,-0.2,2013MM05,102.7
56217,A4,328105,56217,-1.2,-0.1,2013MM06,102.6
56218,A4,328105,56218,-1.5,-0.6,2013MM07,102.0
56219,A4,328105,56219,-1.3,0.2,2013MM08,102.2
56220,A4,328105,56220,-1.6,-0.2,2013MM09,102.0
56221,A4,328105,56221,-1.1,0.2,2013MM10,102.3
56222,A4,328105,56222,-1.0,0.0,2013MM11,102.3
56223,A4,328105,56223,-0.8,0.1,2013MM12,102.4
56225,A4,328105,56225,-0.3,0.5,2014MM01,102.9
56226,A4,328105,56226,-0.5,-0.2,2014MM02,102.7
56227,A4,328105,56227,-0.6,-0.1,2014MM03,102.6
56228,A4,328105,56228,-0.3,0.1,2014MM04,102.6
56229,A4,328105,56229,-0.2,-0.1,2014MM05,102.5
56230,A4,328105,56230,-0.1,0.0,2014MM06,102.6
56231,A4,328105,56231,0.6,0.1,2014MM07,102.6
56232,A4,328105,56232,0.4,0.0,2014MM08,102.7
56233,A4,328105,56233,0.5,-0.1,2014MM09,102.5
56234,A4,328105,56234,0.6,0.4,2014MM10,102.9
56235,A4,328105,56235,0.5,0.0,2014MM11,102.9
56236,A4,328105,56236,0.4,-0.1,2014MM12,102.8
56238,A4,328105,56238,0.4,0.5,2015MM01,103.3
56239,A4,328105,56239,0.5,0.0,2015MM02,103.2
56240,A4,328105,56240,0.6,0.0,2015MM03,103.2
56241,A4,328105,56241,0.9,0.4,2015MM04,103.6
56242,A4,328105,56242,1.0,0.0,2015MM05,103.6
56243,A4,328105,56243,1.0,-0.1,2015MM06,103.5
56244,A4,328105,56244,0.7,-0.2,2015MM07,103.3
56245,A4,328105,56245,0.3,-0.4,2015MM08,102.9
56246,A4,328105,56246,0.3,-0.1,2015MM09,102.8
56247,A4,328105,56247,0.0,0.1,2015MM10,102.9
56248,A4,328105,56248,-0.2,-0.2,2015MM11,102.7
56249,A4,328105,56249,-0.7,-0.6,2015MM12,102.1
56251,A4,328105,56251,-0.7,0.4,2016MM01,102.5
56252,A4,328105,56252,-1.0,-0.3,2016MM02,102.2
56253,A4,328105,56253,-1.0,-0.1,2016MM03,102.1
56254,A4,328105,56254,-0.8,0.6,2016MM04,102.7
56255,A4,328105,56255,-0.8,0.1,2016MM05,102.8
56256,A4,328105,56256,-0.2,0.5,2016MM06,103.3
56257,A4,328105,56257,1.2,1.2,2016MM07,104.6
56258,A4,328105,56258,2.0,0.4,2016MM08,105.0
56259,A4,328105,56259,2.1,0.1,2016MM09,105.0
56260,A4,328105,56260,1.9,-0.1,2016MM10,104.9
56261,A4,328105,56261,2.7,0.6,2016MM11,105.5
56262,A4,328105,56262,3.7,0.3,2016MM12,105.8
56264,A4,328105,56264,4.9,1.6,2017MM01,107.5
56265,A4,328105,56265,5.8,0.6,2017MM02,108.2
56266,A4,328105,56266,6.0,0.0,2017MM03,108.2
56267,A4,328105,56267,5.5,0.1,2017MM04,108.4
56268,A4,328105,56268,5.6,0.1,2017MM05,108.5
56269,A4,328105,56269,5.3,0.3,2017MM06,108.8
56270,A4,328105,56270,4.6,0.5,2017MM07,109.4
56271,A4,328105,56271,4.6,0.3,2017MM08,109.8
56272,A4,328105,56272,4.8,0.2,2017MM09,110.0
56273,A4,328105,56273,5.1,0.2,2017MM10,110.2
56274,A4,328105,56274,4.7,0.2,2017MM11,110.4
56275,A4,328105,56275,4.5,0.1,2017MM12,110.5
