,Afzet,BedrijfstakkenBranchesSBI2008,ID,OntwikkelingTOV1JaarEerder_2,OntwikkelingTOV1MaandEerder_3,Perioden,ProducentenprijsindexPPI_1
88504,A5,328100,88504,8.37692307692,2.55,1981MM01,54.1
88505,A5,328100,88505,8.95384615385,4.5,1981MM02,56.5
88506,A5,328100,88506,9.53076923077,-0.1,1981MM03,56.4
88507,A5,328100,88507,10.1076923077,0.5,1981MM04,56.7
88508,A5,328100,88508,10.6846153846,3.3,1981MM05,58.6
88509,A5,328100,88509,11.2615384615,2.9,1981MM06,60.3
88510,A5,328100,88510,11.8384615385,3.1,1981MM07,62.1
88511,A5,328100,88511,12.4153846154,1.5,1981MM08,63.0
88512,A5,328100,88512,12.9923076923,-3.4,1981MM09,60.9
88513,A5,328100,88513,13.5692307692,0.1,1981MM10,60.9
88514,A5,328100,88514,14.1461538462,-1.3,1981MM11,60.1
88515,A5,328100,88515,14.7230769231,0.5,1981MM12,60.4
88517,A5,328100,88517,15.3,3.1,1982MM01,62.3
88518,A5,328100,88518,12.9,2.3,1982MM02,63.8
88519,A5,328100,88519,14.0,0.9,1982MM03,64.3
88520,A5,328100,88520,13.2,-0.3,1982MM04,64.2
88521,A5,328100,88521,6.8,-2.6,1982MM05,62.5
88522,A5,328100,88522,6.6,2.8,1982MM06,64.3
88523,A5,328100,88523,-0.5,-3.8,1982MM07,61.8
88524,A5,328100,88524,-1.6,0.4,1982MM08,62.0
88525,A5,328100,88525,1.7,-0.2,1982MM09,61.9
88526,A5,328100,88526,-4.1,-5.5,1982MM10,58.5
88527,A5,328100,88527,-2.7,0.1,1982MM11,58.5
88528,A5,328100,88528,-6.2,-3.1,1982MM12,56.7
88530,A5,328100,88530,-8.8,0.2,1983MM01,56.8
88531,A5,328100,88531,-9.3,1.7,1983MM02,57.8
88532,A5,328100,88532,-9.4,0.9,1983MM03,58.3
88533,A5,328100,88533,-6.3,3.2,1983MM04,60.2
88534,A5,328100,88534,-3.0,0.8,1983MM05,60.6
88535,A5,328100,88535,-2.9,2.9,1983MM06,62.4
88536,A5,328100,88536,-0.6,-1.6,1983MM07,61.4
88537,A5,328100,88537,2.0,3.0,1983MM08,63.3
88538,A5,328100,88538,2.8,0.5,1983MM09,63.6
88539,A5,328100,88539,5.4,-3.1,1983MM10,61.6
88540,A5,328100,88540,7.4,2.0,1983MM11,62.9
88541,A5,328100,88541,13.3,2.2,1983MM12,64.3
88543,A5,328100,88543,16.6,3.1,1984MM01,66.3
88544,A5,328100,88544,13.7,-0.8,1984MM02,65.7
88545,A5,328100,88545,10.8,-1.6,1984MM03,64.6
88546,A5,328100,88546,11.3,3.6,1984MM04,66.9
88547,A5,328100,88547,13.0,2.4,1984MM05,68.5
88548,A5,328100,88548,9.4,-0.4,1984MM06,68.2
88549,A5,328100,88549,12.4,1.2,1984MM07,69.0
88550,A5,328100,88550,10.0,0.8,1984MM08,69.6
88551,A5,328100,88551,11.8,2.2,1984MM09,71.1
88552,A5,328100,88552,14.6,-0.6,1984MM10,70.7
88553,A5,328100,88553,10.2,-1.9,1984MM11,69.3
88554,A5,328100,88554,9.2,1.3,1984MM12,70.2
88556,A5,328100,88556,5.4,-0.5,1985MM01,69.8
88557,A5,328100,88557,5.5,-0.7,1985MM02,69.3
88558,A5,328100,88558,7.2,-0.1,1985MM03,69.2
88559,A5,328100,88559,3.8,0.4,1985MM04,69.5
88560,A5,328100,88560,1.5,0.0,1985MM05,69.5
88561,A5,328100,88561,1.6,-0.3,1985MM06,69.3
88562,A5,328100,88562,-0.4,-0.8,1985MM07,68.8
88563,A5,328100,88563,-1.6,-0.4,1985MM08,68.5
88564,A5,328100,88564,-4.4,-0.8,1985MM09,67.9
88565,A5,328100,88565,-4.1,-0.3,1985MM10,67.7
88566,A5,328100,88566,-3.1,-0.9,1985MM11,67.1
88567,A5,328100,88567,-4.6,-0.2,1985MM12,67.0
88569,A5,328100,88569,-4.4,-0.3,1986MM01,66.7
88570,A5,328100,88570,-4.3,-0.6,1986MM02,66.4
88571,A5,328100,88571,-2.7,1.5,1986MM03,67.4
88572,A5,328100,88572,-3.5,-0.4,1986MM04,67.1
88573,A5,328100,88573,-3.7,-0.2,1986MM05,67.0
88574,A5,328100,88574,-3.2,0.2,1986MM06,67.1
88575,A5,328100,88575,-2.3,0.2,1986MM07,67.2
88576,A5,328100,88576,-1.6,0.3,1986MM08,67.4
88577,A5,328100,88577,-1.2,-0.4,1986MM09,67.1
88578,A5,328100,88578,-1.9,-1.0,1986MM10,66.5
88579,A5,328100,88579,-1.4,-0.5,1986MM11,66.2
88580,A5,328100,88580,-1.7,-0.5,1986MM12,65.8
88582,A5,328100,88582,-1.0,0.3,1987MM01,66.1
88583,A5,328100,88583,-1.3,-0.9,1987MM02,65.5
88584,A5,328100,88584,-4.1,-1.3,1987MM03,64.6
88585,A5,328100,88585,-3.5,0.2,1987MM04,64.7
88586,A5,328100,88586,-3.6,-0.3,1987MM05,64.6
88587,A5,328100,88587,-3.4,0.4,1987MM06,64.8
88588,A5,328100,88588,-3.3,0.2,1987MM07,65.0
88589,A5,328100,88589,-5.3,-1.8,1987MM08,63.8
88590,A5,328100,88590,-4.6,0.3,1987MM09,64.0
88591,A5,328100,88591,-3.7,0.0,1987MM10,64.0
88592,A5,328100,88592,-3.2,0.0,1987MM11,64.0
88593,A5,328100,88593,-2.4,0.4,1987MM12,64.3
88595,A5,328100,88595,-2.8,-0.1,1988MM01,64.2
88596,A5,328100,88596,-2.2,-0.3,1988MM02,64.0
88597,A5,328100,88597,-0.5,0.4,1988MM03,64.3
88598,A5,328100,88598,4.3,5.1,1988MM04,67.5
88599,A5,328100,88599,0.4,-4.0,1988MM05,64.8
88600,A5,328100,88600,1.8,1.7,1988MM06,66.0
88601,A5,328100,88601,3.0,1.5,1988MM07,67.0
88602,A5,328100,88602,5.8,0.9,1988MM08,67.6
88603,A5,328100,88603,4.1,-1.3,1988MM09,66.7
88604,A5,328100,88604,5.8,1.6,1988MM10,67.8
88605,A5,328100,88605,8.1,2.1,1988MM11,69.2
88606,A5,328100,88606,8.5,0.7,1988MM12,69.7
88608,A5,328100,88608,10.3,1.5,1989MM01,70.8
88609,A5,328100,88609,11.4,0.7,1989MM02,71.3
88610,A5,328100,88610,10.4,-0.5,1989MM03,71.0
88611,A5,328100,88611,5.3,0.2,1989MM04,71.1
88612,A5,328100,88612,11.4,1.5,1989MM05,72.2
88613,A5,328100,88613,8.6,-0.8,1989MM06,71.6
88614,A5,328100,88614,6.9,-0.1,1989MM07,71.6
88615,A5,328100,88615,5.3,-0.6,1989MM08,71.2
88616,A5,328100,88616,5.9,-0.8,1989MM09,70.6
88617,A5,328100,88617,2.9,-1.2,1989MM10,69.8
88618,A5,328100,88618,-0.8,-1.6,1989MM11,68.7
88619,A5,328100,88619,-4.4,-2.9,1989MM12,66.7
88621,A5,328100,88621,-6.6,-0.8,1990MM01,66.1
88622,A5,328100,88622,-6.2,1.1,1990MM02,66.9
88623,A5,328100,88623,-8.7,-3.1,1990MM03,64.8
88624,A5,328100,88624,-10.6,-1.8,1990MM04,63.6
88625,A5,328100,88625,-12.7,-0.9,1990MM05,63.0
88626,A5,328100,88626,-13.3,-1.5,1990MM06,62.1
88627,A5,328100,88627,-14.1,-1.0,1990MM07,61.5
88628,A5,328100,88628,-14.6,-1.2,1990MM08,60.8
88629,A5,328100,88629,-14.3,-0.4,1990MM09,60.5
88630,A5,328100,88630,-13.7,-0.5,1990MM10,60.2
88631,A5,328100,88631,-13.3,-1.2,1990MM11,59.5
88632,A5,328100,88632,-10.5,0.2,1990MM12,59.7
88634,A5,328100,88634,-9.7,0.0,1991MM01,59.7
88635,A5,328100,88635,-11.4,-0.8,1991MM02,59.2
88636,A5,328100,88636,-7.0,1.7,1991MM03,60.2
88637,A5,328100,88637,-5.9,-0.6,1991MM04,59.9
88638,A5,328100,88638,-4.2,0.9,1991MM05,60.4
88639,A5,328100,88639,-1.2,1.6,1991MM06,61.4
88640,A5,328100,88640,-1.2,-1.0,1991MM07,60.7
88641,A5,328100,88641,0.9,0.9,1991MM08,61.3
88642,A5,328100,88642,0.0,-1.3,1991MM09,60.5
88643,A5,328100,88643,0.2,-0.3,1991MM10,60.4
88644,A5,328100,88644,0.1,-1.3,1991MM11,59.6
88645,A5,328100,88645,-1.0,-0.8,1991MM12,59.1
88647,A5,328100,88647,-1.6,-0.6,1992MM01,58.7
88648,A5,328100,88648,-0.9,-0.1,1992MM02,58.7
88649,A5,328100,88649,-4.0,-1.5,1992MM03,57.8
88650,A5,328100,88650,-3.0,0.5,1992MM04,58.1
88651,A5,328100,88651,-3.9,-0.1,1992MM05,58.0
88652,A5,328100,88652,-5.1,0.4,1992MM06,58.2
88653,A5,328100,88653,-3.5,0.6,1992MM07,58.6
88654,A5,328100,88654,-4.4,0.0,1992MM08,58.6
88655,A5,328100,88655,-4.5,-1.4,1992MM09,57.8
88656,A5,328100,88656,-4.8,-0.5,1992MM10,57.5
88657,A5,328100,88657,-3.5,0.0,1992MM11,57.5
88658,A5,328100,88658,-3.5,-0.7,1992MM12,57.0
88660,A5,328100,88660,-2.8,0.1,1993MM01,57.1
88661,A5,328100,88661,-2.5,0.3,1993MM02,57.3
88662,A5,328100,88662,-0.9,0.1,1993MM03,57.3
88663,A5,328100,88663,-0.3,1.0,1993MM04,57.9
88664,A5,328100,88664,-1.4,-1.2,1993MM05,57.2
88665,A5,328100,88665,-1.7,0.1,1993MM06,57.2
88666,A5,328100,88666,-3.5,-1.2,1993MM07,56.6
88667,A5,328100,88667,-0.7,2.9,1993MM08,58.2
88668,A5,328100,88668,1.2,0.5,1993MM09,58.5
88669,A5,328100,88669,2.6,0.8,1993MM10,58.9
88670,A5,328100,88670,1.5,-1.0,1993MM11,58.3
88671,A5,328100,88671,1.1,-1.1,1993MM12,57.7
88673,A5,328100,88673,0.3,-0.7,1994MM01,57.3
88674,A5,328100,88674,-0.6,-0.6,1994MM02,56.9
88675,A5,328100,88675,0.3,1.0,1994MM03,57.5
88676,A5,328100,88676,-2.5,-1.8,1994MM04,56.5
88677,A5,328100,88677,4.3,5.6,1994MM05,59.6
88678,A5,328100,88678,0.6,-3.5,1994MM06,57.6
88679,A5,328100,88679,2.8,1.0,1994MM07,58.1
88680,A5,328100,88680,1.3,1.4,1994MM08,58.9
88681,A5,328100,88681,1.6,0.7,1994MM09,59.4
88682,A5,328100,88682,0.7,-0.1,1994MM10,59.3
88683,A5,328100,88683,2.4,0.6,1994MM11,59.7
88684,A5,328100,88684,4.5,0.9,1994MM12,60.3
88686,A5,328100,88686,7.9,2.5,1995MM01,61.8
88687,A5,328100,88687,9.9,1.3,1995MM02,62.6
88688,A5,328100,88688,9.8,0.9,1995MM03,63.2
88689,A5,328100,88689,13.1,1.1,1995MM04,63.9
88690,A5,328100,88690,9.2,2.0,1995MM05,65.1
88691,A5,328100,88691,15.3,1.9,1995MM06,66.4
88692,A5,328100,88692,14.5,0.2,1995MM07,66.5
88693,A5,328100,88693,14.9,1.8,1995MM08,67.7
88694,A5,328100,88694,14.8,0.7,1995MM09,68.2
88695,A5,328100,88695,10.7,-3.7,1995MM10,65.7
88696,A5,328100,88696,7.2,-2.6,1995MM11,64.0
88697,A5,328100,88697,6.4,0.2,1995MM12,64.1
88699,A5,328100,88699,3.9,0.2,1996MM01,64.2
88700,A5,328100,88700,1.5,-1.0,1996MM02,63.5
88701,A5,328100,88701,0.6,0.0,1996MM03,63.5
88702,A5,328100,88702,-1.3,-0.8,1996MM04,63.0
88703,A5,328100,88703,-3.0,0.2,1996MM05,63.2
88704,A5,328100,88704,-8.9,-4.2,1996MM06,60.5
88705,A5,328100,88705,-11.4,-2.5,1996MM07,59.0
88706,A5,328100,88706,-13.8,-1.1,1996MM08,58.4
88707,A5,328100,88707,-13.9,0.6,1996MM09,58.7
88708,A5,328100,88708,-10.7,-0.1,1996MM10,58.7
88709,A5,328100,88709,-7.6,0.8,1996MM11,59.1
88710,A5,328100,88710,-6.5,1.4,1996MM12,59.9
88712,A5,328100,88712,-4.5,2.3,1997MM01,61.3
88713,A5,328100,88713,-1.3,2.3,1997MM02,62.7
88714,A5,328100,88714,0.2,1.4,1997MM03,63.6
88715,A5,328100,88715,2.6,1.6,1997MM04,64.7
88716,A5,328100,88716,3.3,0.9,1997MM05,65.2
88717,A5,328100,88717,8.9,1.0,1997MM06,65.9
88718,A5,328100,88718,14.6,2.6,1997MM07,67.6
88719,A5,328100,88719,17.7,1.6,1997MM08,68.7
88720,A5,328100,88720,16.8,-0.1,1997MM09,68.6
88721,A5,328100,88721,15.6,-1.1,1997MM10,67.8
88722,A5,328100,88722,15.5,0.6,1997MM11,68.3
88723,A5,328100,88723,14.1,0.1,1997MM12,68.4
88725,A5,328100,88725,13.9,2.2,1998MM01,69.8
88726,A5,328100,88726,10.3,-0.9,1998MM02,69.2
88727,A5,328100,88727,8.7,0.0,1998MM03,69.2
88728,A5,328100,88728,4.0,-2.8,1998MM04,67.2
88729,A5,328100,88729,0.9,-2.1,1998MM05,65.8
88730,A5,328100,88730,0.1,0.1,1998MM06,65.9
88731,A5,328100,88731,-3.4,-1.0,1998MM07,65.3
88732,A5,328100,88732,-5.8,-0.9,1998MM08,64.7
88733,A5,328100,88733,-9.2,-3.7,1998MM09,62.3
88734,A5,328100,88734,-12.8,-5.0,1998MM10,59.2
88735,A5,328100,88735,-14.7,-1.6,1998MM11,58.2
88736,A5,328100,88736,-17.8,-3.5,1998MM12,56.2
88738,A5,328100,88738,-20.6,-1.3,1999MM01,55.4
88739,A5,328100,88739,-20.7,-1.0,1999MM02,54.9
88740,A5,328100,88740,-19.7,1.2,1999MM03,55.5
88741,A5,328100,88741,-16.4,1.2,1999MM04,56.2
88742,A5,328100,88742,-14.4,0.2,1999MM05,56.3
88743,A5,328100,88743,-13.5,1.2,1999MM06,57.0
88744,A5,328100,88744,-11.0,1.9,1999MM07,58.1
88745,A5,328100,88745,-8.7,1.6,1999MM08,59.0
88746,A5,328100,88746,-4.0,1.3,1999MM09,59.8
88747,A5,328100,88747,2.7,1.6,1999MM10,60.8
88748,A5,328100,88748,7.8,3.3,1999MM11,62.8
88749,A5,328100,88749,14.5,2.5,1999MM12,64.3
88751,A5,328100,88751,20.1,3.5,2000MM01,66.6
88752,A5,328100,88752,23.6,1.9,2000MM02,67.8
88753,A5,328100,88753,24.6,2.0,2000MM03,69.2
88754,A5,328100,88754,26.1,2.5,2000MM04,70.9
88755,A5,328100,88755,28.6,2.2,2000MM05,72.4
88756,A5,328100,88756,26.6,-0.3,2000MM06,72.2
88757,A5,328100,88757,24.7,0.4,2000MM07,72.5
88758,A5,328100,88758,23.2,0.4,2000MM08,72.8
88759,A5,328100,88759,22.6,0.7,2000MM09,73.3
88760,A5,328100,88760,21.8,1.0,2000MM10,74.0
88761,A5,328100,88761,17.7,-0.2,2000MM11,73.9
88762,A5,328100,88762,12.7,-1.9,2000MM12,72.5
88764,A5,328100,88764,7.7,-1.1,2001MM01,71.7
88765,A5,328100,88765,4.6,-1.1,2001MM02,71.0
88766,A5,328100,88766,1.9,-0.6,2001MM03,70.5
88767,A5,328100,88767,-1.2,-0.7,2001MM04,70.0
88768,A5,328100,88768,-2.8,0.6,2001MM05,70.4
88769,A5,328100,88769,-1.9,0.6,2001MM06,70.8
88770,A5,328100,88770,-3.2,-0.9,2001MM07,70.2
88771,A5,328100,88771,-3.4,0.1,2001MM08,70.3
88772,A5,328100,88772,-4.3,-0.1,2001MM09,70.2
88773,A5,328100,88773,-8.0,-2.9,2001MM10,68.1
88774,A5,328100,88774,-8.4,-0.6,2001MM11,67.7
88775,A5,328100,88775,-8.2,-1.7,2001MM12,66.5
88777,A5,328100,88777,-9.1,-2.0,2002MM01,65.2
88778,A5,328100,88778,-7.3,0.8,2002MM02,65.7
88779,A5,328100,88779,-6.2,0.6,2002MM03,66.1
88780,A5,328100,88780,-4.6,1.0,2002MM04,66.8
88781,A5,328100,88781,-2.2,3.1,2002MM05,68.8
88782,A5,328100,88782,-2.9,-0.1,2002MM06,68.8
88783,A5,328100,88783,-1.5,0.5,2002MM07,69.1
88784,A5,328100,88784,-3.7,-2.1,2002MM08,67.7
88785,A5,328100,88785,-3.8,-0.3,2002MM09,67.5
88786,A5,328100,88786,0.9,1.8,2002MM10,68.7
88787,A5,328100,88787,1.6,0.0,2002MM11,68.8
88788,A5,328100,88788,3.9,0.6,2002MM12,69.1
88790,A5,328100,88790,6.1,0.1,2003MM01,69.2
88791,A5,328100,88791,6.0,0.7,2003MM02,69.7
88792,A5,328100,88792,6.2,0.8,2003MM03,70.2
88793,A5,328100,88793,4.6,-0.5,2003MM04,69.9
88794,A5,328100,88794,0.3,-1.2,2003MM05,69.0
88795,A5,328100,88795,0.0,-0.3,2003MM06,68.8
88796,A5,328100,88796,-2.1,-1.7,2003MM07,67.7
88797,A5,328100,88797,-0.1,-0.1,2003MM08,67.6
88798,A5,328100,88798,-0.2,-0.4,2003MM09,67.4
88799,A5,328100,88799,-1.3,0.7,2003MM10,67.9
88800,A5,328100,88800,-1.1,0.2,2003MM11,68.0
88801,A5,328100,88801,-3.6,-2.0,2003MM12,66.7
88803,A5,328100,88803,-1.3,2.4,2004MM01,68.3
88804,A5,328100,88804,-1.1,1.0,2004MM02,68.9
88805,A5,328100,88805,1.6,3.5,2004MM03,71.3
88806,A5,328100,88806,5.4,3.2,2004MM04,73.6
88807,A5,328100,88807,12.0,5.1,2004MM05,77.3
88808,A5,328100,88808,12.6,0.1,2004MM06,77.4
88809,A5,328100,88809,19.0,4.0,2004MM07,80.5
88810,A5,328100,88810,19.0,-0.1,2004MM08,80.5
88811,A5,328100,88811,22.9,2.9,2004MM09,82.8
88812,A5,328100,88812,27.2,4.3,2004MM10,86.3
88813,A5,328100,88813,24.8,-1.7,2004MM11,84.9
88814,A5,328100,88814,27.3,0.0,2004MM12,84.9
88816,A5,328100,88816,25.5923076923,0.95,2005MM01,88.2
88817,A5,328100,88817,23.8846153846,1.9,2005MM02,89.8
88818,A5,328100,88818,22.1769230769,0.2,2005MM03,90.0
88819,A5,328100,88819,20.4692307692,0.1,2005MM04,90.1
88820,A5,328100,88820,18.7615384615,0.6,2005MM05,90.6
88821,A5,328100,88821,17.0538461538,0.4,2005MM06,91.0
88822,A5,328100,88822,15.3461538462,-1.9,2005MM07,89.3
88823,A5,328100,88823,13.6384615385,-2.5,2005MM08,87.0
88824,A5,328100,88824,11.9307692308,0.8,2005MM09,87.7
88825,A5,328100,88825,10.2230769231,1.4,2005MM10,89.0
88826,A5,328100,88826,8.51538461538,1.3,2005MM11,90.2
88827,A5,328100,88827,6.80769230769,0.3,2005MM12,90.4
88829,A5,328100,88829,5.1,2.5,2006MM01,92.7
88830,A5,328100,88830,4.4,1.2,2006MM02,93.8
88831,A5,328100,88831,4.8,0.6,2006MM03,94.4
88832,A5,328100,88832,9.0,4.1,2006MM04,98.2
88833,A5,328100,88833,8.5,0.1,2006MM05,98.3
88834,A5,328100,88834,9.8,1.6,2006MM06,99.9
88835,A5,328100,88835,14.7,2.5,2006MM07,102.4
88836,A5,328100,88836,18.4,0.6,2006MM08,103.0
88837,A5,328100,88837,17.2,-0.2,2006MM09,102.8
88838,A5,328100,88838,18.1,2.3,2006MM10,105.1
88839,A5,328100,88839,15.3,-1.1,2006MM11,104.0
88840,A5,328100,88840,13.2,-1.6,2006MM12,102.3
88842,A5,328100,88842,10.1,-0.3,2007MM01,102.1
88843,A5,328100,88843,6.5,-2.2,2007MM02,99.9
88844,A5,328100,88844,5.9,0.0,2007MM03,99.9
88845,A5,328100,88845,2.9,1.1,2007MM04,101.0
88846,A5,328100,88846,4.6,1.8,2007MM05,102.8
88847,A5,328100,88847,2.9,-0.1,2007MM06,102.8
88848,A5,328100,88848,-0.2,-0.6,2007MM07,102.2
88849,A5,328100,88849,-1.2,-0.4,2007MM08,101.8
88850,A5,328100,88850,-1.7,-0.7,2007MM09,101.1
88851,A5,328100,88851,-4.0,-0.1,2007MM10,101.0
88852,A5,328100,88852,-5.4,-2.5,2007MM11,98.4
88853,A5,328100,88853,-4.0,-0.2,2007MM12,98.2
88855,A5,328100,88855,-5.1,-1.4,2008MM01,96.9
88856,A5,328100,88856,-1.5,1.6,2008MM02,98.4
88857,A5,328100,88857,-2.5,-1.1,2008MM03,97.4
88858,A5,328100,88858,-1.9,1.8,2008MM04,99.1
88859,A5,328100,88859,1.7,5.5,2008MM05,104.6
88860,A5,328100,88860,5.8,4.0,2008MM06,108.8
88861,A5,328100,88861,11.0,4.2,2008MM07,113.3
88862,A5,328100,88862,13.8,2.2,2008MM08,115.9
88863,A5,328100,88863,15.6,0.9,2008MM09,116.9
88864,A5,328100,88864,15.5,-0.2,2008MM10,116.6
88865,A5,328100,88865,10.1,-7.1,2008MM11,108.3
88866,A5,328100,88866,-2.3,-11.4,2008MM12,95.9
88868,A5,328100,88868,-3.1,-2.1,2009MM01,93.8
88869,A5,328100,88869,-6.1,-1.5,2009MM02,92.4
88870,A5,328100,88870,-5.8,-0.8,2009MM03,91.7
88871,A5,328100,88871,-12.0,-4.8,2009MM04,87.3
88872,A5,328100,88872,-17.7,-1.4,2009MM05,86.1
88873,A5,328100,88873,-21.4,-0.7,2009MM06,85.5
88874,A5,328100,88874,-25.1,-0.7,2009MM07,84.9
88875,A5,328100,88875,-26.6,0.2,2009MM08,85.0
88876,A5,328100,88876,-27.4,-0.2,2009MM09,84.9
88877,A5,328100,88877,-25.8,1.9,2009MM10,86.5
88878,A5,328100,88878,-21.0,-1.1,2009MM11,85.5
88879,A5,328100,88879,-9.0,2.0,2009MM12,87.3
88881,A5,328100,88881,-6.4,0.7,2010MM01,87.9
88882,A5,328100,88882,-2.7,2.3,2010MM02,89.9
88883,A5,328100,88883,0.6,2.6,2010MM03,92.3
88884,A5,328100,88884,14.9,8.7,2010MM04,100.3
88885,A5,328100,88885,24.3,6.7,2010MM05,107.0
88886,A5,328100,88886,26.2,0.8,2010MM06,107.9
88887,A5,328100,88887,20.9,-4.9,2010MM07,102.6
88888,A5,328100,88888,21.0,0.3,2010MM08,102.9
88889,A5,328100,88889,20.8,-0.4,2010MM09,102.5
88890,A5,328100,88890,16.9,-1.3,2010MM10,101.2
88891,A5,328100,88891,19.8,1.3,2010MM11,102.5
88892,A5,328100,88892,18.2,0.6,2010MM12,103.1
88894,A5,328100,88894,20.4,2.6,2011MM01,105.8
88895,A5,328100,88895,20.0,2.0,2011MM02,107.9
88896,A5,328100,88896,20.2,2.8,2011MM03,110.9
88897,A5,328100,88897,11.0,0.4,2011MM04,111.3
88898,A5,328100,88898,4.0,0.0,2011MM05,111.3
88899,A5,328100,88899,2.0,-1.2,2011MM06,110.0
88900,A5,328100,88900,6.9,-0.3,2011MM07,109.7
88901,A5,328100,88901,6.5,-0.1,2011MM08,109.6
88902,A5,328100,88902,5.4,-1.4,2011MM09,108.0
88903,A5,328100,88903,5.8,-0.9,2011MM10,107.0
88904,A5,328100,88904,3.2,-1.2,2011MM11,105.8
88905,A5,328100,88905,0.9,-1.6,2011MM12,104.1
88907,A5,328100,88907,-0.4,1.3,2012MM01,105.4
88908,A5,328100,88908,-2.0,0.3,2012MM02,105.7
88909,A5,328100,88909,-4.8,0.0,2012MM03,105.6
88910,A5,328100,88910,-6.1,-1.0,2012MM04,104.6
88911,A5,328100,88911,-7.6,-1.6,2012MM05,102.9
88912,A5,328100,88912,-8.0,-1.6,2012MM06,101.2
88913,A5,328100,88913,-8.2,-0.4,2012MM07,100.8
88914,A5,328100,88914,-10.1,-2.3,2012MM08,98.5
88915,A5,328100,88915,-8.5,0.3,2012MM09,98.8
88916,A5,328100,88916,-8.1,-0.4,2012MM10,98.4
88917,A5,328100,88917,-7.4,-0.5,2012MM11,97.9
88918,A5,328100,88918,-4.5,1.5,2012MM12,99.4
88920,A5,328100,88920,-4.7,1.0,2013MM01,100.4
88921,A5,328100,88921,-4.1,1.0,2013MM02,101.4
88922,A5,328100,88922,-4.2,-0.1,2013MM03,101.2
88923,A5,328100,88923,-4.8,-1.6,2013MM04,99.6
88924,A5,328100,88924,-4.5,-1.4,2013MM05,98.2
88925,A5,328100,88925,-4.2,-1.3,2013MM06,96.9
88926,A5,328100,88926,-4.7,-0.9,2013MM07,96.0
88927,A5,328100,88927,-2.6,-0.1,2013MM08,95.9
88928,A5,328100,88928,-1.6,1.4,2013MM09,97.3
88929,A5,328100,88929,-1.8,-0.7,2013MM10,96.6
88930,A5,328100,88930,-2.2,-0.9,2013MM11,95.7
88931,A5,328100,88931,-3.6,0.1,2013MM12,95.8
88933,A5,328100,88933,-3.4,1.2,2014MM01,97.0
88934,A5,328100,88934,-4.6,-0.3,2014MM02,96.7
88935,A5,328100,88935,-4.7,-0.2,2014MM03,96.5
88936,A5,328100,88936,-3.5,-0.4,2014MM04,96.1
88937,A5,328100,88937,-1.9,0.2,2014MM05,96.3
88938,A5,328100,88938,-0.1,0.6,2014MM06,96.9
88939,A5,328100,88939,0.4,-0.5,2014MM07,96.4
88940,A5,328100,88940,-0.3,-0.8,2014MM08,95.7
88941,A5,328100,88941,-0.5,1.1,2014MM09,96.8
88942,A5,328100,88942,0.0,-0.2,2014MM10,96.6
88943,A5,328100,88943,1.1,0.1,2014MM11,96.7
88944,A5,328100,88944,0.7,-0.3,2014MM12,96.5
88946,A5,328100,88946,-1.1,-0.6,2015MM01,95.9
88947,A5,328100,88947,-0.8,-0.1,2015MM02,95.9
88948,A5,328100,88948,0.2,0.9,2015MM03,96.7
88949,A5,328100,88949,1.1,0.5,2015MM04,97.2
88950,A5,328100,88950,0.8,-0.1,2015MM05,97.1
88951,A5,328100,88951,-0.7,-0.9,2015MM06,96.2
88952,A5,328100,88952,-0.8,-0.6,2015MM07,95.7
88953,A5,328100,88953,-0.6,-0.6,2015MM08,95.1
88954,A5,328100,88954,-1.8,-0.1,2015MM09,95.0
88955,A5,328100,88955,-1.9,-0.3,2015MM10,94.7
88956,A5,328100,88956,-3.0,-1.0,2015MM11,93.8
88957,A5,328100,88957,-4.8,-2.1,2015MM12,91.9
88959,A5,328100,88959,-5.6,-1.4,2016MM01,90.6
88960,A5,328100,88960,-5.9,-0.4,2016MM02,90.2
88961,A5,328100,88961,-7.4,-0.8,2016MM03,89.5
88962,A5,328100,88962,-7.5,0.4,2016MM04,89.9
88963,A5,328100,88963,-6.3,1.2,2016MM05,91.0
88964,A5,328100,88964,-5.0,0.5,2016MM06,91.4
88965,A5,328100,88965,-3.2,1.3,2016MM07,92.6
88966,A5,328100,88966,-1.4,1.3,2016MM08,93.8
88967,A5,328100,88967,-0.7,0.6,2016MM09,94.3
88968,A5,328100,88968,0.6,1.0,2016MM10,95.3
88969,A5,328100,88969,2.1,0.5,2016MM11,95.7
88970,A5,328100,88970,5.9,1.6,2016MM12,97.2
88972,A5,328100,88972,9.8,2.2,2017MM01,99.4
88973,A5,328100,88973,13.9,3.3,2017MM02,102.7
88974,A5,328100,88974,17.5,2.4,2017MM03,105.2
88975,A5,328100,88975,18.6,1.4,2017MM04,106.6
88976,A5,328100,88976,17.3,0.1,2017MM05,106.7
88977,A5,328100,88977,16.3,-0.5,2017MM06,106.3
88978,A5,328100,88978,13.3,-1.2,2017MM07,105.0
88979,A5,328100,88979,12.8,0.8,2017MM08,105.8
88980,A5,328100,88980,12.8,0.6,2017MM09,106.4
88981,A5,328100,88981,11.7,0.0,2017MM10,106.4
88982,A5,328100,88982,11.9,0.7,2017MM11,107.1
88983,A5,328100,88983,8.6,-1.4,2017MM12,105.6
