,Afzet,BedrijfstakkenBranchesSBI2008,ID,OntwikkelingTOV1JaarEerder_2,OntwikkelingTOV1MaandEerder_3,Perioden,ProducentenprijsindexPPI_1
87061,A5,328110,87061,2.59833887043,0.00137931034483,1981MM01,109.743598616
87062,A5,328110,87062,2.59667774086,0.00275862068966,1981MM02,109.687197232
87063,A5,328110,87063,2.5950166113,0.00413793103448,1981MM03,109.630795848
87064,A5,328110,87064,2.59335548173,0.00551724137931,1981MM04,109.574394464
87065,A5,328110,87065,2.59169435216,0.00689655172414,1981MM05,109.51799308
87066,A5,328110,87066,2.59003322259,0.00827586206897,1981MM06,109.461591696
87067,A5,328110,87067,2.58837209302,0.00965517241379,1981MM07,109.405190311
87068,A5,328110,87068,2.58671096346,0.0110344827586,1981MM08,109.348788927
87069,A5,328110,87069,2.58504983389,0.0124137931034,1981MM09,109.292387543
87070,A5,328110,87070,2.58338870432,0.0137931034483,1981MM10,109.235986159
87071,A5,328110,87071,2.58172757475,0.0151724137931,1981MM11,109.179584775
87072,A5,328110,87072,2.58006644518,0.0165517241379,1981MM12,109.123183391
87074,A5,328110,87074,2.57840531561,0.0179310344828,1982MM01,109.066782007
87075,A5,328110,87075,2.57674418605,0.0193103448276,1982MM02,109.010380623
87076,A5,328110,87076,2.57508305648,0.0206896551724,1982MM03,108.953979239
87077,A5,328110,87077,2.57342192691,0.0220689655172,1982MM04,108.897577855
87078,A5,328110,87078,2.57176079734,0.0234482758621,1982MM05,108.841176471
87079,A5,328110,87079,2.57009966777,0.0248275862069,1982MM06,108.784775087
87080,A5,328110,87080,2.56843853821,0.0262068965517,1982MM07,108.728373702
87081,A5,328110,87081,2.56677740864,0.0275862068966,1982MM08,108.671972318
87082,A5,328110,87082,2.56511627907,0.0289655172414,1982MM09,108.615570934
87083,A5,328110,87083,2.5634551495,0.0303448275862,1982MM10,108.55916955
87084,A5,328110,87084,2.56179401993,0.031724137931,1982MM11,108.502768166
87085,A5,328110,87085,2.56013289037,0.0331034482759,1982MM12,108.446366782
87087,A5,328110,87087,2.5584717608,0.0344827586207,1983MM01,108.389965398
87088,A5,328110,87088,2.55681063123,0.0358620689655,1983MM02,108.333564014
87089,A5,328110,87089,2.55514950166,0.0372413793103,1983MM03,108.27716263
87090,A5,328110,87090,2.55348837209,0.0386206896552,1983MM04,108.220761246
87091,A5,328110,87091,2.55182724252,0.04,1983MM05,108.164359862
87092,A5,328110,87092,2.55016611296,0.0413793103448,1983MM06,108.107958478
87093,A5,328110,87093,2.54850498339,0.0427586206897,1983MM07,108.051557093
87094,A5,328110,87094,2.54684385382,0.0441379310345,1983MM08,107.995155709
87095,A5,328110,87095,2.54518272425,0.0455172413793,1983MM09,107.938754325
87096,A5,328110,87096,2.54352159468,0.0468965517241,1983MM10,107.882352941
87097,A5,328110,87097,2.54186046512,0.048275862069,1983MM11,107.825951557
87098,A5,328110,87098,2.54019933555,0.0496551724138,1983MM12,107.769550173
87100,A5,328110,87100,2.53853820598,0.0510344827586,1984MM01,107.713148789
87101,A5,328110,87101,2.53687707641,0.0524137931034,1984MM02,107.656747405
87102,A5,328110,87102,2.53521594684,0.0537931034483,1984MM03,107.600346021
87103,A5,328110,87103,2.53355481728,0.0551724137931,1984MM04,107.543944637
87104,A5,328110,87104,2.53189368771,0.0565517241379,1984MM05,107.487543253
87105,A5,328110,87105,2.53023255814,0.0579310344828,1984MM06,107.431141869
87106,A5,328110,87106,2.52857142857,0.0593103448276,1984MM07,107.374740484
87107,A5,328110,87107,2.526910299,0.0606896551724,1984MM08,107.3183391
87108,A5,328110,87108,2.52524916944,0.0620689655172,1984MM09,107.261937716
87109,A5,328110,87109,2.52358803987,0.0634482758621,1984MM10,107.205536332
87110,A5,328110,87110,2.5219269103,0.0648275862069,1984MM11,107.149134948
87111,A5,328110,87111,2.52026578073,0.0662068965517,1984MM12,107.092733564
87113,A5,328110,87113,2.51860465116,0.0675862068966,1985MM01,107.03633218
87114,A5,328110,87114,2.51694352159,0.0689655172414,1985MM02,106.979930796
87115,A5,328110,87115,2.51528239203,0.0703448275862,1985MM03,106.923529412
87116,A5,328110,87116,2.51362126246,0.071724137931,1985MM04,106.867128028
87117,A5,328110,87117,2.51196013289,0.0731034482759,1985MM05,106.810726644
87118,A5,328110,87118,2.51029900332,0.0744827586207,1985MM06,106.75432526
87119,A5,328110,87119,2.50863787375,0.0758620689655,1985MM07,106.697923875
87120,A5,328110,87120,2.50697674419,0.0772413793103,1985MM08,106.641522491
87121,A5,328110,87121,2.50531561462,0.0786206896552,1985MM09,106.585121107
87122,A5,328110,87122,2.50365448505,0.08,1985MM10,106.528719723
87123,A5,328110,87123,2.50199335548,0.0813793103448,1985MM11,106.472318339
87124,A5,328110,87124,2.50033222591,0.0827586206897,1985MM12,106.415916955
87126,A5,328110,87126,2.49867109635,0.0841379310345,1986MM01,106.359515571
87127,A5,328110,87127,2.49700996678,0.0855172413793,1986MM02,106.303114187
87128,A5,328110,87128,2.49534883721,0.0868965517241,1986MM03,106.246712803
87129,A5,328110,87129,2.49368770764,0.088275862069,1986MM04,106.190311419
87130,A5,328110,87130,2.49202657807,0.0896551724138,1986MM05,106.133910035
87131,A5,328110,87131,2.4903654485,0.0910344827586,1986MM06,106.077508651
87132,A5,328110,87132,2.48870431894,0.0924137931034,1986MM07,106.021107266
87133,A5,328110,87133,2.48704318937,0.0937931034483,1986MM08,105.964705882
87134,A5,328110,87134,2.4853820598,0.0951724137931,1986MM09,105.908304498
87135,A5,328110,87135,2.48372093023,0.0965517241379,1986MM10,105.851903114
87136,A5,328110,87136,2.48205980066,0.0979310344828,1986MM11,105.79550173
87137,A5,328110,87137,2.4803986711,0.0993103448276,1986MM12,105.739100346
87139,A5,328110,87139,2.47873754153,0.100689655172,1987MM01,105.682698962
87140,A5,328110,87140,2.47707641196,0.102068965517,1987MM02,105.626297578
87141,A5,328110,87141,2.47541528239,0.103448275862,1987MM03,105.569896194
87142,A5,328110,87142,2.47375415282,0.104827586207,1987MM04,105.51349481
87143,A5,328110,87143,2.47209302326,0.106206896552,1987MM05,105.457093426
87144,A5,328110,87144,2.47043189369,0.107586206897,1987MM06,105.400692042
87145,A5,328110,87145,2.46877076412,0.108965517241,1987MM07,105.344290657
87146,A5,328110,87146,2.46710963455,0.110344827586,1987MM08,105.287889273
87147,A5,328110,87147,2.46544850498,0.111724137931,1987MM09,105.231487889
87148,A5,328110,87148,2.46378737542,0.113103448276,1987MM10,105.175086505
87149,A5,328110,87149,2.46212624585,0.114482758621,1987MM11,105.118685121
87150,A5,328110,87150,2.46046511628,0.115862068966,1987MM12,105.062283737
87152,A5,328110,87152,2.45880398671,0.11724137931,1988MM01,105.005882353
87153,A5,328110,87153,2.45714285714,0.118620689655,1988MM02,104.949480969
87154,A5,328110,87154,2.45548172757,0.12,1988MM03,104.893079585
87155,A5,328110,87155,2.45382059801,0.121379310345,1988MM04,104.836678201
87156,A5,328110,87156,2.45215946844,0.12275862069,1988MM05,104.780276817
87157,A5,328110,87157,2.45049833887,0.124137931034,1988MM06,104.723875433
87158,A5,328110,87158,2.4488372093,0.125517241379,1988MM07,104.667474048
87159,A5,328110,87159,2.44717607973,0.126896551724,1988MM08,104.611072664
87160,A5,328110,87160,2.44551495017,0.128275862069,1988MM09,104.55467128
87161,A5,328110,87161,2.4438538206,0.129655172414,1988MM10,104.498269896
87162,A5,328110,87162,2.44219269103,0.131034482759,1988MM11,104.441868512
87163,A5,328110,87163,2.44053156146,0.132413793103,1988MM12,104.385467128
87165,A5,328110,87165,2.43887043189,0.133793103448,1989MM01,104.329065744
87166,A5,328110,87166,2.43720930233,0.135172413793,1989MM02,104.27266436
87167,A5,328110,87167,2.43554817276,0.136551724138,1989MM03,104.216262976
87168,A5,328110,87168,2.43388704319,0.137931034483,1989MM04,104.159861592
87169,A5,328110,87169,2.43222591362,0.139310344828,1989MM05,104.103460208
87170,A5,328110,87170,2.43056478405,0.140689655172,1989MM06,104.047058824
87171,A5,328110,87171,2.42890365449,0.142068965517,1989MM07,103.990657439
87172,A5,328110,87172,2.42724252492,0.143448275862,1989MM08,103.934256055
87173,A5,328110,87173,2.42558139535,0.144827586207,1989MM09,103.877854671
87174,A5,328110,87174,2.42392026578,0.146206896552,1989MM10,103.821453287
87175,A5,328110,87175,2.42225913621,0.147586206897,1989MM11,103.765051903
87176,A5,328110,87176,2.42059800664,0.148965517241,1989MM12,103.708650519
87178,A5,328110,87178,2.41893687708,0.150344827586,1990MM01,103.652249135
87179,A5,328110,87179,2.41727574751,0.151724137931,1990MM02,103.595847751
87180,A5,328110,87180,2.41561461794,0.153103448276,1990MM03,103.539446367
87181,A5,328110,87181,2.41395348837,0.154482758621,1990MM04,103.483044983
87182,A5,328110,87182,2.4122923588,0.155862068966,1990MM05,103.426643599
87183,A5,328110,87183,2.41063122924,0.15724137931,1990MM06,103.370242215
87184,A5,328110,87184,2.40897009967,0.158620689655,1990MM07,103.31384083
87185,A5,328110,87185,2.4073089701,0.16,1990MM08,103.257439446
87186,A5,328110,87186,2.40564784053,0.161379310345,1990MM09,103.201038062
87187,A5,328110,87187,2.40398671096,0.16275862069,1990MM10,103.144636678
87188,A5,328110,87188,2.4023255814,0.164137931034,1990MM11,103.088235294
87189,A5,328110,87189,2.40066445183,0.165517241379,1990MM12,103.03183391
87191,A5,328110,87191,2.39900332226,0.166896551724,1991MM01,102.975432526
87192,A5,328110,87192,2.39734219269,0.168275862069,1991MM02,102.919031142
87193,A5,328110,87193,2.39568106312,0.169655172414,1991MM03,102.862629758
87194,A5,328110,87194,2.39401993355,0.171034482759,1991MM04,102.806228374
87195,A5,328110,87195,2.39235880399,0.172413793103,1991MM05,102.74982699
87196,A5,328110,87196,2.39069767442,0.173793103448,1991MM06,102.693425606
87197,A5,328110,87197,2.38903654485,0.175172413793,1991MM07,102.637024221
87198,A5,328110,87198,2.38737541528,0.176551724138,1991MM08,102.580622837
87199,A5,328110,87199,2.38571428571,0.177931034483,1991MM09,102.524221453
87200,A5,328110,87200,2.38405315615,0.179310344828,1991MM10,102.467820069
87201,A5,328110,87201,2.38239202658,0.180689655172,1991MM11,102.411418685
87202,A5,328110,87202,2.38073089701,0.182068965517,1991MM12,102.355017301
87204,A5,328110,87204,2.37906976744,0.183448275862,1992MM01,102.298615917
87205,A5,328110,87205,2.37740863787,0.184827586207,1992MM02,102.242214533
87206,A5,328110,87206,2.37574750831,0.186206896552,1992MM03,102.185813149
87207,A5,328110,87207,2.37408637874,0.187586206897,1992MM04,102.129411765
87208,A5,328110,87208,2.37242524917,0.188965517241,1992MM05,102.073010381
87209,A5,328110,87209,2.3707641196,0.190344827586,1992MM06,102.016608997
87210,A5,328110,87210,2.36910299003,0.191724137931,1992MM07,101.960207612
87211,A5,328110,87211,2.36744186047,0.193103448276,1992MM08,101.903806228
87212,A5,328110,87212,2.3657807309,0.194482758621,1992MM09,101.847404844
87213,A5,328110,87213,2.36411960133,0.195862068966,1992MM10,101.79100346
87214,A5,328110,87214,2.36245847176,0.19724137931,1992MM11,101.734602076
87215,A5,328110,87215,2.36079734219,0.198620689655,1992MM12,101.678200692
87217,A5,328110,87217,2.35913621262,0.2,1993MM01,101.621799308
87218,A5,328110,87218,2.35747508306,0.201379310345,1993MM02,101.565397924
87219,A5,328110,87219,2.35581395349,0.20275862069,1993MM03,101.50899654
87220,A5,328110,87220,2.35415282392,0.204137931034,1993MM04,101.452595156
87221,A5,328110,87221,2.35249169435,0.205517241379,1993MM05,101.396193772
87222,A5,328110,87222,2.35083056478,0.206896551724,1993MM06,101.339792388
87223,A5,328110,87223,2.34916943522,0.208275862069,1993MM07,101.283391003
87224,A5,328110,87224,2.34750830565,0.209655172414,1993MM08,101.226989619
87225,A5,328110,87225,2.34584717608,0.211034482759,1993MM09,101.170588235
87226,A5,328110,87226,2.34418604651,0.212413793103,1993MM10,101.114186851
87227,A5,328110,87227,2.34252491694,0.213793103448,1993MM11,101.057785467
87228,A5,328110,87228,2.34086378738,0.215172413793,1993MM12,101.001384083
87230,A5,328110,87230,2.33920265781,0.216551724138,1994MM01,100.944982699
87231,A5,328110,87231,2.33754152824,0.217931034483,1994MM02,100.888581315
87232,A5,328110,87232,2.33588039867,0.219310344828,1994MM03,100.832179931
87233,A5,328110,87233,2.3342192691,0.220689655172,1994MM04,100.775778547
87234,A5,328110,87234,2.33255813953,0.222068965517,1994MM05,100.719377163
87235,A5,328110,87235,2.33089700997,0.223448275862,1994MM06,100.662975779
87236,A5,328110,87236,2.3292358804,0.224827586207,1994MM07,100.606574394
87237,A5,328110,87237,2.32757475083,0.226206896552,1994MM08,100.55017301
87238,A5,328110,87238,2.32591362126,0.227586206897,1994MM09,100.493771626
87239,A5,328110,87239,2.32425249169,0.228965517241,1994MM10,100.437370242
87240,A5,328110,87240,2.32259136213,0.230344827586,1994MM11,100.380968858
87241,A5,328110,87241,2.32093023256,0.231724137931,1994MM12,100.324567474
87243,A5,328110,87243,2.31926910299,0.233103448276,1995MM01,100.26816609
87244,A5,328110,87244,2.31760797342,0.234482758621,1995MM02,100.211764706
87245,A5,328110,87245,2.31594684385,0.235862068966,1995MM03,100.155363322
87246,A5,328110,87246,2.31428571429,0.23724137931,1995MM04,100.098961938
87247,A5,328110,87247,2.31262458472,0.238620689655,1995MM05,100.042560554
87248,A5,328110,87248,2.31096345515,0.24,1995MM06,99.9861591696
87249,A5,328110,87249,2.30930232558,0.241379310345,1995MM07,99.9297577855
87250,A5,328110,87250,2.30764119601,0.24275862069,1995MM08,99.8733564014
87251,A5,328110,87251,2.30598006645,0.244137931034,1995MM09,99.8169550173
87252,A5,328110,87252,2.30431893688,0.245517241379,1995MM10,99.7605536332
87253,A5,328110,87253,2.30265780731,0.246896551724,1995MM11,99.7041522491
87254,A5,328110,87254,2.30099667774,0.248275862069,1995MM12,99.6477508651
87256,A5,328110,87256,2.29933554817,0.249655172414,1996MM01,99.591349481
87257,A5,328110,87257,2.2976744186,0.251034482759,1996MM02,99.5349480969
87258,A5,328110,87258,2.29601328904,0.252413793103,1996MM03,99.4785467128
87259,A5,328110,87259,2.29435215947,0.253793103448,1996MM04,99.4221453287
87260,A5,328110,87260,2.2926910299,0.255172413793,1996MM05,99.3657439446
87261,A5,328110,87261,2.29102990033,0.256551724138,1996MM06,99.3093425606
87262,A5,328110,87262,2.28936877076,0.257931034483,1996MM07,99.2529411765
87263,A5,328110,87263,2.2877076412,0.259310344828,1996MM08,99.1965397924
87264,A5,328110,87264,2.28604651163,0.260689655172,1996MM09,99.1401384083
87265,A5,328110,87265,2.28438538206,0.262068965517,1996MM10,99.0837370242
87266,A5,328110,87266,2.28272425249,0.263448275862,1996MM11,99.0273356401
87267,A5,328110,87267,2.28106312292,0.264827586207,1996MM12,98.9709342561
87269,A5,328110,87269,2.27940199336,0.266206896552,1997MM01,98.914532872
87270,A5,328110,87270,2.27774086379,0.267586206897,1997MM02,98.8581314879
87271,A5,328110,87271,2.27607973422,0.268965517241,1997MM03,98.8017301038
87272,A5,328110,87272,2.27441860465,0.270344827586,1997MM04,98.7453287197
87273,A5,328110,87273,2.27275747508,0.271724137931,1997MM05,98.6889273356
87274,A5,328110,87274,2.27109634551,0.273103448276,1997MM06,98.6325259516
87275,A5,328110,87275,2.26943521595,0.274482758621,1997MM07,98.5761245675
87276,A5,328110,87276,2.26777408638,0.275862068966,1997MM08,98.5197231834
87277,A5,328110,87277,2.26611295681,0.27724137931,1997MM09,98.4633217993
87278,A5,328110,87278,2.26445182724,0.278620689655,1997MM10,98.4069204152
87279,A5,328110,87279,2.26279069767,0.28,1997MM11,98.3505190311
87280,A5,328110,87280,2.26112956811,0.281379310345,1997MM12,98.2941176471
87282,A5,328110,87282,2.25946843854,0.28275862069,1998MM01,98.237716263
87283,A5,328110,87283,2.25780730897,0.284137931034,1998MM02,98.1813148789
87284,A5,328110,87284,2.2561461794,0.285517241379,1998MM03,98.1249134948
87285,A5,328110,87285,2.25448504983,0.286896551724,1998MM04,98.0685121107
87286,A5,328110,87286,2.25282392027,0.288275862069,1998MM05,98.0121107266
87287,A5,328110,87287,2.2511627907,0.289655172414,1998MM06,97.9557093426
87288,A5,328110,87288,2.24950166113,0.291034482759,1998MM07,97.8993079585
87289,A5,328110,87289,2.24784053156,0.292413793103,1998MM08,97.8429065744
87290,A5,328110,87290,2.24617940199,0.293793103448,1998MM09,97.7865051903
87291,A5,328110,87291,2.24451827243,0.295172413793,1998MM10,97.7301038062
87292,A5,328110,87292,2.24285714286,0.296551724138,1998MM11,97.6737024221
87293,A5,328110,87293,2.24119601329,0.297931034483,1998MM12,97.6173010381
87295,A5,328110,87295,2.23953488372,0.299310344828,1999MM01,97.560899654
87296,A5,328110,87296,2.23787375415,0.300689655172,1999MM02,97.5044982699
87297,A5,328110,87297,2.23621262458,0.302068965517,1999MM03,97.4480968858
87298,A5,328110,87298,2.23455149502,0.303448275862,1999MM04,97.3916955017
87299,A5,328110,87299,2.23289036545,0.304827586207,1999MM05,97.3352941176
87300,A5,328110,87300,2.23122923588,0.306206896552,1999MM06,97.2788927336
87301,A5,328110,87301,2.22956810631,0.307586206897,1999MM07,97.2224913495
87302,A5,328110,87302,2.22790697674,0.308965517241,1999MM08,97.1660899654
87303,A5,328110,87303,2.22624584718,0.310344827586,1999MM09,97.1096885813
87304,A5,328110,87304,2.22458471761,0.311724137931,1999MM10,97.0532871972
87305,A5,328110,87305,2.22292358804,0.313103448276,1999MM11,96.9968858131
87306,A5,328110,87306,2.22126245847,0.314482758621,1999MM12,96.9404844291
87308,A5,328110,87308,2.2196013289,0.315862068966,2000MM01,96.884083045
87309,A5,328110,87309,2.21794019934,0.31724137931,2000MM02,96.8276816609
87310,A5,328110,87310,2.21627906977,0.318620689655,2000MM03,96.7712802768
87311,A5,328110,87311,2.2146179402,0.32,2000MM04,96.7148788927
87312,A5,328110,87312,2.21295681063,0.321379310345,2000MM05,96.6584775087
87313,A5,328110,87313,2.21129568106,0.32275862069,2000MM06,96.6020761246
87314,A5,328110,87314,2.2096345515,0.324137931034,2000MM07,96.5456747405
87315,A5,328110,87315,2.20797342193,0.325517241379,2000MM08,96.4892733564
87316,A5,328110,87316,2.20631229236,0.326896551724,2000MM09,96.4328719723
87317,A5,328110,87317,2.20465116279,0.328275862069,2000MM10,96.3764705882
87318,A5,328110,87318,2.20299003322,0.329655172414,2000MM11,96.3200692042
87319,A5,328110,87319,2.20132890365,0.331034482759,2000MM12,96.2636678201
87321,A5,328110,87321,2.19966777409,0.332413793103,2001MM01,96.207266436
87322,A5,328110,87322,2.19800664452,0.333793103448,2001MM02,96.1508650519
87323,A5,328110,87323,2.19634551495,0.335172413793,2001MM03,96.0944636678
87324,A5,328110,87324,2.19468438538,0.336551724138,2001MM04,96.0380622837
87325,A5,328110,87325,2.19302325581,0.337931034483,2001MM05,95.9816608997
87326,A5,328110,87326,2.19136212625,0.339310344828,2001MM06,95.9252595156
87327,A5,328110,87327,2.18970099668,0.340689655172,2001MM07,95.8688581315
87328,A5,328110,87328,2.18803986711,0.342068965517,2001MM08,95.8124567474
87329,A5,328110,87329,2.18637873754,0.343448275862,2001MM09,95.7560553633
87330,A5,328110,87330,2.18471760797,0.344827586207,2001MM10,95.6996539792
87331,A5,328110,87331,2.18305647841,0.346206896552,2001MM11,95.6432525952
87332,A5,328110,87332,2.18139534884,0.347586206897,2001MM12,95.5868512111
87334,A5,328110,87334,2.17973421927,0.348965517241,2002MM01,95.530449827
87335,A5,328110,87335,2.1780730897,0.350344827586,2002MM02,95.4740484429
87336,A5,328110,87336,2.17641196013,0.351724137931,2002MM03,95.4176470588
87337,A5,328110,87337,2.17475083056,0.353103448276,2002MM04,95.3612456747
87338,A5,328110,87338,2.173089701,0.354482758621,2002MM05,95.3048442907
87339,A5,328110,87339,2.17142857143,0.355862068966,2002MM06,95.2484429066
87340,A5,328110,87340,2.16976744186,0.35724137931,2002MM07,95.1920415225
87341,A5,328110,87341,2.16810631229,0.358620689655,2002MM08,95.1356401384
87342,A5,328110,87342,2.16644518272,0.36,2002MM09,95.0792387543
87343,A5,328110,87343,2.16478405316,0.361379310345,2002MM10,95.0228373702
87344,A5,328110,87344,2.16312292359,0.36275862069,2002MM11,94.9664359862
87345,A5,328110,87345,2.16146179402,0.364137931034,2002MM12,94.9100346021
87347,A5,328110,87347,2.15980066445,0.365517241379,2003MM01,94.853633218
87348,A5,328110,87348,2.15813953488,0.366896551724,2003MM02,94.7972318339
87349,A5,328110,87349,2.15647840532,0.368275862069,2003MM03,94.7408304498
87350,A5,328110,87350,2.15481727575,0.369655172414,2003MM04,94.6844290657
87351,A5,328110,87351,2.15315614618,0.371034482759,2003MM05,94.6280276817
87352,A5,328110,87352,2.15149501661,0.372413793103,2003MM06,94.5716262976
87353,A5,328110,87353,2.14983388704,0.373793103448,2003MM07,94.5152249135
87354,A5,328110,87354,2.14817275748,0.375172413793,2003MM08,94.4588235294
87355,A5,328110,87355,2.14651162791,0.376551724138,2003MM09,94.4024221453
87356,A5,328110,87356,2.14485049834,0.377931034483,2003MM10,94.3460207612
87357,A5,328110,87357,2.14318936877,0.379310344828,2003MM11,94.2896193772
87358,A5,328110,87358,2.1415282392,0.380689655172,2003MM12,94.2332179931
87360,A5,328110,87360,2.13986710963,0.382068965517,2004MM01,94.176816609
87361,A5,328110,87361,2.13820598007,0.383448275862,2004MM02,94.1204152249
87362,A5,328110,87362,2.1365448505,0.384827586207,2004MM03,94.0640138408
87363,A5,328110,87363,2.13488372093,0.386206896552,2004MM04,94.0076124567
87364,A5,328110,87364,2.13322259136,0.387586206897,2004MM05,93.9512110727
87365,A5,328110,87365,2.13156146179,0.388965517241,2004MM06,93.8948096886
87366,A5,328110,87366,2.12990033223,0.390344827586,2004MM07,93.8384083045
87367,A5,328110,87367,2.12823920266,0.391724137931,2004MM08,93.7820069204
87368,A5,328110,87368,2.12657807309,0.393103448276,2004MM09,93.7256055363
87369,A5,328110,87369,2.12491694352,0.394482758621,2004MM10,93.6692041522
87370,A5,328110,87370,2.12325581395,0.395862068966,2004MM11,93.6128027682
87371,A5,328110,87371,2.12159468439,0.39724137931,2004MM12,93.5564013841
87373,A5,328110,87373,2.11993355482,0.398620689655,2005MM01,93.5
87374,A5,328110,87374,2.11827242525,0.4,2005MM02,93.9
87375,A5,328110,87375,2.11661129568,0.0,2005MM03,93.9
87376,A5,328110,87376,2.11495016611,0.2,2005MM04,94.1
87377,A5,328110,87377,2.11328903654,0.3,2005MM05,94.4
87378,A5,328110,87378,2.11162790698,0.3,2005MM06,94.7
87379,A5,328110,87379,2.10996677741,-0.3,2005MM07,94.4
87380,A5,328110,87380,2.10830564784,-0.3,2005MM08,94.2
87381,A5,328110,87381,2.10664451827,0.2,2005MM09,94.3
87382,A5,328110,87382,2.1049833887,0.6,2005MM10,94.8
87383,A5,328110,87383,2.10332225914,0.3,2005MM11,95.1
87384,A5,328110,87384,2.10166112957,0.1,2005MM12,95.2
87386,A5,328110,87386,2.1,0.3,2006MM01,95.5
87387,A5,328110,87387,2.0,0.3,2006MM02,95.8
87388,A5,328110,87388,2.1,0.1,2006MM03,95.9
87389,A5,328110,87389,3.1,1.2,2006MM04,97.0
87390,A5,328110,87390,2.8,0.0,2006MM05,97.0
87391,A5,328110,87391,2.7,0.2,2006MM06,97.2
87392,A5,328110,87392,3.8,0.7,2006MM07,98.0
87393,A5,328110,87393,4.3,0.2,2006MM08,98.2
87394,A5,328110,87394,4.1,0.0,2006MM09,98.2
87395,A5,328110,87395,4.1,0.5,2006MM10,98.7
87396,A5,328110,87396,3.4,-0.3,2006MM11,98.4
87397,A5,328110,87397,2.9,-0.4,2006MM12,98.0
87399,A5,328110,87399,3.3,0.7,2007MM01,98.7
87400,A5,328110,87400,2.6,-0.3,2007MM02,98.3
87401,A5,328110,87401,2.6,0.1,2007MM03,98.4
87402,A5,328110,87402,2.1,0.7,2007MM04,99.1
87403,A5,328110,87403,2.6,0.4,2007MM05,99.5
87404,A5,328110,87404,2.3,0.0,2007MM06,99.5
87405,A5,328110,87405,1.4,-0.2,2007MM07,99.3
87406,A5,328110,87406,1.1,-0.1,2007MM08,99.2
87407,A5,328110,87407,0.8,-0.3,2007MM09,98.9
87408,A5,328110,87408,0.1,-0.2,2007MM10,98.8
87409,A5,328110,87409,-0.2,-0.6,2007MM11,98.2
87410,A5,328110,87410,0.2,0.0,2007MM12,98.2
87412,A5,328110,87412,-0.8,-0.4,2008MM01,97.8
87413,A5,328110,87413,0.0,0.5,2008MM02,98.3
87414,A5,328110,87414,-0.2,-0.1,2008MM03,98.2
87415,A5,328110,87415,0.1,1.0,2008MM04,99.2
87416,A5,328110,87416,1.0,1.3,2008MM05,100.5
87417,A5,328110,87417,1.9,0.9,2008MM06,101.4
87418,A5,328110,87418,3.3,1.3,2008MM07,102.7
87419,A5,328110,87419,4.3,0.8,2008MM08,103.5
87420,A5,328110,87420,4.4,-0.3,2008MM09,103.2
87421,A5,328110,87421,4.4,-0.1,2008MM10,103.1
87422,A5,328110,87422,3.7,-1.3,2008MM11,101.8
87423,A5,328110,87423,1.2,-2.3,2008MM12,99.4
87425,A5,328110,87425,1.2,-0.4,2009MM01,99.0
87426,A5,328110,87426,0.3,-0.4,2009MM02,98.6
87427,A5,328110,87427,0.1,-0.3,2009MM03,98.3
87428,A5,328110,87428,-1.5,-0.6,2009MM04,97.7
87429,A5,328110,87429,-3.2,-0.5,2009MM05,97.2
87430,A5,328110,87430,-4.3,-0.3,2009MM06,97.0
87431,A5,328110,87431,-6.0,-0.5,2009MM07,96.5
87432,A5,328110,87432,-6.8,0.0,2009MM08,96.5
87433,A5,328110,87433,-6.6,0.0,2009MM09,96.5
87434,A5,328110,87434,-6.3,0.1,2009MM10,96.6
87435,A5,328110,87435,-5.3,-0.2,2009MM11,96.4
87436,A5,328110,87436,-2.7,0.3,2009MM12,96.8
87438,A5,328110,87438,-1.9,0.4,2010MM01,97.1
87439,A5,328110,87439,-1.0,0.6,2010MM02,97.7
87440,A5,328110,87440,-0.1,0.5,2010MM03,98.2
87441,A5,328110,87441,2.1,1.6,2010MM04,99.8
87442,A5,328110,87442,4.1,1.5,2010MM05,101.3
87443,A5,328110,87443,4.7,0.3,2010MM06,101.6
87444,A5,328110,87444,4.3,-1.0,2010MM07,100.6
87445,A5,328110,87445,4.4,0.1,2010MM08,100.7
87446,A5,328110,87446,4.6,0.1,2010MM09,100.9
87447,A5,328110,87447,3.9,-0.5,2010MM10,100.4
87448,A5,328110,87448,4.5,0.3,2010MM11,100.7
87449,A5,328110,87449,4.4,0.3,2010MM12,101.0
87451,A5,328110,87451,4.9,0.9,2011MM01,101.9
87452,A5,328110,87452,4.7,0.4,2011MM02,102.3
87453,A5,328110,87453,4.6,0.5,2011MM03,102.8
87454,A5,328110,87454,3.1,0.1,2011MM04,102.8
87455,A5,328110,87455,1.6,0.0,2011MM05,102.9
87456,A5,328110,87456,1.1,-0.2,2011MM06,102.7
87457,A5,328110,87457,2.1,0.1,2011MM07,102.7
87458,A5,328110,87458,2.0,0.0,2011MM08,102.8
87459,A5,328110,87459,1.7,-0.2,2011MM09,102.6
87460,A5,328110,87460,2.0,-0.2,2011MM10,102.4
87461,A5,328110,87461,1.5,-0.2,2011MM11,102.2
87462,A5,328110,87462,1.0,-0.2,2011MM12,102.0
87464,A5,328110,87464,1.0,0.9,2012MM01,102.9
87465,A5,328110,87465,0.6,0.0,2012MM02,103.0
87466,A5,328110,87466,0.2,0.1,2012MM03,103.0
87467,A5,328110,87467,0.0,-0.2,2012MM04,102.8
87468,A5,328110,87468,-0.3,-0.3,2012MM05,102.6
87469,A5,328110,87469,-0.2,-0.1,2012MM06,102.4
87470,A5,328110,87470,-0.2,0.1,2012MM07,102.5
87471,A5,328110,87471,-0.6,-0.4,2012MM08,102.1
87472,A5,328110,87472,-0.5,0.0,2012MM09,102.1
87473,A5,328110,87473,-0.4,-0.1,2012MM10,102.0
87474,A5,328110,87474,-0.3,-0.1,2012MM11,101.9
87475,A5,328110,87475,0.1,0.2,2012MM12,102.1
87477,A5,328110,87477,1.1,1.9,2013MM01,104.0
87478,A5,328110,87478,1.3,0.3,2013MM02,104.3
87479,A5,328110,87479,1.3,0.0,2013MM03,104.3
87480,A5,328110,87480,1.1,-0.3,2013MM04,104.0
87481,A5,328110,87481,1.1,-0.3,2013MM05,103.7
87482,A5,328110,87482,1.0,-0.2,2013MM06,103.4
87483,A5,328110,87483,0.7,-0.2,2013MM07,103.2
87484,A5,328110,87484,1.0,-0.1,2013MM08,103.1
87485,A5,328110,87485,1.1,0.1,2013MM09,103.2
87486,A5,328110,87486,1.1,-0.1,2013MM10,103.0
87487,A5,328110,87487,1.1,0.0,2013MM11,103.0
87488,A5,328110,87488,0.8,-0.1,2013MM12,102.9
87490,A5,328110,87490,-1.3,-0.3,2014MM01,102.6
87491,A5,328110,87491,-1.6,-0.1,2014MM02,102.6
87492,A5,328110,87492,-1.8,-0.1,2014MM03,102.4
87493,A5,328110,87493,-1.5,0.0,2014MM04,102.4
87494,A5,328110,87494,-1.1,0.1,2014MM05,102.5
87495,A5,328110,87495,-0.7,0.2,2014MM06,102.7
87496,A5,328110,87496,-0.5,0.0,2014MM07,102.7
87497,A5,328110,87497,-0.4,0.0,2014MM08,102.7
87498,A5,328110,87498,-0.2,0.3,2014MM09,103.0
87499,A5,328110,87499,0.0,0.1,2014MM10,103.1
87500,A5,328110,87500,0.0,0.0,2014MM11,103.0
87501,A5,328110,87501,0.1,0.0,2014MM12,103.0
87503,A5,328110,87503,0.6,0.2,2015MM01,103.2
87504,A5,328110,87504,1.0,0.4,2015MM02,103.6
87505,A5,328110,87505,1.5,0.3,2015MM03,103.9
87506,A5,328110,87506,3.2,1.7,2015MM04,105.7
87507,A5,328110,87507,2.9,-0.2,2015MM05,105.5
87508,A5,328110,87508,2.5,-0.2,2015MM06,105.2
87509,A5,328110,87509,2.5,0.1,2015MM07,105.3
87510,A5,328110,87510,2.3,-0.2,2015MM08,105.1
87511,A5,328110,87511,2.0,-0.1,2015MM09,105.0
87512,A5,328110,87512,1.2,-0.7,2015MM10,104.3
87513,A5,328110,87513,1.4,0.1,2015MM11,104.4
87514,A5,328110,87514,0.9,-0.5,2015MM12,103.9
87516,A5,328110,87516,0.2,-0.4,2016MM01,103.5
87517,A5,328110,87517,-0.2,-0.1,2016MM02,103.4
87518,A5,328110,87518,-0.6,-0.1,2016MM03,103.3
87519,A5,328110,87519,-2.2,0.1,2016MM04,103.3
87520,A5,328110,87520,-1.8,0.3,2016MM05,103.6
87521,A5,328110,87521,-1.4,0.1,2016MM06,103.8
87522,A5,328110,87522,-1.3,0.2,2016MM07,104.0
87523,A5,328110,87523,-0.9,0.2,2016MM08,104.2
87524,A5,328110,87524,-0.7,0.0,2016MM09,104.2
87525,A5,328110,87525,-2.2,-2.1,2016MM10,102.0
87526,A5,328110,87526,-2.1,0.2,2016MM11,102.2
87527,A5,328110,87527,-1.2,0.4,2016MM12,102.6
87529,A5,328110,87529,-0.6,0.2,2017MM01,102.9
87530,A5,328110,87530,0.1,0.6,2017MM02,103.5
87531,A5,328110,87531,0.9,0.6,2017MM03,104.2
87532,A5,328110,87532,0.8,0.0,2017MM04,104.2
87533,A5,328110,87533,0.4,-0.2,2017MM05,104.0
87534,A5,328110,87534,0.1,-0.2,2017MM06,103.8
87535,A5,328110,87535,-0.5,-0.3,2017MM07,103.5
87536,A5,328110,87536,-0.6,0.0,2017MM08,103.5
87537,A5,328110,87537,-0.5,0.1,2017MM09,103.7
87538,A5,328110,87538,1.9,0.2,2017MM10,103.9
87539,A5,328110,87539,1.9,0.2,2017MM11,104.1
87540,A5,328110,87540,1.1,-0.3,2017MM12,103.8
