,Afzet,BedrijfstakkenBranchesSBI2008,ID,OntwikkelingTOV1JaarEerder_2,OntwikkelingTOV1MaandEerder_3,Perioden,ProducentenprijsindexPPI_1
23881,A6,328105,23881,,,2005MM01,89.6
23882,A6,328105,23882,,0.6,2005MM02,90.2
23883,A6,328105,23883,,0.1,2005MM03,90.2
23884,A6,328105,23884,,-0.3,2005MM04,90.0
23885,A6,328105,23885,,0.1,2005MM05,90.1
23886,A6,328105,23886,,0.0,2005MM06,90.1
23887,A6,328105,23887,,-0.5,2005MM07,89.6
23888,A6,328105,23888,,-0.3,2005MM08,89.4
23889,A6,328105,23889,,0.0,2005MM09,89.3
23890,A6,328105,23890,,0.5,2005MM10,89.8
23891,A6,328105,23891,,0.3,2005MM11,90.0
23892,A6,328105,23892,3.6,0.2,2005MM12,90.2
23894,A6,328105,23894,1.8,1.2,2006MM01,91.3
23895,A6,328105,23895,1.4,0.2,2006MM02,91.4
23896,A6,328105,23896,1.6,0.2,2006MM03,91.7
23897,A6,328105,23897,3.3,1.4,2006MM04,93.0
23898,A6,328105,23898,3.4,0.2,2006MM05,93.1
23899,A6,328105,23899,3.8,0.4,2006MM06,93.5
23900,A6,328105,23900,7.0,2.5,2006MM07,95.8
23901,A6,328105,23901,7.6,0.4,2006MM08,96.2
23902,A6,328105,23902,7.8,0.1,2006MM09,96.3
23903,A6,328105,23903,8.6,1.3,2006MM10,97.5
23904,A6,328105,23904,8.1,-0.3,2006MM11,97.3
23905,A6,328105,23905,7.3,-0.5,2006MM12,96.8
23907,A6,328105,23907,7.5,1.3,2007MM01,98.1
23908,A6,328105,23908,6.7,-0.6,2007MM02,97.5
23909,A6,328105,23909,6.5,0.1,2007MM03,97.6
23910,A6,328105,23910,6.7,1.6,2007MM04,99.2
23911,A6,328105,23911,7.0,0.5,2007MM05,99.6
23912,A6,328105,23912,6.5,-0.1,2007MM06,99.5
23913,A6,328105,23913,4.1,0.3,2007MM07,99.8
23914,A6,328105,23914,3.6,-0.2,2007MM08,99.6
23915,A6,328105,23915,3.3,-0.1,2007MM09,99.5
23916,A6,328105,23916,2.6,0.6,2007MM10,100.1
23917,A6,328105,23917,2.2,-0.7,2007MM11,99.4
23918,A6,328105,23918,2.6,0.0,2007MM12,99.3
23920,A6,328105,23920,1.6,0.4,2008MM01,99.7
23921,A6,328105,23921,2.7,0.5,2008MM02,100.2
23922,A6,328105,23922,2.8,0.2,2008MM03,100.4
23923,A6,328105,23923,2.5,1.3,2008MM04,101.6
23924,A6,328105,23924,3.6,1.6,2008MM05,103.3
23925,A6,328105,23925,5.1,1.3,2008MM06,104.6
23926,A6,328105,23926,7.7,2.8,2008MM07,107.5
23927,A6,328105,23927,9.2,1.2,2008MM08,108.8
23928,A6,328105,23928,8.7,-0.6,2008MM09,108.2
23929,A6,328105,23929,7.2,-0.8,2008MM10,107.2
23930,A6,328105,23930,5.6,-2.1,2008MM11,104.9
23931,A6,328105,23931,2.6,-2.9,2008MM12,101.9
23933,A6,328105,23933,0.4,-1.9,2009MM01,100.0
23934,A6,328105,23934,-1.0,-0.9,2009MM02,99.1
23935,A6,328105,23935,-1.6,-0.4,2009MM03,98.8
23936,A6,328105,23936,-5.3,-2.5,2009MM04,96.3
23937,A6,328105,23937,-7.2,-0.5,2009MM05,95.8
23938,A6,328105,23938,-8.5,-0.1,2009MM06,95.7
23939,A6,328105,23939,-11.6,-0.7,2009MM07,95.0
23940,A6,328105,23940,-12.6,0.1,2009MM08,95.1
23941,A6,328105,23941,-12.0,0.1,2009MM09,95.2
23942,A6,328105,23942,-10.8,0.5,2009MM10,95.7
23943,A6,328105,23943,-9.2,-0.4,2009MM11,95.3
23944,A6,328105,23944,-6.2,0.3,2009MM12,95.6
23946,A6,328105,23946,-4.4,0.0,2010MM01,95.6
23947,A6,328105,23947,-3.1,0.4,2010MM02,96.0
23948,A6,328105,23948,-2.1,0.7,2010MM03,96.7
23949,A6,328105,23949,3.7,3.2,2010MM04,99.8
23950,A6,328105,23950,6.1,1.8,2010MM05,101.6
23951,A6,328105,23951,6.5,0.3,2010MM06,101.9
23952,A6,328105,23952,6.6,-0.6,2010MM07,101.3
23953,A6,328105,23953,6.6,0.2,2010MM08,101.5
23954,A6,328105,23954,6.5,0.0,2010MM09,101.4
23955,A6,328105,23955,5.7,-0.3,2010MM10,101.1
23956,A6,328105,23956,6.4,0.3,2010MM11,101.4
23957,A6,328105,23957,6.2,0.2,2010MM12,101.6
23959,A6,328105,23959,8.0,1.7,2011MM01,103.3
23960,A6,328105,23960,8.3,0.7,2011MM02,104.0
23961,A6,328105,23961,8.4,0.8,2011MM03,104.8
23962,A6,328105,23962,5.7,0.7,2011MM04,105.6
23963,A6,328105,23963,4.0,0.1,2011MM05,105.7
23964,A6,328105,23964,3.5,-0.3,2011MM06,105.4
23965,A6,328105,23965,4.2,0.1,2011MM07,105.5
23966,A6,328105,23966,3.9,-0.1,2011MM08,105.4
23967,A6,328105,23967,3.5,-0.4,2011MM09,105.0
23968,A6,328105,23968,3.5,-0.3,2011MM10,104.7
23969,A6,328105,23969,2.9,-0.3,2011MM11,104.3
23970,A6,328105,23970,2.2,-0.5,2011MM12,103.9
23972,A6,328105,23972,1.0,0.4,2012MM01,104.3
23973,A6,328105,23973,0.5,0.2,2012MM02,104.5
23974,A6,328105,23974,-0.4,0.0,2012MM03,104.4
23975,A6,328105,23975,-1.4,-0.3,2012MM04,104.1
23976,A6,328105,23976,-1.9,-0.4,2012MM05,103.7
23977,A6,328105,23977,-2.0,-0.4,2012MM06,103.3
23978,A6,328105,23978,-2.4,-0.3,2012MM07,103.0
23979,A6,328105,23979,-2.8,-0.5,2012MM08,102.5
23980,A6,328105,23980,-2.3,0.1,2012MM09,102.6
23981,A6,328105,23981,-2.3,-0.3,2012MM10,102.3
23982,A6,328105,23982,-2.2,-0.2,2012MM11,102.1
23983,A6,328105,23983,-1.4,0.3,2012MM12,102.4
23985,A6,328105,23985,-1.5,0.3,2013MM01,102.7
23986,A6,328105,23986,-1.5,0.3,2013MM02,103.0
23987,A6,328105,23987,-1.5,-0.1,2013MM03,102.8
23988,A6,328105,23988,-1.8,-0.5,2013MM04,102.3
23989,A6,328105,23989,-1.8,-0.5,2013MM05,101.8
23990,A6,328105,23990,-1.8,-0.4,2013MM06,101.4
23991,A6,328105,23991,-2.2,-0.7,2013MM07,100.7
23992,A6,328105,23992,-1.6,0.1,2013MM08,100.9
23993,A6,328105,23993,-1.5,0.1,2013MM09,101.0
23994,A6,328105,23994,-1.2,0.1,2013MM10,101.0
23995,A6,328105,23995,-1.1,-0.1,2013MM11,100.9
23996,A6,328105,23996,-1.4,0.0,2013MM12,101.0
23998,A6,328105,23998,-1.1,0.6,2014MM01,101.6
23999,A6,328105,23999,-1.5,-0.2,2014MM02,101.4
24000,A6,328105,24000,-1.6,-0.2,2014MM03,101.2
24001,A6,328105,24001,-1.1,-0.1,2014MM04,101.1
24002,A6,328105,24002,-0.7,0.0,2014MM05,101.1
24003,A6,328105,24003,-0.1,0.2,2014MM06,101.3
24004,A6,328105,24004,0.4,-0.1,2014MM07,101.2
24005,A6,328105,24005,0.2,-0.1,2014MM08,101.1
24006,A6,328105,24006,0.3,0.2,2014MM09,101.3
24007,A6,328105,24007,0.5,0.2,2014MM10,101.5
24008,A6,328105,24008,0.6,0.0,2014MM11,101.5
24009,A6,328105,24009,0.4,-0.1,2014MM12,101.4
24011,A6,328105,24011,0.0,0.2,2015MM01,101.6
24012,A6,328105,24012,0.2,0.0,2015MM02,101.6
24013,A6,328105,24013,0.5,0.1,2015MM03,101.7
24014,A6,328105,24014,0.9,0.3,2015MM04,102.0
24015,A6,328105,24015,0.9,0.0,2015MM05,102.0
24016,A6,328105,24016,0.5,-0.2,2015MM06,101.8
24017,A6,328105,24017,0.4,-0.2,2015MM07,101.6
24018,A6,328105,24018,0.1,-0.4,2015MM08,101.2
24019,A6,328105,24019,-0.2,-0.1,2015MM09,101.1
24020,A6,328105,24020,-0.5,-0.1,2015MM10,101.0
24021,A6,328105,24021,-0.9,-0.4,2015MM11,100.6
24022,A6,328105,24022,-1.6,-0.8,2015MM12,99.7
24024,A6,328105,24024,-2.0,-0.1,2016MM01,99.6
24025,A6,328105,24025,-2.2,-0.2,2016MM02,99.3
24026,A6,328105,24026,-2.6,-0.3,2016MM03,99.1
24027,A6,328105,24027,-2.5,0.5,2016MM04,99.5
24028,A6,328105,24028,-2.0,0.4,2016MM05,99.9
24029,A6,328105,24029,-1.3,0.5,2016MM06,100.4
24030,A6,328105,24030,-0.1,1.0,2016MM07,101.5
24031,A6,328105,24031,0.8,0.5,2016MM08,102.0
24032,A6,328105,24032,1.0,0.1,2016MM09,102.1
24033,A6,328105,24033,1.1,0.1,2016MM10,102.1
24034,A6,328105,24034,2.0,0.4,2016MM11,102.6
24035,A6,328105,24035,3.5,0.6,2016MM12,103.2
24037,A6,328105,24037,5.3,1.6,2017MM01,104.9
24038,A6,328105,24038,6.8,1.1,2017MM02,106.1
24039,A6,328105,24039,7.8,0.6,2017MM03,106.7
24040,A6,328105,24040,7.7,0.4,2017MM04,107.2
24041,A6,328105,24041,7.4,0.1,2017MM05,107.3
24042,A6,328105,24042,6.9,0.0,2017MM06,107.3
24043,A6,328105,24043,5.8,0.1,2017MM07,107.4
24044,A6,328105,24044,5.7,0.4,2017MM08,107.8
24045,A6,328105,24045,6.0,0.3,2017MM09,108.2
24046,A6,328105,24046,6.2,0.2,2017MM10,108.4
24047,A6,328105,24047,6.0,0.3,2017MM11,108.8
24048,A6,328105,24048,5.1,-0.3,2017MM12,108.4
