,Afzet,BedrijfstakkenBranchesSBI2008,ID,OntwikkelingTOV1JaarEerder_2,OntwikkelingTOV1MaandEerder_3,Perioden,ProducentenprijsindexPPI_1
56758,A4,330300,56758,3.7,0.15,1981MM01,57.0
56759,A4,330300,56759,4.0,0.4,1981MM02,57.2
56760,A4,330300,56760,4.3,0.1,1981MM03,57.2
56761,A4,330300,56761,4.6,0.6,1981MM04,57.6
56762,A4,330300,56762,4.9,0.0,1981MM05,57.6
56763,A4,330300,56763,5.2,0.1,1981MM06,57.7
56764,A4,330300,56764,5.5,0.7,1981MM07,58.1
56765,A4,330300,56765,5.8,0.2,1981MM08,58.2
56766,A4,330300,56766,6.1,0.4,1981MM09,58.4
56767,A4,330300,56767,6.4,1.5,1981MM10,59.3
56768,A4,330300,56768,6.7,0.4,1981MM11,59.5
56769,A4,330300,56769,7.0,0.2,1981MM12,59.6
56771,A4,330300,56771,7.3,2.5,1982MM01,61.1
56772,A4,330300,56772,7.3,0.3,1982MM02,61.3
56773,A4,330300,56773,7.7,0.4,1982MM03,61.6
56774,A4,330300,56774,7.2,0.2,1982MM04,61.7
56775,A4,330300,56775,7.3,0.1,1982MM05,61.8
56776,A4,330300,56776,7.2,0.1,1982MM06,61.8
56777,A4,330300,56777,7.2,0.7,1982MM07,62.3
56778,A4,330300,56778,7.0,0.0,1982MM08,62.2
56779,A4,330300,56779,6.5,0.0,1982MM09,62.2
56780,A4,330300,56780,4.9,-0.1,1982MM10,62.2
56781,A4,330300,56781,4.5,0.0,1982MM11,62.2
56782,A4,330300,56782,4.4,0.1,1982MM12,62.2
56784,A4,330300,56784,2.6,0.8,1983MM01,62.7
56785,A4,330300,56785,2.3,0.1,1983MM02,62.7
56786,A4,330300,56786,2.0,0.1,1983MM03,62.8
56787,A4,330300,56787,1.6,-0.1,1983MM04,62.7
56788,A4,330300,56788,1.8,0.2,1983MM05,62.9
56789,A4,330300,56789,1.6,0.0,1983MM06,62.8
56790,A4,330300,56790,1.0,0.0,1983MM07,62.9
56791,A4,330300,56791,1.2,0.2,1983MM08,63.0
56792,A4,330300,56792,1.3,0.1,1983MM09,63.0
56793,A4,330300,56793,1.5,0.1,1983MM10,63.1
56794,A4,330300,56794,1.6,0.2,1983MM11,63.2
56795,A4,330300,56795,1.7,0.1,1983MM12,63.3
56797,A4,330300,56797,1.5,0.5,1984MM01,63.6
56798,A4,330300,56798,1.7,0.3,1984MM02,63.8
56799,A4,330300,56799,1.9,0.3,1984MM03,64.0
56800,A4,330300,56800,2.1,0.1,1984MM04,64.1
56801,A4,330300,56801,2.2,0.3,1984MM05,64.2
56802,A4,330300,56802,2.5,0.3,1984MM06,64.4
56803,A4,330300,56803,3.2,0.6,1984MM07,64.9
56804,A4,330300,56804,3.2,0.2,1984MM08,65.0
56805,A4,330300,56805,3.4,0.4,1984MM09,65.2
56806,A4,330300,56806,3.4,0.0,1984MM10,65.2
56807,A4,330300,56807,3.5,0.3,1984MM11,65.4
56808,A4,330300,56808,3.8,0.5,1984MM12,65.7
56810,A4,330300,56810,4.3,1.0,1985MM01,66.3
56811,A4,330300,56811,3.4,-0.5,1985MM02,66.0
56812,A4,330300,56812,3.3,0.2,1985MM03,66.1
56813,A4,330300,56813,3.5,0.3,1985MM04,66.3
56814,A4,330300,56814,3.9,0.7,1985MM05,66.7
56815,A4,330300,56815,3.6,0.1,1985MM06,66.8
56816,A4,330300,56816,2.9,-0.1,1985MM07,66.7
56817,A4,330300,56817,2.6,0.0,1985MM08,66.7
56818,A4,330300,56818,2.4,0.1,1985MM09,66.8
56819,A4,330300,56819,2.5,0.1,1985MM10,66.8
56820,A4,330300,56820,2.0,-0.2,1985MM11,66.7
56821,A4,330300,56821,1.6,0.0,1985MM12,66.8
56823,A4,330300,56823,0.5,-0.1,1986MM01,66.7
56824,A4,330300,56824,1.9,0.9,1986MM02,67.3
56825,A4,330300,56825,1.7,-0.1,1986MM03,67.2
56826,A4,330300,56826,1.4,0.0,1986MM04,67.2
56827,A4,330300,56827,0.8,0.1,1986MM05,67.2
56828,A4,330300,56828,0.7,0.1,1986MM06,67.3
56829,A4,330300,56829,0.8,0.0,1986MM07,67.3
56830,A4,330300,56830,0.9,0.0,1986MM08,67.3
56831,A4,330300,56831,0.6,-0.2,1986MM09,67.2
56832,A4,330300,56832,0.6,0.1,1986MM10,67.2
56833,A4,330300,56833,0.7,-0.1,1986MM11,67.2
56834,A4,330300,56834,0.6,0.0,1986MM12,67.2
56836,A4,330300,56836,0.8,0.1,1987MM01,67.2
56837,A4,330300,56837,-0.2,-0.1,1987MM02,67.1
56838,A4,330300,56838,-0.1,0.0,1987MM03,67.1
56839,A4,330300,56839,-0.4,-0.3,1987MM04,66.9
56840,A4,330300,56840,-0.2,0.3,1987MM05,67.1
56841,A4,330300,56841,-0.5,-0.2,1987MM06,67.0
56842,A4,330300,56842,-0.4,0.0,1987MM07,67.0
56843,A4,330300,56843,-0.4,0.1,1987MM08,67.0
56844,A4,330300,56844,-0.1,0.1,1987MM09,67.1
56845,A4,330300,56845,-0.1,0.1,1987MM10,67.1
56846,A4,330300,56846,-0.1,-0.1,1987MM11,67.1
56847,A4,330300,56847,-0.1,0.0,1987MM12,67.1
56849,A4,330300,56849,0.1,0.2,1988MM01,67.2
56850,A4,330300,56850,0.3,0.1,1988MM02,67.3
56851,A4,330300,56851,0.3,0.0,1988MM03,67.3
56852,A4,330300,56852,2.6,1.9,1988MM04,68.6
56853,A4,330300,56853,0.8,-1.4,1988MM05,67.6
56854,A4,330300,56854,1.0,0.0,1988MM06,67.7
56855,A4,330300,56855,1.1,0.0,1988MM07,67.7
56856,A4,330300,56856,1.3,0.3,1988MM08,67.9
56857,A4,330300,56857,1.4,0.2,1988MM09,68.0
56858,A4,330300,56858,1.3,0.0,1988MM10,68.0
56859,A4,330300,56859,2.7,1.3,1988MM11,68.9
56860,A4,330300,56860,2.7,0.1,1988MM12,68.9
56862,A4,330300,56862,2.9,0.4,1989MM01,69.2
56863,A4,330300,56863,3.9,1.1,1989MM02,69.9
56864,A4,330300,56864,4.1,0.2,1989MM03,70.1
56865,A4,330300,56865,2.3,0.1,1989MM04,70.2
56866,A4,330300,56866,7.1,3.2,1989MM05,72.4
56867,A4,330300,56867,5.5,-1.5,1989MM06,71.4
56868,A4,330300,56868,6.0,0.5,1989MM07,71.7
56869,A4,330300,56869,5.7,0.0,1989MM08,71.7
56870,A4,330300,56870,6.1,0.6,1989MM09,72.1
56871,A4,330300,56871,6.5,0.5,1989MM10,72.4
56872,A4,330300,56872,5.2,0.0,1989MM11,72.5
56873,A4,330300,56873,5.1,0.0,1989MM12,72.4
56875,A4,330300,56875,4.4,-0.2,1990MM01,72.3
56876,A4,330300,56876,3.0,-0.3,1990MM02,72.0
56877,A4,330300,56877,2.7,-0.1,1990MM03,72.0
56878,A4,330300,56878,2.6,0.1,1990MM04,72.0
56879,A4,330300,56879,-0.4,0.1,1990MM05,72.1
56880,A4,330300,56880,1.1,0.0,1990MM06,72.1
56881,A4,330300,56881,0.7,0.1,1990MM07,72.2
56882,A4,330300,56882,0.5,-0.2,1990MM08,72.1
56883,A4,330300,56883,-0.3,-0.3,1990MM09,71.9
56884,A4,330300,56884,-0.9,-0.1,1990MM10,71.8
56885,A4,330300,56885,-0.7,0.2,1990MM11,71.9
56886,A4,330300,56886,-0.5,0.2,1990MM12,72.1
56888,A4,330300,56888,-0.2,0.1,1991MM01,72.1
56889,A4,330300,56889,1.4,1.3,1991MM02,73.0
56890,A4,330300,56890,1.2,-0.3,1991MM03,72.9
56891,A4,330300,56891,1.2,0.1,1991MM04,72.9
56892,A4,330300,56892,1.2,0.1,1991MM05,73.0
56893,A4,330300,56893,1.2,0.0,1991MM06,73.0
56894,A4,330300,56894,1.1,0.1,1991MM07,73.1
56895,A4,330300,56895,1.4,0.0,1991MM08,73.1
56896,A4,330300,56896,1.8,0.2,1991MM09,73.2
56897,A4,330300,56897,1.9,0.0,1991MM10,73.2
56898,A4,330300,56898,1.8,0.1,1991MM11,73.2
56899,A4,330300,56899,1.6,0.0,1991MM12,73.2
56901,A4,330300,56901,1.5,0.0,1992MM01,73.2
56902,A4,330300,56902,0.2,0.0,1992MM02,73.2
56903,A4,330300,56903,0.9,0.5,1992MM03,73.5
56904,A4,330300,56904,0.6,-0.2,1992MM04,73.4
56905,A4,330300,56905,0.6,0.1,1992MM05,73.4
56906,A4,330300,56906,0.7,0.1,1992MM06,73.5
56907,A4,330300,56907,0.6,0.0,1992MM07,73.5
56908,A4,330300,56908,0.6,0.0,1992MM08,73.5
56909,A4,330300,56909,0.5,0.1,1992MM09,73.6
56910,A4,330300,56910,0.7,0.1,1992MM10,73.7
56911,A4,330300,56911,0.7,0.1,1992MM11,73.7
56912,A4,330300,56912,0.7,0.0,1992MM12,73.7
56914,A4,330300,56914,0.5,-0.2,1993MM01,73.6
56915,A4,330300,56915,0.6,0.1,1993MM02,73.6
56916,A4,330300,56916,0.1,0.0,1993MM03,73.6
56917,A4,330300,56917,-0.6,-0.9,1993MM04,73.0
56918,A4,330300,56918,-0.2,0.5,1993MM05,73.3
56919,A4,330300,56919,-0.2,0.1,1993MM06,73.4
56920,A4,330300,56920,-0.2,0.0,1993MM07,73.4
56921,A4,330300,56921,-0.4,-0.1,1993MM08,73.3
56922,A4,330300,56922,-0.4,0.0,1993MM09,73.3
56923,A4,330300,56923,-0.7,-0.1,1993MM10,73.2
56924,A4,330300,56924,-1.3,-0.5,1993MM11,72.8
56925,A4,330300,56925,-1.3,-0.1,1993MM12,72.7
56927,A4,330300,56927,-1.4,-0.2,1994MM01,72.6
56928,A4,330300,56928,-2.2,-0.8,1994MM02,72.0
56929,A4,330300,56929,-2.1,0.1,1994MM03,72.0
56930,A4,330300,56930,-1.2,0.1,1994MM04,72.1
56931,A4,330300,56931,-1.1,0.6,1994MM05,72.5
56932,A4,330300,56932,-1.8,-0.6,1994MM06,72.0
56933,A4,330300,56933,-1.8,0.0,1994MM07,72.1
56934,A4,330300,56934,-1.6,0.0,1994MM08,72.1
56935,A4,330300,56935,-0.9,0.7,1994MM09,72.6
56936,A4,330300,56936,-0.7,0.1,1994MM10,72.7
56937,A4,330300,56937,0.1,0.2,1994MM11,72.8
56938,A4,330300,56938,0.8,0.6,1994MM12,73.3
56940,A4,330300,56940,1.2,0.2,1995MM01,73.5
56941,A4,330300,56941,2.4,0.4,1995MM02,73.8
56942,A4,330300,56942,2.6,0.2,1995MM03,73.9
56943,A4,330300,56943,2.5,0.0,1995MM04,73.9
56944,A4,330300,56944,2.2,0.3,1995MM05,74.1
56945,A4,330300,56945,2.9,0.1,1995MM06,74.2
56946,A4,330300,56946,3.2,0.3,1995MM07,74.3
56947,A4,330300,56947,3.3,0.2,1995MM08,74.5
56948,A4,330300,56948,2.7,0.1,1995MM09,74.5
56949,A4,330300,56949,2.8,0.2,1995MM10,74.7
56950,A4,330300,56950,2.5,0.0,1995MM11,74.7
56951,A4,330300,56951,1.8,-0.1,1995MM12,74.6
56953,A4,330300,56953,2.8,1.2,1996MM01,75.5
56954,A4,330300,56954,2.2,-0.2,1996MM02,75.4
56955,A4,330300,56955,1.9,-0.1,1996MM03,75.3
56956,A4,330300,56956,1.9,0.0,1996MM04,75.3
56957,A4,330300,56957,1.5,-0.1,1996MM05,75.2
56958,A4,330300,56958,1.4,0.0,1996MM06,75.2
56959,A4,330300,56959,1.2,0.0,1996MM07,75.2
56960,A4,330300,56960,0.8,-0.2,1996MM08,75.1
56961,A4,330300,56961,0.9,0.1,1996MM09,75.2
56962,A4,330300,56962,0.7,0.0,1996MM10,75.2
56963,A4,330300,56963,0.7,0.0,1996MM11,75.2
56964,A4,330300,56964,0.8,0.1,1996MM12,75.2
56966,A4,330300,56966,-0.3,0.2,1997MM01,75.3
56967,A4,330300,56967,-0.1,0.0,1997MM02,75.3
56968,A4,330300,56968,0.1,0.1,1997MM03,75.4
56969,A4,330300,56969,0.2,0.1,1997MM04,75.5
56970,A4,330300,56970,0.4,0.0,1997MM05,75.5
56971,A4,330300,56971,0.9,0.5,1997MM06,75.9
56972,A4,330300,56972,1.1,0.2,1997MM07,76.0
56973,A4,330300,56973,1.3,0.0,1997MM08,76.1
56974,A4,330300,56974,1.3,0.1,1997MM09,76.2
56975,A4,330300,56975,1.5,0.2,1997MM10,76.3
56976,A4,330300,56976,1.5,0.0,1997MM11,76.3
56977,A4,330300,56977,1.4,0.0,1997MM12,76.3
56979,A4,330300,56979,3.1,1.8,1998MM01,77.6
56980,A4,330300,56980,3.1,0.0,1998MM02,77.6
56981,A4,330300,56981,3.1,0.1,1998MM03,77.7
56982,A4,330300,56982,3.1,0.2,1998MM04,77.8
56983,A4,330300,56983,3.2,0.1,1998MM05,77.9
56984,A4,330300,56984,2.4,-0.2,1998MM06,77.7
56985,A4,330300,56985,2.2,0.0,1998MM07,77.7
56986,A4,330300,56986,2.1,0.0,1998MM08,77.7
56987,A4,330300,56987,2.0,0.0,1998MM09,77.7
56988,A4,330300,56988,1.7,-0.1,1998MM10,77.6
56989,A4,330300,56989,1.7,-0.1,1998MM11,77.6
56990,A4,330300,56990,1.6,-0.1,1998MM12,77.5
56992,A4,330300,56992,0.6,0.8,1999MM01,78.1
56993,A4,330300,56993,0.5,-0.1,1999MM02,78.0
56994,A4,330300,56994,0.4,0.0,1999MM03,78.0
56995,A4,330300,56995,0.0,-0.3,1999MM04,77.8
56996,A4,330300,56996,0.0,0.1,1999MM05,77.9
56997,A4,330300,56997,0.2,0.0,1999MM06,77.9
56998,A4,330300,56998,0.3,0.1,1999MM07,78.0
56999,A4,330300,56999,0.1,-0.2,1999MM08,77.8
57000,A4,330300,57000,0.1,0.0,1999MM09,77.7
57001,A4,330300,57001,0.2,0.0,1999MM10,77.8
57002,A4,330300,57002,0.2,0.0,1999MM11,77.7
57003,A4,330300,57003,0.5,0.1,1999MM12,77.8
57005,A4,330300,57005,1.1,1.4,2000MM01,78.9
57006,A4,330300,57006,1.2,0.0,2000MM02,78.9
57007,A4,330300,57007,1.2,0.1,2000MM03,79.0
57008,A4,330300,57008,2.2,0.7,2000MM04,79.5
57009,A4,330300,57009,2.1,0.0,2000MM05,79.5
57010,A4,330300,57010,2.1,0.0,2000MM06,79.6
57011,A4,330300,57011,3.5,1.4,2000MM07,80.7
57012,A4,330300,57012,3.8,0.1,2000MM08,80.8
57013,A4,330300,57013,3.8,0.0,2000MM09,80.7
57014,A4,330300,57014,4.4,0.6,2000MM10,81.2
57015,A4,330300,57015,4.3,-0.2,2000MM11,81.1
57016,A4,330300,57016,4.1,-0.1,2000MM12,81.0
57018,A4,330300,57018,3.9,1.3,2001MM01,82.0
57019,A4,330300,57019,4.0,0.1,2001MM02,82.1
57020,A4,330300,57020,4.1,0.2,2001MM03,82.2
57021,A4,330300,57021,3.2,-0.3,2001MM04,82.0
57022,A4,330300,57022,3.1,0.0,2001MM05,82.0
57023,A4,330300,57023,2.9,-0.2,2001MM06,81.9
57024,A4,330300,57024,1.6,0.1,2001MM07,82.0
57025,A4,330300,57025,1.5,0.0,2001MM08,82.0
57026,A4,330300,57026,1.7,0.1,2001MM09,82.1
57027,A4,330300,57027,1.1,0.0,2001MM10,82.1
57028,A4,330300,57028,1.1,-0.1,2001MM11,82.0
57029,A4,330300,57029,1.3,0.1,2001MM12,82.1
57031,A4,330300,57031,1.1,1.1,2002MM01,82.9
57032,A4,330300,57032,1.2,0.2,2002MM02,83.1
57033,A4,330300,57033,1.0,0.0,2002MM03,83.1
57034,A4,330300,57034,1.4,0.1,2002MM04,83.2
57035,A4,330300,57035,1.4,0.0,2002MM05,83.2
57036,A4,330300,57036,1.7,0.1,2002MM06,83.2
57037,A4,330300,57037,1.6,0.1,2002MM07,83.3
57038,A4,330300,57038,1.6,0.1,2002MM08,83.3
57039,A4,330300,57039,1.6,0.1,2002MM09,83.4
57040,A4,330300,57040,1.5,-0.1,2002MM10,83.3
57041,A4,330300,57041,1.6,0.0,2002MM11,83.3
57042,A4,330300,57042,1.6,0.1,2002MM12,83.4
57044,A4,330300,57044,1.6,1.1,2003MM01,84.3
57045,A4,330300,57045,1.6,0.1,2003MM02,84.4
57046,A4,330300,57046,1.6,0.0,2003MM03,84.4
57047,A4,330300,57047,1.9,0.4,2003MM04,84.7
57048,A4,330300,57048,1.9,0.0,2003MM05,84.7
57049,A4,330300,57049,1.8,0.0,2003MM06,84.7
57050,A4,330300,57050,1.8,0.1,2003MM07,84.8
57051,A4,330300,57051,1.7,-0.1,2003MM08,84.7
57052,A4,330300,57052,1.7,0.0,2003MM09,84.8
57053,A4,330300,57053,1.1,-0.6,2003MM10,84.2
57054,A4,330300,57054,1.1,0.0,2003MM11,84.2
57055,A4,330300,57055,1.0,0.0,2003MM12,84.2
57057,A4,330300,57057,0.3,0.4,2004MM01,84.6
57058,A4,330300,57058,0.3,0.1,2004MM02,84.7
57059,A4,330300,57059,0.7,0.4,2004MM03,85.0
57060,A4,330300,57060,1.8,1.5,2004MM04,86.3
57061,A4,330300,57061,1.9,0.1,2004MM05,86.4
57062,A4,330300,57062,2.0,0.0,2004MM06,86.4
57063,A4,330300,57063,3.5,1.6,2004MM07,87.7
57064,A4,330300,57064,3.6,0.1,2004MM08,87.8
57065,A4,330300,57065,3.8,0.1,2004MM09,87.9
57066,A4,330300,57066,5.1,0.6,2004MM10,88.5
57067,A4,330300,57067,4.9,-0.2,2004MM11,88.4
57068,A4,330300,57068,4.8,-0.1,2004MM12,88.3
57070,A4,330300,57070,4.51538461538,0.0,2005MM01,89.3
57071,A4,330300,57071,4.23076923077,0.1,2005MM02,89.4
57072,A4,330300,57072,3.94615384615,0.0,2005MM03,89.4
57073,A4,330300,57073,3.66153846154,-0.3,2005MM04,89.1
57074,A4,330300,57074,3.37692307692,0.0,2005MM05,89.2
57075,A4,330300,57075,3.09230769231,0.0,2005MM06,89.2
57076,A4,330300,57076,2.80769230769,-0.3,2005MM07,88.9
57077,A4,330300,57077,2.52307692308,0.3,2005MM08,89.2
57078,A4,330300,57078,2.23846153846,-0.4,2005MM09,88.9
57079,A4,330300,57079,1.95384615385,0.4,2005MM10,89.3
57080,A4,330300,57080,1.66923076923,0.0,2005MM11,89.3
57081,A4,330300,57081,1.38461538462,0.3,2005MM12,89.5
57083,A4,330300,57083,1.1,0.8,2006MM01,90.3
57084,A4,330300,57084,0.7,-0.3,2006MM02,90.0
57085,A4,330300,57085,0.8,0.1,2006MM03,90.1
57086,A4,330300,57086,2.2,1.2,2006MM04,91.1
57087,A4,330300,57087,2.2,0.1,2006MM05,91.2
57088,A4,330300,57088,2.3,0.0,2006MM06,91.2
57089,A4,330300,57089,3.6,1.0,2006MM07,92.1
57090,A4,330300,57090,3.4,0.2,2006MM08,92.3
57091,A4,330300,57091,4.0,0.2,2006MM09,92.5
57092,A4,330300,57092,5.0,1.3,2006MM10,93.7
57093,A4,330300,57093,5.2,0.2,2006MM11,93.9
57094,A4,330300,57094,4.9,0.0,2006MM12,93.9
57096,A4,330300,57096,6.5,2.4,2007MM01,96.2
57097,A4,330300,57097,6.9,0.0,2007MM02,96.2
57098,A4,330300,57098,6.8,0.0,2007MM03,96.2
57099,A4,330300,57099,6.7,1.0,2007MM04,97.2
57100,A4,330300,57100,6.5,-0.1,2007MM05,97.1
57101,A4,330300,57101,6.4,0.0,2007MM06,97.1
57102,A4,330300,57102,6.1,0.6,2007MM07,97.7
57103,A4,330300,57103,5.8,0.0,2007MM08,97.6
57104,A4,330300,57104,5.9,0.3,2007MM09,98.0
57105,A4,330300,57105,5.5,0.9,2007MM10,98.9
57106,A4,330300,57106,5.4,0.1,2007MM11,99.0
57107,A4,330300,57107,5.4,0.0,2007MM12,99.0
57109,A4,330300,57109,4.0,1.1,2008MM01,100.0
57110,A4,330300,57110,4.1,0.1,2008MM02,100.1
57111,A4,330300,57111,4.3,0.3,2008MM03,100.4
57112,A4,330300,57112,4.4,1.1,2008MM04,101.5
57113,A4,330300,57113,4.3,-0.2,2008MM05,101.3
57114,A4,330300,57114,4.4,0.1,2008MM06,101.4
57115,A4,330300,57115,5.4,1.5,2008MM07,102.9
57116,A4,330300,57116,6.0,0.6,2008MM08,103.5
57117,A4,330300,57117,5.3,-0.3,2008MM09,103.2
57118,A4,330300,57118,4.2,-0.1,2008MM10,103.1
57119,A4,330300,57119,3.9,-0.2,2008MM11,102.8
57120,A4,330300,57120,3.9,0.0,2008MM12,102.8
57122,A4,330300,57122,1.9,-0.9,2009MM01,101.9
57123,A4,330300,57123,1.7,-0.1,2009MM02,101.8
57124,A4,330300,57124,1.3,-0.1,2009MM03,101.7
57125,A4,330300,57125,-0.9,-1.1,2009MM04,100.6
57126,A4,330300,57126,-0.8,-0.1,2009MM05,100.5
57127,A4,330300,57127,-1.0,-0.1,2009MM06,100.4
57128,A4,330300,57128,-3.1,-0.6,2009MM07,99.8
57129,A4,330300,57129,-3.4,0.2,2009MM08,100.0
57130,A4,330300,57130,-3.1,0.0,2009MM09,100.0
57131,A4,330300,57131,-3.4,-0.4,2009MM10,99.5
57132,A4,330300,57132,-3.5,-0.3,2009MM11,99.2
57133,A4,330300,57133,-3.6,-0.1,2009MM12,99.1
57135,A4,330300,57135,-2.9,-0.2,2010MM01,98.9
57136,A4,330300,57136,-2.9,-0.1,2010MM02,98.9
57137,A4,330300,57137,-2.6,0.1,2010MM03,99.0
57138,A4,330300,57138,-0.7,0.9,2010MM04,99.9
57139,A4,330300,57139,-0.5,0.1,2010MM05,100.0
57140,A4,330300,57140,-0.4,0.1,2010MM06,100.0
57141,A4,330300,57141,0.7,0.5,2010MM07,100.5
57142,A4,330300,57142,0.5,0.0,2010MM08,100.5
57143,A4,330300,57143,0.5,0.0,2010MM09,100.5
57144,A4,330300,57144,1.1,0.2,2010MM10,100.7
57145,A4,330300,57145,1.5,0.0,2010MM11,100.7
57146,A4,330300,57146,1.5,-0.1,2010MM12,100.6
57148,A4,330300,57148,2.7,1.1,2011MM01,101.7
57149,A4,330300,57149,2.8,0.0,2011MM02,101.7
57150,A4,330300,57150,2.8,0.1,2011MM03,101.8
57151,A4,330300,57151,2.7,0.7,2011MM04,102.5
57152,A4,330300,57152,2.6,0.0,2011MM05,102.6
57153,A4,330300,57153,2.6,0.0,2011MM06,102.6
57154,A4,330300,57154,2.1,0.0,2011MM07,102.6
57155,A4,330300,57155,2.1,0.0,2011MM08,102.6
57156,A4,330300,57156,2.1,0.0,2011MM09,102.6
57157,A4,330300,57157,1.9,0.0,2011MM10,102.6
57158,A4,330300,57158,1.9,0.0,2011MM11,102.5
57159,A4,330300,57159,1.9,0.0,2011MM12,102.5
57161,A4,330300,57161,1.1,0.3,2012MM01,102.8
57162,A4,330300,57162,1.2,0.1,2012MM02,102.9
57163,A4,330300,57163,1.0,0.0,2012MM03,102.8
57164,A4,330300,57164,0.0,-0.3,2012MM04,102.5
57165,A4,330300,57165,0.0,0.1,2012MM05,102.5
57166,A4,330300,57166,-0.1,0.0,2012MM06,102.5
57167,A4,330300,57167,-0.2,-0.1,2012MM07,102.3
57168,A4,330300,57168,-0.3,0.0,2012MM08,102.3
57169,A4,330300,57169,-0.3,0.0,2012MM09,102.3
57170,A4,330300,57170,-0.2,0.0,2012MM10,102.3
57171,A4,330300,57171,-0.2,0.0,2012MM11,102.3
57172,A4,330300,57172,-0.2,0.0,2012MM12,102.3
57174,A4,330300,57174,-0.4,0.0,2013MM01,102.4
57175,A4,330300,57175,-0.3,0.1,2013MM02,102.5
57176,A4,330300,57176,-0.4,-0.1,2013MM03,102.4
57177,A4,330300,57177,-0.2,-0.1,2013MM04,102.3
57178,A4,330300,57178,-0.5,-0.2,2013MM05,102.1
57179,A4,330300,57179,-0.4,0.0,2013MM06,102.1
57180,A4,330300,57180,-0.7,-0.4,2013MM07,101.7
57181,A4,330300,57181,-0.6,0.0,2013MM08,101.7
57182,A4,330300,57182,-0.7,-0.1,2013MM09,101.6
57183,A4,330300,57183,-0.6,0.1,2013MM10,101.7
57184,A4,330300,57184,-0.5,0.1,2013MM11,101.8
57185,A4,330300,57185,-0.4,0.1,2013MM12,101.9
57187,A4,330300,57187,-0.1,0.3,2014MM01,102.2
57188,A4,330300,57188,-0.4,-0.1,2014MM02,102.1
57189,A4,330300,57189,-0.4,-0.1,2014MM03,102.0
57190,A4,330300,57190,-0.3,0.0,2014MM04,102.0
57191,A4,330300,57191,-0.1,-0.1,2014MM05,102.0
57192,A4,330300,57192,-0.1,0.0,2014MM06,102.0
57193,A4,330300,57193,0.6,0.3,2014MM07,102.3
57194,A4,330300,57194,0.6,0.0,2014MM08,102.3
57195,A4,330300,57195,0.6,-0.1,2014MM09,102.3
57196,A4,330300,57196,0.7,0.2,2014MM10,102.4
57197,A4,330300,57197,0.6,0.0,2014MM11,102.4
57198,A4,330300,57198,0.5,0.0,2014MM12,102.4
57200,A4,330300,57200,0.6,0.4,2015MM01,102.9
57201,A4,330300,57201,0.8,0.1,2015MM02,102.9
57202,A4,330300,57202,0.8,-0.1,2015MM03,102.9
57203,A4,330300,57203,1.3,0.5,2015MM04,103.4
57204,A4,330300,57204,1.3,0.0,2015MM05,103.3
57205,A4,330300,57205,1.4,0.0,2015MM06,103.4
57206,A4,330300,57206,0.8,-0.3,2015MM07,103.1
57207,A4,330300,57207,0.5,-0.3,2015MM08,102.8
57208,A4,330300,57208,0.5,-0.1,2015MM09,102.7
57209,A4,330300,57209,0.7,0.4,2015MM10,103.1
57210,A4,330300,57210,0.7,0.0,2015MM11,103.1
57211,A4,330300,57211,0.2,-0.5,2015MM12,102.6
57213,A4,330300,57213,0.5,0.8,2016MM01,103.4
57214,A4,330300,57214,0.1,-0.3,2016MM02,103.1
57215,A4,330300,57215,0.1,-0.1,2016MM03,103.0
57216,A4,330300,57216,0.0,0.3,2016MM04,103.3
57217,A4,330300,57217,-0.1,-0.1,2016MM05,103.2
57218,A4,330300,57218,0.1,0.2,2016MM06,103.4
57219,A4,330300,57219,1.5,1.1,2016MM07,104.6
57220,A4,330300,57220,2.2,0.4,2016MM08,105.0
57221,A4,330300,57221,2.3,0.0,2016MM09,105.0
57222,A4,330300,57222,2.0,0.2,2016MM10,105.2
57223,A4,330300,57223,2.3,0.3,2016MM11,105.5
57224,A4,330300,57224,3.1,0.3,2016MM12,105.8
57226,A4,330300,57226,4.0,1.6,2017MM01,107.5
57227,A4,330300,57227,4.6,0.3,2017MM02,107.9
57228,A4,330300,57228,4.9,0.2,2017MM03,108.1
57229,A4,330300,57229,5.0,0.4,2017MM04,108.5
57230,A4,330300,57230,5.3,0.2,2017MM05,108.7
57231,A4,330300,57231,5.3,0.2,2017MM06,108.9
57232,A4,330300,57232,4.2,0.0,2017MM07,109.0
57233,A4,330300,57233,4.0,0.3,2017MM08,109.3
57234,A4,330300,57234,4.1,0.1,2017MM09,109.3
57235,A4,330300,57235,4.2,0.3,2017MM10,109.7
57236,A4,330300,57236,4.0,0.0,2017MM11,109.7
57237,A4,330300,57237,3.6,0.0,2017MM12,109.6
