,Afzet,BedrijfstakkenBranchesSBI2008,ID,OntwikkelingTOV1JaarEerder_2,OntwikkelingTOV1MaandEerder_3,Perioden,ProducentenprijsindexPPI_1
88985,A5,330300,88985,3.86153846154,0.15,1981MM01,59.3
88986,A5,330300,88986,4.12307692308,0.3,1981MM02,59.5
88987,A5,330300,88987,4.38461538462,0.2,1981MM03,59.6
88988,A5,330300,88988,4.64615384615,0.8,1981MM04,60.1
88989,A5,330300,88989,4.90769230769,0.4,1981MM05,60.4
88990,A5,330300,88990,5.16923076923,0.2,1981MM06,60.5
88991,A5,330300,88991,5.43076923077,0.2,1981MM07,60.6
88992,A5,330300,88992,5.69230769231,0.0,1981MM08,60.6
88993,A5,330300,88993,5.95384615385,0.2,1981MM09,60.7
88994,A5,330300,88994,6.21538461538,0.4,1981MM10,61.0
88995,A5,330300,88995,6.47692307692,0.4,1981MM11,61.2
88996,A5,330300,88996,6.73846153846,0.4,1981MM12,61.5
88998,A5,330300,88998,7.0,3.3,1982MM01,63.5
88999,A5,330300,88999,7.5,0.7,1982MM02,63.9
89000,A5,330300,89000,8.5,1.2,1982MM03,64.7
89001,A5,330300,89001,8.4,0.7,1982MM04,65.2
89002,A5,330300,89002,7.9,-0.1,1982MM05,65.1
89003,A5,330300,89003,7.7,0.1,1982MM06,65.1
89004,A5,330300,89004,8.0,0.5,1982MM07,65.5
89005,A5,330300,89005,7.9,-0.1,1982MM08,65.4
89006,A5,330300,89006,7.5,-0.1,1982MM09,65.3
89007,A5,330300,89007,6.7,-0.4,1982MM10,65.0
89008,A5,330300,89008,6.2,0.0,1982MM11,65.0
89009,A5,330300,89009,6.1,0.3,1982MM12,65.2
89011,A5,330300,89011,3.7,0.9,1983MM01,65.8
89012,A5,330300,89012,2.9,-0.1,1983MM02,65.8
89013,A5,330300,89013,2.1,0.4,1983MM03,66.1
89014,A5,330300,89014,1.4,0.0,1983MM04,66.1
89015,A5,330300,89015,1.4,0.0,1983MM05,66.0
89016,A5,330300,89016,1.6,0.3,1983MM06,66.2
89017,A5,330300,89017,1.3,0.1,1983MM07,66.3
89018,A5,330300,89018,1.5,0.2,1983MM08,66.4
89019,A5,330300,89019,1.5,-0.2,1983MM09,66.3
89020,A5,330300,89020,1.9,0.1,1983MM10,66.3
89021,A5,330300,89021,1.9,-0.1,1983MM11,66.3
89022,A5,330300,89022,2.4,0.9,1983MM12,66.8
89024,A5,330300,89024,2.2,0.6,1984MM01,67.3
89025,A5,330300,89025,2.5,0.2,1984MM02,67.4
89026,A5,330300,89026,2.2,0.1,1984MM03,67.5
89027,A5,330300,89027,2.3,0.1,1984MM04,67.6
89028,A5,330300,89028,2.6,0.3,1984MM05,67.8
89029,A5,330300,89029,2.4,0.1,1984MM06,67.8
89030,A5,330300,89030,1.8,-0.5,1984MM07,67.5
89031,A5,330300,89031,1.8,0.2,1984MM08,67.6
89032,A5,330300,89032,2.2,0.2,1984MM09,67.7
89033,A5,330300,89033,2.6,0.4,1984MM10,68.0
89034,A5,330300,89034,3.0,0.4,1984MM11,68.3
89035,A5,330300,89035,3.4,1.2,1984MM12,69.1
89037,A5,330300,89037,3.6,0.9,1985MM01,69.7
89038,A5,330300,89038,2.6,-0.8,1985MM02,69.1
89039,A5,330300,89039,2.8,0.4,1985MM03,69.4
89040,A5,330300,89040,2.9,0.2,1985MM04,69.6
89041,A5,330300,89041,3.4,0.7,1985MM05,70.0
89042,A5,330300,89042,3.5,0.3,1985MM06,70.2
89043,A5,330300,89043,3.9,-0.1,1985MM07,70.1
89044,A5,330300,89044,3.6,-0.1,1985MM08,70.0
89045,A5,330300,89045,3.6,0.2,1985MM09,70.2
89046,A5,330300,89046,3.3,0.1,1985MM10,70.3
89047,A5,330300,89047,2.8,-0.2,1985MM11,70.2
89048,A5,330300,89048,1.5,0.0,1985MM12,70.1
89050,A5,330300,89050,0.6,-0.1,1986MM01,70.1
89051,A5,330300,89051,2.1,0.7,1986MM02,70.6
89052,A5,330300,89052,1.7,0.1,1986MM03,70.6
89053,A5,330300,89053,1.6,0.1,1986MM04,70.7
89054,A5,330300,89054,0.5,-0.4,1986MM05,70.4
89055,A5,330300,89055,0.3,0.1,1986MM06,70.5
89056,A5,330300,89056,0.4,-0.1,1986MM07,70.4
89057,A5,330300,89057,0.6,0.0,1986MM08,70.4
89058,A5,330300,89058,0.3,-0.1,1986MM09,70.4
89059,A5,330300,89059,0.4,0.3,1986MM10,70.6
89060,A5,330300,89060,0.9,0.3,1986MM11,70.8
89061,A5,330300,89061,0.8,-0.1,1986MM12,70.7
89063,A5,330300,89063,0.4,-0.5,1987MM01,70.4
89064,A5,330300,89064,-0.3,-0.1,1987MM02,70.3
89065,A5,330300,89065,0.6,1.0,1987MM03,71.0
89066,A5,330300,89066,-0.3,-0.8,1987MM04,70.5
89067,A5,330300,89067,0.0,-0.1,1987MM05,70.4
89068,A5,330300,89068,-0.6,-0.5,1987MM06,70.0
89069,A5,330300,89069,-0.5,0.0,1987MM07,70.1
89070,A5,330300,89070,-0.5,0.0,1987MM08,70.1
89071,A5,330300,89071,-0.6,-0.2,1987MM09,70.0
89072,A5,330300,89072,0.1,1.0,1987MM10,70.6
89073,A5,330300,89073,1.7,2.0,1987MM11,72.0
89074,A5,330300,89074,1.9,0.0,1987MM12,72.0
89076,A5,330300,89076,2.5,0.1,1988MM01,72.1
89077,A5,330300,89077,2.5,0.0,1988MM02,72.1
89078,A5,330300,89078,1.5,0.0,1988MM03,72.1
89079,A5,330300,89079,4.5,2.2,1988MM04,73.7
89080,A5,330300,89080,2.6,-1.9,1988MM05,72.2
89081,A5,330300,89081,3.1,0.0,1988MM06,72.2
89082,A5,330300,89082,3.1,0.1,1988MM07,72.3
89083,A5,330300,89083,3.5,0.3,1988MM08,72.5
89084,A5,330300,89084,4.2,0.5,1988MM09,72.9
89085,A5,330300,89085,3.1,0.0,1988MM10,72.9
89086,A5,330300,89086,3.0,1.9,1988MM11,74.2
89087,A5,330300,89087,4.0,0.9,1988MM12,74.9
89089,A5,330300,89089,4.2,0.2,1989MM01,75.1
89090,A5,330300,89090,4.8,0.6,1989MM02,75.5
89091,A5,330300,89091,4.8,0.0,1989MM03,75.6
89092,A5,330300,89092,2.5,0.0,1989MM04,75.5
89093,A5,330300,89093,8.1,3.4,1989MM05,78.1
89094,A5,330300,89094,6.1,-1.8,1989MM06,76.7
89095,A5,330300,89095,6.8,0.7,1989MM07,77.2
89096,A5,330300,89096,6.8,0.3,1989MM08,77.4
89097,A5,330300,89097,6.3,0.1,1989MM09,77.5
89098,A5,330300,89098,6.6,0.2,1989MM10,77.6
89099,A5,330300,89099,5.3,0.6,1989MM11,78.1
89100,A5,330300,89100,3.8,-0.5,1989MM12,77.7
89102,A5,330300,89102,3.6,0.1,1990MM01,77.8
89103,A5,330300,89103,2.4,-0.6,1990MM02,77.3
89104,A5,330300,89104,2.1,-0.3,1990MM03,77.1
89105,A5,330300,89105,2.0,-0.1,1990MM04,77.1
89106,A5,330300,89106,-1.1,0.2,1990MM05,77.2
89107,A5,330300,89107,0.6,-0.1,1990MM06,77.1
89108,A5,330300,89108,-0.1,0.0,1990MM07,77.2
89109,A5,330300,89109,-0.3,0.1,1990MM08,77.2
89110,A5,330300,89110,-0.1,0.2,1990MM09,77.4
89111,A5,330300,89111,-0.6,-0.3,1990MM10,77.2
89112,A5,330300,89112,-1.2,0.1,1990MM11,77.2
89113,A5,330300,89113,-0.7,-0.1,1990MM12,77.2
89115,A5,330300,89115,-0.7,0.1,1991MM01,77.2
89116,A5,330300,89116,0.7,0.8,1991MM02,77.9
89117,A5,330300,89117,0.8,-0.2,1991MM03,77.7
89118,A5,330300,89118,1.0,0.1,1991MM04,77.8
89119,A5,330300,89119,1.0,0.2,1991MM05,78.0
89120,A5,330300,89120,1.3,0.2,1991MM06,78.1
89121,A5,330300,89121,1.2,0.0,1991MM07,78.1
89122,A5,330300,89122,1.2,0.0,1991MM08,78.1
89123,A5,330300,89123,1.0,0.0,1991MM09,78.1
89124,A5,330300,89124,1.2,0.0,1991MM10,78.1
89125,A5,330300,89125,1.2,0.0,1991MM11,78.1
89126,A5,330300,89126,1.0,-0.2,1991MM12,77.9
89128,A5,330300,89128,0.8,-0.1,1992MM01,77.8
89129,A5,330300,89129,-0.1,0.0,1992MM02,77.8
89130,A5,330300,89130,0.8,0.7,1992MM03,78.4
89131,A5,330300,89131,0.1,-0.6,1992MM04,77.9
89132,A5,330300,89132,0.2,0.3,1992MM05,78.1
89133,A5,330300,89133,0.1,0.1,1992MM06,78.2
89134,A5,330300,89134,0.3,0.2,1992MM07,78.3
89135,A5,330300,89135,0.4,0.2,1992MM08,78.5
89136,A5,330300,89136,0.5,0.0,1992MM09,78.5
89137,A5,330300,89137,0.6,0.1,1992MM10,78.6
89138,A5,330300,89138,0.6,0.0,1992MM11,78.6
89139,A5,330300,89139,0.8,0.0,1992MM12,78.5
89141,A5,330300,89141,0.5,-0.4,1993MM01,78.3
89142,A5,330300,89142,0.9,0.3,1993MM02,78.5
89143,A5,330300,89143,0.1,-0.1,1993MM03,78.5
89144,A5,330300,89144,-0.1,-0.8,1993MM04,77.9
89145,A5,330300,89145,-0.2,0.2,1993MM05,78.0
89146,A5,330300,89146,-0.3,0.0,1993MM06,78.0
89147,A5,330300,89147,-0.6,-0.1,1993MM07,77.9
89148,A5,330300,89148,-0.5,0.2,1993MM08,78.0
89149,A5,330300,89149,-0.4,0.1,1993MM09,78.1
89150,A5,330300,89150,-0.7,-0.2,1993MM10,78.0
89151,A5,330300,89151,-1.1,-0.4,1993MM11,77.7
89152,A5,330300,89152,-1.0,0.1,1993MM12,77.8
89154,A5,330300,89154,-1.0,-0.4,1994MM01,77.5
89155,A5,330300,89155,-1.3,0.0,1994MM02,77.5
89156,A5,330300,89156,-1.4,-0.2,1994MM03,77.4
89157,A5,330300,89157,-0.4,0.2,1994MM04,77.5
89158,A5,330300,89158,-0.3,0.3,1994MM05,77.7
89159,A5,330300,89159,-0.6,-0.3,1994MM06,77.5
89160,A5,330300,89160,-0.3,0.1,1994MM07,77.6
89161,A5,330300,89161,-0.5,0.1,1994MM08,77.7
89162,A5,330300,89162,0.3,0.9,1994MM09,78.4
89163,A5,330300,89163,0.2,-0.3,1994MM10,78.1
89164,A5,330300,89164,0.8,0.2,1994MM11,78.3
89165,A5,330300,89165,0.2,-0.4,1994MM12,77.9
89167,A5,330300,89167,0.8,0.2,1995MM01,78.1
89168,A5,330300,89168,1.1,0.4,1995MM02,78.4
89169,A5,330300,89169,1.2,-0.1,1995MM03,78.3
89170,A5,330300,89170,1.4,0.4,1995MM04,78.6
89171,A5,330300,89171,1.3,0.2,1995MM05,78.7
89172,A5,330300,89172,1.7,0.1,1995MM06,78.8
89173,A5,330300,89173,1.4,-0.2,1995MM07,78.7
89174,A5,330300,89174,1.5,0.1,1995MM08,78.8
89175,A5,330300,89175,0.6,0.1,1995MM09,78.8
89176,A5,330300,89176,0.7,-0.2,1995MM10,78.7
89177,A5,330300,89177,0.3,-0.2,1995MM11,78.6
89178,A5,330300,89178,0.8,0.0,1995MM12,78.6
89180,A5,330300,89180,0.7,0.1,1996MM01,78.6
89181,A5,330300,89181,0.5,0.2,1996MM02,78.8
89182,A5,330300,89182,0.5,-0.1,1996MM03,78.7
89183,A5,330300,89183,0.1,0.0,1996MM04,78.7
89184,A5,330300,89184,-0.1,0.0,1996MM05,78.7
89185,A5,330300,89185,-0.4,-0.2,1996MM06,78.5
89186,A5,330300,89186,-0.7,-0.5,1996MM07,78.1
89187,A5,330300,89187,-0.9,-0.1,1996MM08,78.1
89188,A5,330300,89188,-0.9,0.0,1996MM09,78.1
89189,A5,330300,89189,-0.7,0.1,1996MM10,78.2
89190,A5,330300,89190,-0.5,0.0,1996MM11,78.2
89191,A5,330300,89191,-0.4,0.1,1996MM12,78.2
89193,A5,330300,89193,-0.2,0.3,1997MM01,78.5
89194,A5,330300,89194,-0.4,0.0,1997MM02,78.5
89195,A5,330300,89195,-0.2,0.1,1997MM03,78.6
89196,A5,330300,89196,-0.1,0.0,1997MM04,78.6
89197,A5,330300,89197,0.1,0.2,1997MM05,78.7
89198,A5,330300,89198,0.5,0.2,1997MM06,78.9
89199,A5,330300,89199,1.3,0.3,1997MM07,79.1
89200,A5,330300,89200,1.5,0.2,1997MM08,79.2
89201,A5,330300,89201,1.5,0.0,1997MM09,79.2
89202,A5,330300,89202,3.3,1.9,1997MM10,80.8
89203,A5,330300,89203,3.3,0.0,1997MM11,80.7
89204,A5,330300,89204,3.2,0.0,1997MM12,80.7
89206,A5,330300,89206,3.5,0.7,1998MM01,81.2
89207,A5,330300,89207,3.5,0.0,1998MM02,81.2
89208,A5,330300,89208,3.4,0.0,1998MM03,81.2
89209,A5,330300,89209,3.8,0.4,1998MM04,81.6
89210,A5,330300,89210,3.6,-0.1,1998MM05,81.5
89211,A5,330300,89211,3.4,0.0,1998MM06,81.5
89212,A5,330300,89212,2.6,-0.4,1998MM07,81.2
89213,A5,330300,89213,2.5,0.0,1998MM08,81.2
89214,A5,330300,89214,2.2,-0.3,1998MM09,81.0
89215,A5,330300,89215,-0.1,-0.4,1998MM10,80.6
89216,A5,330300,89216,-0.4,-0.3,1998MM11,80.4
89217,A5,330300,89217,-0.6,-0.2,1998MM12,80.2
89219,A5,330300,89219,-0.9,0.4,1999MM01,80.5
89220,A5,330300,89220,-0.9,0.0,1999MM02,80.5
89221,A5,330300,89221,-0.8,0.0,1999MM03,80.5
89222,A5,330300,89222,-1.0,0.3,1999MM04,80.8
89223,A5,330300,89223,-0.8,0.2,1999MM05,80.9
89224,A5,330300,89224,-0.6,0.2,1999MM06,81.1
89225,A5,330300,89225,-0.3,-0.1,1999MM07,81.0
89226,A5,330300,89226,0.0,0.3,1999MM08,81.2
89227,A5,330300,89227,0.7,0.4,1999MM09,81.6
89228,A5,330300,89228,1.4,0.3,1999MM10,81.8
89229,A5,330300,89229,1.9,0.2,1999MM11,81.9
89230,A5,330300,89230,2.1,0.0,1999MM12,81.9
89232,A5,330300,89232,2.5,0.7,2000MM01,82.5
89233,A5,330300,89233,3.1,0.5,2000MM02,83.0
89234,A5,330300,89234,2.9,-0.1,2000MM03,82.9
89235,A5,330300,89235,2.9,0.2,2000MM04,83.1
89236,A5,330300,89236,2.8,0.1,2000MM05,83.2
89237,A5,330300,89237,2.3,-0.3,2000MM06,82.9
89238,A5,330300,89238,2.5,0.1,2000MM07,83.0
89239,A5,330300,89239,2.4,0.3,2000MM08,83.2
89240,A5,330300,89240,1.8,-0.2,2000MM09,83.0
89241,A5,330300,89241,1.8,0.3,2000MM10,83.2
89242,A5,330300,89242,1.4,-0.2,2000MM11,83.0
89243,A5,330300,89243,1.1,-0.3,2000MM12,82.8
89245,A5,330300,89245,2.6,2.3,2001MM01,84.7
89246,A5,330300,89246,2.6,0.5,2001MM02,85.1
89247,A5,330300,89247,0.9,-1.8,2001MM03,83.6
89248,A5,330300,89248,0.7,0.0,2001MM04,83.6
89249,A5,330300,89249,1.4,0.9,2001MM05,84.4
89250,A5,330300,89250,1.4,-0.4,2001MM06,84.0
89251,A5,330300,89251,1.8,0.5,2001MM07,84.5
89252,A5,330300,89252,1.5,0.0,2001MM08,84.4
89253,A5,330300,89253,2.0,0.3,2001MM09,84.7
89254,A5,330300,89254,1.5,-0.3,2001MM10,84.4
89255,A5,330300,89255,1.2,-0.5,2001MM11,84.0
89256,A5,330300,89256,2.5,1.0,2001MM12,84.9
89258,A5,330300,89258,-0.6,-0.8,2002MM01,84.2
89259,A5,330300,89259,0.8,1.8,2002MM02,85.8
89260,A5,330300,89260,0.9,-1.6,2002MM03,84.4
89261,A5,330300,89261,2.0,1.1,2002MM04,85.3
89262,A5,330300,89262,0.7,-0.4,2002MM05,85.0
89263,A5,330300,89263,2.4,1.3,2002MM06,86.1
89264,A5,330300,89264,1.4,-0.5,2002MM07,85.7
89265,A5,330300,89265,1.5,0.1,2002MM08,85.7
89266,A5,330300,89266,1.4,0.1,2002MM09,85.8
89267,A5,330300,89267,1.0,-0.7,2002MM10,85.2
89268,A5,330300,89268,1.2,-0.2,2002MM11,85.0
89269,A5,330300,89269,0.2,0.0,2002MM12,85.0
89271,A5,330300,89271,1.6,0.7,2003MM01,85.6
89272,A5,330300,89272,1.3,1.5,2003MM02,86.9
89273,A5,330300,89273,1.3,-1.6,2003MM03,85.5
89274,A5,330300,89274,0.6,0.4,2003MM04,85.8
89275,A5,330300,89275,1.6,0.6,2003MM05,86.3
89276,A5,330300,89276,-0.4,-0.6,2003MM06,85.8
89277,A5,330300,89277,0.7,0.6,2003MM07,86.3
89278,A5,330300,89278,-0.5,-1.1,2003MM08,85.3
89279,A5,330300,89279,-0.3,0.3,2003MM09,85.6
89280,A5,330300,89280,0.2,-0.2,2003MM10,85.4
89281,A5,330300,89281,0.6,0.1,2003MM11,85.5
89282,A5,330300,89282,0.3,-0.3,2003MM12,85.3
89284,A5,330300,89284,-0.4,0.0,2004MM01,85.3
89285,A5,330300,89285,-0.4,1.5,2004MM02,86.6
89286,A5,330300,89286,3.2,1.9,2004MM03,88.2
89287,A5,330300,89287,5.4,2.6,2004MM04,90.5
89288,A5,330300,89288,7.1,2.1,2004MM05,92.4
89289,A5,330300,89289,6.3,-1.3,2004MM06,91.2
89290,A5,330300,89290,5.4,-0.3,2004MM07,90.9
89291,A5,330300,89291,6.7,0.0,2004MM08,91.0
89292,A5,330300,89292,7.6,1.2,2004MM09,92.0
89293,A5,330300,89293,6.4,-1.3,2004MM10,90.9
89294,A5,330300,89294,6.5,0.2,2004MM11,91.0
89295,A5,330300,89295,6.0,-0.7,2004MM12,90.4
89297,A5,330300,89297,5.66153846154,-0.2,2005MM01,92.5
89298,A5,330300,89298,5.32307692308,0.3,2005MM02,92.8
89299,A5,330300,89299,4.98461538462,-0.1,2005MM03,92.7
89300,A5,330300,89300,4.64615384615,-0.1,2005MM04,92.6
89301,A5,330300,89301,4.30769230769,-0.1,2005MM05,92.5
89302,A5,330300,89302,3.96923076923,-0.5,2005MM06,92.1
89303,A5,330300,89303,3.63076923077,0.2,2005MM07,92.3
89304,A5,330300,89304,3.29230769231,1.4,2005MM08,93.5
89305,A5,330300,89305,2.95384615385,-0.2,2005MM09,93.3
89306,A5,330300,89306,2.61538461538,0.9,2005MM10,94.2
89307,A5,330300,89307,2.27692307692,-0.2,2005MM11,93.9
89308,A5,330300,89308,1.93846153846,0.1,2005MM12,94.0
89310,A5,330300,89310,1.6,-0.1,2006MM01,93.9
89311,A5,330300,89311,1.3,0.0,2006MM02,94.0
89312,A5,330300,89312,1.7,0.3,2006MM03,94.2
89313,A5,330300,89313,2.6,0.9,2006MM04,95.1
89314,A5,330300,89314,3.2,0.4,2006MM05,95.4
89315,A5,330300,89315,3.5,-0.1,2006MM06,95.3
89316,A5,330300,89316,5.6,2.2,2006MM07,97.4
89317,A5,330300,89317,4.5,0.4,2006MM08,97.8
89318,A5,330300,89318,5.2,0.4,2006MM09,98.1
89319,A5,330300,89319,4.8,0.6,2006MM10,98.7
89320,A5,330300,89320,4.7,-0.4,2006MM11,98.3
89321,A5,330300,89321,4.1,-0.5,2006MM12,97.9
89323,A5,330300,89323,5.6,1.3,2007MM01,99.1
89324,A5,330300,89324,5.5,0.0,2007MM02,99.2
89325,A5,330300,89325,5.7,0.4,2007MM03,99.6
89326,A5,330300,89326,7.3,2.4,2007MM04,102.0
89327,A5,330300,89327,7.2,0.3,2007MM05,102.3
89328,A5,330300,89328,7.0,-0.3,2007MM06,102.0
89329,A5,330300,89329,4.8,0.1,2007MM07,102.1
89330,A5,330300,89330,4.0,-0.4,2007MM08,101.7
89331,A5,330300,89331,2.8,-0.8,2007MM09,100.9
89332,A5,330300,89332,1.7,-0.5,2007MM10,100.4
89333,A5,330300,89333,1.9,-0.2,2007MM11,100.2
89334,A5,330300,89334,2.6,0.2,2007MM12,100.4
89336,A5,330300,89336,1.8,0.5,2008MM01,100.9
89337,A5,330300,89337,2.2,0.5,2008MM02,101.4
89338,A5,330300,89338,3.4,1.6,2008MM03,103.0
89339,A5,330300,89339,3.0,2.0,2008MM04,105.0
89340,A5,330300,89340,4.0,1.3,2008MM05,106.4
89341,A5,330300,89341,5.9,1.5,2008MM06,108.0
89342,A5,330300,89342,7.5,1.6,2008MM07,109.8
89343,A5,330300,89343,9.8,1.7,2008MM08,111.6
89344,A5,330300,89344,6.9,-3.4,2008MM09,107.8
89345,A5,330300,89345,4.2,-3.0,2008MM10,104.6
89346,A5,330300,89346,3.7,-0.7,2008MM11,103.9
89347,A5,330300,89347,3.5,0.0,2008MM12,103.9
89349,A5,330300,89349,2.9,-0.1,2009MM01,103.9
89350,A5,330300,89350,0.8,-1.6,2009MM02,102.2
89351,A5,330300,89351,-1.1,-0.3,2009MM03,101.9
89352,A5,330300,89352,-4.2,-1.3,2009MM04,100.6
89353,A5,330300,89353,-5.9,-0.4,2009MM05,100.2
89354,A5,330300,89354,-7.0,0.3,2009MM06,100.4
89355,A5,330300,89355,-9.2,-0.8,2009MM07,99.6
89356,A5,330300,89356,-11.0,-0.3,2009MM08,99.4
89357,A5,330300,89357,-7.4,0.4,2009MM09,99.8
89358,A5,330300,89358,-4.6,0.0,2009MM10,99.8
89359,A5,330300,89359,-4.0,-0.1,2009MM11,99.7
89360,A5,330300,89360,-4.4,-0.4,2009MM12,99.3
89362,A5,330300,89362,-4.9,-0.6,2010MM01,98.8
89363,A5,330300,89363,-3.2,0.1,2010MM02,98.9
89364,A5,330300,89364,-2.8,0.2,2010MM03,99.1
89365,A5,330300,89365,-0.8,0.7,2010MM04,99.7
89366,A5,330300,89366,-0.3,0.1,2010MM05,99.8
89367,A5,330300,89367,-0.4,0.2,2010MM06,100.1
89368,A5,330300,89368,0.7,0.3,2010MM07,100.3
89369,A5,330300,89369,1.2,0.2,2010MM08,100.5
89370,A5,330300,89370,0.9,0.2,2010MM09,100.7
89371,A5,330300,89371,0.9,0.0,2010MM10,100.7
89372,A5,330300,89372,1.0,0.0,2010MM11,100.7
89373,A5,330300,89373,1.4,0.0,2010MM12,100.7
89375,A5,330300,89375,3.5,1.5,2011MM01,102.2
89376,A5,330300,89376,3.9,0.4,2011MM02,102.7
89377,A5,330300,89377,4.0,0.4,2011MM03,103.1
89378,A5,330300,89378,3.7,0.4,2011MM04,103.5
89379,A5,330300,89379,3.7,0.0,2011MM05,103.5
89380,A5,330300,89380,3.5,0.1,2011MM06,103.6
89381,A5,330300,89381,3.6,0.3,2011MM07,103.9
89382,A5,330300,89382,3.5,0.1,2011MM08,104.0
89383,A5,330300,89383,3.3,0.0,2011MM09,104.0
89384,A5,330300,89384,3.1,-0.1,2011MM10,103.9
89385,A5,330300,89385,3.2,0.0,2011MM11,103.9
89386,A5,330300,89386,3.0,-0.1,2011MM12,103.8
89388,A5,330300,89388,1.9,0.4,2012MM01,104.2
89389,A5,330300,89389,1.7,0.2,2012MM02,104.4
89390,A5,330300,89390,1.2,0.0,2012MM03,104.4
89391,A5,330300,89391,0.9,0.1,2012MM04,104.4
89392,A5,330300,89392,0.7,-0.2,2012MM05,104.3
89393,A5,330300,89393,0.8,0.1,2012MM06,104.4
89394,A5,330300,89394,0.2,-0.2,2012MM07,104.2
89395,A5,330300,89395,0.1,-0.1,2012MM08,104.1
89396,A5,330300,89396,0.1,0.0,2012MM09,104.1
89397,A5,330300,89397,-0.1,-0.3,2012MM10,103.8
89398,A5,330300,89398,-0.2,-0.1,2012MM11,103.6
89399,A5,330300,89399,-0.1,0.0,2012MM12,103.7
89401,A5,330300,89401,-0.2,0.2,2013MM01,103.9
89402,A5,330300,89402,-0.4,0.1,2013MM02,104.0
89403,A5,330300,89403,-0.6,-0.2,2013MM03,103.8
89404,A5,330300,89404,-0.9,-0.2,2013MM04,103.6
89405,A5,330300,89405,-0.8,-0.1,2013MM05,103.5
89406,A5,330300,89406,-1.1,-0.2,2013MM06,103.3
89407,A5,330300,89407,-1.5,-0.6,2013MM07,102.6
89408,A5,330300,89408,-1.2,0.2,2013MM08,102.9
89409,A5,330300,89409,-1.6,-0.4,2013MM09,102.5
89410,A5,330300,89410,-0.9,0.4,2013MM10,102.9
89411,A5,330300,89411,-0.3,0.4,2013MM11,103.3
89412,A5,330300,89412,-0.5,-0.1,2013MM12,103.2
89414,A5,330300,89414,-0.5,0.2,2014MM01,103.4
89415,A5,330300,89415,-0.7,-0.1,2014MM02,103.3
89416,A5,330300,89416,-0.8,-0.3,2014MM03,103.0
89417,A5,330300,89417,-0.8,-0.2,2014MM04,102.8
89418,A5,330300,89418,-0.6,0.0,2014MM05,102.8
89419,A5,330300,89419,-0.3,0.2,2014MM06,103.0
89420,A5,330300,89420,0.1,-0.2,2014MM07,102.8
89421,A5,330300,89421,0.3,0.4,2014MM08,103.2
89422,A5,330300,89422,0.6,-0.1,2014MM09,103.1
89423,A5,330300,89423,0.5,0.3,2014MM10,103.4
89424,A5,330300,89424,0.1,0.0,2014MM11,103.4
89425,A5,330300,89425,0.0,-0.1,2014MM12,103.2
89427,A5,330300,89427,0.1,0.3,2015MM01,103.5
89428,A5,330300,89428,0.3,0.0,2015MM02,103.6
89429,A5,330300,89429,0.4,-0.2,2015MM03,103.4
89430,A5,330300,89430,0.7,0.1,2015MM04,103.5
89431,A5,330300,89431,0.6,0.0,2015MM05,103.4
89432,A5,330300,89432,0.5,0.1,2015MM06,103.5
89433,A5,330300,89433,0.9,0.2,2015MM07,103.7
89434,A5,330300,89434,0.3,-0.2,2015MM08,103.5
89435,A5,330300,89435,0.1,-0.3,2015MM09,103.3
89436,A5,330300,89436,-0.4,-0.3,2015MM10,103.0
89437,A5,330300,89437,-0.7,-0.3,2015MM11,102.6
89438,A5,330300,89438,-0.8,-0.2,2015MM12,102.4
89440,A5,330300,89440,-1.5,-0.5,2016MM01,101.9
89441,A5,330300,89441,-1.6,-0.1,2016MM02,101.9
89442,A5,330300,89442,-1.8,-0.3,2016MM03,101.6
89443,A5,330300,89443,-1.5,0.3,2016MM04,101.9
89444,A5,330300,89444,-0.9,0.6,2016MM05,102.4
89445,A5,330300,89445,-0.5,0.6,2016MM06,103.0
89446,A5,330300,89446,-0.6,0.1,2016MM07,103.1
89447,A5,330300,89447,-0.3,0.1,2016MM08,103.3
89448,A5,330300,89448,-0.4,-0.4,2016MM09,102.9
89449,A5,330300,89449,-0.4,-0.3,2016MM10,102.6
89450,A5,330300,89450,-0.1,0.0,2016MM11,102.6
89451,A5,330300,89451,0.6,0.4,2016MM12,103.0
89453,A5,330300,89453,2.0,1.0,2017MM01,104.0
89454,A5,330300,89454,2.3,0.2,2017MM02,104.3
89455,A5,330300,89455,2.8,0.2,2017MM03,104.4
89456,A5,330300,89456,2.8,0.2,2017MM04,104.7
89457,A5,330300,89457,2.3,0.1,2017MM05,104.8
89458,A5,330300,89458,1.5,-0.3,2017MM06,104.5
89459,A5,330300,89459,1.6,0.2,2017MM07,104.7
89460,A5,330300,89460,1.6,0.2,2017MM08,104.9
89461,A5,330300,89461,2.4,0.4,2017MM09,105.4
89462,A5,330300,89462,3.2,0.5,2017MM10,105.9
89463,A5,330300,89463,3.5,0.3,2017MM11,106.2
89464,A5,330300,89464,3.0,-0.1,2017MM12,106.0
