,Afzet,BedrijfstakkenBranchesSBI2008,ID,OntwikkelingTOV1JaarEerder_2,OntwikkelingTOV1MaandEerder_3,Perioden,ProducentenprijsindexPPI_1
24531,A6,330300,24531,,,1981MM01,56.3
24532,A6,330300,24532,,0.3,1981MM02,56.5
24533,A6,330300,24533,,0.1,1981MM03,56.6
24534,A6,330300,24534,,0.7,1981MM04,57.0
24535,A6,330300,24535,,0.2,1981MM05,57.0
24536,A6,330300,24536,,0.1,1981MM06,57.1
24537,A6,330300,24537,,0.5,1981MM07,57.4
24538,A6,330300,24538,,0.1,1981MM08,57.5
24539,A6,330300,24539,,0.3,1981MM09,57.7
24540,A6,330300,24540,,1.1,1981MM10,58.4
24541,A6,330300,24541,,0.4,1981MM11,58.6
24542,A6,330300,24542,,0.3,1981MM12,58.7
24544,A6,330300,24544,7.2,2.7,1982MM01,60.4
24545,A6,330300,24545,7.3,0.5,1982MM02,60.6
24546,A6,330300,24546,7.9,0.7,1982MM03,61.0
24547,A6,330300,24547,7.6,0.4,1982MM04,61.3
24548,A6,330300,24548,7.5,0.0,1982MM05,61.3
24549,A6,330300,24549,7.4,0.1,1982MM06,61.3
24550,A6,330300,24550,7.5,0.6,1982MM07,61.7
24551,A6,330300,24551,7.2,-0.1,1982MM08,61.7
24552,A6,330300,24552,6.8,-0.1,1982MM09,61.6
24553,A6,330300,24553,5.4,-0.2,1982MM10,61.5
24554,A6,330300,24554,5.0,0.0,1982MM11,61.5
24555,A6,330300,24555,4.9,0.2,1982MM12,61.6
24557,A6,330300,24557,2.9,0.8,1983MM01,62.1
24558,A6,330300,24558,2.4,0.0,1983MM02,62.1
24559,A6,330300,24559,2.0,0.2,1983MM03,62.2
24560,A6,330300,24560,1.5,-0.1,1983MM04,62.2
24561,A6,330300,24561,1.6,0.1,1983MM05,62.3
24562,A6,330300,24562,1.6,0.1,1983MM06,62.3
24563,A6,330300,24563,1.0,0.1,1983MM07,62.4
24564,A6,330300,24564,1.3,0.2,1983MM08,62.5
24565,A6,330300,24565,1.4,0.0,1983MM09,62.5
24566,A6,330300,24566,1.7,0.1,1983MM10,62.6
24567,A6,330300,24567,1.8,0.1,1983MM11,62.6
24568,A6,330300,24568,2.0,0.4,1983MM12,62.9
24570,A6,330300,24570,1.8,0.6,1984MM01,63.3
24571,A6,330300,24571,2.1,0.3,1984MM02,63.4
24572,A6,330300,24572,2.1,0.2,1984MM03,63.6
24573,A6,330300,24573,2.4,0.1,1984MM04,63.7
24574,A6,330300,24574,2.5,0.2,1984MM05,63.8
24575,A6,330300,24575,2.6,0.2,1984MM06,64.0
24576,A6,330300,24576,2.8,0.2,1984MM07,64.1
24577,A6,330300,24577,2.7,0.1,1984MM08,64.2
24578,A6,330300,24578,2.9,0.2,1984MM09,64.4
24579,A6,330300,24579,2.9,0.1,1984MM10,64.4
24580,A6,330300,24580,3.1,0.2,1984MM11,64.5
24581,A6,330300,24581,3.3,0.6,1984MM12,65.0
24583,A6,330300,24583,3.5,0.8,1985MM01,65.5
24584,A6,330300,24584,3.4,0.2,1985MM02,65.6
24585,A6,330300,24585,3.3,0.2,1985MM03,65.7
24586,A6,330300,24586,3.8,0.6,1985MM04,66.1
24587,A6,330300,24587,3.7,0.1,1985MM05,66.2
24588,A6,330300,24588,3.3,-0.1,1985MM06,66.1
24589,A6,330300,24589,3.0,-0.1,1985MM07,66.0
24590,A6,330300,24590,3.0,0.1,1985MM08,66.1
24591,A6,330300,24591,2.8,0.1,1985MM09,66.2
24592,A6,330300,24592,2.6,-0.2,1985MM10,66.1
24593,A6,330300,24593,2.4,0.0,1985MM11,66.1
24594,A6,330300,24594,1.7,-0.1,1985MM12,66.0
24596,A6,330300,24596,1.7,0.8,1986MM01,66.6
24597,A6,330300,24597,1.6,0.0,1986MM02,66.6
24598,A6,330300,24598,1.3,-0.1,1986MM03,66.6
24599,A6,330300,24599,0.8,0.1,1986MM04,66.6
24600,A6,330300,24600,0.6,0.0,1986MM05,66.6
24601,A6,330300,24601,0.8,0.0,1986MM06,66.6
24602,A6,330300,24602,0.8,-0.1,1986MM07,66.5
24603,A6,330300,24603,0.8,0.1,1986MM08,66.6
24604,A6,330300,24604,0.7,0.1,1986MM09,66.7
24605,A6,330300,24605,0.8,-0.1,1986MM10,66.6
24606,A6,330300,24606,0.7,-0.1,1986MM11,66.5
24607,A6,330300,24607,0.6,-0.1,1986MM12,66.5
24609,A6,330300,24609,-0.3,-0.2,1987MM01,66.4
24610,A6,330300,24610,-0.2,0.2,1987MM02,66.5
24611,A6,330300,24611,-0.4,-0.3,1987MM03,66.3
24612,A6,330300,24612,-0.5,0.0,1987MM04,66.3
24613,A6,330300,24613,-0.4,0.0,1987MM05,66.3
24614,A6,330300,24614,-0.5,0.0,1987MM06,66.3
24615,A6,330300,24615,0.1,0.4,1987MM07,66.6
24616,A6,330300,24616,0.6,0.6,1987MM08,67.0
24617,A6,330300,24617,0.5,0.0,1987MM09,67.0
24618,A6,330300,24618,0.8,0.2,1987MM10,67.1
24619,A6,330300,24619,1.0,0.1,1987MM11,67.2
24620,A6,330300,24620,1.1,0.0,1987MM12,67.2
24622,A6,330300,24622,1.7,0.4,1988MM01,67.5
24623,A6,330300,24623,1.5,0.0,1988MM02,67.5
24624,A6,330300,24624,1.8,0.0,1988MM03,67.5
24625,A6,330300,24625,2.1,0.3,1988MM04,67.7
24626,A6,330300,24626,2.3,0.3,1988MM05,67.8
24627,A6,330300,24627,2.3,0.0,1988MM06,67.8
24628,A6,330300,24628,3.4,1.5,1988MM07,68.8
24629,A6,330300,24629,3.1,0.3,1988MM08,69.1
24630,A6,330300,24630,3.3,0.3,1988MM09,69.3
24631,A6,330300,24631,4.1,0.9,1988MM10,69.9
24632,A6,330300,24632,4.2,0.2,1988MM11,70.0
24633,A6,330300,24633,4.2,0.1,1988MM12,70.0
24635,A6,330300,24635,5.6,1.7,1989MM01,71.2
24636,A6,330300,24636,6.3,0.6,1989MM02,71.7
24637,A6,330300,24637,6.4,0.2,1989MM03,71.8
24638,A6,330300,24638,6.6,0.5,1989MM04,72.1
24639,A6,330300,24639,6.8,0.5,1989MM05,72.5
24640,A6,330300,24640,7.2,0.3,1989MM06,72.7
24641,A6,330300,24641,5.5,-0.1,1989MM07,72.7
24642,A6,330300,24642,5.2,0.0,1989MM08,72.7
24643,A6,330300,24643,5.0,0.1,1989MM09,72.7
24644,A6,330300,24644,4.1,0.0,1989MM10,72.7
24645,A6,330300,24645,3.7,-0.3,1989MM11,72.6
24646,A6,330300,24646,3.8,0.2,1989MM12,72.7
24648,A6,330300,24648,2.5,0.4,1990MM01,73.0
24649,A6,330300,24649,1.8,0.0,1990MM02,73.0
24650,A6,330300,24650,1.7,0.1,1990MM03,73.0
24651,A6,330300,24651,1.4,0.2,1990MM04,73.2
24652,A6,330300,24652,1.0,0.0,1990MM05,73.2
24653,A6,330300,24653,0.8,0.1,1990MM06,73.3
24654,A6,330300,24654,0.8,-0.1,1990MM07,73.3
24655,A6,330300,24655,0.7,-0.1,1990MM08,73.2
24656,A6,330300,24656,0.4,-0.2,1990MM09,73.0
24657,A6,330300,24657,0.6,0.2,1990MM10,73.2
24658,A6,330300,24658,0.9,0.1,1990MM11,73.2
24659,A6,330300,24659,0.8,0.0,1990MM12,73.2
24661,A6,330300,24661,1.2,0.9,1991MM01,73.9
24662,A6,330300,24662,1.3,0.1,1991MM02,73.9
24663,A6,330300,24663,1.3,0.1,1991MM03,74.0
24664,A6,330300,24664,1.2,0.1,1991MM04,74.1
24665,A6,330300,24665,1.2,0.0,1991MM05,74.1
24666,A6,330300,24666,1.0,0.0,1991MM06,74.1
24667,A6,330300,24667,1.2,0.1,1991MM07,74.2
24668,A6,330300,24668,1.3,0.0,1991MM08,74.1
24669,A6,330300,24669,1.5,0.0,1991MM09,74.2
24670,A6,330300,24670,1.3,-0.1,1991MM10,74.1
24671,A6,330300,24671,1.2,0.0,1991MM11,74.1
24672,A6,330300,24672,1.1,0.0,1991MM12,74.1
24674,A6,330300,24674,0.5,0.3,1992MM01,74.3
24675,A6,330300,24675,0.6,0.1,1992MM02,74.4
24676,A6,330300,24676,0.6,0.1,1992MM03,74.4
24677,A6,330300,24677,0.6,0.0,1992MM04,74.5
24678,A6,330300,24678,0.6,0.1,1992MM05,74.5
24679,A6,330300,24679,0.6,0.1,1992MM06,74.6
24680,A6,330300,24680,0.7,0.1,1992MM07,74.7
24681,A6,330300,24681,0.7,0.0,1992MM08,74.7
24682,A6,330300,24682,0.6,0.0,1992MM09,74.6
24683,A6,330300,24683,0.5,-0.2,1992MM10,74.4
24684,A6,330300,24684,0.6,0.1,1992MM11,74.6
24685,A6,330300,24685,0.6,0.0,1992MM12,74.5
24687,A6,330300,24687,-0.1,-0.5,1993MM01,74.2
24688,A6,330300,24688,-0.2,0.1,1993MM02,74.2
24689,A6,330300,24689,-0.3,0.0,1993MM03,74.2
24690,A6,330300,24690,-0.3,0.0,1993MM04,74.2
24691,A6,330300,24691,-0.3,0.1,1993MM05,74.3
24692,A6,330300,24692,-0.5,-0.1,1993MM06,74.2
24693,A6,330300,24693,-1.1,-0.5,1993MM07,73.9
24694,A6,330300,24694,-1.0,0.0,1993MM08,73.9
24695,A6,330300,24695,-1.2,-0.2,1993MM09,73.7
24696,A6,330300,24696,-1.5,-0.5,1993MM10,73.4
24697,A6,330300,24697,-1.6,0.0,1993MM11,73.3
24698,A6,330300,24698,-1.5,0.1,1993MM12,73.4
24700,A6,330300,24700,-1.2,-0.1,1994MM01,73.3
24701,A6,330300,24701,-1.3,0.0,1994MM02,73.3
24702,A6,330300,24702,-1.3,-0.1,1994MM03,73.2
24703,A6,330300,24703,-0.7,0.7,1994MM04,73.7
24704,A6,330300,24704,-0.9,-0.1,1994MM05,73.6
24705,A6,330300,24705,-0.7,0.1,1994MM06,73.7
24706,A6,330300,24706,-0.1,0.1,1994MM07,73.8
24707,A6,330300,24707,-0.1,0.0,1994MM08,73.8
24708,A6,330300,24708,0.0,-0.1,1994MM09,73.7
24709,A6,330300,24709,1.2,0.7,1994MM10,74.2
24710,A6,330300,24710,1.2,0.0,1994MM11,74.2
24711,A6,330300,24711,1.5,0.3,1994MM12,74.5
24713,A6,330300,24713,3.0,1.4,1995MM01,75.5
24714,A6,330300,24714,3.3,0.3,1995MM02,75.7
24715,A6,330300,24715,3.3,-0.1,1995MM03,75.7
24716,A6,330300,24716,2.7,0.1,1995MM04,75.7
24717,A6,330300,24717,3.0,0.2,1995MM05,75.8
24718,A6,330300,24718,3.0,0.0,1995MM06,75.9
24719,A6,330300,24719,2.9,0.0,1995MM07,75.9
24720,A6,330300,24720,3.0,0.1,1995MM08,76.0
24721,A6,330300,24721,3.1,0.0,1995MM09,76.0
24722,A6,330300,24722,2.4,0.0,1995MM10,76.0
24723,A6,330300,24723,2.3,-0.1,1995MM11,75.9
24724,A6,330300,24724,2.0,0.0,1995MM12,75.9
24726,A6,330300,24726,1.3,0.7,1996MM01,76.5
24727,A6,330300,24727,1.1,0.0,1996MM02,76.5
24728,A6,330300,24728,1.0,-0.1,1996MM03,76.4
24729,A6,330300,24729,1.0,0.0,1996MM04,76.5
24730,A6,330300,24730,0.7,0.0,1996MM05,76.4
24731,A6,330300,24731,0.6,-0.1,1996MM06,76.4
24732,A6,330300,24732,0.4,-0.2,1996MM07,76.2
24733,A6,330300,24733,0.2,-0.1,1996MM08,76.1
24734,A6,330300,24734,0.2,0.1,1996MM09,76.2
24735,A6,330300,24735,0.2,0.0,1996MM10,76.2
24736,A6,330300,24736,0.3,0.0,1996MM11,76.2
24737,A6,330300,24737,0.4,0.1,1996MM12,76.2
24739,A6,330300,24739,-0.1,0.2,1997MM01,76.4
24740,A6,330300,24740,-0.1,0.0,1997MM02,76.4
24741,A6,330300,24741,0.0,0.1,1997MM03,76.5
24742,A6,330300,24742,0.1,0.1,1997MM04,76.5
24743,A6,330300,24743,0.2,0.1,1997MM05,76.6
24744,A6,330300,24744,0.7,0.4,1997MM06,76.9
24745,A6,330300,24745,1.1,0.2,1997MM07,77.1
24746,A6,330300,24746,1.4,0.1,1997MM08,77.1
24747,A6,330300,24747,1.3,0.0,1997MM09,77.2
24748,A6,330300,24748,2.3,1.0,1997MM10,78.0
24749,A6,330300,24749,2.3,0.0,1997MM11,77.9
24750,A6,330300,24750,2.2,0.0,1997MM12,77.9
24752,A6,330300,24752,3.2,1.3,1998MM01,78.9
24753,A6,330300,24753,3.2,0.0,1998MM02,78.9
24754,A6,330300,24754,3.2,0.0,1998MM03,78.9
24755,A6,330300,24755,3.4,0.3,1998MM04,79.1
24756,A6,330300,24756,3.3,0.0,1998MM05,79.2
24757,A6,330300,24757,2.8,-0.1,1998MM06,79.1
24758,A6,330300,24758,2.4,-0.2,1998MM07,78.9
24759,A6,330300,24759,2.3,0.0,1998MM08,78.9
24760,A6,330300,24760,2.1,-0.1,1998MM09,78.8
24761,A6,330300,24761,0.9,-0.2,1998MM10,78.6
24762,A6,330300,24762,0.7,-0.2,1998MM11,78.5
24763,A6,330300,24763,0.6,-0.2,1998MM12,78.4
24765,A6,330300,24765,0.0,0.6,1999MM01,78.9
24766,A6,330300,24766,-0.1,-0.1,1999MM02,78.8
24767,A6,330300,24767,-0.1,0.0,1999MM03,78.8
24768,A6,330300,24768,-0.4,0.0,1999MM04,78.8
24769,A6,330300,24769,-0.3,0.1,1999MM05,78.9
24770,A6,330300,24770,-0.1,0.1,1999MM06,79.0
24771,A6,330300,24771,0.1,0.0,1999MM07,79.0
24772,A6,330300,24772,0.1,0.0,1999MM08,79.0
24773,A6,330300,24773,0.4,0.1,1999MM09,79.1
24774,A6,330300,24774,0.7,0.1,1999MM10,79.2
24775,A6,330300,24775,0.9,0.0,1999MM11,79.2
24776,A6,330300,24776,1.1,0.0,1999MM12,79.2
24778,A6,330300,24778,1.5,1.1,2000MM01,80.1
24779,A6,330300,24779,1.7,0.1,2000MM02,80.2
24780,A6,330300,24780,1.7,0.0,2000MM03,80.2
24781,A6,330300,24781,2.3,0.5,2000MM04,80.6
24782,A6,330300,24782,2.2,0.1,2000MM05,80.7
24783,A6,330300,24783,2.1,-0.1,2000MM06,80.6
24784,A6,330300,24784,3.1,1.0,2000MM07,81.4
24785,A6,330300,24785,3.3,0.2,2000MM08,81.6
24786,A6,330300,24786,3.0,-0.1,2000MM09,81.5
24787,A6,330300,24787,3.4,0.5,2000MM10,81.9
24788,A6,330300,24788,3.2,-0.2,2000MM11,81.8
24789,A6,330300,24789,3.1,-0.1,2000MM12,81.6
24791,A6,330300,24791,3.5,1.5,2001MM01,82.9
24792,A6,330300,24792,3.6,0.2,2001MM02,83.1
24793,A6,330300,24793,3.2,-0.4,2001MM03,82.8
24794,A6,330300,24794,2.5,-0.2,2001MM04,82.6
24795,A6,330300,24795,2.6,0.2,2001MM05,82.8
24796,A6,330300,24796,2.5,-0.2,2001MM06,82.6
24797,A6,330300,24797,1.7,0.2,2001MM07,82.8
24798,A6,330300,24798,1.5,0.0,2001MM08,82.8
24799,A6,330300,24799,1.8,0.1,2001MM09,82.9
24800,A6,330300,24800,1.2,-0.1,2001MM10,82.9
24801,A6,330300,24801,1.2,-0.2,2001MM11,82.7
24802,A6,330300,24802,1.6,0.3,2001MM12,83.0
24804,A6,330300,24804,0.6,0.6,2002MM01,83.4
24805,A6,330300,24805,1.1,0.6,2002MM02,83.9
24806,A6,330300,24806,1.0,-0.4,2002MM03,83.6
24807,A6,330300,24807,1.6,0.4,2002MM04,83.9
24808,A6,330300,24808,1.2,-0.1,2002MM05,83.8
24809,A6,330300,24809,1.9,0.4,2002MM06,84.2
24810,A6,330300,24810,1.5,-0.1,2002MM07,84.1
24811,A6,330300,24811,1.6,0.1,2002MM08,84.1
24812,A6,330300,24812,1.5,0.1,2002MM09,84.2
24813,A6,330300,24813,1.4,-0.2,2002MM10,84.0
24814,A6,330300,24814,1.5,-0.1,2002MM11,83.9
24815,A6,330300,24815,1.2,0.0,2002MM12,84.0
24817,A6,330300,24817,1.6,1.0,2003MM01,84.8
24818,A6,330300,24818,1.5,0.5,2003MM02,85.2
24819,A6,330300,24819,1.5,-0.5,2003MM03,84.8
24820,A6,330300,24820,1.5,0.4,2003MM04,85.2
24821,A6,330300,24821,1.8,0.1,2003MM05,85.3
24822,A6,330300,24822,1.2,-0.2,2003MM06,85.2
24823,A6,330300,24823,1.5,0.2,2003MM07,85.3
24824,A6,330300,24824,1.1,-0.4,2003MM08,85.0
24825,A6,330300,24825,1.1,0.1,2003MM09,85.1
24826,A6,330300,24826,0.9,-0.5,2003MM10,84.7
24827,A6,330300,24827,0.9,0.0,2003MM11,84.7
24828,A6,330300,24828,0.8,-0.1,2003MM12,84.7
24830,A6,330300,24830,0.1,0.3,2004MM01,84.9
24831,A6,330300,24831,0.1,0.5,2004MM02,85.3
24832,A6,330300,24832,1.4,0.8,2004MM03,86.1
24833,A6,330300,24833,2.8,1.8,2004MM04,87.6
24834,A6,330300,24834,3.3,0.6,2004MM05,88.1
24835,A6,330300,24835,3.2,-0.3,2004MM06,87.9
24836,A6,330300,24836,4.0,1.0,2004MM07,88.8
24837,A6,330300,24837,4.5,0.1,2004MM08,88.9
24838,A6,330300,24838,4.8,0.4,2004MM09,89.2
24839,A6,330300,24839,5.4,0.1,2004MM10,89.3
24840,A6,330300,24840,5.3,-0.1,2004MM11,89.2
24841,A6,330300,24841,5.1,-0.3,2004MM12,88.9
24843,A6,330300,24843,4.80769230769,-0.05,2005MM01,90.3
24844,A6,330300,24844,4.51538461538,0.2,2005MM02,90.4
24845,A6,330300,24845,4.22307692308,0.0,2005MM03,90.4
24846,A6,330300,24846,3.93076923077,-0.2,2005MM04,90.2
24847,A6,330300,24847,3.63846153846,0.0,2005MM05,90.2
24848,A6,330300,24848,3.34615384615,-0.2,2005MM06,90.1
24849,A6,330300,24849,3.05384615385,-0.1,2005MM07,90.0
24850,A6,330300,24850,2.76153846154,0.7,2005MM08,90.6
24851,A6,330300,24851,2.46923076923,-0.3,2005MM09,90.3
24852,A6,330300,24852,2.17692307692,0.6,2005MM10,90.8
24853,A6,330300,24853,1.88461538462,-0.1,2005MM11,90.7
24854,A6,330300,24854,1.59230769231,0.2,2005MM12,90.9
24856,A6,330300,24856,1.3,0.5,2006MM01,91.4
24857,A6,330300,24857,0.9,-0.2,2006MM02,91.2
24858,A6,330300,24858,1.1,0.2,2006MM03,91.4
24859,A6,330300,24859,2.3,1.1,2006MM04,92.4
24860,A6,330300,24860,2.5,0.2,2006MM05,92.5
24861,A6,330300,24861,2.7,0.0,2006MM06,92.5
24862,A6,330300,24862,4.2,1.4,2006MM07,93.8
24863,A6,330300,24863,3.8,0.3,2006MM08,94.0
24864,A6,330300,24864,4.4,0.3,2006MM09,94.2
24865,A6,330300,24865,4.9,1.1,2006MM10,95.3
24866,A6,330300,24866,5.0,0.0,2006MM11,95.3
24867,A6,330300,24867,4.7,-0.1,2006MM12,95.2
24869,A6,330300,24869,6.2,2.0,2007MM01,97.1
24870,A6,330300,24870,6.5,0.0,2007MM02,97.1
24871,A6,330300,24871,6.4,0.1,2007MM03,97.3
24872,A6,330300,24872,6.9,1.5,2007MM04,98.7
24873,A6,330300,24873,6.7,0.0,2007MM05,98.7
24874,A6,330300,24874,6.6,-0.1,2007MM06,98.6
24875,A6,330300,24875,5.6,0.5,2007MM07,99.1
24876,A6,330300,24876,5.2,-0.2,2007MM08,98.9
24877,A6,330300,24877,4.9,0.0,2007MM09,98.9
24878,A6,330300,24878,4.3,0.5,2007MM10,99.4
24879,A6,330300,24879,4.3,0.0,2007MM11,99.3
24880,A6,330300,24880,4.5,0.1,2007MM12,99.4
24882,A6,330300,24882,3.3,0.9,2008MM01,100.3
24883,A6,330300,24883,3.5,0.2,2008MM02,100.5
24884,A6,330300,24884,4.0,0.7,2008MM03,101.2
24885,A6,330300,24885,3.9,1.4,2008MM04,102.6
24886,A6,330300,24886,4.2,0.3,2008MM05,102.9
24887,A6,330300,24887,4.9,0.5,2008MM06,103.5
24888,A6,330300,24888,6.1,1.6,2008MM07,105.1
24889,A6,330300,24889,7.2,0.9,2008MM08,106.1
24890,A6,330300,24890,5.8,-1.3,2008MM09,104.7
24891,A6,330300,24891,4.2,-1.0,2008MM10,103.6
24892,A6,330300,24892,3.9,-0.4,2008MM11,103.2
24893,A6,330300,24893,3.8,0.0,2008MM12,103.2
24895,A6,330300,24895,2.2,-0.6,2009MM01,102.5
24896,A6,330300,24896,1.4,-0.6,2009MM02,101.9
24897,A6,330300,24897,0.6,-0.2,2009MM03,101.7
24898,A6,330300,24898,-1.9,-1.1,2009MM04,100.6
24899,A6,330300,24899,-2.4,-0.2,2009MM05,100.4
24900,A6,330300,24900,-3.0,0.0,2009MM06,100.4
24901,A6,330300,24901,-5.1,-0.6,2009MM07,99.7
24902,A6,330300,24902,-5.9,0.0,2009MM08,99.8
24903,A6,330300,24903,-4.5,0.2,2009MM09,99.9
24904,A6,330300,24904,-3.8,-0.3,2009MM10,99.6
24905,A6,330300,24905,-3.7,-0.3,2009MM11,99.4
24906,A6,330300,24906,-3.9,-0.2,2009MM12,99.2
24908,A6,330300,24908,-3.6,-0.3,2010MM01,98.9
24909,A6,330300,24909,-3.0,0.0,2010MM02,98.9
24910,A6,330300,24910,-2.7,0.2,2010MM03,99.0
24911,A6,330300,24911,-0.8,0.8,2010MM04,99.8
24912,A6,330300,24912,-0.5,0.1,2010MM05,99.9
24913,A6,330300,24913,-0.4,0.1,2010MM06,100.0
24914,A6,330300,24914,0.7,0.4,2010MM07,100.4
24915,A6,330300,24915,0.7,0.1,2010MM08,100.5
24916,A6,330300,24916,0.6,0.1,2010MM09,100.5
24917,A6,330300,24917,1.1,0.1,2010MM10,100.7
24918,A6,330300,24918,1.3,0.0,2010MM11,100.7
24919,A6,330300,24919,1.5,0.0,2010MM12,100.6
24921,A6,330300,24921,3.0,1.2,2011MM01,101.8
24922,A6,330300,24922,3.1,0.1,2011MM02,102.0
24923,A6,330300,24923,3.2,0.2,2011MM03,102.2
24924,A6,330300,24924,3.0,0.6,2011MM04,102.8
24925,A6,330300,24925,2.9,0.0,2011MM05,102.9
24926,A6,330300,24926,2.9,0.1,2011MM06,102.9
24927,A6,330300,24927,2.6,0.1,2011MM07,103.0
24928,A6,330300,24928,2.5,0.0,2011MM08,103.0
24929,A6,330300,24929,2.5,0.0,2011MM09,103.0
24930,A6,330300,24930,2.3,0.0,2011MM10,103.0
24931,A6,330300,24931,2.3,0.0,2011MM11,103.0
24932,A6,330300,24932,2.2,-0.1,2011MM12,102.9
24934,A6,330300,24934,1.3,0.3,2012MM01,103.2
24935,A6,330300,24935,1.3,0.1,2012MM02,103.4
24936,A6,330300,24936,1.1,0.0,2012MM03,103.3
24937,A6,330300,24937,0.3,-0.2,2012MM04,103.1
24938,A6,330300,24938,0.2,0.0,2012MM05,103.1
24939,A6,330300,24939,0.2,0.0,2012MM06,103.1
24940,A6,330300,24940,-0.1,-0.2,2012MM07,102.9
24941,A6,330300,24941,-0.1,0.0,2012MM08,102.9
24942,A6,330300,24942,-0.2,0.0,2012MM09,102.9
24943,A6,330300,24943,-0.2,-0.1,2012MM10,102.8
24944,A6,330300,24944,-0.2,0.0,2012MM11,102.7
24945,A6,330300,24945,-0.1,0.0,2012MM12,102.8
24947,A6,330300,24947,-0.3,0.1,2013MM01,102.9
24948,A6,330300,24948,-0.4,0.1,2013MM02,103.0
24949,A6,330300,24949,-0.4,-0.1,2013MM03,102.9
24950,A6,330300,24950,-0.4,-0.2,2013MM04,102.7
24951,A6,330300,24951,-0.6,-0.2,2013MM05,102.5
24952,A6,330300,24952,-0.6,-0.1,2013MM06,102.4
24953,A6,330300,24953,-0.9,-0.5,2013MM07,102.0
24954,A6,330300,24954,-0.8,0.1,2013MM08,102.1
24955,A6,330300,24955,-0.9,-0.2,2013MM09,101.9
24956,A6,330300,24956,-0.7,0.2,2013MM10,102.1
24957,A6,330300,24957,-0.4,0.2,2013MM11,102.3
24958,A6,330300,24958,-0.4,0.0,2013MM12,102.3
24960,A6,330300,24960,-0.3,0.3,2014MM01,102.6
24961,A6,330300,24961,-0.5,-0.1,2014MM02,102.5
24962,A6,330300,24962,-0.5,-0.2,2014MM03,102.3
24963,A6,330300,24963,-0.4,-0.1,2014MM04,102.3
24964,A6,330300,24964,-0.3,0.0,2014MM05,102.2
24965,A6,330300,24965,-0.2,0.1,2014MM06,102.3
24966,A6,330300,24966,0.4,0.1,2014MM07,102.4
24967,A6,330300,24967,0.5,0.2,2014MM08,102.6
24968,A6,330300,24968,0.6,-0.1,2014MM09,102.5
24969,A6,330300,24969,0.6,0.2,2014MM10,102.7
24970,A6,330300,24970,0.4,0.0,2014MM11,102.7
24971,A6,330300,24971,0.3,-0.1,2014MM12,102.7
24973,A6,330300,24973,0.5,0.4,2015MM01,103.1
24974,A6,330300,24974,0.6,0.1,2015MM02,103.1
24975,A6,330300,24975,0.7,-0.1,2015MM03,103.0
24976,A6,330300,24976,1.1,0.3,2015MM04,103.4
24977,A6,330300,24977,1.1,0.0,2015MM05,103.4
24978,A6,330300,24978,1.1,0.1,2015MM06,103.4
24979,A6,330300,24979,0.8,-0.1,2015MM07,103.3
24980,A6,330300,24980,0.4,-0.2,2015MM08,103.0
24981,A6,330300,24981,0.4,-0.1,2015MM09,102.9
24982,A6,330300,24982,0.3,0.2,2015MM10,103.1
24983,A6,330300,24983,0.2,-0.1,2015MM11,103.0
24984,A6,330300,24984,-0.1,-0.4,2015MM12,102.5
24986,A6,330300,24986,-0.1,0.4,2016MM01,102.9
24987,A6,330300,24987,-0.4,-0.2,2016MM02,102.7
24988,A6,330300,24988,-0.5,-0.1,2016MM03,102.5
24989,A6,330300,24989,-0.5,0.3,2016MM04,102.9
24990,A6,330300,24990,-0.4,0.1,2016MM05,103.0
24991,A6,330300,24991,-0.1,0.3,2016MM06,103.3
24992,A6,330300,24992,0.8,0.8,2016MM07,104.1
24993,A6,330300,24993,1.4,0.3,2016MM08,104.5
24994,A6,330300,24994,1.4,-0.1,2016MM09,104.4
24995,A6,330300,24995,1.3,0.0,2016MM10,104.4
24996,A6,330300,24996,1.6,0.2,2016MM11,104.6
24997,A6,330300,24997,2.3,0.3,2016MM12,104.9
24999,A6,330300,24999,3.4,1.4,2017MM01,106.4
25000,A6,330300,25000,3.9,0.3,2017MM02,106.7
25001,A6,330300,25001,4.3,0.2,2017MM03,106.9
25002,A6,330300,25002,4.3,0.3,2017MM04,107.3
25003,A6,330300,25003,4.3,0.1,2017MM05,107.5
25004,A6,330300,25004,4.1,0.1,2017MM06,107.5
25005,A6,330300,25005,3.4,0.1,2017MM07,107.6
25006,A6,330300,25006,3.3,0.2,2017MM08,107.9
25007,A6,330300,25007,3.6,0.2,2017MM09,108.1
25008,A6,330300,25008,3.9,0.4,2017MM10,108.5
25009,A6,330300,25009,3.8,0.1,2017MM11,108.6
25010,A6,330300,25010,3.4,-0.1,2017MM12,108.5
