,Afzet,BedrijfstakkenBranchesSBI2008,ID,OntwikkelingTOV1JaarEerder_2,OntwikkelingTOV1MaandEerder_3,Perioden,ProducentenprijsindexPPI_1
57720,A4,332910,57720,-0.591694352159,0.0,1981MM01,102.457093426
57721,A4,332910,57721,-0.583388704319,0.0,1981MM02,102.414186851
57722,A4,332910,57722,-0.575083056478,0.0,1981MM03,102.371280277
57723,A4,332910,57723,-0.566777408638,0.0,1981MM04,102.328373702
57724,A4,332910,57724,-0.558471760797,0.0,1981MM05,102.285467128
57725,A4,332910,57725,-0.550166112957,0.0,1981MM06,102.242560554
57726,A4,332910,57726,-0.541860465116,0.0,1981MM07,102.199653979
57727,A4,332910,57727,-0.533554817276,0.0,1981MM08,102.156747405
57728,A4,332910,57728,-0.525249169435,0.0,1981MM09,102.11384083
57729,A4,332910,57729,-0.516943521595,0.0,1981MM10,102.070934256
57730,A4,332910,57730,-0.508637873754,0.0,1981MM11,102.028027682
57731,A4,332910,57731,-0.500332225914,0.0,1981MM12,101.985121107
57733,A4,332910,57733,-0.492026578073,0.0,1982MM01,101.942214533
57734,A4,332910,57734,-0.483720930233,0.0,1982MM02,101.899307958
57735,A4,332910,57735,-0.475415282392,0.0,1982MM03,101.856401384
57736,A4,332910,57736,-0.467109634551,0.0,1982MM04,101.81349481
57737,A4,332910,57737,-0.458803986711,0.0,1982MM05,101.770588235
57738,A4,332910,57738,-0.45049833887,0.0,1982MM06,101.727681661
57739,A4,332910,57739,-0.44219269103,0.0,1982MM07,101.684775087
57740,A4,332910,57740,-0.433887043189,0.0,1982MM08,101.641868512
57741,A4,332910,57741,-0.425581395349,0.0,1982MM09,101.598961938
57742,A4,332910,57742,-0.417275747508,0.0,1982MM10,101.556055363
57743,A4,332910,57743,-0.408970099668,0.0,1982MM11,101.513148789
57744,A4,332910,57744,-0.400664451827,0.0,1982MM12,101.470242215
57746,A4,332910,57746,-0.392358803987,0.0,1983MM01,101.42733564
57747,A4,332910,57747,-0.384053156146,0.0,1983MM02,101.384429066
57748,A4,332910,57748,-0.375747508306,0.0,1983MM03,101.341522491
57749,A4,332910,57749,-0.367441860465,0.0,1983MM04,101.298615917
57750,A4,332910,57750,-0.359136212625,0.0,1983MM05,101.255709343
57751,A4,332910,57751,-0.350830564784,0.0,1983MM06,101.212802768
57752,A4,332910,57752,-0.342524916944,0.0,1983MM07,101.169896194
57753,A4,332910,57753,-0.334219269103,0.0,1983MM08,101.126989619
57754,A4,332910,57754,-0.325913621262,0.0,1983MM09,101.084083045
57755,A4,332910,57755,-0.317607973422,0.0,1983MM10,101.041176471
57756,A4,332910,57756,-0.309302325581,0.0,1983MM11,100.998269896
57757,A4,332910,57757,-0.300996677741,0.0,1983MM12,100.955363322
57759,A4,332910,57759,-0.2926910299,0.0,1984MM01,100.912456747
57760,A4,332910,57760,-0.28438538206,0.0,1984MM02,100.869550173
57761,A4,332910,57761,-0.276079734219,0.0,1984MM03,100.826643599
57762,A4,332910,57762,-0.267774086379,0.0,1984MM04,100.783737024
57763,A4,332910,57763,-0.259468438538,0.0,1984MM05,100.74083045
57764,A4,332910,57764,-0.251162790698,0.0,1984MM06,100.697923875
57765,A4,332910,57765,-0.242857142857,0.0,1984MM07,100.655017301
57766,A4,332910,57766,-0.234551495017,0.0,1984MM08,100.612110727
57767,A4,332910,57767,-0.226245847176,0.0,1984MM09,100.569204152
57768,A4,332910,57768,-0.217940199336,0.0,1984MM10,100.526297578
57769,A4,332910,57769,-0.209634551495,0.0,1984MM11,100.483391003
57770,A4,332910,57770,-0.201328903654,0.0,1984MM12,100.440484429
57772,A4,332910,57772,-0.193023255814,0.0,1985MM01,100.397577855
57773,A4,332910,57773,-0.184717607973,0.0,1985MM02,100.35467128
57774,A4,332910,57774,-0.176411960133,0.0,1985MM03,100.311764706
57775,A4,332910,57775,-0.168106312292,0.0,1985MM04,100.268858131
57776,A4,332910,57776,-0.159800664452,0.0,1985MM05,100.225951557
57777,A4,332910,57777,-0.151495016611,0.0,1985MM06,100.183044983
57778,A4,332910,57778,-0.143189368771,0.0,1985MM07,100.140138408
57779,A4,332910,57779,-0.13488372093,0.0,1985MM08,100.097231834
57780,A4,332910,57780,-0.12657807309,0.0,1985MM09,100.05432526
57781,A4,332910,57781,-0.118272425249,0.0,1985MM10,100.011418685
57782,A4,332910,57782,-0.109966777409,0.0,1985MM11,99.9685121107
57783,A4,332910,57783,-0.101661129568,0.0,1985MM12,99.9256055363
57785,A4,332910,57785,-0.0933554817276,0.0,1986MM01,99.8826989619
57786,A4,332910,57786,-0.085049833887,0.0,1986MM02,99.8397923875
57787,A4,332910,57787,-0.0767441860465,0.0,1986MM03,99.7968858131
57788,A4,332910,57788,-0.068438538206,0.0,1986MM04,99.7539792388
57789,A4,332910,57789,-0.0601328903654,0.0,1986MM05,99.7110726644
57790,A4,332910,57790,-0.0518272425249,0.0,1986MM06,99.66816609
57791,A4,332910,57791,-0.0435215946844,0.0,1986MM07,99.6252595156
57792,A4,332910,57792,-0.0352159468439,0.0,1986MM08,99.5823529412
57793,A4,332910,57793,-0.0269102990033,0.0,1986MM09,99.5394463668
57794,A4,332910,57794,-0.0186046511628,0.0,1986MM10,99.4965397924
57795,A4,332910,57795,-0.0102990033223,0.0,1986MM11,99.453633218
57796,A4,332910,57796,-0.00199335548173,0.0,1986MM12,99.4107266436
57798,A4,332910,57798,0.0063122923588,0.0,1987MM01,99.3678200692
57799,A4,332910,57799,0.0146179401993,0.0,1987MM02,99.3249134948
57800,A4,332910,57800,0.0229235880399,0.0,1987MM03,99.2820069204
57801,A4,332910,57801,0.0312292358804,0.0,1987MM04,99.239100346
57802,A4,332910,57802,0.0395348837209,0.0,1987MM05,99.1961937716
57803,A4,332910,57803,0.0478405315615,0.0,1987MM06,99.1532871972
57804,A4,332910,57804,0.056146179402,0.0,1987MM07,99.1103806228
57805,A4,332910,57805,0.0644518272425,0.0,1987MM08,99.0674740484
57806,A4,332910,57806,0.0727574750831,0.0,1987MM09,99.024567474
57807,A4,332910,57807,0.0810631229236,0.0,1987MM10,98.9816608997
57808,A4,332910,57808,0.0893687707641,0.0,1987MM11,98.9387543253
57809,A4,332910,57809,0.0976744186047,0.0,1987MM12,98.8958477509
57811,A4,332910,57811,0.105980066445,0.0,1988MM01,98.8529411765
57812,A4,332910,57812,0.114285714286,0.0,1988MM02,98.8100346021
57813,A4,332910,57813,0.122591362126,0.0,1988MM03,98.7671280277
57814,A4,332910,57814,0.130897009967,0.0,1988MM04,98.7242214533
57815,A4,332910,57815,0.139202657807,0.0,1988MM05,98.6813148789
57816,A4,332910,57816,0.147508305648,0.0,1988MM06,98.6384083045
57817,A4,332910,57817,0.155813953488,0.0,1988MM07,98.5955017301
57818,A4,332910,57818,0.164119601329,0.0,1988MM08,98.5525951557
57819,A4,332910,57819,0.172425249169,0.0,1988MM09,98.5096885813
57820,A4,332910,57820,0.18073089701,0.0,1988MM10,98.4667820069
57821,A4,332910,57821,0.18903654485,0.0,1988MM11,98.4238754325
57822,A4,332910,57822,0.197342192691,0.0,1988MM12,98.3809688581
57824,A4,332910,57824,0.205647840532,0.0,1989MM01,98.3380622837
57825,A4,332910,57825,0.213953488372,0.0,1989MM02,98.2951557093
57826,A4,332910,57826,0.222259136213,0.0,1989MM03,98.2522491349
57827,A4,332910,57827,0.230564784053,0.0,1989MM04,98.2093425606
57828,A4,332910,57828,0.238870431894,0.0,1989MM05,98.1664359862
57829,A4,332910,57829,0.247176079734,0.0,1989MM06,98.1235294118
57830,A4,332910,57830,0.255481727575,0.0,1989MM07,98.0806228374
57831,A4,332910,57831,0.263787375415,0.0,1989MM08,98.037716263
57832,A4,332910,57832,0.272093023256,0.0,1989MM09,97.9948096886
57833,A4,332910,57833,0.280398671096,0.0,1989MM10,97.9519031142
57834,A4,332910,57834,0.288704318937,0.0,1989MM11,97.9089965398
57835,A4,332910,57835,0.297009966777,0.0,1989MM12,97.8660899654
57837,A4,332910,57837,0.305315614618,0.0,1990MM01,97.823183391
57838,A4,332910,57838,0.313621262458,0.0,1990MM02,97.7802768166
57839,A4,332910,57839,0.321926910299,0.0,1990MM03,97.7373702422
57840,A4,332910,57840,0.33023255814,0.0,1990MM04,97.6944636678
57841,A4,332910,57841,0.33853820598,0.0,1990MM05,97.6515570934
57842,A4,332910,57842,0.346843853821,0.0,1990MM06,97.608650519
57843,A4,332910,57843,0.355149501661,0.0,1990MM07,97.5657439446
57844,A4,332910,57844,0.363455149502,0.0,1990MM08,97.5228373702
57845,A4,332910,57845,0.371760797342,0.0,1990MM09,97.4799307958
57846,A4,332910,57846,0.380066445183,0.0,1990MM10,97.4370242215
57847,A4,332910,57847,0.388372093023,0.0,1990MM11,97.3941176471
57848,A4,332910,57848,0.396677740864,0.0,1990MM12,97.3512110727
57850,A4,332910,57850,0.404983388704,0.0,1991MM01,97.3083044983
57851,A4,332910,57851,0.413289036545,0.0,1991MM02,97.2653979239
57852,A4,332910,57852,0.421594684385,0.0,1991MM03,97.2224913495
57853,A4,332910,57853,0.429900332226,0.0,1991MM04,97.1795847751
57854,A4,332910,57854,0.438205980066,0.0,1991MM05,97.1366782007
57855,A4,332910,57855,0.446511627907,0.0,1991MM06,97.0937716263
57856,A4,332910,57856,0.454817275748,0.0,1991MM07,97.0508650519
57857,A4,332910,57857,0.463122923588,0.0,1991MM08,97.0079584775
57858,A4,332910,57858,0.471428571429,0.0,1991MM09,96.9650519031
57859,A4,332910,57859,0.479734219269,0.0,1991MM10,96.9221453287
57860,A4,332910,57860,0.48803986711,0.0,1991MM11,96.8792387543
57861,A4,332910,57861,0.49634551495,0.0,1991MM12,96.8363321799
57863,A4,332910,57863,0.504651162791,0.0,1992MM01,96.7934256055
57864,A4,332910,57864,0.512956810631,0.0,1992MM02,96.7505190311
57865,A4,332910,57865,0.521262458472,0.0,1992MM03,96.7076124567
57866,A4,332910,57866,0.529568106312,0.0,1992MM04,96.6647058824
57867,A4,332910,57867,0.537873754153,0.0,1992MM05,96.621799308
57868,A4,332910,57868,0.546179401993,0.0,1992MM06,96.5788927336
57869,A4,332910,57869,0.554485049834,0.0,1992MM07,96.5359861592
57870,A4,332910,57870,0.562790697674,0.0,1992MM08,96.4930795848
57871,A4,332910,57871,0.571096345515,0.0,1992MM09,96.4501730104
57872,A4,332910,57872,0.579401993355,0.0,1992MM10,96.407266436
57873,A4,332910,57873,0.587707641196,0.0,1992MM11,96.3643598616
57874,A4,332910,57874,0.596013289037,0.0,1992MM12,96.3214532872
57876,A4,332910,57876,0.604318936877,0.0,1993MM01,96.2785467128
57877,A4,332910,57877,0.612624584718,0.0,1993MM02,96.2356401384
57878,A4,332910,57878,0.620930232558,0.0,1993MM03,96.192733564
57879,A4,332910,57879,0.629235880399,0.0,1993MM04,96.1498269896
57880,A4,332910,57880,0.637541528239,0.0,1993MM05,96.1069204152
57881,A4,332910,57881,0.64584717608,0.0,1993MM06,96.0640138408
57882,A4,332910,57882,0.65415282392,0.0,1993MM07,96.0211072664
57883,A4,332910,57883,0.662458471761,0.0,1993MM08,95.978200692
57884,A4,332910,57884,0.670764119601,0.0,1993MM09,95.9352941176
57885,A4,332910,57885,0.679069767442,0.0,1993MM10,95.8923875433
57886,A4,332910,57886,0.687375415282,0.0,1993MM11,95.8494809689
57887,A4,332910,57887,0.695681063123,0.0,1993MM12,95.8065743945
57889,A4,332910,57889,0.703986710963,0.0,1994MM01,95.7636678201
57890,A4,332910,57890,0.712292358804,0.0,1994MM02,95.7207612457
57891,A4,332910,57891,0.720598006645,0.0,1994MM03,95.6778546713
57892,A4,332910,57892,0.728903654485,0.0,1994MM04,95.6349480969
57893,A4,332910,57893,0.737209302326,0.0,1994MM05,95.5920415225
57894,A4,332910,57894,0.745514950166,0.0,1994MM06,95.5491349481
57895,A4,332910,57895,0.753820598007,0.0,1994MM07,95.5062283737
57896,A4,332910,57896,0.762126245847,0.0,1994MM08,95.4633217993
57897,A4,332910,57897,0.770431893688,0.0,1994MM09,95.4204152249
57898,A4,332910,57898,0.778737541528,0.0,1994MM10,95.3775086505
57899,A4,332910,57899,0.787043189369,0.0,1994MM11,95.3346020761
57900,A4,332910,57900,0.795348837209,0.0,1994MM12,95.2916955017
57902,A4,332910,57902,0.80365448505,0.0,1995MM01,95.2487889273
57903,A4,332910,57903,0.81196013289,0.0,1995MM02,95.2058823529
57904,A4,332910,57904,0.820265780731,0.0,1995MM03,95.1629757785
57905,A4,332910,57905,0.828571428571,0.0,1995MM04,95.1200692042
57906,A4,332910,57906,0.836877076412,0.0,1995MM05,95.0771626298
57907,A4,332910,57907,0.845182724252,0.0,1995MM06,95.0342560554
57908,A4,332910,57908,0.853488372093,0.0,1995MM07,94.991349481
57909,A4,332910,57909,0.861794019934,0.0,1995MM08,94.9484429066
57910,A4,332910,57910,0.870099667774,0.0,1995MM09,94.9055363322
57911,A4,332910,57911,0.878405315615,0.0,1995MM10,94.8626297578
57912,A4,332910,57912,0.886710963455,0.0,1995MM11,94.8197231834
57913,A4,332910,57913,0.895016611296,0.0,1995MM12,94.776816609
57915,A4,332910,57915,0.903322259136,0.0,1996MM01,94.7339100346
57916,A4,332910,57916,0.911627906977,0.0,1996MM02,94.6910034602
57917,A4,332910,57917,0.919933554817,0.0,1996MM03,94.6480968858
57918,A4,332910,57918,0.928239202658,0.0,1996MM04,94.6051903114
57919,A4,332910,57919,0.936544850498,0.0,1996MM05,94.562283737
57920,A4,332910,57920,0.944850498339,0.0,1996MM06,94.5193771626
57921,A4,332910,57921,0.953156146179,0.0,1996MM07,94.4764705882
57922,A4,332910,57922,0.96146179402,0.0,1996MM08,94.4335640138
57923,A4,332910,57923,0.96976744186,0.0,1996MM09,94.3906574394
57924,A4,332910,57924,0.978073089701,0.0,1996MM10,94.3477508651
57925,A4,332910,57925,0.986378737542,0.0,1996MM11,94.3048442907
57926,A4,332910,57926,0.994684385382,0.0,1996MM12,94.2619377163
57928,A4,332910,57928,1.00299003322,0.0,1997MM01,94.2190311419
57929,A4,332910,57929,1.01129568106,0.0,1997MM02,94.1761245675
57930,A4,332910,57930,1.0196013289,0.0,1997MM03,94.1332179931
57931,A4,332910,57931,1.02790697674,0.0,1997MM04,94.0903114187
57932,A4,332910,57932,1.03621262458,0.0,1997MM05,94.0474048443
57933,A4,332910,57933,1.04451827243,0.0,1997MM06,94.0044982699
57934,A4,332910,57934,1.05282392027,0.0,1997MM07,93.9615916955
57935,A4,332910,57935,1.06112956811,0.0,1997MM08,93.9186851211
57936,A4,332910,57936,1.06943521595,0.0,1997MM09,93.8757785467
57937,A4,332910,57937,1.07774086379,0.0,1997MM10,93.8328719723
57938,A4,332910,57938,1.08604651163,0.0,1997MM11,93.7899653979
57939,A4,332910,57939,1.09435215947,0.0,1997MM12,93.7470588235
57941,A4,332910,57941,1.10265780731,0.0,1998MM01,93.7041522491
57942,A4,332910,57942,1.11096345515,0.0,1998MM02,93.6612456747
57943,A4,332910,57943,1.11926910299,0.0,1998MM03,93.6183391003
57944,A4,332910,57944,1.12757475083,0.0,1998MM04,93.575432526
57945,A4,332910,57945,1.13588039867,0.0,1998MM05,93.5325259516
57946,A4,332910,57946,1.14418604651,0.0,1998MM06,93.4896193772
57947,A4,332910,57947,1.15249169435,0.0,1998MM07,93.4467128028
57948,A4,332910,57948,1.16079734219,0.0,1998MM08,93.4038062284
57949,A4,332910,57949,1.16910299003,0.0,1998MM09,93.360899654
57950,A4,332910,57950,1.17740863787,0.0,1998MM10,93.3179930796
57951,A4,332910,57951,1.18571428571,0.0,1998MM11,93.2750865052
57952,A4,332910,57952,1.19401993355,0.0,1998MM12,93.2321799308
57954,A4,332910,57954,1.2023255814,0.0,1999MM01,93.1892733564
57955,A4,332910,57955,1.21063122924,0.0,1999MM02,93.146366782
57956,A4,332910,57956,1.21893687708,0.0,1999MM03,93.1034602076
57957,A4,332910,57957,1.22724252492,0.0,1999MM04,93.0605536332
57958,A4,332910,57958,1.23554817276,0.0,1999MM05,93.0176470588
57959,A4,332910,57959,1.2438538206,0.0,1999MM06,92.9747404844
57960,A4,332910,57960,1.25215946844,0.0,1999MM07,92.93183391
57961,A4,332910,57961,1.26046511628,0.0,1999MM08,92.8889273356
57962,A4,332910,57962,1.26877076412,0.0,1999MM09,92.8460207612
57963,A4,332910,57963,1.27707641196,0.0,1999MM10,92.8031141869
57964,A4,332910,57964,1.2853820598,0.0,1999MM11,92.7602076125
57965,A4,332910,57965,1.29368770764,0.0,1999MM12,92.7173010381
57967,A4,332910,57967,1.30199335548,0.0,2000MM01,92.6743944637
57968,A4,332910,57968,1.31029900332,0.0,2000MM02,92.6314878893
57969,A4,332910,57969,1.31860465116,0.0,2000MM03,92.5885813149
57970,A4,332910,57970,1.326910299,0.0,2000MM04,92.5456747405
57971,A4,332910,57971,1.33521594684,0.0,2000MM05,92.5027681661
57972,A4,332910,57972,1.34352159468,0.0,2000MM06,92.4598615917
57973,A4,332910,57973,1.35182724252,0.0,2000MM07,92.4169550173
57974,A4,332910,57974,1.36013289037,0.0,2000MM08,92.3740484429
57975,A4,332910,57975,1.36843853821,0.0,2000MM09,92.3311418685
57976,A4,332910,57976,1.37674418605,0.0,2000MM10,92.2882352941
57977,A4,332910,57977,1.38504983389,0.0,2000MM11,92.2453287197
57978,A4,332910,57978,1.39335548173,0.0,2000MM12,92.2024221453
57980,A4,332910,57980,1.40166112957,0.0,2001MM01,92.1595155709
57981,A4,332910,57981,1.40996677741,0.0,2001MM02,92.1166089965
57982,A4,332910,57982,1.41827242525,0.0,2001MM03,92.0737024221
57983,A4,332910,57983,1.42657807309,0.0,2001MM04,92.0307958478
57984,A4,332910,57984,1.43488372093,0.0,2001MM05,91.9878892734
57985,A4,332910,57985,1.44318936877,0.0,2001MM06,91.944982699
57986,A4,332910,57986,1.45149501661,0.0,2001MM07,91.9020761246
57987,A4,332910,57987,1.45980066445,0.0,2001MM08,91.8591695502
57988,A4,332910,57988,1.46810631229,0.0,2001MM09,91.8162629758
57989,A4,332910,57989,1.47641196013,0.0,2001MM10,91.7733564014
57990,A4,332910,57990,1.48471760797,0.0,2001MM11,91.730449827
57991,A4,332910,57991,1.49302325581,0.0,2001MM12,91.6875432526
57993,A4,332910,57993,1.50132890365,0.0,2002MM01,91.6446366782
57994,A4,332910,57994,1.5096345515,0.0,2002MM02,91.6017301038
57995,A4,332910,57995,1.51794019934,0.0,2002MM03,91.5588235294
57996,A4,332910,57996,1.52624584718,0.0,2002MM04,91.515916955
57997,A4,332910,57997,1.53455149502,0.0,2002MM05,91.4730103806
57998,A4,332910,57998,1.54285714286,0.0,2002MM06,91.4301038062
57999,A4,332910,57999,1.5511627907,0.0,2002MM07,91.3871972318
58000,A4,332910,58000,1.55946843854,0.0,2002MM08,91.3442906574
58001,A4,332910,58001,1.56777408638,0.0,2002MM09,91.301384083
58002,A4,332910,58002,1.57607973422,0.0,2002MM10,91.2584775087
58003,A4,332910,58003,1.58438538206,0.0,2002MM11,91.2155709343
58004,A4,332910,58004,1.5926910299,0.0,2002MM12,91.1726643599
58006,A4,332910,58006,1.60099667774,0.0,2003MM01,91.1297577855
58007,A4,332910,58007,1.60930232558,0.0,2003MM02,91.0868512111
58008,A4,332910,58008,1.61760797342,0.0,2003MM03,91.0439446367
58009,A4,332910,58009,1.62591362126,0.0,2003MM04,91.0010380623
58010,A4,332910,58010,1.6342192691,0.0,2003MM05,90.9581314879
58011,A4,332910,58011,1.64252491694,0.0,2003MM06,90.9152249135
58012,A4,332910,58012,1.65083056478,0.0,2003MM07,90.8723183391
58013,A4,332910,58013,1.65913621262,0.0,2003MM08,90.8294117647
58014,A4,332910,58014,1.66744186047,0.0,2003MM09,90.7865051903
58015,A4,332910,58015,1.67574750831,0.0,2003MM10,90.7435986159
58016,A4,332910,58016,1.68405315615,0.0,2003MM11,90.7006920415
58017,A4,332910,58017,1.69235880399,0.0,2003MM12,90.6577854671
58019,A4,332910,58019,1.70066445183,0.0,2004MM01,90.6148788927
58020,A4,332910,58020,1.70897009967,0.0,2004MM02,90.5719723183
58021,A4,332910,58021,1.71727574751,0.0,2004MM03,90.5290657439
58022,A4,332910,58022,1.72558139535,0.0,2004MM04,90.4861591696
58023,A4,332910,58023,1.73388704319,0.0,2004MM05,90.4432525952
58024,A4,332910,58024,1.74219269103,0.0,2004MM06,90.4003460208
58025,A4,332910,58025,1.75049833887,0.0,2004MM07,90.3574394464
58026,A4,332910,58026,1.75880398671,0.0,2004MM08,90.314532872
58027,A4,332910,58027,1.76710963455,0.0,2004MM09,90.2716262976
58028,A4,332910,58028,1.77541528239,0.0,2004MM10,90.2287197232
58029,A4,332910,58029,1.78372093023,0.0,2004MM11,90.1858131488
58030,A4,332910,58030,1.79202657807,0.0,2004MM12,90.1429065744
58032,A4,332910,58032,1.80033222591,0.0,2005MM01,90.1
58033,A4,332910,58033,1.80863787375,0.0,2005MM02,90.0
58034,A4,332910,58034,1.81694352159,0.1,2005MM03,90.1
58035,A4,332910,58035,1.82524916944,0.1,2005MM04,90.2
58036,A4,332910,58036,1.83355481728,0.0,2005MM05,90.2
58037,A4,332910,58037,1.84186046512,0.4,2005MM06,90.6
58038,A4,332910,58038,1.85016611296,0.1,2005MM07,90.7
58039,A4,332910,58039,1.8584717608,0.0,2005MM08,90.7
58040,A4,332910,58040,1.86677740864,0.0,2005MM09,90.8
58041,A4,332910,58041,1.87508305648,0.1,2005MM10,90.9
58042,A4,332910,58042,1.88338870432,0.1,2005MM11,90.9
58043,A4,332910,58043,1.89169435216,0.0,2005MM12,90.9
58045,A4,332910,58045,1.9,0.9,2006MM01,91.7
58046,A4,332910,58046,2.0,0.1,2006MM02,91.9
58047,A4,332910,58047,2.1,0.2,2006MM03,92.0
58048,A4,332910,58048,2.3,0.3,2006MM04,92.3
58049,A4,332910,58049,2.6,0.3,2006MM05,92.6
58050,A4,332910,58050,2.4,0.2,2006MM06,92.8
58051,A4,332910,58051,2.6,0.3,2006MM07,93.0
58052,A4,332910,58052,2.6,0.0,2006MM08,93.1
58053,A4,332910,58053,2.6,0.1,2006MM09,93.1
58054,A4,332910,58054,2.6,0.1,2006MM10,93.2
58055,A4,332910,58055,2.6,0.1,2006MM11,93.3
58056,A4,332910,58056,2.7,0.1,2006MM12,93.4
58058,A4,332910,58058,3.2,1.4,2007MM01,94.7
58059,A4,332910,58059,3.0,-0.1,2007MM02,94.6
58060,A4,332910,58060,2.8,0.0,2007MM03,94.6
58061,A4,332910,58061,3.0,0.5,2007MM04,95.1
58062,A4,332910,58062,2.7,-0.1,2007MM05,95.0
58063,A4,332910,58063,2.5,0.1,2007MM06,95.1
58064,A4,332910,58064,2.4,0.2,2007MM07,95.2
58065,A4,332910,58065,2.3,0.0,2007MM08,95.2
58066,A4,332910,58066,2.3,0.1,2007MM09,95.3
58067,A4,332910,58067,2.3,0.1,2007MM10,95.4
58068,A4,332910,58068,2.2,0.0,2007MM11,95.3
58069,A4,332910,58069,2.1,0.0,2007MM12,95.4
58071,A4,332910,58071,2.1,1.4,2008MM01,96.6
58072,A4,332910,58072,2.4,0.3,2008MM02,96.9
58073,A4,332910,58073,2.5,0.1,2008MM03,97.0
58074,A4,332910,58074,2.6,0.5,2008MM04,97.5
58075,A4,332910,58075,2.6,0.0,2008MM05,97.5
58076,A4,332910,58076,2.6,0.1,2008MM06,97.5
58077,A4,332910,58077,2.8,0.4,2008MM07,97.9
58078,A4,332910,58078,2.9,0.1,2008MM08,98.0
58079,A4,332910,58079,2.9,0.1,2008MM09,98.0
58080,A4,332910,58080,2.6,-0.2,2008MM10,97.8
58081,A4,332910,58081,2.5,-0.1,2008MM11,97.8
58082,A4,332910,58082,2.5,-0.1,2008MM12,97.7
58084,A4,332910,58084,2.0,0.9,2009MM01,98.6
58085,A4,332910,58085,1.8,0.1,2009MM02,98.7
58086,A4,332910,58086,1.6,-0.1,2009MM03,98.5
58087,A4,332910,58087,1.1,0.0,2009MM04,98.5
58088,A4,332910,58088,1.0,-0.1,2009MM05,98.5
58089,A4,332910,58089,0.8,-0.1,2009MM06,98.3
58090,A4,332910,58090,0.4,0.0,2009MM07,98.3
58091,A4,332910,58091,0.5,0.2,2009MM08,98.5
58092,A4,332910,58092,0.6,0.1,2009MM09,98.6
58093,A4,332910,58093,0.9,0.2,2009MM10,98.7
58094,A4,332910,58094,1.0,0.0,2009MM11,98.8
58095,A4,332910,58095,1.1,0.0,2009MM12,98.8
58097,A4,332910,58097,0.8,0.6,2010MM01,99.4
58098,A4,332910,58098,0.8,0.0,2010MM02,99.4
58099,A4,332910,58099,1.0,0.1,2010MM03,99.6
58100,A4,332910,58100,1.5,0.4,2010MM04,100.0
58101,A4,332910,58101,1.6,0.0,2010MM05,100.0
58102,A4,332910,58102,1.7,0.0,2010MM06,100.0
58103,A4,332910,58103,1.7,0.0,2010MM07,100.0
58104,A4,332910,58104,1.6,0.0,2010MM08,100.0
58105,A4,332910,58105,1.6,0.1,2010MM09,100.1
58106,A4,332910,58106,1.6,0.1,2010MM10,100.3
58107,A4,332910,58107,1.7,0.1,2010MM11,100.4
58108,A4,332910,58108,1.9,0.2,2010MM12,100.6
58110,A4,332910,58110,2.6,1.4,2011MM01,102.0
58111,A4,332910,58111,2.7,0.1,2011MM02,102.1
58112,A4,332910,58112,2.7,0.1,2011MM03,102.2
58113,A4,332910,58113,2.3,0.1,2011MM04,102.3
58114,A4,332910,58114,2.3,0.0,2011MM05,102.3
58115,A4,332910,58115,2.3,0.0,2011MM06,102.3
58116,A4,332910,58116,2.5,0.2,2011MM07,102.5
58117,A4,332910,58117,2.4,-0.1,2011MM08,102.4
58118,A4,332910,58118,2.3,0.0,2011MM09,102.5
58119,A4,332910,58119,2.5,0.3,2011MM10,102.8
58120,A4,332910,58120,2.4,0.0,2011MM11,102.8
58121,A4,332910,58121,2.1,0.0,2011MM12,102.7
58123,A4,332910,58123,1.4,0.6,2012MM01,103.4
58124,A4,332910,58124,1.3,0.0,2012MM02,103.4
58125,A4,332910,58125,1.2,0.0,2012MM03,103.4
58126,A4,332910,58126,1.2,0.1,2012MM04,103.5
58127,A4,332910,58127,1.2,0.0,2012MM05,103.5
58128,A4,332910,58128,1.2,0.0,2012MM06,103.6
58129,A4,332910,58129,1.1,0.1,2012MM07,103.6
58130,A4,332910,58130,1.2,0.0,2012MM08,103.7
58131,A4,332910,58131,1.2,0.0,2012MM09,103.7
58132,A4,332910,58132,1.2,0.4,2012MM10,104.1
58133,A4,332910,58133,1.3,0.0,2012MM11,104.1
58134,A4,332910,58134,1.3,0.0,2012MM12,104.1
58136,A4,332910,58136,1.7,1.0,2013MM01,105.2
58137,A4,332910,58137,1.7,0.0,2013MM02,105.2
58138,A4,332910,58138,1.7,0.0,2013MM03,105.2
58139,A4,332910,58139,1.6,0.0,2013MM04,105.2
58140,A4,332910,58140,1.5,-0.1,2013MM05,105.1
58141,A4,332910,58141,1.4,0.0,2013MM06,105.1
58142,A4,332910,58142,1.9,0.5,2013MM07,105.6
58143,A4,332910,58143,1.9,0.0,2013MM08,105.7
58144,A4,332910,58144,1.9,0.0,2013MM09,105.7
58145,A4,332910,58145,1.5,-0.1,2013MM10,105.6
58146,A4,332910,58146,1.6,0.1,2013MM11,105.7
58147,A4,332910,58147,1.5,0.0,2013MM12,105.7
58149,A4,332910,58149,0.0,-0.5,2014MM01,105.2
58150,A4,332910,58150,0.1,0.0,2014MM02,105.2
58151,A4,332910,58151,0.0,-0.1,2014MM03,105.2
58152,A4,332910,58152,-0.2,-0.1,2014MM04,105.1
58153,A4,332910,58153,0.0,0.1,2014MM05,105.1
58154,A4,332910,58154,0.1,0.0,2014MM06,105.2
58155,A4,332910,58155,-0.3,0.2,2014MM07,105.3
58156,A4,332910,58156,-0.3,0.0,2014MM08,105.4
58157,A4,332910,58157,-0.3,0.0,2014MM09,105.3
58158,A4,332910,58158,-0.3,0.0,2014MM10,105.3
58159,A4,332910,58159,-0.4,0.0,2014MM11,105.3
58160,A4,332910,58160,-0.3,0.0,2014MM12,105.3
58162,A4,332910,58162,0.3,0.2,2015MM01,105.5
58163,A4,332910,58163,0.2,-0.1,2015MM02,105.4
58164,A4,332910,58164,0.4,0.1,2015MM03,105.6
58165,A4,332910,58165,1.2,0.7,2015MM04,106.3
58166,A4,332910,58166,1.2,0.1,2015MM05,106.4
58167,A4,332910,58167,1.0,-0.1,2015MM06,106.3
58168,A4,332910,58168,0.7,-0.2,2015MM07,106.1
58169,A4,332910,58169,0.8,0.2,2015MM08,106.2
58170,A4,332910,58170,0.9,0.0,2015MM09,106.3
58171,A4,332910,58171,0.4,-0.5,2015MM10,105.7
58172,A4,332910,58172,0.5,0.0,2015MM11,105.8
58173,A4,332910,58173,0.5,0.0,2015MM12,105.8
58175,A4,332910,58175,0.5,0.2,2016MM01,106.1
58176,A4,332910,58176,0.6,-0.1,2016MM02,106.0
58177,A4,332910,58177,0.4,0.0,2016MM03,106.0
58178,A4,332910,58178,0.5,0.8,2016MM04,106.8
58179,A4,332910,58179,0.4,0.1,2016MM05,106.9
58180,A4,332910,58180,0.6,0.0,2016MM06,106.9
58181,A4,332910,58181,0.1,-0.7,2016MM07,106.2
58182,A4,332910,58182,-0.1,0.0,2016MM08,106.2
58183,A4,332910,58183,0.1,0.1,2016MM09,106.3
58184,A4,332910,58184,0.3,-0.1,2016MM10,106.2
58185,A4,332910,58185,0.3,0.0,2016MM11,106.2
58186,A4,332910,58186,0.5,0.1,2016MM12,106.3
58188,A4,332910,58188,0.9,0.7,2017MM01,107.0
58189,A4,332910,58189,1.1,0.1,2017MM02,107.2
58190,A4,332910,58190,1.1,-0.1,2017MM03,107.1
58191,A4,332910,58191,0.7,0.5,2017MM04,107.6
58192,A4,332910,58192,0.5,-0.1,2017MM05,107.4
58193,A4,332910,58193,0.5,0.0,2017MM06,107.4
58194,A4,332910,58194,1.3,0.2,2017MM07,107.6
58195,A4,332910,58195,1.4,0.0,2017MM08,107.6
58196,A4,332910,58196,1.2,0.0,2017MM09,107.6
58197,A4,332910,58197,1.3,-0.1,2017MM10,107.6
58198,A4,332910,58198,1.3,0.0,2017MM11,107.6
58199,A4,332910,58199,1.2,0.0,2017MM12,107.6
