,Afzet,BedrijfstakkenBranchesSBI2008,ID,OntwikkelingTOV1JaarEerder_2,OntwikkelingTOV1MaandEerder_3,Perioden,ProducentenprijsindexPPI_1
57239,A4,332905,57239,-0.692026578073,0.0,1981MM01,103.158131488
57240,A4,332905,57240,-0.684053156146,0.0,1981MM02,103.116262976
57241,A4,332905,57241,-0.676079734219,0.0,1981MM03,103.074394464
57242,A4,332905,57242,-0.668106312292,0.0,1981MM04,103.032525952
57243,A4,332905,57243,-0.660132890365,0.0,1981MM05,102.990657439
57244,A4,332905,57244,-0.652159468439,0.0,1981MM06,102.948788927
57245,A4,332905,57245,-0.644186046512,0.0,1981MM07,102.906920415
57246,A4,332905,57246,-0.636212624585,0.0,1981MM08,102.865051903
57247,A4,332905,57247,-0.628239202658,0.0,1981MM09,102.823183391
57248,A4,332905,57248,-0.620265780731,0.0,1981MM10,102.781314879
57249,A4,332905,57249,-0.612292358804,0.0,1981MM11,102.739446367
57250,A4,332905,57250,-0.604318936877,0.0,1981MM12,102.697577855
57252,A4,332905,57252,-0.59634551495,0.0,1982MM01,102.655709343
57253,A4,332905,57253,-0.588372093023,0.0,1982MM02,102.61384083
57254,A4,332905,57254,-0.580398671096,0.0,1982MM03,102.571972318
57255,A4,332905,57255,-0.572425249169,0.0,1982MM04,102.530103806
57256,A4,332905,57256,-0.564451827243,0.0,1982MM05,102.488235294
57257,A4,332905,57257,-0.556478405316,0.0,1982MM06,102.446366782
57258,A4,332905,57258,-0.548504983389,0.0,1982MM07,102.40449827
57259,A4,332905,57259,-0.540531561462,0.0,1982MM08,102.362629758
57260,A4,332905,57260,-0.532558139535,0.0,1982MM09,102.320761246
57261,A4,332905,57261,-0.524584717608,0.0,1982MM10,102.278892734
57262,A4,332905,57262,-0.516611295681,0.0,1982MM11,102.237024221
57263,A4,332905,57263,-0.508637873754,0.0,1982MM12,102.195155709
57265,A4,332905,57265,-0.500664451827,0.0,1983MM01,102.153287197
57266,A4,332905,57266,-0.4926910299,0.0,1983MM02,102.111418685
57267,A4,332905,57267,-0.484717607973,0.0,1983MM03,102.069550173
57268,A4,332905,57268,-0.476744186047,0.0,1983MM04,102.027681661
57269,A4,332905,57269,-0.46877076412,0.0,1983MM05,101.985813149
57270,A4,332905,57270,-0.460797342193,0.0,1983MM06,101.943944637
57271,A4,332905,57271,-0.452823920266,0.0,1983MM07,101.902076125
57272,A4,332905,57272,-0.444850498339,0.0,1983MM08,101.860207612
57273,A4,332905,57273,-0.436877076412,0.0,1983MM09,101.8183391
57274,A4,332905,57274,-0.428903654485,0.0,1983MM10,101.776470588
57275,A4,332905,57275,-0.420930232558,0.0,1983MM11,101.734602076
57276,A4,332905,57276,-0.412956810631,0.0,1983MM12,101.692733564
57278,A4,332905,57278,-0.404983388704,0.0,1984MM01,101.650865052
57279,A4,332905,57279,-0.397009966777,0.0,1984MM02,101.60899654
57280,A4,332905,57280,-0.38903654485,0.0,1984MM03,101.567128028
57281,A4,332905,57281,-0.381063122924,0.0,1984MM04,101.525259516
57282,A4,332905,57282,-0.373089700997,0.0,1984MM05,101.483391003
57283,A4,332905,57283,-0.36511627907,0.0,1984MM06,101.441522491
57284,A4,332905,57284,-0.357142857143,0.0,1984MM07,101.399653979
57285,A4,332905,57285,-0.349169435216,0.0,1984MM08,101.357785467
57286,A4,332905,57286,-0.341196013289,0.0,1984MM09,101.315916955
57287,A4,332905,57287,-0.333222591362,0.0,1984MM10,101.274048443
57288,A4,332905,57288,-0.325249169435,0.0,1984MM11,101.232179931
57289,A4,332905,57289,-0.317275747508,0.0,1984MM12,101.190311419
57291,A4,332905,57291,-0.309302325581,0.0,1985MM01,101.148442907
57292,A4,332905,57292,-0.301328903654,0.0,1985MM02,101.106574394
57293,A4,332905,57293,-0.293355481728,0.0,1985MM03,101.064705882
57294,A4,332905,57294,-0.285382059801,0.0,1985MM04,101.02283737
57295,A4,332905,57295,-0.277408637874,0.0,1985MM05,100.980968858
57296,A4,332905,57296,-0.269435215947,0.0,1985MM06,100.939100346
57297,A4,332905,57297,-0.26146179402,0.0,1985MM07,100.897231834
57298,A4,332905,57298,-0.253488372093,0.0,1985MM08,100.855363322
57299,A4,332905,57299,-0.245514950166,0.0,1985MM09,100.81349481
57300,A4,332905,57300,-0.237541528239,0.0,1985MM10,100.771626298
57301,A4,332905,57301,-0.229568106312,0.0,1985MM11,100.729757785
57302,A4,332905,57302,-0.221594684385,0.0,1985MM12,100.687889273
57304,A4,332905,57304,-0.213621262458,0.0,1986MM01,100.646020761
57305,A4,332905,57305,-0.205647840532,0.0,1986MM02,100.604152249
57306,A4,332905,57306,-0.197674418605,0.0,1986MM03,100.562283737
57307,A4,332905,57307,-0.189700996678,0.0,1986MM04,100.520415225
57308,A4,332905,57308,-0.181727574751,0.0,1986MM05,100.478546713
57309,A4,332905,57309,-0.173754152824,0.0,1986MM06,100.436678201
57310,A4,332905,57310,-0.165780730897,0.0,1986MM07,100.394809689
57311,A4,332905,57311,-0.15780730897,0.0,1986MM08,100.352941176
57312,A4,332905,57312,-0.149833887043,0.0,1986MM09,100.311072664
57313,A4,332905,57313,-0.141860465116,0.0,1986MM10,100.269204152
57314,A4,332905,57314,-0.133887043189,0.0,1986MM11,100.22733564
57315,A4,332905,57315,-0.125913621262,0.0,1986MM12,100.185467128
57317,A4,332905,57317,-0.117940199336,0.0,1987MM01,100.143598616
57318,A4,332905,57318,-0.109966777409,0.0,1987MM02,100.101730104
57319,A4,332905,57319,-0.101993355482,0.0,1987MM03,100.059861592
57320,A4,332905,57320,-0.0940199335548,0.0,1987MM04,100.01799308
57321,A4,332905,57321,-0.0860465116279,0.0,1987MM05,99.9761245675
57322,A4,332905,57322,-0.078073089701,0.0,1987MM06,99.9342560554
57323,A4,332905,57323,-0.0700996677741,0.0,1987MM07,99.8923875433
57324,A4,332905,57324,-0.0621262458472,0.0,1987MM08,99.8505190311
57325,A4,332905,57325,-0.0541528239203,0.0,1987MM09,99.808650519
57326,A4,332905,57326,-0.0461794019934,0.0,1987MM10,99.7667820069
57327,A4,332905,57327,-0.0382059800664,0.0,1987MM11,99.7249134948
57328,A4,332905,57328,-0.0302325581395,0.0,1987MM12,99.6830449827
57330,A4,332905,57330,-0.0222591362126,0.0,1988MM01,99.6411764706
57331,A4,332905,57331,-0.0142857142857,0.0,1988MM02,99.5993079585
57332,A4,332905,57332,-0.0063122923588,0.0,1988MM03,99.5574394464
57333,A4,332905,57333,0.00166112956811,0.0,1988MM04,99.5155709343
57334,A4,332905,57334,0.00963455149502,0.0,1988MM05,99.4737024221
57335,A4,332905,57335,0.0176079734219,0.0,1988MM06,99.43183391
57336,A4,332905,57336,0.0255813953488,0.0,1988MM07,99.3899653979
57337,A4,332905,57337,0.0335548172757,0.0,1988MM08,99.3480968858
57338,A4,332905,57338,0.0415282392027,0.0,1988MM09,99.3062283737
57339,A4,332905,57339,0.0495016611296,0.0,1988MM10,99.2643598616
57340,A4,332905,57340,0.0574750830565,0.0,1988MM11,99.2224913495
57341,A4,332905,57341,0.0654485049834,0.0,1988MM12,99.1806228374
57343,A4,332905,57343,0.0734219269103,0.0,1989MM01,99.1387543253
57344,A4,332905,57344,0.0813953488372,0.0,1989MM02,99.0968858131
57345,A4,332905,57345,0.0893687707641,0.0,1989MM03,99.055017301
57346,A4,332905,57346,0.097342192691,0.0,1989MM04,99.0131487889
57347,A4,332905,57347,0.105315614618,0.0,1989MM05,98.9712802768
57348,A4,332905,57348,0.113289036545,0.0,1989MM06,98.9294117647
57349,A4,332905,57349,0.121262458472,0.0,1989MM07,98.8875432526
57350,A4,332905,57350,0.129235880399,0.0,1989MM08,98.8456747405
57351,A4,332905,57351,0.137209302326,0.0,1989MM09,98.8038062284
57352,A4,332905,57352,0.145182724252,0.0,1989MM10,98.7619377163
57353,A4,332905,57353,0.153156146179,0.0,1989MM11,98.7200692042
57354,A4,332905,57354,0.161129568106,0.0,1989MM12,98.678200692
57356,A4,332905,57356,0.169102990033,0.0,1990MM01,98.6363321799
57357,A4,332905,57357,0.17707641196,0.0,1990MM02,98.5944636678
57358,A4,332905,57358,0.185049833887,0.0,1990MM03,98.5525951557
57359,A4,332905,57359,0.193023255814,0.0,1990MM04,98.5107266436
57360,A4,332905,57360,0.200996677741,0.0,1990MM05,98.4688581315
57361,A4,332905,57361,0.208970099668,0.0,1990MM06,98.4269896194
57362,A4,332905,57362,0.216943521595,0.0,1990MM07,98.3851211073
57363,A4,332905,57363,0.224916943522,0.0,1990MM08,98.3432525952
57364,A4,332905,57364,0.232890365449,0.0,1990MM09,98.301384083
57365,A4,332905,57365,0.240863787375,0.0,1990MM10,98.2595155709
57366,A4,332905,57366,0.248837209302,0.0,1990MM11,98.2176470588
57367,A4,332905,57367,0.256810631229,0.0,1990MM12,98.1757785467
57369,A4,332905,57369,0.264784053156,0.0,1991MM01,98.1339100346
57370,A4,332905,57370,0.272757475083,0.0,1991MM02,98.0920415225
57371,A4,332905,57371,0.28073089701,0.0,1991MM03,98.0501730104
57372,A4,332905,57372,0.288704318937,0.0,1991MM04,98.0083044983
57373,A4,332905,57373,0.296677740864,0.0,1991MM05,97.9664359862
57374,A4,332905,57374,0.304651162791,0.0,1991MM06,97.924567474
57375,A4,332905,57375,0.312624584718,0.0,1991MM07,97.8826989619
57376,A4,332905,57376,0.320598006645,0.0,1991MM08,97.8408304498
57377,A4,332905,57377,0.328571428571,0.0,1991MM09,97.7989619377
57378,A4,332905,57378,0.336544850498,0.0,1991MM10,97.7570934256
57379,A4,332905,57379,0.344518272425,0.0,1991MM11,97.7152249135
57380,A4,332905,57380,0.352491694352,0.0,1991MM12,97.6733564014
57382,A4,332905,57382,0.360465116279,0.0,1992MM01,97.6314878893
57383,A4,332905,57383,0.368438538206,0.0,1992MM02,97.5896193772
57384,A4,332905,57384,0.376411960133,0.0,1992MM03,97.5477508651
57385,A4,332905,57385,0.38438538206,0.0,1992MM04,97.5058823529
57386,A4,332905,57386,0.392358803987,0.0,1992MM05,97.4640138408
57387,A4,332905,57387,0.400332225914,0.0,1992MM06,97.4221453287
57388,A4,332905,57388,0.408305647841,0.0,1992MM07,97.3802768166
57389,A4,332905,57389,0.416279069767,0.0,1992MM08,97.3384083045
57390,A4,332905,57390,0.424252491694,0.0,1992MM09,97.2965397924
57391,A4,332905,57391,0.432225913621,0.0,1992MM10,97.2546712803
57392,A4,332905,57392,0.440199335548,0.0,1992MM11,97.2128027682
57393,A4,332905,57393,0.448172757475,0.0,1992MM12,97.1709342561
57395,A4,332905,57395,0.456146179402,0.0,1993MM01,97.1290657439
57396,A4,332905,57396,0.464119601329,0.0,1993MM02,97.0871972318
57397,A4,332905,57397,0.472093023256,0.0,1993MM03,97.0453287197
57398,A4,332905,57398,0.480066445183,0.0,1993MM04,97.0034602076
57399,A4,332905,57399,0.48803986711,0.0,1993MM05,96.9615916955
57400,A4,332905,57400,0.496013289037,0.0,1993MM06,96.9197231834
57401,A4,332905,57401,0.503986710963,0.0,1993MM07,96.8778546713
57402,A4,332905,57402,0.51196013289,0.0,1993MM08,96.8359861592
57403,A4,332905,57403,0.519933554817,0.0,1993MM09,96.7941176471
57404,A4,332905,57404,0.527906976744,0.0,1993MM10,96.7522491349
57405,A4,332905,57405,0.535880398671,0.0,1993MM11,96.7103806228
57406,A4,332905,57406,0.543853820598,0.0,1993MM12,96.6685121107
57408,A4,332905,57408,0.551827242525,0.0,1994MM01,96.6266435986
57409,A4,332905,57409,0.559800664452,0.0,1994MM02,96.5847750865
57410,A4,332905,57410,0.567774086379,0.0,1994MM03,96.5429065744
57411,A4,332905,57411,0.575747508306,0.0,1994MM04,96.5010380623
57412,A4,332905,57412,0.583720930233,0.0,1994MM05,96.4591695502
57413,A4,332905,57413,0.591694352159,0.0,1994MM06,96.4173010381
57414,A4,332905,57414,0.599667774086,0.0,1994MM07,96.375432526
57415,A4,332905,57415,0.607641196013,0.0,1994MM08,96.3335640138
57416,A4,332905,57416,0.61561461794,0.0,1994MM09,96.2916955017
57417,A4,332905,57417,0.623588039867,0.0,1994MM10,96.2498269896
57418,A4,332905,57418,0.631561461794,0.0,1994MM11,96.2079584775
57419,A4,332905,57419,0.639534883721,0.0,1994MM12,96.1660899654
57421,A4,332905,57421,0.647508305648,0.0,1995MM01,96.1242214533
57422,A4,332905,57422,0.655481727575,0.0,1995MM02,96.0823529412
57423,A4,332905,57423,0.663455149502,0.0,1995MM03,96.0404844291
57424,A4,332905,57424,0.671428571429,0.0,1995MM04,95.998615917
57425,A4,332905,57425,0.679401993355,0.0,1995MM05,95.9567474048
57426,A4,332905,57426,0.687375415282,0.0,1995MM06,95.9148788927
57427,A4,332905,57427,0.695348837209,0.0,1995MM07,95.8730103806
57428,A4,332905,57428,0.703322259136,0.0,1995MM08,95.8311418685
57429,A4,332905,57429,0.711295681063,0.0,1995MM09,95.7892733564
57430,A4,332905,57430,0.71926910299,0.0,1995MM10,95.7474048443
57431,A4,332905,57431,0.727242524917,0.0,1995MM11,95.7055363322
57432,A4,332905,57432,0.735215946844,0.0,1995MM12,95.6636678201
57434,A4,332905,57434,0.743189368771,0.0,1996MM01,95.621799308
57435,A4,332905,57435,0.751162790698,0.0,1996MM02,95.5799307958
57436,A4,332905,57436,0.759136212625,0.0,1996MM03,95.5380622837
57437,A4,332905,57437,0.767109634551,0.0,1996MM04,95.4961937716
57438,A4,332905,57438,0.775083056478,0.0,1996MM05,95.4543252595
57439,A4,332905,57439,0.783056478405,0.0,1996MM06,95.4124567474
57440,A4,332905,57440,0.791029900332,0.0,1996MM07,95.3705882353
57441,A4,332905,57441,0.799003322259,0.0,1996MM08,95.3287197232
57442,A4,332905,57442,0.806976744186,0.0,1996MM09,95.2868512111
57443,A4,332905,57443,0.814950166113,0.0,1996MM10,95.244982699
57444,A4,332905,57444,0.82292358804,0.0,1996MM11,95.2031141869
57445,A4,332905,57445,0.830897009967,0.0,1996MM12,95.1612456747
57447,A4,332905,57447,0.838870431894,0.0,1997MM01,95.1193771626
57448,A4,332905,57448,0.846843853821,0.0,1997MM02,95.0775086505
57449,A4,332905,57449,0.854817275748,0.0,1997MM03,95.0356401384
57450,A4,332905,57450,0.862790697674,0.0,1997MM04,94.9937716263
57451,A4,332905,57451,0.870764119601,0.0,1997MM05,94.9519031142
57452,A4,332905,57452,0.878737541528,0.0,1997MM06,94.9100346021
57453,A4,332905,57453,0.886710963455,0.0,1997MM07,94.86816609
57454,A4,332905,57454,0.894684385382,0.0,1997MM08,94.8262975779
57455,A4,332905,57455,0.902657807309,0.0,1997MM09,94.7844290657
57456,A4,332905,57456,0.910631229236,0.0,1997MM10,94.7425605536
57457,A4,332905,57457,0.918604651163,0.0,1997MM11,94.7006920415
57458,A4,332905,57458,0.92657807309,0.0,1997MM12,94.6588235294
57460,A4,332905,57460,0.934551495017,0.0,1998MM01,94.6169550173
57461,A4,332905,57461,0.942524916944,0.0,1998MM02,94.5750865052
57462,A4,332905,57462,0.95049833887,0.0,1998MM03,94.5332179931
57463,A4,332905,57463,0.958471760797,0.0,1998MM04,94.491349481
57464,A4,332905,57464,0.966445182724,0.0,1998MM05,94.4494809689
57465,A4,332905,57465,0.974418604651,0.0,1998MM06,94.4076124567
57466,A4,332905,57466,0.982392026578,0.0,1998MM07,94.3657439446
57467,A4,332905,57467,0.990365448505,0.0,1998MM08,94.3238754325
57468,A4,332905,57468,0.998338870432,0.0,1998MM09,94.2820069204
57469,A4,332905,57469,1.00631229236,0.0,1998MM10,94.2401384083
57470,A4,332905,57470,1.01428571429,0.0,1998MM11,94.1982698962
57471,A4,332905,57471,1.02225913621,0.0,1998MM12,94.1564013841
57473,A4,332905,57473,1.03023255814,0.0,1999MM01,94.114532872
57474,A4,332905,57474,1.03820598007,0.0,1999MM02,94.0726643599
57475,A4,332905,57475,1.04617940199,0.0,1999MM03,94.0307958478
57476,A4,332905,57476,1.05415282392,0.0,1999MM04,93.9889273356
57477,A4,332905,57477,1.06212624585,0.0,1999MM05,93.9470588235
57478,A4,332905,57478,1.07009966777,0.0,1999MM06,93.9051903114
57479,A4,332905,57479,1.0780730897,0.0,1999MM07,93.8633217993
57480,A4,332905,57480,1.08604651163,0.0,1999MM08,93.8214532872
57481,A4,332905,57481,1.09401993355,0.0,1999MM09,93.7795847751
57482,A4,332905,57482,1.10199335548,0.0,1999MM10,93.737716263
57483,A4,332905,57483,1.10996677741,0.0,1999MM11,93.6958477509
57484,A4,332905,57484,1.11794019934,0.0,1999MM12,93.6539792388
57486,A4,332905,57486,1.12591362126,0.0,2000MM01,93.6121107266
57487,A4,332905,57487,1.13388704319,0.0,2000MM02,93.5702422145
57488,A4,332905,57488,1.14186046512,0.0,2000MM03,93.5283737024
57489,A4,332905,57489,1.14983388704,0.0,2000MM04,93.4865051903
57490,A4,332905,57490,1.15780730897,0.0,2000MM05,93.4446366782
57491,A4,332905,57491,1.1657807309,0.0,2000MM06,93.4027681661
57492,A4,332905,57492,1.17375415282,0.0,2000MM07,93.360899654
57493,A4,332905,57493,1.18172757475,0.0,2000MM08,93.3190311419
57494,A4,332905,57494,1.18970099668,0.0,2000MM09,93.2771626298
57495,A4,332905,57495,1.1976744186,0.0,2000MM10,93.2352941176
57496,A4,332905,57496,1.20564784053,0.0,2000MM11,93.1934256055
57497,A4,332905,57497,1.21362126246,0.0,2000MM12,93.1515570934
57499,A4,332905,57499,1.22159468439,0.0,2001MM01,93.1096885813
57500,A4,332905,57500,1.22956810631,0.0,2001MM02,93.0678200692
57501,A4,332905,57501,1.23754152824,0.0,2001MM03,93.0259515571
57502,A4,332905,57502,1.24551495017,0.0,2001MM04,92.984083045
57503,A4,332905,57503,1.25348837209,0.0,2001MM05,92.9422145329
57504,A4,332905,57504,1.26146179402,0.0,2001MM06,92.9003460208
57505,A4,332905,57505,1.26943521595,0.0,2001MM07,92.8584775087
57506,A4,332905,57506,1.27740863787,0.0,2001MM08,92.8166089965
57507,A4,332905,57507,1.2853820598,0.0,2001MM09,92.7747404844
57508,A4,332905,57508,1.29335548173,0.0,2001MM10,92.7328719723
57509,A4,332905,57509,1.30132890365,0.0,2001MM11,92.6910034602
57510,A4,332905,57510,1.30930232558,0.0,2001MM12,92.6491349481
57512,A4,332905,57512,1.31727574751,0.0,2002MM01,92.607266436
57513,A4,332905,57513,1.32524916944,0.0,2002MM02,92.5653979239
57514,A4,332905,57514,1.33322259136,0.0,2002MM03,92.5235294118
57515,A4,332905,57515,1.34119601329,0.0,2002MM04,92.4816608997
57516,A4,332905,57516,1.34916943522,0.0,2002MM05,92.4397923875
57517,A4,332905,57517,1.35714285714,0.0,2002MM06,92.3979238754
57518,A4,332905,57518,1.36511627907,0.0,2002MM07,92.3560553633
57519,A4,332905,57519,1.373089701,0.0,2002MM08,92.3141868512
57520,A4,332905,57520,1.38106312292,0.0,2002MM09,92.2723183391
57521,A4,332905,57521,1.38903654485,0.0,2002MM10,92.230449827
57522,A4,332905,57522,1.39700996678,0.0,2002MM11,92.1885813149
57523,A4,332905,57523,1.4049833887,0.0,2002MM12,92.1467128028
57525,A4,332905,57525,1.41295681063,0.0,2003MM01,92.1048442907
57526,A4,332905,57526,1.42093023256,0.0,2003MM02,92.0629757785
57527,A4,332905,57527,1.42890365449,0.0,2003MM03,92.0211072664
57528,A4,332905,57528,1.43687707641,0.0,2003MM04,91.9792387543
57529,A4,332905,57529,1.44485049834,0.0,2003MM05,91.9373702422
57530,A4,332905,57530,1.45282392027,0.0,2003MM06,91.8955017301
57531,A4,332905,57531,1.46079734219,0.0,2003MM07,91.853633218
57532,A4,332905,57532,1.46877076412,0.0,2003MM08,91.8117647059
57533,A4,332905,57533,1.47674418605,0.0,2003MM09,91.7698961938
57534,A4,332905,57534,1.48471760797,0.0,2003MM10,91.7280276817
57535,A4,332905,57535,1.4926910299,0.0,2003MM11,91.6861591696
57536,A4,332905,57536,1.50066445183,0.0,2003MM12,91.6442906574
57538,A4,332905,57538,1.50863787375,0.0,2004MM01,91.6024221453
57539,A4,332905,57539,1.51661129568,0.0,2004MM02,91.5605536332
57540,A4,332905,57540,1.52458471761,0.0,2004MM03,91.5186851211
57541,A4,332905,57541,1.53255813953,0.0,2004MM04,91.476816609
57542,A4,332905,57542,1.54053156146,0.0,2004MM05,91.4349480969
57543,A4,332905,57543,1.54850498339,0.0,2004MM06,91.3930795848
57544,A4,332905,57544,1.55647840532,0.0,2004MM07,91.3512110727
57545,A4,332905,57545,1.56445182724,0.0,2004MM08,91.3093425606
57546,A4,332905,57546,1.57242524917,0.0,2004MM09,91.2674740484
57547,A4,332905,57547,1.5803986711,0.0,2004MM10,91.2256055363
57548,A4,332905,57548,1.58837209302,0.0,2004MM11,91.1837370242
57549,A4,332905,57549,1.59634551495,0.0,2004MM12,91.1418685121
57551,A4,332905,57551,1.60431893688,0.0,2005MM01,91.1
57552,A4,332905,57552,1.6122923588,0.0,2005MM02,91.1
57553,A4,332905,57553,1.62026578073,0.0,2005MM03,91.1
57554,A4,332905,57554,1.62823920266,0.3,2005MM04,91.4
57555,A4,332905,57555,1.63621262458,0.0,2005MM05,91.4
57556,A4,332905,57556,1.64418604651,0.3,2005MM06,91.6
57557,A4,332905,57557,1.65215946844,0.1,2005MM07,91.8
57558,A4,332905,57558,1.66013289037,0.0,2005MM08,91.8
57559,A4,332905,57559,1.66810631229,0.0,2005MM09,91.8
57560,A4,332905,57560,1.67607973422,0.1,2005MM10,91.9
57561,A4,332905,57561,1.68405315615,0.0,2005MM11,91.9
57562,A4,332905,57562,1.69202657807,0.0,2005MM12,92.0
57564,A4,332905,57564,1.7,0.8,2006MM01,92.7
57565,A4,332905,57565,1.8,0.0,2006MM02,92.7
57566,A4,332905,57566,1.8,0.1,2006MM03,92.8
57567,A4,332905,57567,1.8,0.3,2006MM04,93.1
57568,A4,332905,57568,1.9,0.1,2006MM05,93.1
57569,A4,332905,57569,1.7,0.1,2006MM06,93.2
57570,A4,332905,57570,1.9,0.4,2006MM07,93.5
57571,A4,332905,57571,1.9,0.0,2006MM08,93.6
57572,A4,332905,57572,2.0,0.0,2006MM09,93.6
57573,A4,332905,57573,2.1,0.2,2006MM10,93.8
57574,A4,332905,57574,2.3,0.2,2006MM11,94.0
57575,A4,332905,57575,2.3,0.0,2006MM12,94.0
57577,A4,332905,57577,2.8,1.4,2007MM01,95.3
57578,A4,332905,57578,2.8,0.0,2007MM02,95.3
57579,A4,332905,57579,2.7,0.0,2007MM03,95.3
57580,A4,332905,57580,2.8,0.4,2007MM04,95.7
57581,A4,332905,57581,2.7,0.0,2007MM05,95.7
57582,A4,332905,57582,2.7,0.0,2007MM06,95.7
57583,A4,332905,57583,2.5,0.2,2007MM07,95.9
57584,A4,332905,57584,2.5,0.0,2007MM08,95.9
57585,A4,332905,57585,2.5,0.1,2007MM09,96.0
57586,A4,332905,57586,2.4,0.1,2007MM10,96.1
57587,A4,332905,57587,2.2,0.0,2007MM11,96.1
57588,A4,332905,57588,2.2,0.0,2007MM12,96.1
57590,A4,332905,57590,2.4,1.6,2008MM01,97.6
57591,A4,332905,57591,2.5,0.1,2008MM02,97.7
57592,A4,332905,57592,2.6,0.0,2008MM03,97.7
57593,A4,332905,57593,2.5,0.3,2008MM04,98.1
57594,A4,332905,57594,2.5,0.0,2008MM05,98.0
57595,A4,332905,57595,2.5,0.1,2008MM06,98.1
57596,A4,332905,57596,2.6,0.3,2008MM07,98.4
57597,A4,332905,57597,2.7,0.1,2008MM08,98.5
57598,A4,332905,57598,2.7,0.0,2008MM09,98.5
57599,A4,332905,57599,2.4,-0.1,2008MM10,98.4
57600,A4,332905,57600,2.4,-0.1,2008MM11,98.4
57601,A4,332905,57601,2.4,0.0,2008MM12,98.3
57603,A4,332905,57603,1.6,0.8,2009MM01,99.2
57604,A4,332905,57604,1.5,0.0,2009MM02,99.2
57605,A4,332905,57605,1.4,-0.1,2009MM03,99.1
57606,A4,332905,57606,0.9,-0.2,2009MM04,98.9
57607,A4,332905,57607,0.9,0.0,2009MM05,98.9
57608,A4,332905,57608,0.7,0.0,2009MM06,98.8
57609,A4,332905,57609,0.3,-0.2,2009MM07,98.7
57610,A4,332905,57610,0.3,0.1,2009MM08,98.8
57611,A4,332905,57611,0.3,0.0,2009MM09,98.8
57612,A4,332905,57612,0.5,0.1,2009MM10,98.9
57613,A4,332905,57613,0.6,0.0,2009MM11,98.9
57614,A4,332905,57614,0.6,0.0,2009MM12,98.9
57616,A4,332905,57616,0.4,0.6,2010MM01,99.5
57617,A4,332905,57617,0.3,0.0,2010MM02,99.5
57618,A4,332905,57618,0.5,0.1,2010MM03,99.6
57619,A4,332905,57619,1.0,0.3,2010MM04,99.9
57620,A4,332905,57620,1.0,0.0,2010MM05,99.9
57621,A4,332905,57621,1.1,0.0,2010MM06,99.9
57622,A4,332905,57622,1.4,0.1,2010MM07,100.0
57623,A4,332905,57623,1.3,0.0,2010MM08,100.1
57624,A4,332905,57624,1.3,0.1,2010MM09,100.1
57625,A4,332905,57625,1.4,0.1,2010MM10,100.3
57626,A4,332905,57626,1.4,0.1,2010MM11,100.3
57627,A4,332905,57627,1.9,0.5,2010MM12,100.8
57629,A4,332905,57629,2.4,1.1,2011MM01,101.9
57630,A4,332905,57630,2.5,0.1,2011MM02,102.0
57631,A4,332905,57631,2.3,-0.1,2011MM03,101.9
57632,A4,332905,57632,2.2,0.2,2011MM04,102.1
57633,A4,332905,57633,2.2,0.0,2011MM05,102.1
57634,A4,332905,57634,2.2,0.0,2011MM06,102.1
57635,A4,332905,57635,2.3,0.2,2011MM07,102.3
57636,A4,332905,57636,2.2,0.0,2011MM08,102.3
57637,A4,332905,57637,2.2,0.0,2011MM09,102.3
57638,A4,332905,57638,2.3,0.2,2011MM10,102.5
57639,A4,332905,57639,2.2,0.0,2011MM11,102.5
57640,A4,332905,57640,1.7,0.0,2011MM12,102.5
57642,A4,332905,57642,0.8,0.2,2012MM01,102.7
57643,A4,332905,57643,0.8,0.0,2012MM02,102.8
57644,A4,332905,57644,0.9,0.0,2012MM03,102.8
57645,A4,332905,57645,0.9,0.2,2012MM04,103.0
57646,A4,332905,57646,0.8,0.0,2012MM05,103.0
57647,A4,332905,57647,0.8,0.0,2012MM06,103.0
57648,A4,332905,57648,1.4,0.7,2012MM07,103.7
57649,A4,332905,57649,1.4,0.0,2012MM08,103.7
57650,A4,332905,57650,1.4,0.0,2012MM09,103.7
57651,A4,332905,57651,1.6,0.4,2012MM10,104.2
57652,A4,332905,57652,1.6,0.0,2012MM11,104.2
57653,A4,332905,57653,1.6,0.0,2012MM12,104.2
57655,A4,332905,57655,2.1,0.7,2013MM01,104.9
57656,A4,332905,57656,2.0,0.0,2013MM02,104.9
57657,A4,332905,57657,2.1,0.0,2013MM03,104.9
57658,A4,332905,57658,1.4,-0.4,2013MM04,104.4
57659,A4,332905,57659,1.3,-0.1,2013MM05,104.4
57660,A4,332905,57660,1.3,0.0,2013MM06,104.3
57661,A4,332905,57661,0.9,0.3,2013MM07,104.6
57662,A4,332905,57662,0.9,0.0,2013MM08,104.7
57663,A4,332905,57663,0.9,0.0,2013MM09,104.7
57664,A4,332905,57664,0.4,0.0,2013MM10,104.6
57665,A4,332905,57665,0.5,0.0,2013MM11,104.7
57666,A4,332905,57666,0.5,0.0,2013MM12,104.7
57668,A4,332905,57668,-0.3,-0.1,2014MM01,104.6
57669,A4,332905,57669,-0.3,0.0,2014MM02,104.6
57670,A4,332905,57670,-0.3,-0.1,2014MM03,104.5
57671,A4,332905,57671,-0.1,-0.1,2014MM04,104.4
57672,A4,332905,57672,0.0,0.0,2014MM05,104.4
57673,A4,332905,57673,0.1,0.0,2014MM06,104.4
57674,A4,332905,57674,-0.2,0.0,2014MM07,104.4
57675,A4,332905,57675,-0.2,0.0,2014MM08,104.4
57676,A4,332905,57676,-0.2,0.0,2014MM09,104.4
57677,A4,332905,57677,-0.2,0.0,2014MM10,104.4
57678,A4,332905,57678,-0.2,0.0,2014MM11,104.4
57679,A4,332905,57679,-0.2,0.0,2014MM12,104.4
57681,A4,332905,57681,0.0,0.2,2015MM01,104.6
57682,A4,332905,57682,0.0,0.0,2015MM02,104.6
57683,A4,332905,57683,0.1,0.0,2015MM03,104.7
57684,A4,332905,57684,1.1,0.8,2015MM04,105.5
57685,A4,332905,57685,1.1,0.0,2015MM05,105.5
57686,A4,332905,57686,1.0,-0.1,2015MM06,105.5
57687,A4,332905,57687,1.0,0.0,2015MM07,105.5
57688,A4,332905,57688,1.0,0.0,2015MM08,105.5
57689,A4,332905,57689,1.0,0.0,2015MM09,105.5
57690,A4,332905,57690,0.7,-0.3,2015MM10,105.2
57691,A4,332905,57691,0.8,0.0,2015MM11,105.3
57692,A4,332905,57692,0.8,0.0,2015MM12,105.2
57694,A4,332905,57694,1.1,0.5,2016MM01,105.8
57695,A4,332905,57695,1.2,0.0,2016MM02,105.8
57696,A4,332905,57696,1.1,0.0,2016MM03,105.8
57697,A4,332905,57697,0.7,0.4,2016MM04,106.2
57698,A4,332905,57698,0.7,0.1,2016MM05,106.3
57699,A4,332905,57699,0.8,0.0,2016MM06,106.3
57700,A4,332905,57700,0.6,-0.3,2016MM07,106.1
57701,A4,332905,57701,0.5,0.0,2016MM08,106.1
57702,A4,332905,57702,0.6,0.1,2016MM09,106.1
57703,A4,332905,57703,0.6,-0.1,2016MM10,106.0
57704,A4,332905,57704,0.7,0.1,2016MM11,106.1
57705,A4,332905,57705,0.8,0.0,2016MM12,106.1
57707,A4,332905,57707,0.9,0.6,2017MM01,106.7
57708,A4,332905,57708,0.9,0.1,2017MM02,106.8
57709,A4,332905,57709,0.9,0.0,2017MM03,106.8
57710,A4,332905,57710,0.8,0.3,2017MM04,107.1
57711,A4,332905,57711,0.7,0.0,2017MM05,107.0
57712,A4,332905,57712,0.6,0.0,2017MM06,107.0
57713,A4,332905,57713,1.1,0.2,2017MM07,107.3
57714,A4,332905,57714,1.1,0.0,2017MM08,107.3
57715,A4,332905,57715,1.1,0.1,2017MM09,107.3
57716,A4,332905,57716,1.2,0.0,2017MM10,107.3
57717,A4,332905,57717,1.2,0.0,2017MM11,107.3
57718,A4,332905,57718,1.2,0.0,2017MM12,107.3
