,Afzet,BedrijfstakkenBranchesSBI2008,ID,OntwikkelingTOV1JaarEerder_2,OntwikkelingTOV1MaandEerder_3,Perioden,ProducentenprijsindexPPI_1
25974,A6,332900,25974,,,1981MM01,83.8
25975,A6,332900,25975,,1.2,1981MM02,84.8
25976,A6,332900,25976,,0.2,1981MM03,85.0
25977,A6,332900,25977,,0.3,1981MM04,85.3
25978,A6,332900,25978,,0.4,1981MM05,85.6
25979,A6,332900,25979,,0.1,1981MM06,85.7
25980,A6,332900,25980,,1.0,1981MM07,86.6
25981,A6,332900,25981,,0.1,1981MM08,86.6
25982,A6,332900,25982,,0.2,1981MM09,86.8
25983,A6,332900,25983,,0.2,1981MM10,87.0
25984,A6,332900,25984,,0.1,1981MM11,87.0
25985,A6,332900,25985,,0.1,1981MM12,87.1
25987,A6,332900,25987,5.2,1.2,1982MM01,88.2
25988,A6,332900,25988,4.2,0.2,1982MM02,88.4
25989,A6,332900,25989,4.0,0.1,1982MM03,88.4
25990,A6,332900,25990,3.9,0.2,1982MM04,88.6
25991,A6,332900,25991,3.7,0.1,1982MM05,88.7
25992,A6,332900,25992,3.6,0.1,1982MM06,88.8
25993,A6,332900,25993,3.7,1.1,1982MM07,89.8
25994,A6,332900,25994,3.6,0.0,1982MM08,89.8
25995,A6,332900,25995,3.4,0.0,1982MM09,89.8
25996,A6,332900,25996,3.5,0.3,1982MM10,90.0
25997,A6,332900,25997,3.5,0.0,1982MM11,90.1
25998,A6,332900,25998,3.6,0.2,1982MM12,90.2
26000,A6,332900,26000,3.6,1.2,1983MM01,91.3
26001,A6,332900,26001,3.2,-0.2,1983MM02,91.2
26002,A6,332900,26002,3.1,0.0,1983MM03,91.2
26003,A6,332900,26003,3.0,0.1,1983MM04,91.3
26004,A6,332900,26004,2.8,0.0,1983MM05,91.3
26005,A6,332900,26005,2.8,0.0,1983MM06,91.3
26006,A6,332900,26006,1.6,0.0,1983MM07,91.3
26007,A6,332900,26007,1.7,0.1,1983MM08,91.3
26008,A6,332900,26008,1.6,-0.1,1983MM09,91.3
26009,A6,332900,26009,1.4,0.1,1983MM10,91.3
26010,A6,332900,26010,1.7,0.3,1983MM11,91.6
26011,A6,332900,26011,1.6,0.1,1983MM12,91.7
26013,A6,332900,26013,0.2,-0.2,1984MM01,91.5
26014,A6,332900,26014,0.4,0.0,1984MM02,91.6
26015,A6,332900,26015,0.5,0.1,1984MM03,91.7
26016,A6,332900,26016,0.6,0.1,1984MM04,91.8
26017,A6,332900,26017,0.8,0.2,1984MM05,92.0
26018,A6,332900,26018,0.9,0.1,1984MM06,92.1
26019,A6,332900,26019,1.6,0.7,1984MM07,92.7
26020,A6,332900,26020,1.7,0.2,1984MM08,92.9
26021,A6,332900,26021,2.0,0.3,1984MM09,93.1
26022,A6,332900,26022,2.0,0.0,1984MM10,93.1
26023,A6,332900,26023,1.4,-0.3,1984MM11,92.9
26024,A6,332900,26024,1.5,0.2,1984MM12,93.1
26026,A6,332900,26026,2.3,0.6,1985MM01,93.6
26027,A6,332900,26027,2.5,0.2,1985MM02,93.9
26028,A6,332900,26028,2.7,0.4,1985MM03,94.2
26029,A6,332900,26029,2.5,-0.1,1985MM04,94.1
26030,A6,332900,26030,2.4,0.1,1985MM05,94.2
26031,A6,332900,26031,2.5,0.1,1985MM06,94.4
26032,A6,332900,26032,1.8,0.1,1985MM07,94.4
26033,A6,332900,26033,1.7,0.1,1985MM08,94.5
26034,A6,332900,26034,1.5,0.0,1985MM09,94.5
26035,A6,332900,26035,1.9,0.4,1985MM10,94.9
26036,A6,332900,26036,2.1,-0.1,1985MM11,94.9
26037,A6,332900,26037,1.9,0.0,1985MM12,94.8
26039,A6,332900,26039,1.7,0.4,1986MM01,95.2
26040,A6,332900,26040,1.4,0.0,1986MM02,95.2
26041,A6,332900,26041,1.2,0.1,1986MM03,95.3
26042,A6,332900,26042,1.2,-0.1,1986MM04,95.2
26043,A6,332900,26043,1.0,-0.1,1986MM05,95.2
26044,A6,332900,26044,0.8,-0.1,1986MM06,95.1
26045,A6,332900,26045,0.4,-0.3,1986MM07,94.9
26046,A6,332900,26046,0.4,0.1,1986MM08,94.9
26047,A6,332900,26047,0.4,0.0,1986MM09,94.9
26048,A6,332900,26048,-0.7,-0.7,1986MM10,94.2
26049,A6,332900,26049,-0.5,0.1,1986MM11,94.3
26050,A6,332900,26050,-0.6,-0.1,1986MM12,94.3
26052,A6,332900,26052,-1.2,-0.2,1987MM01,94.1
26053,A6,332900,26053,-1.3,-0.1,1987MM02,94.0
26054,A6,332900,26054,-1.4,0.0,1987MM03,94.0
26055,A6,332900,26055,-1.4,0.0,1987MM04,93.9
26056,A6,332900,26056,-1.3,0.0,1987MM05,94.0
26057,A6,332900,26057,-1.3,-0.1,1987MM06,93.9
26058,A6,332900,26058,-0.7,0.3,1987MM07,94.2
26059,A6,332900,26059,-0.7,0.0,1987MM08,94.2
26060,A6,332900,26060,-0.8,-0.1,1987MM09,94.2
26061,A6,332900,26061,0.0,0.1,1987MM10,94.2
26062,A6,332900,26062,-0.3,-0.2,1987MM11,94.0
26063,A6,332900,26063,-0.3,0.0,1987MM12,94.0
26065,A6,332900,26065,0.5,0.6,1988MM01,94.6
26066,A6,332900,26066,0.6,0.0,1988MM02,94.6
26067,A6,332900,26067,0.7,0.1,1988MM03,94.6
26068,A6,332900,26068,0.8,0.1,1988MM04,94.7
26069,A6,332900,26069,0.8,0.0,1988MM05,94.8
26070,A6,332900,26070,1.1,0.2,1988MM06,95.0
26071,A6,332900,26071,1.7,1.0,1988MM07,95.9
26072,A6,332900,26072,1.8,0.1,1988MM08,95.9
26073,A6,332900,26073,1.9,0.0,1988MM09,96.0
26074,A6,332900,26074,2.0,0.2,1988MM10,96.1
26075,A6,332900,26075,2.2,0.0,1988MM11,96.1
26076,A6,332900,26076,2.3,0.1,1988MM12,96.2
26078,A6,332900,26078,1.8,0.1,1989MM01,96.3
26079,A6,332900,26079,1.5,-0.3,1989MM02,96.0
26080,A6,332900,26080,1.6,0.1,1989MM03,96.1
26081,A6,332900,26081,1.7,0.2,1989MM04,96.3
26082,A6,332900,26082,1.7,0.0,1989MM05,96.4
26083,A6,332900,26083,1.6,0.1,1989MM06,96.5
26084,A6,332900,26084,0.5,-0.1,1989MM07,96.4
26085,A6,332900,26085,0.7,0.2,1989MM08,96.6
26086,A6,332900,26086,0.8,0.1,1989MM09,96.7
26087,A6,332900,26087,0.6,0.0,1989MM10,96.7
26088,A6,332900,26088,0.8,0.2,1989MM11,96.9
26089,A6,332900,26089,0.7,0.0,1989MM12,96.9
26091,A6,332900,26091,0.8,0.2,1990MM01,97.1
26092,A6,332900,26092,1.3,0.1,1990MM02,97.2
26093,A6,332900,26093,1.3,0.2,1990MM03,97.4
26094,A6,332900,26094,0.9,-0.2,1990MM04,97.1
26095,A6,332900,26095,0.7,-0.1,1990MM05,97.1
26096,A6,332900,26096,0.7,0.1,1990MM06,97.2
26097,A6,332900,26097,0.9,0.1,1990MM07,97.3
26098,A6,332900,26098,0.8,0.0,1990MM08,97.3
26099,A6,332900,26099,0.6,-0.1,1990MM09,97.3
26100,A6,332900,26100,0.4,-0.2,1990MM10,97.1
26101,A6,332900,26101,0.2,0.0,1990MM11,97.1
26102,A6,332900,26102,0.2,0.1,1990MM12,97.1
26104,A6,332900,26104,0.4,0.3,1991MM01,97.4
26105,A6,332900,26105,0.3,0.1,1991MM02,97.5
26106,A6,332900,26106,0.3,0.2,1991MM03,97.7
26107,A6,332900,26107,0.8,0.3,1991MM04,97.9
26108,A6,332900,26108,1.3,0.4,1991MM05,98.4
26109,A6,332900,26109,1.1,-0.1,1991MM06,98.3
26110,A6,332900,26110,1.2,0.2,1991MM07,98.4
26111,A6,332900,26111,0.7,-0.5,1991MM08,98.0
26112,A6,332900,26112,0.6,-0.1,1991MM09,97.9
26113,A6,332900,26113,0.9,0.1,1991MM10,97.9
26114,A6,332900,26114,0.8,-0.1,1991MM11,97.8
26115,A6,332900,26115,0.9,0.2,1991MM12,98.0
26117,A6,332900,26117,0.7,0.1,1992MM01,98.1
26118,A6,332900,26118,0.5,-0.1,1992MM02,98.0
26119,A6,332900,26119,0.6,0.2,1992MM03,98.3
26120,A6,332900,26120,0.1,-0.2,1992MM04,98.1
26121,A6,332900,26121,0.1,0.4,1992MM05,98.5
26122,A6,332900,26122,-0.1,-0.4,1992MM06,98.1
26123,A6,332900,26123,-1.1,-0.7,1992MM07,97.4
26124,A6,332900,26124,-0.7,-0.1,1992MM08,97.3
26125,A6,332900,26125,-0.7,-0.1,1992MM09,97.2
26126,A6,332900,26126,-0.6,0.2,1992MM10,97.4
26127,A6,332900,26127,-0.5,0.0,1992MM11,97.4
26128,A6,332900,26128,-0.7,-0.1,1992MM12,97.3
26130,A6,332900,26130,-0.9,0.0,1993MM01,97.2
26131,A6,332900,26131,-0.6,0.3,1993MM02,97.5
26132,A6,332900,26132,-1.2,-0.4,1993MM03,97.1
26133,A6,332900,26133,-0.8,0.1,1993MM04,97.3
26134,A6,332900,26134,-1.3,-0.1,1993MM05,97.1
26135,A6,332900,26135,-1.0,0.0,1993MM06,97.1
26136,A6,332900,26136,-0.5,-0.3,1993MM07,96.9
26137,A6,332900,26137,-0.6,-0.2,1993MM08,96.7
26138,A6,332900,26138,-0.7,-0.2,1993MM09,96.5
26139,A6,332900,26139,-1.3,-0.4,1993MM10,96.1
26140,A6,332900,26140,-1.2,0.1,1993MM11,96.2
26141,A6,332900,26141,-0.9,0.2,1993MM12,96.4
26143,A6,332900,26143,-1.0,-0.2,1994MM01,96.2
26144,A6,332900,26144,-1.3,0.0,1994MM02,96.2
26145,A6,332900,26145,-0.9,0.0,1994MM03,96.2
26146,A6,332900,26146,-1.1,0.0,1994MM04,96.2
26147,A6,332900,26147,-1.6,-0.6,1994MM05,95.6
26148,A6,332900,26148,-1.6,-0.1,1994MM06,95.6
26149,A6,332900,26149,-1.9,-0.5,1994MM07,95.1
26150,A6,332900,26150,-1.8,-0.1,1994MM08,95.0
26151,A6,332900,26151,-1.5,0.1,1994MM09,95.0
26152,A6,332900,26152,-1.4,-0.3,1994MM10,94.8
26153,A6,332900,26153,-1.5,0.0,1994MM11,94.8
26154,A6,332900,26154,-1.6,0.0,1994MM12,94.8
26156,A6,332900,26156,-1.9,-0.5,1995MM01,94.4
26157,A6,332900,26157,-2.0,0.0,1995MM02,94.4
26158,A6,332900,26158,-2.0,0.0,1995MM03,94.3
26159,A6,332900,26159,-2.1,-0.2,1995MM04,94.1
26160,A6,332900,26160,-1.6,0.0,1995MM05,94.1
26161,A6,332900,26161,-1.5,-0.1,1995MM06,94.1
26162,A6,332900,26162,-1.0,0.1,1995MM07,94.1
26163,A6,332900,26163,-0.8,0.1,1995MM08,94.2
26164,A6,332900,26164,-1.0,-0.1,1995MM09,94.1
26165,A6,332900,26165,-1.0,-0.3,1995MM10,93.8
26166,A6,332900,26166,-1.0,0.1,1995MM11,93.9
26167,A6,332900,26167,-1.0,0.1,1995MM12,93.9
26169,A6,332900,26169,-0.5,0.0,1996MM01,93.9
26170,A6,332900,26170,-0.5,-0.1,1996MM02,93.9
26171,A6,332900,26171,-0.5,0.0,1996MM03,93.8
26172,A6,332900,26172,-0.3,0.0,1996MM04,93.8
26173,A6,332900,26173,-0.4,-0.1,1996MM05,93.7
26174,A6,332900,26174,-0.4,-0.1,1996MM06,93.7
26175,A6,332900,26175,-0.6,-0.1,1996MM07,93.5
26176,A6,332900,26176,-0.8,-0.1,1996MM08,93.5
26177,A6,332900,26177,-0.6,0.0,1996MM09,93.5
26178,A6,332900,26178,-0.4,-0.1,1996MM10,93.4
26179,A6,332900,26179,-0.6,-0.1,1996MM11,93.3
26180,A6,332900,26180,-0.7,-0.1,1996MM12,93.2
26182,A6,332900,26182,-0.9,-0.1,1997MM01,93.1
26183,A6,332900,26183,-0.7,0.1,1997MM02,93.2
26184,A6,332900,26184,-0.6,0.1,1997MM03,93.3
26185,A6,332900,26185,-0.5,0.0,1997MM04,93.4
26186,A6,332900,26186,-0.4,0.0,1997MM05,93.3
26187,A6,332900,26187,-0.3,0.1,1997MM06,93.4
26188,A6,332900,26188,-0.1,0.0,1997MM07,93.4
26189,A6,332900,26189,0.0,0.0,1997MM08,93.5
26190,A6,332900,26190,-0.1,-0.1,1997MM09,93.4
26191,A6,332900,26191,0.0,0.0,1997MM10,93.4
26192,A6,332900,26192,0.2,0.1,1997MM11,93.5
26193,A6,332900,26193,0.1,-0.2,1997MM12,93.3
26195,A6,332900,26195,0.8,0.6,1998MM01,93.9
26196,A6,332900,26196,0.7,0.0,1998MM02,93.9
26197,A6,332900,26197,0.6,0.0,1998MM03,93.9
26198,A6,332900,26198,0.4,-0.1,1998MM04,93.7
26199,A6,332900,26199,0.3,-0.1,1998MM05,93.6
26200,A6,332900,26200,0.2,0.0,1998MM06,93.6
26201,A6,332900,26201,0.3,0.1,1998MM07,93.7
26202,A6,332900,26202,0.3,0.0,1998MM08,93.8
26203,A6,332900,26203,0.3,-0.1,1998MM09,93.7
26204,A6,332900,26204,0.2,-0.1,1998MM10,93.6
26205,A6,332900,26205,0.1,0.0,1998MM11,93.6
26206,A6,332900,26206,0.2,-0.1,1998MM12,93.5
26208,A6,332900,26208,-1.1,-0.7,1999MM01,92.8
26209,A6,332900,26209,-1.1,0.1,1999MM02,92.9
26210,A6,332900,26210,-1.0,0.1,1999MM03,93.0
26211,A6,332900,26211,-0.7,0.1,1999MM04,93.0
26212,A6,332900,26212,-0.6,0.0,1999MM05,93.1
26213,A6,332900,26213,-0.6,0.1,1999MM06,93.1
26214,A6,332900,26214,-0.5,0.1,1999MM07,93.3
26215,A6,332900,26215,-0.6,-0.1,1999MM08,93.2
26216,A6,332900,26216,-0.5,0.0,1999MM09,93.2
26217,A6,332900,26217,-0.7,-0.3,1999MM10,92.9
26218,A6,332900,26218,-0.6,0.0,1999MM11,93.0
26219,A6,332900,26219,-0.6,0.0,1999MM12,93.0
26221,A6,332900,26221,0.2,0.1,2000MM01,93.0
26222,A6,332900,26222,0.3,0.1,2000MM02,93.1
26223,A6,332900,26223,0.2,0.0,2000MM03,93.2
26224,A6,332900,26224,0.6,0.5,2000MM04,93.6
26225,A6,332900,26225,0.7,0.1,2000MM05,93.7
26226,A6,332900,26226,0.7,0.0,2000MM06,93.8
26227,A6,332900,26227,1.1,0.5,2000MM07,94.3
26228,A6,332900,26228,1.2,0.0,2000MM08,94.3
26229,A6,332900,26229,1.0,-0.2,2000MM09,94.1
26230,A6,332900,26230,1.5,0.2,2000MM10,94.3
26231,A6,332900,26231,1.6,0.1,2000MM11,94.4
26232,A6,332900,26232,1.5,0.0,2000MM12,94.4
26234,A6,332900,26234,2.6,1.2,2001MM01,95.5
26235,A6,332900,26235,2.6,0.0,2001MM02,95.5
26236,A6,332900,26236,2.5,0.0,2001MM03,95.5
26237,A6,332900,26237,1.9,-0.1,2001MM04,95.4
26238,A6,332900,26238,1.8,0.0,2001MM05,95.5
26239,A6,332900,26239,2.1,0.2,2001MM06,95.7
26240,A6,332900,26240,1.8,0.2,2001MM07,95.9
26241,A6,332900,26241,1.6,-0.2,2001MM08,95.8
26242,A6,332900,26242,1.9,0.1,2001MM09,95.9
26243,A6,332900,26243,1.7,0.1,2001MM10,96.0
26244,A6,332900,26244,1.9,0.2,2001MM11,96.2
26245,A6,332900,26245,1.6,-0.3,2001MM12,95.9
26247,A6,332900,26247,0.0,-0.4,2002MM01,95.5
26248,A6,332900,26248,0.0,0.1,2002MM02,95.5
26249,A6,332900,26249,0.0,0.0,2002MM03,95.6
26250,A6,332900,26250,0.1,-0.1,2002MM04,95.5
26251,A6,332900,26251,0.0,0.0,2002MM05,95.5
26252,A6,332900,26252,-0.2,0.1,2002MM06,95.5
26253,A6,332900,26253,-0.2,0.2,2002MM07,95.7
26254,A6,332900,26254,0.1,0.2,2002MM08,95.9
26255,A6,332900,26255,-0.1,-0.1,2002MM09,95.8
26256,A6,332900,26256,-0.6,-0.4,2002MM10,95.4
26257,A6,332900,26257,-0.9,-0.1,2002MM11,95.3
26258,A6,332900,26258,-0.6,0.0,2002MM12,95.3
26260,A6,332900,26260,-0.2,0.0,2003MM01,95.2
26261,A6,332900,26261,-0.3,0.0,2003MM02,95.3
26262,A6,332900,26262,-0.3,0.0,2003MM03,95.3
26263,A6,332900,26263,-0.4,-0.2,2003MM04,95.1
26264,A6,332900,26264,-0.6,-0.2,2003MM05,94.9
26265,A6,332900,26265,-0.8,-0.1,2003MM06,94.8
26266,A6,332900,26266,-0.6,0.3,2003MM07,95.1
26267,A6,332900,26267,-0.8,0.0,2003MM08,95.1
26268,A6,332900,26268,-0.7,0.0,2003MM09,95.1
26269,A6,332900,26269,-0.3,0.0,2003MM10,95.1
26270,A6,332900,26270,-0.1,0.1,2003MM11,95.2
26271,A6,332900,26271,-0.2,-0.1,2003MM12,95.1
26273,A6,332900,26273,-1.3,-1.2,2004MM01,94.0
26274,A6,332900,26274,-1.3,0.0,2004MM02,94.0
26275,A6,332900,26275,-1.2,0.1,2004MM03,94.1
26276,A6,332900,26276,-0.7,0.3,2004MM04,94.4
26277,A6,332900,26277,-0.4,0.1,2004MM05,94.5
26278,A6,332900,26278,-0.1,0.3,2004MM06,94.7
26279,A6,332900,26279,-0.3,0.1,2004MM07,94.8
26280,A6,332900,26280,-0.4,-0.1,2004MM08,94.7
26281,A6,332900,26281,-0.4,0.0,2004MM09,94.8
26282,A6,332900,26282,-0.1,0.2,2004MM10,95.0
26283,A6,332900,26283,-0.8,-0.5,2004MM11,94.5
26284,A6,332900,26284,-1.3,-0.7,2004MM12,93.8
26286,A6,332900,26286,-1.07692307692,-0.25,2005MM01,95.0
26287,A6,332900,26287,-0.853846153846,0.2,2005MM02,95.2
26288,A6,332900,26288,-0.630769230769,-0.1,2005MM03,95.1
26289,A6,332900,26289,-0.407692307692,0.3,2005MM04,95.4
26290,A6,332900,26290,-0.184615384615,0.6,2005MM05,95.9
26291,A6,332900,26291,0.0384615384615,0.9,2005MM06,96.8
26292,A6,332900,26292,0.261538461538,0.2,2005MM07,96.9
26293,A6,332900,26293,0.484615384615,-0.4,2005MM08,96.5
26294,A6,332900,26294,0.707692307692,0.1,2005MM09,96.6
26295,A6,332900,26295,0.930769230769,0.5,2005MM10,97.1
26296,A6,332900,26296,1.15384615385,0.4,2005MM11,97.5
26297,A6,332900,26297,1.37692307692,0.1,2005MM12,97.6
26299,A6,332900,26299,1.6,-1.1,2006MM01,96.5
26300,A6,332900,26300,1.7,0.3,2006MM02,96.8
26301,A6,332900,26301,1.7,-0.1,2006MM03,96.7
26302,A6,332900,26302,0.9,-0.5,2006MM04,96.2
26303,A6,332900,26303,-0.4,-0.7,2006MM05,95.6
26304,A6,332900,26304,-1.0,0.3,2006MM06,95.8
26305,A6,332900,26305,-1.5,-0.3,2006MM07,95.5
26306,A6,332900,26306,-1.2,-0.2,2006MM08,95.3
26307,A6,332900,26307,-1.2,0.1,2006MM09,95.4
26308,A6,332900,26308,-1.5,0.3,2006MM10,95.7
26309,A6,332900,26309,-2.3,-0.4,2006MM11,95.3
26310,A6,332900,26310,-2.5,-0.1,2006MM12,95.2
26312,A6,332900,26312,-0.7,0.7,2007MM01,95.9
26313,A6,332900,26313,-1.1,-0.1,2007MM02,95.7
26314,A6,332900,26314,-1.2,-0.2,2007MM03,95.6
26315,A6,332900,26315,-0.6,0.1,2007MM04,95.6
26316,A6,332900,26316,0.2,0.1,2007MM05,95.7
26317,A6,332900,26317,0.0,0.1,2007MM06,95.8
26318,A6,332900,26318,-0.5,-0.8,2007MM07,95.0
26319,A6,332900,26319,-0.2,0.1,2007MM08,95.1
26320,A6,332900,26320,-0.6,-0.3,2007MM09,94.8
26321,A6,332900,26321,-1.3,-0.4,2007MM10,94.5
26322,A6,332900,26322,-1.2,-0.3,2007MM11,94.1
26323,A6,332900,26323,-0.9,0.1,2007MM12,94.3
26325,A6,332900,26325,-1.5,0.2,2008MM01,94.4
26326,A6,332900,26326,-1.3,0.1,2008MM02,94.5
26327,A6,332900,26327,-1.8,-0.8,2008MM03,93.8
26328,A6,332900,26328,-0.1,1.9,2008MM04,95.6
26329,A6,332900,26329,0.3,0.4,2008MM05,96.0
26330,A6,332900,26330,0.2,0.0,2008MM06,96.0
26331,A6,332900,26331,1.4,0.4,2008MM07,96.4
26332,A6,332900,26332,2.1,0.8,2008MM08,97.1
26333,A6,332900,26333,3.3,0.9,2008MM09,98.0
26334,A6,332900,26334,5.5,1.7,2008MM10,99.6
26335,A6,332900,26335,7.1,1.2,2008MM11,100.8
26336,A6,332900,26336,5.9,-1.0,2008MM12,99.8
26338,A6,332900,26338,5.9,0.2,2009MM01,100.0
26339,A6,332900,26339,6.5,0.6,2009MM02,100.6
26340,A6,332900,26340,6.8,-0.4,2009MM03,100.2
26341,A6,332900,26341,4.3,-0.6,2009MM04,99.7
26342,A6,332900,26342,3.1,-0.7,2009MM05,98.9
26343,A6,332900,26343,2.5,-0.5,2009MM06,98.4
26344,A6,332900,26344,2.0,-0.1,2009MM07,98.3
26345,A6,332900,26345,1.1,-0.1,2009MM08,98.2
26346,A6,332900,26346,-0.1,-0.3,2009MM09,97.9
26347,A6,332900,26347,-2.7,-1.0,2009MM10,96.9
26348,A6,332900,26348,-4.0,-0.1,2009MM11,96.8
26349,A6,332900,26349,-2.6,0.4,2009MM12,97.2
26351,A6,332900,26351,-2.1,0.8,2010MM01,97.9
26352,A6,332900,26352,-2.0,0.7,2010MM02,98.6
26353,A6,332900,26353,-1.4,0.2,2010MM03,98.9
26354,A6,332900,26354,-0.4,0.4,2010MM04,99.3
26355,A6,332900,26355,1.7,1.3,2010MM05,100.6
26356,A6,332900,26356,2.7,0.5,2010MM06,101.1
26357,A6,332900,26357,2.3,-0.5,2010MM07,100.6
26358,A6,332900,26358,2.3,-0.2,2010MM08,100.4
26359,A6,332900,26359,3.3,0.7,2010MM09,101.1
26360,A6,332900,26360,3.2,-1.1,2010MM10,100.1
26361,A6,332900,26361,3.6,0.3,2010MM11,100.4
26362,A6,332900,26362,4.0,0.7,2010MM12,101.0
26364,A6,332900,26364,1.8,-1.3,2011MM01,99.7
26365,A6,332900,26365,1.1,0.0,2011MM02,99.7
26366,A6,332900,26366,0.5,-0.4,2011MM03,99.3
26367,A6,332900,26367,-0.3,-0.4,2011MM04,99.0
26368,A6,332900,26368,-1.5,0.1,2011MM05,99.1
26369,A6,332900,26369,-1.8,0.1,2011MM06,99.2
26370,A6,332900,26370,-1.2,0.2,2011MM07,99.4
26371,A6,332900,26371,-1.1,-0.1,2011MM08,99.4
26372,A6,332900,26372,-1.1,0.6,2011MM09,100.0
26373,A6,332900,26373,0.1,0.1,2011MM10,100.1
26374,A6,332900,26374,0.0,0.2,2011MM11,100.4
26375,A6,332900,26375,-0.3,0.4,2011MM12,100.7
26377,A6,332900,26377,0.8,-0.3,2012MM01,100.5
26378,A6,332900,26378,0.5,-0.3,2012MM02,100.2
26379,A6,332900,26379,0.9,0.0,2012MM03,100.2
26380,A6,332900,26380,1.3,0.0,2012MM04,100.3
26381,A6,332900,26381,1.5,0.4,2012MM05,100.6
26382,A6,332900,26382,1.8,0.4,2012MM06,101.0
26383,A6,332900,26383,2.2,0.6,2012MM07,101.6
26384,A6,332900,26384,2.1,-0.1,2012MM08,101.5
26385,A6,332900,26385,1.1,-0.4,2012MM09,101.1
26386,A6,332900,26386,0.7,-0.2,2012MM10,100.8
26387,A6,332900,26387,0.6,0.1,2012MM11,100.9
26388,A6,332900,26388,-0.1,-0.3,2012MM12,100.7
26390,A6,332900,26390,0.8,0.6,2013MM01,101.3
26391,A6,332900,26391,1.0,-0.1,2013MM02,101.2
26392,A6,332900,26392,1.4,0.4,2013MM03,101.6
26393,A6,332900,26393,1.2,-0.2,2013MM04,101.4
26394,A6,332900,26394,0.8,0.0,2013MM05,101.4
26395,A6,332900,26395,0.3,-0.1,2013MM06,101.3
26396,A6,332900,26396,-0.3,0.0,2013MM07,101.3
26397,A6,332900,26397,-0.4,-0.2,2013MM08,101.1
26398,A6,332900,26398,0.0,-0.1,2013MM09,101.0
26399,A6,332900,26399,-0.2,-0.4,2013MM10,100.6
26400,A6,332900,26400,-0.2,0.1,2013MM11,100.7
26401,A6,332900,26401,-0.2,-0.3,2013MM12,100.4
26403,A6,332900,26403,-1.5,-0.7,2014MM01,99.7
26404,A6,332900,26404,-1.6,-0.1,2014MM02,99.6
26405,A6,332900,26405,-2.1,-0.2,2014MM03,99.4
26406,A6,332900,26406,-1.8,0.2,2014MM04,99.6
26407,A6,332900,26407,-1.7,0.1,2014MM05,99.7
26408,A6,332900,26408,-1.4,0.1,2014MM06,99.9
26409,A6,332900,26409,-1.5,-0.1,2014MM07,99.8
26410,A6,332900,26410,-1.1,0.2,2014MM08,100.0
26411,A6,332900,26411,-0.6,0.4,2014MM09,100.4
26412,A6,332900,26412,0.0,0.3,2014MM10,100.7
26413,A6,332900,26413,0.2,0.2,2014MM11,100.9
26414,A6,332900,26414,0.6,0.2,2014MM12,101.1
26416,A6,332900,26416,2.3,0.9,2015MM01,102.0
26417,A6,332900,26417,2.7,0.4,2015MM02,102.3
26418,A6,332900,26418,3.8,0.8,2015MM03,103.2
26419,A6,332900,26419,5.0,1.4,2015MM04,104.6
26420,A6,332900,26420,4.3,-0.6,2015MM05,104.0
26421,A6,332900,26421,3.8,-0.4,2015MM06,103.6
26422,A6,332900,26422,4.2,0.3,2015MM07,104.0
26423,A6,332900,26423,3.8,-0.2,2015MM08,103.8
26424,A6,332900,26424,3.3,-0.1,2015MM09,103.7
26425,A6,332900,26425,3.0,0.0,2015MM10,103.7
26426,A6,332900,26426,3.6,0.8,2015MM11,104.5
26427,A6,332900,26427,3.0,-0.4,2015MM12,104.1
26429,A6,332900,26429,1.6,-0.4,2016MM01,103.6
26430,A6,332900,26430,0.9,-0.4,2016MM02,103.2
26431,A6,332900,26431,0.1,0.0,2016MM03,103.2
26432,A6,332900,26432,-1.5,-0.2,2016MM04,103.0
26433,A6,332900,26433,-1.0,0.0,2016MM05,103.0
26434,A6,332900,26434,-0.6,0.0,2016MM06,103.0
26435,A6,332900,26435,-1.1,-0.2,2016MM07,102.8
26436,A6,332900,26436,-1.3,-0.4,2016MM08,102.4
26437,A6,332900,26437,-1.2,0.0,2016MM09,102.5
26438,A6,332900,26438,-1.5,-0.4,2016MM10,102.1
26439,A6,332900,26439,-1.9,0.4,2016MM11,102.5
26440,A6,332900,26440,-1.1,0.5,2016MM12,102.9
26442,A6,332900,26442,-0.3,0.4,2017MM01,103.3
26443,A6,332900,26443,0.1,0.0,2017MM02,103.3
26444,A6,332900,26444,0.0,-0.1,2017MM03,103.2
26445,A6,332900,26445,0.4,0.2,2017MM04,103.5
26446,A6,332900,26446,-0.1,-0.6,2017MM05,102.9
26447,A6,332900,26447,-0.4,-0.3,2017MM06,102.6
26448,A6,332900,26448,-0.3,-0.2,2017MM07,102.5
26449,A6,332900,26449,-0.4,-0.4,2017MM08,102.0
26450,A6,332900,26450,-0.5,-0.1,2017MM09,102.0
26451,A6,332900,26451,0.1,0.2,2017MM10,102.2
26452,A6,332900,26452,-0.2,0.1,2017MM11,102.2
26453,A6,332900,26453,-0.7,0.0,2017MM12,102.2
