,Afzet,BedrijfstakkenBranchesSBI2008,ID,OntwikkelingTOV1JaarEerder_2,OntwikkelingTOV1MaandEerder_3,Perioden,ProducentenprijsindexPPI_1
58201,A4,332900,58201,-0.276923076923,0.35,1981MM01,71.3
58202,A4,332900,58202,0.146153846154,0.7,1981MM02,71.9
58203,A4,332900,58203,0.569230769231,0.1,1981MM03,71.9
58204,A4,332900,58204,0.992307692308,0.6,1981MM04,72.3
58205,A4,332900,58205,1.41538461538,0.1,1981MM05,72.4
58206,A4,332900,58206,1.83846153846,0.0,1981MM06,72.4
58207,A4,332900,58207,2.26153846154,0.0,1981MM07,72.4
58208,A4,332900,58208,2.68461538462,0.3,1981MM08,72.6
58209,A4,332900,58209,3.10769230769,0.3,1981MM09,72.8
58210,A4,332900,58210,3.53076923077,0.3,1981MM10,73.0
58211,A4,332900,58211,3.95384615385,0.1,1981MM11,73.1
58212,A4,332900,58212,4.37692307692,0.1,1981MM12,73.2
58214,A4,332900,58214,4.8,2.2,1982MM01,74.7
58215,A4,332900,58215,4.5,0.5,1982MM02,75.1
58216,A4,332900,58216,4.5,0.1,1982MM03,75.2
58217,A4,332900,58217,4.3,0.3,1982MM04,75.4
58218,A4,332900,58218,4.2,0.0,1982MM05,75.4
58219,A4,332900,58219,4.2,0.0,1982MM06,75.4
58220,A4,332900,58220,4.6,0.4,1982MM07,75.7
58221,A4,332900,58221,4.2,-0.1,1982MM08,75.6
58222,A4,332900,58222,4.6,0.7,1982MM09,76.1
58223,A4,332900,58223,4.4,0.1,1982MM10,76.2
58224,A4,332900,58224,4.4,0.0,1982MM11,76.3
58225,A4,332900,58225,4.2,0.0,1982MM12,76.3
58227,A4,332900,58227,3.3,1.3,1983MM01,77.2
58228,A4,332900,58228,3.3,0.4,1983MM02,77.5
58229,A4,332900,58229,3.2,0.1,1983MM03,77.6
58230,A4,332900,58230,2.6,-0.3,1983MM04,77.4
58231,A4,332900,58231,2.6,0.0,1983MM05,77.4
58232,A4,332900,58232,2.6,0.0,1983MM06,77.4
58233,A4,332900,58233,2.5,0.3,1983MM07,77.6
58234,A4,332900,58234,2.6,0.0,1983MM08,77.6
58235,A4,332900,58235,1.7,-0.2,1983MM09,77.4
58236,A4,332900,58236,1.8,0.2,1983MM10,77.6
58237,A4,332900,58237,1.9,0.2,1983MM11,77.7
58238,A4,332900,58238,2.1,0.2,1983MM12,77.9
58240,A4,332900,58240,1.1,0.3,1984MM01,78.1
58241,A4,332900,58241,1.0,0.2,1984MM02,78.3
58242,A4,332900,58242,0.8,-0.1,1984MM03,78.2
58243,A4,332900,58243,1.2,0.1,1984MM04,78.3
58244,A4,332900,58244,1.6,0.3,1984MM05,78.6
58245,A4,332900,58245,1.7,0.1,1984MM06,78.7
58246,A4,332900,58246,2.0,0.6,1984MM07,79.1
58247,A4,332900,58247,2.1,0.1,1984MM08,79.2
58248,A4,332900,58248,2.7,0.4,1984MM09,79.5
58249,A4,332900,58249,2.6,0.1,1984MM10,79.6
58250,A4,332900,58250,1.8,-0.6,1984MM11,79.1
58251,A4,332900,58251,1.9,0.3,1984MM12,79.4
58253,A4,332900,58253,2.7,1.0,1985MM01,80.2
58254,A4,332900,58254,1.9,-0.5,1985MM02,79.8
58255,A4,332900,58255,2.3,0.3,1985MM03,80.0
58256,A4,332900,58256,2.4,0.2,1985MM04,80.2
58257,A4,332900,58257,2.0,-0.1,1985MM05,80.2
58258,A4,332900,58258,2.2,0.3,1985MM06,80.4
58259,A4,332900,58259,1.4,-0.2,1985MM07,80.3
58260,A4,332900,58260,1.5,0.2,1985MM08,80.4
58261,A4,332900,58261,1.2,0.1,1985MM09,80.5
58262,A4,332900,58262,0.9,-0.1,1985MM10,80.4
58263,A4,332900,58263,2.2,0.7,1985MM11,80.9
58264,A4,332900,58264,1.8,-0.1,1985MM12,80.8
58266,A4,332900,58266,0.8,0.0,1986MM01,80.8
58267,A4,332900,58267,2.0,0.7,1986MM02,81.4
58268,A4,332900,58268,2.2,0.5,1986MM03,81.8
58269,A4,332900,58269,2.1,0.2,1986MM04,81.9
58270,A4,332900,58270,2.3,0.1,1986MM05,82.0
58271,A4,332900,58271,1.3,-0.7,1986MM06,81.5
58272,A4,332900,58272,1.4,-0.1,1986MM07,81.4
58273,A4,332900,58273,1.1,0.0,1986MM08,81.3
58274,A4,332900,58274,1.0,-0.1,1986MM09,81.3
58275,A4,332900,58275,1.2,0.1,1986MM10,81.4
58276,A4,332900,58276,0.5,-0.1,1986MM11,81.3
58277,A4,332900,58277,0.0,-0.6,1986MM12,80.8
58279,A4,332900,58279,0.0,0.1,1987MM01,80.9
58280,A4,332900,58280,-0.6,0.0,1987MM02,80.9
58281,A4,332900,58281,-1.2,-0.1,1987MM03,80.8
58282,A4,332900,58282,-1.2,0.1,1987MM04,80.9
58283,A4,332900,58283,-1.5,-0.1,1987MM05,80.8
58284,A4,332900,58284,-0.8,0.0,1987MM06,80.8
58285,A4,332900,58285,-0.9,-0.2,1987MM07,80.6
58286,A4,332900,58286,-0.8,0.0,1987MM08,80.7
58287,A4,332900,58287,-0.8,0.0,1987MM09,80.7
58288,A4,332900,58288,-0.5,0.3,1987MM10,80.9
58289,A4,332900,58289,-0.3,0.1,1987MM11,81.0
58290,A4,332900,58290,0.1,-0.2,1987MM12,80.8
58292,A4,332900,58292,-0.1,0.0,1988MM01,80.8
58293,A4,332900,58293,-0.2,-0.1,1988MM02,80.7
58294,A4,332900,58294,0.0,0.1,1988MM03,80.8
58295,A4,332900,58295,1.3,1.5,1988MM04,82.0
58296,A4,332900,58296,0.5,-0.9,1988MM05,81.3
58297,A4,332900,58297,0.6,0.1,1988MM06,81.3
58298,A4,332900,58298,0.9,0.1,1988MM07,81.4
58299,A4,332900,58299,1.2,0.3,1988MM08,81.6
58300,A4,332900,58300,1.3,0.1,1988MM09,81.7
58301,A4,332900,58301,1.2,0.3,1988MM10,81.9
58302,A4,332900,58302,1.6,0.4,1988MM11,82.2
58303,A4,332900,58303,1.9,0.1,1988MM12,82.3
58305,A4,332900,58305,2.0,0.1,1989MM01,82.4
58306,A4,332900,58306,2.2,0.1,1989MM02,82.5
58307,A4,332900,58307,2.3,0.2,1989MM03,82.7
58308,A4,332900,58308,0.9,0.1,1989MM04,82.7
58309,A4,332900,58309,2.2,0.3,1989MM05,83.0
58310,A4,332900,58310,2.0,-0.1,1989MM06,82.9
58311,A4,332900,58311,1.7,-0.1,1989MM07,82.8
58312,A4,332900,58312,1.4,0.0,1989MM08,82.8
58313,A4,332900,58313,1.6,0.3,1989MM09,83.0
58314,A4,332900,58314,1.4,0.0,1989MM10,83.1
58315,A4,332900,58315,0.9,-0.1,1989MM11,82.9
58316,A4,332900,58316,0.7,0.0,1989MM12,82.9
58318,A4,332900,58318,0.7,0.1,1990MM01,83.0
58319,A4,332900,58319,0.8,0.2,1990MM02,83.2
58320,A4,332900,58320,0.7,0.0,1990MM03,83.2
58321,A4,332900,58321,0.7,0.2,1990MM04,83.3
58322,A4,332900,58322,-0.2,-0.6,1990MM05,82.8
58323,A4,332900,58323,-0.1,0.0,1990MM06,82.8
58324,A4,332900,58324,0.0,0.0,1990MM07,82.8
58325,A4,332900,58325,0.1,0.1,1990MM08,82.9
58326,A4,332900,58326,-0.2,-0.1,1990MM09,82.8
58327,A4,332900,58327,-0.3,0.0,1990MM10,82.8
58328,A4,332900,58328,-0.3,-0.2,1990MM11,82.7
58329,A4,332900,58329,-0.2,0.0,1990MM12,82.7
58331,A4,332900,58331,-0.3,0.0,1991MM01,82.7
58332,A4,332900,58332,0.1,0.6,1991MM02,83.3
58333,A4,332900,58333,-0.1,-0.2,1991MM03,83.1
58334,A4,332900,58334,-0.3,0.0,1991MM04,83.1
58335,A4,332900,58335,0.4,0.0,1991MM05,83.2
58336,A4,332900,58336,0.4,0.0,1991MM06,83.1
58337,A4,332900,58337,0.8,0.4,1991MM07,83.5
58338,A4,332900,58338,0.8,0.0,1991MM08,83.5
58339,A4,332900,58339,0.7,-0.1,1991MM09,83.4
58340,A4,332900,58340,0.7,0.0,1991MM10,83.4
58341,A4,332900,58341,0.8,-0.1,1991MM11,83.3
58342,A4,332900,58342,0.6,-0.1,1991MM12,83.3
58344,A4,332900,58344,0.7,0.0,1992MM01,83.3
58345,A4,332900,58345,0.0,0.0,1992MM02,83.3
58346,A4,332900,58346,-0.2,-0.4,1992MM03,82.9
58347,A4,332900,58347,0.3,0.5,1992MM04,83.4
58348,A4,332900,58348,0.4,0.1,1992MM05,83.5
58349,A4,332900,58349,0.5,0.1,1992MM06,83.5
58350,A4,332900,58350,-0.6,-0.6,1992MM07,83.0
58351,A4,332900,58351,-0.6,0.1,1992MM08,83.0
58352,A4,332900,58352,-0.5,-0.1,1992MM09,83.0
58353,A4,332900,58353,-0.6,-0.1,1992MM10,82.9
58354,A4,332900,58354,-0.6,0.0,1992MM11,82.9
58355,A4,332900,58355,-0.5,0.0,1992MM12,82.9
58357,A4,332900,58357,-1.1,-0.6,1993MM01,82.4
58358,A4,332900,58358,-1.2,0.0,1993MM02,82.3
58359,A4,332900,58359,-0.6,0.1,1993MM03,82.4
58360,A4,332900,58360,-2.0,-0.9,1993MM04,81.7
58361,A4,332900,58361,-1.9,0.2,1993MM05,81.8
58362,A4,332900,58362,-2.1,-0.1,1993MM06,81.8
58363,A4,332900,58363,-1.5,0.0,1993MM07,81.8
58364,A4,332900,58364,-1.4,0.1,1993MM08,81.9
58365,A4,332900,58365,-1.4,-0.1,1993MM09,81.8
58366,A4,332900,58366,-1.4,0.0,1993MM10,81.7
58367,A4,332900,58367,-1.4,0.0,1993MM11,81.7
58368,A4,332900,58368,-1.5,0.0,1993MM12,81.7
58370,A4,332900,58370,-0.9,0.0,1994MM01,81.6
58371,A4,332900,58371,-1.3,-0.4,1994MM02,81.3
58372,A4,332900,58372,-1.5,-0.1,1994MM03,81.2
58373,A4,332900,58373,-0.5,0.0,1994MM04,81.2
58374,A4,332900,58374,-1.2,-0.5,1994MM05,80.8
58375,A4,332900,58375,-1.2,0.0,1994MM06,80.8
58376,A4,332900,58376,-1.1,0.1,1994MM07,80.9
58377,A4,332900,58377,-1.2,0.0,1994MM08,80.9
58378,A4,332900,58378,-1.0,0.1,1994MM09,81.0
58379,A4,332900,58379,-0.9,0.0,1994MM10,81.0
58380,A4,332900,58380,-0.9,0.0,1994MM11,81.0
58381,A4,332900,58381,-0.7,0.1,1994MM12,81.1
58383,A4,332900,58383,-0.7,-0.1,1995MM01,81.0
58384,A4,332900,58384,-0.4,-0.2,1995MM02,80.9
58385,A4,332900,58385,-0.1,0.3,1995MM03,81.2
58386,A4,332900,58386,0.0,0.1,1995MM04,81.3
58387,A4,332900,58387,0.6,0.0,1995MM05,81.3
58388,A4,332900,58388,0.6,0.0,1995MM06,81.3
58389,A4,332900,58389,0.7,0.2,1995MM07,81.5
58390,A4,332900,58390,0.8,0.0,1995MM08,81.5
58391,A4,332900,58391,0.7,0.0,1995MM09,81.5
58392,A4,332900,58392,-0.2,-0.8,1995MM10,80.9
58393,A4,332900,58393,-0.2,0.0,1995MM11,80.9
58394,A4,332900,58394,-0.3,0.0,1995MM12,80.9
58396,A4,332900,58396,0.5,0.7,1996MM01,81.4
58397,A4,332900,58397,0.6,0.0,1996MM02,81.4
58398,A4,332900,58398,0.3,0.0,1996MM03,81.4
58399,A4,332900,58399,0.1,-0.1,1996MM04,81.3
58400,A4,332900,58400,0.0,0.0,1996MM05,81.3
58401,A4,332900,58401,0.0,0.0,1996MM06,81.3
58402,A4,332900,58402,-0.7,-0.4,1996MM07,81.0
58403,A4,332900,58403,-0.8,-0.1,1996MM08,80.9
58404,A4,332900,58404,-0.8,0.0,1996MM09,80.9
58405,A4,332900,58405,-1.1,-1.1,1996MM10,80.0
58406,A4,332900,58406,-1.0,0.0,1996MM11,80.0
58407,A4,332900,58407,-1.0,0.0,1996MM12,80.0
58409,A4,332900,58409,-1.2,0.5,1997MM01,80.5
58410,A4,332900,58410,-1.1,0.1,1997MM02,80.5
58411,A4,332900,58411,-1.1,0.0,1997MM03,80.5
58412,A4,332900,58412,-0.8,0.2,1997MM04,80.6
58413,A4,332900,58413,-0.8,0.0,1997MM05,80.6
58414,A4,332900,58414,-0.8,0.0,1997MM06,80.7
58415,A4,332900,58415,-0.3,0.0,1997MM07,80.7
58416,A4,332900,58416,-0.2,0.0,1997MM08,80.7
58417,A4,332900,58417,-0.2,0.0,1997MM09,80.7
58418,A4,332900,58418,0.8,0.0,1997MM10,80.7
58419,A4,332900,58419,0.7,-0.1,1997MM11,80.6
58420,A4,332900,58420,0.7,0.0,1997MM12,80.6
58422,A4,332900,58422,1.2,1.1,1998MM01,81.5
58423,A4,332900,58423,1.1,-0.1,1998MM02,81.4
58424,A4,332900,58424,1.1,0.0,1998MM03,81.4
58425,A4,332900,58425,0.9,-0.1,1998MM04,81.3
58426,A4,332900,58426,0.7,-0.1,1998MM05,81.3
58427,A4,332900,58427,0.6,-0.1,1998MM06,81.2
58428,A4,332900,58428,0.9,0.3,1998MM07,81.4
58429,A4,332900,58429,0.8,-0.1,1998MM08,81.4
58430,A4,332900,58430,0.8,0.0,1998MM09,81.4
58431,A4,332900,58431,0.9,0.1,1998MM10,81.4
58432,A4,332900,58432,0.8,-0.1,1998MM11,81.3
58433,A4,332900,58433,0.9,0.0,1998MM12,81.3
58435,A4,332900,58435,0.0,0.3,1999MM01,81.5
58436,A4,332900,58436,0.1,0.0,1999MM02,81.5
58437,A4,332900,58437,0.2,0.0,1999MM03,81.5
58438,A4,332900,58438,0.2,0.0,1999MM04,81.5
58439,A4,332900,58439,0.3,0.0,1999MM05,81.5
58440,A4,332900,58440,0.3,-0.1,1999MM06,81.4
58441,A4,332900,58441,0.5,0.5,1999MM07,81.8
58442,A4,332900,58442,0.7,0.1,1999MM08,81.9
58443,A4,332900,58443,0.8,0.1,1999MM09,82.0
58444,A4,332900,58444,0.6,-0.1,1999MM10,81.9
58445,A4,332900,58445,0.7,0.0,1999MM11,81.9
58446,A4,332900,58446,0.7,0.0,1999MM12,81.8
58448,A4,332900,58448,1.2,0.8,2000MM01,82.5
58449,A4,332900,58449,1.0,-0.1,2000MM02,82.4
58450,A4,332900,58450,1.0,0.0,2000MM03,82.4
58451,A4,332900,58451,1.2,0.1,2000MM04,82.5
58452,A4,332900,58452,1.5,0.3,2000MM05,82.7
58453,A4,332900,58453,1.7,0.2,2000MM06,82.8
58454,A4,332900,58454,1.6,0.4,2000MM07,83.2
58455,A4,332900,58455,1.5,0.0,2000MM08,83.2
58456,A4,332900,58456,1.2,-0.2,2000MM09,83.0
58457,A4,332900,58457,1.8,0.4,2000MM10,83.3
58458,A4,332900,58458,1.8,0.0,2000MM11,83.4
58459,A4,332900,58459,1.7,-0.1,2000MM12,83.2
58461,A4,332900,58461,2.6,1.6,2001MM01,84.6
58462,A4,332900,58462,2.8,0.1,2001MM02,84.7
58463,A4,332900,58463,2.8,0.0,2001MM03,84.7
58464,A4,332900,58464,2.9,0.2,2001MM04,84.9
58465,A4,332900,58465,2.7,0.1,2001MM05,84.9
58466,A4,332900,58466,2.8,0.2,2001MM06,85.1
58467,A4,332900,58467,2.6,0.2,2001MM07,85.3
58468,A4,332900,58468,2.5,-0.1,2001MM08,85.2
58469,A4,332900,58469,2.9,0.2,2001MM09,85.4
58470,A4,332900,58470,2.6,0.0,2001MM10,85.5
58471,A4,332900,58471,3.2,0.6,2001MM11,86.0
58472,A4,332900,58472,3.0,-0.3,2001MM12,85.7
58474,A4,332900,58474,2.0,0.6,2002MM01,86.3
58475,A4,332900,58475,1.9,0.0,2002MM02,86.3
58476,A4,332900,58476,1.9,0.0,2002MM03,86.3
58477,A4,332900,58477,2.0,0.3,2002MM04,86.6
58478,A4,332900,58478,1.9,-0.1,2002MM05,86.5
58479,A4,332900,58479,1.8,0.1,2002MM06,86.6
58480,A4,332900,58480,1.9,0.3,2002MM07,86.9
58481,A4,332900,58481,2.7,0.8,2002MM08,87.5
58482,A4,332900,58482,2.5,0.0,2002MM09,87.6
58483,A4,332900,58483,2.6,0.1,2002MM10,87.7
58484,A4,332900,58484,1.9,-0.1,2002MM11,87.6
58485,A4,332900,58485,2.2,0.0,2002MM12,87.6
58487,A4,332900,58487,2.3,0.8,2003MM01,88.3
58488,A4,332900,58488,2.6,0.3,2003MM02,88.5
58489,A4,332900,58489,2.6,0.1,2003MM03,88.6
58490,A4,332900,58490,2.5,0.2,2003MM04,88.8
58491,A4,332900,58491,2.7,0.1,2003MM05,88.9
58492,A4,332900,58492,2.4,-0.2,2003MM06,88.7
58493,A4,332900,58493,2.0,-0.1,2003MM07,88.6
58494,A4,332900,58494,1.2,0.0,2003MM08,88.6
58495,A4,332900,58495,1.2,0.1,2003MM09,88.6
58496,A4,332900,58496,1.2,0.1,2003MM10,88.7
58497,A4,332900,58497,1.9,0.6,2003MM11,89.3
58498,A4,332900,58498,1.9,0.0,2003MM12,89.2
58500,A4,332900,58500,1.3,0.2,2004MM01,89.4
58501,A4,332900,58501,1.0,0.0,2004MM02,89.4
58502,A4,332900,58502,1.0,0.1,2004MM03,89.5
58503,A4,332900,58503,0.9,0.1,2004MM04,89.6
58504,A4,332900,58504,0.9,0.1,2004MM05,89.7
58505,A4,332900,58505,1.2,0.2,2004MM06,89.8
58506,A4,332900,58506,1.7,0.4,2004MM07,90.1
58507,A4,332900,58507,1.8,0.0,2004MM08,90.1
58508,A4,332900,58508,1.7,0.1,2004MM09,90.2
58509,A4,332900,58509,1.8,0.1,2004MM10,90.3
58510,A4,332900,58510,0.9,-0.2,2004MM11,90.1
58511,A4,332900,58511,0.4,-0.5,2004MM12,89.6
58513,A4,332900,58513,0.5,-0.25,2005MM01,90.6
58514,A4,332900,58514,0.6,0.0,2005MM02,90.6
58515,A4,332900,58515,0.7,0.1,2005MM03,90.7
58516,A4,332900,58516,0.8,0.2,2005MM04,90.8
58517,A4,332900,58517,0.9,0.0,2005MM05,90.9
58518,A4,332900,58518,1.0,0.2,2005MM06,91.1
58519,A4,332900,58519,1.1,0.1,2005MM07,91.1
58520,A4,332900,58520,1.2,0.1,2005MM08,91.2
58521,A4,332900,58521,1.3,0.0,2005MM09,91.2
58522,A4,332900,58522,1.4,0.1,2005MM10,91.2
58523,A4,332900,58523,1.5,0.1,2005MM11,91.3
58524,A4,332900,58524,1.6,0.0,2005MM12,91.3
58526,A4,332900,58526,1.7,0.9,2006MM01,92.2
58527,A4,332900,58527,1.8,0.1,2006MM02,92.3
58528,A4,332900,58528,1.9,0.1,2006MM03,92.4
58529,A4,332900,58529,1.9,0.2,2006MM04,92.6
58530,A4,332900,58530,2.0,0.1,2006MM05,92.7
58531,A4,332900,58531,1.8,0.1,2006MM06,92.7
58532,A4,332900,58532,2.0,0.3,2006MM07,93.0
58533,A4,332900,58533,2.0,0.0,2006MM08,93.0
58534,A4,332900,58534,2.0,0.1,2006MM09,93.0
58535,A4,332900,58535,2.0,0.1,2006MM10,93.1
58536,A4,332900,58536,2.1,0.1,2006MM11,93.2
58537,A4,332900,58537,2.1,0.0,2006MM12,93.2
58539,A4,332900,58539,2.4,1.3,2007MM01,94.4
58540,A4,332900,58540,2.3,-0.1,2007MM02,94.4
58541,A4,332900,58541,2.2,0.0,2007MM03,94.4
58542,A4,332900,58542,2.3,0.3,2007MM04,94.7
58543,A4,332900,58543,2.2,0.0,2007MM05,94.7
58544,A4,332900,58544,2.2,0.1,2007MM06,94.8
58545,A4,332900,58545,2.0,0.1,2007MM07,94.9
58546,A4,332900,58546,2.0,0.0,2007MM08,94.9
58547,A4,332900,58547,2.1,0.1,2007MM09,95.0
58548,A4,332900,58548,2.0,0.0,2007MM10,95.0
58549,A4,332900,58549,2.1,0.1,2007MM11,95.1
58550,A4,332900,58550,2.0,0.0,2007MM12,95.1
58552,A4,332900,58552,2.2,1.5,2008MM01,96.5
58553,A4,332900,58553,2.5,0.2,2008MM02,96.7
58554,A4,332900,58554,2.6,0.1,2008MM03,96.8
58555,A4,332900,58555,2.8,0.5,2008MM04,97.3
58556,A4,332900,58556,2.8,0.0,2008MM05,97.3
58557,A4,332900,58557,2.8,0.1,2008MM06,97.4
58558,A4,332900,58558,3.1,0.4,2008MM07,97.8
58559,A4,332900,58559,3.2,0.1,2008MM08,97.9
58560,A4,332900,58560,3.2,0.1,2008MM09,98.0
58561,A4,332900,58561,3.2,0.0,2008MM10,98.0
58562,A4,332900,58562,3.1,0.0,2008MM11,98.1
58563,A4,332900,58563,3.0,-0.1,2008MM12,98.0
58565,A4,332900,58565,2.6,1.1,2009MM01,99.1
58566,A4,332900,58566,2.5,0.1,2009MM02,99.1
58567,A4,332900,58567,2.2,-0.1,2009MM03,99.0
58568,A4,332900,58568,1.6,-0.1,2009MM04,98.9
58569,A4,332900,58569,1.5,-0.1,2009MM05,98.8
58570,A4,332900,58570,1.2,-0.2,2009MM06,98.6
58571,A4,332900,58571,0.6,-0.2,2009MM07,98.4
58572,A4,332900,58572,0.7,0.1,2009MM08,98.5
58573,A4,332900,58573,0.6,0.1,2009MM09,98.6
58574,A4,332900,58574,0.8,0.2,2009MM10,98.8
58575,A4,332900,58575,0.7,0.0,2009MM11,98.8
58576,A4,332900,58576,0.8,0.0,2009MM12,98.8
58578,A4,332900,58578,0.4,0.7,2010MM01,99.5
58579,A4,332900,58579,0.4,0.1,2010MM02,99.5
58580,A4,332900,58580,0.6,0.1,2010MM03,99.6
58581,A4,332900,58581,1.1,0.3,2010MM04,100.0
58582,A4,332900,58582,1.2,0.0,2010MM05,100.0
58583,A4,332900,58583,1.4,0.0,2010MM06,100.0
58584,A4,332900,58584,1.6,0.0,2010MM07,100.0
58585,A4,332900,58585,1.5,0.0,2010MM08,100.0
58586,A4,332900,58586,1.5,0.1,2010MM09,100.1
58587,A4,332900,58587,1.6,0.2,2010MM10,100.3
58588,A4,332900,58588,1.7,0.1,2010MM11,100.4
58589,A4,332900,58589,1.8,0.2,2010MM12,100.6
58591,A4,332900,58591,2.4,1.2,2011MM01,101.8
58592,A4,332900,58592,2.4,0.1,2011MM02,101.9
58593,A4,332900,58593,2.4,0.0,2011MM03,102.0
58594,A4,332900,58594,2.1,0.1,2011MM04,102.1
58595,A4,332900,58595,2.2,0.1,2011MM05,102.2
58596,A4,332900,58596,2.3,0.0,2011MM06,102.2
58597,A4,332900,58597,2.5,0.2,2011MM07,102.4
58598,A4,332900,58598,2.4,-0.1,2011MM08,102.4
58599,A4,332900,58599,2.3,0.1,2011MM09,102.4
58600,A4,332900,58600,2.5,0.4,2011MM10,102.8
58601,A4,332900,58601,2.4,0.1,2011MM11,102.9
58602,A4,332900,58602,2.2,-0.1,2011MM12,102.8
58604,A4,332900,58604,1.6,0.6,2012MM01,103.4
58605,A4,332900,58605,1.5,0.0,2012MM02,103.4
58606,A4,332900,58606,1.4,0.0,2012MM03,103.4
58607,A4,332900,58607,1.4,0.1,2012MM04,103.6
58608,A4,332900,58608,1.3,0.0,2012MM05,103.6
58609,A4,332900,58609,1.4,0.0,2012MM06,103.6
58610,A4,332900,58610,1.3,0.1,2012MM07,103.8
58611,A4,332900,58611,1.4,0.0,2012MM08,103.8
58612,A4,332900,58612,1.3,0.0,2012MM09,103.8
58613,A4,332900,58613,1.3,0.3,2012MM10,104.2
58614,A4,332900,58614,1.3,0.0,2012MM11,104.2
58615,A4,332900,58615,1.3,0.0,2012MM12,104.2
58617,A4,332900,58617,1.7,0.9,2013MM01,105.1
58618,A4,332900,58618,1.6,0.0,2013MM02,105.1
58619,A4,332900,58619,1.7,0.0,2013MM03,105.2
58620,A4,332900,58620,1.6,0.1,2013MM04,105.3
58621,A4,332900,58621,1.5,-0.1,2013MM05,105.2
58622,A4,332900,58622,1.4,-0.1,2013MM06,105.1
58623,A4,332900,58623,1.7,0.4,2013MM07,105.6
58624,A4,332900,58624,1.7,0.0,2013MM08,105.6
58625,A4,332900,58625,1.7,0.0,2013MM09,105.6
58626,A4,332900,58626,1.3,0.0,2013MM10,105.5
58627,A4,332900,58627,1.4,0.0,2013MM11,105.6
58628,A4,332900,58628,1.4,0.0,2013MM12,105.6
58630,A4,332900,58630,0.0,-0.5,2014MM01,105.1
58631,A4,332900,58631,0.0,0.0,2014MM02,105.1
58632,A4,332900,58632,-0.1,0.0,2014MM03,105.1
58633,A4,332900,58633,-0.2,0.0,2014MM04,105.1
58634,A4,332900,58634,-0.1,0.0,2014MM05,105.1
58635,A4,332900,58635,0.0,0.0,2014MM06,105.1
58636,A4,332900,58636,-0.2,0.2,2014MM07,105.3
58637,A4,332900,58637,-0.3,0.0,2014MM08,105.3
58638,A4,332900,58638,-0.3,0.0,2014MM09,105.3
58639,A4,332900,58639,-0.3,-0.1,2014MM10,105.2
58640,A4,332900,58640,-0.3,0.0,2014MM11,105.3
58641,A4,332900,58641,-0.3,0.0,2014MM12,105.3
58643,A4,332900,58643,0.4,0.2,2015MM01,105.5
58644,A4,332900,58644,0.3,-0.1,2015MM02,105.4
58645,A4,332900,58645,0.4,0.1,2015MM03,105.5
58646,A4,332900,58646,1.0,0.6,2015MM04,106.1
58647,A4,332900,58647,1.0,0.0,2015MM05,106.1
58648,A4,332900,58648,0.9,-0.1,2015MM06,106.0
58649,A4,332900,58649,0.5,-0.2,2015MM07,105.8
58650,A4,332900,58650,0.7,0.2,2015MM08,106.0
58651,A4,332900,58651,0.7,0.0,2015MM09,106.0
58652,A4,332900,58652,0.5,-0.3,2015MM10,105.7
58653,A4,332900,58653,0.4,-0.1,2015MM11,105.6
58654,A4,332900,58654,0.4,0.0,2015MM12,105.6
58656,A4,332900,58656,0.4,0.3,2016MM01,105.9
58657,A4,332900,58657,0.4,-0.1,2016MM02,105.9
58658,A4,332900,58658,0.3,0.0,2016MM03,105.8
58659,A4,332900,58659,0.6,0.9,2016MM04,106.8
58660,A4,332900,58660,0.6,0.1,2016MM05,106.8
58661,A4,332900,58661,0.8,0.0,2016MM06,106.9
58662,A4,332900,58662,0.3,-0.6,2016MM07,106.2
58663,A4,332900,58663,0.1,0.0,2016MM08,106.2
58664,A4,332900,58664,0.3,0.1,2016MM09,106.3
58665,A4,332900,58665,0.3,-0.2,2016MM10,106.1
58666,A4,332900,58666,0.5,0.0,2016MM11,106.1
58667,A4,332900,58667,0.5,0.1,2016MM12,106.2
58669,A4,332900,58669,0.8,0.6,2017MM01,106.8
58670,A4,332900,58670,1.0,0.1,2017MM02,106.9
58671,A4,332900,58671,0.9,-0.1,2017MM03,106.8
58672,A4,332900,58672,0.4,0.4,2017MM04,107.2
58673,A4,332900,58673,0.2,-0.1,2017MM05,107.1
58674,A4,332900,58674,0.2,0.0,2017MM06,107.0
58675,A4,332900,58675,0.9,0.1,2017MM07,107.2
58676,A4,332900,58676,1.0,0.0,2017MM08,107.2
58677,A4,332900,58677,0.9,0.1,2017MM09,107.3
58678,A4,332900,58678,1.0,-0.1,2017MM10,107.2
58679,A4,332900,58679,1.0,0.0,2017MM11,107.2
58680,A4,332900,58680,0.9,0.0,2017MM12,107.2
