,Afzet,BedrijfstakkenBranchesSBI2008,ID,OntwikkelingTOV1JaarEerder_2,OntwikkelingTOV1MaandEerder_3,Perioden,ProducentenprijsindexPPI_1
89947,A5,332910,89947,1.20066445183,0.000689655172414,1981MM01,107.559515571
89948,A5,332910,89948,1.20132890365,0.00137931034483,1981MM02,107.519031142
89949,A5,332910,89949,1.20199335548,0.00206896551724,1981MM03,107.478546713
89950,A5,332910,89950,1.20265780731,0.00275862068966,1981MM04,107.438062284
89951,A5,332910,89951,1.20332225914,0.00344827586207,1981MM05,107.397577855
89952,A5,332910,89952,1.20398671096,0.00413793103448,1981MM06,107.357093426
89953,A5,332910,89953,1.20465116279,0.0048275862069,1981MM07,107.316608997
89954,A5,332910,89954,1.20531561462,0.00551724137931,1981MM08,107.276124567
89955,A5,332910,89955,1.20598006645,0.00620689655172,1981MM09,107.235640138
89956,A5,332910,89956,1.20664451827,0.00689655172414,1981MM10,107.195155709
89957,A5,332910,89957,1.2073089701,0.00758620689655,1981MM11,107.15467128
89958,A5,332910,89958,1.20797342193,0.00827586206897,1981MM12,107.114186851
89960,A5,332910,89960,1.20863787375,0.00896551724138,1982MM01,107.073702422
89961,A5,332910,89961,1.20930232558,0.00965517241379,1982MM02,107.033217993
89962,A5,332910,89962,1.20996677741,0.0103448275862,1982MM03,106.992733564
89963,A5,332910,89963,1.21063122924,0.0110344827586,1982MM04,106.952249135
89964,A5,332910,89964,1.21129568106,0.011724137931,1982MM05,106.911764706
89965,A5,332910,89965,1.21196013289,0.0124137931034,1982MM06,106.871280277
89966,A5,332910,89966,1.21262458472,0.0131034482759,1982MM07,106.830795848
89967,A5,332910,89967,1.21328903654,0.0137931034483,1982MM08,106.790311419
89968,A5,332910,89968,1.21395348837,0.0144827586207,1982MM09,106.74982699
89969,A5,332910,89969,1.2146179402,0.0151724137931,1982MM10,106.709342561
89970,A5,332910,89970,1.21528239203,0.0158620689655,1982MM11,106.668858131
89971,A5,332910,89971,1.21594684385,0.0165517241379,1982MM12,106.628373702
89973,A5,332910,89973,1.21661129568,0.0172413793103,1983MM01,106.587889273
89974,A5,332910,89974,1.21727574751,0.0179310344828,1983MM02,106.547404844
89975,A5,332910,89975,1.21794019934,0.0186206896552,1983MM03,106.506920415
89976,A5,332910,89976,1.21860465116,0.0193103448276,1983MM04,106.466435986
89977,A5,332910,89977,1.21926910299,0.02,1983MM05,106.425951557
89978,A5,332910,89978,1.21993355482,0.0206896551724,1983MM06,106.385467128
89979,A5,332910,89979,1.22059800664,0.0213793103448,1983MM07,106.344982699
89980,A5,332910,89980,1.22126245847,0.0220689655172,1983MM08,106.30449827
89981,A5,332910,89981,1.2219269103,0.0227586206897,1983MM09,106.264013841
89982,A5,332910,89982,1.22259136213,0.0234482758621,1983MM10,106.223529412
89983,A5,332910,89983,1.22325581395,0.0241379310345,1983MM11,106.183044983
89984,A5,332910,89984,1.22392026578,0.0248275862069,1983MM12,106.142560554
89986,A5,332910,89986,1.22458471761,0.0255172413793,1984MM01,106.102076125
89987,A5,332910,89987,1.22524916944,0.0262068965517,1984MM02,106.061591696
89988,A5,332910,89988,1.22591362126,0.0268965517241,1984MM03,106.021107266
89989,A5,332910,89989,1.22657807309,0.0275862068966,1984MM04,105.980622837
89990,A5,332910,89990,1.22724252492,0.028275862069,1984MM05,105.940138408
89991,A5,332910,89991,1.22790697674,0.0289655172414,1984MM06,105.899653979
89992,A5,332910,89992,1.22857142857,0.0296551724138,1984MM07,105.85916955
89993,A5,332910,89993,1.2292358804,0.0303448275862,1984MM08,105.818685121
89994,A5,332910,89994,1.22990033223,0.0310344827586,1984MM09,105.778200692
89995,A5,332910,89995,1.23056478405,0.031724137931,1984MM10,105.737716263
89996,A5,332910,89996,1.23122923588,0.0324137931034,1984MM11,105.697231834
89997,A5,332910,89997,1.23189368771,0.0331034482759,1984MM12,105.656747405
89999,A5,332910,89999,1.23255813953,0.0337931034483,1985MM01,105.616262976
90000,A5,332910,90000,1.23322259136,0.0344827586207,1985MM02,105.575778547
90001,A5,332910,90001,1.23388704319,0.0351724137931,1985MM03,105.535294118
90002,A5,332910,90002,1.23455149502,0.0358620689655,1985MM04,105.494809689
90003,A5,332910,90003,1.23521594684,0.0365517241379,1985MM05,105.45432526
90004,A5,332910,90004,1.23588039867,0.0372413793103,1985MM06,105.41384083
90005,A5,332910,90005,1.2365448505,0.0379310344828,1985MM07,105.373356401
90006,A5,332910,90006,1.23720930233,0.0386206896552,1985MM08,105.332871972
90007,A5,332910,90007,1.23787375415,0.0393103448276,1985MM09,105.292387543
90008,A5,332910,90008,1.23853820598,0.04,1985MM10,105.251903114
90009,A5,332910,90009,1.23920265781,0.0406896551724,1985MM11,105.211418685
90010,A5,332910,90010,1.23986710963,0.0413793103448,1985MM12,105.170934256
90012,A5,332910,90012,1.24053156146,0.0420689655172,1986MM01,105.130449827
90013,A5,332910,90013,1.24119601329,0.0427586206897,1986MM02,105.089965398
90014,A5,332910,90014,1.24186046512,0.0434482758621,1986MM03,105.049480969
90015,A5,332910,90015,1.24252491694,0.0441379310345,1986MM04,105.00899654
90016,A5,332910,90016,1.24318936877,0.0448275862069,1986MM05,104.968512111
90017,A5,332910,90017,1.2438538206,0.0455172413793,1986MM06,104.928027682
90018,A5,332910,90018,1.24451827243,0.0462068965517,1986MM07,104.887543253
90019,A5,332910,90019,1.24518272425,0.0468965517241,1986MM08,104.847058824
90020,A5,332910,90020,1.24584717608,0.0475862068966,1986MM09,104.806574394
90021,A5,332910,90021,1.24651162791,0.048275862069,1986MM10,104.766089965
90022,A5,332910,90022,1.24717607973,0.0489655172414,1986MM11,104.725605536
90023,A5,332910,90023,1.24784053156,0.0496551724138,1986MM12,104.685121107
90025,A5,332910,90025,1.24850498339,0.0503448275862,1987MM01,104.644636678
90026,A5,332910,90026,1.24916943522,0.0510344827586,1987MM02,104.604152249
90027,A5,332910,90027,1.24983388704,0.051724137931,1987MM03,104.56366782
90028,A5,332910,90028,1.25049833887,0.0524137931034,1987MM04,104.523183391
90029,A5,332910,90029,1.2511627907,0.0531034482759,1987MM05,104.482698962
90030,A5,332910,90030,1.25182724252,0.0537931034483,1987MM06,104.442214533
90031,A5,332910,90031,1.25249169435,0.0544827586207,1987MM07,104.401730104
90032,A5,332910,90032,1.25315614618,0.0551724137931,1987MM08,104.361245675
90033,A5,332910,90033,1.25382059801,0.0558620689655,1987MM09,104.320761246
90034,A5,332910,90034,1.25448504983,0.0565517241379,1987MM10,104.280276817
90035,A5,332910,90035,1.25514950166,0.0572413793103,1987MM11,104.239792388
90036,A5,332910,90036,1.25581395349,0.0579310344828,1987MM12,104.199307958
90038,A5,332910,90038,1.25647840532,0.0586206896552,1988MM01,104.158823529
90039,A5,332910,90039,1.25714285714,0.0593103448276,1988MM02,104.1183391
90040,A5,332910,90040,1.25780730897,0.06,1988MM03,104.077854671
90041,A5,332910,90041,1.2584717608,0.0606896551724,1988MM04,104.037370242
90042,A5,332910,90042,1.25913621262,0.0613793103448,1988MM05,103.996885813
90043,A5,332910,90043,1.25980066445,0.0620689655172,1988MM06,103.956401384
90044,A5,332910,90044,1.26046511628,0.0627586206897,1988MM07,103.915916955
90045,A5,332910,90045,1.26112956811,0.0634482758621,1988MM08,103.875432526
90046,A5,332910,90046,1.26179401993,0.0641379310345,1988MM09,103.834948097
90047,A5,332910,90047,1.26245847176,0.0648275862069,1988MM10,103.794463668
90048,A5,332910,90048,1.26312292359,0.0655172413793,1988MM11,103.753979239
90049,A5,332910,90049,1.26378737542,0.0662068965517,1988MM12,103.71349481
90051,A5,332910,90051,1.26445182724,0.0668965517241,1989MM01,103.673010381
90052,A5,332910,90052,1.26511627907,0.0675862068966,1989MM02,103.632525952
90053,A5,332910,90053,1.2657807309,0.068275862069,1989MM03,103.592041522
90054,A5,332910,90054,1.26644518272,0.0689655172414,1989MM04,103.551557093
90055,A5,332910,90055,1.26710963455,0.0696551724138,1989MM05,103.511072664
90056,A5,332910,90056,1.26777408638,0.0703448275862,1989MM06,103.470588235
90057,A5,332910,90057,1.26843853821,0.0710344827586,1989MM07,103.430103806
90058,A5,332910,90058,1.26910299003,0.071724137931,1989MM08,103.389619377
90059,A5,332910,90059,1.26976744186,0.0724137931034,1989MM09,103.349134948
90060,A5,332910,90060,1.27043189369,0.0731034482759,1989MM10,103.308650519
90061,A5,332910,90061,1.27109634551,0.0737931034483,1989MM11,103.26816609
90062,A5,332910,90062,1.27176079734,0.0744827586207,1989MM12,103.227681661
90064,A5,332910,90064,1.27242524917,0.0751724137931,1990MM01,103.187197232
90065,A5,332910,90065,1.273089701,0.0758620689655,1990MM02,103.146712803
90066,A5,332910,90066,1.27375415282,0.0765517241379,1990MM03,103.106228374
90067,A5,332910,90067,1.27441860465,0.0772413793103,1990MM04,103.065743945
90068,A5,332910,90068,1.27508305648,0.0779310344828,1990MM05,103.025259516
90069,A5,332910,90069,1.27574750831,0.0786206896552,1990MM06,102.984775087
90070,A5,332910,90070,1.27641196013,0.0793103448276,1990MM07,102.944290657
90071,A5,332910,90071,1.27707641196,0.08,1990MM08,102.903806228
90072,A5,332910,90072,1.27774086379,0.0806896551724,1990MM09,102.863321799
90073,A5,332910,90073,1.27840531561,0.0813793103448,1990MM10,102.82283737
90074,A5,332910,90074,1.27906976744,0.0820689655172,1990MM11,102.782352941
90075,A5,332910,90075,1.27973421927,0.0827586206897,1990MM12,102.741868512
90077,A5,332910,90077,1.2803986711,0.0834482758621,1991MM01,102.701384083
90078,A5,332910,90078,1.28106312292,0.0841379310345,1991MM02,102.660899654
90079,A5,332910,90079,1.28172757475,0.0848275862069,1991MM03,102.620415225
90080,A5,332910,90080,1.28239202658,0.0855172413793,1991MM04,102.579930796
90081,A5,332910,90081,1.28305647841,0.0862068965517,1991MM05,102.539446367
90082,A5,332910,90082,1.28372093023,0.0868965517241,1991MM06,102.498961938
90083,A5,332910,90083,1.28438538206,0.0875862068966,1991MM07,102.458477509
90084,A5,332910,90084,1.28504983389,0.088275862069,1991MM08,102.41799308
90085,A5,332910,90085,1.28571428571,0.0889655172414,1991MM09,102.377508651
90086,A5,332910,90086,1.28637873754,0.0896551724138,1991MM10,102.337024221
90087,A5,332910,90087,1.28704318937,0.0903448275862,1991MM11,102.296539792
90088,A5,332910,90088,1.2877076412,0.0910344827586,1991MM12,102.256055363
90090,A5,332910,90090,1.28837209302,0.091724137931,1992MM01,102.215570934
90091,A5,332910,90091,1.28903654485,0.0924137931034,1992MM02,102.175086505
90092,A5,332910,90092,1.28970099668,0.0931034482759,1992MM03,102.134602076
90093,A5,332910,90093,1.2903654485,0.0937931034483,1992MM04,102.094117647
90094,A5,332910,90094,1.29102990033,0.0944827586207,1992MM05,102.053633218
90095,A5,332910,90095,1.29169435216,0.0951724137931,1992MM06,102.013148789
90096,A5,332910,90096,1.29235880399,0.0958620689655,1992MM07,101.97266436
90097,A5,332910,90097,1.29302325581,0.0965517241379,1992MM08,101.932179931
90098,A5,332910,90098,1.29368770764,0.0972413793103,1992MM09,101.891695502
90099,A5,332910,90099,1.29435215947,0.0979310344828,1992MM10,101.851211073
90100,A5,332910,90100,1.2950166113,0.0986206896552,1992MM11,101.810726644
90101,A5,332910,90101,1.29568106312,0.0993103448276,1992MM12,101.770242215
90103,A5,332910,90103,1.29634551495,0.1,1993MM01,101.729757785
90104,A5,332910,90104,1.29700996678,0.100689655172,1993MM02,101.689273356
90105,A5,332910,90105,1.2976744186,0.101379310345,1993MM03,101.648788927
90106,A5,332910,90106,1.29833887043,0.102068965517,1993MM04,101.608304498
90107,A5,332910,90107,1.29900332226,0.10275862069,1993MM05,101.567820069
90108,A5,332910,90108,1.29966777409,0.103448275862,1993MM06,101.52733564
90109,A5,332910,90109,1.30033222591,0.104137931034,1993MM07,101.486851211
90110,A5,332910,90110,1.30099667774,0.104827586207,1993MM08,101.446366782
90111,A5,332910,90111,1.30166112957,0.105517241379,1993MM09,101.405882353
90112,A5,332910,90112,1.3023255814,0.106206896552,1993MM10,101.365397924
90113,A5,332910,90113,1.30299003322,0.106896551724,1993MM11,101.324913495
90114,A5,332910,90114,1.30365448505,0.107586206897,1993MM12,101.284429066
90116,A5,332910,90116,1.30431893688,0.108275862069,1994MM01,101.243944637
90117,A5,332910,90117,1.3049833887,0.108965517241,1994MM02,101.203460208
90118,A5,332910,90118,1.30564784053,0.109655172414,1994MM03,101.162975779
90119,A5,332910,90119,1.30631229236,0.110344827586,1994MM04,101.122491349
90120,A5,332910,90120,1.30697674419,0.111034482759,1994MM05,101.08200692
90121,A5,332910,90121,1.30764119601,0.111724137931,1994MM06,101.041522491
90122,A5,332910,90122,1.30830564784,0.112413793103,1994MM07,101.001038062
90123,A5,332910,90123,1.30897009967,0.113103448276,1994MM08,100.960553633
90124,A5,332910,90124,1.3096345515,0.113793103448,1994MM09,100.920069204
90125,A5,332910,90125,1.31029900332,0.114482758621,1994MM10,100.879584775
90126,A5,332910,90126,1.31096345515,0.115172413793,1994MM11,100.839100346
90127,A5,332910,90127,1.31162790698,0.115862068966,1994MM12,100.798615917
90129,A5,332910,90129,1.3122923588,0.116551724138,1995MM01,100.758131488
90130,A5,332910,90130,1.31295681063,0.11724137931,1995MM02,100.717647059
90131,A5,332910,90131,1.31362126246,0.117931034483,1995MM03,100.67716263
90132,A5,332910,90132,1.31428571429,0.118620689655,1995MM04,100.636678201
90133,A5,332910,90133,1.31495016611,0.119310344828,1995MM05,100.596193772
90134,A5,332910,90134,1.31561461794,0.12,1995MM06,100.555709343
90135,A5,332910,90135,1.31627906977,0.120689655172,1995MM07,100.515224913
90136,A5,332910,90136,1.31694352159,0.121379310345,1995MM08,100.474740484
90137,A5,332910,90137,1.31760797342,0.122068965517,1995MM09,100.434256055
90138,A5,332910,90138,1.31827242525,0.12275862069,1995MM10,100.393771626
90139,A5,332910,90139,1.31893687708,0.123448275862,1995MM11,100.353287197
90140,A5,332910,90140,1.3196013289,0.124137931034,1995MM12,100.312802768
90142,A5,332910,90142,1.32026578073,0.124827586207,1996MM01,100.272318339
90143,A5,332910,90143,1.32093023256,0.125517241379,1996MM02,100.23183391
90144,A5,332910,90144,1.32159468439,0.126206896552,1996MM03,100.191349481
90145,A5,332910,90145,1.32225913621,0.126896551724,1996MM04,100.150865052
90146,A5,332910,90146,1.32292358804,0.127586206897,1996MM05,100.110380623
90147,A5,332910,90147,1.32358803987,0.128275862069,1996MM06,100.069896194
90148,A5,332910,90148,1.32425249169,0.128965517241,1996MM07,100.029411765
90149,A5,332910,90149,1.32491694352,0.129655172414,1996MM08,99.9889273356
90150,A5,332910,90150,1.32558139535,0.130344827586,1996MM09,99.9484429066
90151,A5,332910,90151,1.32624584718,0.131034482759,1996MM10,99.9079584775
90152,A5,332910,90152,1.326910299,0.131724137931,1996MM11,99.8674740484
90153,A5,332910,90153,1.32757475083,0.132413793103,1996MM12,99.8269896194
90155,A5,332910,90155,1.32823920266,0.133103448276,1997MM01,99.7865051903
90156,A5,332910,90156,1.32890365449,0.133793103448,1997MM02,99.7460207612
90157,A5,332910,90157,1.32956810631,0.134482758621,1997MM03,99.7055363322
90158,A5,332910,90158,1.33023255814,0.135172413793,1997MM04,99.6650519031
90159,A5,332910,90159,1.33089700997,0.135862068966,1997MM05,99.624567474
90160,A5,332910,90160,1.33156146179,0.136551724138,1997MM06,99.584083045
90161,A5,332910,90161,1.33222591362,0.13724137931,1997MM07,99.5435986159
90162,A5,332910,90162,1.33289036545,0.137931034483,1997MM08,99.5031141869
90163,A5,332910,90163,1.33355481728,0.138620689655,1997MM09,99.4626297578
90164,A5,332910,90164,1.3342192691,0.139310344828,1997MM10,99.4221453287
90165,A5,332910,90165,1.33488372093,0.14,1997MM11,99.3816608997
90166,A5,332910,90166,1.33554817276,0.140689655172,1997MM12,99.3411764706
90168,A5,332910,90168,1.33621262458,0.141379310345,1998MM01,99.3006920415
90169,A5,332910,90169,1.33687707641,0.142068965517,1998MM02,99.2602076125
90170,A5,332910,90170,1.33754152824,0.14275862069,1998MM03,99.2197231834
90171,A5,332910,90171,1.33820598007,0.143448275862,1998MM04,99.1792387543
90172,A5,332910,90172,1.33887043189,0.144137931034,1998MM05,99.1387543253
90173,A5,332910,90173,1.33953488372,0.144827586207,1998MM06,99.0982698962
90174,A5,332910,90174,1.34019933555,0.145517241379,1998MM07,99.0577854671
90175,A5,332910,90175,1.34086378738,0.146206896552,1998MM08,99.0173010381
90176,A5,332910,90176,1.3415282392,0.146896551724,1998MM09,98.976816609
90177,A5,332910,90177,1.34219269103,0.147586206897,1998MM10,98.9363321799
90178,A5,332910,90178,1.34285714286,0.148275862069,1998MM11,98.8958477509
90179,A5,332910,90179,1.34352159468,0.148965517241,1998MM12,98.8553633218
90181,A5,332910,90181,1.34418604651,0.149655172414,1999MM01,98.8148788927
90182,A5,332910,90182,1.34485049834,0.150344827586,1999MM02,98.7743944637
90183,A5,332910,90183,1.34551495017,0.151034482759,1999MM03,98.7339100346
90184,A5,332910,90184,1.34617940199,0.151724137931,1999MM04,98.6934256055
90185,A5,332910,90185,1.34684385382,0.152413793103,1999MM05,98.6529411765
90186,A5,332910,90186,1.34750830565,0.153103448276,1999MM06,98.6124567474
90187,A5,332910,90187,1.34817275748,0.153793103448,1999MM07,98.5719723183
90188,A5,332910,90188,1.3488372093,0.154482758621,1999MM08,98.5314878893
90189,A5,332910,90189,1.34950166113,0.155172413793,1999MM09,98.4910034602
90190,A5,332910,90190,1.35016611296,0.155862068966,1999MM10,98.4505190311
90191,A5,332910,90191,1.35083056478,0.156551724138,1999MM11,98.4100346021
90192,A5,332910,90192,1.35149501661,0.15724137931,1999MM12,98.369550173
90194,A5,332910,90194,1.35215946844,0.157931034483,2000MM01,98.3290657439
90195,A5,332910,90195,1.35282392027,0.158620689655,2000MM02,98.2885813149
90196,A5,332910,90196,1.35348837209,0.159310344828,2000MM03,98.2480968858
90197,A5,332910,90197,1.35415282392,0.16,2000MM04,98.2076124567
90198,A5,332910,90198,1.35481727575,0.160689655172,2000MM05,98.1671280277
90199,A5,332910,90199,1.35548172757,0.161379310345,2000MM06,98.1266435986
90200,A5,332910,90200,1.3561461794,0.162068965517,2000MM07,98.0861591696
90201,A5,332910,90201,1.35681063123,0.16275862069,2000MM08,98.0456747405
90202,A5,332910,90202,1.35747508306,0.163448275862,2000MM09,98.0051903114
90203,A5,332910,90203,1.35813953488,0.164137931034,2000MM10,97.9647058824
90204,A5,332910,90204,1.35880398671,0.164827586207,2000MM11,97.9242214533
90205,A5,332910,90205,1.35946843854,0.165517241379,2000MM12,97.8837370242
90207,A5,332910,90207,1.36013289037,0.166206896552,2001MM01,97.8432525952
90208,A5,332910,90208,1.36079734219,0.166896551724,2001MM02,97.8027681661
90209,A5,332910,90209,1.36146179402,0.167586206897,2001MM03,97.762283737
90210,A5,332910,90210,1.36212624585,0.168275862069,2001MM04,97.721799308
90211,A5,332910,90211,1.36279069767,0.168965517241,2001MM05,97.6813148789
90212,A5,332910,90212,1.3634551495,0.169655172414,2001MM06,97.6408304498
90213,A5,332910,90213,1.36411960133,0.170344827586,2001MM07,97.6003460208
90214,A5,332910,90214,1.36478405316,0.171034482759,2001MM08,97.5598615917
90215,A5,332910,90215,1.36544850498,0.171724137931,2001MM09,97.5193771626
90216,A5,332910,90216,1.36611295681,0.172413793103,2001MM10,97.4788927336
90217,A5,332910,90217,1.36677740864,0.173103448276,2001MM11,97.4384083045
90218,A5,332910,90218,1.36744186047,0.173793103448,2001MM12,97.3979238754
90220,A5,332910,90220,1.36810631229,0.174482758621,2002MM01,97.3574394464
90221,A5,332910,90221,1.36877076412,0.175172413793,2002MM02,97.3169550173
90222,A5,332910,90222,1.36943521595,0.175862068966,2002MM03,97.2764705882
90223,A5,332910,90223,1.37009966777,0.176551724138,2002MM04,97.2359861592
90224,A5,332910,90224,1.3707641196,0.17724137931,2002MM05,97.1955017301
90225,A5,332910,90225,1.37142857143,0.177931034483,2002MM06,97.155017301
90226,A5,332910,90226,1.37209302326,0.178620689655,2002MM07,97.114532872
90227,A5,332910,90227,1.37275747508,0.179310344828,2002MM08,97.0740484429
90228,A5,332910,90228,1.37342192691,0.18,2002MM09,97.0335640138
90229,A5,332910,90229,1.37408637874,0.180689655172,2002MM10,96.9930795848
90230,A5,332910,90230,1.37475083056,0.181379310345,2002MM11,96.9525951557
90231,A5,332910,90231,1.37541528239,0.182068965517,2002MM12,96.9121107266
90233,A5,332910,90233,1.37607973422,0.18275862069,2003MM01,96.8716262976
90234,A5,332910,90234,1.37674418605,0.183448275862,2003MM02,96.8311418685
90235,A5,332910,90235,1.37740863787,0.184137931034,2003MM03,96.7906574394
90236,A5,332910,90236,1.3780730897,0.184827586207,2003MM04,96.7501730104
90237,A5,332910,90237,1.37873754153,0.185517241379,2003MM05,96.7096885813
90238,A5,332910,90238,1.37940199336,0.186206896552,2003MM06,96.6692041522
90239,A5,332910,90239,1.38006644518,0.186896551724,2003MM07,96.6287197232
90240,A5,332910,90240,1.38073089701,0.187586206897,2003MM08,96.5882352941
90241,A5,332910,90241,1.38139534884,0.188275862069,2003MM09,96.5477508651
90242,A5,332910,90242,1.38205980066,0.188965517241,2003MM10,96.507266436
90243,A5,332910,90243,1.38272425249,0.189655172414,2003MM11,96.4667820069
90244,A5,332910,90244,1.38338870432,0.190344827586,2003MM12,96.4262975779
90246,A5,332910,90246,1.38405315615,0.191034482759,2004MM01,96.3858131488
90247,A5,332910,90247,1.38471760797,0.191724137931,2004MM02,96.3453287197
90248,A5,332910,90248,1.3853820598,0.192413793103,2004MM03,96.3048442907
90249,A5,332910,90249,1.38604651163,0.193103448276,2004MM04,96.2643598616
90250,A5,332910,90250,1.38671096346,0.193793103448,2004MM05,96.2238754325
90251,A5,332910,90251,1.38737541528,0.194482758621,2004MM06,96.1833910035
90252,A5,332910,90252,1.38803986711,0.195172413793,2004MM07,96.1429065744
90253,A5,332910,90253,1.38870431894,0.195862068966,2004MM08,96.1024221453
90254,A5,332910,90254,1.38936877076,0.196551724138,2004MM09,96.0619377163
90255,A5,332910,90255,1.39003322259,0.19724137931,2004MM10,96.0214532872
90256,A5,332910,90256,1.39069767442,0.197931034483,2004MM11,95.9809688581
90257,A5,332910,90257,1.39136212625,0.198620689655,2004MM12,95.9404844291
90259,A5,332910,90259,1.39202657807,0.199310344828,2005MM01,95.9
90260,A5,332910,90260,1.3926910299,0.2,2005MM02,96.2
90261,A5,332910,90261,1.39335548173,-0.1,2005MM03,96.1
90262,A5,332910,90262,1.39401993355,0.2,2005MM04,96.3
90263,A5,332910,90263,1.39468438538,0.5,2005MM05,96.8
90264,A5,332910,90264,1.39534883721,0.9,2005MM06,97.6
90265,A5,332910,90265,1.39601328904,0.2,2005MM07,97.9
90266,A5,332910,90266,1.39667774086,-0.4,2005MM08,97.4
90267,A5,332910,90267,1.39734219269,0.1,2005MM09,97.5
90268,A5,332910,90268,1.39800664452,0.6,2005MM10,98.0
90269,A5,332910,90269,1.39867109635,0.4,2005MM11,98.4
90270,A5,332910,90270,1.39933554817,0.1,2005MM12,98.5
90272,A5,332910,90272,1.4,-1.2,2006MM01,97.3
90273,A5,332910,90273,1.5,0.3,2006MM02,97.6
90274,A5,332910,90274,1.5,-0.1,2006MM03,97.5
90275,A5,332910,90275,0.8,-0.4,2006MM04,97.1
90276,A5,332910,90276,-0.3,-0.6,2006MM05,96.5
90277,A5,332910,90277,-0.9,0.2,2006MM06,96.7
90278,A5,332910,90278,-1.4,-0.2,2006MM07,96.5
90279,A5,332910,90279,-1.1,-0.1,2006MM08,96.3
90280,A5,332910,90280,-1.1,0.1,2006MM09,96.4
90281,A5,332910,90281,-1.4,0.3,2006MM10,96.7
90282,A5,332910,90282,-2.2,-0.5,2006MM11,96.3
90283,A5,332910,90283,-2.4,-0.1,2006MM12,96.2
90285,A5,332910,90285,-0.5,0.7,2007MM01,96.8
90286,A5,332910,90286,-0.9,-0.1,2007MM02,96.7
90287,A5,332910,90287,-0.9,-0.1,2007MM03,96.6
90288,A5,332910,90288,-0.4,0.1,2007MM04,96.7
90289,A5,332910,90289,0.4,0.2,2007MM05,96.9
90290,A5,332910,90290,0.3,0.1,2007MM06,97.0
90291,A5,332910,90291,-0.1,-0.6,2007MM07,96.4
90292,A5,332910,90292,0.1,0.1,2007MM08,96.5
90293,A5,332910,90293,-0.3,-0.4,2007MM09,96.1
90294,A5,332910,90294,-1.0,-0.4,2007MM10,95.8
90295,A5,332910,90295,-0.9,-0.4,2007MM11,95.4
90296,A5,332910,90296,-0.7,0.1,2007MM12,95.5
90298,A5,332910,90298,-1.7,-0.3,2008MM01,95.2
90299,A5,332910,90299,-1.5,0.1,2008MM02,95.3
90300,A5,332910,90300,-2.1,-0.7,2008MM03,94.6
90301,A5,332910,90301,-0.8,1.4,2008MM04,95.9
90302,A5,332910,90302,-0.6,0.4,2008MM05,96.3
90303,A5,332910,90303,-0.8,-0.1,2008MM06,96.2
90304,A5,332910,90304,0.3,0.5,2008MM07,96.7
90305,A5,332910,90305,0.9,0.7,2008MM08,97.3
90306,A5,332910,90306,2.1,0.8,2008MM09,98.1
90307,A5,332910,90307,4.2,1.7,2008MM10,99.7
90308,A5,332910,90308,5.8,1.2,2008MM11,100.9
90309,A5,332910,90309,4.6,-1.0,2008MM12,99.9
90311,A5,332910,90311,4.8,-0.1,2009MM01,99.8
90312,A5,332910,90312,5.3,0.5,2009MM02,100.3
90313,A5,332910,90313,5.7,-0.4,2009MM03,100.0
90314,A5,332910,90314,4.1,-0.1,2009MM04,99.9
90315,A5,332910,90315,3.0,-0.7,2009MM05,99.1
90316,A5,332910,90316,2.6,-0.4,2009MM06,98.7
90317,A5,332910,90317,1.9,-0.2,2009MM07,98.5
90318,A5,332910,90318,1.1,-0.2,2009MM08,98.4
90319,A5,332910,90319,0.0,-0.3,2009MM09,98.1
90320,A5,332910,90320,-2.7,-1.1,2009MM10,97.0
90321,A5,332910,90321,-3.9,0.0,2009MM11,97.0
90322,A5,332910,90322,-2.6,0.3,2009MM12,97.3
90324,A5,332910,90324,-1.8,0.7,2010MM01,98.0
90325,A5,332910,90325,-1.7,0.7,2010MM02,98.6
90326,A5,332910,90326,-1.1,0.2,2010MM03,98.9
90327,A5,332910,90327,-0.6,0.4,2010MM04,99.3
90328,A5,332910,90328,1.4,1.3,2010MM05,100.5
90329,A5,332910,90329,2.3,0.5,2010MM06,101.0
90330,A5,332910,90330,2.0,-0.4,2010MM07,100.5
90331,A5,332910,90331,2.1,-0.1,2010MM08,100.4
90332,A5,332910,90332,3.2,0.8,2010MM09,101.2
90333,A5,332910,90333,3.2,-1.1,2010MM10,100.1
90334,A5,332910,90334,3.5,0.3,2010MM11,100.4
90335,A5,332910,90335,3.8,0.6,2010MM12,101.0
90337,A5,332910,90337,2.0,-1.1,2011MM01,99.9
90338,A5,332910,90338,1.3,0.0,2011MM02,99.9
90339,A5,332910,90339,0.7,-0.4,2011MM03,99.6
90340,A5,332910,90340,-0.1,-0.4,2011MM04,99.2
90341,A5,332910,90341,-1.3,0.1,2011MM05,99.2
90342,A5,332910,90342,-1.6,0.1,2011MM06,99.4
90343,A5,332910,90343,-1.0,0.2,2011MM07,99.5
90344,A5,332910,90344,-1.0,-0.1,2011MM08,99.4
90345,A5,332910,90345,-1.1,0.6,2011MM09,100.0
90346,A5,332910,90346,0.0,0.0,2011MM10,100.1
90347,A5,332910,90347,-0.1,0.2,2011MM11,100.3
90348,A5,332910,90348,-0.3,0.4,2011MM12,100.7
90350,A5,332910,90350,0.9,0.1,2012MM01,100.8
90351,A5,332910,90351,0.6,-0.3,2012MM02,100.5
90352,A5,332910,90352,1.0,0.0,2012MM03,100.6
90353,A5,332910,90353,1.4,0.0,2012MM04,100.5
90354,A5,332910,90354,1.7,0.4,2012MM05,100.9
90355,A5,332910,90355,1.9,0.3,2012MM06,101.2
90356,A5,332910,90356,2.3,0.6,2012MM07,101.8
90357,A5,332910,90357,2.2,-0.1,2012MM08,101.7
90358,A5,332910,90358,1.2,-0.4,2012MM09,101.3
90359,A5,332910,90359,0.8,-0.3,2012MM10,100.9
90360,A5,332910,90360,0.7,0.1,2012MM11,101.1
90361,A5,332910,90361,0.1,-0.3,2012MM12,100.8
90363,A5,332910,90363,1.9,1.9,2013MM01,102.7
90364,A5,332910,90364,2.1,-0.1,2013MM02,102.6
90365,A5,332910,90365,2.5,0.4,2013MM03,103.0
90366,A5,332910,90366,2.2,-0.3,2013MM04,102.8
90367,A5,332910,90367,1.9,0.0,2013MM05,102.8
90368,A5,332910,90368,1.4,-0.1,2013MM06,102.7
90369,A5,332910,90369,0.7,-0.1,2013MM07,102.6
90370,A5,332910,90370,0.7,-0.2,2013MM08,102.4
90371,A5,332910,90371,1.0,-0.1,2013MM09,102.3
90372,A5,332910,90372,1.0,-0.3,2013MM10,102.0
90373,A5,332910,90373,1.0,0.1,2013MM11,102.0
90374,A5,332910,90374,1.0,-0.3,2013MM12,101.7
90376,A5,332910,90376,-1.9,-1.0,2014MM01,100.7
90377,A5,332910,90377,-2.0,-0.1,2014MM02,100.6
90378,A5,332910,90378,-2.5,-0.2,2014MM03,100.5
90379,A5,332910,90379,-2.0,0.3,2014MM04,100.8
90380,A5,332910,90380,-1.9,0.1,2014MM05,100.9
90381,A5,332910,90381,-1.6,0.1,2014MM06,101.0
90382,A5,332910,90382,-1.7,-0.2,2014MM07,100.8
90383,A5,332910,90383,-1.3,0.2,2014MM08,101.0
90384,A5,332910,90384,-0.8,0.4,2014MM09,101.4
90385,A5,332910,90385,-0.2,0.3,2014MM10,101.7
90386,A5,332910,90386,-0.1,0.1,2014MM11,101.9
90387,A5,332910,90387,0.3,0.2,2014MM12,102.1
90389,A5,332910,90389,2.2,0.8,2015MM01,102.9
90390,A5,332910,90390,2.6,0.4,2015MM02,103.3
90391,A5,332910,90391,3.6,0.8,2015MM03,104.1
90392,A5,332910,90392,5.9,2.5,2015MM04,106.7
90393,A5,332910,90393,5.2,-0.5,2015MM05,106.1
90394,A5,332910,90394,4.7,-0.3,2015MM06,105.8
90395,A5,332910,90395,5.2,0.3,2015MM07,106.1
90396,A5,332910,90396,4.8,-0.2,2015MM08,105.9
90397,A5,332910,90397,4.3,-0.1,2015MM09,105.8
90398,A5,332910,90398,3.3,-0.7,2015MM10,105.1
90399,A5,332910,90399,3.9,0.8,2015MM11,105.9
90400,A5,332910,90400,3.3,-0.4,2015MM12,105.5
90402,A5,332910,90402,2.1,-0.4,2016MM01,105.0
90403,A5,332910,90403,1.4,-0.3,2016MM02,104.7
90404,A5,332910,90404,0.6,0.0,2016MM03,104.7
90405,A5,332910,90405,-2.4,-0.5,2016MM04,104.2
90406,A5,332910,90406,-1.9,-0.1,2016MM05,104.1
90407,A5,332910,90407,-1.5,0.0,2016MM06,104.2
90408,A5,332910,90408,-1.9,-0.1,2016MM07,104.1
90409,A5,332910,90409,-2.1,-0.4,2016MM08,103.7
90410,A5,332910,90410,-2.0,0.0,2016MM09,103.7
90411,A5,332910,90411,-3.8,-2.5,2016MM10,101.1
90412,A5,332910,90412,-4.1,0.4,2016MM11,101.5
90413,A5,332910,90413,-3.3,0.4,2016MM12,101.9
90415,A5,332910,90415,-2.9,0.0,2017MM01,102.0
90416,A5,332910,90416,-2.6,0.0,2017MM02,101.9
90417,A5,332910,90417,-2.7,-0.1,2017MM03,101.9
90418,A5,332910,90418,-2.5,-0.3,2017MM04,101.6
90419,A5,332910,90419,-3.0,-0.6,2017MM05,101.0
90420,A5,332910,90420,-3.2,-0.2,2017MM06,100.8
90421,A5,332910,90421,-3.3,-0.1,2017MM07,100.6
90422,A5,332910,90422,-3.3,-0.4,2017MM08,100.2
90423,A5,332910,90423,-3.4,-0.1,2017MM09,100.1
90424,A5,332910,90424,-0.7,0.3,2017MM10,100.4
90425,A5,332910,90425,-1.0,0.1,2017MM11,100.4
90426,A5,332910,90426,-1.4,0.0,2017MM12,100.5
