,Afzet,BedrijfstakkenBranchesSBI2008,ID,OntwikkelingTOV1JaarEerder_2,OntwikkelingTOV1MaandEerder_3,Perioden,ProducentenprijsindexPPI_1
89466,A5,332905,89466,1.20033222591,0.000344827586207,1981MM01,107.257785467
89467,A5,332905,89467,1.20066445183,0.000689655172414,1981MM02,107.215570934
89468,A5,332905,89468,1.20099667774,0.00103448275862,1981MM03,107.173356401
89469,A5,332905,89469,1.20132890365,0.00137931034483,1981MM04,107.131141869
89470,A5,332905,89470,1.20166112957,0.00172413793103,1981MM05,107.088927336
89471,A5,332905,89471,1.20199335548,0.00206896551724,1981MM06,107.046712803
89472,A5,332905,89472,1.2023255814,0.00241379310345,1981MM07,107.00449827
89473,A5,332905,89473,1.20265780731,0.00275862068966,1981MM08,106.962283737
89474,A5,332905,89474,1.20299003322,0.00310344827586,1981MM09,106.920069204
89475,A5,332905,89475,1.20332225914,0.00344827586207,1981MM10,106.877854671
89476,A5,332905,89476,1.20365448505,0.00379310344828,1981MM11,106.835640138
89477,A5,332905,89477,1.20398671096,0.00413793103448,1981MM12,106.793425606
89479,A5,332905,89479,1.20431893688,0.00448275862069,1982MM01,106.751211073
89480,A5,332905,89480,1.20465116279,0.0048275862069,1982MM02,106.70899654
89481,A5,332905,89481,1.2049833887,0.0051724137931,1982MM03,106.666782007
89482,A5,332905,89482,1.20531561462,0.00551724137931,1982MM04,106.624567474
89483,A5,332905,89483,1.20564784053,0.00586206896552,1982MM05,106.582352941
89484,A5,332905,89484,1.20598006645,0.00620689655172,1982MM06,106.540138408
89485,A5,332905,89485,1.20631229236,0.00655172413793,1982MM07,106.497923875
89486,A5,332905,89486,1.20664451827,0.00689655172414,1982MM08,106.455709343
89487,A5,332905,89487,1.20697674419,0.00724137931034,1982MM09,106.41349481
89488,A5,332905,89488,1.2073089701,0.00758620689655,1982MM10,106.371280277
89489,A5,332905,89489,1.20764119601,0.00793103448276,1982MM11,106.329065744
89490,A5,332905,89490,1.20797342193,0.00827586206897,1982MM12,106.286851211
89492,A5,332905,89492,1.20830564784,0.00862068965517,1983MM01,106.244636678
89493,A5,332905,89493,1.20863787375,0.00896551724138,1983MM02,106.202422145
89494,A5,332905,89494,1.20897009967,0.00931034482759,1983MM03,106.160207612
89495,A5,332905,89495,1.20930232558,0.00965517241379,1983MM04,106.11799308
89496,A5,332905,89496,1.2096345515,0.01,1983MM05,106.075778547
89497,A5,332905,89497,1.20996677741,0.0103448275862,1983MM06,106.033564014
89498,A5,332905,89498,1.21029900332,0.0106896551724,1983MM07,105.991349481
89499,A5,332905,89499,1.21063122924,0.0110344827586,1983MM08,105.949134948
89500,A5,332905,89500,1.21096345515,0.0113793103448,1983MM09,105.906920415
89501,A5,332905,89501,1.21129568106,0.011724137931,1983MM10,105.864705882
89502,A5,332905,89502,1.21162790698,0.0120689655172,1983MM11,105.822491349
89503,A5,332905,89503,1.21196013289,0.0124137931034,1983MM12,105.780276817
89505,A5,332905,89505,1.2122923588,0.0127586206897,1984MM01,105.738062284
89506,A5,332905,89506,1.21262458472,0.0131034482759,1984MM02,105.695847751
89507,A5,332905,89507,1.21295681063,0.0134482758621,1984MM03,105.653633218
89508,A5,332905,89508,1.21328903654,0.0137931034483,1984MM04,105.611418685
89509,A5,332905,89509,1.21362126246,0.0141379310345,1984MM05,105.569204152
89510,A5,332905,89510,1.21395348837,0.0144827586207,1984MM06,105.526989619
89511,A5,332905,89511,1.21428571429,0.0148275862069,1984MM07,105.484775087
89512,A5,332905,89512,1.2146179402,0.0151724137931,1984MM08,105.442560554
89513,A5,332905,89513,1.21495016611,0.0155172413793,1984MM09,105.400346021
89514,A5,332905,89514,1.21528239203,0.0158620689655,1984MM10,105.358131488
89515,A5,332905,89515,1.21561461794,0.0162068965517,1984MM11,105.315916955
89516,A5,332905,89516,1.21594684385,0.0165517241379,1984MM12,105.273702422
89518,A5,332905,89518,1.21627906977,0.0168965517241,1985MM01,105.231487889
89519,A5,332905,89519,1.21661129568,0.0172413793103,1985MM02,105.189273356
89520,A5,332905,89520,1.21694352159,0.0175862068966,1985MM03,105.147058824
89521,A5,332905,89521,1.21727574751,0.0179310344828,1985MM04,105.104844291
89522,A5,332905,89522,1.21760797342,0.018275862069,1985MM05,105.062629758
89523,A5,332905,89523,1.21794019934,0.0186206896552,1985MM06,105.020415225
89524,A5,332905,89524,1.21827242525,0.0189655172414,1985MM07,104.978200692
89525,A5,332905,89525,1.21860465116,0.0193103448276,1985MM08,104.935986159
89526,A5,332905,89526,1.21893687708,0.0196551724138,1985MM09,104.893771626
89527,A5,332905,89527,1.21926910299,0.02,1985MM10,104.851557093
89528,A5,332905,89528,1.2196013289,0.0203448275862,1985MM11,104.809342561
89529,A5,332905,89529,1.21993355482,0.0206896551724,1985MM12,104.767128028
89531,A5,332905,89531,1.22026578073,0.0210344827586,1986MM01,104.724913495
89532,A5,332905,89532,1.22059800664,0.0213793103448,1986MM02,104.682698962
89533,A5,332905,89533,1.22093023256,0.021724137931,1986MM03,104.640484429
89534,A5,332905,89534,1.22126245847,0.0220689655172,1986MM04,104.598269896
89535,A5,332905,89535,1.22159468439,0.0224137931034,1986MM05,104.556055363
89536,A5,332905,89536,1.2219269103,0.0227586206897,1986MM06,104.51384083
89537,A5,332905,89537,1.22225913621,0.0231034482759,1986MM07,104.471626298
89538,A5,332905,89538,1.22259136213,0.0234482758621,1986MM08,104.429411765
89539,A5,332905,89539,1.22292358804,0.0237931034483,1986MM09,104.387197232
89540,A5,332905,89540,1.22325581395,0.0241379310345,1986MM10,104.344982699
89541,A5,332905,89541,1.22358803987,0.0244827586207,1986MM11,104.302768166
89542,A5,332905,89542,1.22392026578,0.0248275862069,1986MM12,104.260553633
89544,A5,332905,89544,1.22425249169,0.0251724137931,1987MM01,104.2183391
89545,A5,332905,89545,1.22458471761,0.0255172413793,1987MM02,104.176124567
89546,A5,332905,89546,1.22491694352,0.0258620689655,1987MM03,104.133910035
89547,A5,332905,89547,1.22524916944,0.0262068965517,1987MM04,104.091695502
89548,A5,332905,89548,1.22558139535,0.0265517241379,1987MM05,104.049480969
89549,A5,332905,89549,1.22591362126,0.0268965517241,1987MM06,104.007266436
89550,A5,332905,89550,1.22624584718,0.0272413793103,1987MM07,103.965051903
89551,A5,332905,89551,1.22657807309,0.0275862068966,1987MM08,103.92283737
89552,A5,332905,89552,1.226910299,0.0279310344828,1987MM09,103.880622837
89553,A5,332905,89553,1.22724252492,0.028275862069,1987MM10,103.838408304
89554,A5,332905,89554,1.22757475083,0.0286206896552,1987MM11,103.796193772
89555,A5,332905,89555,1.22790697674,0.0289655172414,1987MM12,103.753979239
89557,A5,332905,89557,1.22823920266,0.0293103448276,1988MM01,103.711764706
89558,A5,332905,89558,1.22857142857,0.0296551724138,1988MM02,103.669550173
89559,A5,332905,89559,1.22890365449,0.03,1988MM03,103.62733564
89560,A5,332905,89560,1.2292358804,0.0303448275862,1988MM04,103.585121107
89561,A5,332905,89561,1.22956810631,0.0306896551724,1988MM05,103.542906574
89562,A5,332905,89562,1.22990033223,0.0310344827586,1988MM06,103.500692042
89563,A5,332905,89563,1.23023255814,0.0313793103448,1988MM07,103.458477509
89564,A5,332905,89564,1.23056478405,0.031724137931,1988MM08,103.416262976
89565,A5,332905,89565,1.23089700997,0.0320689655172,1988MM09,103.374048443
89566,A5,332905,89566,1.23122923588,0.0324137931034,1988MM10,103.33183391
89567,A5,332905,89567,1.23156146179,0.0327586206897,1988MM11,103.289619377
89568,A5,332905,89568,1.23189368771,0.0331034482759,1988MM12,103.247404844
89570,A5,332905,89570,1.23222591362,0.0334482758621,1989MM01,103.205190311
89571,A5,332905,89571,1.23255813953,0.0337931034483,1989MM02,103.162975779
89572,A5,332905,89572,1.23289036545,0.0341379310345,1989MM03,103.120761246
89573,A5,332905,89573,1.23322259136,0.0344827586207,1989MM04,103.078546713
89574,A5,332905,89574,1.23355481728,0.0348275862069,1989MM05,103.03633218
89575,A5,332905,89575,1.23388704319,0.0351724137931,1989MM06,102.994117647
89576,A5,332905,89576,1.2342192691,0.0355172413793,1989MM07,102.951903114
89577,A5,332905,89577,1.23455149502,0.0358620689655,1989MM08,102.909688581
89578,A5,332905,89578,1.23488372093,0.0362068965517,1989MM09,102.867474048
89579,A5,332905,89579,1.23521594684,0.0365517241379,1989MM10,102.825259516
89580,A5,332905,89580,1.23554817276,0.0368965517241,1989MM11,102.783044983
89581,A5,332905,89581,1.23588039867,0.0372413793103,1989MM12,102.74083045
89583,A5,332905,89583,1.23621262458,0.0375862068966,1990MM01,102.698615917
89584,A5,332905,89584,1.2365448505,0.0379310344828,1990MM02,102.656401384
89585,A5,332905,89585,1.23687707641,0.038275862069,1990MM03,102.614186851
89586,A5,332905,89586,1.23720930233,0.0386206896552,1990MM04,102.571972318
89587,A5,332905,89587,1.23754152824,0.0389655172414,1990MM05,102.529757785
89588,A5,332905,89588,1.23787375415,0.0393103448276,1990MM06,102.487543253
89589,A5,332905,89589,1.23820598007,0.0396551724138,1990MM07,102.44532872
89590,A5,332905,89590,1.23853820598,0.04,1990MM08,102.403114187
89591,A5,332905,89591,1.23887043189,0.0403448275862,1990MM09,102.360899654
89592,A5,332905,89592,1.23920265781,0.0406896551724,1990MM10,102.318685121
89593,A5,332905,89593,1.23953488372,0.0410344827586,1990MM11,102.276470588
89594,A5,332905,89594,1.23986710963,0.0413793103448,1990MM12,102.234256055
89596,A5,332905,89596,1.24019933555,0.041724137931,1991MM01,102.192041522
89597,A5,332905,89597,1.24053156146,0.0420689655172,1991MM02,102.14982699
89598,A5,332905,89598,1.24086378738,0.0424137931034,1991MM03,102.107612457
89599,A5,332905,89599,1.24119601329,0.0427586206897,1991MM04,102.065397924
89600,A5,332905,89600,1.2415282392,0.0431034482759,1991MM05,102.023183391
89601,A5,332905,89601,1.24186046512,0.0434482758621,1991MM06,101.980968858
89602,A5,332905,89602,1.24219269103,0.0437931034483,1991MM07,101.938754325
89603,A5,332905,89603,1.24252491694,0.0441379310345,1991MM08,101.896539792
89604,A5,332905,89604,1.24285714286,0.0444827586207,1991MM09,101.85432526
89605,A5,332905,89605,1.24318936877,0.0448275862069,1991MM10,101.812110727
89606,A5,332905,89606,1.24352159468,0.0451724137931,1991MM11,101.769896194
89607,A5,332905,89607,1.2438538206,0.0455172413793,1991MM12,101.727681661
89609,A5,332905,89609,1.24418604651,0.0458620689655,1992MM01,101.685467128
89610,A5,332905,89610,1.24451827243,0.0462068965517,1992MM02,101.643252595
89611,A5,332905,89611,1.24485049834,0.0465517241379,1992MM03,101.601038062
89612,A5,332905,89612,1.24518272425,0.0468965517241,1992MM04,101.558823529
89613,A5,332905,89613,1.24551495017,0.0472413793103,1992MM05,101.516608997
89614,A5,332905,89614,1.24584717608,0.0475862068966,1992MM06,101.474394464
89615,A5,332905,89615,1.24617940199,0.0479310344828,1992MM07,101.432179931
89616,A5,332905,89616,1.24651162791,0.048275862069,1992MM08,101.389965398
89617,A5,332905,89617,1.24684385382,0.0486206896552,1992MM09,101.347750865
89618,A5,332905,89618,1.24717607973,0.0489655172414,1992MM10,101.305536332
89619,A5,332905,89619,1.24750830565,0.0493103448276,1992MM11,101.263321799
89620,A5,332905,89620,1.24784053156,0.0496551724138,1992MM12,101.221107266
89622,A5,332905,89622,1.24817275748,0.05,1993MM01,101.178892734
89623,A5,332905,89623,1.24850498339,0.0503448275862,1993MM02,101.136678201
89624,A5,332905,89624,1.2488372093,0.0506896551724,1993MM03,101.094463668
89625,A5,332905,89625,1.24916943522,0.0510344827586,1993MM04,101.052249135
89626,A5,332905,89626,1.24950166113,0.0513793103448,1993MM05,101.010034602
89627,A5,332905,89627,1.24983388704,0.051724137931,1993MM06,100.967820069
89628,A5,332905,89628,1.25016611296,0.0520689655172,1993MM07,100.925605536
89629,A5,332905,89629,1.25049833887,0.0524137931034,1993MM08,100.883391003
89630,A5,332905,89630,1.25083056478,0.0527586206897,1993MM09,100.841176471
89631,A5,332905,89631,1.2511627907,0.0531034482759,1993MM10,100.798961938
89632,A5,332905,89632,1.25149501661,0.0534482758621,1993MM11,100.756747405
89633,A5,332905,89633,1.25182724252,0.0537931034483,1993MM12,100.714532872
89635,A5,332905,89635,1.25215946844,0.0541379310345,1994MM01,100.672318339
89636,A5,332905,89636,1.25249169435,0.0544827586207,1994MM02,100.630103806
89637,A5,332905,89637,1.25282392027,0.0548275862069,1994MM03,100.587889273
89638,A5,332905,89638,1.25315614618,0.0551724137931,1994MM04,100.54567474
89639,A5,332905,89639,1.25348837209,0.0555172413793,1994MM05,100.503460208
89640,A5,332905,89640,1.25382059801,0.0558620689655,1994MM06,100.461245675
89641,A5,332905,89641,1.25415282392,0.0562068965517,1994MM07,100.419031142
89642,A5,332905,89642,1.25448504983,0.0565517241379,1994MM08,100.376816609
89643,A5,332905,89643,1.25481727575,0.0568965517241,1994MM09,100.334602076
89644,A5,332905,89644,1.25514950166,0.0572413793103,1994MM10,100.292387543
89645,A5,332905,89645,1.25548172757,0.0575862068966,1994MM11,100.25017301
89646,A5,332905,89646,1.25581395349,0.0579310344828,1994MM12,100.207958478
89648,A5,332905,89648,1.2561461794,0.058275862069,1995MM01,100.165743945
89649,A5,332905,89649,1.25647840532,0.0586206896552,1995MM02,100.123529412
89650,A5,332905,89650,1.25681063123,0.0589655172414,1995MM03,100.081314879
89651,A5,332905,89651,1.25714285714,0.0593103448276,1995MM04,100.039100346
89652,A5,332905,89652,1.25747508306,0.0596551724138,1995MM05,99.9968858131
89653,A5,332905,89653,1.25780730897,0.06,1995MM06,99.9546712803
89654,A5,332905,89654,1.25813953488,0.0603448275862,1995MM07,99.9124567474
89655,A5,332905,89655,1.2584717608,0.0606896551724,1995MM08,99.8702422145
89656,A5,332905,89656,1.25880398671,0.0610344827586,1995MM09,99.8280276817
89657,A5,332905,89657,1.25913621262,0.0613793103448,1995MM10,99.7858131488
89658,A5,332905,89658,1.25946843854,0.061724137931,1995MM11,99.7435986159
89659,A5,332905,89659,1.25980066445,0.0620689655172,1995MM12,99.701384083
89661,A5,332905,89661,1.26013289037,0.0624137931034,1996MM01,99.6591695502
89662,A5,332905,89662,1.26046511628,0.0627586206897,1996MM02,99.6169550173
89663,A5,332905,89663,1.26079734219,0.0631034482759,1996MM03,99.5747404844
89664,A5,332905,89664,1.26112956811,0.0634482758621,1996MM04,99.5325259516
89665,A5,332905,89665,1.26146179402,0.0637931034483,1996MM05,99.4903114187
89666,A5,332905,89666,1.26179401993,0.0641379310345,1996MM06,99.4480968858
89667,A5,332905,89667,1.26212624585,0.0644827586207,1996MM07,99.4058823529
89668,A5,332905,89668,1.26245847176,0.0648275862069,1996MM08,99.3636678201
89669,A5,332905,89669,1.26279069767,0.0651724137931,1996MM09,99.3214532872
89670,A5,332905,89670,1.26312292359,0.0655172413793,1996MM10,99.2792387543
89671,A5,332905,89671,1.2634551495,0.0658620689655,1996MM11,99.2370242215
89672,A5,332905,89672,1.26378737542,0.0662068965517,1996MM12,99.1948096886
89674,A5,332905,89674,1.26411960133,0.0665517241379,1997MM01,99.1525951557
89675,A5,332905,89675,1.26445182724,0.0668965517241,1997MM02,99.1103806228
89676,A5,332905,89676,1.26478405316,0.0672413793103,1997MM03,99.06816609
89677,A5,332905,89677,1.26511627907,0.0675862068966,1997MM04,99.0259515571
89678,A5,332905,89678,1.26544850498,0.0679310344828,1997MM05,98.9837370242
89679,A5,332905,89679,1.2657807309,0.068275862069,1997MM06,98.9415224913
89680,A5,332905,89680,1.26611295681,0.0686206896552,1997MM07,98.8993079585
89681,A5,332905,89681,1.26644518272,0.0689655172414,1997MM08,98.8570934256
89682,A5,332905,89682,1.26677740864,0.0693103448276,1997MM09,98.8148788927
89683,A5,332905,89683,1.26710963455,0.0696551724138,1997MM10,98.7726643599
89684,A5,332905,89684,1.26744186047,0.07,1997MM11,98.730449827
89685,A5,332905,89685,1.26777408638,0.0703448275862,1997MM12,98.6882352941
89687,A5,332905,89687,1.26810631229,0.0706896551724,1998MM01,98.6460207612
89688,A5,332905,89688,1.26843853821,0.0710344827586,1998MM02,98.6038062284
89689,A5,332905,89689,1.26877076412,0.0713793103448,1998MM03,98.5615916955
89690,A5,332905,89690,1.26910299003,0.071724137931,1998MM04,98.5193771626
89691,A5,332905,89691,1.26943521595,0.0720689655172,1998MM05,98.4771626298
89692,A5,332905,89692,1.26976744186,0.0724137931034,1998MM06,98.4349480969
89693,A5,332905,89693,1.27009966777,0.0727586206897,1998MM07,98.392733564
89694,A5,332905,89694,1.27043189369,0.0731034482759,1998MM08,98.3505190311
89695,A5,332905,89695,1.2707641196,0.0734482758621,1998MM09,98.3083044983
89696,A5,332905,89696,1.27109634551,0.0737931034483,1998MM10,98.2660899654
89697,A5,332905,89697,1.27142857143,0.0741379310345,1998MM11,98.2238754325
89698,A5,332905,89698,1.27176079734,0.0744827586207,1998MM12,98.1816608997
89700,A5,332905,89700,1.27209302326,0.0748275862069,1999MM01,98.1394463668
89701,A5,332905,89701,1.27242524917,0.0751724137931,1999MM02,98.0972318339
89702,A5,332905,89702,1.27275747508,0.0755172413793,1999MM03,98.055017301
89703,A5,332905,89703,1.273089701,0.0758620689655,1999MM04,98.0128027682
89704,A5,332905,89704,1.27342192691,0.0762068965517,1999MM05,97.9705882353
89705,A5,332905,89705,1.27375415282,0.0765517241379,1999MM06,97.9283737024
89706,A5,332905,89706,1.27408637874,0.0768965517241,1999MM07,97.8861591696
89707,A5,332905,89707,1.27441860465,0.0772413793103,1999MM08,97.8439446367
89708,A5,332905,89708,1.27475083056,0.0775862068966,1999MM09,97.8017301038
89709,A5,332905,89709,1.27508305648,0.0779310344828,1999MM10,97.7595155709
89710,A5,332905,89710,1.27541528239,0.078275862069,1999MM11,97.7173010381
89711,A5,332905,89711,1.27574750831,0.0786206896552,1999MM12,97.6750865052
89713,A5,332905,89713,1.27607973422,0.0789655172414,2000MM01,97.6328719723
89714,A5,332905,89714,1.27641196013,0.0793103448276,2000MM02,97.5906574394
89715,A5,332905,89715,1.27674418605,0.0796551724138,2000MM03,97.5484429066
89716,A5,332905,89716,1.27707641196,0.08,2000MM04,97.5062283737
89717,A5,332905,89717,1.27740863787,0.0803448275862,2000MM05,97.4640138408
89718,A5,332905,89718,1.27774086379,0.0806896551724,2000MM06,97.421799308
89719,A5,332905,89719,1.2780730897,0.0810344827586,2000MM07,97.3795847751
89720,A5,332905,89720,1.27840531561,0.0813793103448,2000MM08,97.3373702422
89721,A5,332905,89721,1.27873754153,0.081724137931,2000MM09,97.2951557093
89722,A5,332905,89722,1.27906976744,0.0820689655172,2000MM10,97.2529411765
89723,A5,332905,89723,1.27940199336,0.0824137931034,2000MM11,97.2107266436
89724,A5,332905,89724,1.27973421927,0.0827586206897,2000MM12,97.1685121107
89726,A5,332905,89726,1.28006644518,0.0831034482759,2001MM01,97.1262975779
89727,A5,332905,89727,1.2803986711,0.0834482758621,2001MM02,97.084083045
89728,A5,332905,89728,1.28073089701,0.0837931034483,2001MM03,97.0418685121
89729,A5,332905,89729,1.28106312292,0.0841379310345,2001MM04,96.9996539792
89730,A5,332905,89730,1.28139534884,0.0844827586207,2001MM05,96.9574394464
89731,A5,332905,89731,1.28172757475,0.0848275862069,2001MM06,96.9152249135
89732,A5,332905,89732,1.28205980066,0.0851724137931,2001MM07,96.8730103806
89733,A5,332905,89733,1.28239202658,0.0855172413793,2001MM08,96.8307958478
89734,A5,332905,89734,1.28272425249,0.0858620689655,2001MM09,96.7885813149
89735,A5,332905,89735,1.28305647841,0.0862068965517,2001MM10,96.746366782
89736,A5,332905,89736,1.28338870432,0.0865517241379,2001MM11,96.7041522491
89737,A5,332905,89737,1.28372093023,0.0868965517241,2001MM12,96.6619377163
89739,A5,332905,89739,1.28405315615,0.0872413793103,2002MM01,96.6197231834
89740,A5,332905,89740,1.28438538206,0.0875862068966,2002MM02,96.5775086505
89741,A5,332905,89741,1.28471760797,0.0879310344828,2002MM03,96.5352941176
89742,A5,332905,89742,1.28504983389,0.088275862069,2002MM04,96.4930795848
89743,A5,332905,89743,1.2853820598,0.0886206896552,2002MM05,96.4508650519
89744,A5,332905,89744,1.28571428571,0.0889655172414,2002MM06,96.408650519
89745,A5,332905,89745,1.28604651163,0.0893103448276,2002MM07,96.3664359862
89746,A5,332905,89746,1.28637873754,0.0896551724138,2002MM08,96.3242214533
89747,A5,332905,89747,1.28671096346,0.09,2002MM09,96.2820069204
89748,A5,332905,89748,1.28704318937,0.0903448275862,2002MM10,96.2397923875
89749,A5,332905,89749,1.28737541528,0.0906896551724,2002MM11,96.1975778547
89750,A5,332905,89750,1.2877076412,0.0910344827586,2002MM12,96.1553633218
89752,A5,332905,89752,1.28803986711,0.0913793103448,2003MM01,96.1131487889
89753,A5,332905,89753,1.28837209302,0.091724137931,2003MM02,96.0709342561
89754,A5,332905,89754,1.28870431894,0.0920689655172,2003MM03,96.0287197232
89755,A5,332905,89755,1.28903654485,0.0924137931034,2003MM04,95.9865051903
89756,A5,332905,89756,1.28936877076,0.0927586206897,2003MM05,95.9442906574
89757,A5,332905,89757,1.28970099668,0.0931034482759,2003MM06,95.9020761246
89758,A5,332905,89758,1.29003322259,0.0934482758621,2003MM07,95.8598615917
89759,A5,332905,89759,1.2903654485,0.0937931034483,2003MM08,95.8176470588
89760,A5,332905,89760,1.29069767442,0.0941379310345,2003MM09,95.775432526
89761,A5,332905,89761,1.29102990033,0.0944827586207,2003MM10,95.7332179931
89762,A5,332905,89762,1.29136212625,0.0948275862069,2003MM11,95.6910034602
89763,A5,332905,89763,1.29169435216,0.0951724137931,2003MM12,95.6487889273
89765,A5,332905,89765,1.29202657807,0.0955172413793,2004MM01,95.6065743945
89766,A5,332905,89766,1.29235880399,0.0958620689655,2004MM02,95.5643598616
89767,A5,332905,89767,1.2926910299,0.0962068965517,2004MM03,95.5221453287
89768,A5,332905,89768,1.29302325581,0.0965517241379,2004MM04,95.4799307958
89769,A5,332905,89769,1.29335548173,0.0968965517241,2004MM05,95.437716263
89770,A5,332905,89770,1.29368770764,0.0972413793103,2004MM06,95.3955017301
89771,A5,332905,89771,1.29401993355,0.0975862068966,2004MM07,95.3532871972
89772,A5,332905,89772,1.29435215947,0.0979310344828,2004MM08,95.3110726644
89773,A5,332905,89773,1.29468438538,0.098275862069,2004MM09,95.2688581315
89774,A5,332905,89774,1.2950166113,0.0986206896552,2004MM10,95.2266435986
89775,A5,332905,89775,1.29534883721,0.0989655172414,2004MM11,95.1844290657
89776,A5,332905,89776,1.29568106312,0.0993103448276,2004MM12,95.1422145329
89778,A5,332905,89778,1.29601328904,0.0996551724138,2005MM01,95.1
89779,A5,332905,89779,1.29634551495,0.1,2005MM02,95.2
89780,A5,332905,89780,1.29667774086,0.0,2005MM03,95.2
89781,A5,332905,89781,1.29700996678,0.2,2005MM04,95.4
89782,A5,332905,89782,1.29734219269,0.4,2005MM05,95.7
89783,A5,332905,89783,1.2976744186,0.4,2005MM06,96.1
89784,A5,332905,89784,1.29800664452,0.1,2005MM07,96.2
89785,A5,332905,89785,1.29833887043,-0.2,2005MM08,96.0
89786,A5,332905,89786,1.29867109635,0.1,2005MM09,96.1
89787,A5,332905,89787,1.29900332226,0.3,2005MM10,96.4
89788,A5,332905,89788,1.29933554817,0.2,2005MM11,96.6
89789,A5,332905,89789,1.29966777409,0.1,2005MM12,96.7
89791,A5,332905,89791,1.3,-0.3,2006MM01,96.4
89792,A5,332905,89792,1.4,0.1,2006MM02,96.5
89793,A5,332905,89793,1.4,0.0,2006MM03,96.5
89794,A5,332905,89794,1.1,-0.1,2006MM04,96.4
89795,A5,332905,89795,0.5,-0.3,2006MM05,96.2
89796,A5,332905,89796,0.2,0.2,2006MM06,96.3
89797,A5,332905,89797,0.2,0.0,2006MM07,96.3
89798,A5,332905,89798,0.3,-0.1,2006MM08,96.3
89799,A5,332905,89799,0.2,0.0,2006MM09,96.3
89800,A5,332905,89800,0.0,0.2,2006MM10,96.5
89801,A5,332905,89801,-0.3,-0.2,2006MM11,96.3
89802,A5,332905,89802,-0.4,0.0,2006MM12,96.3
89804,A5,332905,89804,0.9,1.1,2007MM01,97.3
89805,A5,332905,89805,0.8,0.0,2007MM02,97.2
89806,A5,332905,89806,0.8,0.0,2007MM03,97.2
89807,A5,332905,89807,1.0,0.2,2007MM04,97.4
89808,A5,332905,89808,1.4,0.1,2007MM05,97.5
89809,A5,332905,89809,1.3,0.1,2007MM06,97.6
89810,A5,332905,89810,1.1,-0.2,2007MM07,97.4
89811,A5,332905,89811,1.2,0.0,2007MM08,97.4
89812,A5,332905,89812,1.0,-0.2,2007MM09,97.2
89813,A5,332905,89813,0.6,-0.2,2007MM10,97.1
89814,A5,332905,89814,0.7,-0.2,2007MM11,96.9
89815,A5,332905,89815,0.7,0.0,2007MM12,97.0
89817,A5,332905,89817,-0.9,-0.6,2008MM01,96.4
89818,A5,332905,89818,-0.8,0.1,2008MM02,96.5
89819,A5,332905,89819,-1.1,-0.3,2008MM03,96.2
89820,A5,332905,89820,-0.8,0.6,2008MM04,96.7
89821,A5,332905,89821,-0.6,0.2,2008MM05,96.9
89822,A5,332905,89822,-0.7,0.0,2008MM06,96.8
89823,A5,332905,89823,-0.3,0.3,2008MM07,97.1
89824,A5,332905,89824,0.0,0.3,2008MM08,97.4
89825,A5,332905,89825,0.4,0.3,2008MM09,97.7
89826,A5,332905,89826,1.3,0.7,2008MM10,98.4
89827,A5,332905,89827,1.9,0.4,2008MM11,98.8
89828,A5,332905,89828,1.4,-0.5,2008MM12,98.3
89830,A5,332905,89830,2.7,0.7,2009MM01,99.0
89831,A5,332905,89831,2.9,0.2,2009MM02,99.3
89832,A5,332905,89832,3.0,-0.2,2009MM03,99.1
89833,A5,332905,89833,3.1,0.6,2009MM04,99.7
89834,A5,332905,89834,2.5,-0.3,2009MM05,99.3
89835,A5,332905,89835,2.4,-0.2,2009MM06,99.2
89836,A5,332905,89836,1.9,-0.2,2009MM07,99.0
89837,A5,332905,89837,1.5,-0.1,2009MM08,98.9
89838,A5,332905,89838,1.2,-0.1,2009MM09,98.8
89839,A5,332905,89839,0.0,-0.4,2009MM10,98.4
89840,A5,332905,89840,-0.5,0.0,2009MM11,98.3
89841,A5,332905,89841,0.2,0.2,2009MM12,98.5
89843,A5,332905,89843,0.0,0.5,2010MM01,99.0
89844,A5,332905,89844,0.1,0.3,2010MM02,99.3
89845,A5,332905,89845,0.4,0.1,2010MM03,99.4
89846,A5,332905,89846,0.0,0.2,2010MM04,99.7
89847,A5,332905,89847,0.9,0.6,2010MM05,100.2
89848,A5,332905,89848,1.3,0.2,2010MM06,100.5
89849,A5,332905,89849,1.4,-0.2,2010MM07,100.3
89850,A5,332905,89850,1.4,0.0,2010MM08,100.3
89851,A5,332905,89851,1.8,0.3,2010MM09,100.5
89852,A5,332905,89852,1.7,-0.5,2010MM10,100.0
89853,A5,332905,89853,1.9,0.2,2010MM11,100.2
89854,A5,332905,89854,2.0,0.3,2010MM12,100.5
89856,A5,332905,89856,1.7,0.2,2011MM01,100.7
89857,A5,332905,89857,1.3,0.0,2011MM02,100.6
89858,A5,332905,89858,1.0,-0.2,2011MM03,100.5
89859,A5,332905,89859,0.6,-0.2,2011MM04,100.3
89860,A5,332905,89860,0.1,0.0,2011MM05,100.3
89861,A5,332905,89861,-0.1,0.1,2011MM06,100.4
89862,A5,332905,89862,0.1,0.0,2011MM07,100.5
89863,A5,332905,89863,0.1,0.0,2011MM08,100.4
89864,A5,332905,89864,0.2,0.3,2011MM09,100.7
89865,A5,332905,89865,0.7,0.0,2011MM10,100.7
89866,A5,332905,89866,0.6,0.1,2011MM11,100.8
89867,A5,332905,89867,0.5,0.2,2011MM12,101.0
89869,A5,332905,89869,1.2,0.8,2012MM01,101.9
89870,A5,332905,89870,1.1,-0.1,2012MM02,101.8
89871,A5,332905,89871,1.3,0.0,2012MM03,101.8
89872,A5,332905,89872,1.5,0.0,2012MM04,101.8
89873,A5,332905,89873,1.6,0.2,2012MM05,102.0
89874,A5,332905,89874,1.7,0.2,2012MM06,102.2
89875,A5,332905,89875,2.0,0.3,2012MM07,102.5
89876,A5,332905,89876,2.0,-0.1,2012MM08,102.4
89877,A5,332905,89877,1.5,-0.2,2012MM09,102.3
89878,A5,332905,89878,1.4,-0.1,2012MM10,102.1
89879,A5,332905,89879,1.4,0.1,2012MM11,102.2
89880,A5,332905,89880,1.1,-0.1,2012MM12,102.1
89882,A5,332905,89882,3.5,3.2,2013MM01,105.4
89883,A5,332905,89883,3.5,0.0,2013MM02,105.4
89884,A5,332905,89884,3.7,0.2,2013MM03,105.5
89885,A5,332905,89885,3.6,-0.1,2013MM04,105.4
89886,A5,332905,89886,3.4,0.0,2013MM05,105.4
89887,A5,332905,89887,3.2,0.0,2013MM06,105.4
89888,A5,332905,89888,2.8,0.0,2013MM07,105.4
89889,A5,332905,89889,2.8,-0.1,2013MM08,105.3
89890,A5,332905,89890,3.0,0.0,2013MM09,105.3
89891,A5,332905,89891,3.0,-0.1,2013MM10,105.2
89892,A5,332905,89892,2.9,0.0,2013MM11,105.2
89893,A5,332905,89893,2.9,-0.1,2013MM12,105.1
89895,A5,332905,89895,-1.3,-1.0,2014MM01,104.0
89896,A5,332905,89896,-1.3,0.0,2014MM02,104.0
89897,A5,332905,89897,-1.5,-0.1,2014MM03,103.9
89898,A5,332905,89898,-1.1,0.3,2014MM04,104.3
89899,A5,332905,89899,-1.0,0.1,2014MM05,104.4
89900,A5,332905,89900,-0.9,0.1,2014MM06,104.5
89901,A5,332905,89901,-1.0,-0.1,2014MM07,104.4
89902,A5,332905,89902,-0.8,0.1,2014MM08,104.5
89903,A5,332905,89903,-0.6,0.2,2014MM09,104.7
89904,A5,332905,89904,-0.4,0.1,2014MM10,104.8
89905,A5,332905,89905,-0.4,-0.1,2014MM11,104.7
89906,A5,332905,89906,-0.3,0.1,2014MM12,104.8
89908,A5,332905,89908,1.3,0.5,2015MM01,105.4
89909,A5,332905,89909,1.5,0.2,2015MM02,105.5
89910,A5,332905,89910,1.9,0.3,2015MM03,105.9
89911,A5,332905,89911,4.5,2.9,2015MM04,109.0
89912,A5,332905,89912,4.2,-0.2,2015MM05,108.8
89913,A5,332905,89913,4.0,-0.1,2015MM06,108.6
89914,A5,332905,89914,4.3,0.2,2015MM07,108.8
89915,A5,332905,89915,4.0,-0.1,2015MM08,108.7
89916,A5,332905,89916,3.8,-0.1,2015MM09,108.7
89917,A5,332905,89917,2.5,-1.2,2015MM10,107.4
89918,A5,332905,89918,2.9,0.4,2015MM11,107.8
89919,A5,332905,89919,2.7,-0.2,2015MM12,107.6
89921,A5,332905,89921,2.2,0.0,2016MM01,107.7
89922,A5,332905,89922,1.8,-0.2,2016MM02,107.5
89923,A5,332905,89923,1.5,0.0,2016MM03,107.5
89924,A5,332905,89924,-1.6,-0.2,2016MM04,107.3
89925,A5,332905,89925,-1.4,0.0,2016MM05,107.3
89926,A5,332905,89926,-1.2,0.1,2016MM06,107.3
89927,A5,332905,89927,-1.4,0.0,2016MM07,107.3
89928,A5,332905,89928,-1.4,-0.1,2016MM08,107.2
89929,A5,332905,89929,-1.4,0.0,2016MM09,107.2
89930,A5,332905,89930,-4.5,-4.3,2016MM10,102.5
89931,A5,332905,89931,-4.7,0.2,2016MM11,102.7
89932,A5,332905,89932,-4.4,0.2,2016MM12,102.9
89934,A5,332905,89934,-4.7,-0.3,2017MM01,102.6
89935,A5,332905,89935,-4.5,0.0,2017MM02,102.6
89936,A5,332905,89936,-4.5,0.0,2017MM03,102.6
89937,A5,332905,89937,-5.0,-0.7,2017MM04,101.9
89938,A5,332905,89938,-5.3,-0.3,2017MM05,101.6
89939,A5,332905,89939,-5.4,-0.1,2017MM06,101.5
89940,A5,332905,89940,-5.6,-0.2,2017MM07,101.3
89941,A5,332905,89941,-5.6,-0.2,2017MM08,101.1
89942,A5,332905,89942,-5.7,-0.1,2017MM09,101.1
89943,A5,332905,89943,-1.3,0.1,2017MM10,101.2
89944,A5,332905,89944,-1.5,0.0,2017MM11,101.2
89945,A5,332905,89945,-1.7,0.0,2017MM12,101.2
