,Afzet,BedrijfstakkenBranchesSBI2008,ID,OntwikkelingTOV1JaarEerder_2,OntwikkelingTOV1MaandEerder_3,Perioden,ProducentenprijsindexPPI_1
25805,A6,332910,25805,,,2005MM01,94.2
25806,A6,332910,25806,,0.2,2005MM02,94.4
25807,A6,332910,25807,,-0.1,2005MM03,94.3
25808,A6,332910,25808,,0.2,2005MM04,94.5
25809,A6,332910,25809,,0.4,2005MM05,94.9
25810,A6,332910,25810,,0.7,2005MM06,95.6
25811,A6,332910,25811,,0.2,2005MM07,95.8
25812,A6,332910,25812,,-0.3,2005MM08,95.5
25813,A6,332910,25813,,0.1,2005MM09,95.6
25814,A6,332910,25814,,0.4,2005MM10,96.0
25815,A6,332910,25815,,0.3,2005MM11,96.2
25816,A6,332910,25816,,0.1,2005MM12,96.3
25818,A6,332910,25818,1.6,-0.7,2006MM01,95.7
25819,A6,332910,25819,1.7,0.3,2006MM02,96.0
25820,A6,332910,25820,1.7,0.0,2006MM03,95.9
25821,A6,332910,25821,1.2,-0.2,2006MM04,95.7
25822,A6,332910,25822,0.5,-0.4,2006MM05,95.4
25823,A6,332910,25823,0.0,0.2,2006MM06,95.6
25824,A6,332910,25824,-0.3,-0.1,2006MM07,95.5
25825,A6,332910,25825,-0.1,-0.1,2006MM08,95.4
25826,A6,332910,25826,-0.1,0.1,2006MM09,95.5
25827,A6,332910,25827,-0.3,0.2,2006MM10,95.7
25828,A6,332910,25828,-0.8,-0.3,2006MM11,95.4
25829,A6,332910,25829,-1.0,-0.1,2006MM12,95.3
25831,A6,332910,25831,0.5,0.9,2007MM01,96.2
25832,A6,332910,25832,0.2,-0.1,2007MM02,96.1
25833,A6,332910,25833,0.1,-0.1,2007MM03,96.0
25834,A6,332910,25834,0.5,0.2,2007MM04,96.2
25835,A6,332910,25835,1.0,0.1,2007MM05,96.4
25836,A6,332910,25836,0.9,0.1,2007MM06,96.4
25837,A6,332910,25837,0.6,-0.4,2007MM07,96.0
25838,A6,332910,25838,0.7,0.1,2007MM08,96.1
25839,A6,332910,25839,0.4,-0.2,2007MM09,95.9
25840,A6,332910,25840,-0.1,-0.2,2007MM10,95.7
25841,A6,332910,25841,0.0,-0.3,2007MM11,95.4
25842,A6,332910,25842,0.1,0.1,2007MM12,95.5
25844,A6,332910,25844,-0.6,0.2,2008MM01,95.6
25845,A6,332910,25845,-0.4,0.1,2008MM02,95.7
25846,A6,332910,25846,-0.8,-0.5,2008MM03,95.3
25847,A6,332910,25847,0.1,1.1,2008MM04,96.4
25848,A6,332910,25848,0.3,0.3,2008MM05,96.6
25849,A6,332910,25849,0.2,0.0,2008MM06,96.6
25850,A6,332910,25850,1.0,0.4,2008MM07,97.0
25851,A6,332910,25851,1.5,0.5,2008MM08,97.5
25852,A6,332910,25852,2.3,0.6,2008MM09,98.1
25853,A6,332910,25853,3.7,1.1,2008MM10,99.2
25854,A6,332910,25854,4.8,0.8,2008MM11,100.0
25855,A6,332910,25855,4.0,-0.7,2008MM12,99.3
25857,A6,332910,25857,4.0,0.2,2009MM01,99.5
25858,A6,332910,25858,4.3,0.4,2009MM02,99.9
25859,A6,332910,25859,4.5,-0.3,2009MM03,99.6
25860,A6,332910,25860,3.2,-0.1,2009MM04,99.5
25861,A6,332910,25861,2.4,-0.5,2009MM05,98.9
25862,A6,332910,25862,2.1,-0.3,2009MM06,98.6
25863,A6,332910,25863,1.5,-0.1,2009MM07,98.5
25864,A6,332910,25864,0.9,-0.1,2009MM08,98.4
25865,A6,332910,25865,0.1,-0.2,2009MM09,98.2
25866,A6,332910,25866,-1.7,-0.7,2009MM10,97.5
25867,A6,332910,25867,-2.5,0.0,2009MM11,97.5
25868,A6,332910,25868,-1.5,0.3,2009MM12,97.7
25870,A6,332910,25870,-1.1,0.7,2010MM01,98.4
25871,A6,332910,25871,-1.0,0.5,2010MM02,98.9
25872,A6,332910,25872,-0.5,0.2,2010MM03,99.1
25873,A6,332910,25873,0.0,0.4,2010MM04,99.5
25874,A6,332910,25874,1.4,0.9,2010MM05,100.4
25875,A6,332910,25875,2.1,0.3,2010MM06,100.7
25876,A6,332910,25876,1.9,-0.3,2010MM07,100.4
25877,A6,332910,25877,1.9,-0.1,2010MM08,100.3
25878,A6,332910,25878,2.7,0.6,2010MM09,100.9
25879,A6,332910,25879,2.7,-0.7,2010MM10,100.2
25880,A6,332910,25880,3.0,0.2,2010MM11,100.4
25881,A6,332910,25881,3.2,0.5,2010MM12,100.9
25883,A6,332910,25883,2.2,-0.4,2011MM01,100.5
25884,A6,332910,25884,1.7,0.0,2011MM02,100.6
25885,A6,332910,25885,1.3,-0.2,2011MM03,100.3
25886,A6,332910,25886,0.6,-0.2,2011MM04,100.1
25887,A6,332910,25887,-0.2,0.1,2011MM05,100.1
25888,A6,332910,25888,-0.5,0.1,2011MM06,100.2
25889,A6,332910,25889,0.0,0.2,2011MM07,100.4
25890,A6,332910,25890,0.0,-0.1,2011MM08,100.3
25891,A6,332910,25891,-0.1,0.4,2011MM09,100.7
25892,A6,332910,25892,0.7,0.1,2011MM10,100.9
25893,A6,332910,25893,0.6,0.2,2011MM11,101.0
25894,A6,332910,25894,0.4,0.3,2011MM12,101.3
25896,A6,332910,25896,1.0,0.2,2012MM01,101.5
25897,A6,332910,25897,0.8,-0.2,2012MM02,101.4
25898,A6,332910,25898,1.1,0.0,2012MM03,101.4
25899,A6,332910,25899,1.3,0.0,2012MM04,101.4
25900,A6,332910,25900,1.5,0.3,2012MM05,101.7
25901,A6,332910,25901,1.7,0.2,2012MM06,101.9
25902,A6,332910,25902,1.9,0.4,2012MM07,102.3
25903,A6,332910,25903,1.9,-0.1,2012MM08,102.2
25904,A6,332910,25904,1.2,-0.3,2012MM09,102.0
25905,A6,332910,25905,1.0,-0.1,2012MM10,101.8
25906,A6,332910,25906,0.9,0.1,2012MM11,101.9
25907,A6,332910,25907,0.4,-0.2,2012MM12,101.7
25909,A6,332910,25909,1.9,1.7,2013MM01,103.4
25910,A6,332910,25910,2.0,-0.1,2013MM02,103.4
25911,A6,332910,25911,2.2,0.3,2013MM03,103.7
25912,A6,332910,25912,2.1,-0.2,2013MM04,103.5
25913,A6,332910,25913,1.8,0.0,2013MM05,103.5
25914,A6,332910,25914,1.4,-0.1,2013MM06,103.4
25915,A6,332910,25915,1.1,0.1,2013MM07,103.4
25916,A6,332910,25916,1.0,-0.1,2013MM08,103.3
25917,A6,332910,25917,1.3,0.0,2013MM09,103.3
25918,A6,332910,25918,1.1,-0.2,2013MM10,103.0
25919,A6,332910,25919,1.1,0.1,2013MM11,103.1
25920,A6,332910,25920,1.1,-0.2,2013MM12,102.9
25922,A6,332910,25922,-1.4,-0.8,2014MM01,102.0
25923,A6,332910,25923,-1.4,-0.1,2014MM02,101.9
25924,A6,332910,25924,-1.8,-0.1,2014MM03,101.8
25925,A6,332910,25925,-1.4,0.2,2014MM04,102.0
25926,A6,332910,25926,-1.3,0.1,2014MM05,102.1
25927,A6,332910,25927,-1.1,0.1,2014MM06,102.2
25928,A6,332910,25928,-1.3,-0.1,2014MM07,102.1
25929,A6,332910,25929,-1.0,0.2,2014MM08,102.3
25930,A6,332910,25930,-0.7,0.3,2014MM09,102.6
25931,A6,332910,25931,-0.2,0.2,2014MM10,102.8
25932,A6,332910,25932,-0.2,0.1,2014MM11,102.9
25933,A6,332910,25933,0.1,0.1,2014MM12,103.0
25935,A6,332910,25935,1.6,0.6,2015MM01,103.6
25936,A6,332910,25936,1.9,0.2,2015MM02,103.9
25937,A6,332910,25937,2.6,0.6,2015MM03,104.5
25938,A6,332910,25938,4.5,2.0,2015MM04,106.6
25939,A6,332910,25939,4.0,-0.3,2015MM05,106.2
25940,A6,332910,25940,3.6,-0.3,2015MM06,105.9
25941,A6,332910,25941,3.9,0.2,2015MM07,106.1
25942,A6,332910,25942,3.6,-0.1,2015MM08,106.0
25943,A6,332910,25943,3.3,-0.1,2015MM09,105.9
25944,A6,332910,25944,2.4,-0.6,2015MM10,105.2
25945,A6,332910,25945,2.9,0.5,2015MM11,105.9
25946,A6,332910,25946,2.5,-0.3,2015MM12,105.6
25948,A6,332910,25948,1.6,-0.2,2016MM01,105.3
25949,A6,332910,25949,1.1,-0.3,2016MM02,105.1
25950,A6,332910,25950,0.5,0.0,2016MM03,105.1
25951,A6,332910,25951,-1.5,-0.1,2016MM04,104.9
25952,A6,332910,25952,-1.2,0.0,2016MM05,104.9
25953,A6,332910,25953,-0.9,0.0,2016MM06,105.0
25954,A6,332910,25954,-1.3,-0.3,2016MM07,104.7
25955,A6,332910,25955,-1.5,-0.3,2016MM08,104.4
25956,A6,332910,25956,-1.4,0.1,2016MM09,104.5
25957,A6,332910,25957,-2.6,-1.8,2016MM10,102.6
25958,A6,332910,25958,-2.9,0.3,2016MM11,102.8
25959,A6,332910,25959,-2.2,0.4,2016MM12,103.2
25961,A6,332910,25961,-1.8,0.2,2017MM01,103.4
25962,A6,332910,25962,-1.6,0.0,2017MM02,103.4
25963,A6,332910,25963,-1.6,-0.1,2017MM03,103.4
25964,A6,332910,25964,-1.5,0.0,2017MM04,103.3
25965,A6,332910,25965,-2.0,-0.5,2017MM05,102.9
25966,A6,332910,25966,-2.1,-0.2,2017MM06,102.7
25967,A6,332910,25967,-1.9,-0.1,2017MM07,102.7
25968,A6,332910,25968,-2.0,-0.3,2017MM08,102.4
25969,A6,332910,25969,-2.1,-0.1,2017MM09,102.3
25970,A6,332910,25970,-0.1,0.2,2017MM10,102.5
25971,A6,332910,25971,-0.3,0.0,2017MM11,102.5
25972,A6,332910,25972,-0.6,0.0,2017MM12,102.5
