,Afzet,BedrijfstakkenBranchesSBI2008,ID,OntwikkelingTOV1JaarEerder_2,OntwikkelingTOV1MaandEerder_3,Perioden,ProducentenprijsindexPPI_1
25324,A6,332905,25324,,,2005MM01,93.8
25325,A6,332905,25325,,0.1,2005MM02,93.9
25326,A6,332905,25326,,0.0,2005MM03,93.9
25327,A6,332905,25327,,0.2,2005MM04,94.1
25328,A6,332905,25328,,0.3,2005MM05,94.3
25329,A6,332905,25329,,0.4,2005MM06,94.7
25330,A6,332905,25330,,0.1,2005MM07,94.8
25331,A6,332905,25331,,-0.1,2005MM08,94.7
25332,A6,332905,25332,,0.1,2005MM09,94.7
25333,A6,332905,25333,,0.3,2005MM10,95.0
25334,A6,332905,25334,,0.1,2005MM11,95.1
25335,A6,332905,25335,,0.1,2005MM12,95.1
25337,A6,332905,25337,1.5,0.0,2006MM01,95.2
25338,A6,332905,25338,1.5,0.1,2006MM02,95.3
25339,A6,332905,25339,1.5,0.0,2006MM03,95.3
25340,A6,332905,25340,1.3,0.0,2006MM04,95.3
25341,A6,332905,25341,0.9,-0.1,2006MM05,95.2
25342,A6,332905,25342,0.7,0.1,2006MM06,95.3
25343,A6,332905,25343,0.7,0.1,2006MM07,95.4
25344,A6,332905,25344,0.8,0.0,2006MM08,95.4
25345,A6,332905,25345,0.8,0.0,2006MM09,95.4
25346,A6,332905,25346,0.7,0.2,2006MM10,95.6
25347,A6,332905,25347,0.5,-0.1,2006MM11,95.5
25348,A6,332905,25348,0.4,0.0,2006MM12,95.5
25350,A6,332905,25350,1.5,1.2,2007MM01,96.6
25351,A6,332905,25351,1.4,0.0,2007MM02,96.6
25352,A6,332905,25352,1.4,0.0,2007MM03,96.6
25353,A6,332905,25353,1.6,0.3,2007MM04,96.9
25354,A6,332905,25354,1.8,0.1,2007MM05,96.9
25355,A6,332905,25355,1.7,0.0,2007MM06,97.0
25356,A6,332905,25356,1.5,-0.1,2007MM07,96.9
25357,A6,332905,25357,1.6,0.0,2007MM08,96.9
25358,A6,332905,25358,1.5,-0.1,2007MM09,96.8
25359,A6,332905,25359,1.2,-0.1,2007MM10,96.7
25360,A6,332905,25360,1.2,-0.1,2007MM11,96.6
25361,A6,332905,25361,1.2,0.0,2007MM12,96.7
25363,A6,332905,25363,0.1,0.1,2008MM01,96.8
25364,A6,332905,25364,0.3,0.1,2008MM02,96.9
25365,A6,332905,25365,0.1,-0.2,2008MM03,96.7
25366,A6,332905,25366,0.3,0.5,2008MM04,97.1
25367,A6,332905,25367,0.4,0.1,2008MM05,97.3
25368,A6,332905,25368,0.3,0.0,2008MM06,97.2
25369,A6,332905,25369,0.7,0.3,2008MM07,97.5
25370,A6,332905,25370,0.9,0.2,2008MM08,97.7
25371,A6,332905,25371,1.2,0.2,2008MM09,97.9
25372,A6,332905,25372,1.7,0.5,2008MM10,98.4
25373,A6,332905,25373,2.1,0.3,2008MM11,98.6
25374,A6,332905,25374,1.7,-0.3,2008MM12,98.3
25376,A6,332905,25376,2.4,0.8,2009MM01,99.1
25377,A6,332905,25377,2.4,0.2,2009MM02,99.2
25378,A6,332905,25378,2.5,-0.2,2009MM03,99.1
25379,A6,332905,25379,2.3,0.3,2009MM04,99.4
25380,A6,332905,25380,2.0,-0.2,2009MM05,99.2
25381,A6,332905,25381,1.9,-0.1,2009MM06,99.1
25382,A6,332905,25382,1.4,-0.2,2009MM07,98.9
25383,A6,332905,25383,1.1,0.0,2009MM08,98.9
25384,A6,332905,25384,0.9,-0.1,2009MM09,98.8
25385,A6,332905,25385,0.1,-0.3,2009MM10,98.5
25386,A6,332905,25386,-0.1,0.0,2009MM11,98.5
25387,A6,332905,25387,0.3,0.1,2009MM12,98.6
25389,A6,332905,25389,0.1,0.5,2010MM01,99.2
25390,A6,332905,25390,0.2,0.2,2010MM02,99.4
25391,A6,332905,25391,0.4,0.1,2010MM03,99.5
25392,A6,332905,25392,0.3,0.3,2010MM04,99.8
25393,A6,332905,25393,0.9,0.4,2010MM05,100.1
25394,A6,332905,25394,1.3,0.2,2010MM06,100.3
25395,A6,332905,25395,1.4,-0.1,2010MM07,100.2
25396,A6,332905,25396,1.4,0.0,2010MM08,100.2
25397,A6,332905,25397,1.6,0.2,2010MM09,100.4
25398,A6,332905,25398,1.6,-0.3,2010MM10,100.1
25399,A6,332905,25399,1.7,0.1,2010MM11,100.2
25400,A6,332905,25400,2.0,0.3,2010MM12,100.6
25402,A6,332905,25402,1.9,0.5,2011MM01,101.1
25403,A6,332905,25403,1.7,0.0,2011MM02,101.1
25404,A6,332905,25404,1.4,-0.2,2011MM03,100.9
25405,A6,332905,25405,1.1,0.0,2011MM04,100.9
25406,A6,332905,25406,0.8,0.0,2011MM05,100.9
25407,A6,332905,25407,0.7,0.1,2011MM06,101.0
25408,A6,332905,25408,0.8,0.1,2011MM07,101.1
25409,A6,332905,25409,0.8,0.0,2011MM08,101.0
25410,A6,332905,25410,0.8,0.2,2011MM09,101.2
25411,A6,332905,25411,1.2,0.1,2011MM10,101.3
25412,A6,332905,25412,1.1,0.1,2011MM11,101.4
25413,A6,332905,25413,0.9,0.1,2011MM12,101.5
25415,A6,332905,25415,1.1,0.6,2012MM01,102.1
25416,A6,332905,25416,1.0,0.0,2012MM02,102.1
25417,A6,332905,25417,1.2,0.0,2012MM03,102.1
25418,A6,332905,25418,1.3,0.1,2012MM04,102.2
25419,A6,332905,25419,1.4,0.1,2012MM05,102.3
25420,A6,332905,25420,1.4,0.1,2012MM06,102.4
25421,A6,332905,25421,1.8,0.5,2012MM07,102.9
25422,A6,332905,25422,1.8,0.0,2012MM08,102.9
25423,A6,332905,25423,1.5,-0.1,2012MM09,102.7
25424,A6,332905,25424,1.5,0.1,2012MM10,102.8
25425,A6,332905,25425,1.4,0.0,2012MM11,102.8
25426,A6,332905,25426,1.3,-0.1,2012MM12,102.8
25428,A6,332905,25428,3.0,2.4,2013MM01,105.2
25429,A6,332905,25429,3.0,0.0,2013MM02,105.2
25430,A6,332905,25430,3.2,0.1,2013MM03,105.3
25431,A6,332905,25431,2.9,-0.2,2013MM04,105.1
25432,A6,332905,25432,2.7,0.0,2013MM05,105.1
25433,A6,332905,25433,2.6,0.0,2013MM06,105.1
25434,A6,332905,25434,2.2,0.1,2013MM07,105.2
25435,A6,332905,25435,2.2,0.0,2013MM08,105.1
25436,A6,332905,25436,2.3,0.0,2013MM09,105.1
25437,A6,332905,25437,2.1,-0.1,2013MM10,105.0
25438,A6,332905,25438,2.1,0.0,2013MM11,105.0
25439,A6,332905,25439,2.1,-0.1,2013MM12,105.0
25441,A6,332905,25441,-1.0,-0.7,2014MM01,104.2
25442,A6,332905,25442,-1.0,0.0,2014MM02,104.2
25443,A6,332905,25443,-1.1,-0.1,2014MM03,104.1
25444,A6,332905,25444,-0.7,0.2,2014MM04,104.3
25445,A6,332905,25445,-0.7,0.1,2014MM05,104.4
25446,A6,332905,25446,-0.6,0.0,2014MM06,104.4
25447,A6,332905,25447,-0.7,0.0,2014MM07,104.4
25448,A6,332905,25448,-0.6,0.1,2014MM08,104.5
25449,A6,332905,25449,-0.5,0.1,2014MM09,104.6
25450,A6,332905,25450,-0.3,0.1,2014MM10,104.7
25451,A6,332905,25451,-0.4,0.0,2014MM11,104.6
25452,A6,332905,25452,-0.2,0.1,2014MM12,104.7
25454,A6,332905,25454,0.9,0.4,2015MM01,105.1
25455,A6,332905,25455,1.0,0.1,2015MM02,105.2
25456,A6,332905,25456,1.3,0.2,2015MM03,105.5
25457,A6,332905,25457,3.4,2.3,2015MM04,107.9
25458,A6,332905,25458,3.2,-0.1,2015MM05,107.7
25459,A6,332905,25459,3.0,-0.1,2015MM06,107.6
25460,A6,332905,25460,3.2,0.1,2015MM07,107.7
25461,A6,332905,25461,3.1,-0.1,2015MM08,107.7
25462,A6,332905,25462,2.9,0.0,2015MM09,107.6
25463,A6,332905,25463,1.9,-0.9,2015MM10,106.7
25464,A6,332905,25464,2.3,0.2,2015MM11,107.0
25465,A6,332905,25465,2.0,-0.1,2015MM12,106.9
25467,A6,332905,25467,1.8,0.2,2016MM01,107.0
25468,A6,332905,25468,1.6,-0.1,2016MM02,106.9
25469,A6,332905,25469,1.3,0.0,2016MM03,106.9
25470,A6,332905,25470,-0.9,0.0,2016MM04,106.9
25471,A6,332905,25471,-0.7,0.0,2016MM05,107.0
25472,A6,332905,25472,-0.5,0.0,2016MM06,107.0
25473,A6,332905,25473,-0.8,-0.1,2016MM07,106.9
25474,A6,332905,25474,-0.8,-0.1,2016MM08,106.8
25475,A6,332905,25475,-0.8,0.0,2016MM09,106.8
25476,A6,332905,25476,-2.9,-3.0,2016MM10,103.7
25477,A6,332905,25477,-3.0,0.1,2016MM11,103.8
25478,A6,332905,25478,-2.7,0.1,2016MM12,104.0
25480,A6,332905,25480,-2.9,0.0,2017MM01,103.9
25481,A6,332905,25481,-2.8,0.0,2017MM02,104.0
25482,A6,332905,25482,-2.8,0.0,2017MM03,104.0
25483,A6,332905,25483,-3.1,-0.3,2017MM04,103.6
25484,A6,332905,25484,-3.4,-0.2,2017MM05,103.4
25485,A6,332905,25485,-3.5,-0.1,2017MM06,103.3
25486,A6,332905,25486,-3.4,-0.1,2017MM07,103.2
25487,A6,332905,25487,-3.5,-0.1,2017MM08,103.1
25488,A6,332905,25488,-3.5,0.0,2017MM09,103.1
25489,A6,332905,25489,-0.5,0.1,2017MM10,103.2
25490,A6,332905,25490,-0.6,0.0,2017MM11,103.2
25491,A6,332905,25491,-0.7,0.0,2017MM12,103.2
