,Afzet,BedrijfstakkenBranchesSBI2008,ID,OntwikkelingTOV1JaarEerder_2,OntwikkelingTOV1MaandEerder_3,Perioden,ProducentenprijsindexPPI_1
26455,A6,334800,26455,,,1981MM01,71.4
26456,A6,334800,26456,,1.1,1981MM02,72.2
26457,A6,334800,26457,,0.1,1981MM03,72.3
26458,A6,334800,26458,,0.4,1981MM04,72.5
26459,A6,334800,26459,,0.3,1981MM05,72.7
26460,A6,334800,26460,,0.1,1981MM06,72.8
26461,A6,334800,26461,,0.9,1981MM07,73.5
26462,A6,334800,26462,,0.3,1981MM08,73.7
26463,A6,334800,26463,,0.3,1981MM09,73.9
26464,A6,334800,26464,,0.1,1981MM10,73.9
26465,A6,334800,26465,,0.2,1981MM11,74.1
26466,A6,334800,26466,,0.2,1981MM12,74.2
26468,A6,334800,26468,5.3,1.4,1982MM01,75.2
26469,A6,334800,26469,4.4,0.2,1982MM02,75.3
26470,A6,334800,26470,4.3,0.0,1982MM03,75.4
26471,A6,334800,26471,4.4,0.5,1982MM04,75.7
26472,A6,334800,26472,4.0,-0.1,1982MM05,75.7
26473,A6,334800,26473,4.0,0.1,1982MM06,75.7
26474,A6,334800,26474,4.1,1.1,1982MM07,76.5
26475,A6,334800,26475,3.9,0.1,1982MM08,76.6
26476,A6,334800,26476,3.7,0.0,1982MM09,76.6
26477,A6,334800,26477,3.9,0.3,1982MM10,76.8
26478,A6,334800,26478,3.7,0.1,1982MM11,76.9
26479,A6,334800,26479,3.6,0.0,1982MM12,76.9
26481,A6,334800,26481,3.4,1.2,1983MM01,77.8
26482,A6,334800,26482,2.8,-0.4,1983MM02,77.5
26483,A6,334800,26483,3.0,0.2,1983MM03,77.6
26484,A6,334800,26484,2.8,0.3,1983MM04,77.8
26485,A6,334800,26485,3.1,0.2,1983MM05,78.0
26486,A6,334800,26486,3.1,0.1,1983MM06,78.1
26487,A6,334800,26487,2.1,0.0,1983MM07,78.1
26488,A6,334800,26488,2.1,0.1,1983MM08,78.2
26489,A6,334800,26489,2.0,0.0,1983MM09,78.1
26490,A6,334800,26490,1.8,0.0,1983MM10,78.2
26491,A6,334800,26491,1.9,0.2,1983MM11,78.3
26492,A6,334800,26492,2.2,0.3,1983MM12,78.6
26494,A6,334800,26494,1.1,0.1,1984MM01,78.6
26495,A6,334800,26495,1.6,0.1,1984MM02,78.7
26496,A6,334800,26496,1.4,0.0,1984MM03,78.7
26497,A6,334800,26497,1.4,0.3,1984MM04,78.9
26498,A6,334800,26498,1.3,0.2,1984MM05,79.0
26499,A6,334800,26499,1.2,0.0,1984MM06,79.0
26500,A6,334800,26500,1.9,0.7,1984MM07,79.6
26501,A6,334800,26501,1.9,0.1,1984MM08,79.7
26502,A6,334800,26502,2.2,0.2,1984MM09,79.8
26503,A6,334800,26503,2.3,0.1,1984MM10,79.9
26504,A6,334800,26504,2.0,-0.1,1984MM11,79.9
26505,A6,334800,26505,1.9,0.2,1984MM12,80.1
26507,A6,334800,26507,2.7,0.8,1985MM01,80.7
26508,A6,334800,26508,2.8,0.2,1985MM02,80.9
26509,A6,334800,26509,3.1,0.3,1985MM03,81.1
26510,A6,334800,26510,2.8,0.0,1985MM04,81.1
26511,A6,334800,26511,2.8,0.2,1985MM05,81.2
26512,A6,334800,26512,2.7,-0.1,1985MM06,81.1
26513,A6,334800,26513,2.2,0.2,1985MM07,81.3
26514,A6,334800,26514,2.1,0.0,1985MM08,81.3
26515,A6,334800,26515,1.9,0.1,1985MM09,81.4
26516,A6,334800,26516,2.5,0.8,1985MM10,82.0
26517,A6,334800,26517,2.5,-0.1,1985MM11,81.9
26518,A6,334800,26518,2.3,0.0,1985MM12,81.9
26520,A6,334800,26520,1.6,0.1,1986MM01,82.0
26521,A6,334800,26521,1.3,-0.1,1986MM02,81.9
26522,A6,334800,26522,1.0,0.0,1986MM03,81.9
26523,A6,334800,26523,0.7,-0.3,1986MM04,81.7
26524,A6,334800,26524,0.5,0.0,1986MM05,81.6
26525,A6,334800,26525,0.5,-0.1,1986MM06,81.6
26526,A6,334800,26526,0.2,-0.1,1986MM07,81.5
26527,A6,334800,26527,0.2,0.0,1986MM08,81.5
26528,A6,334800,26528,0.0,-0.1,1986MM09,81.4
26529,A6,334800,26529,-1.7,-1.0,1986MM10,80.6
26530,A6,334800,26530,-1.8,-0.1,1986MM11,80.5
26531,A6,334800,26531,-1.7,0.0,1986MM12,80.5
26533,A6,334800,26533,-2.0,-0.2,1987MM01,80.3
26534,A6,334800,26534,-2.0,-0.1,1987MM02,80.2
26535,A6,334800,26535,-2.0,0.0,1987MM03,80.3
26536,A6,334800,26536,-1.8,-0.1,1987MM04,80.2
26537,A6,334800,26537,-1.7,0.1,1987MM05,80.3
26538,A6,334800,26538,-1.6,0.0,1987MM06,80.3
26539,A6,334800,26539,-1.5,0.0,1987MM07,80.3
26540,A6,334800,26540,-1.5,0.0,1987MM08,80.3
26541,A6,334800,26541,-1.6,-0.2,1987MM09,80.1
26542,A6,334800,26542,-0.4,0.1,1987MM10,80.2
26543,A6,334800,26543,-0.2,0.1,1987MM11,80.3
26544,A6,334800,26544,-0.2,0.1,1987MM12,80.3
26546,A6,334800,26546,0.2,0.2,1988MM01,80.5
26547,A6,334800,26547,0.2,0.0,1988MM02,80.4
26548,A6,334800,26548,0.2,0.0,1988MM03,80.4
26549,A6,334800,26549,0.4,0.2,1988MM04,80.5
26550,A6,334800,26550,0.5,0.1,1988MM05,80.7
26551,A6,334800,26551,0.8,0.3,1988MM06,80.9
26552,A6,334800,26552,1.1,0.3,1988MM07,81.2
26553,A6,334800,26553,1.1,0.0,1988MM08,81.2
26554,A6,334800,26554,1.4,0.1,1988MM09,81.2
26555,A6,334800,26555,1.6,0.3,1988MM10,81.5
26556,A6,334800,26556,1.5,0.0,1988MM11,81.5
26557,A6,334800,26557,1.7,0.2,1988MM12,81.7
26559,A6,334800,26559,1.7,0.1,1989MM01,81.8
26560,A6,334800,26560,1.4,-0.3,1989MM02,81.6
26561,A6,334800,26561,1.4,0.0,1989MM03,81.5
26562,A6,334800,26562,1.5,0.3,1989MM04,81.8
26563,A6,334800,26563,1.4,0.0,1989MM05,81.8
26564,A6,334800,26564,0.9,-0.1,1989MM06,81.7
26565,A6,334800,26565,0.5,-0.1,1989MM07,81.6
26566,A6,334800,26566,0.5,0.0,1989MM08,81.6
26567,A6,334800,26567,0.4,0.0,1989MM09,81.6
26568,A6,334800,26568,-0.1,-0.2,1989MM10,81.4
26569,A6,334800,26569,-0.3,-0.1,1989MM11,81.3
26570,A6,334800,26570,-0.7,-0.2,1989MM12,81.1
26572,A6,334800,26572,-1.0,-0.1,1990MM01,81.0
26573,A6,334800,26573,-0.9,-0.2,1990MM02,80.8
26574,A6,334800,26574,-0.7,0.2,1990MM03,81.0
26575,A6,334800,26575,-1.0,-0.1,1990MM04,80.9
26576,A6,334800,26576,-0.8,0.3,1990MM05,81.1
26577,A6,334800,26577,-0.5,0.1,1990MM06,81.2
26578,A6,334800,26578,-0.2,0.3,1990MM07,81.4
26579,A6,334800,26579,-0.3,-0.1,1990MM08,81.4
26580,A6,334800,26580,-0.3,0.0,1990MM09,81.4
26581,A6,334800,26581,-0.1,-0.1,1990MM10,81.3
26582,A6,334800,26582,-0.3,-0.3,1990MM11,81.1
26583,A6,334800,26583,-0.2,-0.2,1990MM12,80.9
26585,A6,334800,26585,0.8,0.9,1991MM01,81.7
26586,A6,334800,26586,0.9,-0.1,1991MM02,81.6
26587,A6,334800,26587,1.0,0.3,1991MM03,81.8
26588,A6,334800,26588,1.9,0.8,1991MM04,82.4
26589,A6,334800,26589,1.6,0.0,1991MM05,82.4
26590,A6,334800,26590,1.3,-0.2,1991MM06,82.3
26591,A6,334800,26591,1.4,0.4,1991MM07,82.6
26592,A6,334800,26592,1.5,-0.1,1991MM08,82.6
26593,A6,334800,26593,1.5,0.1,1991MM09,82.6
26594,A6,334800,26594,1.7,0.1,1991MM10,82.7
26595,A6,334800,26595,1.9,-0.1,1991MM11,82.6
26596,A6,334800,26596,1.8,-0.2,1991MM12,82.4
26598,A6,334800,26598,1.7,0.8,1992MM01,83.1
26599,A6,334800,26599,1.9,0.0,1992MM02,83.1
26600,A6,334800,26600,1.8,0.3,1992MM03,83.3
26601,A6,334800,26601,1.2,0.2,1992MM04,83.5
26602,A6,334800,26602,1.3,0.0,1992MM05,83.5
26603,A6,334800,26603,1.7,0.2,1992MM06,83.7
26604,A6,334800,26604,1.2,-0.1,1992MM07,83.6
26605,A6,334800,26605,1.2,0.0,1992MM08,83.6
26606,A6,334800,26606,1.1,-0.1,1992MM09,83.5
26607,A6,334800,26607,1.0,-0.1,1992MM10,83.5
26608,A6,334800,26608,1.1,0.1,1992MM11,83.5
26609,A6,334800,26609,1.3,0.0,1992MM12,83.5
26611,A6,334800,26611,1.1,0.6,1993MM01,84.0
26612,A6,334800,26612,1.3,0.2,1993MM02,84.2
26613,A6,334800,26613,0.5,-0.5,1993MM03,83.7
26614,A6,334800,26614,0.2,-0.1,1993MM04,83.7
26615,A6,334800,26615,-0.1,-0.3,1993MM05,83.4
26616,A6,334800,26616,-0.2,0.1,1993MM06,83.5
26617,A6,334800,26617,-0.1,0.0,1993MM07,83.5
26618,A6,334800,26618,-0.5,-0.4,1993MM08,83.2
26619,A6,334800,26619,-0.6,-0.2,1993MM09,83.0
26620,A6,334800,26620,-1.0,-0.5,1993MM10,82.6
26621,A6,334800,26621,-1.0,0.0,1993MM11,82.7
26622,A6,334800,26622,-0.6,0.4,1993MM12,83.0
26624,A6,334800,26624,-1.2,0.0,1994MM01,83.0
26625,A6,334800,26625,-1.2,0.2,1994MM02,83.1
26626,A6,334800,26626,-0.3,0.4,1994MM03,83.4
26627,A6,334800,26627,-0.1,0.2,1994MM04,83.6
26628,A6,334800,26628,0.3,0.1,1994MM05,83.7
26629,A6,334800,26629,0.7,0.4,1994MM06,84.0
26630,A6,334800,26630,0.5,-0.1,1994MM07,83.9
26631,A6,334800,26631,0.8,-0.1,1994MM08,83.8
26632,A6,334800,26632,1.0,0.0,1994MM09,83.8
26633,A6,334800,26633,1.8,0.3,1994MM10,84.1
26634,A6,334800,26634,2.2,0.4,1994MM11,84.5
26635,A6,334800,26635,2.3,0.5,1994MM12,84.9
26637,A6,334800,26637,1.8,-0.5,1995MM01,84.5
26638,A6,334800,26638,2.0,0.4,1995MM02,84.8
26639,A6,334800,26639,2.1,0.5,1995MM03,85.2
26640,A6,334800,26640,2.0,0.0,1995MM04,85.2
26641,A6,334800,26641,1.7,-0.1,1995MM05,85.1
26642,A6,334800,26642,1.4,0.1,1995MM06,85.2
26643,A6,334800,26643,1.5,-0.1,1995MM07,85.2
26644,A6,334800,26644,1.6,0.0,1995MM08,85.2
26645,A6,334800,26645,1.2,-0.4,1995MM09,84.8
26646,A6,334800,26646,0.6,-0.3,1995MM10,84.6
26647,A6,334800,26647,0.9,0.8,1995MM11,85.3
26648,A6,334800,26648,1.1,0.6,1995MM12,85.8
26650,A6,334800,26650,1.3,-0.3,1996MM01,85.5
26651,A6,334800,26651,1.0,0.1,1996MM02,85.6
26652,A6,334800,26652,0.4,0.0,1996MM03,85.6
26653,A6,334800,26653,0.9,0.5,1996MM04,86.0
26654,A6,334800,26654,1.3,0.2,1996MM05,86.2
26655,A6,334800,26655,0.6,-0.6,1996MM06,85.7
26656,A6,334800,26656,0.9,0.2,1996MM07,85.9
26657,A6,334800,26657,1.1,0.3,1996MM08,86.1
26658,A6,334800,26658,1.4,-0.1,1996MM09,86.0
26659,A6,334800,26659,1.8,0.1,1996MM10,86.1
26660,A6,334800,26660,1.4,0.4,1996MM11,86.4
26661,A6,334800,26661,1.0,0.3,1996MM12,86.7
26663,A6,334800,26663,1.9,0.6,1997MM01,87.1
26664,A6,334800,26664,2.1,0.3,1997MM02,87.4
26665,A6,334800,26665,3.2,1.1,1997MM03,88.3
26666,A6,334800,26666,3.6,0.9,1997MM04,89.1
26667,A6,334800,26667,3.6,0.2,1997MM05,89.3
26668,A6,334800,26668,4.5,0.3,1997MM06,89.6
26669,A6,334800,26669,4.3,-0.1,1997MM07,89.6
26670,A6,334800,26670,4.5,0.4,1997MM08,89.9
26671,A6,334800,26671,4.2,-0.3,1997MM09,89.6
26672,A6,334800,26672,3.9,-0.2,1997MM10,89.5
26673,A6,334800,26673,3.2,-0.3,1997MM11,89.2
26674,A6,334800,26674,2.8,-0.1,1997MM12,89.1
26676,A6,334800,26676,2.8,0.5,1998MM01,89.5
26677,A6,334800,26677,2.4,-0.1,1998MM02,89.5
26678,A6,334800,26678,1.5,0.2,1998MM03,89.6
26679,A6,334800,26679,0.5,0.0,1998MM04,89.6
26680,A6,334800,26680,0.0,-0.3,1998MM05,89.4
26681,A6,334800,26681,-0.2,0.0,1998MM06,89.4
26682,A6,334800,26682,-0.2,0.0,1998MM07,89.4
26683,A6,334800,26683,-0.8,-0.2,1998MM08,89.2
26684,A6,334800,26684,-0.7,-0.2,1998MM09,89.0
26685,A6,334800,26685,-0.6,-0.1,1998MM10,88.9
26686,A6,334800,26686,-1.4,-1.0,1998MM11,88.0
26687,A6,334800,26687,-1.8,-0.5,1998MM12,87.5
26689,A6,334800,26689,-2.4,-0.1,1999MM01,87.4
26690,A6,334800,26690,-2.4,-0.1,1999MM02,87.4
26691,A6,334800,26691,-2.2,0.3,1999MM03,87.7
26692,A6,334800,26692,-2.1,0.1,1999MM04,87.7
26693,A6,334800,26693,-1.6,0.2,1999MM05,87.9
26694,A6,334800,26694,-1.5,0.2,1999MM06,88.1
26695,A6,334800,26695,-0.7,0.8,1999MM07,88.8
26696,A6,334800,26696,-0.6,-0.1,1999MM08,88.7
26697,A6,334800,26697,0.1,0.4,1999MM09,89.1
26698,A6,334800,26698,-1.1,-1.2,1999MM10,88.0
26699,A6,334800,26699,0.1,0.1,1999MM11,88.1
26700,A6,334800,26700,0.7,0.0,1999MM12,88.1
26702,A6,334800,26702,2.0,1.2,2000MM01,89.2
26703,A6,334800,26703,2.2,0.2,2000MM02,89.3
26704,A6,334800,26704,1.9,0.1,2000MM03,89.3
26705,A6,334800,26705,2.1,0.2,2000MM04,89.5
26706,A6,334800,26706,2.0,0.2,2000MM05,89.7
26707,A6,334800,26707,1.7,-0.1,2000MM06,89.6
26708,A6,334800,26708,1.4,0.5,2000MM07,90.0
26709,A6,334800,26709,1.6,0.1,2000MM08,90.1
26710,A6,334800,26710,1.1,-0.1,2000MM09,90.0
26711,A6,334800,26711,2.7,0.3,2000MM10,90.3
26712,A6,334800,26712,2.5,0.0,2000MM11,90.3
26713,A6,334800,26713,2.4,0.0,2000MM12,90.3
26715,A6,334800,26715,2.3,1.1,2001MM01,91.2
26716,A6,334800,26716,2.2,0.0,2001MM02,91.3
26717,A6,334800,26717,2.2,0.0,2001MM03,91.3
26718,A6,334800,26718,1.9,0.0,2001MM04,91.3
26719,A6,334800,26719,1.8,0.0,2001MM05,91.3
26720,A6,334800,26720,2.0,0.1,2001MM06,91.4
26721,A6,334800,26721,1.7,0.1,2001MM07,91.5
26722,A6,334800,26722,1.4,-0.1,2001MM08,91.4
26723,A6,334800,26723,1.6,0.1,2001MM09,91.5
26724,A6,334800,26724,1.3,0.0,2001MM10,91.5
26725,A6,334800,26725,1.4,0.1,2001MM11,91.5
26726,A6,334800,26726,1.2,-0.2,2001MM12,91.4
26728,A6,334800,26728,0.6,0.5,2002MM01,91.8
26729,A6,334800,26729,0.7,0.1,2002MM02,91.9
26730,A6,334800,26730,0.7,0.0,2002MM03,91.9
26731,A6,334800,26731,0.8,0.0,2002MM04,92.0
26732,A6,334800,26732,0.6,-0.1,2002MM05,91.8
26733,A6,334800,26733,0.4,-0.1,2002MM06,91.8
26734,A6,334800,26734,0.2,-0.1,2002MM07,91.7
26735,A6,334800,26735,0.3,0.0,2002MM08,91.7
26736,A6,334800,26736,0.1,-0.1,2002MM09,91.6
26737,A6,334800,26737,0.1,0.0,2002MM10,91.6
26738,A6,334800,26738,-0.1,-0.2,2002MM11,91.4
26739,A6,334800,26739,0.1,0.0,2002MM12,91.5
26741,A6,334800,26741,-0.6,-0.2,2003MM01,91.3
26742,A6,334800,26742,-0.7,0.0,2003MM02,91.2
26743,A6,334800,26743,-0.7,0.1,2003MM03,91.3
26744,A6,334800,26744,-0.8,-0.1,2003MM04,91.2
26745,A6,334800,26745,-0.8,-0.2,2003MM05,91.1
26746,A6,334800,26746,-1.0,-0.2,2003MM06,90.9
26747,A6,334800,26747,-0.8,0.0,2003MM07,90.9
26748,A6,334800,26748,-0.8,0.0,2003MM08,90.9
26749,A6,334800,26749,-0.6,0.1,2003MM09,91.1
26750,A6,334800,26750,-0.2,0.4,2003MM10,91.4
26751,A6,334800,26751,0.0,0.0,2003MM11,91.4
26752,A6,334800,26752,-0.1,-0.1,2003MM12,91.4
26754,A6,334800,26754,-0.5,-0.6,2004MM01,90.8
26755,A6,334800,26755,-0.4,0.1,2004MM02,90.9
26756,A6,334800,26756,-0.3,0.1,2004MM03,91.0
26757,A6,334800,26757,0.2,0.4,2004MM04,91.4
26758,A6,334800,26758,0.5,0.2,2004MM05,91.6
26759,A6,334800,26759,1.0,0.2,2004MM06,91.8
26760,A6,334800,26760,1.0,0.1,2004MM07,91.9
26761,A6,334800,26761,1.0,0.0,2004MM08,91.9
26762,A6,334800,26762,0.9,0.0,2004MM09,91.9
26763,A6,334800,26763,0.9,0.3,2004MM10,92.2
26764,A6,334800,26764,0.6,-0.3,2004MM11,92.0
26765,A6,334800,26765,0.3,-0.4,2004MM12,91.6
26767,A6,334800,26767,0.384615384615,-0.15,2005MM01,92.9
26768,A6,334800,26768,0.469230769231,0.1,2005MM02,93.0
26769,A6,334800,26769,0.553846153846,0.1,2005MM03,93.0
26770,A6,334800,26770,0.638461538462,0.0,2005MM04,93.0
26771,A6,334800,26771,0.723076923077,0.0,2005MM05,93.0
26772,A6,334800,26772,0.807692307692,0.4,2005MM06,93.4
26773,A6,334800,26773,0.892307692308,0.2,2005MM07,93.7
26774,A6,334800,26774,0.976923076923,-0.1,2005MM08,93.6
26775,A6,334800,26775,1.06153846154,0.1,2005MM09,93.6
26776,A6,334800,26776,1.14615384615,0.2,2005MM10,93.8
26777,A6,334800,26777,1.23076923077,0.0,2005MM11,93.9
26778,A6,334800,26778,1.31538461538,0.1,2005MM12,94.0
26780,A6,334800,26780,1.4,0.3,2006MM01,94.2
26781,A6,334800,26781,1.5,0.2,2006MM02,94.4
26782,A6,334800,26782,1.5,0.1,2006MM03,94.4
26783,A6,334800,26783,1.9,0.4,2006MM04,94.8
26784,A6,334800,26784,2.1,0.2,2006MM05,95.0
26785,A6,334800,26785,1.9,0.1,2006MM06,95.2
26786,A6,334800,26786,1.9,0.3,2006MM07,95.4
26787,A6,334800,26787,2.1,0.1,2006MM08,95.5
26788,A6,334800,26788,2.0,0.0,2006MM09,95.5
26789,A6,334800,26789,2.0,0.2,2006MM10,95.7
26790,A6,334800,26790,1.9,-0.1,2006MM11,95.6
26791,A6,334800,26791,1.8,0.1,2006MM12,95.7
26793,A6,334800,26793,2.8,1.2,2007MM01,96.8
26794,A6,334800,26794,2.5,-0.1,2007MM02,96.8
26795,A6,334800,26795,2.5,0.1,2007MM03,96.8
26796,A6,334800,26796,2.6,0.5,2007MM04,97.3
26797,A6,334800,26797,2.6,0.2,2007MM05,97.5
26798,A6,334800,26798,2.5,0.0,2007MM06,97.6
26799,A6,334800,26799,2.6,0.3,2007MM07,97.9
26800,A6,334800,26800,2.4,0.0,2007MM08,97.8
26801,A6,334800,26801,2.4,0.0,2007MM09,97.8
26802,A6,334800,26802,2.2,0.0,2007MM10,97.8
26803,A6,334800,26803,2.2,-0.2,2007MM11,97.7
26804,A6,334800,26804,2.1,0.0,2007MM12,97.7
26806,A6,334800,26806,1.0,0.2,2008MM01,97.8
26807,A6,334800,26807,1.3,0.1,2008MM02,98.0
26808,A6,334800,26808,1.1,0.0,2008MM03,97.9
26809,A6,334800,26809,0.5,-0.2,2008MM04,97.8
26810,A6,334800,26810,0.3,0.1,2008MM05,97.8
26811,A6,334800,26811,0.2,-0.1,2008MM06,97.8
26812,A6,334800,26812,0.4,0.4,2008MM07,98.2
26813,A6,334800,26813,0.4,0.0,2008MM08,98.3
26814,A6,334800,26814,0.6,0.1,2008MM09,98.4
26815,A6,334800,26815,0.6,0.1,2008MM10,98.4
26816,A6,334800,26816,0.8,0.0,2008MM11,98.4
26817,A6,334800,26817,0.6,-0.2,2008MM12,98.2
26819,A6,334800,26819,0.6,0.2,2009MM01,98.4
26820,A6,334800,26820,0.5,0.0,2009MM02,98.4
26821,A6,334800,26821,0.4,-0.1,2009MM03,98.3
26822,A6,334800,26822,1.4,0.8,2009MM04,99.1
26823,A6,334800,26823,1.2,-0.1,2009MM05,99.0
26824,A6,334800,26824,1.2,0.0,2009MM06,99.0
26825,A6,334800,26825,0.6,-0.1,2009MM07,98.8
26826,A6,334800,26826,0.7,0.1,2009MM08,98.9
26827,A6,334800,26827,0.6,0.1,2009MM09,99.0
26828,A6,334800,26828,0.2,-0.3,2009MM10,98.6
26829,A6,334800,26829,0.2,0.0,2009MM11,98.7
26830,A6,334800,26830,0.5,0.1,2009MM12,98.7
26832,A6,334800,26832,0.8,0.5,2010MM01,99.2
26833,A6,334800,26833,0.9,0.1,2010MM02,99.3
26834,A6,334800,26834,1.2,0.1,2010MM03,99.5
26835,A6,334800,26835,0.7,0.3,2010MM04,99.8
26836,A6,334800,26836,1.0,0.2,2010MM05,100.0
26837,A6,334800,26837,1.1,0.1,2010MM06,100.0
26838,A6,334800,26838,1.2,0.0,2010MM07,100.0
26839,A6,334800,26839,1.2,0.1,2010MM08,100.1
26840,A6,334800,26840,1.5,0.4,2010MM09,100.5
26841,A6,334800,26841,1.8,-0.1,2010MM10,100.4
26842,A6,334800,26842,1.8,0.1,2010MM11,100.5
26843,A6,334800,26843,2.0,0.2,2010MM12,100.7
26845,A6,334800,26845,2.8,1.3,2011MM01,102.0
26846,A6,334800,26846,2.9,0.1,2011MM02,102.2
26847,A6,334800,26847,2.7,0.0,2011MM03,102.2
26848,A6,334800,26848,2.3,0.0,2011MM04,102.1
26849,A6,334800,26849,2.1,-0.1,2011MM05,102.0
26850,A6,334800,26850,2.0,0.0,2011MM06,102.1
26851,A6,334800,26851,2.1,0.1,2011MM07,102.2
26852,A6,334800,26852,2.0,-0.1,2011MM08,102.1
26853,A6,334800,26853,1.7,0.1,2011MM09,102.1
26854,A6,334800,26854,1.8,0.1,2011MM10,102.2
26855,A6,334800,26855,1.8,0.0,2011MM11,102.3
26856,A6,334800,26856,1.6,0.1,2011MM12,102.3
26858,A6,334800,26858,1.4,1.1,2012MM01,103.5
26859,A6,334800,26859,1.3,0.0,2012MM02,103.5
26860,A6,334800,26860,1.3,0.0,2012MM03,103.5
26861,A6,334800,26861,1.4,0.0,2012MM04,103.5
26862,A6,334800,26862,1.5,0.0,2012MM05,103.6
26863,A6,334800,26863,1.5,0.0,2012MM06,103.6
26864,A6,334800,26864,1.5,0.1,2012MM07,103.7
26865,A6,334800,26865,1.6,0.0,2012MM08,103.7
26866,A6,334800,26866,1.5,0.0,2012MM09,103.6
26867,A6,334800,26867,1.5,0.1,2012MM10,103.7
26868,A6,334800,26868,1.5,0.0,2012MM11,103.8
26869,A6,334800,26869,1.4,0.0,2012MM12,103.7
26871,A6,334800,26871,3.8,3.5,2013MM01,107.4
26872,A6,334800,26872,3.7,0.0,2013MM02,107.3
26873,A6,334800,26873,3.8,0.1,2013MM03,107.4
26874,A6,334800,26874,3.6,-0.1,2013MM04,107.3
26875,A6,334800,26875,3.5,-0.1,2013MM05,107.2
26876,A6,334800,26876,3.5,0.0,2013MM06,107.2
26877,A6,334800,26877,3.6,0.2,2013MM07,107.4
26878,A6,334800,26878,3.6,0.0,2013MM08,107.4
26879,A6,334800,26879,3.6,0.0,2013MM09,107.4
26880,A6,334800,26880,3.5,0.0,2013MM10,107.4
26881,A6,334800,26881,3.6,0.1,2013MM11,107.4
26882,A6,334800,26882,3.6,0.0,2013MM12,107.4
26884,A6,334800,26884,-1.1,-1.1,2014MM01,106.3
26885,A6,334800,26885,-1.0,0.0,2014MM02,106.3
26886,A6,334800,26886,-1.1,-0.1,2014MM03,106.2
26887,A6,334800,26887,-0.8,0.2,2014MM04,106.4
26888,A6,334800,26888,-0.7,0.1,2014MM05,106.5
26889,A6,334800,26889,-0.6,0.0,2014MM06,106.5
26890,A6,334800,26890,-0.9,0.0,2014MM07,106.5
26891,A6,334800,26891,-0.8,0.0,2014MM08,106.5
26892,A6,334800,26892,-0.8,0.0,2014MM09,106.6
26893,A6,334800,26893,-0.7,0.1,2014MM10,106.6
26894,A6,334800,26894,-0.9,-0.1,2014MM11,106.5
26895,A6,334800,26895,-0.8,0.0,2014MM12,106.6
26897,A6,334800,26897,0.5,0.2,2015MM01,106.8
26898,A6,334800,26898,0.5,0.0,2015MM02,106.8
26899,A6,334800,26899,0.7,0.1,2015MM03,106.9
26900,A6,334800,26900,3.6,3.1,2015MM04,110.2
26901,A6,334800,26901,3.6,0.0,2015MM05,110.3
26902,A6,334800,26902,3.4,-0.2,2015MM06,110.1
26903,A6,334800,26903,3.3,-0.1,2015MM07,110.0
26904,A6,334800,26904,3.3,0.0,2015MM08,110.0
26905,A6,334800,26905,3.2,0.0,2015MM09,110.0
26906,A6,334800,26906,1.6,-1.5,2015MM10,108.3
26907,A6,334800,26907,1.8,0.1,2015MM11,108.4
26908,A6,334800,26908,1.7,-0.1,2015MM12,108.3
26910,A6,334800,26910,1.7,0.2,2016MM01,108.6
26911,A6,334800,26911,1.6,-0.1,2016MM02,108.5
26912,A6,334800,26912,1.4,0.0,2016MM03,108.4
26913,A6,334800,26913,-1.6,0.0,2016MM04,108.4
26914,A6,334800,26914,-1.7,0.0,2016MM05,108.4
26915,A6,334800,26915,-1.5,0.0,2016MM06,108.5
26916,A6,334800,26916,-1.7,-0.3,2016MM07,108.1
26917,A6,334800,26917,-1.8,-0.1,2016MM08,108.1
26918,A6,334800,26918,-1.7,0.1,2016MM09,108.1
26919,A6,334800,26919,-4.5,-4.3,2016MM10,103.5
26920,A6,334800,26920,-4.5,0.1,2016MM11,103.5
26921,A6,334800,26921,-4.3,0.2,2016MM12,103.7
26923,A6,334800,26923,-4.6,-0.1,2017MM01,103.6
26924,A6,334800,26924,-4.4,0.1,2017MM02,103.7
26925,A6,334800,26925,-4.4,0.0,2017MM03,103.7
26926,A6,334800,26926,-4.9,-0.6,2017MM04,103.1
26927,A6,334800,26927,-5.2,-0.3,2017MM05,102.8
26928,A6,334800,26928,-5.2,0.0,2017MM06,102.8
26929,A6,334800,26929,-4.8,0.1,2017MM07,103.0
26930,A6,334800,26930,-4.7,0.0,2017MM08,103.0
26931,A6,334800,26931,-4.8,0.0,2017MM09,102.9
26932,A6,334800,26932,-0.4,0.1,2017MM10,103.0
26933,A6,334800,26933,-0.5,0.0,2017MM11,103.0
26934,A6,334800,26934,-0.6,0.1,2017MM12,103.1
