,Afzet,BedrijfstakkenBranchesSBI2008,ID,OntwikkelingTOV1JaarEerder_2,OntwikkelingTOV1MaandEerder_3,Perioden,ProducentenprijsindexPPI_1
90909,A5,334800,90909,1.9,0.75,1981MM01,76.9
90910,A5,334800,90910,2.2,1.4,1981MM02,78.0
90911,A5,334800,90911,2.5,0.0,1981MM03,78.1
90912,A5,334800,90912,2.8,0.3,1981MM04,78.3
90913,A5,334800,90913,3.1,0.4,1981MM05,78.6
90914,A5,334800,90914,3.4,0.1,1981MM06,78.7
90915,A5,334800,90915,3.7,1.3,1981MM07,79.8
90916,A5,334800,90916,4.0,0.1,1981MM08,79.9
90917,A5,334800,90917,4.3,0.3,1981MM09,80.1
90918,A5,334800,90918,4.6,0.0,1981MM10,80.2
90919,A5,334800,90919,4.9,0.2,1981MM11,80.3
90920,A5,334800,90920,5.2,0.2,1981MM12,80.5
90922,A5,334800,90922,5.5,0.9,1982MM01,81.2
90923,A5,334800,90923,4.1,0.1,1982MM02,81.3
90924,A5,334800,90924,4.1,0.0,1982MM03,81.3
90925,A5,334800,90925,4.5,0.6,1982MM04,81.8
90926,A5,334800,90926,4.0,-0.1,1982MM05,81.7
90927,A5,334800,90927,4.0,0.2,1982MM06,81.8
90928,A5,334800,90928,4.1,1.4,1982MM07,83.0
90929,A5,334800,90929,4.0,0.1,1982MM08,83.1
90930,A5,334800,90930,3.6,-0.1,1982MM09,83.0
90931,A5,334800,90931,3.9,0.4,1982MM10,83.3
90932,A5,334800,90932,3.8,0.1,1982MM11,83.4
90933,A5,334800,90933,3.6,0.0,1982MM12,83.3
90935,A5,334800,90935,3.8,1.1,1983MM01,84.3
90936,A5,334800,90936,2.9,-0.8,1983MM02,83.6
90937,A5,334800,90937,3.1,0.2,1983MM03,83.8
90938,A5,334800,90938,2.8,0.4,1983MM04,84.1
90939,A5,334800,90939,3.1,0.2,1983MM05,84.3
90940,A5,334800,90940,3.1,0.1,1983MM06,84.3
90941,A5,334800,90941,1.5,-0.1,1983MM07,84.2
90942,A5,334800,90942,1.5,0.1,1983MM08,84.4
90943,A5,334800,90943,1.6,0.0,1983MM09,84.3
90944,A5,334800,90944,1.2,0.0,1983MM10,84.3
90945,A5,334800,90945,1.4,0.3,1983MM11,84.6
90946,A5,334800,90946,1.6,0.2,1983MM12,84.7
90948,A5,334800,90948,0.3,-0.2,1984MM01,84.5
90949,A5,334800,90949,1.0,-0.1,1984MM02,84.4
90950,A5,334800,90950,0.8,0.0,1984MM03,84.4
90951,A5,334800,90951,0.7,0.3,1984MM04,84.7
90952,A5,334800,90952,0.7,0.2,1984MM05,84.9
90953,A5,334800,90953,0.8,0.1,1984MM06,85.0
90954,A5,334800,90954,1.7,0.8,1984MM07,85.7
90955,A5,334800,90955,1.8,0.2,1984MM08,85.8
90956,A5,334800,90956,2.2,0.3,1984MM09,86.1
90957,A5,334800,90957,2.4,0.2,1984MM10,86.3
90958,A5,334800,90958,2.2,0.2,1984MM11,86.4
90959,A5,334800,90959,2.4,0.3,1984MM12,86.7
90961,A5,334800,90961,3.3,0.7,1985MM01,87.3
90962,A5,334800,90962,2.6,-0.8,1985MM02,86.7
90963,A5,334800,90963,2.9,0.2,1985MM03,86.9
90964,A5,334800,90964,3.1,0.5,1985MM04,87.3
90965,A5,334800,90965,3.1,0.2,1985MM05,87.5
90966,A5,334800,90966,3.1,0.1,1985MM06,87.6
90967,A5,334800,90967,2.2,0.0,1985MM07,87.6
90968,A5,334800,90968,2.3,0.2,1985MM08,87.8
90969,A5,334800,90969,1.9,0.0,1985MM09,87.8
90970,A5,334800,90970,2.0,0.2,1985MM10,88.0
90971,A5,334800,90971,2.4,0.6,1985MM11,88.5
90972,A5,334800,90972,2.0,0.0,1985MM12,88.5
90974,A5,334800,90974,1.2,-0.1,1986MM01,88.4
90975,A5,334800,90975,1.1,-0.9,1986MM02,87.6
90976,A5,334800,90976,1.2,0.4,1986MM03,88.0
90977,A5,334800,90977,0.6,-0.1,1986MM04,87.8
90978,A5,334800,90978,0.5,0.1,1986MM05,87.9
90979,A5,334800,90979,0.4,0.1,1986MM06,87.9
90980,A5,334800,90980,0.4,0.0,1986MM07,87.9
90981,A5,334800,90981,0.0,-0.1,1986MM08,87.8
90982,A5,334800,90982,-0.1,-0.1,1986MM09,87.7
90983,A5,334800,90983,-0.3,0.0,1986MM10,87.7
90984,A5,334800,90984,-1.0,-0.1,1986MM11,87.7
90985,A5,334800,90985,-2.0,-1.0,1986MM12,86.7
90987,A5,334800,90987,-2.0,-0.1,1987MM01,86.7
90988,A5,334800,90988,-1.1,0.0,1987MM02,86.7
90989,A5,334800,90989,-1.7,-0.2,1987MM03,86.5
90990,A5,334800,90990,-1.5,0.0,1987MM04,86.5
90991,A5,334800,90991,-1.6,0.0,1987MM05,86.4
90992,A5,334800,90992,-1.6,0.0,1987MM06,86.5
90993,A5,334800,90993,-1.6,0.1,1987MM07,86.5
90994,A5,334800,90994,-1.4,0.0,1987MM08,86.6
90995,A5,334800,90995,-1.3,0.0,1987MM09,86.6
90996,A5,334800,90996,-1.4,-0.2,1987MM10,86.4
90997,A5,334800,90997,-1.4,-0.1,1987MM11,86.4
90998,A5,334800,90998,-0.5,-0.1,1987MM12,86.3
91000,A5,334800,91000,-0.3,0.1,1988MM01,86.4
91001,A5,334800,91001,-0.4,0.0,1988MM02,86.4
91002,A5,334800,91002,-0.1,0.0,1988MM03,86.4
91003,A5,334800,91003,0.3,0.4,1988MM04,86.7
91004,A5,334800,91004,-0.1,-0.4,1988MM05,86.4
91005,A5,334800,91005,-0.2,0.0,1988MM06,86.3
91006,A5,334800,91006,-0.2,0.0,1988MM07,86.3
91007,A5,334800,91007,-0.2,0.1,1988MM08,86.4
91008,A5,334800,91008,0.0,0.2,1988MM09,86.6
91009,A5,334800,91009,0.4,0.3,1988MM10,86.8
91010,A5,334800,91010,0.8,0.3,1988MM11,87.1
91011,A5,334800,91011,0.9,0.0,1988MM12,87.1
91013,A5,334800,91013,0.9,0.1,1989MM01,87.1
91014,A5,334800,91014,1.4,0.5,1989MM02,87.6
91015,A5,334800,91015,1.3,-0.1,1989MM03,87.5
91016,A5,334800,91016,1.1,0.2,1989MM04,87.7
91017,A5,334800,91017,1.3,-0.2,1989MM05,87.5
91018,A5,334800,91018,1.4,0.1,1989MM06,87.6
91019,A5,334800,91019,1.0,-0.5,1989MM07,87.2
91020,A5,334800,91020,0.7,-0.1,1989MM08,87.1
91021,A5,334800,91021,0.7,0.2,1989MM09,87.2
91022,A5,334800,91022,0.4,-0.1,1989MM10,87.1
91023,A5,334800,91023,-0.2,-0.3,1989MM11,86.9
91024,A5,334800,91024,-0.5,-0.3,1989MM12,86.7
91026,A5,334800,91026,-0.8,-0.2,1990MM01,86.5
91027,A5,334800,91027,-2.0,-0.7,1990MM02,85.9
91028,A5,334800,91028,-2.1,-0.3,1990MM03,85.6
91029,A5,334800,91029,-2.7,-0.4,1990MM04,85.3
91030,A5,334800,91030,-2.7,-0.2,1990MM05,85.1
91031,A5,334800,91031,-2.2,0.7,1990MM06,85.7
91032,A5,334800,91032,-1.6,0.1,1990MM07,85.8
91033,A5,334800,91033,-0.9,0.6,1990MM08,86.2
91034,A5,334800,91034,-1.1,0.0,1990MM09,86.3
91035,A5,334800,91035,-0.9,0.1,1990MM10,86.3
91036,A5,334800,91036,-0.9,-0.3,1990MM11,86.1
91037,A5,334800,91037,-1.0,-0.3,1990MM12,85.8
91039,A5,334800,91039,-0.9,-0.1,1991MM01,85.7
91040,A5,334800,91040,0.9,1.1,1991MM02,86.7
91041,A5,334800,91041,0.6,-0.6,1991MM03,86.2
91042,A5,334800,91042,0.9,-0.1,1991MM04,86.1
91043,A5,334800,91043,1.6,0.4,1991MM05,86.4
91044,A5,334800,91044,1.7,0.9,1991MM06,87.2
91045,A5,334800,91045,1.5,-0.1,1991MM07,87.1
91046,A5,334800,91046,0.8,-0.2,1991MM08,86.9
91047,A5,334800,91047,0.9,0.1,1991MM09,87.0
91048,A5,334800,91048,0.7,-0.1,1991MM10,86.9
91049,A5,334800,91049,1.1,0.1,1991MM11,87.0
91050,A5,334800,91050,1.6,0.2,1991MM12,87.2
91052,A5,334800,91052,1.7,0.0,1992MM01,87.1
91053,A5,334800,91053,0.2,-0.3,1992MM02,86.9
91054,A5,334800,91054,1.7,0.8,1992MM03,87.6
91055,A5,334800,91055,1.5,-0.3,1992MM04,87.3
91056,A5,334800,91056,0.9,-0.1,1992MM05,87.2
91057,A5,334800,91057,0.4,0.4,1992MM06,87.5
91058,A5,334800,91058,0.6,0.0,1992MM07,87.6
91059,A5,334800,91059,0.7,0.0,1992MM08,87.6
91060,A5,334800,91060,1.0,0.4,1992MM09,87.9
91061,A5,334800,91061,0.8,-0.3,1992MM10,87.7
91062,A5,334800,91062,0.7,0.0,1992MM11,87.6
91063,A5,334800,91063,0.4,-0.1,1992MM12,87.5
91065,A5,334800,91065,0.5,0.0,1993MM01,87.5
91066,A5,334800,91066,0.9,0.2,1993MM02,87.7
91067,A5,334800,91067,0.0,-0.1,1993MM03,87.6
91068,A5,334800,91068,-0.4,-0.7,1993MM04,87.0
91069,A5,334800,91069,0.8,1.0,1993MM05,87.9
91070,A5,334800,91070,0.8,0.4,1993MM06,88.2
91071,A5,334800,91071,-0.2,-0.9,1993MM07,87.4
91072,A5,334800,91072,-0.1,0.1,1993MM08,87.5
91073,A5,334800,91073,-0.8,-0.4,1993MM09,87.2
91074,A5,334800,91074,-0.4,0.1,1993MM10,87.3
91075,A5,334800,91075,-0.3,0.1,1993MM11,87.4
91076,A5,334800,91076,-0.9,-0.8,1993MM12,86.7
91078,A5,334800,91078,-1.1,-0.2,1994MM01,86.5
91079,A5,334800,91079,-2.0,-0.7,1994MM02,85.9
91080,A5,334800,91080,-1.9,0.0,1994MM03,86.0
91081,A5,334800,91081,-0.7,0.4,1994MM04,86.4
91082,A5,334800,91082,0.2,2.0,1994MM05,88.1
91083,A5,334800,91083,-1.6,-1.4,1994MM06,86.8
91084,A5,334800,91084,-0.4,0.3,1994MM07,87.0
91085,A5,334800,91085,0.1,0.7,1994MM08,87.6
91086,A5,334800,91086,0.6,0.1,1994MM09,87.7
91087,A5,334800,91087,0.6,0.1,1994MM10,87.8
91088,A5,334800,91088,0.9,0.4,1994MM11,88.2
91089,A5,334800,91089,1.4,-0.3,1994MM12,87.9
91091,A5,334800,91091,1.6,0.0,1995MM01,87.9
91092,A5,334800,91092,2.9,0.6,1995MM02,88.4
91093,A5,334800,91093,3.6,0.8,1995MM03,89.1
91094,A5,334800,91094,3.3,0.2,1995MM04,89.2
91095,A5,334800,91095,1.2,-0.1,1995MM05,89.1
91096,A5,334800,91096,2.9,0.2,1995MM06,89.3
91097,A5,334800,91097,2.9,0.3,1995MM07,89.6
91098,A5,334800,91098,2.3,0.1,1995MM08,89.6
91099,A5,334800,91099,1.7,-0.5,1995MM09,89.2
91100,A5,334800,91100,1.2,-0.4,1995MM10,88.9
91101,A5,334800,91101,1.9,1.1,1995MM11,89.8
91102,A5,334800,91102,2.9,0.7,1995MM12,90.5
91104,A5,334800,91104,2.4,-0.5,1996MM01,90.0
91105,A5,334800,91105,1.9,0.1,1996MM02,90.1
91106,A5,334800,91106,1.0,-0.1,1996MM03,90.0
91107,A5,334800,91107,1.4,0.5,1996MM04,90.5
91108,A5,334800,91108,1.7,0.3,1996MM05,90.7
91109,A5,334800,91109,0.9,-0.6,1996MM06,90.1
91110,A5,334800,91110,0.8,0.2,1996MM07,90.3
91111,A5,334800,91111,1.0,0.2,1996MM08,90.5
91112,A5,334800,91112,1.4,-0.1,1996MM09,90.5
91113,A5,334800,91113,2.0,0.2,1996MM10,90.7
91114,A5,334800,91114,1.3,0.4,1996MM11,91.0
91115,A5,334800,91115,0.9,0.3,1996MM12,91.3
91117,A5,334800,91117,1.9,0.5,1997MM01,91.8
91118,A5,334800,91118,2.1,0.2,1997MM02,92.0
91119,A5,334800,91119,3.6,1.3,1997MM03,93.2
91120,A5,334800,91120,4.2,1.1,1997MM04,94.3
91121,A5,334800,91121,4.2,0.3,1997MM05,94.5
91122,A5,334800,91122,5.3,0.4,1997MM06,94.9
91123,A5,334800,91123,4.9,-0.2,1997MM07,94.8
91124,A5,334800,91124,5.3,0.6,1997MM08,95.3
91125,A5,334800,91125,4.9,-0.4,1997MM09,94.9
91126,A5,334800,91126,4.4,-0.2,1997MM10,94.7
91127,A5,334800,91127,3.6,-0.4,1997MM11,94.3
91128,A5,334800,91128,3.1,-0.2,1997MM12,94.2
91130,A5,334800,91130,3.2,0.6,1998MM01,94.8
91131,A5,334800,91131,2.9,0.0,1998MM02,94.7
91132,A5,334800,91132,1.8,0.2,1998MM03,94.9
91133,A5,334800,91133,0.7,0.0,1998MM04,94.9
91134,A5,334800,91134,0.0,-0.3,1998MM05,94.6
91135,A5,334800,91135,-0.2,0.1,1998MM06,94.7
91136,A5,334800,91136,-0.2,-0.1,1998MM07,94.6
91137,A5,334800,91137,-1.0,-0.2,1998MM08,94.4
91138,A5,334800,91138,-0.9,-0.3,1998MM09,94.1
91139,A5,334800,91139,-0.8,-0.1,1998MM10,94.0
91140,A5,334800,91140,-1.7,-1.3,1998MM11,92.7
91141,A5,334800,91141,-2.2,-0.7,1998MM12,92.1
91143,A5,334800,91143,-3.1,-0.3,1999MM01,91.9
91144,A5,334800,91144,-3.0,0.0,1999MM02,91.9
91145,A5,334800,91145,-2.9,0.3,1999MM03,92.2
91146,A5,334800,91146,-2.9,0.1,1999MM04,92.2
91147,A5,334800,91147,-2.3,0.2,1999MM05,92.4
91148,A5,334800,91148,-2.1,0.3,1999MM06,92.7
91149,A5,334800,91149,-1.4,0.6,1999MM07,93.3
91150,A5,334800,91150,-1.2,0.0,1999MM08,93.2
91151,A5,334800,91151,-0.4,0.5,1999MM09,93.7
91152,A5,334800,91152,-1.8,-1.5,1999MM10,92.3
91153,A5,334800,91153,-0.3,0.2,1999MM11,92.5
91154,A5,334800,91154,0.4,0.1,1999MM12,92.5
91156,A5,334800,91156,1.6,0.9,2000MM01,93.3
91157,A5,334800,91157,1.8,0.2,2000MM02,93.5
91158,A5,334800,91158,1.5,0.1,2000MM03,93.5
91159,A5,334800,91159,1.6,0.2,2000MM04,93.7
91160,A5,334800,91160,1.6,0.2,2000MM05,93.9
91161,A5,334800,91161,1.2,-0.1,2000MM06,93.8
91162,A5,334800,91162,1.0,0.5,2000MM07,94.2
91163,A5,334800,91163,1.1,0.1,2000MM08,94.3
91164,A5,334800,91164,0.4,-0.2,2000MM09,94.1
91165,A5,334800,91165,2.2,0.3,2000MM10,94.4
91166,A5,334800,91166,2.0,0.0,2000MM11,94.3
91167,A5,334800,91167,2.0,0.0,2000MM12,94.4
91169,A5,334800,91169,1.5,0.4,2001MM01,94.7
91170,A5,334800,91170,1.3,0.0,2001MM02,94.7
91171,A5,334800,91171,1.3,0.0,2001MM03,94.7
91172,A5,334800,91172,1.0,-0.1,2001MM04,94.6
91173,A5,334800,91173,0.8,0.0,2001MM05,94.7
91174,A5,334800,91174,1.1,0.1,2001MM06,94.8
91175,A5,334800,91175,0.6,0.0,2001MM07,94.8
91176,A5,334800,91176,0.4,-0.1,2001MM08,94.7
91177,A5,334800,91177,0.6,0.0,2001MM09,94.7
91178,A5,334800,91178,0.4,0.0,2001MM10,94.7
91179,A5,334800,91179,0.4,0.1,2001MM11,94.8
91180,A5,334800,91180,0.3,-0.1,2001MM12,94.6
91182,A5,334800,91182,0.2,0.3,2002MM01,94.9
91183,A5,334800,91183,0.3,0.1,2002MM02,95.0
91184,A5,334800,91184,0.3,0.0,2002MM03,95.0
91185,A5,334800,91185,0.5,0.0,2002MM04,95.0
91186,A5,334800,91186,0.3,-0.1,2002MM05,95.0
91187,A5,334800,91187,0.1,0.0,2002MM06,94.9
91188,A5,334800,91188,0.0,-0.2,2002MM07,94.8
91189,A5,334800,91189,0.1,0.0,2002MM08,94.8
91190,A5,334800,91190,-0.1,-0.1,2002MM09,94.6
91191,A5,334800,91191,-0.1,-0.1,2002MM10,94.6
91192,A5,334800,91192,-0.2,0.0,2002MM11,94.6
91193,A5,334800,91193,0.0,0.0,2002MM12,94.6
91195,A5,334800,91195,-1.1,-0.8,2003MM01,93.8
91196,A5,334800,91196,-1.2,0.0,2003MM02,93.8
91197,A5,334800,91197,-1.2,0.0,2003MM03,93.8
91198,A5,334800,91198,-1.4,-0.1,2003MM04,93.8
91199,A5,334800,91199,-1.5,-0.2,2003MM05,93.5
91200,A5,334800,91200,-1.5,0.0,2003MM06,93.5
91201,A5,334800,91201,-1.4,0.0,2003MM07,93.5
91202,A5,334800,91202,-1.3,0.1,2003MM08,93.5
91203,A5,334800,91203,-1.2,0.0,2003MM09,93.5
91204,A5,334800,91204,-0.7,0.4,2003MM10,93.9
91205,A5,334800,91205,-0.6,0.1,2003MM11,94.0
91206,A5,334800,91206,-0.7,0.0,2003MM12,94.0
91208,A5,334800,91208,-1.0,-1.1,2004MM01,92.9
91209,A5,334800,91209,-0.9,0.1,2004MM02,93.0
91210,A5,334800,91210,-0.9,-0.1,2004MM03,93.0
91211,A5,334800,91211,-0.4,0.5,2004MM04,93.4
91212,A5,334800,91212,0.0,0.2,2004MM05,93.5
91213,A5,334800,91213,0.3,0.2,2004MM06,93.7
91214,A5,334800,91214,0.3,0.0,2004MM07,93.7
91215,A5,334800,91215,0.3,0.0,2004MM08,93.8
91216,A5,334800,91216,0.3,0.1,2004MM09,93.8
91217,A5,334800,91217,0.2,0.2,2004MM10,94.1
91218,A5,334800,91218,-0.2,-0.3,2004MM11,93.8
91219,A5,334800,91219,-0.5,-0.3,2004MM12,93.5
91221,A5,334800,91221,-0.376923076923,-0.05,2005MM01,94.7
91222,A5,334800,91222,-0.253846153846,0.2,2005MM02,94.9
91223,A5,334800,91223,-0.130769230769,0.0,2005MM03,94.9
91224,A5,334800,91224,-0.00769230769231,-0.1,2005MM04,94.8
91225,A5,334800,91225,0.115384615385,0.1,2005MM05,94.9
91226,A5,334800,91226,0.238461538462,0.3,2005MM06,95.2
91227,A5,334800,91227,0.361538461538,0.3,2005MM07,95.4
91228,A5,334800,91228,0.484615384615,-0.1,2005MM08,95.3
91229,A5,334800,91229,0.607692307692,0.1,2005MM09,95.4
91230,A5,334800,91230,0.730769230769,0.3,2005MM10,95.6
91231,A5,334800,91231,0.853846153846,0.0,2005MM11,95.6
91232,A5,334800,91232,0.976923076923,0.1,2005MM12,95.8
91234,A5,334800,91234,1.1,0.0,2006MM01,95.8
91235,A5,334800,91235,1.1,0.2,2006MM02,95.9
91236,A5,334800,91236,1.1,0.0,2006MM03,95.9
91237,A5,334800,91237,1.5,0.3,2006MM04,96.2
91238,A5,334800,91238,1.6,0.1,2006MM05,96.4
91239,A5,334800,91239,1.2,0.0,2006MM06,96.4
91240,A5,334800,91240,1.2,0.2,2006MM07,96.6
91241,A5,334800,91241,1.4,0.1,2006MM08,96.7
91242,A5,334800,91242,1.4,0.0,2006MM09,96.7
91243,A5,334800,91243,1.4,0.3,2006MM10,96.9
91244,A5,334800,91244,1.1,-0.2,2006MM11,96.7
91245,A5,334800,91245,1.0,0.1,2006MM12,96.7
91247,A5,334800,91247,2.1,1.0,2007MM01,97.7
91248,A5,334800,91248,1.9,-0.1,2007MM02,97.7
91249,A5,334800,91249,1.9,0.1,2007MM03,97.8
91250,A5,334800,91250,2.0,0.4,2007MM04,98.2
91251,A5,334800,91251,2.3,0.4,2007MM05,98.5
91252,A5,334800,91252,2.3,0.0,2007MM06,98.5
91253,A5,334800,91253,2.4,0.4,2007MM07,98.9
91254,A5,334800,91254,2.3,0.0,2007MM08,98.9
91255,A5,334800,91255,2.3,-0.1,2007MM09,98.8
91256,A5,334800,91256,1.9,0.0,2007MM10,98.8
91257,A5,334800,91257,2.0,-0.1,2007MM11,98.7
91258,A5,334800,91258,2.0,0.0,2007MM12,98.6
91260,A5,334800,91260,0.6,-0.3,2008MM01,98.4
91261,A5,334800,91261,0.7,0.0,2008MM02,98.4
91262,A5,334800,91262,0.5,-0.1,2008MM03,98.3
91263,A5,334800,91263,-0.4,-0.5,2008MM04,97.8
91264,A5,334800,91264,-0.6,0.1,2008MM05,97.9
91265,A5,334800,91265,-0.7,-0.1,2008MM06,97.8
91266,A5,334800,91266,-0.6,0.5,2008MM07,98.3
91267,A5,334800,91267,-0.6,0.0,2008MM08,98.3
91268,A5,334800,91268,-0.3,0.2,2008MM09,98.5
91269,A5,334800,91269,0.0,0.3,2008MM10,98.8
91270,A5,334800,91270,0.4,0.2,2008MM11,99.0
91271,A5,334800,91271,0.1,-0.3,2008MM12,98.7
91273,A5,334800,91273,0.3,0.0,2009MM01,98.7
91274,A5,334800,91274,0.3,0.0,2009MM02,98.6
91275,A5,334800,91275,0.2,-0.1,2009MM03,98.5
91276,A5,334800,91276,2.0,1.2,2009MM04,99.7
91277,A5,334800,91277,1.6,-0.2,2009MM05,99.5
91278,A5,334800,91278,1.7,0.0,2009MM06,99.5
91279,A5,334800,91279,0.9,-0.3,2009MM07,99.2
91280,A5,334800,91280,0.8,0.0,2009MM08,99.1
91281,A5,334800,91281,0.7,0.0,2009MM09,99.2
91282,A5,334800,91282,-0.3,-0.6,2009MM10,98.6
91283,A5,334800,91283,-0.4,0.1,2009MM11,98.6
91284,A5,334800,91284,0.0,0.1,2009MM12,98.7
91286,A5,334800,91286,0.6,0.5,2010MM01,99.2
91287,A5,334800,91287,0.7,0.1,2010MM02,99.4
91288,A5,334800,91288,0.9,0.1,2010MM03,99.5
91289,A5,334800,91289,0.0,0.2,2010MM04,99.7
91290,A5,334800,91290,0.4,0.2,2010MM05,99.9
91291,A5,334800,91291,0.6,0.1,2010MM06,100.0
91292,A5,334800,91292,0.8,0.0,2010MM07,100.0
91293,A5,334800,91293,1.0,0.1,2010MM08,100.1
91294,A5,334800,91294,1.5,0.5,2010MM09,100.6
91295,A5,334800,91295,1.9,-0.1,2010MM10,100.5
91296,A5,334800,91296,1.9,0.1,2010MM11,100.5
91297,A5,334800,91297,2.0,0.2,2010MM12,100.7
91299,A5,334800,91299,2.7,1.2,2011MM01,101.9
91300,A5,334800,91300,2.7,0.1,2011MM02,102.0
91301,A5,334800,91301,2.5,-0.1,2011MM03,102.0
91302,A5,334800,91302,2.2,-0.1,2011MM04,101.9
91303,A5,334800,91303,1.9,-0.1,2011MM05,101.8
91304,A5,334800,91304,1.8,0.1,2011MM06,101.9
91305,A5,334800,91305,1.9,0.1,2011MM07,101.9
91306,A5,334800,91306,1.7,-0.1,2011MM08,101.8
91307,A5,334800,91307,1.3,0.1,2011MM09,102.0
91308,A5,334800,91308,1.5,0.0,2011MM10,102.0
91309,A5,334800,91309,1.5,0.1,2011MM11,102.1
91310,A5,334800,91310,1.5,0.1,2011MM12,102.2
91312,A5,334800,91312,1.6,1.3,2012MM01,103.6
91313,A5,334800,91313,1.5,0.0,2012MM02,103.5
91314,A5,334800,91314,1.5,0.0,2012MM03,103.5
91315,A5,334800,91315,1.6,0.0,2012MM04,103.5
91316,A5,334800,91316,1.8,0.1,2012MM05,103.6
91317,A5,334800,91317,1.8,0.0,2012MM06,103.6
91318,A5,334800,91318,1.8,0.1,2012MM07,103.8
91319,A5,334800,91319,1.9,0.0,2012MM08,103.8
91320,A5,334800,91320,1.7,-0.1,2012MM09,103.7
91321,A5,334800,91321,1.6,0.0,2012MM10,103.7
91322,A5,334800,91322,1.6,0.0,2012MM11,103.6
91323,A5,334800,91323,1.4,0.0,2012MM12,103.6
91325,A5,334800,91325,4.7,4.7,2013MM01,108.5
91326,A5,334800,91326,4.7,0.0,2013MM02,108.4
91327,A5,334800,91327,4.8,0.1,2013MM03,108.5
91328,A5,334800,91328,4.6,-0.1,2013MM04,108.3
91329,A5,334800,91329,4.5,0.0,2013MM05,108.3
91330,A5,334800,91330,4.5,0.0,2013MM06,108.3
91331,A5,334800,91331,4.3,0.0,2013MM07,108.3
91332,A5,334800,91332,4.3,0.0,2013MM08,108.3
91333,A5,334800,91333,4.4,0.0,2013MM09,108.2
91334,A5,334800,91334,4.4,0.0,2013MM10,108.2
91335,A5,334800,91335,4.4,0.0,2013MM11,108.2
91336,A5,334800,91336,4.4,0.0,2013MM12,108.2
91338,A5,334800,91338,-1.6,-1.4,2014MM01,106.7
91339,A5,334800,91339,-1.6,0.0,2014MM02,106.7
91340,A5,334800,91340,-1.7,0.0,2014MM03,106.6
91341,A5,334800,91341,-1.2,0.4,2014MM04,107.1
91342,A5,334800,91342,-1.1,0.0,2014MM05,107.1
91343,A5,334800,91343,-1.1,0.0,2014MM06,107.1
91344,A5,334800,91344,-1.1,-0.1,2014MM07,107.0
91345,A5,334800,91345,-1.1,0.0,2014MM08,107.1
91346,A5,334800,91346,-1.0,0.1,2014MM09,107.1
91347,A5,334800,91347,-0.9,0.1,2014MM10,107.3
91348,A5,334800,91348,-1.0,-0.2,2014MM11,107.1
91349,A5,334800,91349,-1.0,0.0,2014MM12,107.1
91351,A5,334800,91351,0.6,0.2,2015MM01,107.3
91352,A5,334800,91352,0.7,0.1,2015MM02,107.4
91353,A5,334800,91353,0.9,0.2,2015MM03,107.6
91354,A5,334800,91354,4.6,4.1,2015MM04,112.0
91355,A5,334800,91355,4.6,0.0,2015MM05,112.0
91356,A5,334800,91356,4.4,-0.1,2015MM06,111.8
91357,A5,334800,91357,4.4,0.0,2015MM07,111.8
91358,A5,334800,91358,4.4,0.0,2015MM08,111.7
91359,A5,334800,91359,4.3,0.0,2015MM09,111.7
91360,A5,334800,91360,2.0,-2.1,2015MM10,109.4
91361,A5,334800,91361,2.3,0.2,2015MM11,109.6
91362,A5,334800,91362,2.1,-0.1,2015MM12,109.4
91364,A5,334800,91364,2.2,0.2,2016MM01,109.7
91365,A5,334800,91365,2.0,-0.1,2016MM02,109.6
91366,A5,334800,91366,1.8,0.0,2016MM03,109.5
91367,A5,334800,91367,-2.5,-0.3,2016MM04,109.2
91368,A5,334800,91368,-2.5,-0.1,2016MM05,109.2
91369,A5,334800,91369,-2.3,0.0,2016MM06,109.2
91370,A5,334800,91370,-2.4,-0.1,2016MM07,109.1
91371,A5,334800,91371,-2.4,-0.1,2016MM08,109.0
91372,A5,334800,91372,-2.4,0.0,2016MM09,109.0
91373,A5,334800,91373,-6.7,-6.4,2016MM10,102.0
91374,A5,334800,91374,-6.8,0.1,2016MM11,102.2
91375,A5,334800,91375,-6.5,0.1,2016MM12,102.3
91377,A5,334800,91377,-7.2,-0.5,2017MM01,101.7
91378,A5,334800,91378,-7.1,0.0,2017MM02,101.8
91379,A5,334800,91379,-7.1,0.0,2017MM03,101.8
91380,A5,334800,91380,-7.9,-1.1,2017MM04,100.6
91381,A5,334800,91381,-8.2,-0.3,2017MM05,100.3
91382,A5,334800,91382,-8.2,0.0,2017MM06,100.2
91383,A5,334800,91383,-8.0,0.1,2017MM07,100.4
91384,A5,334800,91384,-8.0,0.0,2017MM08,100.3
91385,A5,334800,91385,-8.0,0.0,2017MM09,100.3
91386,A5,334800,91386,-1.6,0.1,2017MM10,100.5
91387,A5,334800,91387,-1.6,0.0,2017MM11,100.5
91388,A5,334800,91388,-1.7,0.1,2017MM12,100.5
