,Afzet,BedrijfstakkenBranchesSBI2008,ID,OntwikkelingTOV1JaarEerder_2,OntwikkelingTOV1MaandEerder_3,Perioden,ProducentenprijsindexPPI_1
58682,A4,334800,58682,-0.169230769231,0.3,1981MM01,63.5
58683,A4,334800,58683,0.261538461538,0.5,1981MM02,63.8
58684,A4,334800,58684,0.692307692308,0.3,1981MM03,64.0
58685,A4,334800,58685,1.12307692308,0.4,1981MM04,64.3
58686,A4,334800,58686,1.55384615385,0.1,1981MM05,64.3
58687,A4,334800,58687,1.98461538462,0.1,1981MM06,64.4
58688,A4,334800,58688,2.41538461538,0.3,1981MM07,64.6
58689,A4,334800,58689,2.84615384615,0.4,1981MM08,64.9
58690,A4,334800,58690,3.27692307692,0.2,1981MM09,65.0
58691,A4,334800,58691,3.70769230769,0.1,1981MM10,65.1
58692,A4,334800,58692,4.13846153846,0.2,1981MM11,65.2
58693,A4,334800,58693,4.56923076923,0.1,1981MM12,65.3
58695,A4,334800,58695,5.0,2.2,1982MM01,66.7
58696,A4,334800,58696,4.7,0.2,1982MM02,66.8
58697,A4,334800,58697,4.5,0.1,1982MM03,66.9
58698,A4,334800,58698,4.3,0.2,1982MM04,67.0
58699,A4,334800,58699,4.1,-0.1,1982MM05,67.0
58700,A4,334800,58700,4.0,0.0,1982MM06,67.0
58701,A4,334800,58701,4.2,0.5,1982MM07,67.3
58702,A4,334800,58702,3.8,0.0,1982MM08,67.3
58703,A4,334800,58703,3.9,0.3,1982MM09,67.6
58704,A4,334800,58704,3.8,0.1,1982MM10,67.6
58705,A4,334800,58705,3.7,0.0,1982MM11,67.6
58706,A4,334800,58706,3.7,0.1,1982MM12,67.7
58708,A4,334800,58708,2.8,1.3,1983MM01,68.6
58709,A4,334800,58709,2.9,0.3,1983MM02,68.8
58710,A4,334800,58710,3.0,0.2,1983MM03,68.9
58711,A4,334800,58711,2.8,0.1,1983MM04,68.9
58712,A4,334800,58712,3.2,0.2,1983MM05,69.1
58713,A4,334800,58713,3.2,0.1,1983MM06,69.2
58714,A4,334800,58714,3.0,0.2,1983MM07,69.3
58715,A4,334800,58715,3.0,0.0,1983MM08,69.3
58716,A4,334800,58716,2.5,-0.1,1983MM09,69.3
58717,A4,334800,58717,2.5,0.0,1983MM10,69.3
58718,A4,334800,58718,2.5,0.0,1983MM11,69.3
58719,A4,334800,58719,2.8,0.4,1983MM12,69.6
58721,A4,334800,58721,1.9,0.4,1984MM01,69.9
58722,A4,334800,58722,1.9,0.4,1984MM02,70.1
58723,A4,334800,58723,1.7,-0.1,1984MM03,70.1
58724,A4,334800,58724,1.9,0.2,1984MM04,70.2
58725,A4,334800,58725,1.8,0.2,1984MM05,70.3
58726,A4,334800,58726,1.6,0.0,1984MM06,70.3
58727,A4,334800,58727,2.0,0.6,1984MM07,70.7
58728,A4,334800,58728,2.1,0.1,1984MM08,70.8
58729,A4,334800,58729,2.5,0.3,1984MM09,71.0
58730,A4,334800,58730,2.7,0.3,1984MM10,71.1
58731,A4,334800,58731,2.5,-0.2,1984MM11,71.0
58732,A4,334800,58732,2.5,0.4,1984MM12,71.3
58734,A4,334800,58734,3.3,1.2,1985MM01,72.1
58735,A4,334800,58735,2.3,-0.6,1985MM02,71.7
58736,A4,334800,58736,2.9,0.5,1985MM03,72.1
58737,A4,334800,58737,2.7,0.1,1985MM04,72.1
58738,A4,334800,58738,2.4,-0.1,1985MM05,72.0
58739,A4,334800,58739,3.0,0.5,1985MM06,72.4
58740,A4,334800,58740,2.0,-0.4,1985MM07,72.1
58741,A4,334800,58741,2.2,0.3,1985MM08,72.3
58742,A4,334800,58742,2.0,0.1,1985MM09,72.4
58743,A4,334800,58743,1.5,-0.2,1985MM10,72.2
58744,A4,334800,58744,2.8,1.1,1985MM11,73.0
58745,A4,334800,58745,2.2,-0.2,1985MM12,72.9
58747,A4,334800,58747,1.1,0.0,1986MM01,72.9
58748,A4,334800,58748,1.4,-0.2,1986MM02,72.8
58749,A4,334800,58749,2.4,1.5,1986MM03,73.8
58750,A4,334800,58750,2.4,0.0,1986MM04,73.8
58751,A4,334800,58751,2.4,-0.1,1986MM05,73.8
58752,A4,334800,58752,0.7,-1.2,1986MM06,72.9
58753,A4,334800,58753,0.9,-0.2,1986MM07,72.8
58754,A4,334800,58754,0.5,-0.1,1986MM08,72.7
58755,A4,334800,58755,0.3,-0.2,1986MM09,72.6
58756,A4,334800,58756,0.5,0.0,1986MM10,72.6
58757,A4,334800,58757,-0.7,-0.2,1986MM11,72.5
58758,A4,334800,58758,-1.5,-1.0,1986MM12,71.8
58760,A4,334800,58760,-1.6,-0.1,1987MM01,71.7
58761,A4,334800,58761,-1.4,0.0,1987MM02,71.7
58762,A4,334800,58762,-3.2,-0.4,1987MM03,71.5
58763,A4,334800,58763,-3.0,0.2,1987MM04,71.6
58764,A4,334800,58764,-3.1,-0.2,1987MM05,71.5
58765,A4,334800,58765,-1.9,0.0,1987MM06,71.5
58766,A4,334800,58766,-2.2,-0.5,1987MM07,71.2
58767,A4,334800,58767,-2.0,0.1,1987MM08,71.3
58768,A4,334800,58768,-1.9,-0.1,1987MM09,71.2
58769,A4,334800,58769,-1.5,0.4,1987MM10,71.5
58770,A4,334800,58770,-1.2,0.1,1987MM11,71.6
58771,A4,334800,58771,-0.6,-0.4,1987MM12,71.3
58773,A4,334800,58773,-0.4,0.2,1988MM01,71.4
58774,A4,334800,58774,-0.1,0.3,1988MM02,71.6
58775,A4,334800,58775,0.4,0.2,1988MM03,71.7
58776,A4,334800,58776,1.9,1.7,1988MM04,73.0
58777,A4,334800,58777,1.1,-1.0,1988MM05,72.2
58778,A4,334800,58778,1.0,0.0,1988MM06,72.2
58779,A4,334800,58779,1.5,0.0,1988MM07,72.3
58780,A4,334800,58780,1.8,0.4,1988MM08,72.5
58781,A4,334800,58781,2.0,0.1,1988MM09,72.7
58782,A4,334800,58782,2.1,0.5,1988MM10,73.0
58783,A4,334800,58783,2.4,0.5,1988MM11,73.3
58784,A4,334800,58784,3.0,0.2,1988MM12,73.5
58786,A4,334800,58786,3.1,0.2,1989MM01,73.6
58787,A4,334800,58787,2.7,-0.1,1989MM02,73.6
58788,A4,334800,58788,2.9,0.3,1989MM03,73.8
58789,A4,334800,58789,1.3,0.1,1989MM04,73.9
58790,A4,334800,58790,2.5,0.1,1989MM05,74.0
58791,A4,334800,58791,2.7,0.2,1989MM06,74.2
58792,A4,334800,58792,2.3,-0.3,1989MM07,74.0
58793,A4,334800,58793,1.9,-0.1,1989MM08,73.9
58794,A4,334800,58794,1.8,0.1,1989MM09,74.0
58795,A4,334800,58795,1.2,-0.1,1989MM10,73.9
58796,A4,334800,58796,0.4,-0.4,1989MM11,73.6
58797,A4,334800,58797,0.0,-0.2,1989MM12,73.5
58799,A4,334800,58799,-0.4,-0.2,1990MM01,73.4
58800,A4,334800,58800,-0.9,-0.6,1990MM02,72.9
58801,A4,334800,58801,-1.4,-0.3,1990MM03,72.8
58802,A4,334800,58802,-1.0,0.6,1990MM04,73.2
58803,A4,334800,58803,-1.1,0.0,1990MM05,73.2
58804,A4,334800,58804,-1.5,-0.2,1990MM06,73.0
58805,A4,334800,58805,-1.2,0.1,1990MM07,73.1
58806,A4,334800,58806,-1.2,-0.1,1990MM08,73.0
58807,A4,334800,58807,-1.5,-0.2,1990MM09,72.8
58808,A4,334800,58808,-1.4,0.0,1990MM10,72.8
58809,A4,334800,58809,-1.0,0.1,1990MM11,72.9
58810,A4,334800,58810,-0.9,-0.2,1990MM12,72.8
58812,A4,334800,58812,-0.9,-0.2,1991MM01,72.7
58813,A4,334800,58813,1.8,2.1,1991MM02,74.2
58814,A4,334800,58814,1.3,-0.7,1991MM03,73.7
58815,A4,334800,58815,0.6,-0.1,1991MM04,73.6
58816,A4,334800,58816,0.8,0.2,1991MM05,73.8
58817,A4,334800,58817,1.7,0.7,1991MM06,74.3
58818,A4,334800,58818,1.8,0.1,1991MM07,74.4
58819,A4,334800,58819,1.7,-0.1,1991MM08,74.3
58820,A4,334800,58820,2.6,0.6,1991MM09,74.7
58821,A4,334800,58821,2.6,0.0,1991MM10,74.7
58822,A4,334800,58822,2.5,0.1,1991MM11,74.7
58823,A4,334800,58823,2.6,-0.1,1991MM12,74.7
58825,A4,334800,58825,2.6,-0.1,1992MM01,74.6
58826,A4,334800,58826,0.3,-0.2,1992MM02,74.4
58827,A4,334800,58827,2.7,1.6,1992MM03,75.7
58828,A4,334800,58828,2.1,-0.7,1992MM04,75.2
58829,A4,334800,58829,2.0,0.1,1992MM05,75.3
58830,A4,334800,58830,1.4,0.1,1992MM06,75.4
58831,A4,334800,58831,1.8,0.4,1992MM07,75.7
58832,A4,334800,58832,1.9,0.0,1992MM08,75.7
58833,A4,334800,58833,1.4,0.1,1992MM09,75.8
58834,A4,334800,58834,1.6,0.1,1992MM10,75.9
58835,A4,334800,58835,1.5,0.0,1992MM11,75.9
58836,A4,334800,58836,1.6,0.0,1992MM12,75.9
58838,A4,334800,58838,1.6,-0.1,1993MM01,75.8
58839,A4,334800,58839,1.8,0.0,1993MM02,75.8
58840,A4,334800,58840,0.2,0.0,1993MM03,75.8
58841,A4,334800,58841,1.2,0.3,1993MM04,76.0
58842,A4,334800,58842,1.6,0.6,1993MM05,76.5
58843,A4,334800,58843,1.5,0.0,1993MM06,76.5
58844,A4,334800,58844,1.0,-0.1,1993MM07,76.4
58845,A4,334800,58845,0.6,-0.3,1993MM08,76.2
58846,A4,334800,58846,0.3,-0.2,1993MM09,76.0
58847,A4,334800,58847,0.2,0.0,1993MM10,76.0
58848,A4,334800,58848,0.1,-0.1,1993MM11,75.9
58849,A4,334800,58849,0.0,0.0,1993MM12,75.9
58851,A4,334800,58851,-0.1,-0.3,1994MM01,75.7
58852,A4,334800,58852,-0.5,-0.4,1994MM02,75.4
58853,A4,334800,58853,-0.5,0.0,1994MM03,75.4
58854,A4,334800,58854,-0.6,0.2,1994MM04,75.6
58855,A4,334800,58855,-0.8,0.4,1994MM05,75.9
58856,A4,334800,58856,-1.7,-0.9,1994MM06,75.2
58857,A4,334800,58857,-1.5,0.1,1994MM07,75.3
58858,A4,334800,58858,-1.1,0.1,1994MM08,75.3
58859,A4,334800,58859,-0.7,0.3,1994MM09,75.5
58860,A4,334800,58860,-0.4,0.3,1994MM10,75.7
58861,A4,334800,58861,0.3,0.5,1994MM11,76.1
58862,A4,334800,58862,0.5,0.2,1994MM12,76.3
58864,A4,334800,58864,0.9,0.1,1995MM01,76.3
58865,A4,334800,58865,1.6,0.4,1995MM02,76.6
58866,A4,334800,58866,2.0,0.4,1995MM03,76.9
58867,A4,334800,58867,1.8,0.0,1995MM04,76.9
58868,A4,334800,58868,1.5,0.1,1995MM05,77.0
58869,A4,334800,58869,2.6,0.2,1995MM06,77.1
58870,A4,334800,58870,1.6,-0.9,1995MM07,76.4
58871,A4,334800,58871,1.5,0.1,1995MM08,76.5
58872,A4,334800,58872,1.2,0.0,1995MM09,76.5
58873,A4,334800,58873,0.8,-0.2,1995MM10,76.3
58874,A4,334800,58874,0.3,0.0,1995MM11,76.4
58875,A4,334800,58875,0.1,0.1,1995MM12,76.4
58877,A4,334800,58877,0.3,0.2,1996MM01,76.6
58878,A4,334800,58878,-0.1,0.0,1996MM02,76.6
58879,A4,334800,58879,-0.3,0.1,1996MM03,76.7
58880,A4,334800,58880,0.0,0.4,1996MM04,77.0
58881,A4,334800,58881,-0.1,0.0,1996MM05,77.0
58882,A4,334800,58882,-0.7,-0.4,1996MM06,76.6
58883,A4,334800,58883,0.2,0.0,1996MM07,76.6
58884,A4,334800,58884,0.4,0.2,1996MM08,76.8
58885,A4,334800,58885,0.1,-0.4,1996MM09,76.5
58886,A4,334800,58886,0.2,-0.1,1996MM10,76.5
58887,A4,334800,58887,0.5,0.3,1996MM11,76.7
58888,A4,334800,58888,0.5,0.1,1996MM12,76.8
58890,A4,334800,58890,1.0,0.7,1997MM01,77.3
58891,A4,334800,58891,1.3,0.4,1997MM02,77.6
58892,A4,334800,58892,1.6,0.4,1997MM03,77.9
58893,A4,334800,58893,1.6,0.3,1997MM04,78.2
58894,A4,334800,58894,1.7,0.1,1997MM05,78.2
58895,A4,334800,58895,2.2,0.1,1997MM06,78.3
58896,A4,334800,58896,2.4,0.2,1997MM07,78.5
58897,A4,334800,58897,2.2,0.0,1997MM08,78.5
58898,A4,334800,58898,2.6,0.0,1997MM09,78.5
58899,A4,334800,58899,2.6,0.0,1997MM10,78.5
58900,A4,334800,58900,2.2,-0.1,1997MM11,78.4
58901,A4,334800,58901,2.0,0.0,1997MM12,78.4
58903,A4,334800,58903,1.4,0.1,1998MM01,78.4
58904,A4,334800,58904,0.9,-0.2,1998MM02,78.3
58905,A4,334800,58905,0.4,-0.1,1998MM03,78.2
58906,A4,334800,58906,0.1,0.0,1998MM04,78.2
58907,A4,334800,58907,-0.1,-0.1,1998MM05,78.2
58908,A4,334800,58908,-0.3,-0.1,1998MM06,78.1
58909,A4,334800,58909,-0.3,0.2,1998MM07,78.3
58910,A4,334800,58910,-0.3,-0.1,1998MM08,78.2
58911,A4,334800,58911,-0.4,-0.1,1998MM09,78.2
58912,A4,334800,58912,-0.4,0.0,1998MM10,78.1
58913,A4,334800,58913,-0.4,-0.1,1998MM11,78.0
58914,A4,334800,58914,-0.5,0.0,1998MM12,78.0
58916,A4,334800,58916,-0.3,0.2,1999MM01,78.2
58917,A4,334800,58917,-0.3,-0.2,1999MM02,78.0
58918,A4,334800,58918,0.1,0.4,1999MM03,78.3
58919,A4,334800,58919,0.2,0.1,1999MM04,78.4
58920,A4,334800,58920,0.5,0.2,1999MM05,78.6
58921,A4,334800,58921,0.6,0.0,1999MM06,78.6
58922,A4,334800,58922,1.5,1.1,1999MM07,79.4
58923,A4,334800,58923,1.5,-0.1,1999MM08,79.4
58924,A4,334800,58924,1.6,0.1,1999MM09,79.4
58925,A4,334800,58925,1.4,-0.3,1999MM10,79.2
58926,A4,334800,58926,1.5,0.0,1999MM11,79.2
58927,A4,334800,58927,1.5,0.0,1999MM12,79.2
58929,A4,334800,58929,3.4,2.1,2000MM01,80.8
58930,A4,334800,58930,3.8,0.1,2000MM02,80.9
58931,A4,334800,58931,3.4,0.0,2000MM03,81.0
58932,A4,334800,58932,3.6,0.3,2000MM04,81.2
58933,A4,334800,58933,3.5,0.2,2000MM05,81.4
58934,A4,334800,58934,3.5,0.0,2000MM06,81.3
58935,A4,334800,58935,2.9,0.5,2000MM07,81.7
58936,A4,334800,58936,3.0,0.1,2000MM08,81.8
58937,A4,334800,58937,3.1,0.1,2000MM09,81.9
58938,A4,334800,58938,3.8,0.4,2000MM10,82.2
58939,A4,334800,58939,3.8,0.0,2000MM11,82.2
58940,A4,334800,58940,3.7,-0.1,2000MM12,82.1
58942,A4,334800,58942,4.3,2.7,2001MM01,84.3
58943,A4,334800,58943,4.2,0.1,2001MM02,84.4
58944,A4,334800,58944,4.3,0.1,2001MM03,84.4
58945,A4,334800,58945,4.2,0.2,2001MM04,84.6
58946,A4,334800,58946,4.0,0.0,2001MM05,84.6
58947,A4,334800,58947,4.1,0.1,2001MM06,84.7
58948,A4,334800,58948,4.0,0.4,2001MM07,85.0
58949,A4,334800,58949,3.8,-0.1,2001MM08,84.9
58950,A4,334800,58950,3.8,0.2,2001MM09,85.0
58951,A4,334800,58951,3.4,0.0,2001MM10,85.1
58952,A4,334800,58952,3.5,0.0,2001MM11,85.1
58953,A4,334800,58953,3.3,-0.2,2001MM12,84.9
58955,A4,334800,58955,1.5,0.9,2002MM01,85.6
58956,A4,334800,58956,1.6,0.2,2002MM02,85.8
58957,A4,334800,58957,1.6,0.0,2002MM03,85.8
58958,A4,334800,58958,1.4,0.0,2002MM04,85.8
58959,A4,334800,58959,1.2,-0.2,2002MM05,85.6
58960,A4,334800,58960,1.0,-0.1,2002MM06,85.5
58961,A4,334800,58961,0.6,-0.1,2002MM07,85.5
58962,A4,334800,58962,0.7,0.0,2002MM08,85.5
58963,A4,334800,58963,0.6,0.0,2002MM09,85.6
58964,A4,334800,58964,0.7,0.1,2002MM10,85.6
58965,A4,334800,58965,0.2,-0.5,2002MM11,85.2
58966,A4,334800,58966,0.4,0.0,2002MM12,85.2
58968,A4,334800,58968,0.6,1.1,2003MM01,86.1
58969,A4,334800,58969,0.3,-0.1,2003MM02,86.0
58970,A4,334800,58970,0.5,0.2,2003MM03,86.3
58971,A4,334800,58971,0.5,0.0,2003MM04,86.2
58972,A4,334800,58972,0.7,0.0,2003MM05,86.2
58973,A4,334800,58973,0.2,-0.6,2003MM06,85.7
58974,A4,334800,58974,0.5,0.2,2003MM07,85.9
58975,A4,334800,58975,0.3,-0.1,2003MM08,85.8
58976,A4,334800,58976,0.8,0.5,2003MM09,86.2
58977,A4,334800,58977,0.9,0.2,2003MM10,86.4
58978,A4,334800,58978,1.3,-0.1,2003MM11,86.3
58979,A4,334800,58979,1.1,-0.2,2003MM12,86.2
58981,A4,334800,58981,0.7,0.7,2004MM01,86.8
58982,A4,334800,58982,0.9,0.1,2004MM02,86.9
58983,A4,334800,58983,1.1,0.4,2004MM03,87.2
58984,A4,334800,58984,1.4,0.3,2004MM04,87.4
58985,A4,334800,58985,1.6,0.2,2004MM05,87.6
58986,A4,334800,58986,2.3,0.1,2004MM06,87.7
58987,A4,334800,58987,2.5,0.4,2004MM07,88.1
58988,A4,334800,58988,2.8,0.1,2004MM08,88.2
58989,A4,334800,58989,2.4,0.1,2004MM09,88.2
58990,A4,334800,58990,2.6,0.4,2004MM10,88.6
58991,A4,334800,58991,2.4,-0.2,2004MM11,88.4
58992,A4,334800,58992,2.1,-0.5,2004MM12,88.0
58994,A4,334800,58994,2.1,-0.3,2005MM01,89.2
58995,A4,334800,58995,2.1,-0.1,2005MM02,89.2
58996,A4,334800,58996,2.1,0.1,2005MM03,89.3
58997,A4,334800,58997,2.1,0.1,2005MM04,89.4
58998,A4,334800,58998,2.1,0.0,2005MM05,89.3
58999,A4,334800,58999,2.1,0.6,2005MM06,89.9
59000,A4,334800,59000,2.1,0.2,2005MM07,90.1
59001,A4,334800,59001,2.1,0.0,2005MM08,90.1
59002,A4,334800,59002,2.1,0.1,2005MM09,90.2
59003,A4,334800,59003,2.1,0.2,2005MM10,90.3
59004,A4,334800,59004,2.1,0.0,2005MM11,90.3
59005,A4,334800,59005,2.1,0.0,2005MM12,90.4
59007,A4,334800,59007,2.1,0.8,2006MM01,91.1
59008,A4,334800,59008,2.3,0.2,2006MM02,91.3
59009,A4,334800,59009,2.5,0.2,2006MM03,91.5
59010,A4,334800,59010,2.9,0.5,2006MM04,92.0
59011,A4,334800,59011,3.4,0.5,2006MM05,92.4
59012,A4,334800,59012,3.2,0.4,2006MM06,92.8
59013,A4,334800,59013,3.4,0.4,2006MM07,93.1
59014,A4,334800,59014,3.5,0.1,2006MM08,93.2
59015,A4,334800,59015,3.4,0.1,2006MM09,93.3
59016,A4,334800,59016,3.4,0.2,2006MM10,93.4
59017,A4,334800,59017,3.5,0.1,2006MM11,93.5
59018,A4,334800,59018,3.5,0.1,2006MM12,93.6
59020,A4,334800,59020,4.3,1.6,2007MM01,95.0
59021,A4,334800,59021,4.0,-0.1,2007MM02,94.9
59022,A4,334800,59022,3.8,0.1,2007MM03,94.9
59023,A4,334800,59023,3.9,0.6,2007MM04,95.5
59024,A4,334800,59024,3.4,-0.1,2007MM05,95.5
59025,A4,334800,59025,3.0,0.1,2007MM06,95.6
59026,A4,334800,59026,2.9,0.2,2007MM07,95.8
59027,A4,334800,59027,2.7,-0.1,2007MM08,95.7
59028,A4,334800,59028,2.7,0.1,2007MM09,95.8
59029,A4,334800,59029,2.7,0.1,2007MM10,95.9
59030,A4,334800,59030,2.4,-0.2,2007MM11,95.7
59031,A4,334800,59031,2.3,0.0,2007MM12,95.7
59033,A4,334800,59033,1.9,1.1,2008MM01,96.8
59034,A4,334800,59034,2.4,0.3,2008MM02,97.1
59035,A4,334800,59035,2.4,0.1,2008MM03,97.2
59036,A4,334800,59036,2.3,0.5,2008MM04,97.7
59037,A4,334800,59037,2.3,0.0,2008MM05,97.7
59038,A4,334800,59038,2.3,0.0,2008MM06,97.7
59039,A4,334800,59039,2.3,0.3,2008MM07,98.0
59040,A4,334800,59040,2.5,0.1,2008MM08,98.1
59041,A4,334800,59041,2.4,0.0,2008MM09,98.1
59042,A4,334800,59042,1.8,-0.5,2008MM10,97.6
59043,A4,334800,59043,1.7,-0.3,2008MM11,97.3
59044,A4,334800,59044,1.6,-0.1,2008MM12,97.3
59046,A4,334800,59046,1.1,0.7,2009MM01,97.9
59047,A4,334800,59047,0.9,0.1,2009MM02,98.0
59048,A4,334800,59048,0.7,-0.1,2009MM03,97.9
59049,A4,334800,59049,0.2,0.1,2009MM04,98.0
59050,A4,334800,59050,0.2,0.0,2009MM05,97.9
59051,A4,334800,59051,0.3,0.0,2009MM06,98.0
59052,A4,334800,59052,0.2,0.2,2009MM07,98.2
59053,A4,334800,59053,0.4,0.3,2009MM08,98.4
59054,A4,334800,59054,0.5,0.1,2009MM09,98.6
59055,A4,334800,59055,1.2,0.2,2009MM10,98.7
59056,A4,334800,59056,1.4,0.0,2009MM11,98.7
59057,A4,334800,59057,1.6,0.0,2009MM12,98.8
59059,A4,334800,59059,1.4,0.5,2010MM01,99.3
59060,A4,334800,59060,1.4,0.0,2010MM02,99.3
59061,A4,334800,59061,1.7,0.2,2010MM03,99.5
59062,A4,334800,59062,2.1,0.5,2010MM04,100.0
59063,A4,334800,59063,2.2,0.0,2010MM05,100.1
59064,A4,334800,59064,2.2,0.0,2010MM06,100.1
59065,A4,334800,59065,2.0,0.0,2010MM07,100.1
59066,A4,334800,59066,1.7,0.0,2010MM08,100.1
59067,A4,334800,59067,1.6,0.1,2010MM09,100.2
59068,A4,334800,59068,1.5,0.0,2010MM10,100.2
59069,A4,334800,59069,1.7,0.1,2010MM11,100.4
59070,A4,334800,59070,1.9,0.2,2010MM12,100.6
59072,A4,334800,59072,3.0,1.6,2011MM01,102.2
59073,A4,334800,59073,3.1,0.2,2011MM02,102.4
59074,A4,334800,59074,3.1,0.1,2011MM03,102.5
59075,A4,334800,59075,2.6,0.1,2011MM04,102.6
59076,A4,334800,59076,2.4,-0.1,2011MM05,102.5
59077,A4,334800,59077,2.4,0.0,2011MM06,102.5
59078,A4,334800,59078,2.5,0.2,2011MM07,102.6
59079,A4,334800,59079,2.4,-0.1,2011MM08,102.5
59080,A4,334800,59080,2.3,0.0,2011MM09,102.5
59081,A4,334800,59081,2.5,0.2,2011MM10,102.7
59082,A4,334800,59082,2.3,-0.1,2011MM11,102.7
59083,A4,334800,59083,2.0,0.0,2011MM12,102.7
59085,A4,334800,59085,1.0,0.6,2012MM01,103.3
59086,A4,334800,59086,0.9,0.1,2012MM02,103.4
59087,A4,334800,59087,0.9,0.1,2012MM03,103.4
59088,A4,334800,59088,0.9,0.0,2012MM04,103.5
59089,A4,334800,59089,0.9,0.0,2012MM05,103.5
59090,A4,334800,59090,1.0,0.0,2012MM06,103.5
59091,A4,334800,59091,0.8,0.0,2012MM07,103.4
59092,A4,334800,59092,0.9,0.0,2012MM08,103.4
59093,A4,334800,59093,1.0,0.1,2012MM09,103.5
59094,A4,334800,59094,1.1,0.4,2012MM10,103.9
59095,A4,334800,59095,1.3,0.1,2012MM11,104.0
59096,A4,334800,59096,1.3,0.0,2012MM12,104.0
59098,A4,334800,59098,1.9,1.2,2013MM01,105.2
59099,A4,334800,59099,1.8,0.0,2013MM02,105.2
59100,A4,334800,59100,1.7,0.0,2013MM03,105.2
59101,A4,334800,59101,1.7,0.0,2013MM04,105.2
59102,A4,334800,59102,1.5,-0.2,2013MM05,105.0
59103,A4,334800,59103,1.4,0.0,2013MM06,105.0
59104,A4,334800,59104,2.2,0.7,2013MM07,105.7
59105,A4,334800,59105,2.2,0.0,2013MM08,105.7
59106,A4,334800,59106,2.2,0.0,2013MM09,105.8
59107,A4,334800,59107,1.7,-0.1,2013MM10,105.6
59108,A4,334800,59108,1.8,0.2,2013MM11,105.9
59109,A4,334800,59109,1.8,0.0,2013MM12,105.8
59111,A4,334800,59111,0.1,-0.5,2014MM01,105.4
59112,A4,334800,59112,0.2,0.0,2014MM02,105.4
59113,A4,334800,59113,0.0,-0.1,2014MM03,105.2
59114,A4,334800,59114,-0.1,-0.2,2014MM04,105.1
59115,A4,334800,59115,0.2,0.1,2014MM05,105.2
59116,A4,334800,59116,0.2,0.0,2014MM06,105.2
59117,A4,334800,59117,-0.3,0.2,2014MM07,105.4
59118,A4,334800,59118,-0.3,0.0,2014MM08,105.4
59119,A4,334800,59119,-0.3,0.0,2014MM09,105.4
59120,A4,334800,59120,-0.2,0.0,2014MM10,105.4
59121,A4,334800,59121,-0.5,0.0,2014MM11,105.4
59122,A4,334800,59122,-0.4,0.0,2014MM12,105.4
59124,A4,334800,59124,0.2,0.2,2015MM01,105.6
59125,A4,334800,59125,0.1,0.0,2015MM02,105.5
59126,A4,334800,59126,0.4,0.1,2015MM03,105.6
59127,A4,334800,59127,1.5,0.9,2015MM04,106.6
59128,A4,334800,59128,1.5,0.2,2015MM05,106.8
59129,A4,334800,59129,1.3,-0.2,2015MM06,106.6
59130,A4,334800,59130,0.9,-0.2,2015MM07,106.4
59131,A4,334800,59131,1.1,0.2,2015MM08,106.5
59132,A4,334800,59132,1.2,0.1,2015MM09,106.6
59133,A4,334800,59133,0.7,-0.5,2015MM10,106.1
59134,A4,334800,59134,0.7,0.0,2015MM11,106.1
59135,A4,334800,59135,0.7,0.0,2015MM12,106.1
59137,A4,334800,59137,0.7,0.2,2016MM01,106.3
59138,A4,334800,59138,0.7,0.0,2016MM02,106.3
59139,A4,334800,59139,0.5,-0.1,2016MM03,106.2
59140,A4,334800,59140,0.2,0.6,2016MM04,106.9
59141,A4,334800,59141,0.1,0.1,2016MM05,106.9
59142,A4,334800,59142,0.4,0.0,2016MM06,107.0
59143,A4,334800,59143,-0.2,-0.8,2016MM07,106.2
59144,A4,334800,59144,-0.3,0.0,2016MM08,106.2
59145,A4,334800,59145,-0.2,0.2,2016MM09,106.4
59146,A4,334800,59146,0.1,-0.1,2016MM10,106.3
59147,A4,334800,59147,0.1,0.0,2016MM11,106.3
59148,A4,334800,59148,0.3,0.2,2016MM12,106.5
59150,A4,334800,59150,1.0,0.8,2017MM01,107.4
59151,A4,334800,59151,1.2,0.2,2017MM02,107.6
59152,A4,334800,59152,1.2,-0.1,2017MM03,107.5
59153,A4,334800,59153,1.1,0.6,2017MM04,108.1
59154,A4,334800,59154,0.9,-0.2,2017MM05,107.9
59155,A4,334800,59155,1.0,0.1,2017MM06,108.0
59156,A4,334800,59156,1.9,0.2,2017MM07,108.2
59157,A4,334800,59157,1.9,0.0,2017MM08,108.2
59158,A4,334800,59158,1.7,-0.1,2017MM09,108.2
59159,A4,334800,59159,1.8,0.0,2017MM10,108.2
59160,A4,334800,59160,1.8,0.0,2017MM11,108.2
59161,A4,334800,59161,1.6,0.1,2017MM12,108.3
