,Afzet,BedrijfstakkenBranchesSBI2008,ID,OntwikkelingTOV1JaarEerder_2,OntwikkelingTOV1MaandEerder_3,Perioden,ProducentenprijsindexPPI_1
59163,A4,336500,59163,-0.161538461538,0.1,1981MM01,57.8
59164,A4,336500,59164,0.476923076923,0.2,1981MM02,57.9
59165,A4,336500,59165,1.11538461538,0.2,1981MM03,58.0
59166,A4,336500,59166,1.75384615385,0.3,1981MM04,58.2
59167,A4,336500,59167,2.39230769231,0.1,1981MM05,58.3
59168,A4,336500,59168,3.03076923077,0.1,1981MM06,58.3
59169,A4,336500,59169,3.66923076923,0.6,1981MM07,58.6
59170,A4,336500,59170,4.30769230769,0.2,1981MM08,58.7
59171,A4,336500,59171,4.94615384615,0.2,1981MM09,58.8
59172,A4,336500,59172,5.58461538462,1.7,1981MM10,59.9
59173,A4,336500,59173,6.22307692308,0.1,1981MM11,59.9
59174,A4,336500,59174,6.86153846154,0.2,1981MM12,60.0
59176,A4,336500,59176,7.5,3.6,1982MM01,62.1
59177,A4,336500,59177,7.7,0.4,1982MM02,62.4
59178,A4,336500,59178,7.8,0.3,1982MM03,62.6
59179,A4,336500,59179,7.7,0.3,1982MM04,62.7
59180,A4,336500,59180,7.7,0.1,1982MM05,62.8
59181,A4,336500,59181,7.7,0.0,1982MM06,62.8
59182,A4,336500,59182,7.9,0.8,1982MM07,63.3
59183,A4,336500,59183,7.8,0.1,1982MM08,63.4
59184,A4,336500,59184,7.7,0.1,1982MM09,63.4
59185,A4,336500,59185,5.8,-0.1,1982MM10,63.4
59186,A4,336500,59186,5.7,0.0,1982MM11,63.3
59187,A4,336500,59187,5.6,0.1,1982MM12,63.4
59189,A4,336500,59189,3.2,1.2,1983MM01,64.2
59190,A4,336500,59190,2.9,0.1,1983MM02,64.2
59191,A4,336500,59191,2.7,0.1,1983MM03,64.3
59192,A4,336500,59192,2.5,0.0,1983MM04,64.3
59193,A4,336500,59193,2.6,0.2,1983MM05,64.4
59194,A4,336500,59194,2.5,0.0,1983MM06,64.4
59195,A4,336500,59195,2.0,0.3,1983MM07,64.6
59196,A4,336500,59196,2.0,0.2,1983MM08,64.7
59197,A4,336500,59197,1.7,-0.3,1983MM09,64.5
59198,A4,336500,59198,1.6,-0.2,1983MM10,64.4
59199,A4,336500,59199,1.7,0.1,1983MM11,64.4
59200,A4,336500,59200,1.7,0.1,1983MM12,64.5
59202,A4,336500,59202,1.7,1.2,1984MM01,65.2
59203,A4,336500,59203,1.8,0.2,1984MM02,65.4
59204,A4,336500,59204,1.6,0.0,1984MM03,65.4
59205,A4,336500,59205,2.0,0.3,1984MM04,65.5
59206,A4,336500,59206,1.9,0.2,1984MM05,65.7
59207,A4,336500,59207,2.3,0.3,1984MM06,65.8
59208,A4,336500,59208,2.3,0.3,1984MM07,66.1
59209,A4,336500,59209,2.2,0.1,1984MM08,66.1
59210,A4,336500,59210,2.8,0.3,1984MM09,66.3
59211,A4,336500,59211,2.9,-0.1,1984MM10,66.2
59212,A4,336500,59212,3.3,0.5,1984MM11,66.5
59213,A4,336500,59213,3.8,0.5,1984MM12,66.9
59215,A4,336500,59215,3.7,1.2,1985MM01,67.7
59216,A4,336500,59216,3.2,-0.4,1985MM02,67.4
59217,A4,336500,59217,3.4,0.2,1985MM03,67.6
59218,A4,336500,59218,3.3,0.2,1985MM04,67.7
59219,A4,336500,59219,3.4,0.2,1985MM05,67.9
59220,A4,336500,59220,3.2,0.1,1985MM06,67.9
59221,A4,336500,59221,2.9,0.0,1985MM07,67.9
59222,A4,336500,59222,3.2,0.3,1985MM08,68.2
59223,A4,336500,59223,3.0,0.2,1985MM09,68.3
59224,A4,336500,59224,3.2,0.1,1985MM10,68.4
59225,A4,336500,59225,2.6,-0.1,1985MM11,68.3
59226,A4,336500,59226,2.1,0.0,1985MM12,68.3
59228,A4,336500,59228,0.9,0.0,1986MM01,68.3
59229,A4,336500,59229,2.6,1.3,1986MM02,69.2
59230,A4,336500,59230,2.1,-0.3,1986MM03,69.0
59231,A4,336500,59231,1.9,0.0,1986MM04,69.0
59232,A4,336500,59232,1.7,0.0,1986MM05,69.0
59233,A4,336500,59233,1.7,0.0,1986MM06,69.1
59234,A4,336500,59234,1.6,0.0,1986MM07,69.1
59235,A4,336500,59235,1.3,0.0,1986MM08,69.1
59236,A4,336500,59236,1.3,0.1,1986MM09,69.2
59237,A4,336500,59237,1.2,0.0,1986MM10,69.2
59238,A4,336500,59238,1.3,0.0,1986MM11,69.2
59239,A4,336500,59239,1.2,-0.1,1986MM12,69.1
59241,A4,336500,59241,1.4,0.2,1987MM01,69.3
59242,A4,336500,59242,0.1,0.0,1987MM02,69.3
59243,A4,336500,59243,0.9,0.5,1987MM03,69.6
59244,A4,336500,59244,0.6,-0.3,1987MM04,69.4
59245,A4,336500,59245,0.5,0.0,1987MM05,69.4
59246,A4,336500,59246,0.4,-0.1,1987MM06,69.4
59247,A4,336500,59247,0.6,0.2,1987MM07,69.5
59248,A4,336500,59248,0.7,0.1,1987MM08,69.5
59249,A4,336500,59249,0.7,0.1,1987MM09,69.6
59250,A4,336500,59250,0.9,0.3,1987MM10,69.8
59251,A4,336500,59251,1.0,0.0,1987MM11,69.9
59252,A4,336500,59252,1.1,0.1,1987MM12,69.9
59254,A4,336500,59254,0.9,0.0,1988MM01,69.9
59255,A4,336500,59255,0.8,-0.1,1988MM02,69.9
59256,A4,336500,59256,0.4,0.0,1988MM03,69.9
59257,A4,336500,59257,1.6,0.9,1988MM04,70.5
59258,A4,336500,59258,0.7,-0.9,1988MM05,69.9
59259,A4,336500,59259,0.8,0.0,1988MM06,69.9
59260,A4,336500,59260,0.7,0.0,1988MM07,70.0
59261,A4,336500,59261,1.0,0.3,1988MM08,70.2
59262,A4,336500,59262,0.9,0.0,1988MM09,70.2
59263,A4,336500,59263,0.5,-0.1,1988MM10,70.1
59264,A4,336500,59264,0.9,0.4,1988MM11,70.4
59265,A4,336500,59265,0.7,-0.1,1988MM12,70.4
59267,A4,336500,59267,0.7,0.1,1989MM01,70.4
59268,A4,336500,59268,1.1,0.3,1989MM02,70.6
59269,A4,336500,59269,1.1,0.1,1989MM03,70.6
59270,A4,336500,59270,0.2,0.1,1989MM04,70.7
59271,A4,336500,59271,2.3,1.1,1989MM05,71.5
59272,A4,336500,59272,1.6,-0.6,1989MM06,71.1
59273,A4,336500,59273,1.8,0.2,1989MM07,71.2
59274,A4,336500,59274,1.7,0.2,1989MM08,71.4
59275,A4,336500,59275,2.3,0.6,1989MM09,71.8
59276,A4,336500,59276,2.8,0.4,1989MM10,72.1
59277,A4,336500,59277,2.7,0.4,1989MM11,72.4
59278,A4,336500,59278,3.5,0.7,1989MM12,72.8
59280,A4,336500,59280,3.9,0.5,1990MM01,73.2
59281,A4,336500,59281,3.1,-0.5,1990MM02,72.8
59282,A4,336500,59282,3.5,0.5,1990MM03,73.1
59283,A4,336500,59283,3.8,0.3,1990MM04,73.4
59284,A4,336500,59284,3.4,0.8,1990MM05,73.9
59285,A4,336500,59285,4.2,0.2,1990MM06,74.1
59286,A4,336500,59286,4.2,0.2,1990MM07,74.2
59287,A4,336500,59287,4.1,0.2,1990MM08,74.3
59288,A4,336500,59288,3.6,0.1,1990MM09,74.4
59289,A4,336500,59289,3.5,0.3,1990MM10,74.7
59290,A4,336500,59290,3.6,0.4,1990MM11,74.9
59291,A4,336500,59291,2.8,-0.1,1990MM12,74.9
59293,A4,336500,59293,2.4,0.0,1991MM01,74.9
59294,A4,336500,59294,4.7,1.8,1991MM02,76.3
59295,A4,336500,59295,3.5,-0.7,1991MM03,75.7
59296,A4,336500,59296,3.2,0.0,1991MM04,75.7
59297,A4,336500,59297,2.5,0.1,1991MM05,75.8
59298,A4,336500,59298,2.4,0.1,1991MM06,75.9
59299,A4,336500,59299,2.3,0.1,1991MM07,75.9
59300,A4,336500,59300,2.2,0.0,1991MM08,75.9
59301,A4,336500,59301,2.2,0.2,1991MM09,76.1
59302,A4,336500,59302,1.9,0.0,1991MM10,76.1
59303,A4,336500,59303,1.6,0.1,1991MM11,76.1
59304,A4,336500,59304,2.0,0.3,1991MM12,76.4
59306,A4,336500,59306,2.0,0.0,1992MM01,76.4
59307,A4,336500,59307,0.3,0.0,1992MM02,76.4
59308,A4,336500,59308,2.1,1.1,1992MM03,77.3
59309,A4,336500,59309,1.7,-0.3,1992MM04,77.0
59310,A4,336500,59310,1.8,0.2,1992MM05,77.2
59311,A4,336500,59311,1.6,-0.2,1992MM06,77.1
59312,A4,336500,59312,1.6,0.1,1992MM07,77.2
59313,A4,336500,59313,1.6,0.0,1992MM08,77.2
59314,A4,336500,59314,1.5,0.1,1992MM09,77.3
59315,A4,336500,59315,1.8,0.3,1992MM10,77.5
59316,A4,336500,59316,1.8,0.0,1992MM11,77.5
59317,A4,336500,59317,1.5,0.0,1992MM12,77.5
59319,A4,336500,59319,1.3,-0.1,1993MM01,77.4
59320,A4,336500,59320,1.3,0.1,1993MM02,77.5
59321,A4,336500,59321,0.2,0.0,1993MM03,77.4
59322,A4,336500,59322,1.1,0.5,1993MM04,77.9
59323,A4,336500,59323,0.7,-0.2,1993MM05,77.7
59324,A4,336500,59324,0.9,0.1,1993MM06,77.8
59325,A4,336500,59325,0.9,0.1,1993MM07,77.9
59326,A4,336500,59326,1.0,0.1,1993MM08,77.9
59327,A4,336500,59327,0.9,0.0,1993MM09,78.0
59328,A4,336500,59328,0.6,0.0,1993MM10,78.0
59329,A4,336500,59329,0.7,0.1,1993MM11,78.0
59330,A4,336500,59330,0.7,0.0,1993MM12,78.1
59332,A4,336500,59332,0.9,0.0,1994MM01,78.1
59333,A4,336500,59333,0.6,-0.2,1994MM02,77.9
59334,A4,336500,59334,0.6,0.0,1994MM03,77.9
59335,A4,336500,59335,0.1,0.0,1994MM04,77.9
59336,A4,336500,59336,0.3,0.0,1994MM05,78.0
59337,A4,336500,59337,0.2,-0.1,1994MM06,77.9
59338,A4,336500,59338,0.0,-0.1,1994MM07,77.9
59339,A4,336500,59339,-0.2,-0.1,1994MM08,77.8
59340,A4,336500,59340,-0.4,-0.2,1994MM09,77.6
59341,A4,336500,59341,-0.5,-0.1,1994MM10,77.6
59342,A4,336500,59342,-0.7,-0.1,1994MM11,77.5
59343,A4,336500,59343,-0.6,0.1,1994MM12,77.6
59345,A4,336500,59345,-0.7,-0.1,1995MM01,77.5
59346,A4,336500,59346,-0.6,-0.1,1995MM02,77.4
59347,A4,336500,59347,-0.7,-0.1,1995MM03,77.4
59348,A4,336500,59348,0.6,1.4,1995MM04,78.4
59349,A4,336500,59349,0.5,-0.1,1995MM05,78.4
59350,A4,336500,59350,0.5,-0.1,1995MM06,78.3
59351,A4,336500,59351,0.6,0.0,1995MM07,78.3
59352,A4,336500,59352,0.7,0.0,1995MM08,78.3
59353,A4,336500,59353,0.9,0.0,1995MM09,78.3
59354,A4,336500,59354,1.9,1.0,1995MM10,79.1
59355,A4,336500,59355,2.0,0.0,1995MM11,79.1
59356,A4,336500,59356,1.9,0.0,1995MM12,79.1
59358,A4,336500,59358,2.0,-0.1,1996MM01,79.0
59359,A4,336500,59359,2.1,0.0,1996MM02,79.1
59360,A4,336500,59360,2.3,0.0,1996MM03,79.1
59361,A4,336500,59361,1.4,0.5,1996MM04,79.5
59362,A4,336500,59362,1.5,0.0,1996MM05,79.5
59363,A4,336500,59363,1.6,0.0,1996MM06,79.6
59364,A4,336500,59364,2.1,0.5,1996MM07,80.0
59365,A4,336500,59365,2.1,0.0,1996MM08,80.0
59366,A4,336500,59366,2.0,-0.1,1996MM09,79.9
59367,A4,336500,59367,1.1,0.0,1996MM10,79.9
59368,A4,336500,59368,1.1,0.0,1996MM11,79.9
59369,A4,336500,59369,0.9,-0.1,1996MM12,79.8
59371,A4,336500,59371,0.9,-0.1,1997MM01,79.7
59372,A4,336500,59372,0.8,0.0,1997MM02,79.7
59373,A4,336500,59373,0.8,0.0,1997MM03,79.7
59374,A4,336500,59374,1.6,1.3,1997MM04,80.8
59375,A4,336500,59375,1.6,0.0,1997MM05,80.8
59376,A4,336500,59376,1.6,0.0,1997MM06,80.8
59377,A4,336500,59377,1.1,0.1,1997MM07,80.9
59378,A4,336500,59378,1.1,0.0,1997MM08,80.8
59379,A4,336500,59379,1.2,0.0,1997MM09,80.8
59380,A4,336500,59380,0.8,-0.3,1997MM10,80.6
59381,A4,336500,59381,0.9,0.0,1997MM11,80.6
59382,A4,336500,59382,1.0,0.0,1997MM12,80.6
59384,A4,336500,59384,1.4,0.4,1998MM01,80.9
59385,A4,336500,59385,1.5,0.0,1998MM02,80.9
59386,A4,336500,59386,1.6,0.1,1998MM03,81.0
59387,A4,336500,59387,0.6,0.4,1998MM04,81.3
59388,A4,336500,59388,0.6,0.0,1998MM05,81.3
59389,A4,336500,59389,0.6,0.0,1998MM06,81.3
59390,A4,336500,59390,0.7,0.1,1998MM07,81.4
59391,A4,336500,59391,0.7,0.0,1998MM08,81.4
59392,A4,336500,59392,0.7,0.0,1998MM09,81.4
59393,A4,336500,59393,1.5,0.4,1998MM10,81.8
59394,A4,336500,59394,1.5,0.0,1998MM11,81.8
59395,A4,336500,59395,1.5,0.0,1998MM12,81.8
59397,A4,336500,59397,1.5,0.4,1999MM01,82.1
59398,A4,336500,59398,1.5,0.0,1999MM02,82.2
59399,A4,336500,59399,1.5,0.1,1999MM03,82.2
59400,A4,336500,59400,1.3,0.2,1999MM04,82.4
59401,A4,336500,59401,1.3,0.0,1999MM05,82.3
59402,A4,336500,59402,1.3,0.0,1999MM06,82.3
59403,A4,336500,59403,1.1,0.0,1999MM07,82.3
59404,A4,336500,59404,1.0,-0.1,1999MM08,82.2
59405,A4,336500,59405,0.9,-0.1,1999MM09,82.2
59406,A4,336500,59406,-0.5,-1.0,1999MM10,81.4
59407,A4,336500,59407,-0.7,-0.1,1999MM11,81.3
59408,A4,336500,59408,-0.8,-0.1,1999MM12,81.2
59410,A4,336500,59410,-0.1,1.0,2000MM01,82.0
59411,A4,336500,59411,-0.1,0.0,2000MM02,82.0
59412,A4,336500,59412,-0.2,0.0,2000MM03,82.1
59413,A4,336500,59413,-0.1,0.2,2000MM04,82.3
59414,A4,336500,59414,-0.1,0.0,2000MM05,82.3
59415,A4,336500,59415,0.0,0.1,2000MM06,82.3
59416,A4,336500,59416,0.5,0.5,2000MM07,82.7
59417,A4,336500,59417,0.7,0.1,2000MM08,82.8
59418,A4,336500,59418,0.7,0.0,2000MM09,82.8
59419,A4,336500,59419,2.1,0.4,2000MM10,83.1
59420,A4,336500,59420,2.2,0.0,2000MM11,83.1
59421,A4,336500,59421,2.3,0.0,2000MM12,83.0
59423,A4,336500,59423,2.7,1.5,2001MM01,84.2
59424,A4,336500,59424,2.7,0.0,2001MM02,84.3
59425,A4,336500,59425,2.7,0.0,2001MM03,84.3
59426,A4,336500,59426,2.9,0.4,2001MM04,84.7
59427,A4,336500,59427,2.9,0.0,2001MM05,84.7
59428,A4,336500,59428,2.9,0.0,2001MM06,84.7
59429,A4,336500,59429,2.7,0.3,2001MM07,84.9
59430,A4,336500,59430,2.6,0.0,2001MM08,84.9
59431,A4,336500,59431,2.6,0.0,2001MM09,84.9
59432,A4,336500,59432,2.3,0.0,2001MM10,84.9
59433,A4,336500,59433,2.3,0.0,2001MM11,84.9
59434,A4,336500,59434,2.3,0.0,2001MM12,84.9
59436,A4,336500,59436,1.9,1.1,2002MM01,85.9
59437,A4,336500,59437,2.0,0.1,2002MM02,85.9
59438,A4,336500,59438,2.0,0.1,2002MM03,86.0
59439,A4,336500,59439,2.0,0.4,2002MM04,86.3
59440,A4,336500,59440,1.9,0.0,2002MM05,86.3
59441,A4,336500,59441,1.9,0.0,2002MM06,86.3
59442,A4,336500,59442,1.8,0.2,2002MM07,86.4
59443,A4,336500,59443,1.8,0.0,2002MM08,86.4
59444,A4,336500,59444,1.8,0.0,2002MM09,86.4
59445,A4,336500,59445,1.9,0.1,2002MM10,86.5
59446,A4,336500,59446,1.9,0.0,2002MM11,86.5
59447,A4,336500,59447,1.9,0.0,2002MM12,86.6
59449,A4,336500,59449,2.0,1.2,2003MM01,87.6
59450,A4,336500,59450,1.9,0.0,2003MM02,87.6
59451,A4,336500,59451,1.9,0.0,2003MM03,87.6
59452,A4,336500,59452,1.9,0.4,2003MM04,87.9
59453,A4,336500,59453,1.8,0.0,2003MM05,87.9
59454,A4,336500,59454,1.8,0.0,2003MM06,87.9
59455,A4,336500,59455,1.5,-0.2,2003MM07,87.8
59456,A4,336500,59456,1.5,0.0,2003MM08,87.7
59457,A4,336500,59457,1.5,0.0,2003MM09,87.8
59458,A4,336500,59458,1.4,0.0,2003MM10,87.8
59459,A4,336500,59459,1.4,0.0,2003MM11,87.8
59460,A4,336500,59460,1.4,0.0,2003MM12,87.8
59462,A4,336500,59462,1.1,0.9,2004MM01,88.6
59463,A4,336500,59463,1.1,0.0,2004MM02,88.6
59464,A4,336500,59464,1.2,0.1,2004MM03,88.6
59465,A4,336500,59465,1.1,0.3,2004MM04,88.9
59466,A4,336500,59466,1.2,0.0,2004MM05,89.0
59467,A4,336500,59467,1.2,0.0,2004MM06,89.0
59468,A4,336500,59468,2.1,0.7,2004MM07,89.6
59469,A4,336500,59469,2.1,0.0,2004MM08,89.6
59470,A4,336500,59470,2.2,0.1,2004MM09,89.7
59471,A4,336500,59471,2.6,0.4,2004MM10,90.0
59472,A4,336500,59472,2.6,0.0,2004MM11,90.1
59473,A4,336500,59473,2.7,0.0,2004MM12,90.1
59475,A4,336500,59475,2.62307692308,0.0,2005MM01,91.6
59476,A4,336500,59476,2.54615384615,0.0,2005MM02,91.6
59477,A4,336500,59477,2.46923076923,0.0,2005MM03,91.6
59478,A4,336500,59478,2.39230769231,0.3,2005MM04,91.9
59479,A4,336500,59479,2.31538461538,0.0,2005MM05,91.9
59480,A4,336500,59480,2.23846153846,0.2,2005MM06,92.1
59481,A4,336500,59481,2.16153846154,0.1,2005MM07,92.2
59482,A4,336500,59482,2.08461538462,0.0,2005MM08,92.3
59483,A4,336500,59483,2.00769230769,0.0,2005MM09,92.3
59484,A4,336500,59484,1.93076923077,0.1,2005MM10,92.3
59485,A4,336500,59485,1.85384615385,0.0,2005MM11,92.3
59486,A4,336500,59486,1.77692307692,0.1,2005MM12,92.4
59488,A4,336500,59488,1.7,0.8,2006MM01,93.1
59489,A4,336500,59489,1.7,0.0,2006MM02,93.1
59490,A4,336500,59490,1.7,0.1,2006MM03,93.2
59491,A4,336500,59491,1.6,0.2,2006MM04,93.4
59492,A4,336500,59492,1.6,0.0,2006MM05,93.4
59493,A4,336500,59493,1.4,0.0,2006MM06,93.4
59494,A4,336500,59494,1.6,0.4,2006MM07,93.8
59495,A4,336500,59495,1.6,0.0,2006MM08,93.8
59496,A4,336500,59496,1.7,0.0,2006MM09,93.8
59497,A4,336500,59497,1.9,0.3,2006MM10,94.1
59498,A4,336500,59498,2.1,0.2,2006MM11,94.3
59499,A4,336500,59499,2.1,0.0,2006MM12,94.3
59501,A4,336500,59501,2.7,1.4,2007MM01,95.6
59502,A4,336500,59502,2.7,0.0,2007MM02,95.6
59503,A4,336500,59503,2.6,0.0,2007MM03,95.6
59504,A4,336500,59504,2.7,0.4,2007MM04,95.9
59505,A4,336500,59505,2.7,0.0,2007MM05,95.9
59506,A4,336500,59506,2.7,0.0,2007MM06,96.0
59507,A4,336500,59507,2.6,0.2,2007MM07,96.2
59508,A4,336500,59508,2.5,0.0,2007MM08,96.2
59509,A4,336500,59509,2.6,0.1,2007MM09,96.2
59510,A4,336500,59510,2.4,0.1,2007MM10,96.4
59511,A4,336500,59511,2.2,0.0,2007MM11,96.4
59512,A4,336500,59512,2.2,0.0,2007MM12,96.4
59514,A4,336500,59514,2.5,1.7,2008MM01,98.0
59515,A4,336500,59515,2.5,0.1,2008MM02,98.1
59516,A4,336500,59516,2.6,0.0,2008MM03,98.1
59517,A4,336500,59517,2.5,0.2,2008MM04,98.3
59518,A4,336500,59518,2.5,0.0,2008MM05,98.3
59519,A4,336500,59519,2.5,0.1,2008MM06,98.4
59520,A4,336500,59520,2.6,0.3,2008MM07,98.6
59521,A4,336500,59521,2.6,0.1,2008MM08,98.7
59522,A4,336500,59522,2.6,0.0,2008MM09,98.7
59523,A4,336500,59523,2.4,-0.1,2008MM10,98.7
59524,A4,336500,59524,2.3,0.0,2008MM11,98.6
59525,A4,336500,59525,2.3,0.0,2008MM12,98.6
59527,A4,336500,59527,1.4,0.8,2009MM01,99.4
59528,A4,336500,59528,1.4,0.0,2009MM02,99.4
59529,A4,336500,59529,1.3,0.0,2009MM03,99.4
59530,A4,336500,59530,0.8,-0.3,2009MM04,99.1
59531,A4,336500,59531,0.8,0.0,2009MM05,99.1
59532,A4,336500,59532,0.7,0.0,2009MM06,99.1
59533,A4,336500,59533,0.2,-0.2,2009MM07,98.8
59534,A4,336500,59534,0.2,0.1,2009MM08,98.9
59535,A4,336500,59535,0.2,0.0,2009MM09,98.9
59536,A4,336500,59536,0.3,0.1,2009MM10,99.0
59537,A4,336500,59537,0.4,0.0,2009MM11,99.0
59538,A4,336500,59538,0.4,0.0,2009MM12,99.0
59540,A4,336500,59540,0.2,0.5,2010MM01,99.6
59541,A4,336500,59541,0.1,0.0,2010MM02,99.6
59542,A4,336500,59542,0.2,0.0,2010MM03,99.6
59543,A4,336500,59543,0.8,0.3,2010MM04,99.9
59544,A4,336500,59544,0.8,0.0,2010MM05,99.9
59545,A4,336500,59545,0.8,0.0,2010MM06,99.9
59546,A4,336500,59546,1.2,0.2,2010MM07,100.0
59547,A4,336500,59547,1.2,0.0,2010MM08,100.1
59548,A4,336500,59548,1.2,0.0,2010MM09,100.1
59549,A4,336500,59549,1.3,0.1,2010MM10,100.2
59550,A4,336500,59550,1.3,0.1,2010MM11,100.3
59551,A4,336500,59551,1.9,0.6,2010MM12,100.9
59553,A4,336500,59553,2.3,0.9,2011MM01,101.8
59554,A4,336500,59554,2.3,0.1,2011MM02,101.9
59555,A4,336500,59555,2.1,-0.2,2011MM03,101.7
59556,A4,336500,59556,2.1,0.3,2011MM04,102.0
59557,A4,336500,59557,2.2,0.1,2011MM05,102.0
59558,A4,336500,59558,2.2,0.0,2011MM06,102.0
59559,A4,336500,59559,2.2,0.2,2011MM07,102.2
59560,A4,336500,59560,2.1,0.0,2011MM08,102.2
59561,A4,336500,59561,2.1,0.0,2011MM09,102.2
59562,A4,336500,59562,2.2,0.2,2011MM10,102.4
59563,A4,336500,59563,2.1,0.0,2011MM11,102.4
59564,A4,336500,59564,1.5,0.0,2011MM12,102.4
59566,A4,336500,59566,0.6,0.0,2012MM01,102.4
59567,A4,336500,59567,0.6,0.0,2012MM02,102.5
59568,A4,336500,59568,0.7,0.0,2012MM03,102.5
59569,A4,336500,59569,0.7,0.3,2012MM04,102.7
59570,A4,336500,59570,0.7,0.0,2012MM05,102.7
59571,A4,336500,59571,0.7,0.0,2012MM06,102.7
59572,A4,336500,59572,1.5,1.0,2012MM07,103.7
59573,A4,336500,59573,1.5,0.0,2012MM08,103.7
59574,A4,336500,59574,1.5,0.0,2012MM09,103.8
59575,A4,336500,59575,1.8,0.4,2012MM10,104.2
59576,A4,336500,59576,1.7,0.0,2012MM11,104.2
59577,A4,336500,59577,1.7,0.0,2012MM12,104.2
59579,A4,336500,59579,2.2,0.5,2013MM01,104.7
59580,A4,336500,59580,2.2,0.0,2013MM02,104.7
59581,A4,336500,59581,2.2,0.0,2013MM03,104.7
59582,A4,336500,59582,1.3,-0.6,2013MM04,104.1
59583,A4,336500,59583,1.3,0.0,2013MM05,104.0
59584,A4,336500,59584,1.2,0.0,2013MM06,104.0
59585,A4,336500,59585,0.4,0.2,2013MM07,104.2
59586,A4,336500,59586,0.5,0.0,2013MM08,104.2
59587,A4,336500,59587,0.4,0.0,2013MM09,104.2
59588,A4,336500,59588,0.0,0.0,2013MM10,104.2
59589,A4,336500,59589,0.0,0.0,2013MM11,104.2
59590,A4,336500,59590,0.0,0.0,2013MM12,104.2
59592,A4,336500,59592,-0.4,0.1,2014MM01,104.3
59593,A4,336500,59593,-0.4,0.0,2014MM02,104.3
59594,A4,336500,59594,-0.5,0.0,2014MM03,104.3
59595,A4,336500,59595,0.0,-0.2,2014MM04,104.1
59596,A4,336500,59596,0.0,0.0,2014MM05,104.1
59597,A4,336500,59597,0.1,0.0,2014MM06,104.1
59598,A4,336500,59598,-0.1,0.0,2014MM07,104.0
59599,A4,336500,59599,-0.2,0.0,2014MM08,104.0
59600,A4,336500,59600,-0.2,0.0,2014MM09,104.0
59601,A4,336500,59601,-0.1,0.0,2014MM10,104.0
59602,A4,336500,59602,-0.1,0.0,2014MM11,104.0
59603,A4,336500,59603,-0.1,0.0,2014MM12,104.1
59605,A4,336500,59605,-0.1,0.2,2015MM01,104.2
59606,A4,336500,59606,-0.1,0.0,2015MM02,104.2
59607,A4,336500,59607,0.0,0.0,2015MM03,104.3
59608,A4,336500,59608,1.0,0.8,2015MM04,105.1
59609,A4,336500,59609,1.0,0.0,2015MM05,105.1
59610,A4,336500,59610,1.0,0.0,2015MM06,105.1
59611,A4,336500,59611,1.1,0.1,2015MM07,105.2
59612,A4,336500,59612,1.1,0.0,2015MM08,105.2
59613,A4,336500,59613,1.1,0.0,2015MM09,105.2
59614,A4,336500,59614,1.0,-0.1,2015MM10,105.1
59615,A4,336500,59615,1.0,0.0,2015MM11,105.0
59616,A4,336500,59616,0.9,-0.1,2015MM12,105.0
59618,A4,336500,59618,1.4,0.7,2016MM01,105.7
59619,A4,336500,59619,1.4,0.1,2016MM02,105.7
59620,A4,336500,59620,1.4,0.0,2016MM03,105.7
59621,A4,336500,59621,0.7,0.2,2016MM04,105.9
59622,A4,336500,59622,0.8,0.1,2016MM05,106.0
59623,A4,336500,59623,0.9,0.1,2016MM06,106.1
59624,A4,336500,59624,0.8,-0.1,2016MM07,106.0
59625,A4,336500,59625,0.8,0.0,2016MM08,106.0
59626,A4,336500,59626,0.8,0.0,2016MM09,106.1
59627,A4,336500,59627,0.8,-0.1,2016MM10,105.9
59628,A4,336500,59628,0.9,0.1,2016MM11,106.0
59629,A4,336500,59629,1.0,0.0,2016MM12,106.0
59631,A4,336500,59631,0.9,0.5,2017MM01,106.6
59632,A4,336500,59632,0.9,0.1,2017MM02,106.7
59633,A4,336500,59633,0.9,0.0,2017MM03,106.6
59634,A4,336500,59634,0.9,0.2,2017MM04,106.9
59635,A4,336500,59635,0.8,0.0,2017MM05,106.9
59636,A4,336500,59636,0.7,0.0,2017MM06,106.8
59637,A4,336500,59637,1.1,0.3,2017MM07,107.1
59638,A4,336500,59638,1.0,0.0,2017MM08,107.1
59639,A4,336500,59639,1.1,0.1,2017MM09,107.2
59640,A4,336500,59640,1.2,0.0,2017MM10,107.2
59641,A4,336500,59641,1.1,0.0,2017MM11,107.2
59642,A4,336500,59642,1.1,0.0,2017MM12,107.2
