,Afzet,BedrijfstakkenBranchesSBI2008,ID,OntwikkelingTOV1JaarEerder_2,OntwikkelingTOV1MaandEerder_3,Perioden,ProducentenprijsindexPPI_1
91390,A5,336500,91390,1.55384615385,0.15,1981MM01,63.7
91391,A5,336500,91391,2.00769230769,0.3,1981MM02,63.9
91392,A5,336500,91392,2.46153846154,0.2,1981MM03,64.0
91393,A5,336500,91393,2.91538461538,0.6,1981MM04,64.3
91394,A5,336500,91394,3.36923076923,0.9,1981MM05,64.9
91395,A5,336500,91395,3.82307692308,0.2,1981MM06,65.1
91396,A5,336500,91396,4.27692307692,0.6,1981MM07,65.4
91397,A5,336500,91397,4.73076923077,0.2,1981MM08,65.6
91398,A5,336500,91398,5.18461538462,-0.1,1981MM09,65.5
91399,A5,336500,91399,5.63846153846,0.3,1981MM10,65.7
91400,A5,336500,91400,6.09230769231,-0.1,1981MM11,65.6
91401,A5,336500,91401,6.54615384615,0.6,1981MM12,66.0
91403,A5,336500,91403,7.0,3.3,1982MM01,68.2
91404,A5,336500,91404,7.3,0.5,1982MM02,68.5
91405,A5,336500,91405,7.4,0.3,1982MM03,68.7
91406,A5,336500,91406,7.2,0.4,1982MM04,69.0
91407,A5,336500,91407,6.5,0.2,1982MM05,69.1
91408,A5,336500,91408,6.3,0.1,1982MM06,69.1
91409,A5,336500,91409,6.0,0.3,1982MM07,69.4
91410,A5,336500,91410,5.8,0.1,1982MM08,69.4
91411,A5,336500,91411,6.2,0.2,1982MM09,69.6
91412,A5,336500,91412,6.0,0.0,1982MM10,69.6
91413,A5,336500,91413,6.1,0.0,1982MM11,69.6
91414,A5,336500,91414,5.7,0.2,1982MM12,69.7
91416,A5,336500,91416,3.3,1.1,1983MM01,70.5
91417,A5,336500,91417,2.9,0.1,1983MM02,70.5
91418,A5,336500,91418,2.6,0.0,1983MM03,70.5
91419,A5,336500,91419,2.5,0.3,1983MM04,70.7
91420,A5,336500,91420,2.3,0.0,1983MM05,70.7
91421,A5,336500,91421,2.3,0.1,1983MM06,70.7
91422,A5,336500,91422,2.4,0.4,1983MM07,71.0
91423,A5,336500,91423,2.4,0.2,1983MM08,71.1
91424,A5,336500,91424,2.2,0.0,1983MM09,71.1
91425,A5,336500,91425,2.0,-0.2,1983MM10,71.0
91426,A5,336500,91426,2.2,0.2,1983MM11,71.1
91427,A5,336500,91427,2.2,0.2,1983MM12,71.3
91429,A5,336500,91429,2.5,1.4,1984MM01,72.2
91430,A5,336500,91430,2.7,0.2,1984MM02,72.4
91431,A5,336500,91431,2.7,0.0,1984MM03,72.4
91432,A5,336500,91432,2.4,0.0,1984MM04,72.4
91433,A5,336500,91433,2.7,0.3,1984MM05,72.6
91434,A5,336500,91434,2.9,0.2,1984MM06,72.7
91435,A5,336500,91435,3.0,0.5,1984MM07,73.1
91436,A5,336500,91436,3.0,0.2,1984MM08,73.2
91437,A5,336500,91437,3.3,0.3,1984MM09,73.5
91438,A5,336500,91438,3.7,0.2,1984MM10,73.6
91439,A5,336500,91439,3.2,-0.3,1984MM11,73.4
91440,A5,336500,91440,3.4,0.4,1984MM12,73.7
91442,A5,336500,91442,2.8,0.8,1985MM01,74.3
91443,A5,336500,91443,2.0,-0.6,1985MM02,73.8
91444,A5,336500,91444,2.2,0.2,1985MM03,74.0
91445,A5,336500,91445,2.7,0.5,1985MM04,74.4
91446,A5,336500,91446,2.4,-0.1,1985MM05,74.3
91447,A5,336500,91447,2.6,0.4,1985MM06,74.6
91448,A5,336500,91448,2.1,0.0,1985MM07,74.6
91449,A5,336500,91449,1.9,0.0,1985MM08,74.6
91450,A5,336500,91450,1.6,0.0,1985MM09,74.6
91451,A5,336500,91451,1.5,0.1,1985MM10,74.7
91452,A5,336500,91452,2.1,0.3,1985MM11,74.9
91453,A5,336500,91453,1.5,-0.2,1985MM12,74.8
91455,A5,336500,91455,0.7,0.0,1986MM01,74.8
91456,A5,336500,91456,2.9,1.5,1986MM02,76.0
91457,A5,336500,91457,2.3,-0.3,1986MM03,75.7
91458,A5,336500,91458,1.9,0.1,1986MM04,75.8
91459,A5,336500,91459,2.1,0.1,1986MM05,75.9
91460,A5,336500,91460,1.8,0.0,1986MM06,75.9
91461,A5,336500,91461,1.8,0.0,1986MM07,75.9
91462,A5,336500,91462,1.8,0.0,1986MM08,76.0
91463,A5,336500,91463,1.9,0.1,1986MM09,76.0
91464,A5,336500,91464,1.8,0.0,1986MM10,76.1
91465,A5,336500,91465,1.4,-0.1,1986MM11,76.0
91466,A5,336500,91466,1.6,0.0,1986MM12,76.0
91468,A5,336500,91468,1.5,-0.1,1987MM01,76.0
91469,A5,336500,91469,0.0,0.0,1987MM02,76.0
91470,A5,336500,91470,1.0,0.7,1987MM03,76.5
91471,A5,336500,91471,0.8,-0.2,1987MM04,76.4
91472,A5,336500,91472,0.5,-0.1,1987MM05,76.3
91473,A5,336500,91473,0.4,-0.1,1987MM06,76.2
91474,A5,336500,91474,0.6,0.2,1987MM07,76.4
91475,A5,336500,91475,0.7,0.1,1987MM08,76.5
91476,A5,336500,91476,0.6,0.0,1987MM09,76.5
91477,A5,336500,91477,0.8,0.3,1987MM10,76.7
91478,A5,336500,91478,1.0,0.1,1987MM11,76.8
91479,A5,336500,91479,1.0,0.0,1987MM12,76.7
91481,A5,336500,91481,1.2,0.1,1988MM01,76.9
91482,A5,336500,91482,1.0,-0.2,1988MM02,76.7
91483,A5,336500,91483,0.3,0.0,1988MM03,76.7
91484,A5,336500,91484,1.8,1.3,1988MM04,77.7
91485,A5,336500,91485,1.3,-0.5,1988MM05,77.3
91486,A5,336500,91486,1.4,0.0,1988MM06,77.3
91487,A5,336500,91487,1.1,0.0,1988MM07,77.3
91488,A5,336500,91488,1.2,0.2,1988MM08,77.4
91489,A5,336500,91489,1.2,0.0,1988MM09,77.4
91490,A5,336500,91490,0.9,0.0,1988MM10,77.4
91491,A5,336500,91491,1.3,0.6,1988MM11,77.8
91492,A5,336500,91492,1.4,0.0,1988MM12,77.8
91494,A5,336500,91494,1.2,-0.1,1989MM01,77.7
91495,A5,336500,91495,1.5,0.2,1989MM02,77.9
91496,A5,336500,91496,1.8,0.2,1989MM03,78.1
91497,A5,336500,91497,0.6,0.1,1989MM04,78.2
91498,A5,336500,91498,2.9,1.7,1989MM05,79.5
91499,A5,336500,91499,2.2,-0.7,1989MM06,79.0
91500,A5,336500,91500,2.3,0.1,1989MM07,79.0
91501,A5,336500,91501,2.1,0.0,1989MM08,79.0
91502,A5,336500,91502,2.5,0.4,1989MM09,79.4
91503,A5,336500,91503,2.8,0.3,1989MM10,79.6
91504,A5,336500,91504,2.7,0.4,1989MM11,79.9
91505,A5,336500,91505,3.0,0.3,1989MM12,80.1
91507,A5,336500,91507,3.4,0.4,1990MM01,80.4
91508,A5,336500,91508,2.5,-0.7,1990MM02,79.8
91509,A5,336500,91509,2.4,0.2,1990MM03,80.0
91510,A5,336500,91510,2.6,0.3,1990MM04,80.2
91511,A5,336500,91511,1.2,0.4,1990MM05,80.5
91512,A5,336500,91512,2.1,0.2,1990MM06,80.6
91513,A5,336500,91513,2.1,0.1,1990MM07,80.7
91514,A5,336500,91514,2.3,0.2,1990MM08,80.9
91515,A5,336500,91515,2.0,0.1,1990MM09,80.9
91516,A5,336500,91516,2.3,0.6,1990MM10,81.4
91517,A5,336500,91517,1.9,0.0,1990MM11,81.4
91518,A5,336500,91518,1.6,0.0,1990MM12,81.4
91520,A5,336500,91520,1.2,0.0,1991MM01,81.3
91521,A5,336500,91521,4.2,2.2,1991MM02,83.2
91522,A5,336500,91522,3.4,-0.6,1991MM03,82.7
91523,A5,336500,91523,3.3,0.1,1991MM04,82.8
91524,A5,336500,91524,2.9,0.1,1991MM05,82.8
91525,A5,336500,91525,2.9,0.1,1991MM06,82.9
91526,A5,336500,91526,2.9,0.0,1991MM07,83.0
91527,A5,336500,91527,2.6,0.0,1991MM08,82.9
91528,A5,336500,91528,2.7,0.2,1991MM09,83.1
91529,A5,336500,91529,2.2,0.1,1991MM10,83.2
91530,A5,336500,91530,2.3,0.0,1991MM11,83.2
91531,A5,336500,91531,2.4,0.1,1991MM12,83.4
91533,A5,336500,91533,2.5,0.0,1992MM01,83.3
91534,A5,336500,91534,0.5,0.3,1992MM02,83.6
91535,A5,336500,91535,3.4,2.2,1992MM03,85.5
91536,A5,336500,91536,2.6,-0.6,1992MM04,85.0
91537,A5,336500,91537,2.6,0.1,1992MM05,85.0
91538,A5,336500,91538,2.7,0.1,1992MM06,85.2
91539,A5,336500,91539,2.8,0.2,1992MM07,85.3
91540,A5,336500,91540,3.0,0.1,1992MM08,85.4
91541,A5,336500,91541,2.7,-0.1,1992MM09,85.4
91542,A5,336500,91542,2.9,0.3,1992MM10,85.6
91543,A5,336500,91543,3.0,0.1,1992MM11,85.8
91544,A5,336500,91544,2.9,0.0,1992MM12,85.8
91546,A5,336500,91546,2.9,0.0,1993MM01,85.8
91547,A5,336500,91547,2.6,0.1,1993MM02,85.8
91548,A5,336500,91548,0.4,0.0,1993MM03,85.8
91549,A5,336500,91549,1.7,0.8,1993MM04,86.5
91550,A5,336500,91550,1.7,0.1,1993MM05,86.5
91551,A5,336500,91551,1.7,0.1,1993MM06,86.6
91552,A5,336500,91552,1.6,0.0,1993MM07,86.6
91553,A5,336500,91553,1.2,-0.2,1993MM08,86.5
91554,A5,336500,91554,1.5,0.2,1993MM09,86.6
91555,A5,336500,91555,1.2,0.1,1993MM10,86.7
91556,A5,336500,91556,1.0,-0.1,1993MM11,86.6
91557,A5,336500,91557,0.8,-0.1,1993MM12,86.5
91559,A5,336500,91559,0.5,-0.4,1994MM01,86.2
91560,A5,336500,91560,0.5,0.1,1994MM02,86.2
91561,A5,336500,91561,0.8,0.3,1994MM03,86.5
91562,A5,336500,91562,0.1,0.1,1994MM04,86.6
91563,A5,336500,91563,0.0,-0.1,1994MM05,86.5
91564,A5,336500,91564,0.5,0.6,1994MM06,87.0
91565,A5,336500,91565,0.5,0.0,1994MM07,87.0
91566,A5,336500,91566,0.5,-0.2,1994MM08,86.9
91567,A5,336500,91567,0.3,0.0,1994MM09,86.9
91568,A5,336500,91568,-0.3,-0.6,1994MM10,86.4
91569,A5,336500,91569,-0.4,-0.2,1994MM11,86.3
91570,A5,336500,91570,-0.6,-0.4,1994MM12,86.0
91572,A5,336500,91572,-0.3,-0.1,1995MM01,85.9
91573,A5,336500,91573,-0.4,-0.1,1995MM02,85.8
91574,A5,336500,91574,-0.8,-0.1,1995MM03,85.8
91575,A5,336500,91575,-1.0,0.0,1995MM04,85.7
91576,A5,336500,91576,-0.9,-0.1,1995MM05,85.7
91577,A5,336500,91577,-1.6,0.0,1995MM06,85.7
91578,A5,336500,91578,-1.6,0.0,1995MM07,85.7
91579,A5,336500,91579,-1.3,0.1,1995MM08,85.7
91580,A5,336500,91580,-1.4,0.0,1995MM09,85.7
91581,A5,336500,91581,-0.9,-0.1,1995MM10,85.6
91582,A5,336500,91582,-0.8,-0.1,1995MM11,85.5
91583,A5,336500,91583,-0.5,0.0,1995MM12,85.5
91585,A5,336500,91585,0.3,0.7,1996MM01,86.1
91586,A5,336500,91586,0.4,0.1,1996MM02,86.2
91587,A5,336500,91587,0.6,0.1,1996MM03,86.3
91588,A5,336500,91588,0.7,0.1,1996MM04,86.3
91589,A5,336500,91589,0.7,0.0,1996MM05,86.3
91590,A5,336500,91590,0.8,0.0,1996MM06,86.3
91591,A5,336500,91591,0.8,0.0,1996MM07,86.3
91592,A5,336500,91592,0.7,0.1,1996MM08,86.4
91593,A5,336500,91593,0.8,0.1,1996MM09,86.4
91594,A5,336500,91594,1.0,0.1,1996MM10,86.5
91595,A5,336500,91595,1.1,0.0,1996MM11,86.5
91596,A5,336500,91596,1.1,-0.1,1996MM12,86.5
91598,A5,336500,91598,0.4,0.0,1997MM01,86.4
91599,A5,336500,91599,0.5,0.2,1997MM02,86.6
91600,A5,336500,91600,0.5,0.1,1997MM03,86.7
91601,A5,336500,91601,0.4,0.1,1997MM04,86.7
91602,A5,336500,91602,0.5,0.0,1997MM05,86.7
91603,A5,336500,91603,0.5,0.1,1997MM06,86.8
91604,A5,336500,91604,0.7,0.2,1997MM07,86.9
91605,A5,336500,91605,0.7,0.0,1997MM08,87.0
91606,A5,336500,91606,0.5,-0.1,1997MM09,86.9
91607,A5,336500,91607,0.5,0.1,1997MM10,87.0
91608,A5,336500,91608,0.9,0.3,1997MM11,87.2
91609,A5,336500,91609,0.9,0.0,1997MM12,87.2
91611,A5,336500,91611,2.1,1.2,1998MM01,88.3
91612,A5,336500,91612,2.0,0.0,1998MM02,88.3
91613,A5,336500,91613,1.9,0.0,1998MM03,88.3
91614,A5,336500,91614,1.9,0.0,1998MM04,88.3
91615,A5,336500,91615,1.8,-0.1,1998MM05,88.3
91616,A5,336500,91616,1.7,0.0,1998MM06,88.3
91617,A5,336500,91617,2.3,0.7,1998MM07,88.9
91618,A5,336500,91618,2.4,0.1,1998MM08,89.0
91619,A5,336500,91619,2.3,-0.1,1998MM09,88.9
91620,A5,336500,91620,2.2,-0.1,1998MM10,88.8
91621,A5,336500,91621,1.9,0.0,1998MM11,88.9
91622,A5,336500,91622,1.8,-0.1,1998MM12,88.8
91624,A5,336500,91624,0.8,0.2,1999MM01,89.0
91625,A5,336500,91625,0.9,0.1,1999MM02,89.1
91626,A5,336500,91626,1.0,0.2,1999MM03,89.2
91627,A5,336500,91627,1.0,0.1,1999MM04,89.3
91628,A5,336500,91628,1.2,0.1,1999MM05,89.3
91629,A5,336500,91629,1.3,0.1,1999MM06,89.5
91630,A5,336500,91630,0.7,0.1,1999MM07,89.6
91631,A5,336500,91631,0.6,0.0,1999MM08,89.6
91632,A5,336500,91632,0.9,0.2,1999MM09,89.7
91633,A5,336500,91633,1.0,0.1,1999MM10,89.8
91634,A5,336500,91634,1.3,0.3,1999MM11,90.0
91635,A5,336500,91635,1.5,0.2,1999MM12,90.2
91637,A5,336500,91637,2.1,0.7,2000MM01,90.8
91638,A5,336500,91638,2.1,0.1,2000MM02,90.9
91639,A5,336500,91639,2.0,0.0,2000MM03,91.0
91640,A5,336500,91640,2.1,0.2,2000MM04,91.2
91641,A5,336500,91641,2.1,0.1,2000MM05,91.2
91642,A5,336500,91642,1.9,-0.1,2000MM06,91.2
91643,A5,336500,91643,2.1,0.4,2000MM07,91.5
91644,A5,336500,91644,2.2,0.1,2000MM08,91.6
91645,A5,336500,91645,1.9,-0.1,2000MM09,91.4
91646,A5,336500,91646,2.2,0.4,2000MM10,91.8
91647,A5,336500,91647,2.0,0.0,2000MM11,91.8
91648,A5,336500,91648,1.7,-0.1,2000MM12,91.7
91650,A5,336500,91650,1.8,0.8,2001MM01,92.5
91651,A5,336500,91651,1.8,0.1,2001MM02,92.5
91652,A5,336500,91652,1.7,0.0,2001MM03,92.5
91653,A5,336500,91653,1.5,0.0,2001MM04,92.5
91654,A5,336500,91654,1.5,0.1,2001MM05,92.6
91655,A5,336500,91655,1.7,0.1,2001MM06,92.7
91656,A5,336500,91656,1.4,0.1,2001MM07,92.8
91657,A5,336500,91657,1.2,-0.1,2001MM08,92.6
91658,A5,336500,91658,1.2,-0.1,2001MM09,92.6
91659,A5,336500,91659,0.9,0.1,2001MM10,92.6
91660,A5,336500,91660,1.0,0.0,2001MM11,92.7
91661,A5,336500,91661,1.1,0.0,2001MM12,92.7
91663,A5,336500,91663,0.4,0.2,2002MM01,92.8
91664,A5,336500,91664,0.4,0.0,2002MM02,92.9
91665,A5,336500,91665,0.4,0.0,2002MM03,92.9
91666,A5,336500,91666,0.5,0.1,2002MM04,93.0
91667,A5,336500,91667,0.3,-0.1,2002MM05,92.9
91668,A5,336500,91668,0.1,-0.1,2002MM06,92.8
91669,A5,336500,91669,0.1,0.1,2002MM07,92.9
91670,A5,336500,91670,0.3,0.0,2002MM08,92.9
91671,A5,336500,91671,0.3,0.0,2002MM09,92.9
91672,A5,336500,91672,0.4,0.2,2002MM10,93.0
91673,A5,336500,91673,0.3,-0.1,2002MM11,93.0
91674,A5,336500,91674,0.3,0.0,2002MM12,92.9
91676,A5,336500,91676,0.1,0.0,2003MM01,93.0
91677,A5,336500,91677,0.1,0.0,2003MM02,92.9
91678,A5,336500,91678,0.0,0.0,2003MM03,92.9
91679,A5,336500,91679,-0.1,-0.1,2003MM04,92.9
91680,A5,336500,91680,-0.1,-0.1,2003MM05,92.8
91681,A5,336500,91681,0.0,0.0,2003MM06,92.8
91682,A5,336500,91682,-0.1,0.1,2003MM07,92.8
91683,A5,336500,91683,-0.1,0.0,2003MM08,92.8
91684,A5,336500,91684,-0.1,0.0,2003MM09,92.8
91685,A5,336500,91685,0.0,0.2,2003MM10,93.0
91686,A5,336500,91686,0.1,0.0,2003MM11,93.0
91687,A5,336500,91687,0.0,-0.1,2003MM12,92.9
91689,A5,336500,91689,-0.9,-0.8,2004MM01,92.1
91690,A5,336500,91690,-0.8,0.0,2004MM02,92.2
91691,A5,336500,91691,-0.8,0.1,2004MM03,92.2
91692,A5,336500,91692,-0.4,0.3,2004MM04,92.5
91693,A5,336500,91693,-0.1,0.2,2004MM05,92.7
91694,A5,336500,91694,-0.1,0.0,2004MM06,92.7
91695,A5,336500,91695,0.3,0.4,2004MM07,93.0
91696,A5,336500,91696,0.3,0.0,2004MM08,93.1
91697,A5,336500,91697,0.4,0.1,2004MM09,93.1
91698,A5,336500,91698,0.5,0.3,2004MM10,93.5
91699,A5,336500,91699,0.5,0.0,2004MM11,93.5
91700,A5,336500,91700,0.5,-0.1,2004MM12,93.4
91702,A5,336500,91702,0.561538461538,-0.05,2005MM01,94.6
91703,A5,336500,91703,0.623076923077,0.0,2005MM02,94.6
91704,A5,336500,91704,0.684615384615,0.0,2005MM03,94.6
91705,A5,336500,91705,0.746153846154,0.2,2005MM04,94.8
91706,A5,336500,91706,0.807692307692,0.3,2005MM05,95.1
91707,A5,336500,91707,0.869230769231,0.2,2005MM06,95.3
91708,A5,336500,91708,0.930769230769,0.0,2005MM07,95.2
91709,A5,336500,91709,0.992307692308,0.0,2005MM08,95.2
91710,A5,336500,91710,1.05384615385,0.1,2005MM09,95.3
91711,A5,336500,91711,1.11538461538,0.2,2005MM10,95.5
91712,A5,336500,91712,1.17692307692,0.1,2005MM11,95.6
91713,A5,336500,91713,1.23846153846,0.0,2005MM12,95.6
91715,A5,336500,91715,1.3,0.2,2006MM01,95.8
91716,A5,336500,91716,1.3,0.0,2006MM02,95.9
91717,A5,336500,91717,1.3,0.0,2006MM03,95.9
91718,A5,336500,91718,1.3,0.1,2006MM04,96.0
91719,A5,336500,91719,0.9,-0.1,2006MM05,96.0
91720,A5,336500,91720,0.9,0.1,2006MM06,96.1
91721,A5,336500,91721,1.1,0.2,2006MM07,96.3
91722,A5,336500,91722,1.1,0.0,2006MM08,96.2
91723,A5,336500,91723,1.0,0.0,2006MM09,96.2
91724,A5,336500,91724,0.9,0.1,2006MM10,96.3
91725,A5,336500,91725,0.7,-0.1,2006MM11,96.3
91726,A5,336500,91726,0.7,0.0,2006MM12,96.3
91728,A5,336500,91728,1.8,1.3,2007MM01,97.5
91729,A5,336500,91729,1.8,0.0,2007MM02,97.5
91730,A5,336500,91730,1.7,0.0,2007MM03,97.5
91731,A5,336500,91731,1.9,0.3,2007MM04,97.8
91732,A5,336500,91732,2.0,0.0,2007MM05,97.9
91733,A5,336500,91733,1.9,0.0,2007MM06,97.9
91734,A5,336500,91734,1.7,0.0,2007MM07,97.9
91735,A5,336500,91735,1.8,0.0,2007MM08,97.9
91736,A5,336500,91736,1.7,-0.1,2007MM09,97.9
91737,A5,336500,91737,1.5,-0.1,2007MM10,97.8
91738,A5,336500,91738,1.5,-0.1,2007MM11,97.8
91739,A5,336500,91739,1.5,0.0,2007MM12,97.8
91741,A5,336500,91741,-0.5,-0.7,2008MM01,97.1
91742,A5,336500,91742,-0.4,0.1,2008MM02,97.1
91743,A5,336500,91743,-0.5,-0.1,2008MM03,97.0
91744,A5,336500,91744,-0.7,0.1,2008MM04,97.1
91745,A5,336500,91745,-0.7,0.1,2008MM05,97.2
91746,A5,336500,91746,-0.7,0.0,2008MM06,97.2
91747,A5,336500,91747,-0.6,0.2,2008MM07,97.3
91748,A5,336500,91748,-0.5,0.1,2008MM08,97.4
91749,A5,336500,91749,-0.5,0.0,2008MM09,97.4
91750,A5,336500,91750,-0.2,0.2,2008MM10,97.6
91751,A5,336500,91751,-0.2,0.0,2008MM11,97.6
91752,A5,336500,91752,-0.3,-0.2,2008MM12,97.4
91754,A5,336500,91754,1.6,1.2,2009MM01,98.6
91755,A5,336500,91755,1.6,0.0,2009MM02,98.6
91756,A5,336500,91756,1.5,-0.1,2009MM03,98.5
91757,A5,336500,91757,2.5,1.0,2009MM04,99.6
91758,A5,336500,91758,2.3,-0.1,2009MM05,99.5
91759,A5,336500,91759,2.3,-0.1,2009MM06,99.4
91760,A5,336500,91760,1.9,-0.2,2009MM07,99.2
91761,A5,336500,91761,1.8,0.0,2009MM08,99.2
91762,A5,336500,91762,1.8,0.0,2009MM09,99.2
91763,A5,336500,91763,1.5,-0.1,2009MM10,99.1
91764,A5,336500,91764,1.6,0.0,2009MM11,99.1
91765,A5,336500,91765,1.8,0.1,2009MM12,99.2
91767,A5,336500,91767,1.0,0.4,2010MM01,99.6
91768,A5,336500,91768,1.1,0.1,2010MM02,99.7
91769,A5,336500,91769,1.2,0.1,2010MM03,99.8
91770,A5,336500,91770,0.4,0.2,2010MM04,99.9
91771,A5,336500,91771,0.6,0.2,2010MM05,100.1
91772,A5,336500,91772,0.8,0.1,2010MM06,100.2
91773,A5,336500,91773,1.0,0.0,2010MM07,100.2
91774,A5,336500,91774,1.0,0.0,2010MM08,100.2
91775,A5,336500,91775,1.0,0.0,2010MM09,100.2
91776,A5,336500,91776,0.9,-0.2,2010MM10,100.0
91777,A5,336500,91777,1.0,0.1,2010MM11,100.1
91778,A5,336500,91778,1.0,0.1,2010MM12,100.2
91780,A5,336500,91780,1.5,0.9,2011MM01,101.1
91781,A5,336500,91781,1.3,0.0,2011MM02,101.0
91782,A5,336500,91782,1.2,-0.1,2011MM03,101.0
91783,A5,336500,91783,1.0,0.0,2011MM04,100.9
91784,A5,336500,91784,0.9,0.0,2011MM05,101.0
91785,A5,336500,91785,0.8,0.0,2011MM06,101.0
91786,A5,336500,91786,0.8,0.0,2011MM07,101.0
91787,A5,336500,91787,0.8,0.0,2011MM08,101.0
91788,A5,336500,91788,0.9,0.1,2011MM09,101.1
91789,A5,336500,91789,1.1,0.0,2011MM10,101.1
91790,A5,336500,91790,1.1,0.0,2011MM11,101.1
91791,A5,336500,91791,1.0,0.0,2011MM12,101.2
91793,A5,336500,91793,1.4,1.3,2012MM01,102.5
91794,A5,336500,91794,1.4,0.0,2012MM02,102.5
91795,A5,336500,91795,1.5,0.0,2012MM03,102.5
91796,A5,336500,91796,1.6,0.1,2012MM04,102.5
91797,A5,336500,91797,1.6,0.0,2012MM05,102.6
91798,A5,336500,91798,1.7,0.1,2012MM06,102.7
91799,A5,336500,91799,1.9,0.2,2012MM07,102.9
91800,A5,336500,91800,1.9,0.0,2012MM08,102.9
91801,A5,336500,91801,1.7,-0.1,2012MM09,102.8
91802,A5,336500,91802,1.7,0.0,2012MM10,102.8
91803,A5,336500,91803,1.7,0.0,2012MM11,102.9
91804,A5,336500,91804,1.7,0.0,2012MM12,102.8
91806,A5,336500,91806,4.3,4.0,2013MM01,106.9
91807,A5,336500,91807,4.3,0.0,2013MM02,106.9
91808,A5,336500,91808,4.4,0.0,2013MM03,107.0
91809,A5,336500,91809,4.3,0.0,2013MM04,106.9
91810,A5,336500,91810,4.2,0.0,2013MM05,106.9
91811,A5,336500,91811,4.1,0.0,2013MM06,106.9
91812,A5,336500,91812,4.0,0.1,2013MM07,107.0
91813,A5,336500,91813,4.0,0.0,2013MM08,107.0
91814,A5,336500,91814,4.0,0.0,2013MM09,107.0
91815,A5,336500,91815,4.0,0.0,2013MM10,107.0
91816,A5,336500,91816,4.0,0.0,2013MM11,107.0
91817,A5,336500,91817,4.0,0.0,2013MM12,107.0
91819,A5,336500,91819,-0.9,-1.0,2014MM01,105.9
91820,A5,336500,91820,-0.9,0.0,2014MM02,105.9
91821,A5,336500,91821,-1.0,0.0,2014MM03,105.9
91822,A5,336500,91822,-0.6,0.4,2014MM04,106.3
91823,A5,336500,91823,-0.5,0.1,2014MM05,106.4
91824,A5,336500,91824,-0.5,0.0,2014MM06,106.4
91825,A5,336500,91825,-0.6,0.0,2014MM07,106.4
91826,A5,336500,91826,-0.5,0.0,2014MM08,106.5
91827,A5,336500,91827,-0.5,0.0,2014MM09,106.5
91828,A5,336500,91828,-0.4,0.0,2014MM10,106.5
91829,A5,336500,91829,-0.6,-0.2,2014MM11,106.4
91830,A5,336500,91830,-0.6,0.0,2014MM12,106.4
91832,A5,336500,91832,0.8,0.3,2015MM01,106.8
91833,A5,336500,91833,0.8,0.1,2015MM02,106.8
91834,A5,336500,91834,1.0,0.1,2015MM03,107.0
91835,A5,336500,91835,3.8,3.2,2015MM04,110.3
91836,A5,336500,91836,3.6,-0.1,2015MM05,110.3
91837,A5,336500,91837,3.6,0.0,2015MM06,110.2
91838,A5,336500,91838,3.7,0.1,2015MM07,110.4
91839,A5,336500,91839,3.6,-0.1,2015MM08,110.3
91840,A5,336500,91840,3.6,0.0,2015MM09,110.3
91841,A5,336500,91841,2.1,-1.4,2015MM10,108.7
91842,A5,336500,91842,2.4,0.2,2015MM11,108.9
91843,A5,336500,91843,2.3,-0.1,2015MM12,108.8
91845,A5,336500,91845,2.2,0.3,2016MM01,109.1
91846,A5,336500,91846,2.1,-0.1,2016MM02,109.0
91847,A5,336500,91847,1.9,0.0,2016MM03,109.0
91848,A5,336500,91848,-1.2,0.0,2016MM04,109.1
91849,A5,336500,91849,-1.1,0.0,2016MM05,109.1
91850,A5,336500,91850,-1.0,0.1,2016MM06,109.1
91851,A5,336500,91851,-1.1,0.0,2016MM07,109.2
91852,A5,336500,91852,-1.1,0.0,2016MM08,109.2
91853,A5,336500,91853,-1.1,0.0,2016MM09,109.1
91854,A5,336500,91854,-4.9,-5.3,2016MM10,103.4
91855,A5,336500,91855,-5.0,0.1,2016MM11,103.4
91856,A5,336500,91856,-4.9,0.0,2016MM12,103.5
91858,A5,336500,91858,-5.6,-0.5,2017MM01,103.0
91859,A5,336500,91859,-5.5,0.0,2017MM02,103.0
91860,A5,336500,91860,-5.5,0.0,2017MM03,103.0
91861,A5,336500,91861,-6.3,-0.9,2017MM04,102.1
91862,A5,336500,91862,-6.5,-0.2,2017MM05,102.0
91863,A5,336500,91863,-6.6,0.0,2017MM06,101.9
91864,A5,336500,91864,-6.9,-0.2,2017MM07,101.7
91865,A5,336500,91865,-6.9,-0.1,2017MM08,101.6
91866,A5,336500,91866,-6.9,0.0,2017MM09,101.6
91867,A5,336500,91867,-1.7,0.0,2017MM10,101.6
91868,A5,336500,91868,-1.7,0.0,2017MM11,101.6
91869,A5,336500,91869,-1.8,0.0,2017MM12,101.6
