,Afzet,BedrijfstakkenBranchesSBI2008,ID,OntwikkelingTOV1JaarEerder_2,OntwikkelingTOV1MaandEerder_3,Perioden,ProducentenprijsindexPPI_1
26936,A6,336500,26936,,,1981MM01,60.8
26937,A6,336500,26937,,0.2,1981MM02,61.0
26938,A6,336500,26938,,0.2,1981MM03,61.1
26939,A6,336500,26939,,0.5,1981MM04,61.4
26940,A6,336500,26940,,0.6,1981MM05,61.8
26941,A6,336500,26941,,0.2,1981MM06,61.9
26942,A6,336500,26942,,0.6,1981MM07,62.2
26943,A6,336500,26943,,0.2,1981MM08,62.3
26944,A6,336500,26944,,0.0,1981MM09,62.3
26945,A6,336500,26945,,0.8,1981MM10,62.8
26946,A6,336500,26946,,-0.1,1981MM11,62.8
26947,A6,336500,26947,,0.4,1981MM12,63.0
26949,A6,336500,26949,7.2,3.4,1982MM01,65.2
26950,A6,336500,26950,7.4,0.5,1982MM02,65.5
26951,A6,336500,26951,7.5,0.3,1982MM03,65.7
26952,A6,336500,26952,7.4,0.3,1982MM04,65.9
26953,A6,336500,26953,6.9,0.2,1982MM05,66.0
26954,A6,336500,26954,6.8,0.0,1982MM06,66.0
26955,A6,336500,26955,6.7,0.5,1982MM07,66.4
26956,A6,336500,26956,6.5,0.1,1982MM08,66.4
26957,A6,336500,26957,6.8,0.2,1982MM09,66.5
26958,A6,336500,26958,5.9,0.0,1982MM10,66.5
26959,A6,336500,26959,5.9,0.0,1982MM11,66.5
26960,A6,336500,26960,5.6,0.1,1982MM12,66.6
26962,A6,336500,26962,3.3,1.1,1983MM01,67.3
26963,A6,336500,26963,2.9,0.1,1983MM02,67.4
26964,A6,336500,26964,2.6,0.0,1983MM03,67.4
26965,A6,336500,26965,2.5,0.2,1983MM04,67.5
26966,A6,336500,26966,2.3,0.0,1983MM05,67.6
26967,A6,336500,26967,2.3,0.0,1983MM06,67.6
26968,A6,336500,26968,2.2,0.4,1983MM07,67.8
26969,A6,336500,26969,2.3,0.2,1983MM08,68.0
26970,A6,336500,26970,2.0,-0.1,1983MM09,67.9
26971,A6,336500,26971,1.9,-0.1,1983MM10,67.8
26972,A6,336500,26972,2.1,0.2,1983MM11,67.9
26973,A6,336500,26973,2.1,0.2,1983MM12,68.0
26975,A6,336500,26975,2.4,1.4,1984MM01,68.9
26976,A6,336500,26976,2.5,0.2,1984MM02,69.1
26977,A6,336500,26977,2.5,0.0,1984MM03,69.1
26978,A6,336500,26978,2.4,0.1,1984MM04,69.2
26979,A6,336500,26979,2.6,0.2,1984MM05,69.3
26980,A6,336500,26980,2.8,0.2,1984MM06,69.5
26981,A6,336500,26981,2.8,0.4,1984MM07,69.7
26982,A6,336500,26982,2.7,0.1,1984MM08,69.8
26983,A6,336500,26983,3.1,0.2,1984MM09,70.0
26984,A6,336500,26984,3.2,0.0,1984MM10,70.0
26985,A6,336500,26985,3.0,-0.1,1984MM11,69.9
26986,A6,336500,26986,3.2,0.4,1984MM12,70.2
26988,A6,336500,26988,2.7,0.8,1985MM01,70.8
26989,A6,336500,26989,2.6,0.2,1985MM02,70.9
26990,A6,336500,26990,2.9,0.4,1985MM03,71.1
26991,A6,336500,26991,2.8,-0.1,1985MM04,71.1
26992,A6,336500,26992,2.8,0.3,1985MM05,71.3
26993,A6,336500,26993,2.6,0.0,1985MM06,71.3
26994,A6,336500,26994,2.3,0.1,1985MM07,71.3
26995,A6,336500,26995,2.2,0.0,1985MM08,71.4
26996,A6,336500,26996,2.1,0.1,1985MM09,71.4
26997,A6,336500,26997,2.3,0.2,1985MM10,71.6
26998,A6,336500,26998,2.3,-0.1,1985MM11,71.5
26999,A6,336500,26999,1.9,0.1,1985MM12,71.5
27001,A6,336500,27001,2.3,1.2,1986MM01,72.4
27002,A6,336500,27002,2.2,0.1,1986MM02,72.4
27003,A6,336500,27003,1.9,0.1,1986MM03,72.5
27004,A6,336500,27004,2.1,0.0,1986MM04,72.6
27005,A6,336500,27005,1.8,0.0,1986MM05,72.6
27006,A6,336500,27006,1.9,0.0,1986MM06,72.6
27007,A6,336500,27007,1.9,0.1,1986MM07,72.7
27008,A6,336500,27008,1.9,0.0,1986MM08,72.7
27009,A6,336500,27009,1.7,-0.1,1986MM09,72.7
27010,A6,336500,27010,1.5,0.0,1986MM10,72.7
27011,A6,336500,27011,1.7,0.0,1986MM11,72.7
27012,A6,336500,27012,1.6,0.0,1986MM12,72.7
27014,A6,336500,27014,0.8,0.4,1987MM01,73.0
27015,A6,336500,27015,0.7,-0.1,1987MM02,72.9
27016,A6,336500,27016,0.5,-0.1,1987MM03,72.9
27017,A6,336500,27017,0.6,0.2,1987MM04,73.0
27018,A6,336500,27018,0.6,0.1,1987MM05,73.1
27019,A6,336500,27019,0.7,0.0,1987MM06,73.1
27020,A6,336500,27020,0.8,0.3,1987MM07,73.3
27021,A6,336500,27021,0.9,0.1,1987MM08,73.4
27022,A6,336500,27022,0.9,0.0,1987MM09,73.3
27023,A6,336500,27023,1.0,0.1,1987MM10,73.4
27024,A6,336500,27024,0.9,-0.1,1987MM11,73.3
27025,A6,336500,27025,0.9,0.0,1987MM12,73.3
27027,A6,336500,27027,1.1,0.6,1988MM01,73.8
27028,A6,336500,27028,1.2,0.0,1988MM02,73.8
27029,A6,336500,27029,1.2,0.0,1988MM03,73.8
27030,A6,336500,27030,1.3,0.2,1988MM04,73.9
27031,A6,336500,27031,1.3,0.1,1988MM05,74.0
27032,A6,336500,27032,1.2,0.0,1988MM06,74.0
27033,A6,336500,27033,1.5,0.6,1988MM07,74.4
27034,A6,336500,27034,1.4,0.0,1988MM08,74.4
27035,A6,336500,27035,1.4,0.0,1988MM09,74.4
27036,A6,336500,27036,1.5,0.2,1988MM10,74.5
27037,A6,336500,27037,1.9,0.2,1988MM11,74.7
27038,A6,336500,27038,1.9,0.1,1988MM12,74.7
27040,A6,336500,27040,2.1,0.8,1989MM01,75.3
27041,A6,336500,27041,2.1,0.0,1989MM02,75.3
27042,A6,336500,27042,2.0,0.0,1989MM03,75.3
27043,A6,336500,27043,2.2,0.4,1989MM04,75.5
27044,A6,336500,27044,2.3,0.2,1989MM05,75.7
27045,A6,336500,27045,2.6,0.3,1989MM06,75.9
27046,A6,336500,27046,2.2,0.2,1989MM07,76.0
27047,A6,336500,27047,2.5,0.2,1989MM08,76.2
27048,A6,336500,27048,2.6,0.2,1989MM09,76.3
27049,A6,336500,27049,2.5,0.1,1989MM10,76.4
27050,A6,336500,27050,2.3,0.0,1989MM11,76.4
27051,A6,336500,27051,2.3,0.0,1989MM12,76.4
27053,A6,336500,27053,3.2,1.6,1990MM01,77.7
27054,A6,336500,27054,3.3,0.2,1990MM02,77.8
27055,A6,336500,27055,3.6,0.2,1990MM03,78.0
27056,A6,336500,27056,3.7,0.4,1990MM04,78.3
27057,A6,336500,27057,3.6,0.1,1990MM05,78.4
27058,A6,336500,27058,3.4,0.1,1990MM06,78.5
27059,A6,336500,27059,3.4,0.2,1990MM07,78.6
27060,A6,336500,27060,3.2,0.1,1990MM08,78.7
27061,A6,336500,27061,3.6,0.5,1990MM09,79.1
27062,A6,336500,27062,3.6,0.1,1990MM10,79.2
27063,A6,336500,27063,3.6,0.0,1990MM11,79.2
27064,A6,336500,27064,3.6,0.0,1990MM12,79.2
27066,A6,336500,27066,3.5,1.5,1991MM01,80.4
27067,A6,336500,27067,3.5,0.1,1991MM02,80.5
27068,A6,336500,27068,3.3,0.1,1991MM03,80.6
27069,A6,336500,27069,3.0,0.1,1991MM04,80.7
27070,A6,336500,27070,2.9,0.1,1991MM05,80.7
27071,A6,336500,27071,2.9,0.0,1991MM06,80.7
27072,A6,336500,27072,2.9,0.2,1991MM07,80.9
27073,A6,336500,27073,2.8,0.1,1991MM08,80.9
27074,A6,336500,27074,2.4,0.0,1991MM09,81.0
27075,A6,336500,27075,2.4,0.2,1991MM10,81.1
27076,A6,336500,27076,2.4,0.0,1991MM11,81.1
27077,A6,336500,27077,2.6,0.2,1991MM12,81.3
27079,A6,336500,27079,2.4,1.3,1992MM01,82.4
27080,A6,336500,27080,2.4,0.1,1992MM02,82.5
27081,A6,336500,27081,2.4,0.0,1992MM03,82.5
27082,A6,336500,27082,2.4,0.2,1992MM04,82.6
27083,A6,336500,27083,2.5,0.1,1992MM05,82.7
27084,A6,336500,27084,2.5,0.0,1992MM06,82.7
27085,A6,336500,27085,2.6,0.3,1992MM07,83.0
27086,A6,336500,27086,2.6,0.1,1992MM08,83.1
27087,A6,336500,27087,2.6,0.0,1992MM09,83.1
27088,A6,336500,27088,2.4,0.0,1992MM10,83.0
27089,A6,336500,27089,2.4,0.1,1992MM11,83.1
27090,A6,336500,27090,2.2,0.0,1992MM12,83.0
27092,A6,336500,27092,1.5,0.7,1993MM01,83.6
27093,A6,336500,27093,1.5,0.1,1993MM02,83.7
27094,A6,336500,27094,1.5,0.0,1993MM03,83.7
27095,A6,336500,27095,1.2,-0.1,1993MM04,83.6
27096,A6,336500,27096,1.2,0.1,1993MM05,83.7
27097,A6,336500,27097,1.3,0.1,1993MM06,83.8
27098,A6,336500,27098,0.9,-0.1,1993MM07,83.7
27099,A6,336500,27099,0.7,-0.1,1993MM08,83.7
27100,A6,336500,27100,0.5,-0.2,1993MM09,83.5
27101,A6,336500,27101,0.5,0.0,1993MM10,83.4
27102,A6,336500,27102,0.7,0.2,1993MM11,83.6
27103,A6,336500,27103,0.8,0.1,1993MM12,83.7
27105,A6,336500,27105,0.6,0.4,1994MM01,84.1
27106,A6,336500,27106,0.5,0.0,1994MM02,84.1
27107,A6,336500,27107,0.4,-0.1,1994MM03,84.0
27108,A6,336500,27108,0.5,0.0,1994MM04,84.0
27109,A6,336500,27109,0.0,-0.4,1994MM05,83.7
27110,A6,336500,27110,-0.2,-0.1,1994MM06,83.6
27111,A6,336500,27111,-0.3,-0.2,1994MM07,83.5
27112,A6,336500,27112,-0.3,-0.1,1994MM08,83.4
27113,A6,336500,27113,-0.1,-0.1,1994MM09,83.4
27114,A6,336500,27114,-0.3,-0.2,1994MM10,83.2
27115,A6,336500,27115,-0.6,0.0,1994MM11,83.2
27116,A6,336500,27116,-0.7,0.0,1994MM12,83.1
27118,A6,336500,27118,-1.3,-0.2,1995MM01,83.0
27119,A6,336500,27119,-1.5,-0.1,1995MM02,82.9
27120,A6,336500,27120,-1.5,-0.1,1995MM03,82.8
27121,A6,336500,27121,-0.9,0.7,1995MM04,83.3
27122,A6,336500,27122,-0.6,-0.1,1995MM05,83.2
27123,A6,336500,27123,-0.5,-0.1,1995MM06,83.2
27124,A6,336500,27124,-0.3,0.0,1995MM07,83.2
27125,A6,336500,27125,-0.3,0.0,1995MM08,83.2
27126,A6,336500,27126,-0.2,0.0,1995MM09,83.2
27127,A6,336500,27127,0.4,0.4,1995MM10,83.6
27128,A6,336500,27128,0.4,0.0,1995MM11,83.5
27129,A6,336500,27129,0.5,0.0,1995MM12,83.5
27131,A6,336500,27131,1.0,0.3,1996MM01,83.8
27132,A6,336500,27132,1.2,0.1,1996MM02,83.8
27133,A6,336500,27133,1.4,0.1,1996MM03,83.9
27134,A6,336500,27134,1.0,0.3,1996MM04,84.2
27135,A6,336500,27135,1.1,0.0,1996MM05,84.2
27136,A6,336500,27136,1.2,0.0,1996MM06,84.2
27137,A6,336500,27137,1.5,0.3,1996MM07,84.4
27138,A6,336500,27138,1.5,0.0,1996MM08,84.5
27139,A6,336500,27139,1.5,0.0,1996MM09,84.4
27140,A6,336500,27140,1.1,0.1,1996MM10,84.5
27141,A6,336500,27141,1.2,0.0,1996MM11,84.5
27142,A6,336500,27142,1.1,-0.1,1996MM12,84.4
27144,A6,336500,27144,0.7,-0.1,1997MM01,84.4
27145,A6,336500,27145,0.7,0.1,1997MM02,84.4
27146,A6,336500,27146,0.7,0.0,1997MM03,84.4
27147,A6,336500,27147,1.1,0.7,1997MM04,85.1
27148,A6,336500,27148,1.1,0.0,1997MM05,85.1
27149,A6,336500,27149,1.1,0.0,1997MM06,85.1
27150,A6,336500,27150,0.9,0.1,1997MM07,85.2
27151,A6,336500,27151,0.9,0.0,1997MM08,85.2
27152,A6,336500,27152,0.8,0.0,1997MM09,85.2
27153,A6,336500,27153,0.7,-0.1,1997MM10,85.1
27154,A6,336500,27154,0.8,0.2,1997MM11,85.2
27155,A6,336500,27155,0.9,0.0,1997MM12,85.2
27157,A6,336500,27157,1.8,0.8,1998MM01,85.8
27158,A6,336500,27158,1.7,0.0,1998MM02,85.9
27159,A6,336500,27159,1.7,0.0,1998MM03,85.9
27160,A6,336500,27160,1.2,0.2,1998MM04,86.1
27161,A6,336500,27161,1.1,0.0,1998MM05,86.0
27162,A6,336500,27162,1.1,0.0,1998MM06,86.1
27163,A6,336500,27163,1.4,0.4,1998MM07,86.4
27164,A6,336500,27164,1.5,0.1,1998MM08,86.5
27165,A6,336500,27165,1.5,-0.1,1998MM09,86.4
27166,A6,336500,27166,1.8,0.2,1998MM10,86.6
27167,A6,336500,27167,1.7,0.0,1998MM11,86.6
27168,A6,336500,27168,1.7,0.0,1998MM12,86.6
27170,A6,336500,27170,1.2,0.3,1999MM01,86.8
27171,A6,336500,27171,1.2,0.1,1999MM02,86.9
27172,A6,336500,27172,1.3,0.1,1999MM03,87.0
27173,A6,336500,27173,1.2,0.1,1999MM04,87.1
27174,A6,336500,27174,1.3,0.0,1999MM05,87.1
27175,A6,336500,27175,1.3,0.0,1999MM06,87.2
27176,A6,336500,27176,0.9,0.1,1999MM07,87.2
27177,A6,336500,27177,0.8,0.0,1999MM08,87.2
27178,A6,336500,27178,0.9,0.0,1999MM09,87.2
27179,A6,336500,27179,0.2,-0.5,1999MM10,86.8
27180,A6,336500,27180,0.3,0.1,1999MM11,86.9
27181,A6,336500,27181,0.3,0.0,1999MM12,86.9
27183,A6,336500,27183,0.9,0.9,2000MM01,87.7
27184,A6,336500,27184,1.0,0.1,2000MM02,87.7
27185,A6,336500,27185,0.9,0.0,2000MM03,87.8
27186,A6,336500,27186,1.0,0.2,2000MM04,88.0
27187,A6,336500,27187,1.0,0.1,2000MM05,88.0
27188,A6,336500,27188,0.9,0.0,2000MM06,88.0
27189,A6,336500,27189,1.3,0.4,2000MM07,88.3
27190,A6,336500,27190,1.4,0.1,2000MM08,88.4
27191,A6,336500,27191,1.3,-0.1,2000MM09,88.3
27192,A6,336500,27192,2.1,0.4,2000MM10,88.6
27193,A6,336500,27193,2.1,0.0,2000MM11,88.7
27194,A6,336500,27194,2.0,-0.1,2000MM12,88.6
27196,A6,336500,27196,2.1,1.0,2001MM01,89.5
27197,A6,336500,27197,2.1,0.0,2001MM02,89.5
27198,A6,336500,27198,2.0,0.0,2001MM03,89.5
27199,A6,336500,27199,2.0,0.2,2001MM04,89.7
27200,A6,336500,27200,2.0,0.1,2001MM05,89.7
27201,A6,336500,27201,2.1,0.1,2001MM06,89.8
27202,A6,336500,27202,1.8,0.1,2001MM07,89.9
27203,A6,336500,27203,1.7,-0.1,2001MM08,89.9
27204,A6,336500,27204,1.7,0.0,2001MM09,89.8
27205,A6,336500,27205,1.4,0.1,2001MM10,89.9
27206,A6,336500,27206,1.4,0.0,2001MM11,89.9
27207,A6,336500,27207,1.5,0.0,2001MM12,89.9
27209,A6,336500,27209,1.0,0.5,2002MM01,90.4
27210,A6,336500,27210,1.0,0.0,2002MM02,90.4
27211,A6,336500,27211,1.0,0.0,2002MM03,90.4
27212,A6,336500,27212,1.0,0.2,2002MM04,90.6
27213,A6,336500,27213,0.9,0.0,2002MM05,90.6
27214,A6,336500,27214,0.8,-0.1,2002MM06,90.5
27215,A6,336500,27215,0.7,0.1,2002MM07,90.6
27216,A6,336500,27216,0.8,0.0,2002MM08,90.6
27217,A6,336500,27217,0.9,0.0,2002MM09,90.6
27218,A6,336500,27218,0.9,0.1,2002MM10,90.7
27219,A6,336500,27219,0.9,0.0,2002MM11,90.7
27220,A6,336500,27220,0.9,0.0,2002MM12,90.7
27222,A6,336500,27222,0.8,0.5,2003MM01,91.1
27223,A6,336500,27223,0.7,0.0,2003MM02,91.1
27224,A6,336500,27224,0.7,0.0,2003MM03,91.1
27225,A6,336500,27225,0.6,0.1,2003MM04,91.2
27226,A6,336500,27226,0.6,-0.1,2003MM05,91.1
27227,A6,336500,27227,0.7,0.0,2003MM06,91.1
27228,A6,336500,27228,0.5,0.0,2003MM07,91.1
27229,A6,336500,27229,0.5,0.0,2003MM08,91.1
27230,A6,336500,27230,0.5,0.0,2003MM09,91.1
27231,A6,336500,27231,0.5,0.2,2003MM10,91.2
27232,A6,336500,27232,0.6,0.0,2003MM11,91.2
27233,A6,336500,27233,0.5,-0.1,2003MM12,91.1
27235,A6,336500,27235,-0.1,-0.2,2004MM01,91.0
27236,A6,336500,27236,-0.1,0.0,2004MM02,90.9
27237,A6,336500,27237,-0.1,0.0,2004MM03,90.9
27238,A6,336500,27238,0.2,0.4,2004MM04,91.3
27239,A6,336500,27239,0.4,0.1,2004MM05,91.4
27240,A6,336500,27240,0.4,0.0,2004MM06,91.4
27241,A6,336500,27241,0.8,0.4,2004MM07,91.8
27242,A6,336500,27242,0.9,0.0,2004MM08,91.8
27243,A6,336500,27243,1.0,0.1,2004MM09,92.0
27244,A6,336500,27244,1.2,0.3,2004MM10,92.3
27245,A6,336500,27245,1.2,0.0,2004MM11,92.3
27246,A6,336500,27246,1.2,-0.1,2004MM12,92.3
27248,A6,336500,27248,1.21538461538,-0.05,2005MM01,93.6
27249,A6,336500,27249,1.23076923077,0.0,2005MM02,93.6
27250,A6,336500,27250,1.24615384615,0.0,2005MM03,93.6
27251,A6,336500,27251,1.26153846154,0.2,2005MM04,93.8
27252,A6,336500,27252,1.27692307692,0.2,2005MM05,94.0
27253,A6,336500,27253,1.29230769231,0.2,2005MM06,94.2
27254,A6,336500,27254,1.30769230769,0.0,2005MM07,94.2
27255,A6,336500,27255,1.32307692308,0.0,2005MM08,94.2
27256,A6,336500,27256,1.33846153846,0.0,2005MM09,94.3
27257,A6,336500,27257,1.35384615385,0.2,2005MM10,94.4
27258,A6,336500,27258,1.36923076923,0.0,2005MM11,94.5
27259,A6,336500,27259,1.38461538462,0.1,2005MM12,94.5
27261,A6,336500,27261,1.4,0.4,2006MM01,94.9
27262,A6,336500,27262,1.4,0.0,2006MM02,94.9
27263,A6,336500,27263,1.5,0.1,2006MM03,95.0
27264,A6,336500,27264,1.4,0.2,2006MM04,95.1
27265,A6,336500,27265,1.2,0.0,2006MM05,95.1
27266,A6,336500,27266,1.0,0.1,2006MM06,95.2
27267,A6,336500,27267,1.3,0.3,2006MM07,95.4
27268,A6,336500,27268,1.2,0.0,2006MM08,95.4
27269,A6,336500,27269,1.2,0.0,2006MM09,95.4
27270,A6,336500,27270,1.2,0.2,2006MM10,95.6
27271,A6,336500,27271,1.2,0.0,2006MM11,95.6
27272,A6,336500,27272,1.2,0.0,2006MM12,95.6
27274,A6,336500,27274,2.1,1.3,2007MM01,96.9
27275,A6,336500,27275,2.1,0.0,2007MM02,96.9
27276,A6,336500,27276,2.0,0.0,2007MM03,96.9
27277,A6,336500,27277,2.2,0.3,2007MM04,97.2
27278,A6,336500,27278,2.2,0.0,2007MM05,97.2
27279,A6,336500,27279,2.2,0.0,2007MM06,97.2
27280,A6,336500,27280,2.0,0.1,2007MM07,97.3
27281,A6,336500,27281,2.0,0.0,2007MM08,97.3
27282,A6,336500,27282,2.0,0.0,2007MM09,97.3
27283,A6,336500,27283,1.8,0.0,2007MM10,97.3
27284,A6,336500,27284,1.8,0.0,2007MM11,97.3
27285,A6,336500,27285,1.7,0.0,2007MM12,97.3
27287,A6,336500,27287,0.5,0.1,2008MM01,97.4
27288,A6,336500,27288,0.6,0.1,2008MM02,97.5
27289,A6,336500,27289,0.5,-0.1,2008MM03,97.4
27290,A6,336500,27290,0.4,0.1,2008MM04,97.5
27291,A6,336500,27291,0.4,0.0,2008MM05,97.6
27292,A6,336500,27292,0.4,0.0,2008MM06,97.6
27293,A6,336500,27293,0.5,0.2,2008MM07,97.8
27294,A6,336500,27294,0.5,0.1,2008MM08,97.9
27295,A6,336500,27295,0.6,0.0,2008MM09,97.9
27296,A6,336500,27296,0.7,0.1,2008MM10,98.0
27297,A6,336500,27297,0.7,0.0,2008MM11,97.9
27298,A6,336500,27298,0.6,-0.1,2008MM12,97.8
27300,A6,336500,27300,1.5,1.1,2009MM01,98.9
27301,A6,336500,27301,1.5,0.0,2009MM02,98.9
27302,A6,336500,27302,1.5,-0.1,2009MM03,98.8
27303,A6,336500,27303,1.9,0.6,2009MM04,99.4
27304,A6,336500,27304,1.8,-0.1,2009MM05,99.3
27305,A6,336500,27305,1.8,0.0,2009MM06,99.3
27306,A6,336500,27306,1.3,-0.2,2009MM07,99.1
27307,A6,336500,27307,1.2,0.0,2009MM08,99.1
27308,A6,336500,27308,1.3,0.0,2009MM09,99.1
27309,A6,336500,27309,1.1,0.0,2009MM10,99.1
27310,A6,336500,27310,1.1,0.0,2009MM11,99.1
27311,A6,336500,27311,1.3,0.1,2009MM12,99.1
27313,A6,336500,27313,0.7,0.5,2010MM01,99.6
27314,A6,336500,27314,0.8,0.1,2010MM02,99.7
27315,A6,336500,27315,0.9,0.1,2010MM03,99.7
27316,A6,336500,27316,0.5,0.2,2010MM04,99.9
27317,A6,336500,27317,0.7,0.1,2010MM05,100.0
27318,A6,336500,27318,0.8,0.1,2010MM06,100.1
27319,A6,336500,27319,1.1,0.0,2010MM07,100.1
27320,A6,336500,27320,1.1,0.0,2010MM08,100.2
27321,A6,336500,27321,1.1,0.0,2010MM09,100.2
27322,A6,336500,27322,1.0,-0.1,2010MM10,100.1
27323,A6,336500,27323,1.1,0.1,2010MM11,100.1
27324,A6,336500,27324,1.3,0.3,2010MM12,100.4
27326,A6,336500,27326,1.8,0.9,2011MM01,101.3
27327,A6,336500,27327,1.7,0.0,2011MM02,101.3
27328,A6,336500,27328,1.5,-0.1,2011MM03,101.2
27329,A6,336500,27329,1.4,0.1,2011MM04,101.3
27330,A6,336500,27330,1.3,0.0,2011MM05,101.3
27331,A6,336500,27331,1.3,0.0,2011MM06,101.4
27332,A6,336500,27332,1.3,0.0,2011MM07,101.4
27333,A6,336500,27333,1.2,0.0,2011MM08,101.4
27334,A6,336500,27334,1.3,0.1,2011MM09,101.5
27335,A6,336500,27335,1.5,0.1,2011MM10,101.5
27336,A6,336500,27336,1.4,0.0,2011MM11,101.6
27337,A6,336500,27337,1.2,0.0,2011MM12,101.6
27339,A6,336500,27339,1.1,0.8,2012MM01,102.5
27340,A6,336500,27340,1.1,0.0,2012MM02,102.5
27341,A6,336500,27341,1.2,0.0,2012MM03,102.5
27342,A6,336500,27342,1.3,0.1,2012MM04,102.6
27343,A6,336500,27343,1.3,0.0,2012MM05,102.6
27344,A6,336500,27344,1.3,0.1,2012MM06,102.7
27345,A6,336500,27345,1.8,0.5,2012MM07,103.2
27346,A6,336500,27346,1.8,0.0,2012MM08,103.2
27347,A6,336500,27347,1.7,0.0,2012MM09,103.2
27348,A6,336500,27348,1.7,0.2,2012MM10,103.3
27349,A6,336500,27349,1.7,0.0,2012MM11,103.3
27350,A6,336500,27350,1.7,0.0,2012MM12,103.3
27352,A6,336500,27352,3.6,2.8,2013MM01,106.2
27353,A6,336500,27353,3.6,0.0,2013MM02,106.2
27354,A6,336500,27354,3.7,0.0,2013MM03,106.2
27355,A6,336500,27355,3.3,-0.2,2013MM04,105.9
27356,A6,336500,27356,3.2,0.0,2013MM05,105.9
27357,A6,336500,27357,3.2,0.0,2013MM06,105.9
27358,A6,336500,27358,2.8,0.1,2013MM07,106.1
27359,A6,336500,27359,2.8,0.0,2013MM08,106.1
27360,A6,336500,27360,2.8,0.0,2013MM09,106.0
27361,A6,336500,27361,2.6,0.0,2013MM10,106.0
27362,A6,336500,27362,2.6,0.0,2013MM11,106.0
27363,A6,336500,27363,2.6,0.0,2013MM12,106.0
27365,A6,336500,27365,-0.7,-0.6,2014MM01,105.4
27366,A6,336500,27366,-0.7,0.0,2014MM02,105.4
27367,A6,336500,27367,-0.8,0.0,2014MM03,105.3
27368,A6,336500,27368,-0.4,0.2,2014MM04,105.5
27369,A6,336500,27369,-0.3,0.1,2014MM05,105.6
27370,A6,336500,27370,-0.3,0.0,2014MM06,105.6
27371,A6,336500,27371,-0.4,0.0,2014MM07,105.6
27372,A6,336500,27372,-0.4,0.0,2014MM08,105.6
27373,A6,336500,27373,-0.4,0.0,2014MM09,105.6
27374,A6,336500,27374,-0.3,0.0,2014MM10,105.7
27375,A6,336500,27375,-0.4,-0.1,2014MM11,105.6
27376,A6,336500,27376,-0.4,0.0,2014MM12,105.6
27378,A6,336500,27378,0.5,0.3,2015MM01,105.9
27379,A6,336500,27379,0.5,0.0,2015MM02,105.9
27380,A6,336500,27380,0.7,0.1,2015MM03,106.0
27381,A6,336500,27381,2.9,2.4,2015MM04,108.6
27382,A6,336500,27382,2.8,0.0,2015MM05,108.5
27383,A6,336500,27383,2.7,0.0,2015MM06,108.5
27384,A6,336500,27384,2.9,0.1,2015MM07,108.6
27385,A6,336500,27385,2.8,0.0,2015MM08,108.6
27386,A6,336500,27386,2.8,0.0,2015MM09,108.5
27387,A6,336500,27387,1.7,-1.0,2015MM10,107.5
27388,A6,336500,27388,1.9,0.1,2015MM11,107.6
27389,A6,336500,27389,1.8,-0.1,2015MM12,107.5
27391,A6,336500,27391,1.9,0.4,2016MM01,107.9
27392,A6,336500,27392,1.9,0.0,2016MM02,107.9
27393,A6,336500,27393,1.8,0.0,2016MM03,107.9
27394,A6,336500,27394,-0.5,0.1,2016MM04,108.0
27395,A6,336500,27395,-0.4,0.1,2016MM05,108.0
27396,A6,336500,27396,-0.4,0.1,2016MM06,108.1
27397,A6,336500,27397,-0.5,0.0,2016MM07,108.1
27398,A6,336500,27398,-0.4,0.0,2016MM08,108.1
27399,A6,336500,27399,-0.4,0.0,2016MM09,108.1
27400,A6,336500,27400,-3.0,-3.5,2016MM10,104.2
27401,A6,336500,27401,-3.0,0.1,2016MM11,104.3
27402,A6,336500,27402,-3.0,0.0,2016MM12,104.3
27404,A6,336500,27404,-3.4,-0.1,2017MM01,104.2
27405,A6,336500,27405,-3.4,0.0,2017MM02,104.3
27406,A6,336500,27406,-3.4,0.0,2017MM03,104.3
27407,A6,336500,27407,-3.9,-0.5,2017MM04,103.8
27408,A6,336500,27408,-4.1,-0.1,2017MM05,103.6
27409,A6,336500,27409,-4.2,0.0,2017MM06,103.6
27410,A6,336500,27410,-4.2,-0.1,2017MM07,103.5
27411,A6,336500,27411,-4.2,0.0,2017MM08,103.5
27412,A6,336500,27412,-4.2,0.0,2017MM09,103.5
27413,A6,336500,27413,-0.7,0.0,2017MM10,103.5
27414,A6,336500,27414,-0.7,0.0,2017MM11,103.5
27415,A6,336500,27415,-0.8,0.0,2017MM12,103.5
