,Afzet,BedrijfstakkenBranchesSBI2008,ID,OntwikkelingTOV1JaarEerder_2,OntwikkelingTOV1MaandEerder_3,Perioden,ProducentenprijsindexPPI_1
92352,A5,339200,92352,0.892307692308,-0.05,1981MM01,61.1
92353,A5,339200,92353,0.984615384615,0.0,1981MM02,61.1
92354,A5,339200,92354,1.07692307692,0.0,1981MM03,61.2
92355,A5,339200,92355,1.16923076923,0.2,1981MM04,61.3
92356,A5,339200,92356,1.26153846154,0.0,1981MM05,61.3
92357,A5,339200,92357,1.35384615385,0.0,1981MM06,61.3
92358,A5,339200,92358,1.44615384615,0.4,1981MM07,61.5
92359,A5,339200,92359,1.53846153846,0.0,1981MM08,61.5
92360,A5,339200,92360,1.63076923077,1.8,1981MM09,62.6
92361,A5,339200,92361,1.72307692308,-0.2,1981MM10,62.5
92362,A5,339200,92362,1.81538461538,-0.5,1981MM11,62.2
92363,A5,339200,92363,1.90769230769,-0.1,1981MM12,62.2
92365,A5,339200,92365,2.0,0.3,1982MM01,62.4
92366,A5,339200,92366,2.1,0.1,1982MM02,62.4
92367,A5,339200,92367,2.0,0.0,1982MM03,62.4
92368,A5,339200,92368,8.1,6.1,1982MM04,66.2
92369,A5,339200,92369,8.1,0.0,1982MM05,66.2
92370,A5,339200,92370,7.5,-0.5,1982MM06,65.9
92371,A5,339200,92371,7.3,0.1,1982MM07,66.0
92372,A5,339200,92372,8.4,1.1,1982MM08,66.7
92373,A5,339200,92373,6.2,-0.2,1982MM09,66.5
92374,A5,339200,92374,5.7,-0.7,1982MM10,66.1
92375,A5,339200,92375,6.5,0.3,1982MM11,66.3
92376,A5,339200,92376,6.9,0.2,1982MM12,66.4
92378,A5,339200,92378,9.6,2.9,1983MM01,68.4
92379,A5,339200,92379,9.6,0.0,1983MM02,68.4
92380,A5,339200,92380,9.2,-0.3,1983MM03,68.2
92381,A5,339200,92381,1.8,-1.2,1983MM04,67.4
92382,A5,339200,92382,1.9,0.1,1983MM05,67.4
92383,A5,339200,92383,2.3,0.0,1983MM06,67.4
92384,A5,339200,92384,2.2,0.0,1983MM07,67.5
92385,A5,339200,92385,1.8,0.7,1983MM08,67.9
92386,A5,339200,92386,2.1,0.0,1983MM09,67.9
92387,A5,339200,92387,3.0,0.2,1983MM10,68.1
92388,A5,339200,92388,2.6,-0.1,1983MM11,68.0
92389,A5,339200,92389,2.5,0.1,1983MM12,68.1
92391,A5,339200,92391,2.2,2.7,1984MM01,69.9
92392,A5,339200,92392,2.1,-0.1,1984MM02,69.9
92393,A5,339200,92393,2.5,0.0,1984MM03,69.9
92394,A5,339200,92394,3.8,0.1,1984MM04,69.9
92395,A5,339200,92395,3.8,0.1,1984MM05,70.0
92396,A5,339200,92396,4.6,0.8,1984MM06,70.5
92397,A5,339200,92397,4.7,0.1,1984MM07,70.6
92398,A5,339200,92398,4.1,0.1,1984MM08,70.7
92399,A5,339200,92399,5.0,0.9,1984MM09,71.3
92400,A5,339200,92400,3.8,-0.9,1984MM10,70.7
92401,A5,339200,92401,4.0,0.2,1984MM11,70.8
92402,A5,339200,92402,4.2,0.2,1984MM12,70.9
92404,A5,339200,92404,3.2,1.7,1985MM01,72.1
92405,A5,339200,92405,2.6,-0.7,1985MM02,71.6
92406,A5,339200,92406,2.9,0.3,1985MM03,71.9
92407,A5,339200,92407,3.0,0.2,1985MM04,72.0
92408,A5,339200,92408,3.2,0.3,1985MM05,72.2
92409,A5,339200,92409,2.6,0.2,1985MM06,72.4
92410,A5,339200,92410,2.8,0.2,1985MM07,72.6
92411,A5,339200,92411,3.1,0.4,1985MM08,72.8
92412,A5,339200,92412,2.7,0.5,1985MM09,73.2
92413,A5,339200,92413,3.6,0.0,1985MM10,73.2
92414,A5,339200,92414,3.7,0.3,1985MM11,73.4
92415,A5,339200,92415,3.3,-0.2,1985MM12,73.2
92417,A5,339200,92417,1.5,-0.1,1986MM01,73.2
92418,A5,339200,92418,2.9,0.7,1986MM02,73.7
92419,A5,339200,92419,3.0,0.4,1986MM03,74.0
92420,A5,339200,92420,2.2,-0.5,1986MM04,73.6
92421,A5,339200,92421,1.9,0.0,1986MM05,73.6
92422,A5,339200,92422,1.8,0.1,1986MM06,73.7
92423,A5,339200,92423,1.3,-0.2,1986MM07,73.5
92424,A5,339200,92424,0.9,0.0,1986MM08,73.5
92425,A5,339200,92425,0.6,0.2,1986MM09,73.7
92426,A5,339200,92426,0.3,-0.3,1986MM10,73.4
92427,A5,339200,92427,0.0,0.0,1986MM11,73.4
92428,A5,339200,92428,0.4,0.2,1986MM12,73.6
92430,A5,339200,92430,0.5,0.0,1987MM01,73.6
92431,A5,339200,92431,-0.2,0.0,1987MM02,73.6
92432,A5,339200,92432,-0.6,0.0,1987MM03,73.6
92433,A5,339200,92433,-0.3,-0.3,1987MM04,73.4
92434,A5,339200,92434,-0.4,-0.1,1987MM05,73.3
92435,A5,339200,92435,-0.9,-0.4,1987MM06,73.0
92436,A5,339200,92436,-0.5,0.1,1987MM07,73.1
92437,A5,339200,92437,-0.3,0.2,1987MM08,73.3
92438,A5,339200,92438,-0.5,0.0,1987MM09,73.3
92439,A5,339200,92439,0.0,0.2,1987MM10,73.4
92440,A5,339200,92440,0.6,0.7,1987MM11,73.9
92441,A5,339200,92441,0.7,0.2,1987MM12,74.1
92443,A5,339200,92443,1.2,0.4,1988MM01,74.4
92444,A5,339200,92444,1.1,-0.1,1988MM02,74.3
92445,A5,339200,92445,1.0,0.0,1988MM03,74.3
92446,A5,339200,92446,2.8,1.5,1988MM04,75.4
92447,A5,339200,92447,1.7,-1.1,1988MM05,74.6
92448,A5,339200,92448,2.2,0.1,1988MM06,74.7
92449,A5,339200,92449,2.1,0.0,1988MM07,74.7
92450,A5,339200,92450,2.6,0.6,1988MM08,75.1
92451,A5,339200,92451,2.5,0.0,1988MM09,75.1
92452,A5,339200,92452,2.3,0.0,1988MM10,75.1
92453,A5,339200,92453,1.5,-0.2,1988MM11,75.0
92454,A5,339200,92454,2.4,1.2,1988MM12,75.9
92456,A5,339200,92456,1.8,-0.2,1989MM01,75.7
92457,A5,339200,92457,2.0,0.2,1989MM02,75.8
92458,A5,339200,92458,1.9,-0.1,1989MM03,75.8
92459,A5,339200,92459,0.3,-0.1,1989MM04,75.7
92460,A5,339200,92460,4.3,2.8,1989MM05,77.8
92461,A5,339200,92461,2.7,-1.4,1989MM06,76.7
92462,A5,339200,92462,2.8,0.1,1989MM07,76.8
92463,A5,339200,92463,2.8,0.6,1989MM08,77.3
92464,A5,339200,92464,3.4,0.5,1989MM09,77.7
92465,A5,339200,92465,3.6,0.2,1989MM10,77.8
92466,A5,339200,92466,4.4,0.6,1989MM11,78.3
92467,A5,339200,92467,3.8,0.6,1989MM12,78.8
92469,A5,339200,92469,5.2,1.1,1990MM01,79.6
92470,A5,339200,92470,4.5,-0.5,1990MM02,79.2
92471,A5,339200,92471,4.8,0.3,1990MM03,79.4
92472,A5,339200,92472,4.8,-0.2,1990MM04,79.3
92473,A5,339200,92473,3.4,1.4,1990MM05,80.4
92474,A5,339200,92474,4.4,-0.4,1990MM06,80.1
92475,A5,339200,92475,4.6,0.3,1990MM07,80.3
92476,A5,339200,92476,4.6,0.7,1990MM08,80.8
92477,A5,339200,92477,4.4,0.3,1990MM09,81.1
92478,A5,339200,92478,4.5,0.2,1990MM10,81.3
92479,A5,339200,92479,2.9,-0.9,1990MM11,80.5
92480,A5,339200,92480,2.4,0.2,1990MM12,80.7
92482,A5,339200,92482,1.2,-0.1,1991MM01,80.6
92483,A5,339200,92483,3.7,1.9,1991MM02,82.2
92484,A5,339200,92484,3.4,0.0,1991MM03,82.1
92485,A5,339200,92485,3.2,-0.4,1991MM04,81.8
92486,A5,339200,92486,1.8,0.1,1991MM05,81.9
92487,A5,339200,92487,2.4,0.1,1991MM06,82.0
92488,A5,339200,92488,1.8,-0.3,1991MM07,81.8
92489,A5,339200,92489,0.8,-0.4,1991MM08,81.5
92490,A5,339200,92490,0.5,0.0,1991MM09,81.5
92491,A5,339200,92491,0.6,0.4,1991MM10,81.8
92492,A5,339200,92492,2.1,0.5,1991MM11,82.2
92493,A5,339200,92493,2.2,0.3,1991MM12,82.5
92495,A5,339200,92495,2.4,0.1,1992MM01,82.5
92496,A5,339200,92496,0.5,0.1,1992MM02,82.6
92497,A5,339200,92497,2.8,2.2,1992MM03,84.5
92498,A5,339200,92498,1.4,-1.8,1992MM04,82.9
92499,A5,339200,92499,1.7,0.4,1992MM05,83.3
92500,A5,339200,92500,2.0,0.4,1992MM06,83.7
92501,A5,339200,92501,2.6,0.3,1992MM07,83.9
92502,A5,339200,92502,3.2,0.2,1992MM08,84.1
92503,A5,339200,92503,5.1,1.8,1992MM09,85.6
92504,A5,339200,92504,5.0,0.3,1992MM10,85.9
92505,A5,339200,92505,4.8,0.4,1992MM11,86.2
92506,A5,339200,92506,3.6,-0.9,1992MM12,85.4
92508,A5,339200,92508,2.8,-0.7,1993MM01,84.8
92509,A5,339200,92509,1.9,-0.7,1993MM02,84.2
92510,A5,339200,92510,-1.0,-0.7,1993MM03,83.7
92511,A5,339200,92511,1.9,1.1,1993MM04,84.6
92512,A5,339200,92512,0.3,-1.2,1993MM05,83.5
92513,A5,339200,92513,0.5,0.7,1993MM06,84.1
92514,A5,339200,92514,-0.9,-1.1,1993MM07,83.1
92515,A5,339200,92515,-0.4,0.8,1993MM08,83.8
92516,A5,339200,92516,-1.9,0.3,1993MM09,84.0
92517,A5,339200,92517,-1.9,0.3,1993MM10,84.2
92518,A5,339200,92518,-0.9,1.4,1993MM11,85.4
92519,A5,339200,92519,0.3,0.3,1993MM12,85.7
92521,A5,339200,92521,0.9,-0.1,1994MM01,85.6
92522,A5,339200,92522,1.0,-0.6,1994MM02,85.1
92523,A5,339200,92523,1.9,0.2,1994MM03,85.3
92524,A5,339200,92524,1.4,0.5,1994MM04,85.7
92525,A5,339200,92525,3.2,0.6,1994MM05,86.2
92526,A5,339200,92526,1.9,-0.6,1994MM06,85.7
92527,A5,339200,92527,4.3,1.2,1994MM07,86.7
92528,A5,339200,92528,3.7,0.2,1994MM08,86.9
92529,A5,339200,92529,2.2,-1.2,1994MM09,85.8
92530,A5,339200,92530,2.0,0.1,1994MM10,85.9
92531,A5,339200,92531,0.5,-0.1,1994MM11,85.8
92532,A5,339200,92532,0.2,0.0,1994MM12,85.9
92534,A5,339200,92534,0.4,0.1,1995MM01,85.9
92535,A5,339200,92535,0.5,-0.5,1995MM02,85.5
92536,A5,339200,92536,0.2,0.0,1995MM03,85.5
92537,A5,339200,92537,-0.8,-0.5,1995MM04,85.0
92538,A5,339200,92538,-2.2,-0.9,1995MM05,84.3
92539,A5,339200,92539,-1.0,0.7,1995MM06,84.8
92540,A5,339200,92540,-1.5,0.6,1995MM07,85.4
92541,A5,339200,92541,-1.1,0.6,1995MM08,85.9
92542,A5,339200,92542,0.4,0.2,1995MM09,86.1
92543,A5,339200,92543,0.2,-0.1,1995MM10,86.0
92544,A5,339200,92544,0.6,0.4,1995MM11,86.3
92545,A5,339200,92545,0.7,0.1,1995MM12,86.4
92547,A5,339200,92547,1.3,0.7,1996MM01,87.0
92548,A5,339200,92548,1.8,0.0,1996MM02,87.0
92549,A5,339200,92549,2.0,0.1,1996MM03,87.2
92550,A5,339200,92550,2.8,0.3,1996MM04,87.5
92551,A5,339200,92551,4.0,0.2,1996MM05,87.7
92552,A5,339200,92552,3.5,0.2,1996MM06,87.8
92553,A5,339200,92553,2.6,-0.3,1996MM07,87.6
92554,A5,339200,92554,1.6,-0.3,1996MM08,87.3
92555,A5,339200,92555,1.7,0.3,1996MM09,87.6
92556,A5,339200,92556,2.3,0.5,1996MM10,88.0
92557,A5,339200,92557,2.2,0.3,1996MM11,88.2
92558,A5,339200,92558,2.3,0.2,1996MM12,88.4
92560,A5,339200,92560,2.2,0.7,1997MM01,89.0
92561,A5,339200,92561,2.4,0.1,1997MM02,89.1
92562,A5,339200,92562,2.4,0.1,1997MM03,89.2
92563,A5,339200,92563,2.2,0.1,1997MM04,89.3
92564,A5,339200,92564,1.9,0.0,1997MM05,89.3
92565,A5,339200,92565,1.9,0.2,1997MM06,89.5
92566,A5,339200,92566,2.4,0.2,1997MM07,89.7
92567,A5,339200,92567,2.6,-0.1,1997MM08,89.6
92568,A5,339200,92568,2.1,-0.2,1997MM09,89.4
92569,A5,339200,92569,0.9,-0.8,1997MM10,88.8
92570,A5,339200,92570,0.8,0.2,1997MM11,88.9
92571,A5,339200,92571,0.7,0.1,1997MM12,89.0
92573,A5,339200,92573,1.2,1.2,1998MM01,90.0
92574,A5,339200,92574,1.1,0.0,1998MM02,90.0
92575,A5,339200,92575,1.1,0.2,1998MM03,90.2
92576,A5,339200,92576,0.9,-0.1,1998MM04,90.2
92577,A5,339200,92577,0.6,-0.3,1998MM05,89.9
92578,A5,339200,92578,0.6,0.2,1998MM06,90.0
92579,A5,339200,92579,-0.3,-0.7,1998MM07,89.4
92580,A5,339200,92580,-0.4,-0.1,1998MM08,89.3
92581,A5,339200,92581,-0.4,-0.2,1998MM09,89.1
92582,A5,339200,92582,-0.3,-0.6,1998MM10,88.5
92583,A5,339200,92583,-0.3,0.1,1998MM11,88.6
92584,A5,339200,92584,-0.5,-0.1,1998MM12,88.6
92586,A5,339200,92586,-2.6,-1.0,1999MM01,87.7
92587,A5,339200,92587,-2.4,0.3,1999MM02,87.9
92588,A5,339200,92588,-2.2,0.4,1999MM03,88.2
92589,A5,339200,92589,-2.1,0.0,1999MM04,88.3
92590,A5,339200,92590,-1.7,0.2,1999MM05,88.4
92591,A5,339200,92591,-1.6,0.2,1999MM06,88.6
92592,A5,339200,92592,1.7,2.7,1999MM07,90.9
92593,A5,339200,92593,1.7,-0.1,1999MM08,90.8
92594,A5,339200,92594,2.3,0.3,1999MM09,91.1
92595,A5,339200,92595,2.9,0.0,1999MM10,91.1
92596,A5,339200,92596,3.0,0.1,1999MM11,91.2
92597,A5,339200,92597,3.2,0.2,1999MM12,91.4
92599,A5,339200,92599,3.5,-0.7,2000MM01,90.7
92600,A5,339200,92600,3.3,0.1,2000MM02,90.8
92601,A5,339200,92601,3.0,0.1,2000MM03,90.9
92602,A5,339200,92602,3.4,0.4,2000MM04,91.3
92603,A5,339200,92603,3.2,0.0,2000MM05,91.2
92604,A5,339200,92604,2.4,-0.6,2000MM06,90.7
92605,A5,339200,92605,-0.7,-0.5,2000MM07,90.3
92606,A5,339200,92606,-0.3,0.4,2000MM08,90.6
92607,A5,339200,92607,-0.5,0.0,2000MM09,90.6
92608,A5,339200,92608,-0.1,0.5,2000MM10,91.0
92609,A5,339200,92609,-0.4,-0.2,2000MM11,90.8
92610,A5,339200,92610,-0.8,-0.3,2000MM12,90.6
92612,A5,339200,92612,-0.7,-0.6,2001MM01,90.1
92613,A5,339200,92613,-0.8,0.1,2001MM02,90.1
92614,A5,339200,92614,-0.8,0.1,2001MM03,90.2
92615,A5,339200,92615,-1.1,0.1,2001MM04,90.3
92616,A5,339200,92616,-0.9,0.2,2001MM05,90.4
92617,A5,339200,92617,-0.1,0.1,2001MM06,90.6
92618,A5,339200,92618,-0.5,-0.8,2001MM07,89.8
92619,A5,339200,92619,-1.2,-0.3,2001MM08,89.5
92620,A5,339200,92620,-1.2,0.0,2001MM09,89.5
92621,A5,339200,92621,-1.7,0.0,2001MM10,89.5
92622,A5,339200,92622,-1.3,0.1,2001MM11,89.7
92623,A5,339200,92623,-1.1,0.0,2001MM12,89.6
92625,A5,339200,92625,0.5,1.0,2002MM01,90.5
92626,A5,339200,92626,0.6,0.1,2002MM02,90.6
92627,A5,339200,92627,0.4,-0.1,2002MM03,90.5
92628,A5,339200,92628,0.3,0.1,2002MM04,90.6
92629,A5,339200,92629,-0.1,-0.3,2002MM05,90.3
92630,A5,339200,92630,-0.6,-0.3,2002MM06,90.1
92631,A5,339200,92631,1.0,0.8,2002MM07,90.8
92632,A5,339200,92632,1.4,0.0,2002MM08,90.8
92633,A5,339200,92633,1.5,0.1,2002MM09,90.9
92634,A5,339200,92634,1.5,0.0,2002MM10,90.9
92635,A5,339200,92635,1.2,-0.1,2002MM11,90.7
92636,A5,339200,92636,1.1,-0.1,2002MM12,90.6
92638,A5,339200,92638,0.5,0.3,2003MM01,90.9
92639,A5,339200,92639,0.1,-0.2,2003MM02,90.7
92640,A5,339200,92640,0.0,-0.2,2003MM03,90.6
92641,A5,339200,92641,0.1,0.2,2003MM04,90.7
92642,A5,339200,92642,0.0,-0.4,2003MM05,90.3
92643,A5,339200,92643,0.5,0.2,2003MM06,90.5
92644,A5,339200,92644,0.2,0.5,2003MM07,91.0
92645,A5,339200,92645,0.3,0.0,2003MM08,91.0
92646,A5,339200,92646,0.2,0.0,2003MM09,91.0
92647,A5,339200,92647,0.2,0.0,2003MM10,91.1
92648,A5,339200,92648,0.4,0.0,2003MM11,91.1
92649,A5,339200,92649,0.3,-0.2,2003MM12,90.9
92651,A5,339200,92651,4.7,4.7,2004MM01,95.2
92652,A5,339200,92652,5.1,0.2,2004MM02,95.4
92653,A5,339200,92653,5.5,0.1,2004MM03,95.5
92654,A5,339200,92654,5.2,-0.1,2004MM04,95.4
92655,A5,339200,92655,5.5,-0.1,2004MM05,95.3
92656,A5,339200,92656,5.4,0.1,2004MM06,95.4
92657,A5,339200,92657,5.1,0.2,2004MM07,95.6
92658,A5,339200,92658,4.9,-0.1,2004MM08,95.5
92659,A5,339200,92659,4.5,-0.4,2004MM09,95.1
92660,A5,339200,92660,4.0,-0.5,2004MM10,94.7
92661,A5,339200,92661,3.6,-0.3,2004MM11,94.4
92662,A5,339200,92662,3.9,0.0,2004MM12,94.4
92664,A5,339200,92664,3.8,0.1,2005MM01,94.6
92665,A5,339200,92665,3.7,0.2,2005MM02,94.8
92666,A5,339200,92666,3.6,0.0,2005MM03,94.7
92667,A5,339200,92667,3.5,0.8,2005MM04,95.5
92668,A5,339200,92668,3.4,0.0,2005MM05,95.5
92669,A5,339200,92669,3.3,0.6,2005MM06,96.1
92670,A5,339200,92670,3.2,-0.3,2005MM07,95.8
92671,A5,339200,92671,3.1,0.1,2005MM08,96.0
92672,A5,339200,92672,3.0,0.2,2005MM09,96.2
92673,A5,339200,92673,2.9,0.1,2005MM10,96.3
92674,A5,339200,92674,2.8,0.1,2005MM11,96.4
92675,A5,339200,92675,2.7,0.1,2005MM12,96.4
92677,A5,339200,92677,2.6,0.6,2006MM01,97.0
92678,A5,339200,92678,2.6,0.2,2006MM02,97.2
92679,A5,339200,92679,2.5,-0.1,2006MM03,97.1
92680,A5,339200,92680,4.1,2.4,2006MM04,99.5
92681,A5,339200,92681,4.4,0.3,2006MM05,99.7
92682,A5,339200,92682,3.3,-0.5,2006MM06,99.2
92683,A5,339200,92683,3.4,-0.1,2006MM07,99.1
92684,A5,339200,92684,3.8,0.5,2006MM08,99.6
92685,A5,339200,92685,3.3,-0.2,2006MM09,99.4
92686,A5,339200,92686,3.0,-0.2,2006MM10,99.2
92687,A5,339200,92687,3.1,0.2,2006MM11,99.3
92688,A5,339200,92688,2.9,-0.1,2006MM12,99.2
92690,A5,339200,92690,2.2,0.0,2007MM01,99.2
92691,A5,339200,92691,2.3,0.2,2007MM02,99.4
92692,A5,339200,92692,2.4,0.1,2007MM03,99.5
92693,A5,339200,92693,0.2,0.2,2007MM04,99.7
92694,A5,339200,92694,0.2,0.2,2007MM05,99.9
92695,A5,339200,92695,0.9,0.2,2007MM06,100.1
92696,A5,339200,92696,1.0,0.0,2007MM07,100.1
92697,A5,339200,92697,0.6,0.1,2007MM08,100.1
92698,A5,339200,92698,0.9,0.1,2007MM09,100.2
92699,A5,339200,92699,1.3,0.1,2007MM10,100.4
92700,A5,339200,92700,0.9,-0.2,2007MM11,100.2
92701,A5,339200,92701,0.9,-0.1,2007MM12,100.1
92703,A5,339200,92703,1.3,0.4,2008MM01,100.5
92704,A5,339200,92704,1.6,0.5,2008MM02,101.0
92705,A5,339200,92705,1.6,0.0,2008MM03,101.0
92706,A5,339200,92706,2.1,0.7,2008MM04,101.8
92707,A5,339200,92707,2.3,0.5,2008MM05,102.2
92708,A5,339200,92708,2.0,-0.1,2008MM06,102.1
92709,A5,339200,92709,2.8,0.7,2008MM07,102.8
92710,A5,339200,92710,2.7,0.1,2008MM08,102.9
92711,A5,339200,92711,2.5,-0.1,2008MM09,102.8
92712,A5,339200,92712,2.4,0.0,2008MM10,102.8
92713,A5,339200,92713,2.5,0.0,2008MM11,102.7
92714,A5,339200,92714,2.2,-0.4,2008MM12,102.4
92716,A5,339200,92716,-0.7,-2.5,2009MM01,99.8
92717,A5,339200,92717,-1.2,0.0,2009MM02,99.8
92718,A5,339200,92718,-1.5,-0.2,2009MM03,99.5
92719,A5,339200,92719,-2.2,0.0,2009MM04,99.6
92720,A5,339200,92720,-2.9,-0.3,2009MM05,99.2
92721,A5,339200,92721,-3.4,-0.6,2009MM06,98.6
92722,A5,339200,92722,-5.0,-0.9,2009MM07,97.7
92723,A5,339200,92723,-5.0,0.1,2009MM08,97.7
92724,A5,339200,92724,-4.9,0.0,2009MM09,97.7
92725,A5,339200,92725,-4.4,0.6,2009MM10,98.3
92726,A5,339200,92726,-4.3,0.0,2009MM11,98.3
92727,A5,339200,92727,-3.8,0.2,2009MM12,98.5
92729,A5,339200,92729,-0.8,0.5,2010MM01,98.9
92730,A5,339200,92730,-0.4,0.4,2010MM02,99.4
92731,A5,339200,92731,0.0,0.2,2010MM03,99.6
92732,A5,339200,92732,0.1,0.1,2010MM04,99.7
92733,A5,339200,92733,0.7,0.3,2010MM05,100.0
92734,A5,339200,92734,1.5,0.1,2010MM06,100.1
92735,A5,339200,92735,2.3,-0.2,2010MM07,99.9
92736,A5,339200,92736,2.5,0.3,2010MM08,100.2
92737,A5,339200,92737,2.8,0.2,2010MM09,100.4
92738,A5,339200,92738,2.3,0.1,2010MM10,100.5
92739,A5,339200,92739,2.3,0.0,2010MM11,100.6
92740,A5,339200,92740,2.2,0.1,2010MM12,100.7
92742,A5,339200,92742,2.2,0.5,2011MM01,101.2
92743,A5,339200,92743,2.1,0.3,2011MM02,101.4
92744,A5,339200,92744,1.8,-0.1,2011MM03,101.4
92745,A5,339200,92745,1.9,0.2,2011MM04,101.6
92746,A5,339200,92746,1.7,0.2,2011MM05,101.7
92747,A5,339200,92747,1.3,-0.3,2011MM06,101.4
92748,A5,339200,92748,1.8,0.3,2011MM07,101.7
92749,A5,339200,92749,1.7,0.2,2011MM08,101.9
92750,A5,339200,92750,1.2,-0.3,2011MM09,101.6
92751,A5,339200,92751,1.0,0.0,2011MM10,101.6
92752,A5,339200,92752,0.9,-0.1,2011MM11,101.4
92753,A5,339200,92753,0.8,0.0,2011MM12,101.4
92755,A5,339200,92755,1.4,1.1,2012MM01,102.6
92756,A5,339200,92756,1.1,0.0,2012MM02,102.5
92757,A5,339200,92757,1.6,0.4,2012MM03,103.0
92758,A5,339200,92758,1.3,0.0,2012MM04,102.9
92759,A5,339200,92759,1.0,-0.2,2012MM05,102.7
92760,A5,339200,92760,1.4,0.1,2012MM06,102.8
92761,A5,339200,92761,1.1,0.0,2012MM07,102.9
92762,A5,339200,92762,0.8,-0.1,2012MM08,102.8
92763,A5,339200,92763,1.2,0.1,2012MM09,102.9
92764,A5,339200,92764,1.5,0.3,2012MM10,103.1
92765,A5,339200,92765,1.8,0.1,2012MM11,103.3
92766,A5,339200,92766,1.6,-0.1,2012MM12,103.1
92768,A5,339200,92768,0.8,0.2,2013MM01,103.4
92769,A5,339200,92769,1.5,0.7,2013MM02,104.1
92770,A5,339200,92770,1.1,0.0,2013MM03,104.1
92771,A5,339200,92771,1.3,0.2,2013MM04,104.2
92772,A5,339200,92772,1.1,-0.4,2013MM05,103.9
92773,A5,339200,92773,1.1,0.0,2013MM06,103.9
92774,A5,339200,92774,1.1,0.0,2013MM07,104.0
92775,A5,339200,92775,0.5,-0.6,2013MM08,103.3
92776,A5,339200,92776,0.2,-0.2,2013MM09,103.1
92777,A5,339200,92777,-0.2,-0.2,2013MM10,102.9
92778,A5,339200,92778,-0.2,0.1,2013MM11,103.0
92779,A5,339200,92779,-0.1,0.0,2013MM12,103.0
92781,A5,339200,92781,-0.2,0.1,2014MM01,103.1
92782,A5,339200,92782,-0.9,0.0,2014MM02,103.1
92783,A5,339200,92783,-1.0,-0.1,2014MM03,103.0
92784,A5,339200,92784,-1.6,-0.5,2014MM04,102.5
92785,A5,339200,92785,-1.4,-0.1,2014MM05,102.4
92786,A5,339200,92786,-1.3,0.2,2014MM06,102.6
92787,A5,339200,92787,-0.3,1.0,2014MM07,103.6
92788,A5,339200,92788,0.2,-0.1,2014MM08,103.5
92789,A5,339200,92789,0.5,0.1,2014MM09,103.6
92790,A5,339200,92790,0.8,0.2,2014MM10,103.8
92791,A5,339200,92791,0.5,-0.2,2014MM11,103.6
92792,A5,339200,92792,0.4,-0.2,2014MM12,103.4
92794,A5,339200,92794,0.4,0.1,2015MM01,103.6
92795,A5,339200,92795,2.1,1.7,2015MM02,105.3
92796,A5,339200,92796,2.3,0.2,2015MM03,105.5
92797,A5,339200,92797,3.0,0.2,2015MM04,105.6
92798,A5,339200,92798,2.9,-0.3,2015MM05,105.3
92799,A5,339200,92799,2.4,-0.3,2015MM06,105.1
92800,A5,339200,92800,1.6,0.2,2015MM07,105.3
92801,A5,339200,92801,1.5,-0.2,2015MM08,105.1
92802,A5,339200,92802,1.3,-0.2,2015MM09,104.9
92803,A5,339200,92803,1.1,0.0,2015MM10,104.9
92804,A5,339200,92804,2.0,0.7,2015MM11,105.7
92805,A5,339200,92805,1.6,-0.6,2015MM12,105.0
92807,A5,339200,92807,0.8,-0.6,2016MM01,104.4
92808,A5,339200,92808,-0.3,0.6,2016MM02,105.0
92809,A5,339200,92809,-0.4,0.1,2016MM03,105.1
92810,A5,339200,92810,-0.5,0.1,2016MM04,105.1
92811,A5,339200,92811,-0.2,0.0,2016MM05,105.1
92812,A5,339200,92812,-0.1,-0.2,2016MM06,104.9
92813,A5,339200,92813,-0.5,-0.1,2016MM07,104.8
92814,A5,339200,92814,0.4,0.6,2016MM08,105.5
92815,A5,339200,92815,0.4,-0.1,2016MM09,105.4
92816,A5,339200,92816,0.6,0.1,2016MM10,105.5
92817,A5,339200,92817,0.1,0.2,2016MM11,105.7
92818,A5,339200,92818,0.9,0.2,2016MM12,105.9
92820,A5,339200,92820,0.8,-0.7,2017MM01,105.2
92821,A5,339200,92821,0.6,0.4,2017MM02,105.6
92822,A5,339200,92822,1.9,1.4,2017MM03,107.0
92823,A5,339200,92823,2.0,0.2,2017MM04,107.3
92824,A5,339200,92824,1.8,-0.2,2017MM05,107.0
92825,A5,339200,92825,2.0,-0.1,2017MM06,107.0
92826,A5,339200,92826,1.8,-0.2,2017MM07,106.7
92827,A5,339200,92827,0.9,-0.2,2017MM08,106.5
92828,A5,339200,92828,1.2,0.1,2017MM09,106.6
92829,A5,339200,92829,1.4,0.3,2017MM10,106.9
92830,A5,339200,92830,1.4,0.3,2017MM11,107.3
92831,A5,339200,92831,1.2,-0.1,2017MM12,107.1
