,Afzet,BedrijfstakkenBranchesSBI2008,ID,OntwikkelingTOV1JaarEerder_2,OntwikkelingTOV1MaandEerder_3,Perioden,ProducentenprijsindexPPI_1
91871,A5,339205,91871,0.705315614618,-0.0989655172414,1981MM01,109.25017301
91872,A5,339205,91872,0.710631229236,-0.0979310344828,1981MM02,109.200346021
91873,A5,339205,91873,0.715946843854,-0.0968965517241,1981MM03,109.150519031
91874,A5,339205,91874,0.721262458472,-0.0958620689655,1981MM04,109.100692042
91875,A5,339205,91875,0.72657807309,-0.0948275862069,1981MM05,109.050865052
91876,A5,339205,91876,0.731893687708,-0.0937931034483,1981MM06,109.001038062
91877,A5,339205,91877,0.737209302326,-0.0927586206897,1981MM07,108.951211073
91878,A5,339205,91878,0.742524916944,-0.091724137931,1981MM08,108.901384083
91879,A5,339205,91879,0.747840531561,-0.0906896551724,1981MM09,108.851557093
91880,A5,339205,91880,0.753156146179,-0.0896551724138,1981MM10,108.801730104
91881,A5,339205,91881,0.758471760797,-0.0886206896552,1981MM11,108.751903114
91882,A5,339205,91882,0.763787375415,-0.0875862068966,1981MM12,108.702076125
91884,A5,339205,91884,0.769102990033,-0.0865517241379,1982MM01,108.652249135
91885,A5,339205,91885,0.774418604651,-0.0855172413793,1982MM02,108.602422145
91886,A5,339205,91886,0.779734219269,-0.0844827586207,1982MM03,108.552595156
91887,A5,339205,91887,0.785049833887,-0.0834482758621,1982MM04,108.502768166
91888,A5,339205,91888,0.790365448505,-0.0824137931034,1982MM05,108.452941176
91889,A5,339205,91889,0.795681063123,-0.0813793103448,1982MM06,108.403114187
91890,A5,339205,91890,0.800996677741,-0.0803448275862,1982MM07,108.353287197
91891,A5,339205,91891,0.806312292359,-0.0793103448276,1982MM08,108.303460208
91892,A5,339205,91892,0.811627906977,-0.078275862069,1982MM09,108.253633218
91893,A5,339205,91893,0.816943521595,-0.0772413793103,1982MM10,108.203806228
91894,A5,339205,91894,0.822259136213,-0.0762068965517,1982MM11,108.153979239
91895,A5,339205,91895,0.827574750831,-0.0751724137931,1982MM12,108.104152249
91897,A5,339205,91897,0.832890365449,-0.0741379310345,1983MM01,108.05432526
91898,A5,339205,91898,0.838205980066,-0.0731034482759,1983MM02,108.00449827
91899,A5,339205,91899,0.843521594684,-0.0720689655172,1983MM03,107.95467128
91900,A5,339205,91900,0.848837209302,-0.0710344827586,1983MM04,107.904844291
91901,A5,339205,91901,0.85415282392,-0.07,1983MM05,107.855017301
91902,A5,339205,91902,0.859468438538,-0.0689655172414,1983MM06,107.805190311
91903,A5,339205,91903,0.864784053156,-0.0679310344828,1983MM07,107.755363322
91904,A5,339205,91904,0.870099667774,-0.0668965517241,1983MM08,107.705536332
91905,A5,339205,91905,0.875415282392,-0.0658620689655,1983MM09,107.655709343
91906,A5,339205,91906,0.88073089701,-0.0648275862069,1983MM10,107.605882353
91907,A5,339205,91907,0.886046511628,-0.0637931034483,1983MM11,107.556055363
91908,A5,339205,91908,0.891362126246,-0.0627586206897,1983MM12,107.506228374
91910,A5,339205,91910,0.896677740864,-0.061724137931,1984MM01,107.456401384
91911,A5,339205,91911,0.901993355482,-0.0606896551724,1984MM02,107.406574394
91912,A5,339205,91912,0.9073089701,-0.0596551724138,1984MM03,107.356747405
91913,A5,339205,91913,0.912624584718,-0.0586206896552,1984MM04,107.306920415
91914,A5,339205,91914,0.917940199336,-0.0575862068966,1984MM05,107.257093426
91915,A5,339205,91915,0.923255813953,-0.0565517241379,1984MM06,107.207266436
91916,A5,339205,91916,0.928571428571,-0.0555172413793,1984MM07,107.157439446
91917,A5,339205,91917,0.933887043189,-0.0544827586207,1984MM08,107.107612457
91918,A5,339205,91918,0.939202657807,-0.0534482758621,1984MM09,107.057785467
91919,A5,339205,91919,0.944518272425,-0.0524137931034,1984MM10,107.007958478
91920,A5,339205,91920,0.949833887043,-0.0513793103448,1984MM11,106.958131488
91921,A5,339205,91921,0.955149501661,-0.0503448275862,1984MM12,106.908304498
91923,A5,339205,91923,0.960465116279,-0.0493103448276,1985MM01,106.858477509
91924,A5,339205,91924,0.965780730897,-0.048275862069,1985MM02,106.808650519
91925,A5,339205,91925,0.971096345515,-0.0472413793103,1985MM03,106.758823529
91926,A5,339205,91926,0.976411960133,-0.0462068965517,1985MM04,106.70899654
91927,A5,339205,91927,0.981727574751,-0.0451724137931,1985MM05,106.65916955
91928,A5,339205,91928,0.987043189369,-0.0441379310345,1985MM06,106.609342561
91929,A5,339205,91929,0.992358803987,-0.0431034482759,1985MM07,106.559515571
91930,A5,339205,91930,0.997674418605,-0.0420689655172,1985MM08,106.509688581
91931,A5,339205,91931,1.00299003322,-0.0410344827586,1985MM09,106.459861592
91932,A5,339205,91932,1.00830564784,-0.04,1985MM10,106.410034602
91933,A5,339205,91933,1.01362126246,-0.0389655172414,1985MM11,106.360207612
91934,A5,339205,91934,1.01893687708,-0.0379310344828,1985MM12,106.310380623
91936,A5,339205,91936,1.02425249169,-0.0368965517241,1986MM01,106.260553633
91937,A5,339205,91937,1.02956810631,-0.0358620689655,1986MM02,106.210726644
91938,A5,339205,91938,1.03488372093,-0.0348275862069,1986MM03,106.160899654
91939,A5,339205,91939,1.04019933555,-0.0337931034483,1986MM04,106.111072664
91940,A5,339205,91940,1.04551495017,-0.0327586206897,1986MM05,106.061245675
91941,A5,339205,91941,1.05083056478,-0.031724137931,1986MM06,106.011418685
91942,A5,339205,91942,1.0561461794,-0.0306896551724,1986MM07,105.961591696
91943,A5,339205,91943,1.06146179402,-0.0296551724138,1986MM08,105.911764706
91944,A5,339205,91944,1.06677740864,-0.0286206896552,1986MM09,105.861937716
91945,A5,339205,91945,1.07209302326,-0.0275862068966,1986MM10,105.812110727
91946,A5,339205,91946,1.07740863787,-0.0265517241379,1986MM11,105.762283737
91947,A5,339205,91947,1.08272425249,-0.0255172413793,1986MM12,105.712456747
91949,A5,339205,91949,1.08803986711,-0.0244827586207,1987MM01,105.662629758
91950,A5,339205,91950,1.09335548173,-0.0234482758621,1987MM02,105.612802768
91951,A5,339205,91951,1.09867109635,-0.0224137931034,1987MM03,105.562975779
91952,A5,339205,91952,1.10398671096,-0.0213793103448,1987MM04,105.513148789
91953,A5,339205,91953,1.10930232558,-0.0203448275862,1987MM05,105.463321799
91954,A5,339205,91954,1.1146179402,-0.0193103448276,1987MM06,105.41349481
91955,A5,339205,91955,1.11993355482,-0.018275862069,1987MM07,105.36366782
91956,A5,339205,91956,1.12524916944,-0.0172413793103,1987MM08,105.31384083
91957,A5,339205,91957,1.13056478405,-0.0162068965517,1987MM09,105.264013841
91958,A5,339205,91958,1.13588039867,-0.0151724137931,1987MM10,105.214186851
91959,A5,339205,91959,1.14119601329,-0.0141379310345,1987MM11,105.164359862
91960,A5,339205,91960,1.14651162791,-0.0131034482759,1987MM12,105.114532872
91962,A5,339205,91962,1.15182724252,-0.0120689655172,1988MM01,105.064705882
91963,A5,339205,91963,1.15714285714,-0.0110344827586,1988MM02,105.014878893
91964,A5,339205,91964,1.16245847176,-0.01,1988MM03,104.965051903
91965,A5,339205,91965,1.16777408638,-0.00896551724138,1988MM04,104.915224913
91966,A5,339205,91966,1.173089701,-0.00793103448276,1988MM05,104.865397924
91967,A5,339205,91967,1.17840531561,-0.00689655172414,1988MM06,104.815570934
91968,A5,339205,91968,1.18372093023,-0.00586206896552,1988MM07,104.765743945
91969,A5,339205,91969,1.18903654485,-0.0048275862069,1988MM08,104.715916955
91970,A5,339205,91970,1.19435215947,-0.00379310344828,1988MM09,104.666089965
91971,A5,339205,91971,1.19966777409,-0.00275862068966,1988MM10,104.616262976
91972,A5,339205,91972,1.2049833887,-0.00172413793103,1988MM11,104.566435986
91973,A5,339205,91973,1.21029900332,-0.000689655172414,1988MM12,104.516608997
91975,A5,339205,91975,1.21561461794,0.000344827586207,1989MM01,104.466782007
91976,A5,339205,91976,1.22093023256,0.00137931034483,1989MM02,104.416955017
91977,A5,339205,91977,1.22624584718,0.00241379310345,1989MM03,104.367128028
91978,A5,339205,91978,1.23156146179,0.00344827586207,1989MM04,104.317301038
91979,A5,339205,91979,1.23687707641,0.00448275862069,1989MM05,104.267474048
91980,A5,339205,91980,1.24219269103,0.00551724137931,1989MM06,104.217647059
91981,A5,339205,91981,1.24750830565,0.00655172413793,1989MM07,104.167820069
91982,A5,339205,91982,1.25282392027,0.00758620689655,1989MM08,104.11799308
91983,A5,339205,91983,1.25813953488,0.00862068965517,1989MM09,104.06816609
91984,A5,339205,91984,1.2634551495,0.00965517241379,1989MM10,104.0183391
91985,A5,339205,91985,1.26877076412,0.0106896551724,1989MM11,103.968512111
91986,A5,339205,91986,1.27408637874,0.011724137931,1989MM12,103.918685121
91988,A5,339205,91988,1.27940199336,0.0127586206897,1990MM01,103.868858131
91989,A5,339205,91989,1.28471760797,0.0137931034483,1990MM02,103.819031142
91990,A5,339205,91990,1.29003322259,0.0148275862069,1990MM03,103.769204152
91991,A5,339205,91991,1.29534883721,0.0158620689655,1990MM04,103.719377163
91992,A5,339205,91992,1.30066445183,0.0168965517241,1990MM05,103.669550173
91993,A5,339205,91993,1.30598006645,0.0179310344828,1990MM06,103.619723183
91994,A5,339205,91994,1.31129568106,0.0189655172414,1990MM07,103.569896194
91995,A5,339205,91995,1.31661129568,0.02,1990MM08,103.520069204
91996,A5,339205,91996,1.3219269103,0.0210344827586,1990MM09,103.470242215
91997,A5,339205,91997,1.32724252492,0.0220689655172,1990MM10,103.420415225
91998,A5,339205,91998,1.33255813953,0.0231034482759,1990MM11,103.370588235
91999,A5,339205,91999,1.33787375415,0.0241379310345,1990MM12,103.320761246
92001,A5,339205,92001,1.34318936877,0.0251724137931,1991MM01,103.270934256
92002,A5,339205,92002,1.34850498339,0.0262068965517,1991MM02,103.221107266
92003,A5,339205,92003,1.35382059801,0.0272413793103,1991MM03,103.171280277
92004,A5,339205,92004,1.35913621262,0.028275862069,1991MM04,103.121453287
92005,A5,339205,92005,1.36445182724,0.0293103448276,1991MM05,103.071626298
92006,A5,339205,92006,1.36976744186,0.0303448275862,1991MM06,103.021799308
92007,A5,339205,92007,1.37508305648,0.0313793103448,1991MM07,102.971972318
92008,A5,339205,92008,1.3803986711,0.0324137931034,1991MM08,102.922145329
92009,A5,339205,92009,1.38571428571,0.0334482758621,1991MM09,102.872318339
92010,A5,339205,92010,1.39102990033,0.0344827586207,1991MM10,102.822491349
92011,A5,339205,92011,1.39634551495,0.0355172413793,1991MM11,102.77266436
92012,A5,339205,92012,1.40166112957,0.0365517241379,1991MM12,102.72283737
92014,A5,339205,92014,1.40697674419,0.0375862068966,1992MM01,102.673010381
92015,A5,339205,92015,1.4122923588,0.0386206896552,1992MM02,102.623183391
92016,A5,339205,92016,1.41760797342,0.0396551724138,1992MM03,102.573356401
92017,A5,339205,92017,1.42292358804,0.0406896551724,1992MM04,102.523529412
92018,A5,339205,92018,1.42823920266,0.041724137931,1992MM05,102.473702422
92019,A5,339205,92019,1.43355481728,0.0427586206897,1992MM06,102.423875433
92020,A5,339205,92020,1.43887043189,0.0437931034483,1992MM07,102.374048443
92021,A5,339205,92021,1.44418604651,0.0448275862069,1992MM08,102.324221453
92022,A5,339205,92022,1.44950166113,0.0458620689655,1992MM09,102.274394464
92023,A5,339205,92023,1.45481727575,0.0468965517241,1992MM10,102.224567474
92024,A5,339205,92024,1.46013289037,0.0479310344828,1992MM11,102.174740484
92025,A5,339205,92025,1.46544850498,0.0489655172414,1992MM12,102.124913495
92027,A5,339205,92027,1.4707641196,0.05,1993MM01,102.075086505
92028,A5,339205,92028,1.47607973422,0.0510344827586,1993MM02,102.025259516
92029,A5,339205,92029,1.48139534884,0.0520689655172,1993MM03,101.975432526
92030,A5,339205,92030,1.48671096346,0.0531034482759,1993MM04,101.925605536
92031,A5,339205,92031,1.49202657807,0.0541379310345,1993MM05,101.875778547
92032,A5,339205,92032,1.49734219269,0.0551724137931,1993MM06,101.825951557
92033,A5,339205,92033,1.50265780731,0.0562068965517,1993MM07,101.776124567
92034,A5,339205,92034,1.50797342193,0.0572413793103,1993MM08,101.726297578
92035,A5,339205,92035,1.51328903654,0.058275862069,1993MM09,101.676470588
92036,A5,339205,92036,1.51860465116,0.0593103448276,1993MM10,101.626643599
92037,A5,339205,92037,1.52392026578,0.0603448275862,1993MM11,101.576816609
92038,A5,339205,92038,1.5292358804,0.0613793103448,1993MM12,101.526989619
92040,A5,339205,92040,1.53455149502,0.0624137931034,1994MM01,101.47716263
92041,A5,339205,92041,1.53986710963,0.0634482758621,1994MM02,101.42733564
92042,A5,339205,92042,1.54518272425,0.0644827586207,1994MM03,101.377508651
92043,A5,339205,92043,1.55049833887,0.0655172413793,1994MM04,101.327681661
92044,A5,339205,92044,1.55581395349,0.0665517241379,1994MM05,101.277854671
92045,A5,339205,92045,1.56112956811,0.0675862068966,1994MM06,101.228027682
92046,A5,339205,92046,1.56644518272,0.0686206896552,1994MM07,101.178200692
92047,A5,339205,92047,1.57176079734,0.0696551724138,1994MM08,101.128373702
92048,A5,339205,92048,1.57707641196,0.0706896551724,1994MM09,101.078546713
92049,A5,339205,92049,1.58239202658,0.071724137931,1994MM10,101.028719723
92050,A5,339205,92050,1.5877076412,0.0727586206897,1994MM11,100.978892734
92051,A5,339205,92051,1.59302325581,0.0737931034483,1994MM12,100.929065744
92053,A5,339205,92053,1.59833887043,0.0748275862069,1995MM01,100.879238754
92054,A5,339205,92054,1.60365448505,0.0758620689655,1995MM02,100.829411765
92055,A5,339205,92055,1.60897009967,0.0768965517241,1995MM03,100.779584775
92056,A5,339205,92056,1.61428571429,0.0779310344828,1995MM04,100.729757785
92057,A5,339205,92057,1.6196013289,0.0789655172414,1995MM05,100.679930796
92058,A5,339205,92058,1.62491694352,0.08,1995MM06,100.630103806
92059,A5,339205,92059,1.63023255814,0.0810344827586,1995MM07,100.580276817
92060,A5,339205,92060,1.63554817276,0.0820689655172,1995MM08,100.530449827
92061,A5,339205,92061,1.64086378738,0.0831034482759,1995MM09,100.480622837
92062,A5,339205,92062,1.64617940199,0.0841379310345,1995MM10,100.430795848
92063,A5,339205,92063,1.65149501661,0.0851724137931,1995MM11,100.380968858
92064,A5,339205,92064,1.65681063123,0.0862068965517,1995MM12,100.331141869
92066,A5,339205,92066,1.66212624585,0.0872413793103,1996MM01,100.281314879
92067,A5,339205,92067,1.66744186047,0.088275862069,1996MM02,100.231487889
92068,A5,339205,92068,1.67275747508,0.0893103448276,1996MM03,100.1816609
92069,A5,339205,92069,1.6780730897,0.0903448275862,1996MM04,100.13183391
92070,A5,339205,92070,1.68338870432,0.0913793103448,1996MM05,100.08200692
92071,A5,339205,92071,1.68870431894,0.0924137931034,1996MM06,100.032179931
92072,A5,339205,92072,1.69401993355,0.0934482758621,1996MM07,99.9823529412
92073,A5,339205,92073,1.69933554817,0.0944827586207,1996MM08,99.9325259516
92074,A5,339205,92074,1.70465116279,0.0955172413793,1996MM09,99.8826989619
92075,A5,339205,92075,1.70996677741,0.0965517241379,1996MM10,99.8328719723
92076,A5,339205,92076,1.71528239203,0.0975862068966,1996MM11,99.7830449827
92077,A5,339205,92077,1.72059800664,0.0986206896552,1996MM12,99.7332179931
92079,A5,339205,92079,1.72591362126,0.0996551724138,1997MM01,99.6833910035
92080,A5,339205,92080,1.73122923588,0.100689655172,1997MM02,99.6335640138
92081,A5,339205,92081,1.7365448505,0.101724137931,1997MM03,99.5837370242
92082,A5,339205,92082,1.74186046512,0.10275862069,1997MM04,99.5339100346
92083,A5,339205,92083,1.74717607973,0.103793103448,1997MM05,99.484083045
92084,A5,339205,92084,1.75249169435,0.104827586207,1997MM06,99.4342560554
92085,A5,339205,92085,1.75780730897,0.105862068966,1997MM07,99.3844290657
92086,A5,339205,92086,1.76312292359,0.106896551724,1997MM08,99.3346020761
92087,A5,339205,92087,1.76843853821,0.107931034483,1997MM09,99.2847750865
92088,A5,339205,92088,1.77375415282,0.108965517241,1997MM10,99.2349480969
92089,A5,339205,92089,1.77906976744,0.11,1997MM11,99.1851211073
92090,A5,339205,92090,1.78438538206,0.111034482759,1997MM12,99.1352941176
92092,A5,339205,92092,1.78970099668,0.112068965517,1998MM01,99.085467128
92093,A5,339205,92093,1.7950166113,0.113103448276,1998MM02,99.0356401384
92094,A5,339205,92094,1.80033222591,0.114137931034,1998MM03,98.9858131488
92095,A5,339205,92095,1.80564784053,0.115172413793,1998MM04,98.9359861592
92096,A5,339205,92096,1.81096345515,0.116206896552,1998MM05,98.8861591696
92097,A5,339205,92097,1.81627906977,0.11724137931,1998MM06,98.8363321799
92098,A5,339205,92098,1.82159468439,0.118275862069,1998MM07,98.7865051903
92099,A5,339205,92099,1.826910299,0.119310344828,1998MM08,98.7366782007
92100,A5,339205,92100,1.83222591362,0.120344827586,1998MM09,98.6868512111
92101,A5,339205,92101,1.83754152824,0.121379310345,1998MM10,98.6370242215
92102,A5,339205,92102,1.84285714286,0.122413793103,1998MM11,98.5871972318
92103,A5,339205,92103,1.84817275748,0.123448275862,1998MM12,98.5373702422
92105,A5,339205,92105,1.85348837209,0.124482758621,1999MM01,98.4875432526
92106,A5,339205,92106,1.85880398671,0.125517241379,1999MM02,98.437716263
92107,A5,339205,92107,1.86411960133,0.126551724138,1999MM03,98.3878892734
92108,A5,339205,92108,1.86943521595,0.127586206897,1999MM04,98.3380622837
92109,A5,339205,92109,1.87475083056,0.128620689655,1999MM05,98.2882352941
92110,A5,339205,92110,1.88006644518,0.129655172414,1999MM06,98.2384083045
92111,A5,339205,92111,1.8853820598,0.130689655172,1999MM07,98.1885813149
92112,A5,339205,92112,1.89069767442,0.131724137931,1999MM08,98.1387543253
92113,A5,339205,92113,1.89601328904,0.13275862069,1999MM09,98.0889273356
92114,A5,339205,92114,1.90132890365,0.133793103448,1999MM10,98.039100346
92115,A5,339205,92115,1.90664451827,0.134827586207,1999MM11,97.9892733564
92116,A5,339205,92116,1.91196013289,0.135862068966,1999MM12,97.9394463668
92118,A5,339205,92118,1.91727574751,0.136896551724,2000MM01,97.8896193772
92119,A5,339205,92119,1.92259136213,0.137931034483,2000MM02,97.8397923875
92120,A5,339205,92120,1.92790697674,0.138965517241,2000MM03,97.7899653979
92121,A5,339205,92121,1.93322259136,0.14,2000MM04,97.7401384083
92122,A5,339205,92122,1.93853820598,0.141034482759,2000MM05,97.6903114187
92123,A5,339205,92123,1.9438538206,0.142068965517,2000MM06,97.6404844291
92124,A5,339205,92124,1.94916943522,0.143103448276,2000MM07,97.5906574394
92125,A5,339205,92125,1.95448504983,0.144137931034,2000MM08,97.5408304498
92126,A5,339205,92126,1.95980066445,0.145172413793,2000MM09,97.4910034602
92127,A5,339205,92127,1.96511627907,0.146206896552,2000MM10,97.4411764706
92128,A5,339205,92128,1.97043189369,0.14724137931,2000MM11,97.391349481
92129,A5,339205,92129,1.97574750831,0.148275862069,2000MM12,97.3415224913
92131,A5,339205,92131,1.98106312292,0.149310344828,2001MM01,97.2916955017
92132,A5,339205,92132,1.98637873754,0.150344827586,2001MM02,97.2418685121
92133,A5,339205,92133,1.99169435216,0.151379310345,2001MM03,97.1920415225
92134,A5,339205,92134,1.99700996678,0.152413793103,2001MM04,97.1422145329
92135,A5,339205,92135,2.0023255814,0.153448275862,2001MM05,97.0923875433
92136,A5,339205,92136,2.00764119601,0.154482758621,2001MM06,97.0425605536
92137,A5,339205,92137,2.01295681063,0.155517241379,2001MM07,96.992733564
92138,A5,339205,92138,2.01827242525,0.156551724138,2001MM08,96.9429065744
92139,A5,339205,92139,2.02358803987,0.157586206897,2001MM09,96.8930795848
92140,A5,339205,92140,2.02890365449,0.158620689655,2001MM10,96.8432525952
92141,A5,339205,92141,2.0342192691,0.159655172414,2001MM11,96.7934256055
92142,A5,339205,92142,2.03953488372,0.160689655172,2001MM12,96.7435986159
92144,A5,339205,92144,2.04485049834,0.161724137931,2002MM01,96.6937716263
92145,A5,339205,92145,2.05016611296,0.16275862069,2002MM02,96.6439446367
92146,A5,339205,92146,2.05548172757,0.163793103448,2002MM03,96.5941176471
92147,A5,339205,92147,2.06079734219,0.164827586207,2002MM04,96.5442906574
92148,A5,339205,92148,2.06611295681,0.165862068966,2002MM05,96.4944636678
92149,A5,339205,92149,2.07142857143,0.166896551724,2002MM06,96.4446366782
92150,A5,339205,92150,2.07674418605,0.167931034483,2002MM07,96.3948096886
92151,A5,339205,92151,2.08205980066,0.168965517241,2002MM08,96.344982699
92152,A5,339205,92152,2.08737541528,0.17,2002MM09,96.2951557093
92153,A5,339205,92153,2.0926910299,0.171034482759,2002MM10,96.2453287197
92154,A5,339205,92154,2.09800664452,0.172068965517,2002MM11,96.1955017301
92155,A5,339205,92155,2.10332225914,0.173103448276,2002MM12,96.1456747405
92157,A5,339205,92157,2.10863787375,0.174137931034,2003MM01,96.0958477509
92158,A5,339205,92158,2.11395348837,0.175172413793,2003MM02,96.0460207612
92159,A5,339205,92159,2.11926910299,0.176206896552,2003MM03,95.9961937716
92160,A5,339205,92160,2.12458471761,0.17724137931,2003MM04,95.946366782
92161,A5,339205,92161,2.12990033223,0.178275862069,2003MM05,95.8965397924
92162,A5,339205,92162,2.13521594684,0.179310344828,2003MM06,95.8467128028
92163,A5,339205,92163,2.14053156146,0.180344827586,2003MM07,95.7968858131
92164,A5,339205,92164,2.14584717608,0.181379310345,2003MM08,95.7470588235
92165,A5,339205,92165,2.1511627907,0.182413793103,2003MM09,95.6972318339
92166,A5,339205,92166,2.15647840532,0.183448275862,2003MM10,95.6474048443
92167,A5,339205,92167,2.16179401993,0.184482758621,2003MM11,95.5975778547
92168,A5,339205,92168,2.16710963455,0.185517241379,2003MM12,95.5477508651
92170,A5,339205,92170,2.17242524917,0.186551724138,2004MM01,95.4979238754
92171,A5,339205,92171,2.17774086379,0.187586206897,2004MM02,95.4480968858
92172,A5,339205,92172,2.18305647841,0.188620689655,2004MM03,95.3982698962
92173,A5,339205,92173,2.18837209302,0.189655172414,2004MM04,95.3484429066
92174,A5,339205,92174,2.19368770764,0.190689655172,2004MM05,95.298615917
92175,A5,339205,92175,2.19900332226,0.191724137931,2004MM06,95.2487889273
92176,A5,339205,92176,2.20431893688,0.19275862069,2004MM07,95.1989619377
92177,A5,339205,92177,2.2096345515,0.193793103448,2004MM08,95.1491349481
92178,A5,339205,92178,2.21495016611,0.194827586207,2004MM09,95.0993079585
92179,A5,339205,92179,2.22026578073,0.195862068966,2004MM10,95.0494809689
92180,A5,339205,92180,2.22558139535,0.196896551724,2004MM11,94.9996539792
92181,A5,339205,92181,2.23089700997,0.197931034483,2004MM12,94.9498269896
92183,A5,339205,92183,2.23621262458,0.198965517241,2005MM01,94.9
92184,A5,339205,92184,2.2415282392,0.2,2005MM02,95.0
92185,A5,339205,92185,2.24684385382,0.0,2005MM03,95.0
92186,A5,339205,92186,2.25215946844,0.7,2005MM04,95.6
92187,A5,339205,92187,2.25747508306,0.0,2005MM05,95.7
92188,A5,339205,92188,2.26279069767,0.5,2005MM06,96.2
92189,A5,339205,92189,2.26810631229,-0.2,2005MM07,95.9
92190,A5,339205,92190,2.27342192691,0.1,2005MM08,96.1
92191,A5,339205,92191,2.27873754153,0.2,2005MM09,96.2
92192,A5,339205,92192,2.28405315615,0.1,2005MM10,96.3
92193,A5,339205,92193,2.28936877076,0.1,2005MM11,96.5
92194,A5,339205,92194,2.29468438538,0.1,2005MM12,96.5
92196,A5,339205,92196,2.3,0.6,2006MM01,97.0
92197,A5,339205,92197,2.3,0.1,2006MM02,97.2
92198,A5,339205,92198,2.2,-0.1,2006MM03,97.1
92199,A5,339205,92199,3.8,2.2,2006MM04,99.3
92200,A5,339205,92200,4.0,0.3,2006MM05,99.5
92201,A5,339205,92201,3.0,-0.5,2006MM06,99.1
92202,A5,339205,92202,3.1,-0.1,2006MM07,98.9
92203,A5,339205,92203,3.4,0.4,2006MM08,99.4
92204,A5,339205,92204,3.1,-0.2,2006MM09,99.2
92205,A5,339205,92205,2.7,-0.2,2006MM10,98.9
92206,A5,339205,92206,2.8,0.2,2006MM11,99.1
92207,A5,339205,92207,2.6,-0.1,2006MM12,99.0
92209,A5,339205,92209,2.1,0.1,2007MM01,99.0
92210,A5,339205,92210,2.1,0.2,2007MM02,99.2
92211,A5,339205,92211,2.2,0.0,2007MM03,99.3
92212,A5,339205,92212,0.3,0.3,2007MM04,99.6
92213,A5,339205,92213,0.3,0.2,2007MM05,99.8
92214,A5,339205,92214,0.9,0.2,2007MM06,100.0
92215,A5,339205,92215,1.0,0.0,2007MM07,100.0
92216,A5,339205,92216,0.7,0.1,2007MM08,100.0
92217,A5,339205,92217,1.0,0.1,2007MM09,100.2
92218,A5,339205,92218,1.3,0.1,2007MM10,100.3
92219,A5,339205,92219,1.0,-0.2,2007MM11,100.1
92220,A5,339205,92220,1.0,-0.1,2007MM12,100.0
92222,A5,339205,92222,1.3,0.4,2008MM01,100.4
92223,A5,339205,92223,1.6,0.5,2008MM02,100.9
92224,A5,339205,92224,1.6,0.0,2008MM03,100.9
92225,A5,339205,92225,1.9,0.7,2008MM04,101.5
92226,A5,339205,92226,2.2,0.4,2008MM05,101.9
92227,A5,339205,92227,1.9,-0.1,2008MM06,101.8
92228,A5,339205,92228,2.5,0.7,2008MM07,102.5
92229,A5,339205,92229,2.5,0.1,2008MM08,102.6
92230,A5,339205,92230,2.3,-0.1,2008MM09,102.5
92231,A5,339205,92231,2.3,0.0,2008MM10,102.6
92232,A5,339205,92232,2.4,0.0,2008MM11,102.5
92233,A5,339205,92233,2.2,-0.3,2008MM12,102.2
92235,A5,339205,92235,-0.6,-2.3,2009MM01,99.8
92236,A5,339205,92236,-1.1,0.0,2009MM02,99.8
92237,A5,339205,92237,-1.3,-0.2,2009MM03,99.6
92238,A5,339205,92238,-1.9,0.1,2009MM04,99.6
92239,A5,339205,92239,-2.6,-0.3,2009MM05,99.3
92240,A5,339205,92240,-3.0,-0.6,2009MM06,98.7
92241,A5,339205,92241,-4.5,-0.9,2009MM07,97.9
92242,A5,339205,92242,-4.5,0.1,2009MM08,98.0
92243,A5,339205,92243,-4.4,0.0,2009MM09,97.9
92244,A5,339205,92244,-4.0,0.5,2009MM10,98.4
92245,A5,339205,92245,-4.0,0.0,2009MM11,98.4
92246,A5,339205,92246,-3.5,0.1,2009MM12,98.6
92248,A5,339205,92248,-0.8,0.4,2010MM01,99.0
92249,A5,339205,92249,-0.4,0.4,2010MM02,99.4
92250,A5,339205,92250,0.0,0.2,2010MM03,99.6
92251,A5,339205,92251,0.1,0.1,2010MM04,99.7
92252,A5,339205,92252,0.6,0.3,2010MM05,99.9
92253,A5,339205,92253,1.3,0.1,2010MM06,100.0
92254,A5,339205,92254,2.1,-0.1,2010MM07,99.9
92255,A5,339205,92255,2.2,0.3,2010MM08,100.2
92256,A5,339205,92256,2.5,0.3,2010MM09,100.4
92257,A5,339205,92257,2.2,0.2,2010MM10,100.6
92258,A5,339205,92258,2.2,0.0,2010MM11,100.6
92259,A5,339205,92259,2.1,0.1,2010MM12,100.7
92261,A5,339205,92261,2.2,0.5,2011MM01,101.2
92262,A5,339205,92262,2.1,0.2,2011MM02,101.5
92263,A5,339205,92263,1.8,-0.1,2011MM03,101.4
92264,A5,339205,92264,1.9,0.1,2011MM04,101.5
92265,A5,339205,92265,1.8,0.1,2011MM05,101.7
92266,A5,339205,92266,1.3,-0.3,2011MM06,101.4
92267,A5,339205,92267,1.8,0.3,2011MM07,101.7
92268,A5,339205,92268,1.8,0.2,2011MM08,101.9
92269,A5,339205,92269,1.2,-0.3,2011MM09,101.6
92270,A5,339205,92270,1.0,-0.1,2011MM10,101.6
92271,A5,339205,92271,0.8,-0.1,2011MM11,101.4
92272,A5,339205,92272,0.7,0.0,2011MM12,101.4
92274,A5,339205,92274,1.3,1.1,2012MM01,102.6
92275,A5,339205,92275,1.0,0.0,2012MM02,102.5
92276,A5,339205,92276,1.5,0.4,2012MM03,102.9
92277,A5,339205,92277,1.3,-0.1,2012MM04,102.9
92278,A5,339205,92278,1.0,-0.1,2012MM05,102.7
92279,A5,339205,92279,1.4,0.1,2012MM06,102.8
92280,A5,339205,92280,1.1,0.1,2012MM07,102.8
92281,A5,339205,92281,0.8,-0.1,2012MM08,102.8
92282,A5,339205,92282,1.2,0.1,2012MM09,102.9
92283,A5,339205,92283,1.7,0.4,2012MM10,103.2
92284,A5,339205,92284,1.9,0.1,2012MM11,103.3
92285,A5,339205,92285,1.8,-0.1,2012MM12,103.2
92287,A5,339205,92287,0.9,0.3,2013MM01,103.5
92288,A5,339205,92288,1.6,0.7,2013MM02,104.2
92289,A5,339205,92289,1.2,0.0,2013MM03,104.2
92290,A5,339205,92290,1.4,0.1,2013MM04,104.3
92291,A5,339205,92291,1.2,-0.3,2013MM05,104.0
92292,A5,339205,92292,1.2,0.0,2013MM06,104.0
92293,A5,339205,92293,1.2,0.1,2013MM07,104.1
92294,A5,339205,92294,0.7,-0.6,2013MM08,103.5
92295,A5,339205,92295,0.4,-0.2,2013MM09,103.3
92296,A5,339205,92296,-0.2,-0.2,2013MM10,103.1
92297,A5,339205,92297,-0.2,0.1,2013MM11,103.2
92298,A5,339205,92298,-0.1,0.0,2013MM12,103.2
92300,A5,339205,92300,-0.1,0.2,2014MM01,103.4
92301,A5,339205,92301,-0.8,0.0,2014MM02,103.4
92302,A5,339205,92302,-0.8,-0.1,2014MM03,103.3
92303,A5,339205,92303,-1.4,-0.4,2014MM04,102.8
92304,A5,339205,92304,-1.2,-0.1,2014MM05,102.7
92305,A5,339205,92305,-1.1,0.2,2014MM06,102.9
92306,A5,339205,92306,-0.2,1.0,2014MM07,103.9
92307,A5,339205,92307,0.3,-0.1,2014MM08,103.8
92308,A5,339205,92308,0.5,0.0,2014MM09,103.8
92309,A5,339205,92309,0.9,0.1,2014MM10,104.0
92310,A5,339205,92310,0.6,-0.2,2014MM11,103.8
92311,A5,339205,92311,0.4,-0.1,2014MM12,103.6
92313,A5,339205,92313,0.4,0.2,2015MM01,103.8
92314,A5,339205,92314,1.9,1.5,2015MM02,105.4
92315,A5,339205,92315,2.2,0.2,2015MM03,105.5
92316,A5,339205,92316,3.0,0.4,2015MM04,106.0
92317,A5,339205,92317,2.9,-0.3,2015MM05,105.7
92318,A5,339205,92318,2.5,-0.3,2015MM06,105.4
92319,A5,339205,92319,1.7,0.2,2015MM07,105.6
92320,A5,339205,92320,1.6,-0.2,2015MM08,105.5
92321,A5,339205,92321,1.4,-0.1,2015MM09,105.3
92322,A5,339205,92322,1.5,0.2,2015MM10,105.5
92323,A5,339205,92323,2.4,0.7,2015MM11,106.3
92324,A5,339205,92324,2.0,-0.6,2015MM12,105.7
92326,A5,339205,92326,1.1,-0.7,2016MM01,105.0
92327,A5,339205,92327,0.1,0.5,2016MM02,105.5
92328,A5,339205,92328,0.1,0.1,2016MM03,105.6
92329,A5,339205,92329,0.0,0.4,2016MM04,106.0
92330,A5,339205,92330,0.3,0.0,2016MM05,106.0
92331,A5,339205,92331,0.3,-0.2,2016MM06,105.8
92332,A5,339205,92332,0.1,-0.1,2016MM07,105.7
92333,A5,339205,92333,0.8,0.6,2016MM08,106.3
92334,A5,339205,92334,0.8,-0.1,2016MM09,106.2
92335,A5,339205,92335,0.7,0.1,2016MM10,106.3
92336,A5,339205,92336,0.2,0.2,2016MM11,106.5
92337,A5,339205,92337,0.9,0.1,2016MM12,106.7
92339,A5,339205,92339,1.0,-0.6,2017MM01,106.0
92340,A5,339205,92340,0.8,0.3,2017MM02,106.3
92341,A5,339205,92341,2.0,1.2,2017MM03,107.7
92342,A5,339205,92342,1.8,0.2,2017MM04,107.9
92343,A5,339205,92343,1.6,-0.2,2017MM05,107.7
92344,A5,339205,92344,1.7,-0.1,2017MM06,107.6
92345,A5,339205,92345,1.6,-0.2,2017MM07,107.4
92346,A5,339205,92346,0.8,-0.2,2017MM08,107.1
92347,A5,339205,92347,1.0,0.1,2017MM09,107.3
92348,A5,339205,92348,1.2,0.3,2017MM10,107.6
92349,A5,339205,92349,1.3,0.3,2017MM11,107.9
92350,A5,339205,92350,1.0,-0.1,2017MM12,107.8
