,Afzet,BedrijfstakkenBranchesSBI2008,ID,OntwikkelingTOV1JaarEerder_2,OntwikkelingTOV1MaandEerder_3,Perioden,ProducentenprijsindexPPI_1
27729,A6,339205,27729,,,2005MM01,92.7
27730,A6,339205,27730,,0.1,2005MM02,92.8
27731,A6,339205,27731,,0.0,2005MM03,92.8
27732,A6,339205,27732,,0.6,2005MM04,93.3
27733,A6,339205,27733,,0.0,2005MM05,93.4
27734,A6,339205,27734,,0.5,2005MM06,93.9
27735,A6,339205,27735,,-0.2,2005MM07,93.7
27736,A6,339205,27736,,0.1,2005MM08,93.8
27737,A6,339205,27737,,0.2,2005MM09,94.0
27738,A6,339205,27738,,0.2,2005MM10,94.2
27739,A6,339205,27739,,0.1,2005MM11,94.3
27740,A6,339205,27740,,0.1,2005MM12,94.3
27742,A6,339205,27742,2.5,0.7,2006MM01,95.0
27743,A6,339205,27743,2.5,0.2,2006MM02,95.2
27744,A6,339205,27744,2.4,-0.1,2006MM03,95.0
27745,A6,339205,27745,3.5,1.6,2006MM04,96.6
27746,A6,339205,27746,3.7,0.2,2006MM05,96.8
27747,A6,339205,27747,2.8,-0.4,2006MM06,96.5
27748,A6,339205,27748,2.9,0.0,2006MM07,96.5
27749,A6,339205,27749,3.1,0.3,2006MM08,96.8
27750,A6,339205,27750,2.8,-0.2,2006MM09,96.6
27751,A6,339205,27751,2.5,-0.1,2006MM10,96.5
27752,A6,339205,27752,2.6,0.2,2006MM11,96.7
27753,A6,339205,27753,2.4,-0.1,2006MM12,96.6
27755,A6,339205,27755,1.9,0.2,2007MM01,96.8
27756,A6,339205,27756,1.9,0.2,2007MM02,97.0
27757,A6,339205,27757,2.0,0.0,2007MM03,97.0
27758,A6,339205,27758,0.7,0.3,2007MM04,97.3
27759,A6,339205,27759,0.6,0.1,2007MM05,97.4
27760,A6,339205,27760,1.1,0.1,2007MM06,97.5
27761,A6,339205,27761,1.2,0.1,2007MM07,97.6
27762,A6,339205,27762,0.9,0.1,2007MM08,97.7
27763,A6,339205,27763,1.2,0.1,2007MM09,97.8
27764,A6,339205,27764,1.4,0.0,2007MM10,97.9
27765,A6,339205,27765,1.1,-0.1,2007MM11,97.8
27766,A6,339205,27766,1.1,-0.1,2007MM12,97.7
27768,A6,339205,27768,1.6,0.7,2008MM01,98.4
27769,A6,339205,27769,1.9,0.4,2008MM02,98.8
27770,A6,339205,27770,1.9,0.0,2008MM03,98.8
27771,A6,339205,27771,2.3,0.8,2008MM04,99.5
27772,A6,339205,27772,2.5,0.3,2008MM05,99.8
27773,A6,339205,27773,2.3,0.0,2008MM06,99.8
27774,A6,339205,27774,2.7,0.5,2008MM07,100.3
27775,A6,339205,27775,2.6,-0.1,2008MM08,100.2
27776,A6,339205,27776,2.4,0.0,2008MM09,100.2
27777,A6,339205,27777,2.5,0.1,2008MM10,100.3
27778,A6,339205,27778,2.5,-0.1,2008MM11,100.2
27779,A6,339205,27779,2.4,-0.2,2008MM12,100.0
27781,A6,339205,27781,0.4,-1.2,2009MM01,98.8
27782,A6,339205,27782,0.1,0.1,2009MM02,98.9
27783,A6,339205,27783,-0.1,-0.2,2009MM03,98.7
27784,A6,339205,27784,-0.7,0.2,2009MM04,98.9
27785,A6,339205,27785,-1.2,-0.2,2009MM05,98.6
27786,A6,339205,27786,-1.6,-0.4,2009MM06,98.2
27787,A6,339205,27787,-2.6,-0.6,2009MM07,97.6
27788,A6,339205,27788,-2.5,0.1,2009MM08,97.7
27789,A6,339205,27789,-2.5,0.0,2009MM09,97.7
27790,A6,339205,27790,-2.1,0.4,2009MM10,98.1
27791,A6,339205,27791,-2.0,0.1,2009MM11,98.2
27792,A6,339205,27792,-1.7,0.1,2009MM12,98.3
27794,A6,339205,27794,-0.2,0.4,2010MM01,98.7
27795,A6,339205,27795,0.0,0.3,2010MM02,99.0
27796,A6,339205,27796,0.4,0.1,2010MM03,99.1
27797,A6,339205,27797,0.9,0.6,2010MM04,99.7
27798,A6,339205,27798,1.4,0.3,2010MM05,100.0
27799,A6,339205,27799,2.0,0.1,2010MM06,100.2
27800,A6,339205,27800,2.5,-0.1,2010MM07,100.1
27801,A6,339205,27801,2.7,0.2,2010MM08,100.3
27802,A6,339205,27802,2.9,0.2,2010MM09,100.5
27803,A6,339205,27803,2.6,0.1,2010MM10,100.7
27804,A6,339205,27804,2.6,0.1,2010MM11,100.8
27805,A6,339205,27805,2.6,0.1,2010MM12,100.9
27807,A6,339205,27807,2.8,0.5,2011MM01,101.4
27808,A6,339205,27808,2.6,0.2,2011MM02,101.6
27809,A6,339205,27809,2.5,0.0,2011MM03,101.6
27810,A6,339205,27810,2.4,0.6,2011MM04,102.1
27811,A6,339205,27811,2.2,0.1,2011MM05,102.3
27812,A6,339205,27812,1.9,-0.2,2011MM06,102.1
27813,A6,339205,27813,2.3,0.3,2011MM07,102.4
27814,A6,339205,27814,2.4,0.3,2011MM08,102.7
27815,A6,339205,27815,2.1,-0.1,2011MM09,102.6
27816,A6,339205,27816,1.6,-0.4,2011MM10,102.3
27817,A6,339205,27817,1.5,0.0,2011MM11,102.3
27818,A6,339205,27818,1.3,0.0,2011MM12,102.2
27820,A6,339205,27820,1.7,0.9,2012MM01,103.2
27821,A6,339205,27821,1.6,0.0,2012MM02,103.2
27822,A6,339205,27822,1.8,0.2,2012MM03,103.4
27823,A6,339205,27823,1.5,0.2,2012MM04,103.6
27824,A6,339205,27824,1.2,-0.1,2012MM05,103.5
27825,A6,339205,27825,1.4,0.0,2012MM06,103.5
27826,A6,339205,27826,1.2,0.1,2012MM07,103.6
27827,A6,339205,27827,0.8,0.0,2012MM08,103.6
27828,A6,339205,27828,1.1,0.1,2012MM09,103.8
27829,A6,339205,27829,1.8,0.3,2012MM10,104.1
27830,A6,339205,27830,1.9,0.1,2012MM11,104.2
27831,A6,339205,27831,1.7,-0.2,2012MM12,104.0
27833,A6,339205,27833,1.2,0.3,2013MM01,104.4
27834,A6,339205,27834,1.5,0.4,2013MM02,104.8
27835,A6,339205,27835,1.5,0.1,2013MM03,104.9
27836,A6,339205,27836,1.3,0.0,2013MM04,105.0
27837,A6,339205,27837,1.1,-0.3,2013MM05,104.6
27838,A6,339205,27838,1.0,-0.1,2013MM06,104.6
27839,A6,339205,27839,0.9,0.0,2013MM07,104.6
27840,A6,339205,27840,0.6,-0.4,2013MM08,104.2
27841,A6,339205,27841,0.3,-0.1,2013MM09,104.1
27842,A6,339205,27842,-0.3,-0.3,2013MM10,103.8
27843,A6,339205,27843,-0.3,0.1,2013MM11,103.9
27844,A6,339205,27844,-0.2,-0.1,2013MM12,103.8
27846,A6,339205,27846,-0.3,0.3,2014MM01,104.0
27847,A6,339205,27847,-0.6,0.1,2014MM02,104.1
27848,A6,339205,27848,-0.8,0.0,2014MM03,104.1
27849,A6,339205,27849,-1.1,-0.3,2014MM04,103.8
27850,A6,339205,27850,-0.9,-0.1,2014MM05,103.7
27851,A6,339205,27851,-0.7,0.1,2014MM06,103.8
27852,A6,339205,27852,0.0,0.8,2014MM07,104.6
27853,A6,339205,27853,0.3,-0.1,2014MM08,104.5
27854,A6,339205,27854,0.4,0.0,2014MM09,104.5
27855,A6,339205,27855,0.8,0.2,2014MM10,104.7
27856,A6,339205,27856,0.6,-0.2,2014MM11,104.5
27857,A6,339205,27857,0.7,-0.1,2014MM12,104.5
27859,A6,339205,27859,0.7,0.2,2015MM01,104.7
27860,A6,339205,27860,1.7,1.1,2015MM02,105.9
27861,A6,339205,27861,1.9,0.1,2015MM03,106.0
27862,A6,339205,27862,2.7,0.5,2015MM04,106.6
27863,A6,339205,27863,2.6,-0.2,2015MM05,106.3
27864,A6,339205,27864,2.2,-0.2,2015MM06,106.1
27865,A6,339205,27865,1.3,-0.1,2015MM07,106.0
27866,A6,339205,27866,1.2,-0.2,2015MM08,105.8
27867,A6,339205,27867,1.2,0.0,2015MM09,105.8
27868,A6,339205,27868,1.2,0.2,2015MM10,106.0
27869,A6,339205,27869,1.9,0.4,2015MM11,106.6
27870,A6,339205,27870,1.5,-0.5,2015MM12,106.1
27872,A6,339205,27872,1.0,-0.3,2016MM01,105.8
27873,A6,339205,27873,0.3,0.4,2016MM02,106.2
27874,A6,339205,27874,0.3,0.1,2016MM03,106.4
27875,A6,339205,27875,0.1,0.3,2016MM04,106.6
27876,A6,339205,27876,0.3,0.0,2016MM05,106.6
27877,A6,339205,27877,0.4,-0.1,2016MM06,106.5
27878,A6,339205,27878,0.6,0.1,2016MM07,106.6
27879,A6,339205,27879,1.1,0.4,2016MM08,107.0
27880,A6,339205,27880,1.1,-0.1,2016MM09,106.9
27881,A6,339205,27881,0.9,0.1,2016MM10,107.0
27882,A6,339205,27882,0.6,0.2,2016MM11,107.2
27883,A6,339205,27883,1.1,0.0,2016MM12,107.2
27885,A6,339205,27885,1.0,-0.3,2017MM01,106.9
27886,A6,339205,27886,0.9,0.3,2017MM02,107.2
27887,A6,339205,27887,1.6,0.9,2017MM03,108.1
27888,A6,339205,27888,1.7,0.3,2017MM04,108.4
27889,A6,339205,27889,1.4,-0.2,2017MM05,108.2
27890,A6,339205,27890,1.5,0.0,2017MM06,108.1
27891,A6,339205,27891,1.3,-0.1,2017MM07,108.0
27892,A6,339205,27892,0.7,-0.2,2017MM08,107.8
27893,A6,339205,27893,0.9,0.1,2017MM09,108.0
27894,A6,339205,27894,1.0,0.2,2017MM10,108.1
27895,A6,339205,27895,1.1,0.2,2017MM11,108.3
27896,A6,339205,27896,1.0,-0.1,2017MM12,108.2
