,Afzet,BedrijfstakkenBranchesSBI2008,ID,OntwikkelingTOV1JaarEerder_2,OntwikkelingTOV1MaandEerder_3,Perioden,ProducentenprijsindexPPI_1
59644,A4,339205,59644,1.00631229236,-0.0996551724138,1981MM01,108.128373702
59645,A4,339205,59645,1.01262458472,-0.0993103448276,1981MM02,108.056747405
59646,A4,339205,59646,1.01893687708,-0.0989655172414,1981MM03,107.985121107
59647,A4,339205,59647,1.02524916944,-0.0986206896552,1981MM04,107.91349481
59648,A4,339205,59648,1.03156146179,-0.098275862069,1981MM05,107.841868512
59649,A4,339205,59649,1.03787375415,-0.0979310344828,1981MM06,107.770242215
59650,A4,339205,59650,1.04418604651,-0.0975862068966,1981MM07,107.698615917
59651,A4,339205,59651,1.05049833887,-0.0972413793103,1981MM08,107.626989619
59652,A4,339205,59652,1.05681063123,-0.0968965517241,1981MM09,107.555363322
59653,A4,339205,59653,1.06312292359,-0.0965517241379,1981MM10,107.483737024
59654,A4,339205,59654,1.06943521595,-0.0962068965517,1981MM11,107.412110727
59655,A4,339205,59655,1.07574750831,-0.0958620689655,1981MM12,107.340484429
59657,A4,339205,59657,1.08205980066,-0.0955172413793,1982MM01,107.268858131
59658,A4,339205,59658,1.08837209302,-0.0951724137931,1982MM02,107.197231834
59659,A4,339205,59659,1.09468438538,-0.0948275862069,1982MM03,107.125605536
59660,A4,339205,59660,1.10099667774,-0.0944827586207,1982MM04,107.053979239
59661,A4,339205,59661,1.1073089701,-0.0941379310345,1982MM05,106.982352941
59662,A4,339205,59662,1.11362126246,-0.0937931034483,1982MM06,106.910726644
59663,A4,339205,59663,1.11993355482,-0.0934482758621,1982MM07,106.839100346
59664,A4,339205,59664,1.12624584718,-0.0931034482759,1982MM08,106.767474048
59665,A4,339205,59665,1.13255813953,-0.0927586206897,1982MM09,106.695847751
59666,A4,339205,59666,1.13887043189,-0.0924137931034,1982MM10,106.624221453
59667,A4,339205,59667,1.14518272425,-0.0920689655172,1982MM11,106.552595156
59668,A4,339205,59668,1.15149501661,-0.091724137931,1982MM12,106.480968858
59670,A4,339205,59670,1.15780730897,-0.0913793103448,1983MM01,106.409342561
59671,A4,339205,59671,1.16411960133,-0.0910344827586,1983MM02,106.337716263
59672,A4,339205,59672,1.17043189369,-0.0906896551724,1983MM03,106.266089965
59673,A4,339205,59673,1.17674418605,-0.0903448275862,1983MM04,106.194463668
59674,A4,339205,59674,1.18305647841,-0.09,1983MM05,106.12283737
59675,A4,339205,59675,1.18936877076,-0.0896551724138,1983MM06,106.051211073
59676,A4,339205,59676,1.19568106312,-0.0893103448276,1983MM07,105.979584775
59677,A4,339205,59677,1.20199335548,-0.0889655172414,1983MM08,105.907958478
59678,A4,339205,59678,1.20830564784,-0.0886206896552,1983MM09,105.83633218
59679,A4,339205,59679,1.2146179402,-0.088275862069,1983MM10,105.764705882
59680,A4,339205,59680,1.22093023256,-0.0879310344828,1983MM11,105.693079585
59681,A4,339205,59681,1.22724252492,-0.0875862068966,1983MM12,105.621453287
59683,A4,339205,59683,1.23355481728,-0.0872413793103,1984MM01,105.54982699
59684,A4,339205,59684,1.23986710963,-0.0868965517241,1984MM02,105.478200692
59685,A4,339205,59685,1.24617940199,-0.0865517241379,1984MM03,105.406574394
59686,A4,339205,59686,1.25249169435,-0.0862068965517,1984MM04,105.334948097
59687,A4,339205,59687,1.25880398671,-0.0858620689655,1984MM05,105.263321799
59688,A4,339205,59688,1.26511627907,-0.0855172413793,1984MM06,105.191695502
59689,A4,339205,59689,1.27142857143,-0.0851724137931,1984MM07,105.120069204
59690,A4,339205,59690,1.27774086379,-0.0848275862069,1984MM08,105.048442907
59691,A4,339205,59691,1.28405315615,-0.0844827586207,1984MM09,104.976816609
59692,A4,339205,59692,1.2903654485,-0.0841379310345,1984MM10,104.905190311
59693,A4,339205,59693,1.29667774086,-0.0837931034483,1984MM11,104.833564014
59694,A4,339205,59694,1.30299003322,-0.0834482758621,1984MM12,104.761937716
59696,A4,339205,59696,1.30930232558,-0.0831034482759,1985MM01,104.690311419
59697,A4,339205,59697,1.31561461794,-0.0827586206897,1985MM02,104.618685121
59698,A4,339205,59698,1.3219269103,-0.0824137931034,1985MM03,104.547058824
59699,A4,339205,59699,1.32823920266,-0.0820689655172,1985MM04,104.475432526
59700,A4,339205,59700,1.33455149502,-0.081724137931,1985MM05,104.403806228
59701,A4,339205,59701,1.34086378738,-0.0813793103448,1985MM06,104.332179931
59702,A4,339205,59702,1.34717607973,-0.0810344827586,1985MM07,104.260553633
59703,A4,339205,59703,1.35348837209,-0.0806896551724,1985MM08,104.188927336
59704,A4,339205,59704,1.35980066445,-0.0803448275862,1985MM09,104.117301038
59705,A4,339205,59705,1.36611295681,-0.08,1985MM10,104.04567474
59706,A4,339205,59706,1.37242524917,-0.0796551724138,1985MM11,103.974048443
59707,A4,339205,59707,1.37873754153,-0.0793103448276,1985MM12,103.902422145
59709,A4,339205,59709,1.38504983389,-0.0789655172414,1986MM01,103.830795848
59710,A4,339205,59710,1.39136212625,-0.0786206896552,1986MM02,103.75916955
59711,A4,339205,59711,1.3976744186,-0.078275862069,1986MM03,103.687543253
59712,A4,339205,59712,1.40398671096,-0.0779310344828,1986MM04,103.615916955
59713,A4,339205,59713,1.41029900332,-0.0775862068966,1986MM05,103.544290657
59714,A4,339205,59714,1.41661129568,-0.0772413793103,1986MM06,103.47266436
59715,A4,339205,59715,1.42292358804,-0.0768965517241,1986MM07,103.401038062
59716,A4,339205,59716,1.4292358804,-0.0765517241379,1986MM08,103.329411765
59717,A4,339205,59717,1.43554817276,-0.0762068965517,1986MM09,103.257785467
59718,A4,339205,59718,1.44186046512,-0.0758620689655,1986MM10,103.18615917
59719,A4,339205,59719,1.44817275748,-0.0755172413793,1986MM11,103.114532872
59720,A4,339205,59720,1.45448504983,-0.0751724137931,1986MM12,103.042906574
59722,A4,339205,59722,1.46079734219,-0.0748275862069,1987MM01,102.971280277
59723,A4,339205,59723,1.46710963455,-0.0744827586207,1987MM02,102.899653979
59724,A4,339205,59724,1.47342192691,-0.0741379310345,1987MM03,102.828027682
59725,A4,339205,59725,1.47973421927,-0.0737931034483,1987MM04,102.756401384
59726,A4,339205,59726,1.48604651163,-0.0734482758621,1987MM05,102.684775087
59727,A4,339205,59727,1.49235880399,-0.0731034482759,1987MM06,102.613148789
59728,A4,339205,59728,1.49867109635,-0.0727586206897,1987MM07,102.541522491
59729,A4,339205,59729,1.5049833887,-0.0724137931034,1987MM08,102.469896194
59730,A4,339205,59730,1.51129568106,-0.0720689655172,1987MM09,102.398269896
59731,A4,339205,59731,1.51760797342,-0.071724137931,1987MM10,102.326643599
59732,A4,339205,59732,1.52392026578,-0.0713793103448,1987MM11,102.255017301
59733,A4,339205,59733,1.53023255814,-0.0710344827586,1987MM12,102.183391003
59735,A4,339205,59735,1.5365448505,-0.0706896551724,1988MM01,102.111764706
59736,A4,339205,59736,1.54285714286,-0.0703448275862,1988MM02,102.040138408
59737,A4,339205,59737,1.54916943522,-0.07,1988MM03,101.968512111
59738,A4,339205,59738,1.55548172757,-0.0696551724138,1988MM04,101.896885813
59739,A4,339205,59739,1.56179401993,-0.0693103448276,1988MM05,101.825259516
59740,A4,339205,59740,1.56810631229,-0.0689655172414,1988MM06,101.753633218
59741,A4,339205,59741,1.57441860465,-0.0686206896552,1988MM07,101.68200692
59742,A4,339205,59742,1.58073089701,-0.068275862069,1988MM08,101.610380623
59743,A4,339205,59743,1.58704318937,-0.0679310344828,1988MM09,101.538754325
59744,A4,339205,59744,1.59335548173,-0.0675862068966,1988MM10,101.467128028
59745,A4,339205,59745,1.59966777409,-0.0672413793103,1988MM11,101.39550173
59746,A4,339205,59746,1.60598006645,-0.0668965517241,1988MM12,101.323875433
59748,A4,339205,59748,1.6122923588,-0.0665517241379,1989MM01,101.252249135
59749,A4,339205,59749,1.61860465116,-0.0662068965517,1989MM02,101.180622837
59750,A4,339205,59750,1.62491694352,-0.0658620689655,1989MM03,101.10899654
59751,A4,339205,59751,1.63122923588,-0.0655172413793,1989MM04,101.037370242
59752,A4,339205,59752,1.63754152824,-0.0651724137931,1989MM05,100.965743945
59753,A4,339205,59753,1.6438538206,-0.0648275862069,1989MM06,100.894117647
59754,A4,339205,59754,1.65016611296,-0.0644827586207,1989MM07,100.822491349
59755,A4,339205,59755,1.65647840532,-0.0641379310345,1989MM08,100.750865052
59756,A4,339205,59756,1.66279069767,-0.0637931034483,1989MM09,100.679238754
59757,A4,339205,59757,1.66910299003,-0.0634482758621,1989MM10,100.607612457
59758,A4,339205,59758,1.67541528239,-0.0631034482759,1989MM11,100.535986159
59759,A4,339205,59759,1.68172757475,-0.0627586206897,1989MM12,100.464359862
59761,A4,339205,59761,1.68803986711,-0.0624137931034,1990MM01,100.392733564
59762,A4,339205,59762,1.69435215947,-0.0620689655172,1990MM02,100.321107266
59763,A4,339205,59763,1.70066445183,-0.061724137931,1990MM03,100.249480969
59764,A4,339205,59764,1.70697674419,-0.0613793103448,1990MM04,100.177854671
59765,A4,339205,59765,1.71328903654,-0.0610344827586,1990MM05,100.106228374
59766,A4,339205,59766,1.7196013289,-0.0606896551724,1990MM06,100.034602076
59767,A4,339205,59767,1.72591362126,-0.0603448275862,1990MM07,99.9629757785
59768,A4,339205,59768,1.73222591362,-0.06,1990MM08,99.891349481
59769,A4,339205,59769,1.73853820598,-0.0596551724138,1990MM09,99.8197231834
59770,A4,339205,59770,1.74485049834,-0.0593103448276,1990MM10,99.7480968858
59771,A4,339205,59771,1.7511627907,-0.0589655172414,1990MM11,99.6764705882
59772,A4,339205,59772,1.75747508306,-0.0586206896552,1990MM12,99.6048442907
59774,A4,339205,59774,1.76378737542,-0.058275862069,1991MM01,99.5332179931
59775,A4,339205,59775,1.77009966777,-0.0579310344828,1991MM02,99.4615916955
59776,A4,339205,59776,1.77641196013,-0.0575862068966,1991MM03,99.3899653979
59777,A4,339205,59777,1.78272425249,-0.0572413793103,1991MM04,99.3183391003
59778,A4,339205,59778,1.78903654485,-0.0568965517241,1991MM05,99.2467128028
59779,A4,339205,59779,1.79534883721,-0.0565517241379,1991MM06,99.1750865052
59780,A4,339205,59780,1.80166112957,-0.0562068965517,1991MM07,99.1034602076
59781,A4,339205,59781,1.80797342193,-0.0558620689655,1991MM08,99.03183391
59782,A4,339205,59782,1.81428571429,-0.0555172413793,1991MM09,98.9602076125
59783,A4,339205,59783,1.82059800664,-0.0551724137931,1991MM10,98.8885813149
59784,A4,339205,59784,1.826910299,-0.0548275862069,1991MM11,98.8169550173
59785,A4,339205,59785,1.83322259136,-0.0544827586207,1991MM12,98.7453287197
59787,A4,339205,59787,1.83953488372,-0.0541379310345,1992MM01,98.6737024221
59788,A4,339205,59788,1.84584717608,-0.0537931034483,1992MM02,98.6020761246
59789,A4,339205,59789,1.85215946844,-0.0534482758621,1992MM03,98.530449827
59790,A4,339205,59790,1.8584717608,-0.0531034482759,1992MM04,98.4588235294
59791,A4,339205,59791,1.86478405316,-0.0527586206897,1992MM05,98.3871972318
59792,A4,339205,59792,1.87109634551,-0.0524137931034,1992MM06,98.3155709343
59793,A4,339205,59793,1.87740863787,-0.0520689655172,1992MM07,98.2439446367
59794,A4,339205,59794,1.88372093023,-0.051724137931,1992MM08,98.1723183391
59795,A4,339205,59795,1.89003322259,-0.0513793103448,1992MM09,98.1006920415
59796,A4,339205,59796,1.89634551495,-0.0510344827586,1992MM10,98.0290657439
59797,A4,339205,59797,1.90265780731,-0.0506896551724,1992MM11,97.9574394464
59798,A4,339205,59798,1.90897009967,-0.0503448275862,1992MM12,97.8858131488
59800,A4,339205,59800,1.91528239203,-0.05,1993MM01,97.8141868512
59801,A4,339205,59801,1.92159468439,-0.0496551724138,1993MM02,97.7425605536
59802,A4,339205,59802,1.92790697674,-0.0493103448276,1993MM03,97.6709342561
59803,A4,339205,59803,1.9342192691,-0.0489655172414,1993MM04,97.5993079585
59804,A4,339205,59804,1.94053156146,-0.0486206896552,1993MM05,97.5276816609
59805,A4,339205,59805,1.94684385382,-0.048275862069,1993MM06,97.4560553633
59806,A4,339205,59806,1.95315614618,-0.0479310344828,1993MM07,97.3844290657
59807,A4,339205,59807,1.95946843854,-0.0475862068966,1993MM08,97.3128027682
59808,A4,339205,59808,1.9657807309,-0.0472413793103,1993MM09,97.2411764706
59809,A4,339205,59809,1.97209302326,-0.0468965517241,1993MM10,97.169550173
59810,A4,339205,59810,1.97840531561,-0.0465517241379,1993MM11,97.0979238754
59811,A4,339205,59811,1.98471760797,-0.0462068965517,1993MM12,97.0262975779
59813,A4,339205,59813,1.99102990033,-0.0458620689655,1994MM01,96.9546712803
59814,A4,339205,59814,1.99734219269,-0.0455172413793,1994MM02,96.8830449827
59815,A4,339205,59815,2.00365448505,-0.0451724137931,1994MM03,96.8114186851
59816,A4,339205,59816,2.00996677741,-0.0448275862069,1994MM04,96.7397923875
59817,A4,339205,59817,2.01627906977,-0.0444827586207,1994MM05,96.66816609
59818,A4,339205,59818,2.02259136213,-0.0441379310345,1994MM06,96.5965397924
59819,A4,339205,59819,2.02890365449,-0.0437931034483,1994MM07,96.5249134948
59820,A4,339205,59820,2.03521594684,-0.0434482758621,1994MM08,96.4532871972
59821,A4,339205,59821,2.0415282392,-0.0431034482759,1994MM09,96.3816608997
59822,A4,339205,59822,2.04784053156,-0.0427586206897,1994MM10,96.3100346021
59823,A4,339205,59823,2.05415282392,-0.0424137931034,1994MM11,96.2384083045
59824,A4,339205,59824,2.06046511628,-0.0420689655172,1994MM12,96.1667820069
59826,A4,339205,59826,2.06677740864,-0.041724137931,1995MM01,96.0951557093
59827,A4,339205,59827,2.073089701,-0.0413793103448,1995MM02,96.0235294118
59828,A4,339205,59828,2.07940199336,-0.0410344827586,1995MM03,95.9519031142
59829,A4,339205,59829,2.08571428571,-0.0406896551724,1995MM04,95.8802768166
59830,A4,339205,59830,2.09202657807,-0.0403448275862,1995MM05,95.808650519
59831,A4,339205,59831,2.09833887043,-0.04,1995MM06,95.7370242215
59832,A4,339205,59832,2.10465116279,-0.0396551724138,1995MM07,95.6653979239
59833,A4,339205,59833,2.11096345515,-0.0393103448276,1995MM08,95.5937716263
59834,A4,339205,59834,2.11727574751,-0.0389655172414,1995MM09,95.5221453287
59835,A4,339205,59835,2.12358803987,-0.0386206896552,1995MM10,95.4505190311
59836,A4,339205,59836,2.12990033223,-0.038275862069,1995MM11,95.3788927336
59837,A4,339205,59837,2.13621262458,-0.0379310344828,1995MM12,95.307266436
59839,A4,339205,59839,2.14252491694,-0.0375862068966,1996MM01,95.2356401384
59840,A4,339205,59840,2.1488372093,-0.0372413793103,1996MM02,95.1640138408
59841,A4,339205,59841,2.15514950166,-0.0368965517241,1996MM03,95.0923875433
59842,A4,339205,59842,2.16146179402,-0.0365517241379,1996MM04,95.0207612457
59843,A4,339205,59843,2.16777408638,-0.0362068965517,1996MM05,94.9491349481
59844,A4,339205,59844,2.17408637874,-0.0358620689655,1996MM06,94.8775086505
59845,A4,339205,59845,2.1803986711,-0.0355172413793,1996MM07,94.8058823529
59846,A4,339205,59846,2.18671096346,-0.0351724137931,1996MM08,94.7342560554
59847,A4,339205,59847,2.19302325581,-0.0348275862069,1996MM09,94.6626297578
59848,A4,339205,59848,2.19933554817,-0.0344827586207,1996MM10,94.5910034602
59849,A4,339205,59849,2.20564784053,-0.0341379310345,1996MM11,94.5193771626
59850,A4,339205,59850,2.21196013289,-0.0337931034483,1996MM12,94.4477508651
59852,A4,339205,59852,2.21827242525,-0.0334482758621,1997MM01,94.3761245675
59853,A4,339205,59853,2.22458471761,-0.0331034482759,1997MM02,94.3044982699
59854,A4,339205,59854,2.23089700997,-0.0327586206897,1997MM03,94.2328719723
59855,A4,339205,59855,2.23720930233,-0.0324137931034,1997MM04,94.1612456747
59856,A4,339205,59856,2.24352159468,-0.0320689655172,1997MM05,94.0896193772
59857,A4,339205,59857,2.24983388704,-0.031724137931,1997MM06,94.0179930796
59858,A4,339205,59858,2.2561461794,-0.0313793103448,1997MM07,93.946366782
59859,A4,339205,59859,2.26245847176,-0.0310344827586,1997MM08,93.8747404844
59860,A4,339205,59860,2.26877076412,-0.0306896551724,1997MM09,93.8031141869
59861,A4,339205,59861,2.27508305648,-0.0303448275862,1997MM10,93.7314878893
59862,A4,339205,59862,2.28139534884,-0.03,1997MM11,93.6598615917
59863,A4,339205,59863,2.2877076412,-0.0296551724138,1997MM12,93.5882352941
59865,A4,339205,59865,2.29401993355,-0.0293103448276,1998MM01,93.5166089965
59866,A4,339205,59866,2.30033222591,-0.0289655172414,1998MM02,93.444982699
59867,A4,339205,59867,2.30664451827,-0.0286206896552,1998MM03,93.3733564014
59868,A4,339205,59868,2.31295681063,-0.028275862069,1998MM04,93.3017301038
59869,A4,339205,59869,2.31926910299,-0.0279310344828,1998MM05,93.2301038062
59870,A4,339205,59870,2.32558139535,-0.0275862068966,1998MM06,93.1584775087
59871,A4,339205,59871,2.33189368771,-0.0272413793103,1998MM07,93.0868512111
59872,A4,339205,59872,2.33820598007,-0.0268965517241,1998MM08,93.0152249135
59873,A4,339205,59873,2.34451827243,-0.0265517241379,1998MM09,92.9435986159
59874,A4,339205,59874,2.35083056478,-0.0262068965517,1998MM10,92.8719723183
59875,A4,339205,59875,2.35714285714,-0.0258620689655,1998MM11,92.8003460208
59876,A4,339205,59876,2.3634551495,-0.0255172413793,1998MM12,92.7287197232
59878,A4,339205,59878,2.36976744186,-0.0251724137931,1999MM01,92.6570934256
59879,A4,339205,59879,2.37607973422,-0.0248275862069,1999MM02,92.585467128
59880,A4,339205,59880,2.38239202658,-0.0244827586207,1999MM03,92.5138408304
59881,A4,339205,59881,2.38870431894,-0.0241379310345,1999MM04,92.4422145329
59882,A4,339205,59882,2.3950166113,-0.0237931034483,1999MM05,92.3705882353
59883,A4,339205,59883,2.40132890365,-0.0234482758621,1999MM06,92.2989619377
59884,A4,339205,59884,2.40764119601,-0.0231034482759,1999MM07,92.2273356401
59885,A4,339205,59885,2.41395348837,-0.0227586206897,1999MM08,92.1557093426
59886,A4,339205,59886,2.42026578073,-0.0224137931034,1999MM09,92.084083045
59887,A4,339205,59887,2.42657807309,-0.0220689655172,1999MM10,92.0124567474
59888,A4,339205,59888,2.43289036545,-0.021724137931,1999MM11,91.9408304498
59889,A4,339205,59889,2.43920265781,-0.0213793103448,1999MM12,91.8692041522
59891,A4,339205,59891,2.44551495017,-0.0210344827586,2000MM01,91.7975778547
59892,A4,339205,59892,2.45182724252,-0.0206896551724,2000MM02,91.7259515571
59893,A4,339205,59893,2.45813953488,-0.0203448275862,2000MM03,91.6543252595
59894,A4,339205,59894,2.46445182724,-0.02,2000MM04,91.5826989619
59895,A4,339205,59895,2.4707641196,-0.0196551724138,2000MM05,91.5110726644
59896,A4,339205,59896,2.47707641196,-0.0193103448276,2000MM06,91.4394463668
59897,A4,339205,59897,2.48338870432,-0.0189655172414,2000MM07,91.3678200692
59898,A4,339205,59898,2.48970099668,-0.0186206896552,2000MM08,91.2961937716
59899,A4,339205,59899,2.49601328904,-0.018275862069,2000MM09,91.224567474
59900,A4,339205,59900,2.5023255814,-0.0179310344828,2000MM10,91.1529411765
59901,A4,339205,59901,2.50863787375,-0.0175862068966,2000MM11,91.0813148789
59902,A4,339205,59902,2.51495016611,-0.0172413793103,2000MM12,91.0096885813
59904,A4,339205,59904,2.52126245847,-0.0168965517241,2001MM01,90.9380622837
59905,A4,339205,59905,2.52757475083,-0.0165517241379,2001MM02,90.8664359862
59906,A4,339205,59906,2.53388704319,-0.0162068965517,2001MM03,90.7948096886
59907,A4,339205,59907,2.54019933555,-0.0158620689655,2001MM04,90.723183391
59908,A4,339205,59908,2.54651162791,-0.0155172413793,2001MM05,90.6515570934
59909,A4,339205,59909,2.55282392027,-0.0151724137931,2001MM06,90.5799307958
59910,A4,339205,59910,2.55913621262,-0.0148275862069,2001MM07,90.5083044983
59911,A4,339205,59911,2.56544850498,-0.0144827586207,2001MM08,90.4366782007
59912,A4,339205,59912,2.57176079734,-0.0141379310345,2001MM09,90.3650519031
59913,A4,339205,59913,2.5780730897,-0.0137931034483,2001MM10,90.2934256055
59914,A4,339205,59914,2.58438538206,-0.0134482758621,2001MM11,90.221799308
59915,A4,339205,59915,2.59069767442,-0.0131034482759,2001MM12,90.1501730104
59917,A4,339205,59917,2.59700996678,-0.0127586206897,2002MM01,90.0785467128
59918,A4,339205,59918,2.60332225914,-0.0124137931034,2002MM02,90.0069204152
59919,A4,339205,59919,2.6096345515,-0.0120689655172,2002MM03,89.9352941176
59920,A4,339205,59920,2.61594684385,-0.011724137931,2002MM04,89.8636678201
59921,A4,339205,59921,2.62225913621,-0.0113793103448,2002MM05,89.7920415225
59922,A4,339205,59922,2.62857142857,-0.0110344827586,2002MM06,89.7204152249
59923,A4,339205,59923,2.63488372093,-0.0106896551724,2002MM07,89.6487889273
59924,A4,339205,59924,2.64119601329,-0.0103448275862,2002MM08,89.5771626298
59925,A4,339205,59925,2.64750830565,-0.01,2002MM09,89.5055363322
59926,A4,339205,59926,2.65382059801,-0.00965517241379,2002MM10,89.4339100346
59927,A4,339205,59927,2.66013289037,-0.00931034482759,2002MM11,89.362283737
59928,A4,339205,59928,2.66644518272,-0.00896551724138,2002MM12,89.2906574394
59930,A4,339205,59930,2.67275747508,-0.00862068965517,2003MM01,89.2190311419
59931,A4,339205,59931,2.67906976744,-0.00827586206897,2003MM02,89.1474048443
59932,A4,339205,59932,2.6853820598,-0.00793103448276,2003MM03,89.0757785467
59933,A4,339205,59933,2.69169435216,-0.00758620689655,2003MM04,89.0041522491
59934,A4,339205,59934,2.69800664452,-0.00724137931034,2003MM05,88.9325259516
59935,A4,339205,59935,2.70431893688,-0.00689655172414,2003MM06,88.860899654
59936,A4,339205,59936,2.71063122924,-0.00655172413793,2003MM07,88.7892733564
59937,A4,339205,59937,2.71694352159,-0.00620689655172,2003MM08,88.7176470588
59938,A4,339205,59938,2.72325581395,-0.00586206896552,2003MM09,88.6460207612
59939,A4,339205,59939,2.72956810631,-0.00551724137931,2003MM10,88.5743944637
59940,A4,339205,59940,2.73588039867,-0.0051724137931,2003MM11,88.5027681661
59941,A4,339205,59941,2.74219269103,-0.0048275862069,2003MM12,88.4311418685
59943,A4,339205,59943,2.74850498339,-0.00448275862069,2004MM01,88.3595155709
59944,A4,339205,59944,2.75481727575,-0.00413793103448,2004MM02,88.2878892734
59945,A4,339205,59945,2.76112956811,-0.00379310344828,2004MM03,88.2162629758
59946,A4,339205,59946,2.76744186047,-0.00344827586207,2004MM04,88.1446366782
59947,A4,339205,59947,2.77375415282,-0.00310344827586,2004MM05,88.0730103806
59948,A4,339205,59948,2.78006644518,-0.00275862068966,2004MM06,88.001384083
59949,A4,339205,59949,2.78637873754,-0.00241379310345,2004MM07,87.9297577855
59950,A4,339205,59950,2.7926910299,-0.00206896551724,2004MM08,87.8581314879
59951,A4,339205,59951,2.79900332226,-0.00172413793103,2004MM09,87.7865051903
59952,A4,339205,59952,2.80531561462,-0.00137931034483,2004MM10,87.7148788927
59953,A4,339205,59953,2.81162790698,-0.00103448275862,2004MM11,87.6432525952
59954,A4,339205,59954,2.81794019934,-0.000689655172414,2004MM12,87.5716262976
59956,A4,339205,59956,2.82425249169,-0.000344827586207,2005MM01,87.5
59957,A4,339205,59957,2.83056478405,0.0,2005MM02,87.6
59958,A4,339205,59958,2.83687707641,0.1,2005MM03,87.7
59959,A4,339205,59959,2.84318936877,0.3,2005MM04,88.0
59960,A4,339205,59960,2.84950166113,0.0,2005MM05,88.0
59961,A4,339205,59961,2.85581395349,0.6,2005MM06,88.5
59962,A4,339205,59962,2.86212624585,0.0,2005MM07,88.5
59963,A4,339205,59963,2.86843853821,0.1,2005MM08,88.6
59964,A4,339205,59964,2.87475083056,0.1,2005MM09,88.7
59965,A4,339205,59965,2.88106312292,0.4,2005MM10,89.1
59966,A4,339205,59966,2.88737541528,0.1,2005MM11,89.1
59967,A4,339205,59967,2.89368770764,0.1,2005MM12,89.2
59969,A4,339205,59969,2.9,1.0,2006MM01,90.1
59970,A4,339205,59970,3.2,0.3,2006MM02,90.4
59971,A4,339205,59971,2.9,-0.2,2006MM03,90.2
59972,A4,339205,59972,2.8,0.2,2006MM04,90.4
59973,A4,339205,59973,2.9,0.2,2006MM05,90.6
59974,A4,339205,59974,2.1,-0.2,2006MM06,90.4
59975,A4,339205,59975,2.4,0.3,2006MM07,90.6
59976,A4,339205,59976,2.4,0.1,2006MM08,90.7
59977,A4,339205,59977,2.1,-0.1,2006MM09,90.6
59978,A4,339205,59978,2.0,0.2,2006MM10,90.8
59979,A4,339205,59979,2.0,0.1,2006MM11,90.9
59980,A4,339205,59980,2.0,0.1,2006MM12,91.0
59982,A4,339205,59982,1.7,0.6,2007MM01,91.6
59983,A4,339205,59983,1.5,0.1,2007MM02,91.7
59984,A4,339205,59984,1.5,-0.1,2007MM03,91.6
59985,A4,339205,59985,1.6,0.3,2007MM04,91.9
59986,A4,339205,59986,1.4,0.0,2007MM05,91.9
59987,A4,339205,59987,1.6,0.0,2007MM06,91.8
59988,A4,339205,59988,1.5,0.2,2007MM07,92.0
59989,A4,339205,59989,1.7,0.2,2007MM08,92.2
59990,A4,339205,59990,1.9,0.1,2007MM09,92.4
59991,A4,339205,59991,1.5,-0.2,2007MM10,92.2
59992,A4,339205,59992,1.6,0.2,2007MM11,92.3
59993,A4,339205,59993,1.4,0.0,2007MM12,92.3
59995,A4,339205,59995,2.4,1.6,2008MM01,93.8
59996,A4,339205,59996,2.4,0.1,2008MM02,93.9
59997,A4,339205,59997,2.6,0.0,2008MM03,94.0
59998,A4,339205,59998,3.3,1.0,2008MM04,94.9
59999,A4,339205,59999,3.3,0.0,2008MM05,94.9
60000,A4,339205,60000,3.5,0.1,2008MM06,95.0
60001,A4,339205,60001,3.2,-0.1,2008MM07,95.0
60002,A4,339205,60002,2.6,-0.4,2008MM08,94.6
60003,A4,339205,60003,2.6,0.2,2008MM09,94.8
60004,A4,339205,60004,3.0,0.2,2008MM10,95.0
60005,A4,339205,60005,2.7,-0.1,2008MM11,94.9
60006,A4,339205,60006,2.8,0.0,2008MM12,94.9
60008,A4,339205,60008,2.9,1.7,2009MM01,96.6
60009,A4,339205,60009,3.2,0.4,2009MM02,96.9
60010,A4,339205,60010,2.9,-0.2,2009MM03,96.7
60011,A4,339205,60011,2.3,0.4,2009MM04,97.1
60012,A4,339205,60012,2.3,0.0,2009MM05,97.1
60013,A4,339205,60013,2.2,0.0,2009MM06,97.1
60014,A4,339205,60014,2.2,0.0,2009MM07,97.1
60015,A4,339205,60015,2.6,0.0,2009MM08,97.1
60016,A4,339205,60016,2.5,0.1,2009MM09,97.2
60017,A4,339205,60017,2.7,0.3,2009MM10,97.5
60018,A4,339205,60018,3.0,0.2,2009MM11,97.7
60019,A4,339205,60019,2.9,-0.1,2009MM12,97.7
60021,A4,339205,60021,1.3,0.2,2010MM01,97.8
60022,A4,339205,60022,1.0,0.1,2010MM02,97.9
60023,A4,339205,60023,1.3,0.1,2010MM03,98.0
60024,A4,339205,60024,2.8,1.9,2010MM04,99.9
60025,A4,339205,60025,3.3,0.5,2010MM05,100.3
60026,A4,339205,60026,3.6,0.2,2010MM06,100.5
60027,A4,339205,60027,3.6,0.0,2010MM07,100.6
60028,A4,339205,60028,3.7,0.0,2010MM08,100.6
60029,A4,339205,60029,3.8,0.2,2010MM09,100.8
60030,A4,339205,60030,3.6,0.1,2010MM10,101.0
60031,A4,339205,60031,3.5,0.2,2010MM11,101.2
60032,A4,339205,60032,3.8,0.2,2010MM12,101.4
60034,A4,339205,60034,4.1,0.4,2011MM01,101.9
60035,A4,339205,60035,4.0,0.0,2011MM02,101.9
60036,A4,339205,60036,4.0,0.1,2011MM03,101.9
60037,A4,339205,60037,3.7,1.5,2011MM04,103.5
60038,A4,339205,60038,3.3,0.2,2011MM05,103.7
60039,A4,339205,60039,3.2,0.0,2011MM06,103.7
60040,A4,339205,60040,3.5,0.4,2011MM07,104.1
60041,A4,339205,60041,4.0,0.5,2011MM08,104.7
60042,A4,339205,60042,4.1,0.3,2011MM09,105.0
60043,A4,339205,60043,2.9,-1.0,2011MM10,103.9
60044,A4,339205,60044,3.0,0.3,2011MM11,104.2
60045,A4,339205,60045,2.7,-0.1,2011MM12,104.1
60047,A4,339205,60047,2.7,0.4,2012MM01,104.6
60048,A4,339205,60048,2.9,0.2,2012MM02,104.8
60049,A4,339205,60049,2.6,-0.2,2012MM03,104.6
60050,A4,339205,60050,1.8,0.8,2012MM04,105.4
60051,A4,339205,60051,1.6,-0.1,2012MM05,105.3
60052,A4,339205,60052,1.5,-0.1,2012MM06,105.2
60053,A4,339205,60053,1.3,0.2,2012MM07,105.5
60054,A4,339205,60054,0.9,0.1,2012MM08,105.6
60055,A4,339205,60055,0.8,0.2,2012MM09,105.8
60056,A4,339205,60056,2.1,0.3,2012MM10,106.1
60057,A4,339205,60057,1.8,0.0,2012MM11,106.1
60058,A4,339205,60058,1.7,-0.2,2012MM12,105.9
60060,A4,339205,60060,1.7,0.4,2013MM01,106.4
60061,A4,339205,60061,1.4,-0.2,2013MM02,106.2
60062,A4,339205,60062,2.1,0.5,2013MM03,106.7
60063,A4,339205,60063,1.0,-0.3,2013MM04,106.5
60064,A4,339205,60064,0.9,-0.2,2013MM05,106.2
60065,A4,339205,60065,0.6,-0.3,2013MM06,105.9
60066,A4,339205,60066,0.3,-0.1,2013MM07,105.8
60067,A4,339205,60067,0.3,0.1,2013MM08,105.9
60068,A4,339205,60068,0.1,0.0,2013MM09,105.9
60069,A4,339205,60069,-0.6,-0.4,2013MM10,105.5
60070,A4,339205,60070,-0.6,-0.1,2013MM11,105.5
60071,A4,339205,60071,-0.6,-0.2,2013MM12,105.2
60073,A4,339205,60073,-0.7,0.4,2014MM01,105.6
60074,A4,339205,60074,-0.4,0.2,2014MM02,105.8
60075,A4,339205,60075,-0.8,0.1,2014MM03,105.9
60076,A4,339205,60076,-0.5,0.1,2014MM04,106.0
60077,A4,339205,60077,-0.3,0.0,2014MM05,106.0
60078,A4,339205,60078,0.1,0.0,2014MM06,106.0
60079,A4,339205,60079,0.4,0.2,2014MM07,106.2
60080,A4,339205,60080,0.3,0.0,2014MM08,106.2
60081,A4,339205,60081,0.2,0.0,2014MM09,106.1
60082,A4,339205,60082,0.8,0.2,2014MM10,106.4
60083,A4,339205,60083,0.8,-0.1,2014MM11,106.3
60084,A4,339205,60084,1.2,0.1,2014MM12,106.4
60086,A4,339205,60086,1.2,0.4,2015MM01,106.9
60087,A4,339205,60087,1.3,0.3,2015MM02,107.2
60088,A4,339205,60088,1.3,0.0,2015MM03,107.2
60089,A4,339205,60089,2.0,0.8,2015MM04,108.1
60090,A4,339205,60090,1.8,-0.2,2015MM05,107.9
60091,A4,339205,60091,1.7,-0.1,2015MM06,107.8
60092,A4,339205,60092,0.6,-0.9,2015MM07,106.8
60093,A4,339205,60093,0.4,-0.1,2015MM08,106.7
60094,A4,339205,60094,0.7,0.2,2015MM09,106.9
60095,A4,339205,60095,0.6,0.1,2015MM10,107.0
60096,A4,339205,60096,0.8,-0.1,2015MM11,107.2
60097,A4,339205,60097,0.5,-0.2,2015MM12,107.0
60099,A4,339205,60099,0.7,0.5,2016MM01,107.6
60100,A4,339205,60100,0.7,0.3,2016MM02,107.9
60101,A4,339205,60101,0.8,0.2,2016MM03,108.1
60102,A4,339205,60102,0.1,0.1,2016MM04,108.2
60103,A4,339205,60103,0.4,0.1,2016MM05,108.3
60104,A4,339205,60104,0.5,0.1,2016MM06,108.4
60105,A4,339205,60105,1.9,0.4,2016MM07,108.8
60106,A4,339205,60106,1.9,-0.1,2016MM08,108.7
60107,A4,339205,60107,1.7,0.0,2016MM09,108.7
60108,A4,339205,60108,1.3,0.0,2016MM10,108.7
60109,A4,339205,60109,1.4,0.0,2016MM11,108.7
60110,A4,339205,60110,1.4,-0.2,2016MM12,108.5
60112,A4,339205,60112,1.3,0.4,2017MM01,109.0
60113,A4,339205,60113,1.1,0.2,2017MM02,109.1
60114,A4,339205,60114,0.9,0.0,2017MM03,109.1
60115,A4,339205,60115,1.3,0.5,2017MM04,109.6
60116,A4,339205,60116,1.0,-0.3,2017MM05,109.4
60117,A4,339205,60117,1.0,0.1,2017MM06,109.4
60118,A4,339205,60118,0.6,0.0,2017MM07,109.5
60119,A4,339205,60119,0.6,-0.1,2017MM08,109.4
60120,A4,339205,60120,0.8,0.2,2017MM09,109.5
60121,A4,339205,60121,0.6,-0.2,2017MM10,109.3
60122,A4,339205,60122,0.6,0.0,2017MM11,109.4
60123,A4,339205,60123,0.7,-0.1,2017MM12,109.3
