,Afzet,BedrijfstakkenBranchesSBI2008,ID,OntwikkelingTOV1JaarEerder_2,OntwikkelingTOV1MaandEerder_3,Perioden,ProducentenprijsindexPPI_1
60125,A4,339200,60125,1.29230769231,-0.05,1981MM01,54.4
60126,A4,339200,60126,1.48461538462,0.0,1981MM02,54.5
60127,A4,339200,60127,1.67692307692,0.0,1981MM03,54.5
60128,A4,339200,60128,1.86923076923,0.1,1981MM04,54.6
60129,A4,339200,60129,2.06153846154,0.0,1981MM05,54.6
60130,A4,339200,60130,2.25384615385,0.0,1981MM06,54.6
60131,A4,339200,60131,2.44615384615,0.3,1981MM07,54.8
60132,A4,339200,60132,2.63846153846,0.3,1981MM08,55.0
60133,A4,339200,60133,2.83076923077,0.1,1981MM09,55.0
60134,A4,339200,60134,3.02307692308,0.1,1981MM10,55.1
60135,A4,339200,60135,3.21538461538,0.6,1981MM11,55.4
60136,A4,339200,60136,3.40769230769,0.0,1981MM12,55.4
60138,A4,339200,60138,3.6,1.8,1982MM01,56.4
60139,A4,339200,60139,3.9,0.3,1982MM02,56.6
60140,A4,339200,60140,4.2,0.3,1982MM03,56.8
60141,A4,339200,60141,4.4,0.3,1982MM04,56.9
60142,A4,339200,60142,4.3,0.0,1982MM05,56.9
60143,A4,339200,60143,4.3,0.0,1982MM06,57.0
60144,A4,339200,60144,4.9,0.9,1982MM07,57.5
60145,A4,339200,60145,4.6,0.0,1982MM08,57.5
60146,A4,339200,60146,4.5,0.0,1982MM09,57.5
60147,A4,339200,60147,4.4,0.0,1982MM10,57.5
60148,A4,339200,60148,4.1,0.3,1982MM11,57.7
60149,A4,339200,60149,4.3,0.1,1982MM12,57.8
60151,A4,339200,60151,3.7,1.2,1983MM01,58.5
60152,A4,339200,60152,3.4,0.0,1983MM02,58.5
60153,A4,339200,60153,3.1,0.0,1983MM03,58.5
60154,A4,339200,60154,2.8,0.1,1983MM04,58.5
60155,A4,339200,60155,2.8,0.0,1983MM05,58.5
60156,A4,339200,60156,2.8,0.0,1983MM06,58.5
60157,A4,339200,60157,2.3,0.4,1983MM07,58.8
60158,A4,339200,60158,2.2,0.0,1983MM08,58.8
60159,A4,339200,60159,2.4,0.2,1983MM09,58.9
60160,A4,339200,60160,2.5,0.1,1983MM10,59.0
60161,A4,339200,60161,2.2,0.0,1983MM11,59.0
60162,A4,339200,60162,2.2,0.1,1983MM12,59.1
60164,A4,339200,60164,2.8,1.8,1984MM01,60.1
60165,A4,339200,60165,2.8,0.0,1984MM02,60.1
60166,A4,339200,60166,2.9,0.1,1984MM03,60.2
60167,A4,339200,60167,1.8,-0.9,1984MM04,59.6
60168,A4,339200,60168,1.9,0.1,1984MM05,59.7
60169,A4,339200,60169,2.2,0.3,1984MM06,59.8
60170,A4,339200,60170,4.5,2.7,1984MM07,61.4
60171,A4,339200,60171,4.6,0.1,1984MM08,61.5
60172,A4,339200,60172,4.4,0.0,1984MM09,61.5
60173,A4,339200,60173,6.1,1.7,1984MM10,62.5
60174,A4,339200,60174,6.1,0.0,1984MM11,62.5
60175,A4,339200,60175,6.1,0.2,1984MM12,62.7
60177,A4,339200,60177,5.3,1.0,1985MM01,63.3
60178,A4,339200,60178,4.6,-0.7,1985MM02,62.9
60179,A4,339200,60179,4.7,0.2,1985MM03,63.0
60180,A4,339200,60180,5.9,0.2,1985MM04,63.1
60181,A4,339200,60181,5.9,0.1,1985MM05,63.2
60182,A4,339200,60182,6.2,0.5,1985MM06,63.5
60183,A4,339200,60183,3.5,0.1,1985MM07,63.6
60184,A4,339200,60184,3.4,0.0,1985MM08,63.6
60185,A4,339200,60185,3.4,0.1,1985MM09,63.6
60186,A4,339200,60186,2.5,0.8,1985MM10,64.1
60187,A4,339200,60187,2.6,0.1,1985MM11,64.2
60188,A4,339200,60188,2.3,0.0,1985MM12,64.2
60190,A4,339200,60190,1.5,0.1,1986MM01,64.2
60191,A4,339200,60191,3.5,1.3,1986MM02,65.1
60192,A4,339200,60192,3.0,-0.3,1986MM03,64.9
60193,A4,339200,60193,2.9,0.1,1986MM04,65.0
60194,A4,339200,60194,2.6,-0.2,1986MM05,64.8
60195,A4,339200,60195,2.1,0.1,1986MM06,64.9
60196,A4,339200,60196,2.2,0.1,1986MM07,64.9
60197,A4,339200,60197,2.1,0.0,1986MM08,64.9
60198,A4,339200,60198,1.9,-0.1,1986MM09,64.9
60199,A4,339200,60199,1.4,0.2,1986MM10,65.0
60200,A4,339200,60200,1.4,0.1,1986MM11,65.1
60201,A4,339200,60201,1.7,0.2,1986MM12,65.2
60203,A4,339200,60203,1.4,-0.1,1987MM01,65.2
60204,A4,339200,60204,0.1,-0.1,1987MM02,65.1
60205,A4,339200,60205,1.7,1.3,1987MM03,66.0
60206,A4,339200,60206,1.1,-0.4,1987MM04,65.7
60207,A4,339200,60207,1.3,-0.1,1987MM05,65.7
60208,A4,339200,60208,1.3,0.1,1987MM06,65.7
60209,A4,339200,60209,1.3,0.1,1987MM07,65.8
60210,A4,339200,60210,1.3,0.0,1987MM08,65.8
60211,A4,339200,60211,1.7,0.3,1987MM09,66.0
60212,A4,339200,60212,1.8,0.3,1987MM10,66.2
60213,A4,339200,60213,1.7,0.0,1987MM11,66.2
60214,A4,339200,60214,1.6,0.1,1987MM12,66.2
60216,A4,339200,60216,1.6,-0.1,1988MM01,66.2
60217,A4,339200,60217,1.6,0.0,1988MM02,66.2
60218,A4,339200,60218,0.3,0.0,1988MM03,66.2
60219,A4,339200,60219,3.4,2.6,1988MM04,67.9
60220,A4,339200,60220,2.3,-1.1,1988MM05,67.2
60221,A4,339200,60221,2.3,0.1,1988MM06,67.2
60222,A4,339200,60222,2.2,0.0,1988MM07,67.2
60223,A4,339200,60223,2.4,0.2,1988MM08,67.4
60224,A4,339200,60224,2.4,0.2,1988MM09,67.5
60225,A4,339200,60225,2.1,0.1,1988MM10,67.6
60226,A4,339200,60226,2.4,0.3,1988MM11,67.8
60227,A4,339200,60227,3.1,0.8,1988MM12,68.3
60229,A4,339200,60229,3.4,0.2,1989MM01,68.4
60230,A4,339200,60230,3.6,0.2,1989MM02,68.6
60231,A4,339200,60231,3.7,0.1,1989MM03,68.6
60232,A4,339200,60232,1.0,0.0,1989MM04,68.6
60233,A4,339200,60233,4.0,1.8,1989MM05,69.8
60234,A4,339200,60234,3.2,-0.7,1989MM06,69.4
60235,A4,339200,60235,3.4,0.3,1989MM07,69.6
60236,A4,339200,60236,3.1,-0.1,1989MM08,69.5
60237,A4,339200,60237,3.3,0.4,1989MM09,69.8
60238,A4,339200,60238,3.6,0.3,1989MM10,70.0
60239,A4,339200,60239,3.5,0.2,1989MM11,70.2
60240,A4,339200,60240,3.0,0.3,1989MM12,70.4
60242,A4,339200,60242,3.1,0.2,1990MM01,70.5
60243,A4,339200,60243,2.3,-0.6,1990MM02,70.1
60244,A4,339200,60244,2.4,0.2,1990MM03,70.3
60245,A4,339200,60245,2.7,0.2,1990MM04,70.5
60246,A4,339200,60246,1.1,0.2,1990MM05,70.6
60247,A4,339200,60247,1.9,0.1,1990MM06,70.7
60248,A4,339200,60248,1.7,0.0,1990MM07,70.7
60249,A4,339200,60249,1.9,0.2,1990MM08,70.9
60250,A4,339200,60250,1.6,0.1,1990MM09,71.0
60251,A4,339200,60251,1.4,0.1,1990MM10,71.0
60252,A4,339200,60252,1.5,0.4,1990MM11,71.2
60253,A4,339200,60253,1.0,-0.2,1990MM12,71.1
60255,A4,339200,60255,0.7,0.0,1991MM01,71.1
60256,A4,339200,60256,3.8,2.4,1991MM02,72.8
60257,A4,339200,60257,2.3,-1.2,1991MM03,71.9
60258,A4,339200,60258,2.5,0.4,1991MM04,72.2
60259,A4,339200,60259,2.3,0.1,1991MM05,72.2
60260,A4,339200,60260,2.9,0.7,1991MM06,72.8
60261,A4,339200,60261,2.8,-0.1,1991MM07,72.7
60262,A4,339200,60262,2.7,0.1,1991MM08,72.7
60263,A4,339200,60263,2.7,0.2,1991MM09,72.9
60264,A4,339200,60264,2.6,0.0,1991MM10,72.9
60265,A4,339200,60265,2.4,0.1,1991MM11,73.0
60266,A4,339200,60266,2.8,0.2,1991MM12,73.1
60268,A4,339200,60268,2.9,0.0,1992MM01,73.1
60269,A4,339200,60269,0.5,0.1,1992MM02,73.2
60270,A4,339200,60270,3.6,1.9,1992MM03,74.5
60271,A4,339200,60271,2.5,-0.7,1992MM04,74.0
60272,A4,339200,60272,2.6,0.2,1992MM05,74.1
60273,A4,339200,60273,1.8,0.0,1992MM06,74.1
60274,A4,339200,60274,1.9,-0.1,1992MM07,74.1
60275,A4,339200,60275,2.0,0.2,1992MM08,74.2
60276,A4,339200,60276,2.3,0.5,1992MM09,74.6
60277,A4,339200,60277,2.7,0.3,1992MM10,74.8
60278,A4,339200,60278,2.6,0.0,1992MM11,74.8
60279,A4,339200,60279,2.5,0.1,1992MM12,74.9
60281,A4,339200,60281,2.4,-0.1,1993MM01,74.9
60282,A4,339200,60282,2.4,0.0,1993MM02,74.9
60283,A4,339200,60283,0.5,0.0,1993MM03,74.9
60284,A4,339200,60284,1.7,0.5,1993MM04,75.3
60285,A4,339200,60285,1.7,0.2,1993MM05,75.4
60286,A4,339200,60286,1.8,0.0,1993MM06,75.4
60287,A4,339200,60287,1.8,0.0,1993MM07,75.4
60288,A4,339200,60288,1.6,-0.1,1993MM08,75.3
60289,A4,339200,60289,1.0,0.0,1993MM09,75.3
60290,A4,339200,60290,0.6,-0.1,1993MM10,75.2
60291,A4,339200,60291,0.5,0.0,1993MM11,75.2
60292,A4,339200,60292,0.4,0.1,1993MM12,75.3
60294,A4,339200,60294,0.5,0.0,1994MM01,75.3
60295,A4,339200,60295,0.2,-0.3,1994MM02,75.0
60296,A4,339200,60296,0.2,0.0,1994MM03,75.0
60297,A4,339200,60297,-0.4,-0.1,1994MM04,75.0
60298,A4,339200,60298,0.0,0.6,1994MM05,75.4
60299,A4,339200,60299,0.1,0.1,1994MM06,75.5
60300,A4,339200,60300,0.0,-0.1,1994MM07,75.4
60301,A4,339200,60301,-0.1,-0.2,1994MM08,75.3
60302,A4,339200,60302,-0.2,-0.1,1994MM09,75.2
60303,A4,339200,60303,0.0,0.1,1994MM10,75.3
60304,A4,339200,60304,-0.1,-0.1,1994MM11,75.2
60305,A4,339200,60305,0.6,0.8,1994MM12,75.8
60307,A4,339200,60307,0.7,0.1,1995MM01,75.8
60308,A4,339200,60308,1.0,-0.1,1995MM02,75.8
60309,A4,339200,60309,1.1,0.2,1995MM03,75.9
60310,A4,339200,60310,1.5,0.3,1995MM04,76.1
60311,A4,339200,60311,1.0,0.1,1995MM05,76.1
60312,A4,339200,60312,0.8,-0.1,1995MM06,76.1
60313,A4,339200,60313,1.1,0.2,1995MM07,76.2
60314,A4,339200,60314,1.3,0.0,1995MM08,76.2
60315,A4,339200,60315,1.5,0.0,1995MM09,76.3
60316,A4,339200,60316,1.5,0.1,1995MM10,76.4
60317,A4,339200,60317,1.7,0.1,1995MM11,76.5
60318,A4,339200,60318,0.9,0.0,1995MM12,76.5
60320,A4,339200,60320,1.3,0.4,1996MM01,76.8
60321,A4,339200,60321,1.4,0.1,1996MM02,76.8
60322,A4,339200,60322,1.3,0.0,1996MM03,76.8
60323,A4,339200,60323,1.0,0.0,1996MM04,76.9
60324,A4,339200,60324,0.9,0.0,1996MM05,76.9
60325,A4,339200,60325,1.0,0.0,1996MM06,76.9
60326,A4,339200,60326,1.0,0.1,1996MM07,77.0
60327,A4,339200,60327,1.0,0.1,1996MM08,77.0
60328,A4,339200,60328,1.4,0.5,1996MM09,77.4
60329,A4,339200,60329,1.3,0.0,1996MM10,77.4
60330,A4,339200,60330,1.2,0.0,1996MM11,77.4
60331,A4,339200,60331,1.2,0.0,1996MM12,77.4
60333,A4,339200,60333,1.6,0.8,1997MM01,78.0
60334,A4,339200,60334,1.4,0.0,1997MM02,78.0
60335,A4,339200,60335,1.5,0.1,1997MM03,78.0
60336,A4,339200,60336,1.7,0.2,1997MM04,78.2
60337,A4,339200,60337,1.8,0.1,1997MM05,78.2
60338,A4,339200,60338,1.8,0.0,1997MM06,78.2
60339,A4,339200,60339,1.7,0.1,1997MM07,78.3
60340,A4,339200,60340,1.6,0.0,1997MM08,78.3
60341,A4,339200,60341,1.1,0.0,1997MM09,78.3
60342,A4,339200,60342,1.2,0.0,1997MM10,78.3
60343,A4,339200,60343,1.2,0.0,1997MM11,78.3
60344,A4,339200,60344,1.2,0.0,1997MM12,78.3
60346,A4,339200,60346,1.2,0.9,1998MM01,79.0
60347,A4,339200,60347,1.7,0.4,1998MM02,79.3
60348,A4,339200,60348,1.7,0.1,1998MM03,79.4
60349,A4,339200,60349,1.6,0.1,1998MM04,79.4
60350,A4,339200,60350,1.5,-0.1,1998MM05,79.4
60351,A4,339200,60351,1.5,0.0,1998MM06,79.4
60352,A4,339200,60352,1.5,0.1,1998MM07,79.5
60353,A4,339200,60353,1.5,0.0,1998MM08,79.4
60354,A4,339200,60354,1.5,0.0,1998MM09,79.4
60355,A4,339200,60355,1.7,0.2,1998MM10,79.6
60356,A4,339200,60356,1.7,0.0,1998MM11,79.6
60357,A4,339200,60357,1.7,0.0,1998MM12,79.6
60359,A4,339200,60359,1.9,1.1,1999MM01,80.4
60360,A4,339200,60360,1.5,0.1,1999MM02,80.5
60361,A4,339200,60361,1.4,0.0,1999MM03,80.5
60362,A4,339200,60362,1.5,0.2,1999MM04,80.6
60363,A4,339200,60363,1.6,0.0,1999MM05,80.6
60364,A4,339200,60364,1.7,0.1,1999MM06,80.7
60365,A4,339200,60365,1.8,0.2,1999MM07,80.9
60366,A4,339200,60366,1.8,0.0,1999MM08,80.9
60367,A4,339200,60367,1.8,0.0,1999MM09,80.9
60368,A4,339200,60368,1.6,0.0,1999MM10,80.8
60369,A4,339200,60369,1.5,-0.1,1999MM11,80.8
60370,A4,339200,60370,1.4,-0.1,1999MM12,80.7
60372,A4,339200,60372,0.9,0.6,2000MM01,81.2
60373,A4,339200,60373,1.1,0.2,2000MM02,81.3
60374,A4,339200,60374,1.0,-0.1,2000MM03,81.3
60375,A4,339200,60375,0.8,0.1,2000MM04,81.3
60376,A4,339200,60376,0.9,0.1,2000MM05,81.3
60377,A4,339200,60377,1.0,0.2,2000MM06,81.5
60378,A4,339200,60378,1.1,0.3,2000MM07,81.8
60379,A4,339200,60379,1.1,0.0,2000MM08,81.8
60380,A4,339200,60380,1.1,0.0,2000MM09,81.8
60381,A4,339200,60381,1.1,-0.1,2000MM10,81.7
60382,A4,339200,60382,1.4,0.2,2000MM11,81.9
60383,A4,339200,60383,1.5,0.1,2000MM12,82.0
60385,A4,339200,60385,1.9,0.9,2001MM01,82.7
60386,A4,339200,60386,1.7,0.0,2001MM02,82.7
60387,A4,339200,60387,1.9,0.2,2001MM03,82.8
60388,A4,339200,60388,1.9,0.0,2001MM04,82.8
60389,A4,339200,60389,2.0,0.2,2001MM05,82.9
60390,A4,339200,60390,1.7,-0.1,2001MM06,82.9
60391,A4,339200,60391,1.4,0.0,2001MM07,82.9
60392,A4,339200,60392,1.6,0.3,2001MM08,83.1
60393,A4,339200,60393,1.5,-0.1,2001MM09,83.0
60394,A4,339200,60394,2.4,0.8,2001MM10,83.7
60395,A4,339200,60395,2.2,0.0,2001MM11,83.7
60396,A4,339200,60396,2.0,-0.1,2001MM12,83.6
60398,A4,339200,60398,2.1,1.0,2002MM01,84.5
60399,A4,339200,60399,2.2,0.0,2002MM02,84.5
60400,A4,339200,60400,2.1,0.1,2002MM03,84.6
60401,A4,339200,60401,2.5,0.3,2002MM04,84.9
60402,A4,339200,60402,2.2,-0.1,2002MM05,84.8
60403,A4,339200,60403,2.6,0.2,2002MM06,85.0
60404,A4,339200,60404,2.6,0.0,2002MM07,85.0
60405,A4,339200,60405,2.3,-0.1,2002MM08,85.0
60406,A4,339200,60406,2.3,-0.1,2002MM09,84.9
60407,A4,339200,60407,1.8,0.3,2002MM10,85.2
60408,A4,339200,60408,1.6,-0.2,2002MM11,85.0
60409,A4,339200,60409,1.9,0.1,2002MM12,85.2
60411,A4,339200,60411,1.8,1.0,2003MM01,86.0
60412,A4,339200,60412,2.1,0.4,2003MM02,86.3
60413,A4,339200,60413,1.7,-0.3,2003MM03,86.1
60414,A4,339200,60414,1.5,0.1,2003MM04,86.1
60415,A4,339200,60415,1.8,0.3,2003MM05,86.3
60416,A4,339200,60416,1.1,-0.4,2003MM06,86.0
60417,A4,339200,60417,1.3,0.2,2003MM07,86.1
60418,A4,339200,60418,1.0,-0.3,2003MM08,85.8
60419,A4,339200,60419,1.5,0.4,2003MM09,86.2
60420,A4,339200,60420,0.9,-0.2,2003MM10,86.0
60421,A4,339200,60421,1.2,0.0,2003MM11,86.0
60422,A4,339200,60422,1.0,0.0,2003MM12,86.0
60424,A4,339200,60424,0.1,0.1,2004MM01,86.1
60425,A4,339200,60425,-0.2,0.0,2004MM02,86.1
60426,A4,339200,60426,0.1,0.0,2004MM03,86.1
60427,A4,339200,60427,0.3,0.3,2004MM04,86.4
60428,A4,339200,60428,0.0,-0.1,2004MM05,86.3
60429,A4,339200,60429,0.6,0.1,2004MM06,86.5
60430,A4,339200,60430,0.6,0.3,2004MM07,86.7
60431,A4,339200,60431,0.8,-0.2,2004MM08,86.5
60432,A4,339200,60432,0.3,-0.1,2004MM09,86.5
60433,A4,339200,60433,0.5,-0.1,2004MM10,86.4
60434,A4,339200,60434,0.1,-0.3,2004MM11,86.1
60435,A4,339200,60435,0.3,0.1,2004MM12,86.2
60437,A4,339200,60437,0.546153846154,0.05,2005MM01,87.2
60438,A4,339200,60438,0.792307692308,0.0,2005MM02,87.2
60439,A4,339200,60439,1.03846153846,0.1,2005MM03,87.3
60440,A4,339200,60440,1.28461538462,0.4,2005MM04,87.7
60441,A4,339200,60441,1.53076923077,0.0,2005MM05,87.7
60442,A4,339200,60442,1.77692307692,0.7,2005MM06,88.4
60443,A4,339200,60443,2.02307692308,0.0,2005MM07,88.4
60444,A4,339200,60444,2.26923076923,0.1,2005MM08,88.5
60445,A4,339200,60445,2.51538461538,0.2,2005MM09,88.6
60446,A4,339200,60446,2.76153846154,0.4,2005MM10,89.0
60447,A4,339200,60447,3.00769230769,0.1,2005MM11,89.1
60448,A4,339200,60448,3.25384615385,0.1,2005MM12,89.2
60450,A4,339200,60450,3.5,1.2,2006MM01,90.2
60451,A4,339200,60451,3.9,0.4,2006MM02,90.6
60452,A4,339200,60452,3.4,-0.3,2006MM03,90.4
60453,A4,339200,60453,3.3,0.2,2006MM04,90.6
60454,A4,339200,60454,3.5,0.2,2006MM05,90.8
60455,A4,339200,60455,2.4,-0.3,2006MM06,90.5
60456,A4,339200,60456,2.7,0.3,2006MM07,90.8
60457,A4,339200,60457,2.7,0.1,2006MM08,90.8
60458,A4,339200,60458,2.3,-0.2,2006MM09,90.7
60459,A4,339200,60459,2.0,0.1,2006MM10,90.8
60460,A4,339200,60460,2.1,0.2,2006MM11,90.9
60461,A4,339200,60461,2.1,0.2,2006MM12,91.1
60463,A4,339200,60463,1.8,0.9,2007MM01,91.9
60464,A4,339200,60464,1.6,0.2,2007MM02,92.0
60465,A4,339200,60465,1.7,-0.2,2007MM03,91.9
60466,A4,339200,60466,1.7,0.3,2007MM04,92.2
60467,A4,339200,60467,1.5,0.0,2007MM05,92.1
60468,A4,339200,60468,1.7,0.0,2007MM06,92.1
60469,A4,339200,60469,1.7,0.3,2007MM07,92.3
60470,A4,339200,60470,1.9,0.2,2007MM08,92.6
60471,A4,339200,60471,2.2,0.2,2007MM09,92.7
60472,A4,339200,60472,1.9,-0.2,2007MM10,92.6
60473,A4,339200,60473,2.0,0.2,2007MM11,92.8
60474,A4,339200,60474,1.8,0.0,2007MM12,92.8
60476,A4,339200,60476,2.3,1.4,2008MM01,94.0
60477,A4,339200,60477,2.3,0.2,2008MM02,94.2
60478,A4,339200,60478,2.6,0.0,2008MM03,94.2
60479,A4,339200,60479,3.5,1.2,2008MM04,95.3
60480,A4,339200,60480,3.5,0.0,2008MM05,95.3
60481,A4,339200,60481,3.7,0.2,2008MM06,95.5
60482,A4,339200,60482,3.3,-0.1,2008MM07,95.4
60483,A4,339200,60483,2.6,-0.5,2008MM08,94.9
60484,A4,339200,60484,2.6,0.2,2008MM09,95.1
60485,A4,339200,60485,2.9,0.2,2008MM10,95.3
60486,A4,339200,60486,2.6,-0.1,2008MM11,95.2
60487,A4,339200,60487,2.7,0.1,2008MM12,95.2
60489,A4,339200,60489,2.6,1.3,2009MM01,96.5
60490,A4,339200,60490,2.9,0.5,2009MM02,96.9
60491,A4,339200,60491,2.6,-0.3,2009MM03,96.7
60492,A4,339200,60492,1.9,0.5,2009MM04,97.1
60493,A4,339200,60493,1.9,0.0,2009MM05,97.1
60494,A4,339200,60494,1.7,0.0,2009MM06,97.1
60495,A4,339200,60495,1.7,-0.1,2009MM07,97.0
60496,A4,339200,60496,2.2,0.0,2009MM08,97.0
60497,A4,339200,60497,2.2,0.1,2009MM09,97.2
60498,A4,339200,60498,2.4,0.4,2009MM10,97.6
60499,A4,339200,60499,2.8,0.3,2009MM11,97.8
60500,A4,339200,60500,2.6,-0.1,2009MM12,97.7
60502,A4,339200,60502,1.0,-0.3,2010MM01,97.4
60503,A4,339200,60503,0.6,0.1,2010MM02,97.5
60504,A4,339200,60504,1.0,0.1,2010MM03,97.6
60505,A4,339200,60505,2.8,2.3,2010MM04,99.9
60506,A4,339200,60506,3.4,0.6,2010MM05,100.5
60507,A4,339200,60507,3.8,0.3,2010MM06,100.7
60508,A4,339200,60508,3.8,0.0,2010MM07,100.8
60509,A4,339200,60509,3.9,0.0,2010MM08,100.8
60510,A4,339200,60510,3.9,0.2,2010MM09,101.0
60511,A4,339200,60511,3.5,0.0,2010MM10,101.0
60512,A4,339200,60512,3.5,0.2,2010MM11,101.3
60513,A4,339200,60513,3.9,0.3,2010MM12,101.5
60515,A4,339200,60515,4.5,0.2,2011MM01,101.8
60516,A4,339200,60516,4.3,0.0,2011MM02,101.7
60517,A4,339200,60517,4.3,0.1,2011MM03,101.8
60518,A4,339200,60518,3.9,1.9,2011MM04,103.8
60519,A4,339200,60519,3.5,0.2,2011MM05,104.0
60520,A4,339200,60520,3.3,0.1,2011MM06,104.0
60521,A4,339200,60521,3.7,0.5,2011MM07,104.5
60522,A4,339200,60522,4.4,0.7,2011MM08,105.2
60523,A4,339200,60523,4.5,0.3,2011MM09,105.6
60524,A4,339200,60524,3.3,-1.2,2011MM10,104.3
60525,A4,339200,60525,3.4,0.3,2011MM11,104.7
60526,A4,339200,60526,3.0,-0.1,2011MM12,104.6
60528,A4,339200,60528,3.0,0.2,2012MM01,104.8
60529,A4,339200,60529,3.2,0.2,2012MM02,105.0
60530,A4,339200,60530,2.9,-0.3,2012MM03,104.7
60531,A4,339200,60531,1.9,0.9,2012MM04,105.7
60532,A4,339200,60532,1.6,-0.1,2012MM05,105.7
60533,A4,339200,60533,1.5,-0.1,2012MM06,105.6
60534,A4,339200,60534,1.3,0.3,2012MM07,105.9
60535,A4,339200,60535,0.7,0.1,2012MM08,106.0
60536,A4,339200,60536,0.7,0.2,2012MM09,106.3
60537,A4,339200,60537,2.2,0.3,2012MM10,106.6
60538,A4,339200,60538,1.9,0.0,2012MM11,106.6
60539,A4,339200,60539,1.7,-0.3,2012MM12,106.3
60541,A4,339200,60541,1.8,0.3,2013MM01,106.7
60542,A4,339200,60542,1.4,-0.2,2013MM02,106.5
60543,A4,339200,60543,1.8,0.1,2013MM03,106.6
60544,A4,339200,60544,0.5,-0.3,2013MM04,106.3
60545,A4,339200,60545,0.3,-0.3,2013MM05,106.0
60546,A4,339200,60546,0.0,-0.4,2013MM06,105.6
60547,A4,339200,60547,-0.4,-0.1,2013MM07,105.4
60548,A4,339200,60548,-0.4,0.2,2013MM08,105.6
60549,A4,339200,60549,-0.6,0.0,2013MM09,105.6
60550,A4,339200,60550,-1.4,-0.5,2013MM10,105.1
60551,A4,339200,60551,-1.5,-0.1,2013MM11,105.0
60552,A4,339200,60552,-1.5,-0.3,2013MM12,104.7
60554,A4,339200,60554,-1.5,0.4,2014MM01,105.1
60555,A4,339200,60555,-1.1,0.2,2014MM02,105.3
60556,A4,339200,60556,-1.1,0.1,2014MM03,105.4
60557,A4,339200,60557,-0.7,0.1,2014MM04,105.5
60558,A4,339200,60558,-0.5,0.0,2014MM05,105.5
60559,A4,339200,60559,-0.1,0.0,2014MM06,105.5
60560,A4,339200,60560,0.3,0.3,2014MM07,105.8
60561,A4,339200,60561,0.2,0.0,2014MM08,105.8
60562,A4,339200,60562,0.1,-0.1,2014MM09,105.7
60563,A4,339200,60563,0.9,0.3,2014MM10,106.0
60564,A4,339200,60564,0.9,-0.1,2014MM11,105.9
60565,A4,339200,60565,1.3,0.2,2014MM12,106.1
60567,A4,339200,60567,1.4,0.4,2015MM01,106.5
60568,A4,339200,60568,1.5,0.4,2015MM02,106.9
60569,A4,339200,60569,1.5,0.0,2015MM03,107.0
60570,A4,339200,60570,2.3,0.9,2015MM04,107.9
60571,A4,339200,60571,2.0,-0.3,2015MM05,107.6
60572,A4,339200,60572,1.9,-0.1,2015MM06,107.5
60573,A4,339200,60573,0.5,-1.2,2015MM07,106.2
60574,A4,339200,60574,0.3,-0.1,2015MM08,106.1
60575,A4,339200,60575,0.4,0.0,2015MM09,106.1
60576,A4,339200,60576,0.5,0.4,2015MM10,106.6
60577,A4,339200,60577,0.5,-0.1,2015MM11,106.5
60578,A4,339200,60578,0.2,-0.2,2015MM12,106.3
60580,A4,339200,60580,0.3,0.6,2016MM01,106.9
60581,A4,339200,60581,0.3,0.4,2016MM02,107.3
60582,A4,339200,60582,0.5,0.2,2016MM03,107.5
60583,A4,339200,60583,-0.3,0.1,2016MM04,107.6
60584,A4,339200,60584,0.1,0.1,2016MM05,107.7
60585,A4,339200,60585,0.3,0.1,2016MM06,107.8
60586,A4,339200,60586,2.0,0.5,2016MM07,108.3
60587,A4,339200,60587,2.0,-0.1,2016MM08,108.3
60588,A4,339200,60588,1.9,-0.1,2016MM09,108.2
60589,A4,339200,60589,1.6,0.0,2016MM10,108.2
60590,A4,339200,60590,1.6,0.0,2016MM11,108.2
60591,A4,339200,60591,1.6,-0.2,2016MM12,108.0
60593,A4,339200,60593,1.5,0.5,2017MM01,108.5
60594,A4,339200,60594,1.3,0.2,2017MM02,108.7
60595,A4,339200,60595,1.1,0.0,2017MM03,108.7
60596,A4,339200,60596,1.6,0.6,2017MM04,109.4
60597,A4,339200,60597,1.2,-0.3,2017MM05,109.0
60598,A4,339200,60598,1.2,0.1,2017MM06,109.1
60599,A4,339200,60599,0.7,0.0,2017MM07,109.1
60600,A4,339200,60600,0.7,-0.1,2017MM08,109.0
60601,A4,339200,60601,0.9,0.2,2017MM09,109.2
60602,A4,339200,60602,0.7,-0.2,2017MM10,109.0
60603,A4,339200,60603,0.7,0.0,2017MM11,109.0
60604,A4,339200,60604,0.8,-0.1,2017MM12,108.9
