,Afzet,BedrijfstakkenBranchesSBI2008,ID,OntwikkelingTOV1JaarEerder_2,OntwikkelingTOV1MaandEerder_3,Perioden,ProducentenprijsindexPPI_1
27898,A6,339200,27898,,,1981MM01,59.1
27899,A6,339200,27899,,0.0,1981MM02,59.1
27900,A6,339200,27900,,0.0,1981MM03,59.2
27901,A6,339200,27901,,0.2,1981MM04,59.2
27902,A6,339200,27902,,0.0,1981MM05,59.3
27903,A6,339200,27903,,0.0,1981MM06,59.3
27904,A6,339200,27904,,0.4,1981MM07,59.5
27905,A6,339200,27905,,0.1,1981MM08,59.6
27906,A6,339200,27906,,1.3,1981MM09,60.3
27907,A6,339200,27907,,-0.1,1981MM10,60.3
27908,A6,339200,27908,,-0.1,1981MM11,60.2
27909,A6,339200,27909,,-0.1,1981MM12,60.1
27911,A6,339200,27911,2.5,0.8,1982MM01,60.6
27912,A6,339200,27912,2.7,0.2,1982MM02,60.7
27913,A6,339200,27913,2.7,0.1,1982MM03,60.8
27914,A6,339200,27914,7.0,4.3,1982MM04,63.4
27915,A6,339200,27915,6.9,0.0,1982MM05,63.4
27916,A6,339200,27916,6.6,-0.3,1982MM06,63.2
27917,A6,339200,27917,6.6,0.4,1982MM07,63.4
27918,A6,339200,27918,7.3,0.8,1982MM08,63.9
27919,A6,339200,27919,5.7,-0.2,1982MM09,63.8
27920,A6,339200,27920,5.3,-0.5,1982MM10,63.5
27921,A6,339200,27921,5.8,0.3,1982MM11,63.7
27922,A6,339200,27922,6.0,0.2,1982MM12,63.8
27924,A6,339200,27924,7.8,2.4,1983MM01,65.3
27925,A6,339200,27925,7.6,0.0,1983MM02,65.3
27926,A6,339200,27926,7.3,-0.2,1983MM03,65.2
27927,A6,339200,27927,2.0,-0.8,1983MM04,64.7
27928,A6,339200,27928,2.1,0.1,1983MM05,64.7
27929,A6,339200,27929,2.4,0.0,1983MM06,64.7
27930,A6,339200,27930,2.2,0.2,1983MM07,64.8
27931,A6,339200,27931,1.9,0.5,1983MM08,65.1
27932,A6,339200,27932,2.2,0.1,1983MM09,65.2
27933,A6,339200,27933,2.9,0.2,1983MM10,65.3
27934,A6,339200,27934,2.6,0.0,1983MM11,65.3
27935,A6,339200,27935,2.5,0.1,1983MM12,65.4
27937,A6,339200,27937,2.6,2.4,1984MM01,67.0
27938,A6,339200,27938,2.5,0.0,1984MM02,67.0
27939,A6,339200,27939,2.8,0.1,1984MM03,67.0
27940,A6,339200,27940,3.4,-0.2,1984MM04,66.9
27941,A6,339200,27941,3.4,0.1,1984MM05,66.9
27942,A6,339200,27942,4.0,0.6,1984MM06,67.3
27943,A6,339200,27943,4.7,0.8,1984MM07,67.8
27944,A6,339200,27944,4.2,0.1,1984MM08,67.9
27945,A6,339200,27945,4.7,0.6,1984MM09,68.3
27946,A6,339200,27946,4.3,-0.2,1984MM10,68.1
27947,A6,339200,27947,4.3,0.0,1984MM11,68.1
27948,A6,339200,27948,4.2,0.1,1984MM12,68.2
27950,A6,339200,27950,3.1,1.3,1985MM01,69.1
27951,A6,339200,27951,3.4,0.2,1985MM02,69.2
27952,A6,339200,27952,3.4,0.1,1985MM03,69.3
27953,A6,339200,27953,3.8,0.2,1985MM04,69.4
27954,A6,339200,27954,4.0,0.2,1985MM05,69.6
27955,A6,339200,27955,3.6,0.2,1985MM06,69.7
27956,A6,339200,27956,3.0,0.3,1985MM07,69.9
27957,A6,339200,27957,3.4,0.4,1985MM08,70.2
27958,A6,339200,27958,3.0,0.2,1985MM09,70.3
27959,A6,339200,27959,3.4,0.2,1985MM10,70.5
27960,A6,339200,27960,3.3,-0.1,1985MM11,70.4
27961,A6,339200,27961,3.2,0.0,1985MM12,70.3
27963,A6,339200,27963,3.0,1.2,1986MM01,71.2
27964,A6,339200,27964,2.5,-0.4,1986MM02,70.9
27965,A6,339200,27965,2.3,0.0,1986MM03,70.9
27966,A6,339200,27966,2.2,0.1,1986MM04,71.0
27967,A6,339200,27967,1.9,-0.1,1986MM05,70.9
27968,A6,339200,27968,1.7,0.0,1986MM06,70.9
27969,A6,339200,27969,1.6,0.1,1986MM07,71.0
27970,A6,339200,27970,1.0,-0.2,1986MM08,70.8
27971,A6,339200,27971,0.8,0.0,1986MM09,70.9
27972,A6,339200,27972,0.7,0.2,1986MM10,71.0
27973,A6,339200,27973,0.9,0.0,1986MM11,71.0
27974,A6,339200,27974,0.9,0.0,1986MM12,70.9
27976,A6,339200,27976,-0.3,0.0,1987MM01,70.9
27977,A6,339200,27977,-0.1,-0.1,1987MM02,70.9
27978,A6,339200,27978,-0.3,-0.3,1987MM03,70.7
27979,A6,339200,27979,-0.3,0.1,1987MM04,70.8
27980,A6,339200,27980,0.0,0.1,1987MM05,70.9
27981,A6,339200,27981,0.1,0.1,1987MM06,70.9
27982,A6,339200,27982,0.1,0.2,1987MM07,71.1
27983,A6,339200,27983,0.8,0.5,1987MM08,71.4
27984,A6,339200,27984,1.0,0.2,1987MM09,71.6
27985,A6,339200,27985,1.1,0.3,1987MM10,71.8
27986,A6,339200,27986,1.1,-0.1,1987MM11,71.7
27987,A6,339200,27987,1.1,0.0,1987MM12,71.7
27989,A6,339200,27989,1.7,0.6,1988MM01,72.2
27990,A6,339200,27990,2.0,0.1,1988MM02,72.3
27991,A6,339200,27991,2.3,0.1,1988MM03,72.3
27992,A6,339200,27992,2.7,0.5,1988MM04,72.7
27993,A6,339200,27993,2.6,0.0,1988MM05,72.7
27994,A6,339200,27994,2.6,0.0,1988MM06,72.8
27995,A6,339200,27995,2.4,0.0,1988MM07,72.8
27996,A6,339200,27996,3.0,1.1,1988MM08,73.6
27997,A6,339200,27997,2.7,-0.1,1988MM09,73.5
27998,A6,339200,27998,2.6,0.2,1988MM10,73.7
27999,A6,339200,27999,2.6,-0.1,1988MM11,73.6
28000,A6,339200,28000,2.5,-0.1,1988MM12,73.5
28002,A6,339200,28002,3.0,1.1,1989MM01,74.4
28003,A6,339200,28003,2.9,0.1,1989MM02,74.4
28004,A6,339200,28004,3.2,0.4,1989MM03,74.7
28005,A6,339200,28005,3.1,0.4,1989MM04,75.0
28006,A6,339200,28006,3.1,0.1,1989MM05,75.0
28007,A6,339200,28007,3.4,0.4,1989MM06,75.3
28008,A6,339200,28008,3.9,0.4,1989MM07,75.6
28009,A6,339200,28009,3.4,0.7,1989MM08,76.1
28010,A6,339200,28010,3.6,0.1,1989MM09,76.2
28011,A6,339200,28011,3.3,-0.1,1989MM10,76.1
28012,A6,339200,28012,3.4,0.1,1989MM11,76.1
28013,A6,339200,28013,3.8,0.2,1989MM12,76.3
28015,A6,339200,28015,3.3,0.7,1990MM01,76.8
28016,A6,339200,28016,3.4,0.2,1990MM02,77.0
28017,A6,339200,28017,2.9,-0.2,1990MM03,76.8
28018,A6,339200,28018,3.7,1.1,1990MM04,77.7
28019,A6,339200,28019,3.2,-0.4,1990MM05,77.4
28020,A6,339200,28020,3.1,0.2,1990MM06,77.6
28021,A6,339200,28021,3.2,0.6,1990MM07,78.0
28022,A6,339200,28022,2.8,0.3,1990MM08,78.2
28023,A6,339200,28023,2.9,0.2,1990MM09,78.4
28024,A6,339200,28024,2.4,-0.7,1990MM10,77.9
28025,A6,339200,28025,2.5,0.1,1990MM11,78.0
28026,A6,339200,28026,2.2,-0.1,1990MM12,78.0
28028,A6,339200,28028,3.4,1.9,1991MM01,79.4
28029,A6,339200,28029,2.9,-0.2,1991MM02,79.2
28030,A6,339200,28030,3.2,0.1,1991MM03,79.3
28031,A6,339200,28031,2.3,0.2,1991MM04,79.5
28032,A6,339200,28032,2.4,-0.2,1991MM05,79.3
28033,A6,339200,28033,1.9,-0.3,1991MM06,79.1
28034,A6,339200,28034,1.3,0.0,1991MM07,79.1
28035,A6,339200,28035,1.4,0.3,1991MM08,79.3
28036,A6,339200,28036,1.6,0.4,1991MM09,79.7
28037,A6,339200,28037,2.6,0.3,1991MM10,79.9
28038,A6,339200,28038,2.5,0.0,1991MM11,79.9
28039,A6,339200,28039,2.6,0.1,1991MM12,80.0
28041,A6,339200,28041,1.3,0.5,1992MM01,80.4
28042,A6,339200,28042,1.9,0.4,1992MM02,80.7
28043,A6,339200,28043,2.2,0.4,1992MM03,81.0
28044,A6,339200,28044,2.2,0.2,1992MM04,81.2
28045,A6,339200,28045,2.6,0.2,1992MM05,81.4
28046,A6,339200,28046,4.5,1.6,1992MM06,82.6
28047,A6,339200,28047,4.8,0.3,1992MM07,82.9
28048,A6,339200,28048,4.8,0.3,1992MM08,83.2
28049,A6,339200,28049,3.7,-0.7,1992MM09,82.6
28050,A6,339200,28050,2.8,-0.6,1992MM10,82.1
28051,A6,339200,28051,2.2,-0.6,1992MM11,81.6
28052,A6,339200,28052,1.5,-0.6,1992MM12,81.2
28054,A6,339200,28054,1.0,0.0,1993MM01,81.2
28055,A6,339200,28055,1.2,0.5,1993MM02,81.6
28056,A6,339200,28056,-0.2,-0.9,1993MM03,80.9
28057,A6,339200,28057,0.2,0.6,1993MM04,81.4
28058,A6,339200,28058,0.2,0.2,1993MM05,81.5
28059,A6,339200,28059,-1.2,0.2,1993MM06,81.7
28060,A6,339200,28060,-0.4,1.1,1993MM07,82.6
28061,A6,339200,28061,-0.4,0.2,1993MM08,82.8
28062,A6,339200,28062,0.1,-0.1,1993MM09,82.7
28063,A6,339200,28063,0.1,-0.6,1993MM10,82.2
28064,A6,339200,28064,0.9,0.2,1993MM11,82.4
28065,A6,339200,28065,1.9,0.4,1993MM12,82.7
28067,A6,339200,28067,2.0,0.1,1994MM01,82.8
28068,A6,339200,28068,2.5,1.0,1994MM02,83.7
28069,A6,339200,28069,3.6,0.2,1994MM03,83.8
28070,A6,339200,28070,2.0,-1.0,1994MM04,83.0
28071,A6,339200,28071,1.9,0.1,1994MM05,83.1
28072,A6,339200,28072,1.7,0.0,1994MM06,83.1
28073,A6,339200,28073,0.8,0.2,1994MM07,83.3
28074,A6,339200,28074,0.7,0.2,1994MM08,83.4
28075,A6,339200,28075,0.2,-0.6,1994MM09,82.9
28076,A6,339200,28076,1.2,0.4,1994MM10,83.2
28077,A6,339200,28077,0.9,0.0,1994MM11,83.2
28078,A6,339200,28078,0.6,0.1,1994MM12,83.2
28080,A6,339200,28080,0.5,0.0,1995MM01,83.2
28081,A6,339200,28081,-0.9,-0.4,1995MM02,82.9
28082,A6,339200,28082,-1.0,0.1,1995MM03,83.0
28083,A6,339200,28083,-0.4,-0.3,1995MM04,82.7
28084,A6,339200,28084,-1.2,-0.7,1995MM05,82.1
28085,A6,339200,28085,-0.6,0.6,1995MM06,82.6
28086,A6,339200,28086,-0.2,0.6,1995MM07,83.1
28087,A6,339200,28087,0.2,0.6,1995MM08,83.6
28088,A6,339200,28088,1.1,0.2,1995MM09,83.8
28089,A6,339200,28089,0.6,-0.1,1995MM10,83.7
28090,A6,339200,28090,0.9,0.3,1995MM11,84.0
28091,A6,339200,28091,0.9,0.1,1995MM12,84.0
28093,A6,339200,28093,1.6,0.7,1996MM01,84.6
28094,A6,339200,28094,2.0,0.0,1996MM02,84.6
28095,A6,339200,28095,2.0,0.1,1996MM03,84.7
28096,A6,339200,28096,2.7,0.3,1996MM04,84.9
28097,A6,339200,28097,3.6,0.2,1996MM05,85.1
28098,A6,339200,28098,3.1,0.2,1996MM06,85.2
28099,A6,339200,28099,2.3,-0.2,1996MM07,85.0
28100,A6,339200,28100,1.4,-0.2,1996MM08,84.8
28101,A6,339200,28101,1.5,0.3,1996MM09,85.0
28102,A6,339200,28102,2.0,0.4,1996MM10,85.4
28103,A6,339200,28103,1.9,0.2,1996MM11,85.6
28104,A6,339200,28104,2.0,0.2,1996MM12,85.7
28106,A6,339200,28106,2.1,0.7,1997MM01,86.3
28107,A6,339200,28107,2.2,0.1,1997MM02,86.4
28108,A6,339200,28108,2.2,0.1,1997MM03,86.5
28109,A6,339200,28109,2.1,0.2,1997MM04,86.7
28110,A6,339200,28110,1.9,0.0,1997MM05,86.7
28111,A6,339200,28111,1.9,0.1,1997MM06,86.8
28112,A6,339200,28112,2.4,0.2,1997MM07,87.0
28113,A6,339200,28113,2.5,-0.1,1997MM08,86.9
28114,A6,339200,28114,2.0,-0.2,1997MM09,86.8
28115,A6,339200,28115,0.9,-0.7,1997MM10,86.2
28116,A6,339200,28116,0.9,0.1,1997MM11,86.3
28117,A6,339200,28117,0.8,0.1,1997MM12,86.4
28119,A6,339200,28119,1.2,1.1,1998MM01,87.3
28120,A6,339200,28120,1.2,0.1,1998MM02,87.4
28121,A6,339200,28121,1.2,0.2,1998MM03,87.6
28122,A6,339200,28122,1.0,-0.1,1998MM04,87.5
28123,A6,339200,28123,0.7,-0.3,1998MM05,87.3
28124,A6,339200,28124,0.7,0.1,1998MM06,87.4
28125,A6,339200,28125,-0.1,-0.6,1998MM07,86.9
28126,A6,339200,28126,-0.1,-0.1,1998MM08,86.8
28127,A6,339200,28127,-0.2,-0.2,1998MM09,86.6
28128,A6,339200,28128,0.0,-0.5,1998MM10,86.2
28129,A6,339200,28129,-0.1,0.1,1998MM11,86.3
28130,A6,339200,28130,-0.2,0.0,1998MM12,86.2
28132,A6,339200,28132,-2.0,-0.7,1999MM01,85.6
28133,A6,339200,28133,-1.8,0.3,1999MM02,85.8
28134,A6,339200,28134,-1.7,0.3,1999MM03,86.1
28135,A6,339200,28135,-1.6,0.1,1999MM04,86.1
28136,A6,339200,28136,-1.2,0.1,1999MM05,86.2
28137,A6,339200,28137,-1.2,0.2,1999MM06,86.4
28138,A6,339200,28138,1.7,2.3,1999MM07,88.4
28139,A6,339200,28139,1.7,-0.1,1999MM08,88.3
28140,A6,339200,28140,2.2,0.2,1999MM09,88.5
28141,A6,339200,28141,2.7,0.0,1999MM10,88.5
28142,A6,339200,28142,2.7,0.1,1999MM11,88.6
28143,A6,339200,28143,2.9,0.1,1999MM12,88.7
28145,A6,339200,28145,3.1,-0.5,2000MM01,88.3
28146,A6,339200,28146,3.0,0.1,2000MM02,88.4
28147,A6,339200,28147,2.7,0.1,2000MM03,88.4
28148,A6,339200,28148,3.0,0.3,2000MM04,88.7
28149,A6,339200,28149,2.9,0.0,2000MM05,88.7
28150,A6,339200,28150,2.2,-0.5,2000MM06,88.3
28151,A6,339200,28151,-0.4,-0.3,2000MM07,88.0
28152,A6,339200,28152,-0.1,0.3,2000MM08,88.3
28153,A6,339200,28153,-0.3,0.0,2000MM09,88.3
28154,A6,339200,28154,0.1,0.4,2000MM10,88.6
28155,A6,339200,28155,-0.2,-0.1,2000MM11,88.5
28156,A6,339200,28156,-0.5,-0.2,2000MM12,88.3
28158,A6,339200,28158,-0.3,-0.3,2001MM01,88.0
28159,A6,339200,28159,-0.3,0.0,2001MM02,88.1
28160,A6,339200,28160,-0.3,0.1,2001MM03,88.1
28161,A6,339200,28161,-0.5,0.1,2001MM04,88.2
28162,A6,339200,28162,-0.4,0.2,2001MM05,88.4
28163,A6,339200,28163,0.2,0.1,2001MM06,88.5
28164,A6,339200,28164,-0.1,-0.7,2001MM07,87.9
28165,A6,339200,28165,-0.7,-0.2,2001MM08,87.7
28166,A6,339200,28166,-0.7,0.0,2001MM09,87.7
28167,A6,339200,28167,-0.9,0.1,2001MM10,87.8
28168,A6,339200,28168,-0.7,0.1,2001MM11,87.9
28169,A6,339200,28169,-0.5,0.0,2001MM12,87.9
28171,A6,339200,28171,0.8,1.0,2002MM01,88.7
28172,A6,339200,28172,0.9,0.1,2002MM02,88.8
28173,A6,339200,28173,0.7,0.0,2002MM03,88.8
28174,A6,339200,28174,0.7,0.1,2002MM04,88.9
28175,A6,339200,28175,0.3,-0.2,2002MM05,88.7
28176,A6,339200,28176,0.0,-0.2,2002MM06,88.5
28177,A6,339200,28177,1.3,0.6,2002MM07,89.0
28178,A6,339200,28178,1.6,0.0,2002MM08,89.1
28179,A6,339200,28179,1.6,0.1,2002MM09,89.1
28180,A6,339200,28180,1.6,0.1,2002MM10,89.2
28181,A6,339200,28181,1.3,-0.1,2002MM11,89.0
28182,A6,339200,28182,1.3,-0.1,2002MM12,89.0
28184,A6,339200,28184,0.7,0.5,2003MM01,89.4
28185,A6,339200,28185,0.5,-0.1,2003MM02,89.3
28186,A6,339200,28186,0.4,-0.2,2003MM03,89.1
28187,A6,339200,28187,0.4,0.1,2003MM04,89.2
28188,A6,339200,28188,0.4,-0.3,2003MM05,89.0
28189,A6,339200,28189,0.6,0.1,2003MM06,89.0
28190,A6,339200,28190,0.4,0.5,2003MM07,89.4
28191,A6,339200,28191,0.4,0.0,2003MM08,89.4
28192,A6,339200,28192,0.4,0.1,2003MM09,89.5
28193,A6,339200,28193,0.3,0.0,2003MM10,89.5
28194,A6,339200,28194,0.5,0.0,2003MM11,89.5
28195,A6,339200,28195,0.4,-0.1,2003MM12,89.4
28197,A6,339200,28197,3.8,3.8,2004MM01,92.8
28198,A6,339200,28198,4.0,0.1,2004MM02,92.9
28199,A6,339200,28199,4.5,0.2,2004MM03,93.1
28200,A6,339200,28200,4.2,-0.1,2004MM04,93.0
28201,A6,339200,28201,4.4,-0.1,2004MM05,92.9
28202,A6,339200,28202,4.5,0.2,2004MM06,93.1
28203,A6,339200,28203,4.2,0.2,2004MM07,93.2
28204,A6,339200,28204,4.2,-0.1,2004MM08,93.1
28205,A6,339200,28205,3.7,-0.3,2004MM09,92.8
28206,A6,339200,28206,3.3,-0.4,2004MM10,92.5
28207,A6,339200,28207,3.1,-0.2,2004MM11,92.2
28208,A6,339200,28208,3.3,0.1,2004MM12,92.3
28210,A6,339200,28210,3.26153846154,0.1,2005MM01,92.6
28211,A6,339200,28211,3.22307692308,0.1,2005MM02,92.7
28212,A6,339200,28212,3.18461538462,0.0,2005MM03,92.7
28213,A6,339200,28213,3.14615384615,0.7,2005MM04,93.4
28214,A6,339200,28214,3.10769230769,0.0,2005MM05,93.4
28215,A6,339200,28215,3.06923076923,0.6,2005MM06,94.0
28216,A6,339200,28216,3.03076923077,-0.2,2005MM07,93.8
28217,A6,339200,28217,2.99230769231,0.1,2005MM08,93.9
28218,A6,339200,28218,2.95384615385,0.2,2005MM09,94.1
28219,A6,339200,28219,2.91538461538,0.2,2005MM10,94.3
28220,A6,339200,28220,2.87692307692,0.1,2005MM11,94.4
28221,A6,339200,28221,2.83846153846,0.1,2005MM12,94.5
28223,A6,339200,28223,2.8,0.8,2006MM01,95.2
28224,A6,339200,28224,2.9,0.2,2006MM02,95.4
28225,A6,339200,28225,2.8,-0.1,2006MM03,95.3
28226,A6,339200,28226,3.9,1.8,2006MM04,97.0
28227,A6,339200,28227,4.2,0.3,2006MM05,97.3
28228,A6,339200,28228,3.1,-0.4,2006MM06,96.9
28229,A6,339200,28229,3.2,0.0,2006MM07,96.8
28230,A6,339200,28230,3.5,0.4,2006MM08,97.2
28231,A6,339200,28231,3.1,-0.2,2006MM09,97.0
28232,A6,339200,28232,2.8,-0.1,2006MM10,96.9
28233,A6,339200,28233,2.8,0.2,2006MM11,97.1
28234,A6,339200,28234,2.7,-0.1,2006MM12,97.0
28236,A6,339200,28236,2.1,0.2,2007MM01,97.2
28237,A6,339200,28237,2.1,0.2,2007MM02,97.4
28238,A6,339200,28238,2.2,0.0,2007MM03,97.4
28239,A6,339200,28239,0.6,0.3,2007MM04,97.6
28240,A6,339200,28240,0.5,0.1,2007MM05,97.8
28241,A6,339200,28241,1.1,0.1,2007MM06,97.9
28242,A6,339200,28242,1.2,0.0,2007MM07,98.0
28243,A6,339200,28243,0.9,0.1,2007MM08,98.1
28244,A6,339200,28244,1.2,0.1,2007MM09,98.2
28245,A6,339200,28245,1.4,0.1,2007MM10,98.3
28246,A6,339200,28246,1.2,-0.1,2007MM11,98.2
28247,A6,339200,28247,1.2,-0.1,2007MM12,98.1
28249,A6,339200,28249,1.6,0.6,2008MM01,98.7
28250,A6,339200,28250,1.8,0.4,2008MM02,99.2
28251,A6,339200,28251,1.8,0.0,2008MM03,99.2
28252,A6,339200,28252,2.4,0.9,2008MM04,100.0
28253,A6,339200,28253,2.6,0.3,2008MM05,100.4
28254,A6,339200,28254,2.4,0.0,2008MM06,100.3
28255,A6,339200,28255,2.9,0.5,2008MM07,100.8
28256,A6,339200,28256,2.7,-0.1,2008MM08,100.7
28257,A6,339200,28257,2.5,0.0,2008MM09,100.7
28258,A6,339200,28258,2.5,0.0,2008MM10,100.7
28259,A6,339200,28259,2.5,-0.1,2008MM11,100.7
28260,A6,339200,28260,2.4,-0.2,2008MM12,100.4
28262,A6,339200,28262,0.1,-1.6,2009MM01,98.9
28263,A6,339200,28263,-0.2,0.2,2009MM02,99.0
28264,A6,339200,28264,-0.4,-0.3,2009MM03,98.8
28265,A6,339200,28265,-1.1,0.2,2009MM04,98.9
28266,A6,339200,28266,-1.7,-0.3,2009MM05,98.7
28267,A6,339200,28267,-2.1,-0.5,2009MM06,98.2
28268,A6,339200,28268,-3.3,-0.7,2009MM07,97.5
28269,A6,339200,28269,-3.1,0.1,2009MM08,97.6
28270,A6,339200,28270,-3.1,0.0,2009MM09,97.6
28271,A6,339200,28271,-2.6,0.5,2009MM10,98.1
28272,A6,339200,28272,-2.5,0.1,2009MM11,98.2
28273,A6,339200,28273,-2.1,0.1,2009MM12,98.3
28275,A6,339200,28275,-0.3,0.3,2010MM01,98.5
28276,A6,339200,28276,-0.1,0.4,2010MM02,98.9
28277,A6,339200,28277,0.3,0.2,2010MM03,99.0
28278,A6,339200,28278,0.8,0.7,2010MM04,99.7
28279,A6,339200,28279,1.5,0.4,2010MM05,100.1
28280,A6,339200,28280,2.1,0.2,2010MM06,100.3
28281,A6,339200,28281,2.7,-0.1,2010MM07,100.2
28282,A6,339200,28282,2.9,0.2,2010MM08,100.4
28283,A6,339200,28283,3.1,0.2,2010MM09,100.6
28284,A6,339200,28284,2.6,0.1,2010MM10,100.7
28285,A6,339200,28285,2.6,0.1,2010MM11,100.8
28286,A6,339200,28286,2.7,0.1,2010MM12,100.9
28288,A6,339200,28288,2.8,0.4,2011MM01,101.3
28289,A6,339200,28289,2.7,0.2,2011MM02,101.5
28290,A6,339200,28290,2.5,0.0,2011MM03,101.5
28291,A6,339200,28291,2.4,0.7,2011MM04,102.2
28292,A6,339200,28292,2.2,0.2,2011MM05,102.3
28293,A6,339200,28293,1.9,-0.2,2011MM06,102.1
28294,A6,339200,28294,2.3,0.3,2011MM07,102.5
28295,A6,339200,28295,2.5,0.3,2011MM08,102.8
28296,A6,339200,28296,2.1,-0.1,2011MM09,102.7
28297,A6,339200,28297,1.7,-0.4,2011MM10,102.3
28298,A6,339200,28298,1.6,0.0,2011MM11,102.3
28299,A6,339200,28299,1.4,0.0,2011MM12,102.3
28301,A6,339200,28301,1.8,0.9,2012MM01,103.2
28302,A6,339200,28302,1.7,0.0,2012MM02,103.2
28303,A6,339200,28303,1.9,0.2,2012MM03,103.4
28304,A6,339200,28304,1.5,0.2,2012MM04,103.7
28305,A6,339200,28305,1.2,-0.1,2012MM05,103.5
28306,A6,339200,28306,1.4,0.0,2012MM06,103.6
28307,A6,339200,28307,1.2,0.1,2012MM07,103.7
28308,A6,339200,28308,0.8,0.0,2012MM08,103.7
28309,A6,339200,28309,1.1,0.1,2012MM09,103.8
28310,A6,339200,28310,1.7,0.3,2012MM10,104.1
28311,A6,339200,28311,1.8,0.1,2012MM11,104.2
28312,A6,339200,28312,1.7,-0.2,2012MM12,104.0
28314,A6,339200,28314,1.1,0.3,2013MM01,104.3
28315,A6,339200,28315,1.5,0.5,2013MM02,104.8
28316,A6,339200,28316,1.3,0.0,2013MM03,104.8
28317,A6,339200,28317,1.1,0.0,2013MM04,104.8
28318,A6,339200,28318,0.9,-0.3,2013MM05,104.5
28319,A6,339200,28319,0.8,-0.1,2013MM06,104.4
28320,A6,339200,28320,0.7,0.0,2013MM07,104.4
28321,A6,339200,28321,0.3,-0.4,2013MM08,103.9
28322,A6,339200,28322,0.0,-0.1,2013MM09,103.8
28323,A6,339200,28323,-0.6,-0.3,2013MM10,103.5
28324,A6,339200,28324,-0.6,0.1,2013MM11,103.6
28325,A6,339200,28325,-0.5,-0.1,2013MM12,103.5
28327,A6,339200,28327,-0.6,0.2,2014MM01,103.7
28328,A6,339200,28328,-1.0,0.1,2014MM02,103.7
28329,A6,339200,28329,-1.0,-0.1,2014MM03,103.7
28330,A6,339200,28330,-1.4,-0.3,2014MM04,103.3
28331,A6,339200,28331,-1.2,-0.1,2014MM05,103.2
28332,A6,339200,28332,-1.0,0.1,2014MM06,103.4
28333,A6,339200,28333,-0.1,0.8,2014MM07,104.2
28334,A6,339200,28334,0.2,-0.1,2014MM08,104.1
28335,A6,339200,28335,0.4,0.0,2014MM09,104.2
28336,A6,339200,28336,0.9,0.2,2014MM10,104.4
28337,A6,339200,28337,0.6,-0.2,2014MM11,104.2
28338,A6,339200,28338,0.7,-0.1,2014MM12,104.1
28340,A6,339200,28340,0.7,0.2,2015MM01,104.4
28341,A6,339200,28341,1.9,1.3,2015MM02,105.7
28342,A6,339200,28342,2.1,0.1,2015MM03,105.9
28343,A6,339200,28343,2.8,0.4,2015MM04,106.3
28344,A6,339200,28344,2.6,-0.3,2015MM05,106.0
28345,A6,339200,28345,2.3,-0.2,2015MM06,105.7
28346,A6,339200,28346,1.3,-0.1,2015MM07,105.6
28347,A6,339200,28347,1.2,-0.2,2015MM08,105.4
28348,A6,339200,28348,1.1,-0.1,2015MM09,105.3
28349,A6,339200,28349,0.9,0.1,2015MM10,105.4
28350,A6,339200,28350,1.6,0.5,2015MM11,105.9
28351,A6,339200,28351,1.2,-0.5,2015MM12,105.4
28353,A6,339200,28353,0.7,-0.3,2016MM01,105.1
28354,A6,339200,28354,-0.1,0.5,2016MM02,105.6
28355,A6,339200,28355,-0.1,0.1,2016MM03,105.7
28356,A6,339200,28356,-0.4,0.1,2016MM04,105.8
28357,A6,339200,28357,-0.1,0.0,2016MM05,105.8
28358,A6,339200,28358,0.0,-0.1,2016MM06,105.7
28359,A6,339200,28359,0.2,0.1,2016MM07,105.8
28360,A6,339200,28360,0.8,0.4,2016MM08,106.2
28361,A6,339200,28361,0.8,-0.1,2016MM09,106.1
28362,A6,339200,28362,0.8,0.1,2016MM10,106.2
28363,A6,339200,28363,0.5,0.2,2016MM11,106.4
28364,A6,339200,28364,1.1,0.0,2016MM12,106.5
28366,A6,339200,28366,1.0,-0.4,2017MM01,106.1
28367,A6,339200,28367,0.8,0.3,2017MM02,106.4
28368,A6,339200,28368,1.6,1.0,2017MM03,107.5
28369,A6,339200,28369,1.9,0.3,2017MM04,107.9
28370,A6,339200,28370,1.7,-0.2,2017MM05,107.6
28371,A6,339200,28371,1.8,0.0,2017MM06,107.6
28372,A6,339200,28372,1.5,-0.2,2017MM07,107.4
28373,A6,339200,28373,0.9,-0.2,2017MM08,107.2
28374,A6,339200,28374,1.1,0.1,2017MM09,107.3
28375,A6,339200,28375,1.2,0.2,2017MM10,107.5
28376,A6,339200,28376,1.2,0.2,2017MM11,107.7
28377,A6,339200,28377,1.1,-0.1,2017MM12,107.6
