,Afzet,BedrijfstakkenBranchesSBI2008,ID,OntwikkelingTOV1JaarEerder_2,OntwikkelingTOV1MaandEerder_3,Perioden,ProducentenprijsindexPPI_1
28379,A6,340200,28379,,,1981MM01,52.4
28380,A6,340200,28380,,-0.2,1981MM02,52.3
28381,A6,340200,28381,,0.3,1981MM03,52.5
28382,A6,340200,28382,,0.5,1981MM04,52.8
28383,A6,340200,28383,,0.5,1981MM05,53.0
28384,A6,340200,28384,,0.2,1981MM06,53.1
28385,A6,340200,28385,,1.5,1981MM07,53.9
28386,A6,340200,28386,,0.5,1981MM08,54.2
28387,A6,340200,28387,,0.0,1981MM09,54.2
28388,A6,340200,28388,,0.3,1981MM10,54.3
28389,A6,340200,28389,,0.0,1981MM11,54.4
28390,A6,340200,28390,,0.0,1981MM12,54.4
28392,A6,340200,28392,5.5,1.7,1982MM01,55.3
28393,A6,340200,28393,5.8,0.0,1982MM02,55.3
28394,A6,340200,28394,5.5,0.1,1982MM03,55.4
28395,A6,340200,28395,6.1,1.1,1982MM04,56.0
28396,A6,340200,28396,7.8,2.1,1982MM05,57.2
28397,A6,340200,28397,7.5,-0.1,1982MM06,57.1
28398,A6,340200,28398,6.4,0.4,1982MM07,57.4
28399,A6,340200,28399,5.8,-0.1,1982MM08,57.3
28400,A6,340200,28400,6.1,0.2,1982MM09,57.5
28401,A6,340200,28401,6.6,0.9,1982MM10,58.0
28402,A6,340200,28402,6.6,0.0,1982MM11,58.0
28403,A6,340200,28403,6.9,0.3,1982MM12,58.1
28405,A6,340200,28405,5.6,0.4,1983MM01,58.4
28406,A6,340200,28406,5.6,0.0,1983MM02,58.4
28407,A6,340200,28407,5.7,0.2,1983MM03,58.5
28408,A6,340200,28408,5.6,1.0,1983MM04,59.1
28409,A6,340200,28409,3.4,-0.1,1983MM05,59.1
28410,A6,340200,28410,3.5,0.0,1983MM06,59.1
28411,A6,340200,28411,3.0,0.0,1983MM07,59.1
28412,A6,340200,28412,3.1,0.0,1983MM08,59.1
28413,A6,340200,28413,2.8,-0.1,1983MM09,59.0
28414,A6,340200,28414,2.3,0.4,1983MM10,59.3
28415,A6,340200,28415,2.5,0.2,1983MM11,59.4
28416,A6,340200,28416,2.4,0.2,1983MM12,59.5
28418,A6,340200,28418,2.4,0.5,1984MM01,59.8
28419,A6,340200,28419,2.4,0.1,1984MM02,59.8
28420,A6,340200,28420,2.2,0.0,1984MM03,59.8
28421,A6,340200,28421,1.2,0.0,1984MM04,59.8
28422,A6,340200,28422,1.2,0.0,1984MM05,59.8
28423,A6,340200,28423,1.1,-0.2,1984MM06,59.7
28424,A6,340200,28424,1.0,0.0,1984MM07,59.7
28425,A6,340200,28425,0.9,-0.1,1984MM08,59.7
28426,A6,340200,28426,1.6,0.5,1984MM09,60.0
28427,A6,340200,28427,1.0,-0.2,1984MM10,59.9
28428,A6,340200,28428,0.7,-0.1,1984MM11,59.8
28429,A6,340200,28429,0.6,0.1,1984MM12,59.9
28431,A6,340200,28431,0.5,0.3,1985MM01,60.1
28432,A6,340200,28432,0.4,0.0,1985MM02,60.1
28433,A6,340200,28433,0.3,-0.1,1985MM03,60.0
28434,A6,340200,28434,1.9,1.6,1985MM04,61.0
28435,A6,340200,28435,1.8,-0.1,1985MM05,60.9
28436,A6,340200,28436,2.0,0.0,1985MM06,60.9
28437,A6,340200,28437,1.8,-0.1,1985MM07,60.8
28438,A6,340200,28438,2.2,0.3,1985MM08,61.0
28439,A6,340200,28439,2.1,0.4,1985MM09,61.2
28440,A6,340200,28440,2.5,0.2,1985MM10,61.3
28441,A6,340200,28441,2.7,0.1,1985MM11,61.4
28442,A6,340200,28442,2.6,0.0,1985MM12,61.4
28444,A6,340200,28444,2.8,0.5,1986MM01,61.7
28445,A6,340200,28445,3.1,0.3,1986MM02,61.9
28446,A6,340200,28446,3.3,0.1,1986MM03,62.0
28447,A6,340200,28447,2.1,0.4,1986MM04,62.3
28448,A6,340200,28448,2.3,0.1,1986MM05,62.3
28449,A6,340200,28449,2.2,-0.2,1986MM06,62.2
28450,A6,340200,28450,2.3,0.0,1986MM07,62.2
28451,A6,340200,28451,2.2,0.2,1986MM08,62.3
28452,A6,340200,28452,1.7,0.0,1986MM09,62.3
28453,A6,340200,28453,1.5,0.0,1986MM10,62.3
28454,A6,340200,28454,1.4,0.0,1986MM11,62.3
28455,A6,340200,28455,1.3,0.0,1986MM12,62.3
28457,A6,340200,28457,0.8,0.0,1987MM01,62.3
28458,A6,340200,28458,0.5,0.0,1987MM02,62.2
28459,A6,340200,28459,0.7,0.3,1987MM03,62.4
28460,A6,340200,28460,1.2,0.9,1987MM04,63.0
28461,A6,340200,28461,1.1,0.0,1987MM05,63.0
28462,A6,340200,28462,1.1,-0.2,1987MM06,62.9
28463,A6,340200,28463,0.6,-0.5,1987MM07,62.6
28464,A6,340200,28464,0.5,0.1,1987MM08,62.6
28465,A6,340200,28465,1.3,0.7,1987MM09,63.1
28466,A6,340200,28466,1.3,-0.1,1987MM10,63.1
28467,A6,340200,28467,1.2,-0.1,1987MM11,63.0
28468,A6,340200,28468,1.2,0.0,1987MM12,63.0
28470,A6,340200,28470,1.9,0.6,1988MM01,63.4
28471,A6,340200,28471,2.0,0.0,1988MM02,63.5
28472,A6,340200,28472,1.7,0.1,1988MM03,63.5
28473,A6,340200,28473,1.1,0.3,1988MM04,63.7
28474,A6,340200,28474,1.2,0.1,1988MM05,63.7
28475,A6,340200,28475,1.4,0.1,1988MM06,63.8
28476,A6,340200,28476,2.6,0.6,1988MM07,64.2
28477,A6,340200,28477,2.7,0.2,1988MM08,64.3
28478,A6,340200,28478,2.1,0.1,1988MM09,64.4
28479,A6,340200,28479,3.2,1.0,1988MM10,65.1
28480,A6,340200,28480,3.6,0.4,1988MM11,65.3
28481,A6,340200,28481,3.5,0.0,1988MM12,65.3
28483,A6,340200,28483,5.1,2.1,1989MM01,66.7
28484,A6,340200,28484,5.7,0.6,1989MM02,67.0
28485,A6,340200,28485,5.6,0.0,1989MM03,67.1
28486,A6,340200,28486,5.4,0.0,1989MM04,67.1
28487,A6,340200,28487,5.4,0.1,1989MM05,67.2
28488,A6,340200,28488,5.2,-0.1,1989MM06,67.1
28489,A6,340200,28489,5.1,0.5,1989MM07,67.5
28490,A6,340200,28490,4.9,0.0,1989MM08,67.5
28491,A6,340200,28491,4.8,0.1,1989MM09,67.5
28492,A6,340200,28492,3.9,0.1,1989MM10,67.6
28493,A6,340200,28493,3.3,-0.3,1989MM11,67.4
28494,A6,340200,28494,3.3,0.0,1989MM12,67.4
28496,A6,340200,28496,1.9,0.8,1990MM01,67.9
28497,A6,340200,28497,1.2,-0.2,1990MM02,67.8
28498,A6,340200,28498,1.0,-0.1,1990MM03,67.8
28499,A6,340200,28499,1.5,0.6,1990MM04,68.1
28500,A6,340200,28500,1.8,0.4,1990MM05,68.4
28501,A6,340200,28501,1.9,0.0,1990MM06,68.4
28502,A6,340200,28502,1.6,0.3,1990MM07,68.6
28503,A6,340200,28503,2.6,0.9,1990MM08,69.2
28504,A6,340200,28504,2.8,0.3,1990MM09,69.4
28505,A6,340200,28505,4.0,1.3,1990MM10,70.3
28506,A6,340200,28506,4.3,0.0,1990MM11,70.3
28507,A6,340200,28507,4.5,0.1,1990MM12,70.4
28509,A6,340200,28509,4.6,0.9,1991MM01,71.1
28510,A6,340200,28510,4.9,0.1,1991MM02,71.1
28511,A6,340200,28511,5.1,0.1,1991MM03,71.2
28512,A6,340200,28512,4.7,0.2,1991MM04,71.4
28513,A6,340200,28513,4.5,0.1,1991MM05,71.5
28514,A6,340200,28514,4.8,0.2,1991MM06,71.6
28515,A6,340200,28515,5.0,0.6,1991MM07,72.0
28516,A6,340200,28516,4.1,0.0,1991MM08,72.0
28517,A6,340200,28517,4.5,0.7,1991MM09,72.5
28518,A6,340200,28518,3.9,0.7,1991MM10,73.0
28519,A6,340200,28519,4.2,0.4,1991MM11,73.3
28520,A6,340200,28520,4.4,0.3,1991MM12,73.5
28522,A6,340200,28522,4.7,1.3,1992MM01,74.5
28523,A6,340200,28523,4.6,-0.1,1992MM02,74.4
28524,A6,340200,28524,4.5,0.0,1992MM03,74.4
28525,A6,340200,28525,4.4,0.1,1992MM04,74.5
28526,A6,340200,28526,4.2,0.0,1992MM05,74.5
28527,A6,340200,28527,4.2,0.2,1992MM06,74.7
28528,A6,340200,28528,4.2,0.5,1992MM07,75.0
28529,A6,340200,28529,4.2,0.0,1992MM08,75.1
28530,A6,340200,28530,3.8,0.3,1992MM09,75.3
28531,A6,340200,28531,4.9,1.7,1992MM10,76.6
28532,A6,340200,28532,4.5,0.0,1992MM11,76.6
28533,A6,340200,28533,4.2,0.0,1992MM12,76.6
28535,A6,340200,28535,4.0,1.1,1993MM01,77.5
28536,A6,340200,28536,4.0,-0.1,1993MM02,77.4
28537,A6,340200,28537,4.0,0.0,1993MM03,77.4
28538,A6,340200,28538,3.6,-0.3,1993MM04,77.1
28539,A6,340200,28539,3.7,0.2,1993MM05,77.3
28540,A6,340200,28540,3.5,0.0,1993MM06,77.3
28541,A6,340200,28541,3.0,0.1,1993MM07,77.3
28542,A6,340200,28542,3.0,0.0,1993MM08,77.3
28543,A6,340200,28543,2.7,0.0,1993MM09,77.3
28544,A6,340200,28544,1.3,0.3,1993MM10,77.6
28545,A6,340200,28545,1.4,0.2,1993MM11,77.7
28546,A6,340200,28546,1.4,0.0,1993MM12,77.7
28548,A6,340200,28548,0.8,0.5,1994MM01,78.1
28549,A6,340200,28549,0.9,0.0,1994MM02,78.1
28550,A6,340200,28550,0.8,0.0,1994MM03,78.0
28551,A6,340200,28551,0.4,-0.7,1994MM04,77.5
28552,A6,340200,28552,0.2,0.0,1994MM05,77.4
28553,A6,340200,28553,0.2,-0.1,1994MM06,77.4
28554,A6,340200,28554,0.3,0.2,1994MM07,77.6
28555,A6,340200,28555,0.4,0.0,1994MM08,77.6
28556,A6,340200,28556,0.4,0.1,1994MM09,77.6
28557,A6,340200,28557,0.3,0.1,1994MM10,77.8
28558,A6,340200,28558,0.3,0.2,1994MM11,77.9
28559,A6,340200,28559,0.3,0.1,1994MM12,78.0
28561,A6,340200,28561,0.1,0.3,1995MM01,78.2
28562,A6,340200,28562,0.2,0.0,1995MM02,78.2
28563,A6,340200,28563,0.3,0.0,1995MM03,78.2
28564,A6,340200,28564,1.0,0.0,1995MM04,78.2
28565,A6,340200,28565,1.2,0.2,1995MM05,78.4
28566,A6,340200,28566,1.3,0.0,1995MM06,78.4
28567,A6,340200,28567,0.8,-0.3,1995MM07,78.2
28568,A6,340200,28568,0.8,0.0,1995MM08,78.2
28569,A6,340200,28569,0.8,0.1,1995MM09,78.2
28570,A6,340200,28570,0.9,0.3,1995MM10,78.5
28571,A6,340200,28571,0.7,0.0,1995MM11,78.5
28572,A6,340200,28572,0.7,0.0,1995MM12,78.5
28574,A6,340200,28574,0.6,0.2,1996MM01,78.6
28575,A6,340200,28575,0.6,0.0,1996MM02,78.7
28576,A6,340200,28576,0.5,0.0,1996MM03,78.7
28577,A6,340200,28577,0.5,-0.1,1996MM04,78.6
28578,A6,340200,28578,0.4,0.1,1996MM05,78.7
28579,A6,340200,28579,0.5,0.1,1996MM06,78.7
28580,A6,340200,28580,0.9,0.2,1996MM07,78.9
28581,A6,340200,28581,1.2,0.3,1996MM08,79.1
28582,A6,340200,28582,1.2,0.1,1996MM09,79.2
28583,A6,340200,28583,2.5,1.6,1996MM10,80.5
28584,A6,340200,28584,2.5,0.0,1996MM11,80.5
28585,A6,340200,28585,2.5,0.0,1996MM12,80.5
28587,A6,340200,28587,2.6,0.3,1997MM01,80.7
28588,A6,340200,28588,2.6,0.0,1997MM02,80.7
28589,A6,340200,28589,2.7,0.1,1997MM03,80.8
28590,A6,340200,28590,2.8,0.0,1997MM04,80.8
28591,A6,340200,28591,2.9,0.2,1997MM05,81.0
28592,A6,340200,28592,3.0,0.1,1997MM06,81.1
28593,A6,340200,28593,5.0,2.1,1997MM07,82.8
28594,A6,340200,28594,4.7,0.0,1997MM08,82.8
28595,A6,340200,28595,4.6,0.0,1997MM09,82.8
28596,A6,340200,28596,3.1,0.2,1997MM10,83.0
28597,A6,340200,28597,3.3,0.2,1997MM11,83.1
28598,A6,340200,28598,3.3,0.0,1997MM12,83.1
28600,A6,340200,28600,4.4,1.3,1998MM01,84.2
28601,A6,340200,28601,4.4,0.1,1998MM02,84.3
28602,A6,340200,28602,4.4,0.0,1998MM03,84.3
28603,A6,340200,28603,4.1,-0.2,1998MM04,84.1
28604,A6,340200,28604,4.5,0.6,1998MM05,84.6
28605,A6,340200,28605,4.3,0.0,1998MM06,84.6
28606,A6,340200,28606,5.6,3.3,1998MM07,87.4
28607,A6,340200,28607,5.6,0.0,1998MM08,87.4
28608,A6,340200,28608,5.6,0.0,1998MM09,87.4
28609,A6,340200,28609,5.3,0.0,1998MM10,87.4
28610,A6,340200,28610,5.6,0.5,1998MM11,87.8
28611,A6,340200,28611,5.6,0.0,1998MM12,87.8
28613,A6,340200,28613,4.6,0.3,1999MM01,88.1
28614,A6,340200,28614,4.6,0.0,1999MM02,88.1
28615,A6,340200,28615,4.5,0.0,1999MM03,88.1
28616,A6,340200,28616,4.8,0.0,1999MM04,88.1
28617,A6,340200,28617,4.1,0.0,1999MM05,88.1
28618,A6,340200,28618,4.2,0.0,1999MM06,88.1
28619,A6,340200,28619,0.8,0.0,1999MM07,88.1
28620,A6,340200,28620,0.8,0.0,1999MM08,88.1
28621,A6,340200,28621,0.9,0.1,1999MM09,88.2
28622,A6,340200,28622,1.1,0.2,1999MM10,88.4
28623,A6,340200,28623,0.8,0.1,1999MM11,88.5
28624,A6,340200,28624,0.7,0.0,1999MM12,88.4
28626,A6,340200,28626,0.8,0.5,2000MM01,88.8
28627,A6,340200,28627,0.9,0.1,2000MM02,88.9
28628,A6,340200,28628,0.9,0.0,2000MM03,88.9
28629,A6,340200,28629,2.3,1.4,2000MM04,90.2
28630,A6,340200,28630,2.3,0.0,2000MM05,90.2
28631,A6,340200,28631,2.3,0.0,2000MM06,90.2
28632,A6,340200,28632,2.4,0.1,2000MM07,90.3
28633,A6,340200,28633,2.5,0.0,2000MM08,90.3
28634,A6,340200,28634,2.7,0.4,2000MM09,90.6
28635,A6,340200,28635,2.9,0.4,2000MM10,91.0
28636,A6,340200,28636,2.9,0.0,2000MM11,91.0
28637,A6,340200,28637,2.9,0.0,2000MM12,91.0
28639,A6,340200,28639,2.2,-0.2,2001MM01,90.8
28640,A6,340200,28640,2.3,0.1,2001MM02,90.9
28641,A6,340200,28641,2.3,0.0,2001MM03,90.9
28642,A6,340200,28642,0.9,0.1,2001MM04,91.0
28643,A6,340200,28643,0.9,0.0,2001MM05,91.0
28644,A6,340200,28644,0.9,0.0,2001MM06,91.0
28645,A6,340200,28645,1.4,0.6,2001MM07,91.5
28646,A6,340200,28646,1.4,0.0,2001MM08,91.6
28647,A6,340200,28647,1.2,0.1,2001MM09,91.7
28648,A6,340200,28648,1.2,0.5,2001MM10,92.1
28649,A6,340200,28649,1.2,0.0,2001MM11,92.1
28650,A6,340200,28650,1.2,0.0,2001MM12,92.1
28652,A6,340200,28652,2.3,0.9,2002MM01,92.9
28653,A6,340200,28653,2.2,0.1,2002MM02,93.0
28654,A6,340200,28654,2.2,0.0,2002MM03,93.0
28655,A6,340200,28655,2.2,0.0,2002MM04,93.0
28656,A6,340200,28656,2.2,0.0,2002MM05,93.0
28657,A6,340200,28657,2.2,0.0,2002MM06,93.0
28658,A6,340200,28658,1.7,0.1,2002MM07,93.1
28659,A6,340200,28659,1.7,0.0,2002MM08,93.1
28660,A6,340200,28660,1.6,0.1,2002MM09,93.1
28661,A6,340200,28661,1.3,0.2,2002MM10,93.3
28662,A6,340200,28662,1.4,0.0,2002MM11,93.3
28663,A6,340200,28663,1.4,0.0,2002MM12,93.4
28665,A6,340200,28665,1.1,0.6,2003MM01,93.9
28666,A6,340200,28666,1.3,0.3,2003MM02,94.2
28667,A6,340200,28667,1.3,0.0,2003MM03,94.2
28668,A6,340200,28668,1.2,-0.2,2003MM04,94.0
28669,A6,340200,28669,1.1,0.0,2003MM05,94.0
28670,A6,340200,28670,1.1,0.0,2003MM06,94.0
28671,A6,340200,28671,1.1,0.1,2003MM07,94.1
28672,A6,340200,28672,1.1,0.0,2003MM08,94.1
28673,A6,340200,28673,1.1,0.0,2003MM09,94.1
28674,A6,340200,28674,0.6,-0.3,2003MM10,93.9
28675,A6,340200,28675,0.6,0.0,2003MM11,93.9
28676,A6,340200,28676,0.5,0.0,2003MM12,93.8
28678,A6,340200,28678,-0.8,-0.7,2004MM01,93.1
28679,A6,340200,28679,-1.1,0.0,2004MM02,93.1
28680,A6,340200,28680,-1.1,0.0,2004MM03,93.1
28681,A6,340200,28681,-1.0,0.0,2004MM04,93.1
28682,A6,340200,28682,-1.0,0.0,2004MM05,93.1
28683,A6,340200,28683,-0.9,0.0,2004MM06,93.2
28684,A6,340200,28684,-1.0,0.0,2004MM07,93.2
28685,A6,340200,28685,-1.0,0.0,2004MM08,93.2
28686,A6,340200,28686,-0.9,0.0,2004MM09,93.2
28687,A6,340200,28687,-0.6,0.0,2004MM10,93.3
28688,A6,340200,28688,-0.6,0.0,2004MM11,93.3
28689,A6,340200,28689,-0.5,0.1,2004MM12,93.4
28691,A6,340200,28691,-0.469230769231,0.05,2005MM01,93.4
28692,A6,340200,28692,-0.438461538462,0.0,2005MM02,93.4
28693,A6,340200,28693,-0.407692307692,0.0,2005MM03,93.5
28694,A6,340200,28694,-0.376923076923,-0.5,2005MM04,93.0
28695,A6,340200,28695,-0.346153846154,0.0,2005MM05,93.0
28696,A6,340200,28696,-0.315384615385,0.0,2005MM06,93.1
28697,A6,340200,28697,-0.284615384615,0.1,2005MM07,93.1
28698,A6,340200,28698,-0.253846153846,0.0,2005MM08,93.1
28699,A6,340200,28699,-0.223076923077,-0.1,2005MM09,93.1
28700,A6,340200,28700,-0.192307692308,0.1,2005MM10,93.2
28701,A6,340200,28701,-0.161538461538,0.0,2005MM11,93.2
28702,A6,340200,28702,-0.130769230769,0.0,2005MM12,93.2
28704,A6,340200,28704,-0.1,0.1,2006MM01,93.3
28705,A6,340200,28705,-0.1,0.0,2006MM02,93.3
28706,A6,340200,28706,-0.1,0.0,2006MM03,93.3
28707,A6,340200,28707,0.4,0.1,2006MM04,93.4
28708,A6,340200,28708,0.4,0.0,2006MM05,93.4
28709,A6,340200,28709,0.5,0.0,2006MM06,93.5
28710,A6,340200,28710,0.6,0.2,2006MM07,93.7
28711,A6,340200,28711,0.6,0.0,2006MM08,93.7
28712,A6,340200,28712,0.7,0.0,2006MM09,93.7
28713,A6,340200,28713,0.6,0.1,2006MM10,93.8
28714,A6,340200,28714,0.6,0.0,2006MM11,93.8
28715,A6,340200,28715,0.6,0.0,2006MM12,93.8
28717,A6,340200,28717,0.7,0.1,2007MM01,93.9
28718,A6,340200,28718,0.7,0.0,2007MM02,94.0
28719,A6,340200,28719,0.7,0.0,2007MM03,94.0
28720,A6,340200,28720,1.3,0.7,2007MM04,94.6
28721,A6,340200,28721,1.3,0.1,2007MM05,94.7
28722,A6,340200,28722,1.3,0.0,2007MM06,94.7
28723,A6,340200,28723,1.2,0.2,2007MM07,94.9
28724,A6,340200,28724,1.2,0.0,2007MM08,94.9
28725,A6,340200,28725,1.5,0.2,2007MM09,95.1
28726,A6,340200,28726,1.1,-0.3,2007MM10,94.8
28727,A6,340200,28727,1.0,0.0,2007MM11,94.8
28728,A6,340200,28728,1.0,0.0,2007MM12,94.8
28730,A6,340200,28730,2.2,1.3,2008MM01,96.0
28731,A6,340200,28731,2.2,0.0,2008MM02,96.0
28732,A6,340200,28732,2.3,0.1,2008MM03,96.1
28733,A6,340200,28733,1.5,-0.1,2008MM04,96.0
28734,A6,340200,28734,1.5,0.0,2008MM05,96.0
28735,A6,340200,28735,1.5,0.0,2008MM06,96.1
28736,A6,340200,28736,1.5,0.2,2008MM07,96.3
28737,A6,340200,28737,1.5,0.0,2008MM08,96.3
28738,A6,340200,28738,1.5,0.2,2008MM09,96.5
28739,A6,340200,28739,2.2,0.5,2008MM10,97.0
28740,A6,340200,28740,2.2,-0.1,2008MM11,96.9
28741,A6,340200,28741,2.5,0.2,2008MM12,97.1
28743,A6,340200,28743,2.8,1.6,2009MM01,98.7
28744,A6,340200,28744,2.5,-0.3,2009MM02,98.4
28745,A6,340200,28745,2.4,0.0,2009MM03,98.4
28746,A6,340200,28746,2.6,0.2,2009MM04,98.5
28747,A6,340200,28747,2.6,0.0,2009MM05,98.6
28748,A6,340200,28748,2.6,0.0,2009MM06,98.6
28749,A6,340200,28749,2.5,0.1,2009MM07,98.6
28750,A6,340200,28750,2.5,0.1,2009MM08,98.7
28751,A6,340200,28751,2.4,0.0,2009MM09,98.8
28752,A6,340200,28752,1.6,-0.3,2009MM10,98.5
28753,A6,340200,28753,1.6,0.0,2009MM11,98.5
28754,A6,340200,28754,1.4,0.0,2009MM12,98.5
28756,A6,340200,28756,0.9,1.1,2010MM01,99.6
28757,A6,340200,28757,1.2,0.0,2010MM02,99.6
28758,A6,340200,28758,1.3,0.0,2010MM03,99.6
28759,A6,340200,28759,1.1,0.0,2010MM04,99.6
28760,A6,340200,28760,1.1,0.0,2010MM05,99.6
28761,A6,340200,28761,1.1,0.0,2010MM06,99.6
28762,A6,340200,28762,1.1,0.1,2010MM07,99.7
28763,A6,340200,28763,1.0,0.0,2010MM08,99.7
28764,A6,340200,28764,1.3,0.4,2010MM09,100.1
28765,A6,340200,28765,2.4,0.8,2010MM10,100.9
28766,A6,340200,28766,2.5,0.0,2010MM11,100.9
28767,A6,340200,28767,2.5,0.1,2010MM12,101.0
28769,A6,340200,28769,2.4,1.1,2011MM01,102.0
28770,A6,340200,28770,2.5,0.0,2011MM02,102.1
28771,A6,340200,28771,2.4,0.0,2011MM03,102.1
28772,A6,340200,28772,2.3,-0.2,2011MM04,101.8
28773,A6,340200,28773,2.2,0.0,2011MM05,101.8
28774,A6,340200,28774,2.1,-0.1,2011MM06,101.7
28775,A6,340200,28775,2.4,0.4,2011MM07,102.1
28776,A6,340200,28776,2.4,0.0,2011MM08,102.2
28777,A6,340200,28777,2.0,-0.1,2011MM09,102.1
28778,A6,340200,28778,0.9,-0.2,2011MM10,101.8
28779,A6,340200,28779,0.9,0.0,2011MM11,101.9
28780,A6,340200,28780,0.9,0.0,2011MM12,101.9
28782,A6,340200,28782,1.0,1.1,2012MM01,103.0
28783,A6,340200,28783,1.0,0.0,2012MM02,103.1
28784,A6,340200,28784,1.1,0.1,2012MM03,103.2
28785,A6,340200,28785,1.3,0.0,2012MM04,103.1
28786,A6,340200,28786,1.3,0.0,2012MM05,103.1
28787,A6,340200,28787,1.4,0.0,2012MM06,103.1
28788,A6,340200,28788,1.0,0.1,2012MM07,103.2
28789,A6,340200,28789,1.0,0.0,2012MM08,103.2
28790,A6,340200,28790,1.3,0.3,2012MM09,103.4
28791,A6,340200,28791,2.4,0.8,2012MM10,104.2
28792,A6,340200,28792,2.3,0.0,2012MM11,104.2
28793,A6,340200,28793,2.3,0.0,2012MM12,104.2
28795,A6,340200,28795,1.9,0.8,2013MM01,105.0
28796,A6,340200,28796,1.9,0.0,2013MM02,105.0
28797,A6,340200,28797,2.9,1.0,2013MM03,106.1
28798,A6,340200,28798,2.9,0.0,2013MM04,106.1
28799,A6,340200,28799,2.9,0.0,2013MM05,106.1
28800,A6,340200,28800,2.9,0.0,2013MM06,106.1
28801,A6,340200,28801,3.0,0.2,2013MM07,106.2
28802,A6,340200,28802,3.0,0.0,2013MM08,106.2
28803,A6,340200,28803,2.7,0.0,2013MM09,106.2
28804,A6,340200,28804,1.8,-0.1,2013MM10,106.1
28805,A6,340200,28805,1.8,0.0,2013MM11,106.1
28806,A6,340200,28806,1.8,0.0,2013MM12,106.1
28808,A6,340200,28808,1.7,0.7,2014MM01,106.9
28809,A6,340200,28809,1.7,0.0,2014MM02,106.9
28810,A6,340200,28810,0.7,0.0,2014MM03,106.8
28811,A6,340200,28811,0.8,0.1,2014MM04,106.9
28812,A6,340200,28812,0.8,0.0,2014MM05,106.9
28813,A6,340200,28813,0.8,0.0,2014MM06,106.9
28814,A6,340200,28814,1.0,0.3,2014MM07,107.2
28815,A6,340200,28815,1.0,0.0,2014MM08,107.3
28816,A6,340200,28816,0.9,0.0,2014MM09,107.2
28817,A6,340200,28817,0.7,-0.3,2014MM10,106.9
28818,A6,340200,28818,0.7,0.0,2014MM11,106.9
28819,A6,340200,28819,0.8,0.0,2014MM12,106.9
28821,A6,340200,28821,0.4,0.3,2015MM01,107.3
28822,A6,340200,28822,0.4,0.0,2015MM02,107.3
28823,A6,340200,28823,0.4,0.0,2015MM03,107.3
28824,A6,340200,28824,2.1,1.7,2015MM04,109.1
28825,A6,340200,28825,2.1,0.0,2015MM05,109.1
28826,A6,340200,28826,2.0,0.0,2015MM06,109.1
28827,A6,340200,28827,1.7,0.0,2015MM07,109.1
28828,A6,340200,28828,1.6,-0.1,2015MM08,109.0
28829,A6,340200,28829,2.2,0.5,2015MM09,109.6
28830,A6,340200,28830,4.3,1.7,2015MM10,111.4
28831,A6,340200,28831,4.2,0.0,2015MM11,111.4
28832,A6,340200,28832,4.2,0.0,2015MM12,111.4
28834,A6,340200,28834,3.4,-0.5,2016MM01,110.9
28835,A6,340200,28835,3.3,0.0,2016MM02,110.9
28836,A6,340200,28836,3.3,0.0,2016MM03,110.9
28837,A6,340200,28837,3.4,1.7,2016MM04,112.8
28838,A6,340200,28838,3.4,0.0,2016MM05,112.8
28839,A6,340200,28839,3.4,0.0,2016MM06,112.8
28840,A6,340200,28840,3.5,0.0,2016MM07,112.8
28841,A6,340200,28841,3.5,0.0,2016MM08,112.8
28842,A6,340200,28842,3.0,0.1,2016MM09,112.9
28843,A6,340200,28843,1.1,-0.2,2016MM10,112.7
28844,A6,340200,28844,1.2,0.1,2016MM11,112.8
28845,A6,340200,28845,1.2,0.0,2016MM12,112.7
28847,A6,340200,28847,1.7,0.0,2017MM01,112.7
28848,A6,340200,28848,1.6,0.0,2017MM02,112.7
28849,A6,340200,28849,1.6,0.0,2017MM03,112.7
28850,A6,340200,28850,-0.2,-0.1,2017MM04,112.6
28851,A6,340200,28851,-0.3,-0.1,2017MM05,112.5
28852,A6,340200,28852,-0.3,0.0,2017MM06,112.5
28853,A6,340200,28853,-0.3,0.0,2017MM07,112.5
28854,A6,340200,28854,-0.2,0.1,2017MM08,112.6
28855,A6,340200,28855,-0.2,0.1,2017MM09,112.7
28856,A6,340200,28856,0.0,0.0,2017MM10,112.7
28857,A6,340200,28857,0.0,0.0,2017MM11,112.8
28858,A6,340200,28858,0.1,0.1,2017MM12,112.8
