,Afzet,BedrijfstakkenBranchesSBI2008,ID,OntwikkelingTOV1JaarEerder_2,OntwikkelingTOV1MaandEerder_3,Perioden,ProducentenprijsindexPPI_1
92833,A5,340200,92833,0.692307692308,-0.25,1981MM01,58.6
92834,A5,340200,92834,0.984615384615,-0.7,1981MM02,58.2
92835,A5,340200,92835,1.27692307692,0.2,1981MM03,58.3
92836,A5,340200,92836,1.56923076923,0.2,1981MM04,58.4
92837,A5,340200,92837,1.86153846154,0.9,1981MM05,58.9
92838,A5,340200,92838,2.15384615385,-0.6,1981MM06,58.6
92839,A5,340200,92839,2.44615384615,0.9,1981MM07,59.1
92840,A5,340200,92840,2.73846153846,1.5,1981MM08,60.0
92841,A5,340200,92841,3.03076923077,0.0,1981MM09,60.0
92842,A5,340200,92842,3.32307692308,0.0,1981MM10,60.0
92843,A5,340200,92843,3.61538461538,-0.1,1981MM11,60.0
92844,A5,340200,92844,3.90769230769,-0.1,1981MM12,59.9
92846,A5,340200,92846,4.2,1.9,1982MM01,61.0
92847,A5,340200,92847,5.0,0.0,1982MM02,61.1
92848,A5,340200,92848,5.0,0.2,1982MM03,61.2
92849,A5,340200,92849,5.0,0.2,1982MM04,61.3
92850,A5,340200,92850,10.6,6.4,1982MM05,65.2
92851,A5,340200,92851,11.0,-0.2,1982MM06,65.0
92852,A5,340200,92852,10.1,0.1,1982MM07,65.1
92853,A5,340200,92853,8.3,-0.2,1982MM08,65.0
92854,A5,340200,92854,8.0,-0.2,1982MM09,64.8
92855,A5,340200,92855,8.2,0.2,1982MM10,64.9
92856,A5,340200,92856,8.3,0.0,1982MM11,64.9
92857,A5,340200,92857,9.3,0.9,1982MM12,65.5
92859,A5,340200,92859,7.2,-0.1,1983MM01,65.5
92860,A5,340200,92860,7.3,0.1,1983MM02,65.5
92861,A5,340200,92861,7.6,0.5,1983MM03,65.8
92862,A5,340200,92862,7.9,0.5,1983MM04,66.1
92863,A5,340200,92863,1.2,-0.3,1983MM05,66.0
92864,A5,340200,92864,1.4,0.0,1983MM06,66.0
92865,A5,340200,92865,1.3,0.0,1983MM07,65.9
92866,A5,340200,92866,1.5,0.0,1983MM08,65.9
92867,A5,340200,92867,1.2,-0.5,1983MM09,65.6
92868,A5,340200,92868,1.5,0.4,1983MM10,65.9
92869,A5,340200,92869,2.0,0.6,1983MM11,66.2
92870,A5,340200,92870,1.5,0.4,1983MM12,66.5
92872,A5,340200,92872,1.8,0.2,1984MM01,66.6
92873,A5,340200,92873,1.8,0.1,1984MM02,66.7
92874,A5,340200,92874,1.3,0.0,1984MM03,66.7
92875,A5,340200,92875,0.9,0.0,1984MM04,66.7
92876,A5,340200,92876,1.1,0.0,1984MM05,66.7
92877,A5,340200,92877,1.2,0.0,1984MM06,66.7
92878,A5,340200,92878,1.3,0.1,1984MM07,66.8
92879,A5,340200,92879,1.3,0.0,1984MM08,66.8
92880,A5,340200,92880,2.5,0.6,1984MM09,67.2
92881,A5,340200,92881,2.1,0.1,1984MM10,67.2
92882,A5,340200,92882,1.6,0.1,1984MM11,67.3
92883,A5,340200,92883,1.3,0.1,1984MM12,67.3
92885,A5,340200,92885,1.2,0.1,1985MM01,67.4
92886,A5,340200,92886,0.9,-0.2,1985MM02,67.3
92887,A5,340200,92887,0.9,0.1,1985MM03,67.3
92888,A5,340200,92888,0.9,0.1,1985MM04,67.3
92889,A5,340200,92889,1.2,0.2,1985MM05,67.5
92890,A5,340200,92890,1.2,0.0,1985MM06,67.5
92891,A5,340200,92891,1.1,0.0,1985MM07,67.5
92892,A5,340200,92892,1.0,0.0,1985MM08,67.5
92893,A5,340200,92893,0.4,0.0,1985MM09,67.4
92894,A5,340200,92894,0.4,0.1,1985MM10,67.5
92895,A5,340200,92895,0.9,0.6,1985MM11,67.9
92896,A5,340200,92896,0.9,0.1,1985MM12,67.9
92898,A5,340200,92898,0.7,-0.1,1986MM01,67.9
92899,A5,340200,92899,2.4,1.5,1986MM02,68.9
92900,A5,340200,92900,1.6,-0.7,1986MM03,68.4
92901,A5,340200,92901,1.6,0.0,1986MM04,68.4
92902,A5,340200,92902,1.4,0.0,1986MM05,68.4
92903,A5,340200,92903,1.7,0.3,1986MM06,68.6
92904,A5,340200,92904,1.7,0.0,1986MM07,68.6
92905,A5,340200,92905,1.7,0.0,1986MM08,68.7
92906,A5,340200,92906,2.0,0.2,1986MM09,68.8
92907,A5,340200,92907,1.9,0.0,1986MM10,68.8
92908,A5,340200,92908,2.2,1.0,1986MM11,69.4
92909,A5,340200,92909,2.2,0.0,1986MM12,69.4
92911,A5,340200,92911,2.3,0.0,1987MM01,69.4
92912,A5,340200,92912,0.8,0.0,1987MM02,69.4
92913,A5,340200,92913,2.8,1.3,1987MM03,70.3
92914,A5,340200,92914,1.5,-1.2,1987MM04,69.5
92915,A5,340200,92915,1.8,0.3,1987MM05,69.7
92916,A5,340200,92916,1.5,0.0,1987MM06,69.7
92917,A5,340200,92917,1.7,0.2,1987MM07,69.8
92918,A5,340200,92918,1.8,0.1,1987MM08,69.9
92919,A5,340200,92919,1.5,-0.1,1987MM09,69.8
92920,A5,340200,92920,1.8,0.3,1987MM10,70.0
92921,A5,340200,92921,1.1,0.2,1987MM11,70.2
92922,A5,340200,92922,2.7,1.6,1987MM12,71.3
92924,A5,340200,92924,3.0,0.3,1988MM01,71.5
92925,A5,340200,92925,2.7,-0.3,1988MM02,71.3
92926,A5,340200,92926,1.6,0.2,1988MM03,71.4
92927,A5,340200,92927,5.2,2.3,1988MM04,73.1
92928,A5,340200,92928,2.8,-2.0,1988MM05,71.6
92929,A5,340200,92929,2.8,0.0,1988MM06,71.6
92930,A5,340200,92930,3.3,0.7,1988MM07,72.2
92931,A5,340200,92931,3.6,0.4,1988MM08,72.4
92932,A5,340200,92932,4.0,0.3,1988MM09,72.6
92933,A5,340200,92933,4.3,0.5,1988MM10,73.0
92934,A5,340200,92934,4.4,0.3,1988MM11,73.2
92935,A5,340200,92935,2.8,0.1,1988MM12,73.3
92937,A5,340200,92937,3.2,0.7,1989MM01,73.8
92938,A5,340200,92938,3.6,0.1,1989MM02,73.9
92939,A5,340200,92939,4.1,0.6,1989MM03,74.3
92940,A5,340200,92940,1.8,0.1,1989MM04,74.4
92941,A5,340200,92941,6.5,2.6,1989MM05,76.3
92942,A5,340200,92942,5.0,-1.4,1989MM06,75.2
92943,A5,340200,92943,4.8,0.5,1989MM07,75.6
92944,A5,340200,92944,4.2,-0.1,1989MM08,75.5
92945,A5,340200,92945,4.9,1.0,1989MM09,76.2
92946,A5,340200,92946,4.5,0.1,1989MM10,76.3
92947,A5,340200,92947,4.3,0.1,1989MM11,76.4
92948,A5,340200,92948,4.6,0.4,1989MM12,76.7
92950,A5,340200,92950,4.0,0.0,1990MM01,76.7
92951,A5,340200,92951,1.6,-2.2,1990MM02,75.0
92952,A5,340200,92952,0.9,0.0,1990MM03,75.0
92953,A5,340200,92953,0.9,0.0,1990MM04,75.0
92954,A5,340200,92954,-0.8,0.9,1990MM05,75.7
92955,A5,340200,92955,1.4,0.7,1990MM06,76.3
92956,A5,340200,92956,0.9,0.0,1990MM07,76.3
92957,A5,340200,92957,1.2,0.1,1990MM08,76.4
92958,A5,340200,92958,1.7,1.4,1990MM09,77.5
92959,A5,340200,92959,2.0,0.5,1990MM10,77.8
92960,A5,340200,92960,3.3,1.4,1990MM11,78.9
92961,A5,340200,92961,2.9,0.0,1990MM12,78.9
92963,A5,340200,92963,3.1,0.2,1991MM01,79.1
92964,A5,340200,92964,7.5,2.0,1991MM02,80.7
92965,A5,340200,92965,6.3,-1.1,1991MM03,79.8
92966,A5,340200,92966,6.3,0.0,1991MM04,79.8
92967,A5,340200,92967,5.4,0.1,1991MM05,79.8
92968,A5,340200,92968,4.5,-0.2,1991MM06,79.7
92969,A5,340200,92969,4.6,0.2,1991MM07,79.8
92970,A5,340200,92970,4.9,0.3,1991MM08,80.1
92971,A5,340200,92971,4.2,0.8,1991MM09,80.8
92972,A5,340200,92972,3.8,0.0,1991MM10,80.8
92973,A5,340200,92973,2.9,0.6,1991MM11,81.2
92974,A5,340200,92974,3.5,0.6,1991MM12,81.7
92976,A5,340200,92976,3.6,0.3,1992MM01,82.0
92977,A5,340200,92977,2.0,0.4,1992MM02,82.3
92978,A5,340200,92978,5.9,2.6,1992MM03,84.5
92979,A5,340200,92979,4.9,-1.0,1992MM04,83.6
92980,A5,340200,92980,4.6,-0.2,1992MM05,83.5
92981,A5,340200,92981,4.8,0.1,1992MM06,83.5
92982,A5,340200,92982,4.8,0.1,1992MM07,83.6
92983,A5,340200,92983,4.5,0.1,1992MM08,83.7
92984,A5,340200,92984,4.0,0.3,1992MM09,83.9
92985,A5,340200,92985,4.7,0.7,1992MM10,84.5
92986,A5,340200,92986,4.0,0.0,1992MM11,84.5
92987,A5,340200,92987,3.7,0.2,1992MM12,84.7
92989,A5,340200,92989,4.8,1.5,1993MM01,85.9
92990,A5,340200,92990,4.5,0.0,1993MM02,86.0
92991,A5,340200,92991,1.8,0.0,1993MM03,86.0
92992,A5,340200,92992,4.1,1.3,1993MM04,87.1
92993,A5,340200,92993,4.4,0.1,1993MM05,87.2
92994,A5,340200,92994,4.2,-0.1,1993MM06,87.0
92995,A5,340200,92995,4.0,0.0,1993MM07,87.0
92996,A5,340200,92996,3.6,-0.3,1993MM08,86.7
92997,A5,340200,92997,3.5,0.1,1993MM09,86.8
92998,A5,340200,92998,2.8,0.0,1993MM10,86.8
92999,A5,340200,92999,2.9,0.1,1993MM11,86.9
93000,A5,340200,93000,2.6,0.0,1993MM12,86.9
93002,A5,340200,93002,1.1,0.0,1994MM01,86.9
93003,A5,340200,93003,1.5,0.5,1994MM02,87.3
93004,A5,340200,93004,1.7,0.1,1994MM03,87.4
93005,A5,340200,93005,0.4,0.0,1994MM04,87.4
93006,A5,340200,93006,0.3,0.1,1994MM05,87.5
93007,A5,340200,93007,1.0,0.5,1994MM06,87.9
93008,A5,340200,93008,1.1,0.1,1994MM07,87.9
93009,A5,340200,93009,1.4,0.0,1994MM08,87.9
93010,A5,340200,93010,0.5,-0.7,1994MM09,87.3
93011,A5,340200,93011,0.5,0.0,1994MM10,87.3
93012,A5,340200,93012,0.4,0.0,1994MM11,87.2
93013,A5,340200,93013,0.7,0.3,1994MM12,87.5
93015,A5,340200,93015,0.8,0.1,1995MM01,87.6
93016,A5,340200,93016,0.4,0.1,1995MM02,87.6
93017,A5,340200,93017,0.3,0.1,1995MM03,87.7
93018,A5,340200,93018,0.3,-0.1,1995MM04,87.6
93019,A5,340200,93019,0.4,0.1,1995MM05,87.8
93020,A5,340200,93020,-0.1,0.0,1995MM06,87.8
93021,A5,340200,93021,-0.5,-0.3,1995MM07,87.5
93022,A5,340200,93022,-0.5,0.0,1995MM08,87.5
93023,A5,340200,93023,0.3,0.0,1995MM09,87.5
93024,A5,340200,93024,0.6,0.3,1995MM10,87.8
93025,A5,340200,93025,0.6,0.0,1995MM11,87.8
93026,A5,340200,93026,0.3,0.0,1995MM12,87.8
93028,A5,340200,93028,0.5,0.3,1996MM01,88.0
93029,A5,340200,93029,0.5,0.0,1996MM02,88.0
93030,A5,340200,93030,0.4,0.0,1996MM03,88.0
93031,A5,340200,93031,0.2,-0.2,1996MM04,87.8
93032,A5,340200,93032,0.1,0.0,1996MM05,87.9
93033,A5,340200,93033,0.2,0.1,1996MM06,88.0
93034,A5,340200,93034,0.8,0.3,1996MM07,88.2
93035,A5,340200,93035,0.8,0.0,1996MM08,88.2
93036,A5,340200,93036,0.7,0.0,1996MM09,88.1
93037,A5,340200,93037,2.7,2.3,1996MM10,90.2
93038,A5,340200,93038,2.7,0.0,1996MM11,90.1
93039,A5,340200,93039,2.7,0.0,1996MM12,90.2
93041,A5,340200,93041,2.8,0.4,1997MM01,90.5
93042,A5,340200,93042,2.9,0.0,1997MM02,90.6
93043,A5,340200,93043,3.0,0.1,1997MM03,90.7
93044,A5,340200,93044,3.2,0.0,1997MM04,90.7
93045,A5,340200,93045,3.2,0.0,1997MM05,90.7
93046,A5,340200,93046,3.2,0.0,1997MM06,90.7
93047,A5,340200,93047,5.1,2.2,1997MM07,92.7
93048,A5,340200,93048,5.2,0.0,1997MM08,92.7
93049,A5,340200,93049,5.2,0.0,1997MM09,92.7
93050,A5,340200,93050,3.1,0.3,1997MM10,93.0
93051,A5,340200,93051,3.3,0.2,1997MM11,93.2
93052,A5,340200,93052,3.3,0.0,1997MM12,93.2
93054,A5,340200,93054,4.6,1.7,1998MM01,94.7
93055,A5,340200,93055,4.6,0.0,1998MM02,94.7
93056,A5,340200,93056,4.5,0.0,1998MM03,94.8
93057,A5,340200,93057,4.4,-0.1,1998MM04,94.7
93058,A5,340200,93058,4.7,0.3,1998MM05,95.0
93059,A5,340200,93059,4.7,0.0,1998MM06,95.0
93060,A5,340200,93060,4.3,1.8,1998MM07,96.7
93061,A5,340200,93061,4.2,0.0,1998MM08,96.7
93062,A5,340200,93062,4.2,-0.1,1998MM09,96.6
93063,A5,340200,93063,3.8,-0.1,1998MM10,96.5
93064,A5,340200,93064,3.6,0.1,1998MM11,96.6
93065,A5,340200,93065,3.5,-0.1,1998MM12,96.5
93067,A5,340200,93067,1.9,0.1,1999MM01,96.5
93068,A5,340200,93068,1.9,0.0,1999MM02,96.5
93069,A5,340200,93069,1.9,0.0,1999MM03,96.5
93070,A5,340200,93070,1.9,0.0,1999MM04,96.5
93071,A5,340200,93071,1.7,0.1,1999MM05,96.6
93072,A5,340200,93072,1.8,0.1,1999MM06,96.7
93073,A5,340200,93073,0.1,0.1,1999MM07,96.8
93074,A5,340200,93074,0.2,0.1,1999MM08,96.9
93075,A5,340200,93075,0.5,0.2,1999MM09,97.1
93076,A5,340200,93076,1.2,0.6,1999MM10,97.6
93077,A5,340200,93077,1.6,0.4,1999MM11,98.1
93078,A5,340200,93078,2.0,0.3,1999MM12,98.3
93080,A5,340200,93080,2.6,0.7,2000MM01,99.1
93081,A5,340200,93081,2.6,0.0,2000MM02,99.1
93082,A5,340200,93082,2.6,0.0,2000MM03,99.1
93083,A5,340200,93083,2.6,0.0,2000MM04,99.1
93084,A5,340200,93084,2.6,0.0,2000MM05,99.1
93085,A5,340200,93085,2.5,0.0,2000MM06,99.1
93086,A5,340200,93086,2.4,0.0,2000MM07,99.1
93087,A5,340200,93087,2.3,0.0,2000MM08,99.1
93088,A5,340200,93088,2.1,0.0,2000MM09,99.1
93089,A5,340200,93089,1.8,0.3,2000MM10,99.4
93090,A5,340200,93090,1.4,0.0,2000MM11,99.5
93091,A5,340200,93091,1.1,0.0,2000MM12,99.4
93093,A5,340200,93093,-0.4,-0.7,2001MM01,98.7
93094,A5,340200,93094,-0.4,0.0,2001MM02,98.7
93095,A5,340200,93095,-0.4,0.0,2001MM03,98.7
93096,A5,340200,93096,-0.4,0.0,2001MM04,98.7
93097,A5,340200,93097,-0.4,0.0,2001MM05,98.7
93098,A5,340200,93098,-0.4,0.0,2001MM06,98.7
93099,A5,340200,93099,0.4,0.8,2001MM07,99.6
93100,A5,340200,93100,0.4,0.0,2001MM08,99.6
93101,A5,340200,93101,0.5,0.0,2001MM09,99.6
93102,A5,340200,93102,0.6,0.4,2001MM10,100.0
93103,A5,340200,93103,0.6,0.0,2001MM11,100.0
93104,A5,340200,93104,0.6,0.0,2001MM12,100.0
93106,A5,340200,93106,1.9,0.5,2002MM01,100.5
93107,A5,340200,93107,1.9,0.0,2002MM02,100.6
93108,A5,340200,93108,1.9,0.0,2002MM03,100.5
93109,A5,340200,93109,1.9,0.0,2002MM04,100.6
93110,A5,340200,93110,1.8,0.0,2002MM05,100.6
93111,A5,340200,93111,1.9,0.0,2002MM06,100.6
93112,A5,340200,93112,1.1,0.1,2002MM07,100.7
93113,A5,340200,93113,1.1,0.0,2002MM08,100.7
93114,A5,340200,93114,1.1,0.0,2002MM09,100.7
93115,A5,340200,93115,1.1,0.4,2002MM10,101.1
93116,A5,340200,93116,1.1,0.0,2002MM11,101.1
93117,A5,340200,93117,1.1,0.0,2002MM12,101.1
93119,A5,340200,93119,0.3,-0.2,2003MM01,100.9
93120,A5,340200,93120,0.3,0.0,2003MM02,100.9
93121,A5,340200,93121,0.3,0.0,2003MM03,100.9
93122,A5,340200,93122,0.1,-0.2,2003MM04,100.6
93123,A5,340200,93123,0.1,0.0,2003MM05,100.6
93124,A5,340200,93124,0.1,0.0,2003MM06,100.6
93125,A5,340200,93125,0.0,0.1,2003MM07,100.7
93126,A5,340200,93126,0.0,0.0,2003MM08,100.7
93127,A5,340200,93127,0.0,0.0,2003MM09,100.7
93128,A5,340200,93128,-0.7,-0.3,2003MM10,100.4
93129,A5,340200,93129,-0.7,0.0,2003MM11,100.4
93130,A5,340200,93130,-0.7,0.0,2003MM12,100.4
93132,A5,340200,93132,-2.9,-2.5,2004MM01,97.9
93133,A5,340200,93133,-2.9,0.0,2004MM02,97.9
93134,A5,340200,93134,-2.9,0.0,2004MM03,97.9
93135,A5,340200,93135,-2.7,0.0,2004MM04,97.9
93136,A5,340200,93136,-2.7,0.0,2004MM05,97.9
93137,A5,340200,93137,-2.7,0.0,2004MM06,97.9
93138,A5,340200,93138,-2.8,0.0,2004MM07,97.9
93139,A5,340200,93139,-2.8,0.0,2004MM08,97.9
93140,A5,340200,93140,-2.7,0.0,2004MM09,97.9
93141,A5,340200,93141,-2.3,0.1,2004MM10,98.1
93142,A5,340200,93142,-2.3,0.0,2004MM11,98.1
93143,A5,340200,93143,-2.3,0.0,2004MM12,98.0
93145,A5,340200,93145,-2.18461538462,0.0,2005MM01,97.8
93146,A5,340200,93146,-2.06923076923,0.0,2005MM02,97.8
93147,A5,340200,93147,-1.95384615385,0.0,2005MM03,97.9
93148,A5,340200,93148,-1.83846153846,-0.8,2005MM04,97.0
93149,A5,340200,93149,-1.72307692308,0.0,2005MM05,97.1
93150,A5,340200,93150,-1.60769230769,0.0,2005MM06,97.1
93151,A5,340200,93151,-1.49230769231,0.0,2005MM07,97.1
93152,A5,340200,93152,-1.37692307692,0.0,2005MM08,97.1
93153,A5,340200,93153,-1.26153846154,0.0,2005MM09,97.1
93154,A5,340200,93154,-1.14615384615,0.0,2005MM10,97.1
93155,A5,340200,93155,-1.03076923077,0.0,2005MM11,97.1
93156,A5,340200,93156,-0.915384615385,0.0,2005MM12,97.1
93158,A5,340200,93158,-0.8,-0.1,2006MM01,97.0
93159,A5,340200,93159,-0.9,0.0,2006MM02,97.0
93160,A5,340200,93160,-0.9,0.0,2006MM03,97.0
93161,A5,340200,93161,0.0,0.1,2006MM04,97.1
93162,A5,340200,93162,0.0,0.0,2006MM05,97.1
93163,A5,340200,93163,0.0,0.0,2006MM06,97.1
93164,A5,340200,93164,0.1,0.1,2006MM07,97.2
93165,A5,340200,93165,0.1,0.0,2006MM08,97.2
93166,A5,340200,93166,0.1,0.0,2006MM09,97.2
93167,A5,340200,93167,-0.4,-0.5,2006MM10,96.7
93168,A5,340200,93168,-0.3,0.0,2006MM11,96.7
93169,A5,340200,93169,-0.4,0.0,2006MM12,96.7
93171,A5,340200,93171,0.4,0.7,2007MM01,97.4
93172,A5,340200,93172,0.4,0.0,2007MM02,97.4
93173,A5,340200,93173,0.4,0.0,2007MM03,97.4
93174,A5,340200,93174,1.5,1.1,2007MM04,98.5
93175,A5,340200,93175,1.5,0.0,2007MM05,98.5
93176,A5,340200,93176,1.5,0.0,2007MM06,98.5
93177,A5,340200,93177,1.7,0.3,2007MM07,98.8
93178,A5,340200,93178,1.7,0.0,2007MM08,98.8
93179,A5,340200,93179,2.1,0.4,2007MM09,99.2
93180,A5,340200,93180,2.2,-0.4,2007MM10,98.8
93181,A5,340200,93181,2.2,0.0,2007MM11,98.9
93182,A5,340200,93182,2.2,0.0,2007MM12,98.9
93184,A5,340200,93184,1.6,0.2,2008MM01,99.0
93185,A5,340200,93185,1.7,0.0,2008MM02,99.0
93186,A5,340200,93186,1.7,0.0,2008MM03,99.1
93187,A5,340200,93187,0.4,-0.2,2008MM04,98.8
93188,A5,340200,93188,0.4,0.0,2008MM05,98.9
93189,A5,340200,93189,0.4,0.0,2008MM06,98.9
93190,A5,340200,93190,0.3,0.3,2008MM07,99.2
93191,A5,340200,93191,0.4,0.1,2008MM08,99.3
93192,A5,340200,93192,0.2,0.2,2008MM09,99.4
93193,A5,340200,93193,1.4,0.8,2008MM10,100.2
93194,A5,340200,93194,1.3,-0.1,2008MM11,100.1
93195,A5,340200,93195,1.7,0.4,2008MM12,100.6
93197,A5,340200,93197,1.3,-0.2,2009MM01,100.3
93198,A5,340200,93198,0.7,-0.6,2009MM02,99.7
93199,A5,340200,93199,0.6,-0.1,2009MM03,99.7
93200,A5,340200,93200,1.2,0.4,2009MM04,100.1
93201,A5,340200,93201,1.2,0.0,2009MM05,100.0
93202,A5,340200,93202,1.2,0.0,2009MM06,100.1
93203,A5,340200,93203,1.0,0.1,2009MM07,100.1
93204,A5,340200,93204,1.1,0.2,2009MM08,100.3
93205,A5,340200,93205,0.9,0.1,2009MM09,100.4
93206,A5,340200,93206,-0.5,-0.7,2009MM10,99.7
93207,A5,340200,93207,-0.4,0.0,2009MM11,99.7
93208,A5,340200,93208,-0.9,0.0,2009MM12,99.7
93210,A5,340200,93210,-0.6,0.0,2010MM01,99.7
93211,A5,340200,93211,0.0,0.0,2010MM02,99.8
93212,A5,340200,93212,0.0,0.0,2010MM03,99.7
93213,A5,340200,93213,-0.6,-0.3,2010MM04,99.5
93214,A5,340200,93214,-0.6,0.0,2010MM05,99.5
93215,A5,340200,93215,-0.5,0.1,2010MM06,99.5
93216,A5,340200,93216,-0.5,0.1,2010MM07,99.6
93217,A5,340200,93217,-0.6,0.0,2010MM08,99.7
93218,A5,340200,93218,-0.4,0.3,2010MM09,100.0
93219,A5,340200,93219,1.3,1.0,2010MM10,101.0
93220,A5,340200,93220,1.3,0.0,2010MM11,101.0
93221,A5,340200,93221,1.3,0.0,2010MM12,101.0
93223,A5,340200,93223,2.1,0.8,2011MM01,101.9
93224,A5,340200,93224,2.1,0.0,2011MM02,101.9
93225,A5,340200,93225,2.1,0.0,2011MM03,101.8
93226,A5,340200,93226,1.9,-0.5,2011MM04,101.3
93227,A5,340200,93227,1.9,0.0,2011MM05,101.4
93228,A5,340200,93228,1.5,-0.3,2011MM06,101.1
93229,A5,340200,93229,2.3,0.8,2011MM07,101.9
93230,A5,340200,93230,2.3,0.0,2011MM08,101.9
93231,A5,340200,93231,1.6,-0.3,2011MM09,101.6
93232,A5,340200,93232,0.3,-0.3,2011MM10,101.3
93233,A5,340200,93233,0.3,0.0,2011MM11,101.3
93234,A5,340200,93234,0.3,0.0,2011MM12,101.3
93236,A5,340200,93236,0.5,1.1,2012MM01,102.4
93237,A5,340200,93237,0.5,0.0,2012MM02,102.4
93238,A5,340200,93238,0.6,0.0,2012MM03,102.4
93239,A5,340200,93239,0.9,-0.1,2012MM04,102.3
93240,A5,340200,93240,0.9,0.0,2012MM05,102.3
93241,A5,340200,93241,1.2,0.0,2012MM06,102.3
93242,A5,340200,93242,0.5,0.1,2012MM07,102.4
93243,A5,340200,93243,0.5,0.0,2012MM08,102.4
93244,A5,340200,93244,1.1,0.3,2012MM09,102.7
93245,A5,340200,93245,2.9,1.5,2012MM10,104.2
93246,A5,340200,93246,2.9,0.0,2012MM11,104.2
93247,A5,340200,93247,2.9,0.0,2012MM12,104.2
93249,A5,340200,93249,2.5,0.7,2013MM01,104.9
93250,A5,340200,93250,2.5,0.0,2013MM02,104.9
93251,A5,340200,93251,2.5,0.0,2013MM03,104.9
93252,A5,340200,93252,2.6,0.0,2013MM04,104.9
93253,A5,340200,93253,2.6,0.0,2013MM05,104.9
93254,A5,340200,93254,2.6,0.0,2013MM06,104.9
93255,A5,340200,93255,2.8,0.3,2013MM07,105.2
93256,A5,340200,93256,2.8,0.0,2013MM08,105.2
93257,A5,340200,93257,2.5,0.0,2013MM09,105.3
93258,A5,340200,93258,0.6,-0.3,2013MM10,104.9
93259,A5,340200,93259,0.6,0.0,2013MM11,104.9
93260,A5,340200,93260,0.6,0.0,2013MM12,104.9
93262,A5,340200,93262,1.0,1.0,2014MM01,106.0
93263,A5,340200,93263,1.0,0.0,2014MM02,106.0
93264,A5,340200,93264,1.0,0.0,2014MM03,106.0
93265,A5,340200,93265,1.0,0.0,2014MM04,106.0
93266,A5,340200,93266,1.0,0.0,2014MM05,106.0
93267,A5,340200,93267,1.0,0.0,2014MM06,106.0
93268,A5,340200,93268,1.3,0.6,2014MM07,106.6
93269,A5,340200,93269,1.3,0.0,2014MM08,106.6
93270,A5,340200,93270,1.2,-0.1,2014MM09,106.5
93271,A5,340200,93271,0.9,-0.6,2014MM10,105.9
93272,A5,340200,93272,1.0,0.1,2014MM11,105.9
93273,A5,340200,93273,1.0,0.0,2014MM12,106.0
93275,A5,340200,93275,0.3,0.3,2015MM01,106.3
93276,A5,340200,93276,0.3,0.0,2015MM02,106.3
93277,A5,340200,93277,0.4,0.1,2015MM03,106.4
93278,A5,340200,93278,3.1,2.7,2015MM04,109.3
93279,A5,340200,93279,3.1,0.0,2015MM05,109.3
93280,A5,340200,93280,3.1,0.0,2015MM06,109.3
93281,A5,340200,93281,2.4,-0.1,2015MM07,109.2
93282,A5,340200,93282,2.4,0.0,2015MM08,109.2
93283,A5,340200,93283,2.6,0.2,2015MM09,109.3
93284,A5,340200,93284,6.5,3.1,2015MM10,112.7
93285,A5,340200,93285,6.5,0.0,2015MM11,112.8
93286,A5,340200,93286,6.4,0.0,2015MM12,112.8
93288,A5,340200,93288,4.8,-1.2,2016MM01,111.4
93289,A5,340200,93289,4.7,0.0,2016MM02,111.3
93290,A5,340200,93290,4.7,0.0,2016MM03,111.3
93291,A5,340200,93291,5.3,3.3,2016MM04,115.1
93292,A5,340200,93292,5.3,0.0,2016MM05,115.1
93293,A5,340200,93293,5.3,0.0,2016MM06,115.1
93294,A5,340200,93294,5.3,-0.1,2016MM07,115.0
93295,A5,340200,93295,5.4,0.0,2016MM08,115.0
93296,A5,340200,93296,5.2,0.0,2016MM09,115.0
93297,A5,340200,93297,1.8,-0.2,2016MM10,114.8
93298,A5,340200,93298,1.8,0.0,2016MM11,114.8
93299,A5,340200,93299,1.8,0.0,2016MM12,114.8
93301,A5,340200,93301,2.8,-0.3,2017MM01,114.5
93302,A5,340200,93302,2.7,-0.1,2017MM02,114.4
93303,A5,340200,93303,2.8,0.0,2017MM03,114.4
93304,A5,340200,93304,-0.6,0.0,2017MM04,114.4
93305,A5,340200,93305,-0.6,0.0,2017MM05,114.4
93306,A5,340200,93306,-0.6,0.0,2017MM06,114.4
93307,A5,340200,93307,-0.6,-0.1,2017MM07,114.3
93308,A5,340200,93308,-0.7,0.0,2017MM08,114.2
93309,A5,340200,93309,-0.6,0.1,2017MM09,114.3
93310,A5,340200,93310,-0.2,0.2,2017MM10,114.6
93311,A5,340200,93311,-0.2,0.0,2017MM11,114.6
93312,A5,340200,93312,-0.2,0.0,2017MM12,114.6
