,Afzet,BedrijfstakkenBranchesSBI2008,ID,OntwikkelingTOV1JaarEerder_2,OntwikkelingTOV1MaandEerder_3,Perioden,ProducentenprijsindexPPI_1
60606,A4,340200,60606,0.561538461538,0.05,1981MM01,44.7
60607,A4,340200,60607,1.02307692308,0.0,1981MM02,44.7
60608,A4,340200,60608,1.48461538462,0.4,1981MM03,44.9
60609,A4,340200,60609,1.94615384615,0.7,1981MM04,45.2
60610,A4,340200,60610,2.40769230769,0.3,1981MM05,45.3
60611,A4,340200,60611,2.86923076923,0.5,1981MM06,45.6
60612,A4,340200,60612,3.33076923077,1.7,1981MM07,46.3
60613,A4,340200,60613,3.79230769231,0.0,1981MM08,46.3
60614,A4,340200,60614,4.25384615385,0.0,1981MM09,46.3
60615,A4,340200,60615,4.71538461538,0.5,1981MM10,46.6
60616,A4,340200,60616,5.17692307692,0.1,1981MM11,46.6
60617,A4,340200,60617,5.63846153846,0.0,1981MM12,46.6
60619,A4,340200,60619,6.1,1.7,1982MM01,47.4
60620,A4,340200,60620,6.1,0.0,1982MM02,47.4
60621,A4,340200,60621,5.7,0.0,1982MM03,47.4
60622,A4,340200,60622,6.6,1.6,1982MM04,48.2
60623,A4,340200,60623,6.3,0.0,1982MM05,48.2
60624,A4,340200,60624,5.7,0.0,1982MM06,48.2
60625,A4,340200,60625,4.6,0.6,1982MM07,48.5
60626,A4,340200,60626,4.6,0.0,1982MM08,48.5
60627,A4,340200,60627,5.1,0.5,1982MM09,48.7
60628,A4,340200,60628,5.9,1.3,1982MM10,49.3
60629,A4,340200,60629,5.8,0.0,1982MM11,49.3
60630,A4,340200,60630,5.8,0.0,1982MM12,49.3
60632,A4,340200,60632,4.9,0.7,1983MM01,49.7
60633,A4,340200,60633,4.9,0.0,1983MM02,49.7
60634,A4,340200,60634,4.9,0.1,1983MM03,49.8
60635,A4,340200,60635,4.7,1.3,1983MM04,50.4
60636,A4,340200,60636,4.7,0.0,1983MM05,50.4
60637,A4,340200,60637,4.7,0.0,1983MM06,50.4
60638,A4,340200,60638,4.0,0.0,1983MM07,50.4
60639,A4,340200,60639,4.0,0.0,1983MM08,50.4
60640,A4,340200,60640,3.5,0.0,1983MM09,50.4
60641,A4,340200,60641,2.5,0.3,1983MM10,50.6
60642,A4,340200,60642,2.5,0.0,1983MM11,50.6
60643,A4,340200,60643,2.4,0.0,1983MM12,50.6
60645,A4,340200,60645,2.2,0.5,1984MM01,50.8
60646,A4,340200,60646,2.1,0.0,1984MM02,50.8
60647,A4,340200,60647,2.1,0.0,1984MM03,50.8
60648,A4,340200,60648,0.8,0.0,1984MM04,50.8
60649,A4,340200,60649,0.8,0.0,1984MM05,50.8
60650,A4,340200,60650,0.6,-0.2,1984MM06,50.7
60651,A4,340200,60651,0.7,0.1,1984MM07,50.8
60652,A4,340200,60652,0.8,0.1,1984MM08,50.8
60653,A4,340200,60653,1.5,0.7,1984MM09,51.2
60654,A4,340200,60654,1.0,-0.1,1984MM10,51.1
60655,A4,340200,60655,1.2,0.1,1984MM11,51.2
60656,A4,340200,60656,1.7,0.5,1984MM12,51.4
60658,A4,340200,60658,2.1,0.8,1985MM01,51.8
60659,A4,340200,60659,0.0,-2.1,1985MM02,50.8
60660,A4,340200,60660,0.3,0.3,1985MM03,50.9
60661,A4,340200,60661,0.4,0.1,1985MM04,51.0
60662,A4,340200,60662,2.7,2.3,1985MM05,52.2
60663,A4,340200,60663,2.9,0.0,1985MM06,52.2
60664,A4,340200,60664,2.9,0.1,1985MM07,52.2
60665,A4,340200,60665,2.8,0.0,1985MM08,52.2
60666,A4,340200,60666,2.5,0.4,1985MM09,52.4
60667,A4,340200,60667,3.3,0.6,1985MM10,52.8
60668,A4,340200,60668,3.2,0.0,1985MM11,52.8
60669,A4,340200,60669,2.8,0.2,1985MM12,52.9
60671,A4,340200,60671,2.1,0.0,1986MM01,52.9
60672,A4,340200,60672,5.2,0.9,1986MM02,53.4
60673,A4,340200,60673,4.1,-0.7,1986MM03,53.0
60674,A4,340200,60674,4.3,0.3,1986MM04,53.2
60675,A4,340200,60675,2.1,0.1,1986MM05,53.3
60676,A4,340200,60676,2.5,0.4,1986MM06,53.5
60677,A4,340200,60677,2.5,0.1,1986MM07,53.5
60678,A4,340200,60678,2.3,-0.2,1986MM08,53.4
60679,A4,340200,60679,1.7,-0.2,1986MM09,53.3
60680,A4,340200,60680,1.3,0.2,1986MM10,53.5
60681,A4,340200,60681,0.8,-0.4,1986MM11,53.2
60682,A4,340200,60682,0.7,0.1,1986MM12,53.3
60684,A4,340200,60684,0.7,0.0,1987MM01,53.3
60685,A4,340200,60685,-0.2,0.0,1987MM02,53.3
60686,A4,340200,60686,1.1,0.7,1987MM03,53.6
60687,A4,340200,60687,0.2,-0.7,1987MM04,53.3
60688,A4,340200,60688,-0.2,-0.2,1987MM05,53.2
60689,A4,340200,60689,-0.1,0.5,1987MM06,53.4
60690,A4,340200,60690,0.9,1.1,1987MM07,54.0
60691,A4,340200,60691,1.2,0.1,1987MM08,54.0
60692,A4,340200,60692,1.2,-0.1,1987MM09,54.0
60693,A4,340200,60693,0.2,-0.8,1987MM10,53.5
60694,A4,340200,60694,0.6,0.1,1987MM11,53.6
60695,A4,340200,60695,1.1,0.5,1987MM12,53.9
60697,A4,340200,60697,1.0,-0.1,1988MM01,53.8
60698,A4,340200,60698,1.1,0.1,1988MM02,53.8
60699,A4,340200,60699,0.4,0.0,1988MM03,53.8
60700,A4,340200,60700,2.7,1.6,1988MM04,54.7
60701,A4,340200,60701,2.0,-0.9,1988MM05,54.2
60702,A4,340200,60702,1.5,0.0,1988MM06,54.2
60703,A4,340200,60703,0.3,-0.2,1988MM07,54.1
60704,A4,340200,60704,0.4,0.2,1988MM08,54.2
60705,A4,340200,60705,0.5,-0.1,1988MM09,54.2
60706,A4,340200,60706,1.1,-0.1,1988MM10,54.1
60707,A4,340200,60707,1.6,0.6,1988MM11,54.4
60708,A4,340200,60708,1.2,0.1,1988MM12,54.5
60710,A4,340200,60710,1.1,-0.2,1989MM01,54.4
60711,A4,340200,60711,2.3,1.3,1989MM02,55.1
60712,A4,340200,60712,2.5,0.2,1989MM03,55.2
60713,A4,340200,60713,0.8,-0.1,1989MM04,55.1
60714,A4,340200,60714,5.3,3.5,1989MM05,57.1
60715,A4,340200,60715,4.3,-0.9,1989MM06,56.6
60716,A4,340200,60716,5.3,0.7,1989MM07,57.0
60717,A4,340200,60717,5.5,0.4,1989MM08,57.2
60718,A4,340200,60718,5.6,0.1,1989MM09,57.2
60719,A4,340200,60719,6.3,0.5,1989MM10,57.5
60720,A4,340200,60720,5.9,0.2,1989MM11,57.7
60721,A4,340200,60721,7.0,1.1,1989MM12,58.3
60723,A4,340200,60723,7.8,0.6,1990MM01,58.6
60724,A4,340200,60724,5.5,-0.9,1990MM02,58.1
60725,A4,340200,60725,5.7,0.4,1990MM03,58.4
60726,A4,340200,60726,6.3,0.4,1990MM04,58.6
60727,A4,340200,60727,3.3,0.7,1990MM05,59.0
60728,A4,340200,60728,4.5,0.3,1990MM06,59.1
60729,A4,340200,60729,4.0,0.3,1990MM07,59.3
60730,A4,340200,60730,4.7,1.0,1990MM08,59.9
60731,A4,340200,60731,4.9,0.3,1990MM09,60.0
60732,A4,340200,60732,4.5,0.2,1990MM10,60.1
60733,A4,340200,60733,5.5,1.2,1990MM11,60.9
60734,A4,340200,60734,4.3,-0.1,1990MM12,60.8
60736,A4,340200,60736,3.5,-0.2,1991MM01,60.7
60737,A4,340200,60737,6.7,2.1,1991MM02,62.0
60738,A4,340200,60738,4.7,-1.4,1991MM03,61.1
60739,A4,340200,60739,4.3,0.0,1991MM04,61.1
60740,A4,340200,60740,3.5,-0.1,1991MM05,61.1
60741,A4,340200,60741,4.0,0.7,1991MM06,61.5
60742,A4,340200,60742,3.7,0.0,1991MM07,61.5
60743,A4,340200,60743,2.7,0.0,1991MM08,61.5
60744,A4,340200,60744,2.5,0.1,1991MM09,61.5
60745,A4,340200,60745,2.3,0.0,1991MM10,61.5
60746,A4,340200,60746,1.9,0.8,1991MM11,62.0
60747,A4,340200,60747,2.9,0.9,1991MM12,62.6
60749,A4,340200,60749,3.6,0.5,1992MM01,62.9
60750,A4,340200,60750,1.6,0.2,1992MM02,63.0
60751,A4,340200,60751,4.9,1.8,1992MM03,64.1
60752,A4,340200,60752,3.9,-1.0,1992MM04,63.5
60753,A4,340200,60753,4.0,0.0,1992MM05,63.5
60754,A4,340200,60754,3.4,0.0,1992MM06,63.6
60755,A4,340200,60755,3.4,0.0,1992MM07,63.6
60756,A4,340200,60756,3.5,0.0,1992MM08,63.6
60757,A4,340200,60757,3.5,0.2,1992MM09,63.7
60758,A4,340200,60758,3.8,0.3,1992MM10,63.9
60759,A4,340200,60759,3.0,0.0,1992MM11,63.9
60760,A4,340200,60760,2.7,0.6,1992MM12,64.3
60762,A4,340200,60762,4.3,2.0,1993MM01,65.6
60763,A4,340200,60763,4.1,0.0,1993MM02,65.6
60764,A4,340200,60764,2.3,0.0,1993MM03,65.6
60765,A4,340200,60765,3.9,0.6,1993MM04,66.0
60766,A4,340200,60766,3.9,0.0,1993MM05,66.0
60767,A4,340200,60767,3.7,-0.1,1993MM06,65.9
60768,A4,340200,60768,3.7,0.0,1993MM07,66.0
60769,A4,340200,60769,3.3,-0.3,1993MM08,65.7
60770,A4,340200,60770,3.4,0.2,1993MM09,65.9
60771,A4,340200,60771,3.0,0.0,1993MM10,65.8
60772,A4,340200,60772,3.0,0.0,1993MM11,65.8
60773,A4,340200,60773,2.5,0.0,1993MM12,65.8
60775,A4,340200,60775,0.4,0.0,1994MM01,65.9
60776,A4,340200,60776,0.4,0.0,1994MM02,65.9
60777,A4,340200,60777,0.8,0.4,1994MM03,66.1
60778,A4,340200,60778,0.3,0.0,1994MM04,66.1
60779,A4,340200,60779,0.2,0.0,1994MM05,66.1
60780,A4,340200,60780,0.7,0.5,1994MM06,66.4
60781,A4,340200,60781,0.6,-0.1,1994MM07,66.4
60782,A4,340200,60782,0.9,0.0,1994MM08,66.3
60783,A4,340200,60783,0.1,-0.6,1994MM09,65.9
60784,A4,340200,60784,0.2,0.1,1994MM10,66.0
60785,A4,340200,60785,0.3,0.0,1994MM11,66.0
60786,A4,340200,60786,0.4,0.2,1994MM12,66.1
60788,A4,340200,60788,0.5,0.1,1995MM01,66.2
60789,A4,340200,60789,0.5,0.0,1995MM02,66.2
60790,A4,340200,60790,0.2,0.1,1995MM03,66.2
60791,A4,340200,60791,0.3,0.2,1995MM04,66.4
60792,A4,340200,60792,0.7,0.3,1995MM05,66.6
60793,A4,340200,60793,0.3,0.0,1995MM06,66.6
60794,A4,340200,60794,0.3,-0.1,1995MM07,66.5
60795,A4,340200,60795,0.4,0.1,1995MM08,66.6
60796,A4,340200,60796,1.1,0.1,1995MM09,66.7
60797,A4,340200,60797,1.3,0.3,1995MM10,66.9
60798,A4,340200,60798,1.3,0.0,1995MM11,66.9
60799,A4,340200,60799,1.1,0.0,1995MM12,66.9
60801,A4,340200,60801,1.0,0.0,1996MM01,66.9
60802,A4,340200,60802,1.1,0.0,1996MM02,66.9
60803,A4,340200,60803,1.0,0.0,1996MM03,66.9
60804,A4,340200,60804,0.9,0.1,1996MM04,67.0
60805,A4,340200,60805,0.9,0.3,1996MM05,67.2
60806,A4,340200,60806,0.8,0.0,1996MM06,67.2
60807,A4,340200,60807,1.0,0.1,1996MM07,67.2
60808,A4,340200,60808,1.7,0.7,1996MM08,67.7
60809,A4,340200,60809,1.8,0.3,1996MM09,67.9
60810,A4,340200,60810,2.1,0.6,1996MM10,68.3
60811,A4,340200,60811,2.1,0.0,1996MM11,68.3
60812,A4,340200,60812,2.1,0.0,1996MM12,68.3
60814,A4,340200,60814,2.2,0.1,1997MM01,68.4
60815,A4,340200,60815,2.2,0.0,1997MM02,68.4
60816,A4,340200,60816,2.2,0.0,1997MM03,68.4
60817,A4,340200,60817,2.2,0.1,1997MM04,68.5
60818,A4,340200,60818,2.4,0.4,1997MM05,68.7
60819,A4,340200,60819,2.7,0.3,1997MM06,69.0
60820,A4,340200,60820,4.7,2.1,1997MM07,70.4
60821,A4,340200,60821,3.9,-0.1,1997MM08,70.3
60822,A4,340200,60822,3.7,0.1,1997MM09,70.4
60823,A4,340200,60823,3.1,0.1,1997MM10,70.4
60824,A4,340200,60824,3.3,0.2,1997MM11,70.5
60825,A4,340200,60825,3.3,0.0,1997MM12,70.5
60827,A4,340200,60827,3.9,0.8,1998MM01,71.0
60828,A4,340200,60828,4.0,0.1,1998MM02,71.1
60829,A4,340200,60829,4.1,0.1,1998MM03,71.2
60830,A4,340200,60830,3.5,-0.5,1998MM04,70.8
60831,A4,340200,60831,4.1,1.0,1998MM05,71.6
60832,A4,340200,60832,3.7,-0.1,1998MM06,71.5
60833,A4,340200,60833,7.5,5.7,1998MM07,75.6
60834,A4,340200,60834,7.6,0.1,1998MM08,75.7
60835,A4,340200,60835,7.7,0.1,1998MM09,75.8
60836,A4,340200,60836,7.8,0.2,1998MM10,75.9
60837,A4,340200,60837,8.8,1.1,1998MM11,76.7
60838,A4,340200,60838,9.0,0.2,1998MM12,76.9
60840,A4,340200,60840,9.0,0.7,1999MM01,77.4
60841,A4,340200,60841,9.0,0.1,1999MM02,77.5
60842,A4,340200,60842,8.9,0.0,1999MM03,77.6
60843,A4,340200,60843,9.5,0.0,1999MM04,77.5
60844,A4,340200,60844,8.2,-0.1,1999MM05,77.5
60845,A4,340200,60845,8.1,-0.2,1999MM06,77.3
60846,A4,340200,60846,2.0,-0.2,1999MM07,77.2
60847,A4,340200,60847,1.6,-0.3,1999MM08,76.9
60848,A4,340200,60848,1.4,0.0,1999MM09,76.9
60849,A4,340200,60849,0.9,-0.4,1999MM10,76.6
60850,A4,340200,60850,-0.7,-0.5,1999MM11,76.2
60851,A4,340200,60851,-1.5,-0.6,1999MM12,75.7
60853,A4,340200,60853,-2.3,-0.1,2000MM01,75.6
60854,A4,340200,60854,-2.2,0.2,2000MM02,75.8
60855,A4,340200,60855,-2.2,0.0,2000MM03,75.8
60856,A4,340200,60856,1.8,4.1,2000MM04,78.9
60857,A4,340200,60857,1.9,0.0,2000MM05,78.9
60858,A4,340200,60858,2.1,0.0,2000MM06,79.0
60859,A4,340200,60859,2.5,0.1,2000MM07,79.0
60860,A4,340200,60860,2.8,0.0,2000MM08,79.1
60861,A4,340200,60861,3.9,1.1,2000MM09,79.9
60862,A4,340200,60862,5.0,0.6,2000MM10,80.4
60863,A4,340200,60863,5.6,0.0,2000MM11,80.4
60864,A4,340200,60864,6.2,0.0,2000MM12,80.4
60866,A4,340200,60866,7.3,0.9,2001MM01,81.1
60867,A4,340200,60867,7.4,0.3,2001MM02,81.4
60868,A4,340200,60868,7.3,0.0,2001MM03,81.4
60869,A4,340200,60869,3.3,0.2,2001MM04,81.5
60870,A4,340200,60870,3.3,0.0,2001MM05,81.5
60871,A4,340200,60871,3.3,0.0,2001MM06,81.5
60872,A4,340200,60872,3.3,0.1,2001MM07,81.6
60873,A4,340200,60873,3.3,0.0,2001MM08,81.6
60874,A4,340200,60874,2.4,0.3,2001MM09,81.9
60875,A4,340200,60875,2.4,0.5,2001MM10,82.3
60876,A4,340200,60876,2.3,0.0,2001MM11,82.3
60877,A4,340200,60877,2.3,0.0,2001MM12,82.3
60879,A4,340200,60879,3.0,1.6,2002MM01,83.6
60880,A4,340200,60880,2.8,0.1,2002MM02,83.7
60881,A4,340200,60881,2.9,0.0,2002MM03,83.7
60882,A4,340200,60882,2.7,0.0,2002MM04,83.7
60883,A4,340200,60883,2.7,0.0,2002MM05,83.8
60884,A4,340200,60884,2.7,0.0,2002MM06,83.8
60885,A4,340200,60885,2.6,0.0,2002MM07,83.8
60886,A4,340200,60886,2.6,0.0,2002MM08,83.8
60887,A4,340200,60887,2.5,0.1,2002MM09,83.9
60888,A4,340200,60888,1.8,-0.1,2002MM10,83.8
60889,A4,340200,60889,1.8,0.0,2002MM11,83.8
60890,A4,340200,60890,1.9,0.0,2002MM12,83.8
60892,A4,340200,60892,2.5,2.2,2003MM01,85.6
60893,A4,340200,60893,3.1,0.7,2003MM02,86.3
60894,A4,340200,60894,3.1,0.0,2003MM03,86.3
60895,A4,340200,60895,3.0,-0.1,2003MM04,86.2
60896,A4,340200,60896,3.0,0.0,2003MM05,86.2
60897,A4,340200,60897,3.0,0.0,2003MM06,86.2
60898,A4,340200,60898,3.1,0.1,2003MM07,86.4
60899,A4,340200,60899,3.1,0.0,2003MM08,86.4
60900,A4,340200,60900,3.0,0.0,2003MM09,86.4
60901,A4,340200,60901,2.9,-0.2,2003MM10,86.2
60902,A4,340200,60902,2.9,0.0,2003MM11,86.2
60903,A4,340200,60903,2.9,0.0,2003MM12,86.3
60905,A4,340200,60905,0.6,-0.1,2004MM01,86.1
60906,A4,340200,60906,-0.1,0.0,2004MM02,86.2
60907,A4,340200,60907,-0.1,0.0,2004MM03,86.2
60908,A4,340200,60908,2.0,2.1,2004MM04,88.0
60909,A4,340200,60909,2.0,0.0,2004MM05,88.0
60910,A4,340200,60910,2.1,0.0,2004MM06,88.0
60911,A4,340200,60911,2.6,0.7,2004MM07,88.6
60912,A4,340200,60912,2.6,0.0,2004MM08,88.6
60913,A4,340200,60913,2.6,0.0,2004MM09,88.6
60914,A4,340200,60914,2.9,0.1,2004MM10,88.7
60915,A4,340200,60915,2.8,0.0,2004MM11,88.7
60916,A4,340200,60916,2.8,0.0,2004MM12,88.6
60918,A4,340200,60918,2.63846153846,0.0,2005MM01,89.0
60919,A4,340200,60919,2.47692307692,0.0,2005MM02,89.0
60920,A4,340200,60920,2.31538461538,0.0,2005MM03,89.0
60921,A4,340200,60921,2.15384615385,0.0,2005MM04,89.0
60922,A4,340200,60922,1.99230769231,0.0,2005MM05,89.0
60923,A4,340200,60923,1.83076923077,0.0,2005MM06,89.0
60924,A4,340200,60924,1.66923076923,0.1,2005MM07,89.1
60925,A4,340200,60925,1.50769230769,0.0,2005MM08,89.1
60926,A4,340200,60926,1.34615384615,-0.1,2005MM09,89.0
60927,A4,340200,60927,1.18461538462,0.3,2005MM10,89.3
60928,A4,340200,60928,1.02307692308,0.0,2005MM11,89.3
60929,A4,340200,60929,0.861538461538,0.0,2005MM12,89.3
60931,A4,340200,60931,0.7,0.2,2006MM01,89.5
60932,A4,340200,60932,0.7,0.0,2006MM02,89.6
60933,A4,340200,60933,0.6,0.0,2006MM03,89.6
60934,A4,340200,60934,0.9,0.2,2006MM04,89.8
60935,A4,340200,60935,0.9,0.0,2006MM05,89.8
60936,A4,340200,60936,1.0,0.1,2006MM06,89.9
60937,A4,340200,60937,1.2,0.3,2006MM07,90.1
60938,A4,340200,60938,1.2,0.0,2006MM08,90.2
60939,A4,340200,60939,1.3,0.0,2006MM09,90.2
60940,A4,340200,60940,1.7,0.8,2006MM10,90.9
60941,A4,340200,60941,1.7,0.0,2006MM11,90.9
60942,A4,340200,60942,1.7,0.0,2006MM12,90.9
60944,A4,340200,60944,0.9,-0.5,2007MM01,90.4
60945,A4,340200,60945,1.0,0.1,2007MM02,90.4
60946,A4,340200,60946,1.0,0.0,2007MM03,90.5
60947,A4,340200,60947,1.1,0.2,2007MM04,90.7
60948,A4,340200,60948,1.1,0.1,2007MM05,90.8
60949,A4,340200,60949,1.0,0.0,2007MM06,90.8
60950,A4,340200,60950,0.8,0.1,2007MM07,90.8
60951,A4,340200,60951,0.7,0.0,2007MM08,90.8
60952,A4,340200,60952,0.8,0.1,2007MM09,90.9
60953,A4,340200,60953,-0.1,-0.1,2007MM10,90.8
60954,A4,340200,60954,-0.2,-0.1,2007MM11,90.7
60955,A4,340200,60955,-0.2,0.0,2007MM12,90.7
60957,A4,340200,60957,2.8,2.5,2008MM01,92.9
60958,A4,340200,60958,2.8,0.0,2008MM02,93.0
60959,A4,340200,60959,2.9,0.1,2008MM03,93.1
60960,A4,340200,60960,2.8,0.1,2008MM04,93.2
60961,A4,340200,60961,2.7,0.0,2008MM05,93.2
60962,A4,340200,60962,2.7,0.0,2008MM06,93.2
60963,A4,340200,60963,2.7,0.1,2008MM07,93.3
60964,A4,340200,60964,2.7,0.0,2008MM08,93.3
60965,A4,340200,60965,2.8,0.2,2008MM09,93.5
60966,A4,340200,60966,3.2,0.3,2008MM10,93.7
60967,A4,340200,60967,3.3,0.0,2008MM11,93.6
60968,A4,340200,60968,3.3,0.0,2008MM12,93.7
60970,A4,340200,60970,4.4,3.6,2009MM01,97.0
60971,A4,340200,60971,4.4,0.0,2009MM02,97.0
60972,A4,340200,60972,4.3,0.0,2009MM03,97.0
60973,A4,340200,60973,4.1,0.0,2009MM04,97.0
60974,A4,340200,60974,4.2,0.1,2009MM05,97.1
60975,A4,340200,60975,4.1,0.0,2009MM06,97.0
60976,A4,340200,60976,4.1,0.1,2009MM07,97.1
60977,A4,340200,60977,4.1,0.0,2009MM08,97.2
60978,A4,340200,60978,4.0,0.0,2009MM09,97.2
60979,A4,340200,60979,3.8,0.1,2009MM10,97.2
60980,A4,340200,60980,3.9,0.0,2009MM11,97.3
60981,A4,340200,60981,3.9,0.0,2009MM12,97.3
60983,A4,340200,60983,2.5,2.2,2010MM01,99.5
60984,A4,340200,60984,2.5,0.0,2010MM02,99.5
60985,A4,340200,60985,2.6,0.1,2010MM03,99.6
60986,A4,340200,60986,2.8,0.2,2010MM04,99.7
60987,A4,340200,60987,2.8,0.0,2010MM05,99.7
60988,A4,340200,60988,2.8,0.0,2010MM06,99.7
60989,A4,340200,60989,2.8,0.1,2010MM07,99.8
60990,A4,340200,60990,2.8,0.0,2010MM08,99.8
60991,A4,340200,60991,3.1,0.4,2010MM09,100.2
60992,A4,340200,60992,3.6,0.5,2010MM10,100.7
60993,A4,340200,60993,3.6,0.0,2010MM11,100.8
60994,A4,340200,60994,3.7,0.1,2010MM12,100.9
60996,A4,340200,60996,2.8,1.3,2011MM01,102.2
60997,A4,340200,60997,2.8,0.1,2011MM02,102.3
60998,A4,340200,60998,2.7,0.0,2011MM03,102.3
60999,A4,340200,60999,2.6,0.1,2011MM04,102.3
61000,A4,340200,61000,2.6,0.0,2011MM05,102.3
61001,A4,340200,61001,2.6,0.0,2011MM06,102.3
61002,A4,340200,61002,2.6,0.1,2011MM07,102.4
61003,A4,340200,61003,2.6,0.0,2011MM08,102.4
61004,A4,340200,61004,2.3,0.1,2011MM09,102.5
61005,A4,340200,61005,1.6,-0.1,2011MM10,102.4
61006,A4,340200,61006,1.6,0.1,2011MM11,102.4
61007,A4,340200,61007,1.5,0.0,2011MM12,102.4
61009,A4,340200,61009,1.4,1.2,2012MM01,103.7
61010,A4,340200,61010,1.4,0.0,2012MM02,103.7
61011,A4,340200,61011,1.6,0.2,2012MM03,103.9
61012,A4,340200,61012,1.6,0.0,2012MM04,104.0
61013,A4,340200,61013,1.6,0.0,2012MM05,104.0
61014,A4,340200,61014,1.5,-0.1,2012MM06,103.9
61015,A4,340200,61015,1.5,0.0,2012MM07,104.0
61016,A4,340200,61016,1.5,0.0,2012MM08,104.0
61017,A4,340200,61017,1.6,0.2,2012MM09,104.2
61018,A4,340200,61018,1.8,0.1,2012MM10,104.2
61019,A4,340200,61019,1.8,0.0,2012MM11,104.2
61020,A4,340200,61020,1.8,0.0,2012MM12,104.2
61022,A4,340200,61022,1.4,0.9,2013MM01,105.2
61023,A4,340200,61023,1.3,0.0,2013MM02,105.1
61024,A4,340200,61024,3.3,2.1,2013MM03,107.3
61025,A4,340200,61025,3.2,0.0,2013MM04,107.3
61026,A4,340200,61026,3.2,0.0,2013MM05,107.3
61027,A4,340200,61027,3.2,0.0,2013MM06,107.2
61028,A4,340200,61028,3.1,0.0,2013MM07,107.2
61029,A4,340200,61029,3.2,0.0,2013MM08,107.2
61030,A4,340200,61030,2.9,0.0,2013MM09,107.2
61031,A4,340200,61031,3.0,0.2,2013MM10,107.4
61032,A4,340200,61032,3.0,0.0,2013MM11,107.4
61033,A4,340200,61033,3.0,0.0,2013MM12,107.4
61035,A4,340200,61035,2.5,0.4,2014MM01,107.8
61036,A4,340200,61036,2.5,0.0,2014MM02,107.8
61037,A4,340200,61037,0.4,0.0,2014MM03,107.7
61038,A4,340200,61038,0.5,0.1,2014MM04,107.9
61039,A4,340200,61039,0.6,0.0,2014MM05,107.9
61040,A4,340200,61040,0.6,0.0,2014MM06,107.9
61041,A4,340200,61041,0.7,0.0,2014MM07,107.9
61042,A4,340200,61042,0.7,0.0,2014MM08,107.9
61043,A4,340200,61043,0.7,0.0,2014MM09,107.9
61044,A4,340200,61044,0.5,0.0,2014MM10,107.9
61045,A4,340200,61045,0.5,0.0,2014MM11,107.9
61046,A4,340200,61046,0.5,0.0,2014MM12,107.9
61048,A4,340200,61048,0.4,0.3,2015MM01,108.2
61049,A4,340200,61049,0.4,0.0,2015MM02,108.2
61050,A4,340200,61050,0.5,0.0,2015MM03,108.2
61051,A4,340200,61051,1.0,0.7,2015MM04,109.0
61052,A4,340200,61052,1.0,0.0,2015MM05,109.0
61053,A4,340200,61053,1.0,0.0,2015MM06,108.9
61054,A4,340200,61054,1.0,0.0,2015MM07,109.0
61055,A4,340200,61055,0.9,-0.1,2015MM08,108.9
61056,A4,340200,61056,1.8,0.9,2015MM09,109.8
61057,A4,340200,61057,2.1,0.3,2015MM10,110.1
61058,A4,340200,61058,2.0,-0.1,2015MM11,110.0
61059,A4,340200,61059,1.9,0.0,2015MM12,110.0
61061,A4,340200,61061,2.0,0.3,2016MM01,110.4
61062,A4,340200,61062,2.0,0.0,2016MM02,110.4
61063,A4,340200,61063,2.0,0.0,2016MM03,110.4
61064,A4,340200,61064,1.4,0.1,2016MM04,110.5
61065,A4,340200,61065,1.4,0.0,2016MM05,110.5
61066,A4,340200,61066,1.5,0.1,2016MM06,110.6
61067,A4,340200,61067,1.5,0.1,2016MM07,110.6
61068,A4,340200,61068,1.6,0.0,2016MM08,110.6
61069,A4,340200,61069,0.9,0.2,2016MM09,110.8
61070,A4,340200,61070,0.4,-0.2,2016MM10,110.6
61071,A4,340200,61071,0.6,0.1,2016MM11,110.7
61072,A4,340200,61072,0.6,-0.1,2016MM12,110.6
61074,A4,340200,61074,0.5,0.3,2017MM01,110.9
61075,A4,340200,61075,0.5,0.0,2017MM02,110.9
61076,A4,340200,61076,0.4,0.0,2017MM03,110.9
61077,A4,340200,61077,0.2,-0.2,2017MM04,110.7
61078,A4,340200,61078,0.1,-0.1,2017MM05,110.6
61079,A4,340200,61079,0.1,0.0,2017MM06,110.7
61080,A4,340200,61080,0.1,0.1,2017MM07,110.8
61081,A4,340200,61081,0.3,0.1,2017MM08,110.9
61082,A4,340200,61082,0.2,0.1,2017MM09,111.0
61083,A4,340200,61083,0.2,-0.2,2017MM10,110.9
61084,A4,340200,61084,0.2,0.0,2017MM11,110.9
61085,A4,340200,61085,0.4,0.2,2017MM12,111.1
