,Afzet,BedrijfstakkenBranchesSBI2008,ID,OntwikkelingTOV1JaarEerder_2,OntwikkelingTOV1MaandEerder_3,Perioden,ProducentenprijsindexPPI_1
93314,A5,341600,93314,2.44615384615,0.5,1981MM01,63.9
93315,A5,341600,93315,2.79230769231,1.0,1981MM02,64.6
93316,A5,341600,93316,3.13846153846,0.4,1981MM03,64.8
93317,A5,341600,93317,3.48461538462,0.3,1981MM04,65.0
93318,A5,341600,93318,3.83076923077,0.4,1981MM05,65.3
93319,A5,341600,93319,4.17692307692,0.0,1981MM06,65.2
93320,A5,341600,93320,4.52307692308,0.3,1981MM07,65.4
93321,A5,341600,93321,4.86923076923,0.0,1981MM08,65.4
93322,A5,341600,93322,5.21538461538,0.1,1981MM09,65.5
93323,A5,341600,93323,5.56153846154,1.9,1981MM10,66.7
93324,A5,341600,93324,5.90769230769,-0.7,1981MM11,66.3
93325,A5,341600,93325,6.25384615385,1.0,1981MM12,67.0
93327,A5,341600,93327,6.6,1.8,1982MM01,68.2
93328,A5,341600,93328,6.1,0.4,1982MM02,68.5
93329,A5,341600,93329,5.0,-0.6,1982MM03,68.0
93330,A5,341600,93330,5.1,0.4,1982MM04,68.3
93331,A5,341600,93331,5.8,1.0,1982MM05,69.0
93332,A5,341600,93332,5.7,-0.1,1982MM06,69.0
93333,A5,341600,93333,5.9,0.5,1982MM07,69.3
93334,A5,341600,93334,6.3,0.3,1982MM08,69.5
93335,A5,341600,93335,5.9,-0.2,1982MM09,69.4
93336,A5,341600,93336,3.9,-0.1,1982MM10,69.3
93337,A5,341600,93337,4.9,0.4,1982MM11,69.6
93338,A5,341600,93338,4.4,0.5,1982MM12,69.9
93340,A5,341600,93340,3.2,0.5,1983MM01,70.3
93341,A5,341600,93341,2.7,0.0,1983MM02,70.4
93342,A5,341600,93342,3.8,0.4,1983MM03,70.6
93343,A5,341600,93343,3.8,0.4,1983MM04,70.9
93344,A5,341600,93344,2.8,0.0,1983MM05,70.9
93345,A5,341600,93345,2.7,-0.2,1983MM06,70.8
93346,A5,341600,93346,2.4,0.2,1983MM07,71.0
93347,A5,341600,93347,2.0,-0.1,1983MM08,70.9
93348,A5,341600,93348,2.2,0.0,1983MM09,70.9
93349,A5,341600,93349,2.3,0.0,1983MM10,70.9
93350,A5,341600,93350,1.9,0.0,1983MM11,70.9
93351,A5,341600,93351,2.6,1.2,1983MM12,71.7
93353,A5,341600,93353,3.1,1.0,1984MM01,72.5
93354,A5,341600,93354,3.0,0.0,1984MM02,72.5
93355,A5,341600,93355,3.4,0.7,1984MM03,73.0
93356,A5,341600,93356,3.1,0.1,1984MM04,73.1
93357,A5,341600,93357,3.2,0.2,1984MM05,73.2
93358,A5,341600,93358,3.6,0.2,1984MM06,73.4
93359,A5,341600,93359,3.8,0.4,1984MM07,73.7
93360,A5,341600,93360,4.3,0.4,1984MM08,74.0
93361,A5,341600,93361,5.3,0.9,1984MM09,74.7
93362,A5,341600,93362,5.3,0.0,1984MM10,74.7
93363,A5,341600,93363,5.4,0.1,1984MM11,74.8
93364,A5,341600,93364,4.7,0.4,1984MM12,75.1
93366,A5,341600,93366,4.2,0.6,1985MM01,75.5
93367,A5,341600,93367,3.9,-0.3,1985MM02,75.3
93368,A5,341600,93368,3.7,0.5,1985MM03,75.7
93369,A5,341600,93369,3.6,0.0,1985MM04,75.7
93370,A5,341600,93370,3.7,0.3,1985MM05,76.0
93371,A5,341600,93371,3.7,0.1,1985MM06,76.1
93372,A5,341600,93372,3.5,0.2,1985MM07,76.2
93373,A5,341600,93373,3.0,0.0,1985MM08,76.2
93374,A5,341600,93374,2.2,0.1,1985MM09,76.3
93375,A5,341600,93375,2.3,0.1,1985MM10,76.4
93376,A5,341600,93376,2.3,0.2,1985MM11,76.5
93377,A5,341600,93377,2.1,0.2,1985MM12,76.7
93379,A5,341600,93379,1.4,-0.1,1986MM01,76.6
93380,A5,341600,93380,2.9,1.2,1986MM02,77.5
93381,A5,341600,93381,2.0,-0.3,1986MM03,77.2
93382,A5,341600,93382,2.1,0.1,1986MM04,77.3
93383,A5,341600,93383,2.2,0.4,1986MM05,77.6
93384,A5,341600,93384,1.7,-0.4,1986MM06,77.4
93385,A5,341600,93385,1.5,0.0,1986MM07,77.4
93386,A5,341600,93386,1.5,0.0,1986MM08,77.3
93387,A5,341600,93387,1.3,0.0,1986MM09,77.3
93388,A5,341600,93388,1.0,-0.2,1986MM10,77.2
93389,A5,341600,93389,1.1,0.2,1986MM11,77.3
93390,A5,341600,93390,0.9,0.1,1986MM12,77.4
93392,A5,341600,93392,1.0,0.0,1987MM01,77.4
93393,A5,341600,93393,0.1,0.3,1987MM02,77.6
93394,A5,341600,93394,1.3,0.8,1987MM03,78.2
93395,A5,341600,93395,0.4,-0.7,1987MM04,77.7
93396,A5,341600,93396,0.3,0.2,1987MM05,77.8
93397,A5,341600,93397,1.0,0.4,1987MM06,78.1
93398,A5,341600,93398,1.1,0.1,1987MM07,78.2
93399,A5,341600,93399,1.1,0.0,1987MM08,78.2
93400,A5,341600,93400,1.2,0.0,1987MM09,78.2
93401,A5,341600,93401,1.4,0.1,1987MM10,78.3
93402,A5,341600,93402,1.1,-0.1,1987MM11,78.2
93403,A5,341600,93403,1.3,0.3,1987MM12,78.4
93405,A5,341600,93405,1.5,0.2,1988MM01,78.6
93406,A5,341600,93406,1.2,-0.1,1988MM02,78.5
93407,A5,341600,93407,0.6,0.2,1988MM03,78.7
93408,A5,341600,93408,2.5,1.2,1988MM04,79.6
93409,A5,341600,93409,1.2,-1.0,1988MM05,78.8
93410,A5,341600,93410,1.1,0.3,1988MM06,79.0
93411,A5,341600,93411,1.0,0.0,1988MM07,79.0
93412,A5,341600,93412,1.2,0.2,1988MM08,79.2
93413,A5,341600,93413,1.5,0.3,1988MM09,79.4
93414,A5,341600,93414,1.9,0.5,1988MM10,79.8
93415,A5,341600,93415,2.3,0.3,1988MM11,80.0
93416,A5,341600,93416,2.2,0.2,1988MM12,80.1
93418,A5,341600,93418,1.9,-0.1,1989MM01,80.1
93419,A5,341600,93419,1.8,-0.2,1989MM02,79.9
93420,A5,341600,93420,1.6,0.0,1989MM03,79.9
93421,A5,341600,93421,0.6,0.2,1989MM04,80.1
93422,A5,341600,93422,2.5,0.9,1989MM05,80.8
93423,A5,341600,93423,1.8,-0.4,1989MM06,80.4
93424,A5,341600,93424,2.0,0.2,1989MM07,80.6
93425,A5,341600,93425,1.7,0.0,1989MM08,80.6
93426,A5,341600,93426,1.5,0.0,1989MM09,80.6
93427,A5,341600,93427,1.1,0.1,1989MM10,80.7
93428,A5,341600,93428,0.6,-0.3,1989MM11,80.4
93429,A5,341600,93429,0.6,0.3,1989MM12,80.7
93431,A5,341600,93431,0.7,0.0,1990MM01,80.6
93432,A5,341600,93432,-0.3,-1.2,1990MM02,79.7
93433,A5,341600,93433,0.2,0.5,1990MM03,80.1
93434,A5,341600,93434,0.2,0.2,1990MM04,80.2
93435,A5,341600,93435,-0.6,0.2,1990MM05,80.3
93436,A5,341600,93436,-0.1,0.0,1990MM06,80.3
93437,A5,341600,93437,-0.1,0.2,1990MM07,80.5
93438,A5,341600,93438,0.1,0.2,1990MM08,80.7
93439,A5,341600,93439,0.2,0.0,1990MM09,80.7
93440,A5,341600,93440,0.1,0.1,1990MM10,80.7
93441,A5,341600,93441,0.5,0.1,1990MM11,80.9
93442,A5,341600,93442,0.3,0.0,1990MM12,80.9
93444,A5,341600,93444,0.7,0.3,1991MM01,81.2
93445,A5,341600,93445,4.1,2.1,1991MM02,82.9
93446,A5,341600,93446,3.0,-0.5,1991MM03,82.5
93447,A5,341600,93447,3.0,0.2,1991MM04,82.6
93448,A5,341600,93448,3.1,0.2,1991MM05,82.8
93449,A5,341600,93449,3.3,0.2,1991MM06,83.0
93450,A5,341600,93450,3.3,0.3,1991MM07,83.2
93451,A5,341600,93451,3.1,0.0,1991MM08,83.1
93452,A5,341600,93452,3.0,0.0,1991MM09,83.1
93453,A5,341600,93453,3.0,0.0,1991MM10,83.1
93454,A5,341600,93454,2.9,0.1,1991MM11,83.2
93455,A5,341600,93455,2.5,-0.4,1991MM12,82.9
93457,A5,341600,93457,2.1,0.0,1992MM01,82.9
93458,A5,341600,93458,-0.2,-0.1,1992MM02,82.8
93459,A5,341600,93459,2.9,2.5,1992MM03,84.8
93460,A5,341600,93460,2.4,-0.3,1992MM04,84.6
93461,A5,341600,93461,2.1,0.0,1992MM05,84.5
93462,A5,341600,93462,1.9,0.0,1992MM06,84.5
93463,A5,341600,93463,1.9,0.2,1992MM07,84.7
93464,A5,341600,93464,2.0,0.1,1992MM08,84.8
93465,A5,341600,93465,2.3,0.2,1992MM09,85.0
93466,A5,341600,93466,2.3,0.0,1992MM10,85.0
93467,A5,341600,93467,2.2,0.0,1992MM11,85.0
93468,A5,341600,93468,2.7,0.0,1992MM12,85.1
93470,A5,341600,93470,2.5,-0.2,1993MM01,84.9
93471,A5,341600,93471,2.6,0.0,1993MM02,84.9
93472,A5,341600,93472,0.2,0.1,1993MM03,85.1
93473,A5,341600,93473,-0.7,-1.2,1993MM04,84.0
93474,A5,341600,93474,-0.6,0.0,1993MM05,84.0
93475,A5,341600,93475,-0.6,0.0,1993MM06,84.0
93476,A5,341600,93476,-0.9,0.0,1993MM07,84.0
93477,A5,341600,93477,-0.8,0.2,1993MM08,84.2
93478,A5,341600,93478,-0.9,0.1,1993MM09,84.3
93479,A5,341600,93479,-0.9,0.0,1993MM10,84.2
93480,A5,341600,93480,-1.0,-0.1,1993MM11,84.2
93481,A5,341600,93481,-1.7,-0.6,1993MM12,83.6
93483,A5,341600,93483,-1.7,-0.1,1994MM01,83.5
93484,A5,341600,93484,-1.5,0.2,1994MM02,83.7
93485,A5,341600,93485,-1.5,0.1,1994MM03,83.8
93486,A5,341600,93486,-0.1,0.2,1994MM04,84.0
93487,A5,341600,93487,0.4,0.5,1994MM05,84.4
93488,A5,341600,93488,0.5,0.1,1994MM06,84.5
93489,A5,341600,93489,0.7,0.2,1994MM07,84.6
93490,A5,341600,93490,0.6,0.1,1994MM08,84.7
93491,A5,341600,93491,0.5,0.0,1994MM09,84.7
93492,A5,341600,93492,0.6,0.0,1994MM10,84.7
93493,A5,341600,93493,0.8,0.1,1994MM11,84.8
93494,A5,341600,93494,1.6,0.2,1994MM12,85.0
93496,A5,341600,93496,1.1,-0.6,1995MM01,84.4
93497,A5,341600,93497,0.5,-0.3,1995MM02,84.2
93498,A5,341600,93498,0.5,0.0,1995MM03,84.2
93499,A5,341600,93499,0.4,0.2,1995MM04,84.3
93500,A5,341600,93500,0.0,0.1,1995MM05,84.4
93501,A5,341600,93501,-0.1,0.0,1995MM06,84.4
93502,A5,341600,93502,-0.2,0.0,1995MM07,84.4
93503,A5,341600,93503,-0.3,0.0,1995MM08,84.4
93504,A5,341600,93504,-0.2,0.1,1995MM09,84.5
93505,A5,341600,93505,-0.3,0.0,1995MM10,84.5
93506,A5,341600,93506,-0.4,0.0,1995MM11,84.5
93507,A5,341600,93507,-0.6,0.0,1995MM12,84.5
93509,A5,341600,93509,0.5,0.4,1996MM01,84.8
93510,A5,341600,93510,0.4,-0.4,1996MM02,84.5
93511,A5,341600,93511,0.4,0.0,1996MM03,84.5
93512,A5,341600,93512,1.2,1.0,1996MM04,85.4
93513,A5,341600,93513,1.2,0.0,1996MM05,85.4
93514,A5,341600,93514,1.2,0.1,1996MM06,85.5
93515,A5,341600,93515,0.8,-0.4,1996MM07,85.1
93516,A5,341600,93516,0.8,0.0,1996MM08,85.1
93517,A5,341600,93517,0.7,0.0,1996MM09,85.1
93518,A5,341600,93518,0.9,0.2,1996MM10,85.3
93519,A5,341600,93519,1.0,0.1,1996MM11,85.3
93520,A5,341600,93520,1.1,0.1,1996MM12,85.4
93522,A5,341600,93522,0.6,-0.1,1997MM01,85.4
93523,A5,341600,93523,1.1,0.1,1997MM02,85.4
93524,A5,341600,93524,1.2,0.1,1997MM03,85.5
93525,A5,341600,93525,0.2,0.1,1997MM04,85.5
93526,A5,341600,93526,0.3,0.1,1997MM05,85.6
93527,A5,341600,93527,0.3,0.1,1997MM06,85.7
93528,A5,341600,93528,0.3,-0.3,1997MM07,85.4
93529,A5,341600,93529,0.3,0.0,1997MM08,85.4
93530,A5,341600,93530,0.4,0.1,1997MM09,85.5
93531,A5,341600,93531,0.3,0.1,1997MM10,85.6
93532,A5,341600,93532,0.3,0.1,1997MM11,85.6
93533,A5,341600,93533,0.3,0.0,1997MM12,85.6
93535,A5,341600,93535,1.4,1.0,1998MM01,86.5
93536,A5,341600,93536,1.3,0.0,1998MM02,86.6
93537,A5,341600,93537,1.4,0.1,1998MM03,86.7
93538,A5,341600,93538,1.0,-0.3,1998MM04,86.4
93539,A5,341600,93539,1.0,0.1,1998MM05,86.5
93540,A5,341600,93540,1.0,0.1,1998MM06,86.5
93541,A5,341600,93541,1.2,-0.1,1998MM07,86.4
93542,A5,341600,93542,1.0,-0.2,1998MM08,86.3
93543,A5,341600,93543,0.9,-0.1,1998MM09,86.2
93544,A5,341600,93544,0.5,-0.3,1998MM10,86.0
93545,A5,341600,93545,0.4,0.0,1998MM11,86.0
93546,A5,341600,93546,0.2,-0.2,1998MM12,85.8
93548,A5,341600,93548,-0.9,0.0,1999MM01,85.8
93549,A5,341600,93549,-1.0,-0.1,1999MM02,85.7
93550,A5,341600,93550,-0.6,0.5,1999MM03,86.2
93551,A5,341600,93551,-0.3,0.0,1999MM04,86.2
93552,A5,341600,93552,-0.2,0.1,1999MM05,86.3
93553,A5,341600,93553,-0.2,0.1,1999MM06,86.4
93554,A5,341600,93554,0.1,0.2,1999MM07,86.5
93555,A5,341600,93555,0.4,0.1,1999MM08,86.6
93556,A5,341600,93556,0.7,0.2,1999MM09,86.8
93557,A5,341600,93557,1.2,0.2,1999MM10,87.0
93558,A5,341600,93558,1.5,0.3,1999MM11,87.2
93559,A5,341600,93559,2.0,0.3,1999MM12,87.5
93561,A5,341600,93561,3.3,1.3,2000MM01,88.6
93562,A5,341600,93562,3.5,0.1,2000MM02,88.7
93563,A5,341600,93563,3.1,0.1,2000MM03,88.8
93564,A5,341600,93564,3.0,-0.1,2000MM04,88.8
93565,A5,341600,93565,2.9,0.0,2000MM05,88.8
93566,A5,341600,93566,2.7,0.0,2000MM06,88.7
93567,A5,341600,93567,2.5,0.0,2000MM07,88.7
93568,A5,341600,93568,2.5,0.1,2000MM08,88.8
93569,A5,341600,93569,2.1,-0.1,2000MM09,88.7
93570,A5,341600,93570,0.6,-1.3,2000MM10,87.5
93571,A5,341600,93571,0.3,0.0,2000MM11,87.5
93572,A5,341600,93572,0.2,0.2,2000MM12,87.7
93574,A5,341600,93574,0.0,1.1,2001MM01,88.6
93575,A5,341600,93575,-0.1,0.0,2001MM02,88.6
93576,A5,341600,93576,0.0,0.2,2001MM03,88.8
93577,A5,341600,93577,0.1,0.1,2001MM04,88.8
93578,A5,341600,93578,0.1,0.0,2001MM05,88.9
93579,A5,341600,93579,0.1,0.0,2001MM06,88.9
93580,A5,341600,93580,1.1,1.0,2001MM07,89.7
93581,A5,341600,93581,1.1,0.0,2001MM08,89.7
93582,A5,341600,93582,1.2,0.0,2001MM09,89.7
93583,A5,341600,93583,2.9,0.3,2001MM10,90.0
93584,A5,341600,93584,2.9,0.0,2001MM11,90.0
93585,A5,341600,93585,2.8,0.0,2001MM12,90.1
93587,A5,341600,93587,2.2,0.5,2002MM01,90.5
93588,A5,341600,93588,2.2,0.0,2002MM02,90.6
93589,A5,341600,93589,1.9,-0.1,2002MM03,90.5
93590,A5,341600,93590,1.9,0.1,2002MM04,90.5
93591,A5,341600,93591,1.9,0.0,2002MM05,90.5
93592,A5,341600,93592,1.8,0.0,2002MM06,90.5
93593,A5,341600,93593,1.2,0.3,2002MM07,90.8
93594,A5,341600,93594,1.4,0.2,2002MM08,91.0
93595,A5,341600,93595,1.4,0.0,2002MM09,91.0
93596,A5,341600,93596,1.4,0.3,2002MM10,91.3
93597,A5,341600,93597,1.3,0.0,2002MM11,91.2
93598,A5,341600,93598,1.3,0.0,2002MM12,91.2
93600,A5,341600,93600,0.7,-0.1,2003MM01,91.2
93601,A5,341600,93601,0.7,0.0,2003MM02,91.2
93602,A5,341600,93602,0.8,0.1,2003MM03,91.2
93603,A5,341600,93603,0.8,0.0,2003MM04,91.2
93604,A5,341600,93604,0.7,0.0,2003MM05,91.2
93605,A5,341600,93605,0.8,0.0,2003MM06,91.2
93606,A5,341600,93606,1.0,0.6,2003MM07,91.7
93607,A5,341600,93607,0.8,0.0,2003MM08,91.7
93608,A5,341600,93608,0.8,0.0,2003MM09,91.8
93609,A5,341600,93609,0.5,-0.1,2003MM10,91.7
93610,A5,341600,93610,0.5,0.0,2003MM11,91.7
93611,A5,341600,93611,0.6,0.1,2003MM12,91.8
93613,A5,341600,93613,-0.5,-1.2,2004MM01,90.7
93614,A5,341600,93614,-0.4,0.0,2004MM02,90.8
93615,A5,341600,93615,-0.5,0.0,2004MM03,90.8
93616,A5,341600,93616,-0.5,0.0,2004MM04,90.8
93617,A5,341600,93617,-0.4,0.0,2004MM05,90.8
93618,A5,341600,93618,-0.4,0.0,2004MM06,90.8
93619,A5,341600,93619,0.4,1.4,2004MM07,92.1
93620,A5,341600,93620,0.4,0.0,2004MM08,92.1
93621,A5,341600,93621,0.3,-0.1,2004MM09,92.1
93622,A5,341600,93622,0.9,0.5,2004MM10,92.5
93623,A5,341600,93623,0.9,0.1,2004MM11,92.6
93624,A5,341600,93624,1.0,0.1,2004MM12,92.7
93626,A5,341600,93626,0.923076923077,0.1,2005MM01,94.1
93627,A5,341600,93627,0.846153846154,0.1,2005MM02,94.2
93628,A5,341600,93628,0.769230769231,-0.1,2005MM03,94.1
93629,A5,341600,93629,0.692307692308,0.1,2005MM04,94.2
93630,A5,341600,93630,0.615384615385,0.0,2005MM05,94.2
93631,A5,341600,93631,0.538461538462,0.1,2005MM06,94.3
93632,A5,341600,93632,0.461538461538,-0.1,2005MM07,94.3
93633,A5,341600,93633,0.384615384615,0.0,2005MM08,94.2
93634,A5,341600,93634,0.307692307692,0.0,2005MM09,94.2
93635,A5,341600,93635,0.230769230769,-0.4,2005MM10,93.9
93636,A5,341600,93636,0.153846153846,0.0,2005MM11,93.9
93637,A5,341600,93637,0.0769230769231,0.0,2005MM12,94.0
93639,A5,341600,93639,0.0,0.2,2006MM01,94.1
93640,A5,341600,93640,0.0,0.0,2006MM02,94.1
93641,A5,341600,93641,0.0,0.0,2006MM03,94.1
93642,A5,341600,93642,0.2,0.3,2006MM04,94.4
93643,A5,341600,93643,0.1,0.0,2006MM05,94.4
93644,A5,341600,93644,0.1,0.0,2006MM06,94.4
93645,A5,341600,93645,0.2,0.1,2006MM07,94.5
93646,A5,341600,93646,0.3,0.0,2006MM08,94.5
93647,A5,341600,93647,0.3,0.0,2006MM09,94.5
93648,A5,341600,93648,-0.3,-0.9,2006MM10,93.6
93649,A5,341600,93649,0.1,0.5,2006MM11,94.0
93650,A5,341600,93650,0.1,0.0,2006MM12,94.1
93652,A5,341600,93652,1.1,1.1,2007MM01,95.1
93653,A5,341600,93653,1.0,0.0,2007MM02,95.1
93654,A5,341600,93654,1.0,0.0,2007MM03,95.1
93655,A5,341600,93655,1.2,0.5,2007MM04,95.5
93656,A5,341600,93656,1.2,0.0,2007MM05,95.5
93657,A5,341600,93657,1.3,0.0,2007MM06,95.6
93658,A5,341600,93658,1.3,0.1,2007MM07,95.7
93659,A5,341600,93659,1.3,0.0,2007MM08,95.7
93660,A5,341600,93660,1.4,0.1,2007MM09,95.8
93661,A5,341600,93661,2.6,0.3,2007MM10,96.1
93662,A5,341600,93662,2.1,-0.1,2007MM11,96.0
93663,A5,341600,93663,2.1,0.0,2007MM12,96.0
93665,A5,341600,93665,1.5,0.5,2008MM01,96.5
93666,A5,341600,93666,1.5,0.0,2008MM02,96.5
93667,A5,341600,93667,1.4,-0.1,2008MM03,96.4
93668,A5,341600,93668,1.4,0.5,2008MM04,96.8
93669,A5,341600,93669,1.4,0.0,2008MM05,96.9
93670,A5,341600,93670,1.3,0.0,2008MM06,96.9
93671,A5,341600,93671,3.1,1.9,2008MM07,98.7
93672,A5,341600,93672,3.1,0.0,2008MM08,98.7
93673,A5,341600,93673,3.2,0.2,2008MM09,98.8
93674,A5,341600,93674,3.5,0.6,2008MM10,99.4
93675,A5,341600,93675,3.7,0.1,2008MM11,99.5
93676,A5,341600,93676,3.7,0.0,2008MM12,99.5
93678,A5,341600,93678,2.9,-0.2,2009MM01,99.3
93679,A5,341600,93679,3.0,0.1,2009MM02,99.4
93680,A5,341600,93680,3.1,0.0,2009MM03,99.3
93681,A5,341600,93681,3.7,1.0,2009MM04,100.4
93682,A5,341600,93682,3.6,0.0,2009MM05,100.3
93683,A5,341600,93683,3.6,0.0,2009MM06,100.3
93684,A5,341600,93684,0.4,-1.3,2009MM07,99.0
93685,A5,341600,93685,0.3,0.0,2009MM08,99.0
93686,A5,341600,93686,0.1,-0.1,2009MM09,99.0
93687,A5,341600,93687,-0.1,0.3,2009MM10,99.3
93688,A5,341600,93688,-0.3,0.0,2009MM11,99.3
93689,A5,341600,93689,-0.2,0.0,2009MM12,99.3
93691,A5,341600,93691,0.5,0.5,2010MM01,99.8
93692,A5,341600,93692,0.5,0.1,2010MM02,99.9
93693,A5,341600,93693,0.5,0.0,2010MM03,99.9
93694,A5,341600,93694,-0.8,-0.3,2010MM04,99.6
93695,A5,341600,93695,-0.7,0.1,2010MM05,99.6
93696,A5,341600,93696,-0.6,0.1,2010MM06,99.7
93697,A5,341600,93697,0.4,-0.3,2010MM07,99.4
93698,A5,341600,93698,0.4,0.0,2010MM08,99.4
93699,A5,341600,93699,0.4,0.0,2010MM09,99.4
93700,A5,341600,93700,1.9,1.8,2010MM10,101.2
93701,A5,341600,93701,1.9,-0.1,2010MM11,101.1
93702,A5,341600,93702,1.7,-0.1,2010MM12,101.0
93704,A5,341600,93704,0.6,-0.6,2011MM01,100.4
93705,A5,341600,93705,0.5,-0.1,2011MM02,100.3
93706,A5,341600,93706,0.6,0.1,2011MM03,100.4
93707,A5,341600,93707,0.6,-0.2,2011MM04,100.2
93708,A5,341600,93708,0.7,0.2,2011MM05,100.4
93709,A5,341600,93709,0.3,-0.3,2011MM06,100.0
93710,A5,341600,93710,1.2,0.6,2011MM07,100.6
93711,A5,341600,93711,1.7,0.5,2011MM08,101.2
93712,A5,341600,93712,1.2,-0.5,2011MM09,100.6
93713,A5,341600,93713,-0.4,0.1,2011MM10,100.7
93714,A5,341600,93714,-0.8,-0.4,2011MM11,100.3
93715,A5,341600,93715,-0.6,0.2,2011MM12,100.5
93717,A5,341600,93717,0.9,0.9,2012MM01,101.4
93718,A5,341600,93718,0.4,-0.6,2012MM02,100.8
93719,A5,341600,93719,1.9,1.6,2012MM03,102.3
93720,A5,341600,93720,1.1,-1.0,2012MM04,101.3
93721,A5,341600,93721,0.2,-0.8,2012MM05,100.5
93722,A5,341600,93722,0.9,0.4,2012MM06,100.9
93723,A5,341600,93723,-0.2,-0.4,2012MM07,100.5
93724,A5,341600,93724,-0.7,0.0,2012MM08,100.5
93725,A5,341600,93725,0.3,0.4,2012MM09,100.9
93726,A5,341600,93726,0.9,0.8,2012MM10,101.7
93727,A5,341600,93727,1.9,0.5,2012MM11,102.2
93728,A5,341600,93728,1.5,-0.2,2012MM12,102.0
93730,A5,341600,93730,1.0,0.3,2013MM01,102.4
93731,A5,341600,93731,1.1,-0.5,2013MM02,101.9
93732,A5,341600,93732,-0.7,-0.3,2013MM03,101.6
93733,A5,341600,93733,1.1,0.8,2013MM04,102.4
93734,A5,341600,93734,0.8,-1.0,2013MM05,101.4
93735,A5,341600,93735,0.9,0.4,2013MM06,101.8
93736,A5,341600,93736,1.4,0.1,2013MM07,101.9
93737,A5,341600,93737,1.4,0.0,2013MM08,101.9
93738,A5,341600,93738,0.7,-0.3,2013MM09,101.6
93739,A5,341600,93739,-0.5,-0.5,2013MM10,101.1
93740,A5,341600,93740,-0.4,0.7,2013MM11,101.8
93741,A5,341600,93741,-0.2,0.0,2013MM12,101.8
93743,A5,341600,93743,-3.2,-2.7,2014MM01,99.0
93744,A5,341600,93744,-2.9,-0.1,2014MM02,98.9
93745,A5,341600,93745,-3.1,-0.4,2014MM03,98.5
93746,A5,341600,93746,-3.4,0.5,2014MM04,99.0
93747,A5,341600,93747,-2.0,0.3,2014MM05,99.3
93748,A5,341600,93748,-2.3,0.1,2014MM06,99.4
93749,A5,341600,93749,0.8,3.3,2014MM07,102.7
93750,A5,341600,93750,0.5,-0.2,2014MM08,102.4
93751,A5,341600,93751,0.8,0.0,2014MM09,102.4
93752,A5,341600,93752,1.5,0.2,2014MM10,102.6
93753,A5,341600,93753,-0.3,-1.1,2014MM11,101.5
93754,A5,341600,93754,-0.9,-0.7,2014MM12,100.8
93756,A5,341600,93756,1.9,0.1,2015MM01,100.9
93757,A5,341600,93757,0.7,-1.3,2015MM02,99.6
93758,A5,341600,93758,1.7,0.6,2015MM03,100.2
93759,A5,341600,93759,1.4,0.2,2015MM04,100.4
93760,A5,341600,93760,-0.2,-1.3,2015MM05,99.1
93761,A5,341600,93761,-1.1,-0.7,2015MM06,98.3
93762,A5,341600,93762,-3.1,1.2,2015MM07,99.5
93763,A5,341600,93763,-2.9,0.0,2015MM08,99.4
93764,A5,341600,93764,-2.7,0.2,2015MM09,99.6
93765,A5,341600,93765,-3.3,-0.3,2015MM10,99.3
93766,A5,341600,93766,-1.6,0.6,2015MM11,99.9
93767,A5,341600,93767,-1.8,-0.9,2015MM12,99.0
93769,A5,341600,93769,-2.2,-0.3,2016MM01,98.7
93770,A5,341600,93770,-1.0,-0.1,2016MM02,98.6
93771,A5,341600,93771,-1.9,-0.4,2016MM03,98.3
93772,A5,341600,93772,-1.5,0.7,2016MM04,98.9
93773,A5,341600,93773,0.0,0.1,2016MM05,99.1
93774,A5,341600,93774,0.3,-0.4,2016MM06,98.7
93775,A5,341600,93775,-0.7,0.1,2016MM07,98.8
93776,A5,341600,93776,-0.5,0.1,2016MM08,98.9
93777,A5,341600,93777,-0.7,0.0,2016MM09,98.9
93778,A5,341600,93778,0.2,0.6,2016MM10,99.4
93779,A5,341600,93779,-0.1,0.3,2016MM11,99.8
93780,A5,341600,93780,0.8,0.0,2016MM12,99.8
93782,A5,341600,93782,-1.1,-2.1,2017MM01,97.7
93783,A5,341600,93783,-0.4,0.6,2017MM02,98.3
93784,A5,341600,93784,0.7,0.8,2017MM03,99.0
93785,A5,341600,93785,0.4,0.3,2017MM04,99.3
93786,A5,341600,93786,0.0,-0.2,2017MM05,99.0
93787,A5,341600,93787,0.6,0.3,2017MM06,99.3
93788,A5,341600,93788,0.0,-0.5,2017MM07,98.7
93789,A5,341600,93789,-0.3,-0.1,2017MM08,98.6
93790,A5,341600,93790,-0.2,0.1,2017MM09,98.7
93791,A5,341600,93791,0.5,1.3,2017MM10,100.0
93792,A5,341600,93792,0.6,0.4,2017MM11,100.3
93793,A5,341600,93793,-0.3,-0.8,2017MM12,99.5
