,Afzet,BedrijfstakkenBranchesSBI2008,ID,OntwikkelingTOV1JaarEerder_2,OntwikkelingTOV1MaandEerder_3,Perioden,ProducentenprijsindexPPI_1
61087,A4,341600,61087,1.8,0.05,1981MM01,53.1
61088,A4,341600,61088,2.1,0.3,1981MM02,53.2
61089,A4,341600,61089,2.4,0.4,1981MM03,53.4
61090,A4,341600,61090,2.7,0.3,1981MM04,53.6
61091,A4,341600,61091,3.0,0.0,1981MM05,53.6
61092,A4,341600,61092,3.3,0.2,1981MM06,53.7
61093,A4,341600,61093,3.6,0.5,1981MM07,54.0
61094,A4,341600,61094,3.9,0.1,1981MM08,54.0
61095,A4,341600,61095,4.2,0.2,1981MM09,54.1
61096,A4,341600,61096,4.5,1.1,1981MM10,54.7
61097,A4,341600,61097,4.8,0.3,1981MM11,54.9
61098,A4,341600,61098,5.1,0.1,1981MM12,55.0
61100,A4,341600,61100,5.4,1.7,1982MM01,55.9
61101,A4,341600,61101,5.2,0.1,1982MM02,56.0
61102,A4,341600,61102,5.0,0.2,1982MM03,56.1
61103,A4,341600,61103,5.1,0.4,1982MM04,56.3
61104,A4,341600,61104,5.6,0.5,1982MM05,56.6
61105,A4,341600,61105,5.5,0.0,1982MM06,56.6
61106,A4,341600,61106,5.3,0.4,1982MM07,56.8
61107,A4,341600,61107,5.4,0.2,1982MM08,57.0
61108,A4,341600,61108,5.4,0.1,1982MM09,57.0
61109,A4,341600,61109,4.3,0.1,1982MM10,57.1
61110,A4,341600,61110,4.0,0.1,1982MM11,57.1
61111,A4,341600,61111,4.1,0.2,1982MM12,57.2
61113,A4,341600,61113,2.9,0.6,1983MM01,57.5
61114,A4,341600,61114,3.0,0.2,1983MM02,57.6
61115,A4,341600,61115,2.8,0.0,1983MM03,57.6
61116,A4,341600,61116,2.8,0.4,1983MM04,57.9
61117,A4,341600,61117,2.3,0.0,1983MM05,57.9
61118,A4,341600,61118,2.3,0.0,1983MM06,57.9
61119,A4,341600,61119,1.9,0.1,1983MM07,57.9
61120,A4,341600,61120,1.7,0.0,1983MM08,57.9
61121,A4,341600,61121,1.8,0.1,1983MM09,58.0
61122,A4,341600,61122,1.7,0.1,1983MM10,58.1
61123,A4,341600,61123,1.7,0.1,1983MM11,58.1
61124,A4,341600,61124,1.9,0.3,1983MM12,58.3
61126,A4,341600,61126,2.1,0.7,1984MM01,58.7
61127,A4,341600,61127,2.0,0.1,1984MM02,58.8
61128,A4,341600,61128,2.3,0.4,1984MM03,59.0
61129,A4,341600,61129,2.1,0.2,1984MM04,59.1
61130,A4,341600,61130,2.2,0.1,1984MM05,59.2
61131,A4,341600,61131,2.2,0.0,1984MM06,59.2
61132,A4,341600,61132,2.6,0.4,1984MM07,59.4
61133,A4,341600,61133,2.7,0.1,1984MM08,59.5
61134,A4,341600,61134,2.8,0.2,1984MM09,59.6
61135,A4,341600,61135,3.0,0.3,1984MM10,59.8
61136,A4,341600,61136,3.1,0.2,1984MM11,59.9
61137,A4,341600,61137,2.9,0.2,1984MM12,60.0
61139,A4,341600,61139,2.7,0.5,1985MM01,60.3
61140,A4,341600,61140,2.0,-0.6,1985MM02,60.0
61141,A4,341600,61141,2.1,0.4,1985MM03,60.2
61142,A4,341600,61142,2.0,0.1,1985MM04,60.3
61143,A4,341600,61143,2.2,0.4,1985MM05,60.5
61144,A4,341600,61144,2.4,0.2,1985MM06,60.6
61145,A4,341600,61145,2.1,0.1,1985MM07,60.7
61146,A4,341600,61146,2.1,0.2,1985MM08,60.8
61147,A4,341600,61147,2.1,0.1,1985MM09,60.9
61148,A4,341600,61148,1.8,0.0,1985MM10,60.9
61149,A4,341600,61149,1.8,0.2,1985MM11,60.9
61150,A4,341600,61150,1.6,0.0,1985MM12,61.0
61152,A4,341600,61152,1.3,0.2,1986MM01,61.1
61153,A4,341600,61153,2.9,1.1,1986MM02,61.7
61154,A4,341600,61154,1.8,-0.7,1986MM03,61.3
61155,A4,341600,61155,1.9,0.2,1986MM04,61.4
61156,A4,341600,61156,1.7,0.1,1986MM05,61.5
61157,A4,341600,61157,1.5,0.0,1986MM06,61.5
61158,A4,341600,61158,1.5,0.1,1986MM07,61.6
61159,A4,341600,61159,1.5,0.1,1986MM08,61.7
61160,A4,341600,61160,1.5,0.1,1986MM09,61.8
61161,A4,341600,61161,1.5,0.0,1986MM10,61.8
61162,A4,341600,61162,1.4,0.0,1986MM11,61.8
61163,A4,341600,61163,1.4,0.1,1986MM12,61.8
61165,A4,341600,61165,1.3,0.0,1987MM01,61.9
61166,A4,341600,61166,0.3,0.1,1987MM02,61.9
61167,A4,341600,61167,2.0,0.9,1987MM03,62.5
61168,A4,341600,61168,1.1,-0.6,1987MM04,62.1
61169,A4,341600,61169,1.3,0.3,1987MM05,62.3
61170,A4,341600,61170,1.4,0.1,1987MM06,62.4
61171,A4,341600,61171,1.3,0.1,1987MM07,62.4
61172,A4,341600,61172,1.3,0.0,1987MM08,62.4
61173,A4,341600,61173,1.2,0.0,1987MM09,62.5
61174,A4,341600,61174,1.4,0.2,1987MM10,62.6
61175,A4,341600,61175,1.4,0.1,1987MM11,62.7
61176,A4,341600,61176,1.4,0.1,1987MM12,62.7
61178,A4,341600,61178,1.4,0.1,1988MM01,62.8
61179,A4,341600,61179,1.4,0.1,1988MM02,62.8
61180,A4,341600,61180,0.5,0.0,1988MM03,62.8
61181,A4,341600,61181,2.2,1.1,1988MM04,63.5
61182,A4,341600,61182,1.2,-0.7,1988MM05,63.1
61183,A4,341600,61183,1.4,0.3,1988MM06,63.3
61184,A4,341600,61184,1.4,0.1,1988MM07,63.3
61185,A4,341600,61185,1.5,0.1,1988MM08,63.4
61186,A4,341600,61186,1.4,0.0,1988MM09,63.3
61187,A4,341600,61187,1.2,0.0,1988MM10,63.4
61188,A4,341600,61188,1.4,0.3,1988MM11,63.5
61189,A4,341600,61189,1.3,0.0,1988MM12,63.5
61191,A4,341600,61191,1.3,0.0,1989MM01,63.6
61192,A4,341600,61192,1.3,0.1,1989MM02,63.6
61193,A4,341600,61193,1.3,0.0,1989MM03,63.6
61194,A4,341600,61194,0.3,0.1,1989MM04,63.7
61195,A4,341600,61195,2.6,1.6,1989MM05,64.7
61196,A4,341600,61196,1.3,-0.9,1989MM06,64.1
61197,A4,341600,61197,1.6,0.4,1989MM07,64.3
61198,A4,341600,61198,1.7,0.2,1989MM08,64.4
61199,A4,341600,61199,2.0,0.2,1989MM09,64.6
61200,A4,341600,61200,2.3,0.4,1989MM10,64.8
61201,A4,341600,61201,2.3,0.3,1989MM11,65.0
61202,A4,341600,61202,2.4,0.1,1989MM12,65.0
61204,A4,341600,61204,2.5,0.2,1990MM01,65.2
61205,A4,341600,61205,1.7,-0.7,1990MM02,64.7
61206,A4,341600,61206,2.1,0.3,1990MM03,65.0
61207,A4,341600,61207,2.3,0.3,1990MM04,65.1
61208,A4,341600,61208,0.8,0.1,1990MM05,65.2
61209,A4,341600,61209,1.8,0.1,1990MM06,65.3
61210,A4,341600,61210,1.6,0.2,1990MM07,65.4
61211,A4,341600,61211,1.6,0.2,1990MM08,65.5
61212,A4,341600,61212,1.5,0.1,1990MM09,65.5
61213,A4,341600,61213,1.2,0.1,1990MM10,65.6
61214,A4,341600,61214,1.3,0.4,1990MM11,65.8
61215,A4,341600,61215,1.3,0.1,1990MM12,65.9
61217,A4,341600,61217,1.2,0.1,1991MM01,65.9
61218,A4,341600,61218,4.7,2.8,1991MM02,67.8
61219,A4,341600,61219,3.4,-0.9,1991MM03,67.2
61220,A4,341600,61220,3.3,0.2,1991MM04,67.3
61221,A4,341600,61221,3.4,0.2,1991MM05,67.4
61222,A4,341600,61222,3.7,0.4,1991MM06,67.7
61223,A4,341600,61223,3.6,0.1,1991MM07,67.7
61224,A4,341600,61224,3.4,0.0,1991MM08,67.7
61225,A4,341600,61225,3.5,0.2,1991MM09,67.8
61226,A4,341600,61226,3.4,0.0,1991MM10,67.9
61227,A4,341600,61227,3.1,0.1,1991MM11,67.9
61228,A4,341600,61228,3.1,0.1,1991MM12,68.0
61230,A4,341600,61230,3.1,0.0,1992MM01,68.0
61231,A4,341600,61231,0.4,0.1,1992MM02,68.0
61232,A4,341600,61232,4.2,2.8,1992MM03,70.0
61233,A4,341600,61233,3.0,-0.8,1992MM04,69.4
61234,A4,341600,61234,3.1,0.2,1992MM05,69.5
61235,A4,341600,61235,2.9,0.2,1992MM06,69.6
61236,A4,341600,61236,3.3,0.5,1992MM07,70.0
61237,A4,341600,61237,3.3,0.0,1992MM08,69.9
61238,A4,341600,61238,3.2,0.1,1992MM09,70.0
61239,A4,341600,61239,3.4,0.3,1992MM10,70.2
61240,A4,341600,61240,3.3,0.0,1992MM11,70.2
61241,A4,341600,61241,3.3,0.1,1992MM12,70.2
61243,A4,341600,61243,3.3,0.0,1993MM01,70.2
61244,A4,341600,61244,3.3,0.0,1993MM02,70.2
61245,A4,341600,61245,0.5,0.1,1993MM03,70.3
61246,A4,341600,61246,3.0,1.6,1993MM04,71.4
61247,A4,341600,61247,2.2,-0.6,1993MM05,71.0
61248,A4,341600,61248,2.0,0.1,1993MM06,71.1
61249,A4,341600,61249,1.6,0.0,1993MM07,71.1
61250,A4,341600,61250,1.9,0.2,1993MM08,71.2
61251,A4,341600,61251,1.9,0.1,1993MM09,71.3
61252,A4,341600,61252,1.6,0.0,1993MM10,71.3
61253,A4,341600,61253,2.1,0.4,1993MM11,71.6
61254,A4,341600,61254,1.9,0.0,1993MM12,71.6
61256,A4,341600,61256,1.9,0.0,1994MM01,71.6
61257,A4,341600,61257,1.9,0.0,1994MM02,71.6
61258,A4,341600,61258,1.9,0.0,1994MM03,71.6
61259,A4,341600,61259,0.3,0.0,1994MM04,71.6
61260,A4,341600,61260,1.7,0.8,1994MM05,72.2
61261,A4,341600,61261,1.3,-0.3,1994MM06,72.0
61262,A4,341600,61262,1.3,0.1,1994MM07,72.0
61263,A4,341600,61263,1.2,0.1,1994MM08,72.1
61264,A4,341600,61264,1.4,0.2,1994MM09,72.3
61265,A4,341600,61265,1.5,0.1,1994MM10,72.3
61266,A4,341600,61266,1.1,0.1,1994MM11,72.4
61267,A4,341600,61267,1.3,0.1,1994MM12,72.5
61269,A4,341600,61269,1.2,-0.1,1995MM01,72.4
61270,A4,341600,61270,1.3,0.1,1995MM02,72.5
61271,A4,341600,61271,1.3,0.1,1995MM03,72.6
61272,A4,341600,61272,1.6,0.3,1995MM04,72.8
61273,A4,341600,61273,0.8,0.1,1995MM05,72.8
61274,A4,341600,61274,1.2,0.0,1995MM06,72.8
61275,A4,341600,61275,1.4,0.3,1995MM07,73.0
61276,A4,341600,61276,1.5,0.2,1995MM08,73.1
61277,A4,341600,61277,1.2,0.0,1995MM09,73.2
61278,A4,341600,61278,1.4,0.3,1995MM10,73.4
61279,A4,341600,61279,1.4,0.0,1995MM11,73.4
61280,A4,341600,61280,1.2,0.0,1995MM12,73.4
61282,A4,341600,61282,2.3,1.0,1996MM01,74.1
61283,A4,341600,61283,2.2,0.1,1996MM02,74.1
61284,A4,341600,61284,2.1,0.0,1996MM03,74.1
61285,A4,341600,61285,1.8,0.0,1996MM04,74.1
61286,A4,341600,61286,1.8,0.1,1996MM05,74.2
61287,A4,341600,61287,1.8,0.0,1996MM06,74.2
61288,A4,341600,61288,1.6,0.0,1996MM07,74.2
61289,A4,341600,61289,1.4,0.0,1996MM08,74.2
61290,A4,341600,61290,1.4,0.0,1996MM09,74.2
61291,A4,341600,61291,1.4,0.3,1996MM10,74.4
61292,A4,341600,61292,1.4,0.0,1996MM11,74.4
61293,A4,341600,61293,1.5,0.1,1996MM12,74.4
61295,A4,341600,61295,0.8,0.3,1997MM01,74.7
61296,A4,341600,61296,0.8,0.0,1997MM02,74.7
61297,A4,341600,61297,0.9,0.1,1997MM03,74.7
61298,A4,341600,61298,1.1,0.2,1997MM04,74.9
61299,A4,341600,61299,1.0,0.0,1997MM05,74.9
61300,A4,341600,61300,1.0,0.0,1997MM06,74.9
61301,A4,341600,61301,1.0,0.0,1997MM07,74.9
61302,A4,341600,61302,1.2,0.2,1997MM08,75.1
61303,A4,341600,61303,1.2,0.0,1997MM09,75.1
61304,A4,341600,61304,0.9,-0.1,1997MM10,75.0
61305,A4,341600,61305,0.8,-0.1,1997MM11,75.0
61306,A4,341600,61306,0.8,0.1,1997MM12,75.0
61308,A4,341600,61308,1.4,0.9,1998MM01,75.7
61309,A4,341600,61309,1.4,0.0,1998MM02,75.7
61310,A4,341600,61310,1.3,0.0,1998MM03,75.7
61311,A4,341600,61311,1.7,0.6,1998MM04,76.2
61312,A4,341600,61312,1.7,0.0,1998MM05,76.2
61313,A4,341600,61313,1.9,0.2,1998MM06,76.4
61314,A4,341600,61314,1.5,-0.4,1998MM07,76.1
61315,A4,341600,61315,1.3,0.0,1998MM08,76.1
61316,A4,341600,61316,1.3,0.0,1998MM09,76.1
61317,A4,341600,61317,1.3,-0.1,1998MM10,76.0
61318,A4,341600,61318,1.4,0.0,1998MM11,76.0
61319,A4,341600,61319,1.4,0.1,1998MM12,76.0
61321,A4,341600,61321,1.3,0.8,1999MM01,76.6
61322,A4,341600,61322,1.3,0.1,1999MM02,76.7
61323,A4,341600,61323,1.3,0.0,1999MM03,76.7
61324,A4,341600,61324,1.0,0.3,1999MM04,77.0
61325,A4,341600,61325,1.0,0.0,1999MM05,77.0
61326,A4,341600,61326,0.8,0.0,1999MM06,77.0
61327,A4,341600,61327,1.1,-0.1,1999MM07,76.9
61328,A4,341600,61328,1.1,0.0,1999MM08,76.9
61329,A4,341600,61329,1.2,0.1,1999MM09,77.0
61330,A4,341600,61330,1.4,0.0,1999MM10,77.0
61331,A4,341600,61331,1.4,0.0,1999MM11,77.1
61332,A4,341600,61332,1.5,0.1,1999MM12,77.1
61334,A4,341600,61334,1.4,0.7,2000MM01,77.7
61335,A4,341600,61335,1.5,0.2,2000MM02,77.8
61336,A4,341600,61336,1.5,0.1,2000MM03,77.9
61337,A4,341600,61337,1.5,0.4,2000MM04,78.2
61338,A4,341600,61338,1.6,0.0,2000MM05,78.2
61339,A4,341600,61339,1.6,0.0,2000MM06,78.2
61340,A4,341600,61340,1.9,0.3,2000MM07,78.4
61341,A4,341600,61341,2.0,0.0,2000MM08,78.4
61342,A4,341600,61342,1.9,0.0,2000MM09,78.5
61343,A4,341600,61343,2.0,0.1,2000MM10,78.6
61344,A4,341600,61344,2.0,0.0,2000MM11,78.6
61345,A4,341600,61345,1.9,0.1,2000MM12,78.7
61347,A4,341600,61347,2.5,1.3,2001MM01,79.7
61348,A4,341600,61348,2.6,0.3,2001MM02,79.9
61349,A4,341600,61349,2.7,0.1,2001MM03,79.9
61350,A4,341600,61350,2.6,0.3,2001MM04,80.2
61351,A4,341600,61351,2.7,0.0,2001MM05,80.2
61352,A4,341600,61352,2.6,0.0,2001MM06,80.2
61353,A4,341600,61353,2.7,0.3,2001MM07,80.5
61354,A4,341600,61354,2.6,0.0,2001MM08,80.5
61355,A4,341600,61355,2.7,0.1,2001MM09,80.6
61356,A4,341600,61356,3.0,0.4,2001MM10,80.9
61357,A4,341600,61357,3.0,0.0,2001MM11,80.9
61358,A4,341600,61358,2.9,0.1,2001MM12,81.0
61360,A4,341600,61360,3.1,1.4,2002MM01,82.1
61361,A4,341600,61361,2.9,0.1,2002MM02,82.2
61362,A4,341600,61362,2.9,0.0,2002MM03,82.2
61363,A4,341600,61363,2.7,0.2,2002MM04,82.4
61364,A4,341600,61364,2.7,0.1,2002MM05,82.4
61365,A4,341600,61365,2.7,0.0,2002MM06,82.4
61366,A4,341600,61366,2.6,0.2,2002MM07,82.6
61367,A4,341600,61367,2.6,0.0,2002MM08,82.6
61368,A4,341600,61368,2.6,0.0,2002MM09,82.6
61369,A4,341600,61369,2.3,0.1,2002MM10,82.7
61370,A4,341600,61370,2.3,0.0,2002MM11,82.8
61371,A4,341600,61371,2.3,0.1,2002MM12,82.9
61373,A4,341600,61373,1.6,0.7,2003MM01,83.4
61374,A4,341600,61374,2.1,0.6,2003MM02,83.9
61375,A4,341600,61375,2.1,0.1,2003MM03,84.0
61376,A4,341600,61376,2.0,0.1,2003MM04,84.0
61377,A4,341600,61377,2.0,0.0,2003MM05,84.0
61378,A4,341600,61378,2.0,0.0,2003MM06,84.1
61379,A4,341600,61379,2.3,0.5,2003MM07,84.4
61380,A4,341600,61380,2.2,0.0,2003MM08,84.4
61381,A4,341600,61381,2.2,0.0,2003MM09,84.4
61382,A4,341600,61382,2.0,0.0,2003MM10,84.4
61383,A4,341600,61383,2.0,0.0,2003MM11,84.4
61384,A4,341600,61384,2.0,0.2,2003MM12,84.5
61386,A4,341600,61386,1.8,0.5,2004MM01,84.9
61387,A4,341600,61387,1.2,0.0,2004MM02,84.9
61388,A4,341600,61388,1.1,0.0,2004MM03,84.9
61389,A4,341600,61389,1.1,0.0,2004MM04,85.0
61390,A4,341600,61390,1.1,0.0,2004MM05,85.0
61391,A4,341600,61391,1.3,0.2,2004MM06,85.1
61392,A4,341600,61392,1.2,0.4,2004MM07,85.5
61393,A4,341600,61393,1.2,0.0,2004MM08,85.5
61394,A4,341600,61394,1.3,0.1,2004MM09,85.5
61395,A4,341600,61395,1.6,0.3,2004MM10,85.8
61396,A4,341600,61396,1.8,0.2,2004MM11,85.9
61397,A4,341600,61397,1.8,0.2,2004MM12,86.1
61399,A4,341600,61399,1.78461538462,0.15,2005MM01,87.6
61400,A4,341600,61400,1.76923076923,0.1,2005MM02,87.6
61401,A4,341600,61401,1.75384615385,0.2,2005MM03,87.8
61402,A4,341600,61402,1.73846153846,-0.3,2005MM04,87.5
61403,A4,341600,61403,1.72307692308,0.0,2005MM05,87.5
61404,A4,341600,61404,1.70769230769,0.0,2005MM06,87.5
61405,A4,341600,61405,1.69230769231,0.2,2005MM07,87.7
61406,A4,341600,61406,1.67692307692,0.0,2005MM08,87.7
61407,A4,341600,61407,1.66153846154,0.1,2005MM09,87.8
61408,A4,341600,61408,1.64615384615,0.2,2005MM10,87.9
61409,A4,341600,61409,1.63076923077,0.1,2005MM11,88.0
61410,A4,341600,61410,1.61538461538,0.1,2005MM12,88.0
61412,A4,341600,61412,1.6,1.1,2006MM01,89.0
61413,A4,341600,61413,1.5,0.0,2006MM02,89.0
61414,A4,341600,61414,1.4,0.1,2006MM03,89.0
61415,A4,341600,61415,2.0,0.2,2006MM04,89.2
61416,A4,341600,61416,2.0,0.0,2006MM05,89.2
61417,A4,341600,61417,2.0,0.0,2006MM06,89.2
61418,A4,341600,61418,2.1,0.3,2006MM07,89.5
61419,A4,341600,61419,2.1,0.0,2006MM08,89.5
61420,A4,341600,61420,2.0,0.0,2006MM09,89.5
61421,A4,341600,61421,2.5,0.6,2006MM10,90.1
61422,A4,341600,61422,2.5,0.0,2006MM11,90.1
61423,A4,341600,61423,2.7,0.3,2006MM12,90.4
61425,A4,341600,61425,2.6,1.0,2007MM01,91.3
61426,A4,341600,61426,2.7,0.1,2007MM02,91.4
61427,A4,341600,61427,2.8,0.1,2007MM03,91.5
61428,A4,341600,61428,3.5,0.9,2007MM04,92.3
61429,A4,341600,61429,3.5,0.0,2007MM05,92.4
61430,A4,341600,61430,3.5,0.0,2007MM06,92.4
61431,A4,341600,61431,3.7,0.5,2007MM07,92.8
61432,A4,341600,61432,3.7,0.0,2007MM08,92.8
61433,A4,341600,61433,3.6,0.0,2007MM09,92.8
61434,A4,341600,61434,2.2,-0.7,2007MM10,92.1
61435,A4,341600,61435,2.3,0.1,2007MM11,92.2
61436,A4,341600,61436,2.1,0.1,2007MM12,92.3
61438,A4,341600,61438,2.7,1.5,2008MM01,93.7
61439,A4,341600,61439,2.5,0.0,2008MM02,93.7
61440,A4,341600,61440,2.5,0.0,2008MM03,93.7
61441,A4,341600,61441,2.2,0.7,2008MM04,94.4
61442,A4,341600,61442,2.2,0.0,2008MM05,94.4
61443,A4,341600,61443,2.3,0.2,2008MM06,94.5
61444,A4,341600,61444,2.5,0.7,2008MM07,95.2
61445,A4,341600,61445,2.6,0.0,2008MM08,95.2
61446,A4,341600,61446,2.7,0.2,2008MM09,95.4
61447,A4,341600,61447,3.8,0.3,2008MM10,95.6
61448,A4,341600,61448,3.9,0.1,2008MM11,95.8
61449,A4,341600,61449,3.8,0.0,2008MM12,95.8
61451,A4,341600,61451,4.6,2.4,2009MM01,98.0
61452,A4,341600,61452,4.7,0.0,2009MM02,98.1
61453,A4,341600,61453,4.6,0.0,2009MM03,98.0
61454,A4,341600,61454,4.7,0.8,2009MM04,98.8
61455,A4,341600,61455,4.7,0.0,2009MM05,98.8
61456,A4,341600,61456,4.6,0.0,2009MM06,98.8
61457,A4,341600,61457,4.0,0.2,2009MM07,99.0
61458,A4,341600,61458,4.0,0.0,2009MM08,99.0
61459,A4,341600,61459,3.9,0.0,2009MM09,99.0
61460,A4,341600,61460,3.9,0.3,2009MM10,99.4
61461,A4,341600,61461,3.8,0.0,2009MM11,99.4
61462,A4,341600,61462,3.5,-0.2,2009MM12,99.2
61464,A4,341600,61464,1.3,0.1,2010MM01,99.3
61465,A4,341600,61465,1.3,0.1,2010MM02,99.3
61466,A4,341600,61466,1.3,0.0,2010MM03,99.3
61467,A4,341600,61467,0.9,0.4,2010MM04,99.7
61468,A4,341600,61468,0.9,0.1,2010MM05,99.8
61469,A4,341600,61469,0.9,0.0,2010MM06,99.8
61470,A4,341600,61470,1.3,0.6,2010MM07,100.3
61471,A4,341600,61471,1.4,0.0,2010MM08,100.3
61472,A4,341600,61472,1.4,0.1,2010MM09,100.4
61473,A4,341600,61473,1.0,0.0,2010MM10,100.4
61474,A4,341600,61474,1.3,0.3,2010MM11,100.6
61475,A4,341600,61475,1.6,0.1,2010MM12,100.7
61477,A4,341600,61477,2.4,1.0,2011MM01,101.7
61478,A4,341600,61478,2.5,0.1,2011MM02,101.8
61479,A4,341600,61479,2.5,0.1,2011MM03,101.9
61480,A4,341600,61480,2.6,0.4,2011MM04,102.3
61481,A4,341600,61481,2.6,0.0,2011MM05,102.3
61482,A4,341600,61482,2.6,0.0,2011MM06,102.3
61483,A4,341600,61483,2.2,0.2,2011MM07,102.5
61484,A4,341600,61484,2.2,0.1,2011MM08,102.6
61485,A4,341600,61485,2.2,0.0,2011MM09,102.6
61486,A4,341600,61486,2.2,0.0,2011MM10,102.6
61487,A4,341600,61487,1.9,0.0,2011MM11,102.6
61488,A4,341600,61488,1.8,0.0,2011MM12,102.6
61490,A4,341600,61490,1.2,0.3,2012MM01,102.9
61491,A4,341600,61491,1.2,0.1,2012MM02,103.0
61492,A4,341600,61492,1.2,0.0,2012MM03,103.1
61493,A4,341600,61493,1.4,0.6,2012MM04,103.7
61494,A4,341600,61494,1.3,0.0,2012MM05,103.7
61495,A4,341600,61495,1.0,-0.3,2012MM06,103.3
61496,A4,341600,61496,1.0,0.2,2012MM07,103.5
61497,A4,341600,61497,1.0,0.1,2012MM08,103.6
61498,A4,341600,61498,1.0,0.0,2012MM09,103.6
61499,A4,341600,61499,1.0,0.1,2012MM10,103.7
61500,A4,341600,61500,1.1,0.1,2012MM11,103.7
61501,A4,341600,61501,1.1,0.0,2012MM12,103.7
61503,A4,341600,61503,1.2,0.4,2013MM01,104.1
61504,A4,341600,61504,1.1,0.0,2013MM02,104.1
61505,A4,341600,61505,1.1,0.1,2013MM03,104.2
61506,A4,341600,61506,0.8,0.3,2013MM04,104.5
61507,A4,341600,61507,0.8,0.0,2013MM05,104.5
61508,A4,341600,61508,1.1,0.0,2013MM06,104.5
61509,A4,341600,61509,1.2,0.3,2013MM07,104.8
61510,A4,341600,61510,1.2,0.0,2013MM08,104.8
61511,A4,341600,61511,1.2,0.0,2013MM09,104.8
61512,A4,341600,61512,1.7,0.6,2013MM10,105.4
61513,A4,341600,61513,1.7,0.0,2013MM11,105.4
61514,A4,341600,61514,1.7,0.0,2013MM12,105.5
61516,A4,341600,61516,2.0,0.8,2014MM01,106.3
61517,A4,341600,61517,2.1,0.0,2014MM02,106.3
61518,A4,341600,61518,2.0,0.0,2014MM03,106.3
61519,A4,341600,61519,2.8,1.1,2014MM04,107.5
61520,A4,341600,61520,2.8,0.0,2014MM05,107.5
61521,A4,341600,61521,2.8,0.0,2014MM06,107.5
61522,A4,341600,61522,2.8,0.2,2014MM07,107.7
61523,A4,341600,61523,2.7,0.0,2014MM08,107.7
61524,A4,341600,61524,2.7,0.0,2014MM09,107.7
61525,A4,341600,61525,2.5,0.4,2014MM10,108.1
61526,A4,341600,61526,2.5,0.0,2014MM11,108.1
61527,A4,341600,61527,2.5,0.0,2014MM12,108.1
61529,A4,341600,61529,2.1,0.4,2015MM01,108.5
61530,A4,341600,61530,2.1,0.0,2015MM02,108.5
61531,A4,341600,61531,2.1,0.0,2015MM03,108.5
61532,A4,341600,61532,1.0,0.0,2015MM04,108.5
61533,A4,341600,61533,1.0,0.0,2015MM05,108.5
61534,A4,341600,61534,1.0,0.0,2015MM06,108.5
61535,A4,341600,61535,1.3,0.5,2015MM07,109.1
61536,A4,341600,61536,1.3,0.0,2015MM08,109.1
61537,A4,341600,61537,1.3,0.0,2015MM09,109.1
61538,A4,341600,61538,1.0,0.1,2015MM10,109.2
61539,A4,341600,61539,1.0,0.0,2015MM11,109.2
61540,A4,341600,61540,1.0,0.0,2015MM12,109.2
61542,A4,341600,61542,1.4,0.8,2016MM01,110.1
61543,A4,341600,61543,1.4,0.0,2016MM02,110.1
61544,A4,341600,61544,1.4,0.0,2016MM03,110.1
61545,A4,341600,61545,1.7,0.3,2016MM04,110.4
61546,A4,341600,61546,1.7,0.0,2016MM05,110.4
61547,A4,341600,61547,1.7,0.0,2016MM06,110.4
61548,A4,341600,61548,1.6,0.3,2016MM07,110.8
61549,A4,341600,61549,1.6,0.0,2016MM08,110.8
61550,A4,341600,61550,1.6,0.0,2016MM09,110.8
61551,A4,341600,61551,1.6,0.1,2016MM10,111.0
61552,A4,341600,61552,1.6,0.0,2016MM11,110.9
61553,A4,341600,61553,1.7,0.1,2016MM12,111.0
61555,A4,341600,61555,2.6,1.7,2017MM01,113.0
61556,A4,341600,61556,2.6,0.1,2017MM02,113.0
61557,A4,341600,61557,2.6,0.0,2017MM03,113.0
61558,A4,341600,61558,1.8,-0.5,2017MM04,112.5
61559,A4,341600,61559,0.7,-1.1,2017MM05,111.2
61560,A4,341600,61560,1.3,0.7,2017MM06,111.9
61561,A4,341600,61561,1.4,0.4,2017MM07,112.4
61562,A4,341600,61562,2.1,0.6,2017MM08,113.1
61563,A4,341600,61563,2.1,0.0,2017MM09,113.1
61564,A4,341600,61564,2.1,0.2,2017MM10,113.3
61565,A4,341600,61565,2.2,0.0,2017MM11,113.3
61566,A4,341600,61566,2.1,0.0,2017MM12,113.3
