,Afzet,BedrijfstakkenBranchesSBI2008,ID,OntwikkelingTOV1JaarEerder_2,OntwikkelingTOV1MaandEerder_3,Perioden,ProducentenprijsindexPPI_1
93795,A5,342400,93795,1.02307692308,-0.5,1981MM01,91.2
93796,A5,342400,93796,1.04615384615,-1.1,1981MM02,90.2
93797,A5,342400,93797,1.06923076923,0.1,1981MM03,90.4
93798,A5,342400,93798,1.09230769231,1.4,1981MM04,91.6
93799,A5,342400,93799,1.11538461538,-0.9,1981MM05,90.8
93800,A5,342400,93800,1.13846153846,-0.9,1981MM06,90.0
93801,A5,342400,93801,1.16153846154,0.4,1981MM07,90.4
93802,A5,342400,93802,1.18461538462,0.9,1981MM08,91.2
93803,A5,342400,93803,1.20769230769,-0.2,1981MM09,91.0
93804,A5,342400,93804,1.23076923077,0.0,1981MM10,91.0
93805,A5,342400,93805,1.25384615385,0.3,1981MM11,91.2
93806,A5,342400,93806,1.27692307692,-0.3,1981MM12,90.9
93808,A5,342400,93808,1.3,1.6,1982MM01,92.4
93809,A5,342400,93809,1.6,-0.8,1982MM02,91.6
93810,A5,342400,93810,-0.2,-1.6,1982MM03,90.2
93811,A5,342400,93811,-2.6,-1.0,1982MM04,89.2
93812,A5,342400,93812,-1.3,0.4,1982MM05,89.6
93813,A5,342400,93813,-2.6,-2.2,1982MM06,87.6
93814,A5,342400,93814,-2.7,0.3,1982MM07,87.9
93815,A5,342400,93815,-3.1,0.5,1982MM08,88.4
93816,A5,342400,93816,-3.1,-0.3,1982MM09,88.1
93817,A5,342400,93817,-2.1,1.1,1982MM10,89.1
93818,A5,342400,93818,-2.4,0.0,1982MM11,89.0
93819,A5,342400,93819,-2.1,-0.1,1982MM12,89.0
93821,A5,342400,93821,-3.1,0.6,1983MM01,89.5
93822,A5,342400,93822,0.5,3.0,1983MM02,92.1
93823,A5,342400,93823,2.6,0.4,1983MM03,92.5
93824,A5,342400,93824,3.8,0.1,1983MM04,92.6
93825,A5,342400,93825,3.9,0.5,1983MM05,93.1
93826,A5,342400,93826,6.6,0.4,1983MM06,93.4
93827,A5,342400,93827,6.9,0.5,1983MM07,93.9
93828,A5,342400,93828,8.1,1.7,1983MM08,95.6
93829,A5,342400,93829,6.2,-2.1,1983MM09,93.6
93830,A5,342400,93830,5.2,0.1,1983MM10,93.7
93831,A5,342400,93831,4.9,-0.3,1983MM11,93.4
93832,A5,342400,93832,5.2,0.1,1983MM12,93.5
93834,A5,342400,93834,4.1,-0.4,1984MM01,93.2
93835,A5,342400,93835,1.2,0.0,1984MM02,93.2
93836,A5,342400,93836,1.6,0.9,1984MM03,94.0
93837,A5,342400,93837,1.4,-0.1,1984MM04,93.9
93838,A5,342400,93838,1.0,0.1,1984MM05,94.0
93839,A5,342400,93839,0.7,0.1,1984MM06,94.1
93840,A5,342400,93840,0.3,0.2,1984MM07,94.3
93841,A5,342400,93841,-1.2,0.1,1984MM08,94.4
93842,A5,342400,93842,1.1,0.2,1984MM09,94.6
93843,A5,342400,93843,1.0,0.0,1984MM10,94.6
93844,A5,342400,93844,1.5,0.3,1984MM11,94.8
93845,A5,342400,93845,2.1,0.7,1984MM12,95.5
93847,A5,342400,93847,4.2,1.7,1985MM01,97.1
93848,A5,342400,93848,3.7,-0.4,1985MM02,96.7
93849,A5,342400,93849,3.5,0.6,1985MM03,97.2
93850,A5,342400,93850,3.6,0.0,1985MM04,97.3
93851,A5,342400,93851,3.3,-0.1,1985MM05,97.1
93852,A5,342400,93852,3.2,0.0,1985MM06,97.2
93853,A5,342400,93853,3.7,0.6,1985MM07,97.8
93854,A5,342400,93854,3.5,-0.1,1985MM08,97.7
93855,A5,342400,93855,3.3,0.0,1985MM09,97.7
93856,A5,342400,93856,3.2,-0.1,1985MM10,97.6
93857,A5,342400,93857,2.3,-0.6,1985MM11,97.0
93858,A5,342400,93858,1.6,0.0,1985MM12,97.0
93860,A5,342400,93860,-0.3,-0.3,1986MM01,96.7
93861,A5,342400,93861,0.9,0.8,1986MM02,97.5
93862,A5,342400,93862,0.5,0.2,1986MM03,97.7
93863,A5,342400,93863,0.3,-0.1,1986MM04,97.6
93864,A5,342400,93864,0.4,0.0,1986MM05,97.5
93865,A5,342400,93865,0.7,0.3,1986MM06,97.9
93866,A5,342400,93866,0.1,0.0,1986MM07,97.9
93867,A5,342400,93867,0.3,0.1,1986MM08,97.9
93868,A5,342400,93868,-0.3,-0.5,1986MM09,97.4
93869,A5,342400,93869,-0.2,0.0,1986MM10,97.4
93870,A5,342400,93870,0.5,0.1,1986MM11,97.5
93871,A5,342400,93871,0.3,-0.2,1986MM12,97.2
93873,A5,342400,93873,0.5,0.0,1987MM01,97.2
93874,A5,342400,93874,-0.6,-0.3,1987MM02,96.9
93875,A5,342400,93875,-0.8,0.0,1987MM03,96.9
93876,A5,342400,93876,-1.0,-0.4,1987MM04,96.5
93877,A5,342400,93877,-0.9,0.1,1987MM05,96.7
93878,A5,342400,93878,-1.3,0.0,1987MM06,96.6
93879,A5,342400,93879,-1.3,-0.1,1987MM07,96.6
93880,A5,342400,93880,-1.4,0.0,1987MM08,96.6
93881,A5,342400,93881,-1.2,-0.4,1987MM09,96.2
93882,A5,342400,93882,-0.1,1.2,1987MM10,97.3
93883,A5,342400,93883,-0.2,0.0,1987MM11,97.3
93884,A5,342400,93884,0.1,0.0,1987MM12,97.3
93886,A5,342400,93886,0.0,-0.1,1988MM01,97.2
93887,A5,342400,93887,0.3,0.0,1988MM02,97.2
93888,A5,342400,93888,0.3,0.0,1988MM03,97.2
93889,A5,342400,93889,3.7,3.0,1988MM04,100.1
93890,A5,342400,93890,1.1,-2.3,1988MM05,97.8
93891,A5,342400,93891,1.2,0.0,1988MM06,97.8
93892,A5,342400,93892,1.4,0.1,1988MM07,97.9
93893,A5,342400,93893,1.4,0.0,1988MM08,97.9
93894,A5,342400,93894,2.4,0.5,1988MM09,98.5
93895,A5,342400,93895,1.7,0.5,1988MM10,99.0
93896,A5,342400,93896,4.8,3.0,1988MM11,102.0
93897,A5,342400,93897,5.0,0.2,1988MM12,102.2
93899,A5,342400,93899,5.4,0.2,1989MM01,102.4
93900,A5,342400,93900,5.3,-0.1,1989MM02,102.3
93901,A5,342400,93901,5.0,-0.2,1989MM03,102.1
93902,A5,342400,93902,2.1,0.1,1989MM04,102.2
93903,A5,342400,93903,6.3,1.7,1989MM05,103.9
93904,A5,342400,93904,5.1,-1.1,1989MM06,102.8
93905,A5,342400,93905,4.3,-0.6,1989MM07,102.2
93906,A5,342400,93906,5.7,1.3,1989MM08,103.5
93907,A5,342400,93907,5.5,0.3,1989MM09,103.8
93908,A5,342400,93908,4.9,0.0,1989MM10,103.8
93909,A5,342400,93909,2.3,0.5,1989MM11,104.3
93910,A5,342400,93910,1.7,-0.4,1989MM12,103.9
93912,A5,342400,93912,1.3,-0.1,1990MM01,103.8
93913,A5,342400,93913,0.8,-0.6,1990MM02,103.2
93914,A5,342400,93914,1.1,0.0,1990MM03,103.2
93915,A5,342400,93915,0.9,-0.1,1990MM04,103.1
93916,A5,342400,93916,-0.7,0.1,1990MM05,103.1
93917,A5,342400,93917,0.5,0.2,1990MM06,103.3
93918,A5,342400,93918,1.0,-0.1,1990MM07,103.2
93919,A5,342400,93919,-0.1,0.2,1990MM08,103.4
93920,A5,342400,93920,-0.5,-0.1,1990MM09,103.3
93921,A5,342400,93921,-0.6,-0.1,1990MM10,103.2
93922,A5,342400,93922,0.0,1.0,1990MM11,104.3
93923,A5,342400,93923,0.3,-0.1,1990MM12,104.2
93925,A5,342400,93925,0.2,-0.2,1991MM01,104.0
93926,A5,342400,93926,3.1,2.3,1991MM02,106.4
93927,A5,342400,93927,1.7,-1.3,1991MM03,105.0
93928,A5,342400,93928,2.9,1.0,1991MM04,106.0
93929,A5,342400,93929,3.1,0.3,1991MM05,106.3
93930,A5,342400,93930,2.8,-0.1,1991MM06,106.2
93931,A5,342400,93931,3.2,0.3,1991MM07,106.5
93932,A5,342400,93932,3.3,0.3,1991MM08,106.8
93933,A5,342400,93933,3.5,0.1,1991MM09,106.9
93934,A5,342400,93934,3.3,-0.2,1991MM10,106.7
93935,A5,342400,93935,2.5,0.2,1991MM11,106.9
93936,A5,342400,93936,2.6,0.1,1991MM12,107.0
93938,A5,342400,93938,2.7,-0.1,1992MM01,106.9
93939,A5,342400,93939,0.1,-0.3,1992MM02,106.5
93940,A5,342400,93940,2.3,0.9,1992MM03,107.4
93941,A5,342400,93941,1.6,0.3,1992MM04,107.7
93942,A5,342400,93942,1.4,0.1,1992MM05,107.8
93943,A5,342400,93943,1.6,0.1,1992MM06,107.9
93944,A5,342400,93944,1.4,0.0,1992MM07,108.0
93945,A5,342400,93945,0.9,-0.2,1992MM08,107.7
93946,A5,342400,93946,0.6,-0.2,1992MM09,107.5
93947,A5,342400,93947,0.3,-0.5,1992MM10,107.0
93948,A5,342400,93948,0.1,0.0,1992MM11,107.0
93949,A5,342400,93949,0.0,-0.1,1992MM12,106.9
93951,A5,342400,93951,0.2,0.1,1993MM01,107.0
93952,A5,342400,93952,0.8,0.3,1993MM02,107.4
93953,A5,342400,93953,-0.4,-0.3,1993MM03,107.0
93954,A5,342400,93954,0.0,0.7,1993MM04,107.8
93955,A5,342400,93955,-0.1,0.0,1993MM05,107.8
93956,A5,342400,93956,-0.2,-0.1,1993MM06,107.7
93957,A5,342400,93957,-0.2,0.0,1993MM07,107.7
93958,A5,342400,93958,-0.2,-0.2,1993MM08,107.5
93959,A5,342400,93959,0.4,0.4,1993MM09,107.9
93960,A5,342400,93960,1.0,0.1,1993MM10,108.0
93961,A5,342400,93961,0.8,-0.2,1993MM11,107.8
93962,A5,342400,93962,0.6,-0.2,1993MM12,107.6
93964,A5,342400,93964,0.3,-0.2,1994MM01,107.4
93965,A5,342400,93965,-0.2,-0.2,1994MM02,107.2
93966,A5,342400,93966,0.6,0.4,1994MM03,107.6
93967,A5,342400,93967,0.1,0.3,1994MM04,107.9
93968,A5,342400,93968,-0.7,-0.9,1994MM05,107.0
93969,A5,342400,93969,0.3,1.0,1994MM06,108.0
93970,A5,342400,93970,-0.6,-0.8,1994MM07,107.1
93971,A5,342400,93971,0.1,0.5,1994MM08,107.7
93972,A5,342400,93972,-0.4,-0.1,1994MM09,107.5
93973,A5,342400,93973,-0.7,-0.3,1994MM10,107.2
93974,A5,342400,93974,-0.6,-0.1,1994MM11,107.1
93975,A5,342400,93975,-0.5,-0.1,1994MM12,107.1
93977,A5,342400,93977,0.1,0.4,1995MM01,107.5
93978,A5,342400,93978,0.4,0.1,1995MM02,107.6
93979,A5,342400,93979,0.1,0.1,1995MM03,107.7
93980,A5,342400,93980,-0.3,-0.1,1995MM04,107.6
93981,A5,342400,93981,0.6,0.1,1995MM05,107.6
93982,A5,342400,93982,-0.3,0.0,1995MM06,107.7
93983,A5,342400,93983,0.5,0.0,1995MM07,107.7
93984,A5,342400,93984,-0.2,-0.2,1995MM08,107.5
93985,A5,342400,93985,-0.2,-0.1,1995MM09,107.3
93986,A5,342400,93986,0.0,-0.1,1995MM10,107.2
93987,A5,342400,93987,0.0,-0.1,1995MM11,107.1
93988,A5,342400,93988,-0.2,-0.2,1995MM12,106.8
93990,A5,342400,93990,-0.1,0.6,1996MM01,107.5
93991,A5,342400,93991,-0.7,-0.5,1996MM02,106.9
93992,A5,342400,93992,-1.1,-0.4,1996MM03,106.5
93993,A5,342400,93993,-0.8,0.2,1996MM04,106.7
93994,A5,342400,93994,-0.8,0.1,1996MM05,106.8
93995,A5,342400,93995,-1.2,-0.4,1996MM06,106.3
93996,A5,342400,93996,-1.6,-0.4,1996MM07,105.9
93997,A5,342400,93997,-1.9,-0.5,1996MM08,105.4
93998,A5,342400,93998,-1.7,0.1,1996MM09,105.5
93999,A5,342400,93999,-1.5,0.1,1996MM10,105.6
94000,A5,342400,94000,-1.3,0.1,1996MM11,105.7
94001,A5,342400,94001,-0.9,0.1,1996MM12,105.8
94003,A5,342400,94003,-0.5,1.0,1997MM01,106.9
94004,A5,342400,94004,0.0,0.0,1997MM02,106.9
94005,A5,342400,94005,0.5,0.0,1997MM03,107.0
94006,A5,342400,94006,0.3,0.1,1997MM04,107.0
94007,A5,342400,94007,0.2,-0.1,1997MM05,106.9
94008,A5,342400,94008,0.8,0.2,1997MM06,107.2
94009,A5,342400,94009,1.4,0.2,1997MM07,107.4
94010,A5,342400,94010,1.8,0.0,1997MM08,107.3
94011,A5,342400,94011,1.6,-0.1,1997MM09,107.2
94012,A5,342400,94012,1.9,0.3,1997MM10,107.6
94013,A5,342400,94013,1.8,0.1,1997MM11,107.6
94014,A5,342400,94014,1.4,-0.3,1997MM12,107.3
94016,A5,342400,94016,1.3,0.9,1998MM01,108.3
94017,A5,342400,94017,1.1,-0.2,1998MM02,108.1
94018,A5,342400,94018,1.1,0.1,1998MM03,108.1
94019,A5,342400,94019,0.9,-0.2,1998MM04,108.0
94020,A5,342400,94020,0.4,-0.5,1998MM05,107.4
94021,A5,342400,94021,0.3,0.1,1998MM06,107.5
94022,A5,342400,94022,0.2,0.1,1998MM07,107.5
94023,A5,342400,94023,0.1,0.0,1998MM08,107.5
94024,A5,342400,94024,0.2,-0.1,1998MM09,107.4
94025,A5,342400,94025,-0.4,-0.3,1998MM10,107.1
94026,A5,342400,94026,-0.4,0.1,1998MM11,107.2
94027,A5,342400,94027,-0.1,0.0,1998MM12,107.2
94029,A5,342400,94029,-1.7,-0.6,1999MM01,106.5
94030,A5,342400,94030,-1.4,0.0,1999MM02,106.5
94031,A5,342400,94031,-1.4,0.1,1999MM03,106.6
94032,A5,342400,94032,-1.2,0.0,1999MM04,106.7
94033,A5,342400,94033,-0.7,0.0,1999MM05,106.7
94034,A5,342400,94034,-0.7,0.0,1999MM06,106.7
94035,A5,342400,94035,-1.0,-0.2,1999MM07,106.4
94036,A5,342400,94036,-1.1,-0.1,1999MM08,106.3
94037,A5,342400,94037,-1.0,0.0,1999MM09,106.3
94038,A5,342400,94038,-0.9,-0.1,1999MM10,106.2
94039,A5,342400,94039,-1.0,0.0,1999MM11,106.1
94040,A5,342400,94040,-0.9,0.0,1999MM12,106.2
94042,A5,342400,94042,0.9,1.2,2000MM01,107.5
94043,A5,342400,94043,1.5,0.6,2000MM02,108.1
94044,A5,342400,94044,1.6,0.2,2000MM03,108.3
94045,A5,342400,94045,2.3,0.8,2000MM04,109.1
94046,A5,342400,94046,2.5,0.2,2000MM05,109.4
94047,A5,342400,94047,2.7,0.2,2000MM06,109.6
94048,A5,342400,94048,3.7,0.7,2000MM07,110.3
94049,A5,342400,94049,3.7,-0.1,2000MM08,110.2
94050,A5,342400,94050,3.2,-0.4,2000MM09,109.8
94051,A5,342400,94051,3.9,0.5,2000MM10,110.3
94052,A5,342400,94052,4.2,0.3,2000MM11,110.6
94053,A5,342400,94053,3.9,-0.3,2000MM12,110.3
94055,A5,342400,94055,3.8,1.1,2001MM01,111.5
94056,A5,342400,94056,3.3,0.2,2001MM02,111.7
94057,A5,342400,94057,2.9,-0.2,2001MM03,111.4
94058,A5,342400,94058,0.7,-1.4,2001MM04,109.9
94059,A5,342400,94059,0.5,0.0,2001MM05,109.9
94060,A5,342400,94060,0.5,0.1,2001MM06,110.1
94061,A5,342400,94061,-0.1,0.1,2001MM07,110.2
94062,A5,342400,94062,-0.6,-0.6,2001MM08,109.5
94063,A5,342400,94063,-0.2,0.0,2001MM09,109.5
94064,A5,342400,94064,-1.8,-1.1,2001MM10,108.3
94065,A5,342400,94065,-2.1,0.0,2001MM11,108.3
94066,A5,342400,94066,-1.9,-0.1,2001MM12,108.2
94068,A5,342400,94068,-6.6,-3.7,2002MM01,104.2
94069,A5,342400,94069,-6.9,-0.2,2002MM02,104.0
94070,A5,342400,94070,-6.3,0.4,2002MM03,104.4
94071,A5,342400,94071,-6.0,-1.0,2002MM04,103.3
94072,A5,342400,94072,-5.5,0.5,2002MM05,103.9
94073,A5,342400,94073,-6.2,-0.6,2002MM06,103.2
94074,A5,342400,94074,-5.7,0.7,2002MM07,103.9
94075,A5,342400,94075,-5.0,0.1,2002MM08,104.0
94076,A5,342400,94076,-5.1,-0.1,2002MM09,103.9
94077,A5,342400,94077,-3.8,0.3,2002MM10,104.2
94078,A5,342400,94078,-4.3,-0.5,2002MM11,103.7
94079,A5,342400,94079,-4.3,-0.1,2002MM12,103.6
94081,A5,342400,94081,-0.9,-0.3,2003MM01,103.3
94082,A5,342400,94082,-0.8,-0.2,2003MM02,103.1
94083,A5,342400,94083,-1.2,0.1,2003MM03,103.2
94084,A5,342400,94084,-0.3,-0.2,2003MM04,103.0
94085,A5,342400,94085,-1.1,-0.3,2003MM05,102.7
94086,A5,342400,94086,-0.4,0.1,2003MM06,102.8
94087,A5,342400,94087,-1.3,-0.2,2003MM07,102.6
94088,A5,342400,94088,-1.3,0.1,2003MM08,102.7
94089,A5,342400,94089,-1.3,-0.1,2003MM09,102.5
94090,A5,342400,94090,-1.8,-0.2,2003MM10,102.4
94091,A5,342400,94091,-1.5,-0.2,2003MM11,102.2
94092,A5,342400,94092,-2.1,-0.8,2003MM12,101.4
94094,A5,342400,94094,-7.8,-6.1,2004MM01,95.2
94095,A5,342400,94095,-7.4,0.2,2004MM02,95.5
94096,A5,342400,94096,-7.4,0.1,2004MM03,95.6
94097,A5,342400,94097,-6.9,0.4,2004MM04,95.9
94098,A5,342400,94098,-6.0,0.7,2004MM05,96.5
94099,A5,342400,94099,-6.1,0.0,2004MM06,96.6
94100,A5,342400,94100,-5.6,0.3,2004MM07,96.9
94101,A5,342400,94101,-5.6,0.0,2004MM08,96.9
94102,A5,342400,94102,-5.3,0.2,2004MM09,97.1
94103,A5,342400,94103,-4.2,1.0,2004MM10,98.0
94104,A5,342400,94104,-3.5,0.6,2004MM11,98.6
94105,A5,342400,94105,-4.1,-1.4,2004MM12,97.2
94107,A5,342400,94107,-3.60769230769,-0.55,2005MM01,97.8
94108,A5,342400,94108,-3.11538461538,0.3,2005MM02,98.1
94109,A5,342400,94109,-2.62307692308,-0.4,2005MM03,97.8
94110,A5,342400,94110,-2.13076923077,0.7,2005MM04,98.4
94111,A5,342400,94111,-1.63846153846,1.1,2005MM05,99.5
94112,A5,342400,94112,-1.14615384615,1.7,2005MM06,101.2
94113,A5,342400,94113,-0.653846153846,0.5,2005MM07,101.7
94114,A5,342400,94114,-0.161538461538,-0.7,2005MM08,101.0
94115,A5,342400,94115,0.330769230769,0.1,2005MM09,101.1
94116,A5,342400,94116,0.823076923077,0.8,2005MM10,102.0
94117,A5,342400,94117,1.31538461538,0.4,2005MM11,102.4
94118,A5,342400,94118,1.80769230769,-0.5,2005MM12,101.9
94120,A5,342400,94120,2.3,-1.9,2006MM01,100.0
94121,A5,342400,94121,2.4,0.5,2006MM02,100.5
94122,A5,342400,94122,2.4,-0.4,2006MM03,100.1
94123,A5,342400,94123,1.0,-0.7,2006MM04,99.4
94124,A5,342400,94124,-1.3,-1.2,2006MM05,98.2
94125,A5,342400,94125,-2.4,0.6,2006MM06,98.8
94126,A5,342400,94126,-2.7,0.1,2006MM07,98.9
94127,A5,342400,94127,-2.4,-0.3,2006MM08,98.6
94128,A5,342400,94128,-2.3,0.2,2006MM09,98.8
94129,A5,342400,94129,-2.8,0.3,2006MM10,99.1
94130,A5,342400,94130,-4.0,-0.8,2006MM11,98.3
94131,A5,342400,94131,-4.2,-0.7,2006MM12,97.6
94133,A5,342400,94133,-2.0,0.4,2007MM01,98.0
94134,A5,342400,94134,-2.5,-0.1,2007MM02,97.9
94135,A5,342400,94135,-2.4,-0.3,2007MM03,97.7
94136,A5,342400,94136,-1.7,0.1,2007MM04,97.8
94137,A5,342400,94137,0.0,0.5,2007MM05,98.2
94138,A5,342400,94138,-0.3,0.4,2007MM06,98.6
94139,A5,342400,94139,-1.1,-0.7,2007MM07,97.8
94140,A5,342400,94140,-0.6,0.2,2007MM08,98.0
94141,A5,342400,94141,-1.5,-0.6,2007MM09,97.4
94142,A5,342400,94142,-2.6,-0.8,2007MM10,96.6
94143,A5,342400,94143,-2.7,-1.0,2007MM11,95.6
94144,A5,342400,94144,-1.8,0.2,2007MM12,95.8
94146,A5,342400,94146,-3.4,-1.2,2008MM01,94.7
94147,A5,342400,94147,-3.2,0.1,2008MM02,94.8
94148,A5,342400,94148,-4.3,-1.4,2008MM03,93.5
94149,A5,342400,94149,-3.8,0.6,2008MM04,94.0
94150,A5,342400,94150,-3.5,0.8,2008MM05,94.7
94151,A5,342400,94151,-3.7,0.2,2008MM06,94.9
94152,A5,342400,94152,-3.2,-0.2,2008MM07,94.7
94153,A5,342400,94153,-2.0,1.4,2008MM08,96.1
94154,A5,342400,94154,-0.4,0.9,2008MM09,96.9
94155,A5,342400,94155,2.6,2.2,2008MM10,99.1
94156,A5,342400,94156,4.6,0.9,2008MM11,100.0
94157,A5,342400,94157,2.3,-1.9,2008MM12,98.0
94159,A5,342400,94159,5.6,2.0,2009MM01,100.0
94160,A5,342400,94160,6.6,1.1,2009MM02,101.0
94161,A5,342400,94161,7.2,-0.8,2009MM03,100.2
94162,A5,342400,94162,6.0,-0.6,2009MM04,99.6
94163,A5,342400,94163,4.1,-1.0,2009MM05,98.6
94164,A5,342400,94164,3.0,-0.9,2009MM06,97.8
94165,A5,342400,94165,2.9,-0.2,2009MM07,97.5
94166,A5,342400,94166,1.1,-0.4,2009MM08,97.2
94167,A5,342400,94167,-0.5,-0.7,2009MM09,96.5
94168,A5,342400,94168,-3.4,-0.8,2009MM10,95.7
94169,A5,342400,94169,-4.6,-0.3,2009MM11,95.4
94170,A5,342400,94170,-2.1,0.6,2009MM12,96.0
94172,A5,342400,94172,-2.9,1.1,2010MM01,97.1
94173,A5,342400,94173,-2.8,1.1,2010MM02,98.2
94174,A5,342400,94174,-1.5,0.5,2010MM03,98.7
94175,A5,342400,94175,-0.3,0.7,2010MM04,99.3
94176,A5,342400,94176,2.9,2.2,2010MM05,101.5
94177,A5,342400,94177,4.9,1.0,2010MM06,102.5
94178,A5,342400,94178,4.0,-1.1,2010MM07,101.5
94179,A5,342400,94179,4.1,-0.3,2010MM08,101.2
94180,A5,342400,94180,4.6,-0.3,2010MM09,100.9
94181,A5,342400,94181,3.4,-2.0,2010MM10,98.9
94182,A5,342400,94182,4.3,0.6,2010MM11,99.5
94183,A5,342400,94183,4.8,1.1,2010MM12,100.6
94185,A5,342400,94185,0.4,-3.1,2011MM01,97.5
94186,A5,342400,94186,-1.2,-0.4,2011MM02,97.1
94187,A5,342400,94187,-2.1,-0.5,2011MM03,96.6
94188,A5,342400,94188,-3.3,-0.6,2011MM04,96.0
94189,A5,342400,94189,-5.2,0.3,2011MM05,96.3
94190,A5,342400,94190,-6.2,0.0,2011MM06,96.2
94191,A5,342400,94191,-4.7,0.5,2011MM07,96.7
94192,A5,342400,94192,-4.5,-0.1,2011MM08,96.7
94193,A5,342400,94193,-3.0,1.3,2011MM09,97.9
94194,A5,342400,94194,-1.1,0.0,2011MM10,97.9
94195,A5,342400,94195,-1.3,0.4,2011MM11,98.3
94196,A5,342400,94196,-1.6,0.7,2011MM12,99.0
94198,A5,342400,94198,-0.9,-2.3,2012MM01,96.6
94199,A5,342400,94199,-1.0,-0.6,2012MM02,96.1
94200,A5,342400,94200,-0.3,0.1,2012MM03,96.2
94201,A5,342400,94201,0.5,0.3,2012MM04,96.5
94202,A5,342400,94202,1.0,0.7,2012MM05,97.2
94203,A5,342400,94203,1.7,0.6,2012MM06,97.8
94204,A5,342400,94204,1.7,0.5,2012MM07,98.3
94205,A5,342400,94205,1.5,-0.2,2012MM08,98.1
94206,A5,342400,94206,-0.5,-0.8,2012MM09,97.3
94207,A5,342400,94207,-0.7,-0.1,2012MM10,97.2
94208,A5,342400,94208,-0.9,0.2,2012MM11,97.4
94209,A5,342400,94209,-2.2,-0.6,2012MM12,96.8
94211,A5,342400,94211,0.4,0.3,2013MM01,97.1
94212,A5,342400,94212,0.9,-0.1,2013MM02,97.0
94213,A5,342400,94213,1.6,0.8,2013MM03,97.7
94214,A5,342400,94214,1.2,-0.1,2013MM04,97.7
94215,A5,342400,94215,0.6,0.1,2013MM05,97.8
94216,A5,342400,94216,-0.4,-0.3,2013MM06,97.4
94217,A5,342400,94217,-0.7,0.2,2013MM07,97.6
94218,A5,342400,94218,-0.9,-0.4,2013MM08,97.2
94219,A5,342400,94219,-0.3,-0.1,2013MM09,97.1
94220,A5,342400,94220,-0.8,-0.7,2013MM10,96.4
94221,A5,342400,94221,-0.8,0.2,2013MM11,96.6
94222,A5,342400,94222,-0.7,-0.5,2013MM12,96.1
94224,A5,342400,94224,-0.7,0.3,2014MM01,96.4
94225,A5,342400,94225,-0.8,-0.2,2014MM02,96.2
94226,A5,342400,94226,-1.9,-0.3,2014MM03,95.9
94227,A5,342400,94227,-1.7,0.1,2014MM04,96.0
94228,A5,342400,94228,-1.6,0.2,2014MM05,96.2
94229,A5,342400,94229,-1.0,0.3,2014MM06,96.5
94230,A5,342400,94230,-1.3,-0.1,2014MM07,96.4
94231,A5,342400,94231,-0.5,0.4,2014MM08,96.7
94232,A5,342400,94232,0.3,0.7,2014MM09,97.4
94233,A5,342400,94233,1.3,0.3,2014MM10,97.7
94234,A5,342400,94234,1.5,0.4,2014MM11,98.0
94235,A5,342400,94235,2.2,0.2,2014MM12,98.2
94237,A5,342400,94237,2.4,0.5,2015MM01,98.7
94238,A5,342400,94238,3.3,0.7,2015MM02,99.4
94239,A5,342400,94239,5.0,1.4,2015MM03,100.8
94240,A5,342400,94240,5.5,0.5,2015MM04,101.3
94241,A5,342400,94241,4.4,-0.9,2015MM05,100.4
94242,A5,342400,94242,4.0,0.0,2015MM06,100.3
94243,A5,342400,94243,4.7,0.6,2015MM07,100.9
94244,A5,342400,94244,3.8,-0.5,2015MM08,100.4
94245,A5,342400,94245,2.8,-0.3,2015MM09,100.1
94246,A5,342400,94246,2.5,0.0,2015MM10,100.1
94247,A5,342400,94247,3.2,1.1,2015MM11,101.2
94248,A5,342400,94248,2.6,-0.5,2015MM12,100.7
94250,A5,342400,94250,0.9,-1.1,2016MM01,99.6
94251,A5,342400,94251,-0.5,-0.7,2016MM02,99.0
94252,A5,342400,94252,-1.7,0.1,2016MM03,99.1
94253,A5,342400,94253,-2.6,-0.5,2016MM04,98.6
94254,A5,342400,94254,-1.5,0.2,2016MM05,98.8
94255,A5,342400,94255,-1.2,0.3,2016MM06,99.1
94256,A5,342400,94256,-1.4,0.4,2016MM07,99.5
94257,A5,342400,94257,-1.3,-0.4,2016MM08,99.1
94258,A5,342400,94258,-1.2,-0.1,2016MM09,99.0
94259,A5,342400,94259,-0.9,0.2,2016MM10,99.2
94260,A5,342400,94260,-1.3,0.7,2016MM11,99.9
94261,A5,342400,94261,-0.2,0.7,2016MM12,100.6
94263,A5,342400,94263,0.9,0.0,2017MM01,100.5
94264,A5,342400,94264,1.5,-0.1,2017MM02,100.4
94265,A5,342400,94265,1.3,-0.1,2017MM03,100.3
94266,A5,342400,94266,2.0,0.3,2017MM04,100.6
94267,A5,342400,94267,1.0,-0.8,2017MM05,99.8
94268,A5,342400,94268,0.2,-0.4,2017MM06,99.4
94269,A5,342400,94269,-1.2,-1.1,2017MM07,98.3
94270,A5,342400,94270,-1.4,-0.6,2017MM08,97.6
94271,A5,342400,94271,-1.5,-0.1,2017MM09,97.5
94272,A5,342400,94272,-1.6,0.1,2017MM10,97.7
94273,A5,342400,94273,-2.0,0.2,2017MM11,97.8
94274,A5,342400,94274,-3.0,-0.3,2017MM12,97.6
