,Afzet,BedrijfstakkenBranchesSBI2008,ID,OntwikkelingTOV1JaarEerder_2,OntwikkelingTOV1MaandEerder_3,Perioden,ProducentenprijsindexPPI_1
29341,A6,342400,29341,,,1981MM01,79.1
29342,A6,342400,29342,,-0.7,1981MM02,78.5
29343,A6,342400,29343,,0.0,1981MM03,78.6
29344,A6,342400,29344,,1.2,1981MM04,79.5
29345,A6,342400,29345,,-0.6,1981MM05,79.0
29346,A6,342400,29346,,-0.7,1981MM06,78.5
29347,A6,342400,29347,,0.4,1981MM07,78.8
29348,A6,342400,29348,,0.8,1981MM08,79.4
29349,A6,342400,29349,,0.0,1981MM09,79.4
29350,A6,342400,29350,,0.0,1981MM10,79.4
29351,A6,342400,29351,,0.3,1981MM11,79.6
29352,A6,342400,29352,,-0.3,1981MM12,79.4
29354,A6,342400,29354,1.7,1.3,1982MM01,80.4
29355,A6,342400,29355,2.0,-0.4,1982MM02,80.1
29356,A6,342400,29356,0.8,-1.2,1982MM03,79.2
29357,A6,342400,29357,-1.0,-0.6,1982MM04,78.7
29358,A6,342400,29358,-0.1,0.3,1982MM05,78.9
29359,A6,342400,29359,-1.1,-1.6,1982MM06,77.7
29360,A6,342400,29360,-1.0,0.4,1982MM07,78.0
29361,A6,342400,29361,-1.4,0.4,1982MM08,78.3
29362,A6,342400,29362,-1.4,-0.1,1982MM09,78.2
29363,A6,342400,29363,-0.7,0.8,1982MM10,78.9
29364,A6,342400,29364,-0.9,0.0,1982MM11,78.9
29365,A6,342400,29365,-0.7,0.0,1982MM12,78.8
29367,A6,342400,29367,-1.0,1.0,1983MM01,79.6
29368,A6,342400,29368,1.5,2.2,1983MM02,81.3
29369,A6,342400,29369,3.0,0.3,1983MM03,81.6
29370,A6,342400,29370,3.8,0.2,1983MM04,81.7
29371,A6,342400,29371,4.0,0.5,1983MM05,82.1
29372,A6,342400,29372,6.0,0.3,1983MM06,82.3
29373,A6,342400,29373,6.1,0.5,1983MM07,82.7
29374,A6,342400,29374,7.2,1.4,1983MM08,83.9
29375,A6,342400,29375,5.5,-1.7,1983MM09,82.5
29376,A6,342400,29376,4.7,0.1,1983MM10,82.6
29377,A6,342400,29377,4.3,-0.3,1983MM11,82.3
29378,A6,342400,29378,4.9,0.5,1983MM12,82.7
29380,A6,342400,29380,3.6,-0.2,1984MM01,82.5
29381,A6,342400,29381,1.4,-0.1,1984MM02,82.4
29382,A6,342400,29382,1.7,0.6,1984MM03,83.0
29383,A6,342400,29383,1.5,0.0,1984MM04,82.9
29384,A6,342400,29384,1.1,0.1,1984MM05,83.0
29385,A6,342400,29385,0.9,0.1,1984MM06,83.1
29386,A6,342400,29386,0.6,0.2,1984MM07,83.3
29387,A6,342400,29387,-0.6,0.2,1984MM08,83.4
29388,A6,342400,29388,1.4,0.3,1984MM09,83.6
29389,A6,342400,29389,1.4,0.1,1984MM10,83.7
29390,A6,342400,29390,1.9,0.2,1984MM11,83.8
29391,A6,342400,29391,1.8,0.4,1984MM12,84.2
29393,A6,342400,29393,3.5,1.4,1985MM01,85.4
29394,A6,342400,29394,3.9,0.4,1985MM02,85.7
29395,A6,342400,29395,3.4,0.1,1985MM03,85.8
29396,A6,342400,29396,3.2,-0.2,1985MM04,85.6
29397,A6,342400,29397,3.2,0.0,1985MM05,85.7
29398,A6,342400,29398,3.6,0.5,1985MM06,86.1
29399,A6,342400,29399,3.2,-0.1,1985MM07,86.0
29400,A6,342400,29400,3.1,0.0,1985MM08,86.0
29401,A6,342400,29401,2.7,-0.1,1985MM09,85.9
29402,A6,342400,29402,2.3,-0.4,1985MM10,85.6
29403,A6,342400,29403,2.1,0.0,1985MM11,85.6
29404,A6,342400,29404,1.5,-0.2,1985MM12,85.4
29406,A6,342400,29406,1.2,1.1,1986MM01,86.4
29407,A6,342400,29407,0.8,0.0,1986MM02,86.4
29408,A6,342400,29408,0.8,0.1,1986MM03,86.4
29409,A6,342400,29409,1.2,0.2,1986MM04,86.6
29410,A6,342400,29410,1.1,0.0,1986MM05,86.6
29411,A6,342400,29411,0.7,0.0,1986MM06,86.6
29412,A6,342400,29412,0.4,-0.4,1986MM07,86.3
29413,A6,342400,29413,0.4,0.0,1986MM08,86.3
29414,A6,342400,29414,0.5,0.1,1986MM09,86.3
29415,A6,342400,29415,0.7,-0.2,1986MM10,86.2
29416,A6,342400,29416,0.7,0.0,1986MM11,86.2
29417,A6,342400,29417,0.6,-0.2,1986MM12,86.0
29419,A6,342400,29419,-0.6,-0.2,1987MM01,85.8
29420,A6,342400,29420,-0.5,0.1,1987MM02,85.9
29421,A6,342400,29421,-0.6,0.0,1987MM03,85.9
29422,A6,342400,29422,-0.9,0.0,1987MM04,85.8
29423,A6,342400,29423,-0.9,0.0,1987MM05,85.9
29424,A6,342400,29424,-1.2,-0.3,1987MM06,85.6
29425,A6,342400,29425,0.1,1.0,1987MM07,86.4
29426,A6,342400,29426,0.2,0.0,1987MM08,86.4
29427,A6,342400,29427,0.1,0.0,1987MM09,86.4
29428,A6,342400,29428,0.2,-0.1,1987MM10,86.3
29429,A6,342400,29429,0.2,0.0,1987MM11,86.3
29430,A6,342400,29430,0.4,0.0,1987MM12,86.3
29432,A6,342400,29432,1.2,0.6,1988MM01,86.9
29433,A6,342400,29433,1.2,0.0,1988MM02,86.9
29434,A6,342400,29434,1.3,0.1,1988MM03,87.0
29435,A6,342400,29435,1.4,0.0,1988MM04,87.0
29436,A6,342400,29436,1.7,0.3,1988MM05,87.3
29437,A6,342400,29437,2.3,0.3,1988MM06,87.6
29438,A6,342400,29438,3.7,2.3,1988MM07,89.6
29439,A6,342400,29439,3.7,0.1,1988MM08,89.7
29440,A6,342400,29440,3.9,0.1,1988MM09,89.8
29441,A6,342400,29441,3.9,-0.1,1988MM10,89.7
29442,A6,342400,29442,3.7,-0.2,1988MM11,89.6
29443,A6,342400,29443,3.8,0.0,1988MM12,89.6
29445,A6,342400,29445,3.6,0.4,1989MM01,90.0
29446,A6,342400,29446,3.1,-0.4,1989MM02,89.6
29447,A6,342400,29447,3.9,0.9,1989MM03,90.4
29448,A6,342400,29448,4.2,0.3,1989MM04,90.7
29449,A6,342400,29449,4.0,0.1,1989MM05,90.7
29450,A6,342400,29450,4.2,0.5,1989MM06,91.2
29451,A6,342400,29451,1.7,-0.1,1989MM07,91.1
29452,A6,342400,29452,1.7,0.1,1989MM08,91.1
29453,A6,342400,29453,1.6,0.1,1989MM09,91.3
29454,A6,342400,29454,1.9,0.1,1989MM10,91.4
29455,A6,342400,29455,2.1,0.0,1989MM11,91.4
29456,A6,342400,29456,1.8,-0.2,1989MM12,91.2
29458,A6,342400,29458,1.4,0.0,1990MM01,91.2
29459,A6,342400,29459,2.2,0.4,1990MM02,91.6
29460,A6,342400,29460,1.4,0.1,1990MM03,91.7
29461,A6,342400,29461,1.2,0.1,1990MM04,91.8
29462,A6,342400,29462,1.4,0.2,1990MM05,92.0
29463,A6,342400,29463,0.9,0.0,1990MM06,92.0
29464,A6,342400,29464,1.4,0.4,1990MM07,92.4
29465,A6,342400,29465,1.4,0.1,1990MM08,92.4
29466,A6,342400,29466,1.2,0.0,1990MM09,92.4
29467,A6,342400,29467,2.0,0.9,1990MM10,93.2
29468,A6,342400,29468,1.9,0.0,1990MM11,93.2
29469,A6,342400,29469,2.1,0.0,1990MM12,93.2
29471,A6,342400,29471,3.0,0.9,1991MM01,94.0
29472,A6,342400,29472,3.3,0.6,1991MM02,94.5
29473,A6,342400,29473,3.3,0.1,1991MM03,94.7
29474,A6,342400,29474,2.9,-0.2,1991MM04,94.5
29475,A6,342400,29475,2.9,0.2,1991MM05,94.6
29476,A6,342400,29476,2.9,0.1,1991MM06,94.7
29477,A6,342400,29477,2.7,0.1,1991MM07,94.8
29478,A6,342400,29478,2.5,-0.1,1991MM08,94.7
29479,A6,342400,29479,3.0,0.4,1991MM09,95.1
29480,A6,342400,29480,2.5,0.4,1991MM10,95.5
29481,A6,342400,29481,2.5,0.0,1991MM11,95.5
29482,A6,342400,29482,2.5,0.0,1991MM12,95.4
29484,A6,342400,29484,2.4,0.8,1992MM01,96.2
29485,A6,342400,29485,1.8,0.1,1992MM02,96.3
29486,A6,342400,29486,1.7,0.0,1992MM03,96.3
29487,A6,342400,29487,2.0,0.1,1992MM04,96.4
29488,A6,342400,29488,1.5,-0.3,1992MM05,96.1
29489,A6,342400,29489,1.2,-0.2,1992MM06,95.9
29490,A6,342400,29490,1.0,-0.1,1992MM07,95.8
29491,A6,342400,29491,1.1,0.1,1992MM08,95.8
29492,A6,342400,29492,0.8,0.0,1992MM09,95.9
29493,A6,342400,29493,0.5,0.1,1992MM10,96.0
29494,A6,342400,29494,0.7,0.2,1992MM11,96.2
29495,A6,342400,29495,0.6,-0.2,1992MM12,96.0
29497,A6,342400,29497,0.4,0.7,1993MM01,96.6
29498,A6,342400,29498,0.3,0.0,1993MM02,96.6
29499,A6,342400,29499,0.3,0.0,1993MM03,96.6
29500,A6,342400,29500,0.1,-0.2,1993MM04,96.5
29501,A6,342400,29501,0.6,0.2,1993MM05,96.7
29502,A6,342400,29502,0.9,0.1,1993MM06,96.7
29503,A6,342400,29503,1.2,0.2,1993MM07,96.9
29504,A6,342400,29504,1.4,0.3,1993MM08,97.2
29505,A6,342400,29505,1.5,0.1,1993MM09,97.3
29506,A6,342400,29506,1.5,0.1,1993MM10,97.4
29507,A6,342400,29507,1.5,0.3,1993MM11,97.7
29508,A6,342400,29508,2.0,0.3,1993MM12,98.0
29510,A6,342400,29510,1.2,-0.1,1994MM01,97.8
29511,A6,342400,29511,0.9,-0.4,1994MM02,97.4
29512,A6,342400,29512,1.2,0.3,1994MM03,97.7
29513,A6,342400,29513,1.1,-0.3,1994MM04,97.5
29514,A6,342400,29514,0.4,-0.4,1994MM05,97.1
29515,A6,342400,29515,0.1,-0.2,1994MM06,96.9
29516,A6,342400,29516,-0.4,-0.3,1994MM07,96.6
29517,A6,342400,29517,-0.2,0.4,1994MM08,97.0
29518,A6,342400,29518,-0.3,0.0,1994MM09,97.0
29519,A6,342400,29519,-0.3,0.1,1994MM10,97.1
29520,A6,342400,29520,-0.7,-0.1,1994MM11,97.0
29521,A6,342400,29521,-0.7,0.3,1994MM12,97.3
29523,A6,342400,29523,-0.2,0.4,1995MM01,97.6
29524,A6,342400,29524,0.1,0.0,1995MM02,97.6
29525,A6,342400,29525,0.2,0.4,1995MM03,97.9
29526,A6,342400,29526,0.2,-0.3,1995MM04,97.7
29527,A6,342400,29527,0.5,-0.1,1995MM05,97.6
29528,A6,342400,29528,0.6,-0.1,1995MM06,97.4
29529,A6,342400,29529,0.9,0.0,1995MM07,97.4
29530,A6,342400,29530,0.1,-0.3,1995MM08,97.1
29531,A6,342400,29531,0.1,0.0,1995MM09,97.1
29532,A6,342400,29532,-0.1,-0.1,1995MM10,97.0
29533,A6,342400,29533,0.1,0.1,1995MM11,97.1
29534,A6,342400,29534,0.8,1.0,1995MM12,98.0
29536,A6,342400,29536,3.2,2.8,1996MM01,100.8
29537,A6,342400,29537,2.6,-0.7,1996MM02,100.1
29538,A6,342400,29538,1.7,-0.5,1996MM03,99.6
29539,A6,342400,29539,1.4,-0.6,1996MM04,99.0
29540,A6,342400,29540,1.1,-0.4,1996MM05,98.6
29541,A6,342400,29541,0.8,-0.4,1996MM06,98.2
29542,A6,342400,29542,0.5,-0.3,1996MM07,97.9
29543,A6,342400,29543,0.3,-0.5,1996MM08,97.4
29544,A6,342400,29544,0.2,-0.1,1996MM09,97.3
29545,A6,342400,29545,0.4,0.1,1996MM10,97.4
29546,A6,342400,29546,0.5,0.1,1996MM11,97.6
29547,A6,342400,29547,-0.4,0.1,1996MM12,97.6
29549,A6,342400,29549,-2.2,1.0,1997MM01,98.6
29550,A6,342400,29550,-1.6,-0.1,1997MM02,98.5
29551,A6,342400,29551,-1.1,0.0,1997MM03,98.5
29552,A6,342400,29552,-0.3,0.2,1997MM04,98.7
29553,A6,342400,29553,0.1,0.0,1997MM05,98.7
29554,A6,342400,29554,0.7,0.2,1997MM06,98.8
29555,A6,342400,29555,1.1,0.1,1997MM07,98.9
29556,A6,342400,29556,1.5,-0.1,1997MM08,98.8
29557,A6,342400,29557,1.3,-0.2,1997MM09,98.6
29558,A6,342400,29558,2.0,0.7,1997MM10,99.3
29559,A6,342400,29559,2.0,0.2,1997MM11,99.5
29560,A6,342400,29560,1.7,-0.2,1997MM12,99.3
29562,A6,342400,29562,1.7,0.9,1998MM01,100.3
29563,A6,342400,29563,1.6,-0.2,1998MM02,100.0
29564,A6,342400,29564,1.5,-0.1,1998MM03,100.0
29565,A6,342400,29565,1.3,-0.1,1998MM04,99.9
29566,A6,342400,29566,0.8,-0.5,1998MM05,99.4
29567,A6,342400,29567,0.6,0.1,1998MM06,99.5
29568,A6,342400,29568,0.6,0.1,1998MM07,99.5
29569,A6,342400,29569,0.5,-0.2,1998MM08,99.4
29570,A6,342400,29570,0.9,0.2,1998MM09,99.5
29571,A6,342400,29571,0.4,0.1,1998MM10,99.7
29572,A6,342400,29572,0.6,0.5,1998MM11,100.1
29573,A6,342400,29573,1.0,0.2,1998MM12,100.3
29575,A6,342400,29575,-0.3,-0.4,1999MM01,99.9
29576,A6,342400,29576,-0.2,-0.1,1999MM02,99.8
29577,A6,342400,29577,0.0,0.1,1999MM03,99.9
29578,A6,342400,29578,0.1,0.1,1999MM04,100.1
29579,A6,342400,29579,0.6,0.0,1999MM05,100.1
29580,A6,342400,29580,0.8,0.2,1999MM06,100.3
29581,A6,342400,29581,0.6,-0.2,1999MM07,100.1
29582,A6,342400,29582,0.4,-0.3,1999MM08,99.8
29583,A6,342400,29583,-0.3,-0.5,1999MM09,99.2
29584,A6,342400,29584,-0.5,0.0,1999MM10,99.2
29585,A6,342400,29585,-0.9,0.0,1999MM11,99.2
29586,A6,342400,29586,-1.3,-0.2,1999MM12,99.0
29588,A6,342400,29588,0.0,0.9,2000MM01,99.9
29589,A6,342400,29589,0.6,0.5,2000MM02,100.4
29590,A6,342400,29590,0.6,0.1,2000MM03,100.6
29591,A6,342400,29591,1.2,0.7,2000MM04,101.3
29592,A6,342400,29592,1.3,0.2,2000MM05,101.4
29593,A6,342400,29593,1.4,0.3,2000MM06,101.7
29594,A6,342400,29594,2.3,0.7,2000MM07,102.4
29595,A6,342400,29595,2.7,0.0,2000MM08,102.4
29596,A6,342400,29596,2.8,-0.4,2000MM09,102.0
29597,A6,342400,29597,3.5,0.6,2000MM10,102.7
29598,A6,342400,29598,3.7,0.2,2000MM11,102.9
29599,A6,342400,29599,3.6,-0.3,2000MM12,102.6
29601,A6,342400,29601,3.9,1.2,2001MM01,103.8
29602,A6,342400,29602,3.5,0.2,2001MM02,104.0
29603,A6,342400,29603,3.2,-0.2,2001MM03,103.8
29604,A6,342400,29604,1.4,-1.0,2001MM04,102.7
29605,A6,342400,29605,1.3,0.0,2001MM05,102.8
29606,A6,342400,29606,1.1,0.1,2001MM06,102.8
29607,A6,342400,29607,0.5,0.1,2001MM07,102.9
29608,A6,342400,29608,0.0,-0.5,2001MM08,102.4
29609,A6,342400,29609,0.4,0.0,2001MM09,102.4
29610,A6,342400,29610,-1.1,-0.9,2001MM10,101.5
29611,A6,342400,29611,-1.3,0.0,2001MM11,101.5
29612,A6,342400,29612,-1.3,-0.2,2001MM12,101.3
29614,A6,342400,29614,-5.1,-2.7,2002MM01,98.6
29615,A6,342400,29615,-5.4,-0.2,2002MM02,98.4
29616,A6,342400,29616,-4.9,0.4,2002MM03,98.7
29617,A6,342400,29617,-4.5,-0.7,2002MM04,98.1
29618,A6,342400,29618,-4.2,0.4,2002MM05,98.5
29619,A6,342400,29619,-4.7,-0.5,2002MM06,98.0
29620,A6,342400,29620,-4.2,0.6,2002MM07,98.6
29621,A6,342400,29621,-3.7,0.1,2002MM08,98.7
29622,A6,342400,29622,-3.8,-0.1,2002MM09,98.6
29623,A6,342400,29623,-2.6,0.3,2002MM10,98.9
29624,A6,342400,29624,-3.0,-0.4,2002MM11,98.5
29625,A6,342400,29625,-2.9,-0.1,2002MM12,98.4
29627,A6,342400,29627,-0.1,0.1,2003MM01,98.5
29628,A6,342400,29628,0.0,-0.1,2003MM02,98.4
29629,A6,342400,29629,-0.3,0.1,2003MM03,98.4
29630,A6,342400,29630,0.3,-0.1,2003MM04,98.3
29631,A6,342400,29631,-0.3,-0.2,2003MM05,98.1
29632,A6,342400,29632,0.3,0.1,2003MM06,98.2
29633,A6,342400,29633,-0.7,-0.4,2003MM07,97.9
29634,A6,342400,29634,-0.8,0.0,2003MM08,97.9
29635,A6,342400,29635,-0.8,-0.1,2003MM09,97.8
29636,A6,342400,29636,-1.2,-0.1,2003MM10,97.6
29637,A6,342400,29637,-1.0,-0.1,2003MM11,97.5
29638,A6,342400,29638,-1.5,-0.6,2003MM12,96.9
29640,A6,342400,29640,-6.1,-4.5,2004MM01,92.5
29641,A6,342400,29641,-5.8,0.1,2004MM02,92.6
29642,A6,342400,29642,-5.8,0.1,2004MM03,92.7
29643,A6,342400,29643,-5.3,0.4,2004MM04,93.1
29644,A6,342400,29644,-4.6,0.5,2004MM05,93.6
29645,A6,342400,29645,-4.8,0.0,2004MM06,93.5
29646,A6,342400,29646,-4.0,0.5,2004MM07,94.0
29647,A6,342400,29647,-4.0,0.0,2004MM08,94.0
29648,A6,342400,29648,-3.7,0.2,2004MM09,94.2
29649,A6,342400,29649,-2.8,0.8,2004MM10,94.9
29650,A6,342400,29650,-2.2,0.5,2004MM11,95.4
29651,A6,342400,29651,-2.5,-1.0,2004MM12,94.5
29653,A6,342400,29653,-2.17692307692,-0.45,2005MM01,95.3
29654,A6,342400,29654,-1.85384615385,0.1,2005MM02,95.4
29655,A6,342400,29655,-1.53076923077,-0.1,2005MM03,95.3
29656,A6,342400,29656,-1.20769230769,0.6,2005MM04,95.8
29657,A6,342400,29657,-0.884615384615,0.8,2005MM05,96.5
29658,A6,342400,29658,-0.561538461538,1.2,2005MM06,97.7
29659,A6,342400,29659,-0.238461538462,0.4,2005MM07,98.1
29660,A6,342400,29660,0.0846153846154,-0.4,2005MM08,97.7
29661,A6,342400,29661,0.407692307692,0.0,2005MM09,97.7
29662,A6,342400,29662,0.730769230769,0.4,2005MM10,98.1
29663,A6,342400,29663,1.05384615385,0.1,2005MM11,98.2
29664,A6,342400,29664,1.37692307692,-0.4,2005MM12,97.9
29666,A6,342400,29666,1.7,-1.0,2006MM01,96.9
29667,A6,342400,29667,1.8,0.2,2006MM02,97.1
29668,A6,342400,29668,1.6,-0.3,2006MM03,96.8
29669,A6,342400,29669,0.7,-0.4,2006MM04,96.4
29670,A6,342400,29670,-0.7,-0.7,2006MM05,95.8
29671,A6,342400,29671,-1.3,0.6,2006MM06,96.4
29672,A6,342400,29672,-1.5,0.2,2006MM07,96.6
29673,A6,342400,29673,-1.3,-0.2,2006MM08,96.4
29674,A6,342400,29674,-1.2,0.1,2006MM09,96.5
29675,A6,342400,29675,-1.3,0.3,2006MM10,96.8
29676,A6,342400,29676,-1.9,-0.5,2006MM11,96.3
29677,A6,342400,29677,-2.0,-0.4,2006MM12,95.9
29679,A6,342400,29679,-0.1,0.9,2007MM01,96.8
29680,A6,342400,29680,-0.2,0.1,2007MM02,96.8
29681,A6,342400,29681,0.0,-0.1,2007MM03,96.8
29682,A6,342400,29682,0.8,0.4,2007MM04,97.2
29683,A6,342400,29683,1.9,0.5,2007MM05,97.7
29684,A6,342400,29684,1.7,0.4,2007MM06,98.0
29685,A6,342400,29685,1.1,-0.3,2007MM07,97.7
29686,A6,342400,29686,1.4,0.1,2007MM08,97.7
29687,A6,342400,29687,1.0,-0.3,2007MM09,97.5
29688,A6,342400,29688,0.3,-0.4,2007MM10,97.1
29689,A6,342400,29689,0.2,-0.6,2007MM11,96.5
29690,A6,342400,29690,0.7,0.1,2007MM12,96.6
29692,A6,342400,29692,-0.4,-0.2,2008MM01,96.4
29693,A6,342400,29693,-0.4,0.1,2008MM02,96.5
29694,A6,342400,29694,-1.1,-0.8,2008MM03,95.7
29695,A6,342400,29695,-1.0,0.6,2008MM04,96.2
29696,A6,342400,29696,-1.0,0.5,2008MM05,96.7
29697,A6,342400,29697,-1.1,0.3,2008MM06,96.9
29698,A6,342400,29698,-0.7,0.1,2008MM07,97.1
29699,A6,342400,29699,0.0,0.8,2008MM08,97.8
29700,A6,342400,29700,0.9,0.6,2008MM09,98.4
29701,A6,342400,29701,2.6,1.3,2008MM10,99.6
29702,A6,342400,29702,3.6,0.4,2008MM11,100.0
29703,A6,342400,29703,2.2,-1.3,2008MM12,98.7
29705,A6,342400,29705,3.8,1.4,2009MM01,100.1
29706,A6,342400,29706,4.4,0.6,2009MM02,100.7
29707,A6,342400,29707,4.8,-0.5,2009MM03,100.2
29708,A6,342400,29708,3.7,-0.5,2009MM04,99.7
29709,A6,342400,29709,2.6,-0.6,2009MM05,99.2
29710,A6,342400,29710,1.8,-0.5,2009MM06,98.7
29711,A6,342400,29711,1.5,-0.2,2009MM07,98.5
29712,A6,342400,29712,0.4,-0.2,2009MM08,98.2
29713,A6,342400,29713,-0.6,-0.5,2009MM09,97.8
29714,A6,342400,29714,-2.5,-0.6,2009MM10,97.2
29715,A6,342400,29715,-3.2,-0.4,2009MM11,96.8
29716,A6,342400,29716,-1.6,0.3,2009MM12,97.1
29718,A6,342400,29718,-2.2,0.8,2010MM01,97.9
29719,A6,342400,29719,-2.1,0.7,2010MM02,98.6
29720,A6,342400,29720,-1.3,0.4,2010MM03,99.0
29721,A6,342400,29721,-0.3,0.5,2010MM04,99.5
29722,A6,342400,29722,1.7,1.4,2010MM05,100.8
29723,A6,342400,29723,2.9,0.7,2010MM06,101.5
29724,A6,342400,29724,2.6,-0.5,2010MM07,101.0
29725,A6,342400,29725,2.7,-0.1,2010MM08,100.9
29726,A6,342400,29726,3.1,-0.1,2010MM09,100.7
29727,A6,342400,29727,2.5,-1.2,2010MM10,99.6
29728,A6,342400,29728,3.3,0.4,2010MM11,99.9
29729,A6,342400,29729,3.7,0.7,2010MM12,100.6
29731,A6,342400,29731,1.5,-1.3,2011MM01,99.4
29732,A6,342400,29732,0.6,-0.2,2011MM02,99.2
29733,A6,342400,29733,0.1,-0.2,2011MM03,99.0
29734,A6,342400,29734,-0.4,0.0,2011MM04,99.0
29735,A6,342400,29735,-1.6,0.2,2011MM05,99.2
29736,A6,342400,29736,-2.4,-0.1,2011MM06,99.1
29737,A6,342400,29737,-1.4,0.4,2011MM07,99.6
29738,A6,342400,29738,-1.4,-0.1,2011MM08,99.5
29739,A6,342400,29739,-0.5,0.8,2011MM09,100.3
29740,A6,342400,29740,0.9,0.1,2011MM10,100.4
29741,A6,342400,29741,0.8,0.3,2011MM11,100.7
29742,A6,342400,29742,0.4,0.3,2011MM12,101.0
29744,A6,342400,29744,0.5,-1.1,2012MM01,99.9
29745,A6,342400,29745,0.5,-0.2,2012MM02,99.7
29746,A6,342400,29746,0.9,0.2,2012MM03,99.9
29747,A6,342400,29747,1.3,0.4,2012MM04,100.3
29748,A6,342400,29748,1.5,0.5,2012MM05,100.8
29749,A6,342400,29749,2.0,0.4,2012MM06,101.2
29750,A6,342400,29750,2.0,0.4,2012MM07,101.5
29751,A6,342400,29751,2.0,-0.1,2012MM08,101.4
29752,A6,342400,29752,0.8,-0.3,2012MM09,101.1
29753,A6,342400,29753,0.7,0.0,2012MM10,101.2
29754,A6,342400,29754,0.6,0.2,2012MM11,101.3
29755,A6,342400,29755,-0.2,-0.5,2012MM12,100.8
29757,A6,342400,29757,1.3,0.4,2013MM01,101.2
29758,A6,342400,29758,1.6,0.0,2013MM02,101.2
29759,A6,342400,29759,1.9,0.6,2013MM03,101.8
29760,A6,342400,29760,1.4,-0.1,2013MM04,101.7
29761,A6,342400,29761,1.0,0.0,2013MM05,101.8
29762,A6,342400,29762,0.4,-0.2,2013MM06,101.6
29763,A6,342400,29763,0.1,0.1,2013MM07,101.7
29764,A6,342400,29764,-0.1,-0.3,2013MM08,101.3
29765,A6,342400,29765,0.1,-0.1,2013MM09,101.2
29766,A6,342400,29766,-0.5,-0.6,2013MM10,100.7
29767,A6,342400,29767,-0.7,0.0,2013MM11,100.7
29768,A6,342400,29768,-0.6,-0.4,2013MM12,100.2
29770,A6,342400,29770,-0.9,0.0,2014MM01,100.3
29771,A6,342400,29771,-1.1,-0.1,2014MM02,100.2
29772,A6,342400,29772,-1.8,-0.2,2014MM03,100.0
29773,A6,342400,29773,-1.6,0.1,2014MM04,100.1
29774,A6,342400,29774,-1.5,0.1,2014MM05,100.2
29775,A6,342400,29775,-1.2,0.1,2014MM06,100.4
29776,A6,342400,29776,-1.3,0.0,2014MM07,100.4
29777,A6,342400,29777,-0.8,0.1,2014MM08,100.5
29778,A6,342400,29778,-0.4,0.4,2014MM09,100.8
29779,A6,342400,29779,0.4,0.2,2014MM10,101.0
29780,A6,342400,29780,0.5,0.1,2014MM11,101.2
29781,A6,342400,29781,0.9,-0.1,2014MM12,101.1
29783,A6,342400,29783,1.0,0.2,2015MM01,101.3
29784,A6,342400,29784,1.6,0.4,2015MM02,101.7
29785,A6,342400,29785,2.6,0.9,2015MM03,102.6
29786,A6,342400,29786,3.0,0.5,2015MM04,103.1
29787,A6,342400,29787,2.4,-0.5,2015MM05,102.6
29788,A6,342400,29788,2.2,0.0,2015MM06,102.6
29789,A6,342400,29789,2.5,0.3,2015MM07,102.9
29790,A6,342400,29790,2.1,-0.3,2015MM08,102.6
29791,A6,342400,29791,1.5,-0.2,2015MM09,102.4
29792,A6,342400,29792,1.2,-0.1,2015MM10,102.3
29793,A6,342400,29793,1.7,0.6,2015MM11,102.9
29794,A6,342400,29794,1.5,-0.3,2015MM12,102.6
29796,A6,342400,29796,0.7,-0.5,2016MM01,102.0
29797,A6,342400,29797,-0.1,-0.4,2016MM02,101.7
29798,A6,342400,29798,-0.9,0.0,2016MM03,101.7
29799,A6,342400,29799,-1.5,-0.1,2016MM04,101.6
29800,A6,342400,29800,-0.8,0.2,2016MM05,101.8
29801,A6,342400,29801,-0.5,0.2,2016MM06,102.0
29802,A6,342400,29802,-0.7,0.1,2016MM07,102.1
29803,A6,342400,29803,-0.7,-0.3,2016MM08,101.8
29804,A6,342400,29804,-0.6,0.0,2016MM09,101.8
29805,A6,342400,29805,-0.5,-0.1,2016MM10,101.7
29806,A6,342400,29806,-0.8,0.4,2016MM11,102.1
29807,A6,342400,29807,0.0,0.4,2016MM12,102.6
29809,A6,342400,29809,0.6,0.1,2017MM01,102.7
29810,A6,342400,29810,1.0,0.0,2017MM02,102.7
29811,A6,342400,29811,0.9,-0.1,2017MM03,102.6
29812,A6,342400,29812,1.3,0.3,2017MM04,102.9
29813,A6,342400,29813,0.7,-0.4,2017MM05,102.4
29814,A6,342400,29814,0.2,-0.2,2017MM06,102.2
29815,A6,342400,29815,-0.6,-0.7,2017MM07,101.5
29816,A6,342400,29816,-0.7,-0.4,2017MM08,101.1
29817,A6,342400,29817,-0.6,0.0,2017MM09,101.2
29818,A6,342400,29818,-0.5,0.0,2017MM10,101.2
29819,A6,342400,29819,-0.8,0.1,2017MM11,101.3
29820,A6,342400,29820,-1.3,-0.1,2017MM12,101.2
