,Afzet,BedrijfstakkenBranchesSBI2008,ID,OntwikkelingTOV1JaarEerder_2,OntwikkelingTOV1MaandEerder_3,Perioden,ProducentenprijsindexPPI_1
61568,A4,342400,61568,-1.0,0.05,1981MM01,56.3
61569,A4,342400,61569,-0.7,0.2,1981MM02,56.4
61570,A4,342400,61570,-0.4,-0.2,1981MM03,56.3
61571,A4,342400,61571,-0.1,0.7,1981MM04,56.7
61572,A4,342400,61572,0.2,-0.1,1981MM05,56.7
61573,A4,342400,61573,0.5,-0.1,1981MM06,56.6
61574,A4,342400,61574,0.8,0.4,1981MM07,56.8
61575,A4,342400,61575,1.1,0.6,1981MM08,57.1
61576,A4,342400,61576,1.4,0.3,1981MM09,57.3
61577,A4,342400,61577,1.7,0.1,1981MM10,57.4
61578,A4,342400,61578,2.0,0.3,1981MM11,57.5
61579,A4,342400,61579,2.3,-0.3,1981MM12,57.4
61581,A4,342400,61581,2.6,0.7,1982MM01,57.8
61582,A4,342400,61582,2.9,0.5,1982MM02,58.1
61583,A4,342400,61583,2.8,-0.3,1982MM03,57.9
61584,A4,342400,61584,2.4,0.3,1982MM04,58.1
61585,A4,342400,61585,2.4,0.0,1982MM05,58.0
61586,A4,342400,61586,2.3,-0.3,1982MM06,57.9
61587,A4,342400,61587,2.4,0.6,1982MM07,58.2
61588,A4,342400,61588,2.1,0.2,1982MM08,58.3
61589,A4,342400,61589,2.1,0.3,1982MM09,58.5
61590,A4,342400,61590,2.3,0.4,1982MM10,58.7
61591,A4,342400,61591,2.1,0.0,1982MM11,58.7
61592,A4,342400,61592,2.4,0.1,1982MM12,58.8
61594,A4,342400,61594,3.5,1.7,1983MM01,59.8
61595,A4,342400,61595,3.7,0.7,1983MM02,60.2
61596,A4,342400,61596,4.0,0.0,1983MM03,60.2
61597,A4,342400,61597,4.0,0.3,1983MM04,60.4
61598,A4,342400,61598,4.4,0.4,1983MM05,60.6
61599,A4,342400,61599,4.9,0.1,1983MM06,60.7
61600,A4,342400,61600,4.7,0.4,1983MM07,60.9
61601,A4,342400,61601,5.2,0.8,1983MM08,61.4
61602,A4,342400,61602,3.9,-0.9,1983MM09,60.8
61603,A4,342400,61603,3.6,0.0,1983MM10,60.8
61604,A4,342400,61604,3.2,-0.4,1983MM11,60.6
61605,A4,342400,61605,4.2,1.1,1983MM12,61.3
61607,A4,342400,61607,2.5,0.0,1984MM01,61.3
61608,A4,342400,61608,1.5,-0.3,1984MM02,61.1
61609,A4,342400,61609,1.7,0.2,1984MM03,61.2
61610,A4,342400,61610,1.4,0.0,1984MM04,61.2
61611,A4,342400,61611,1.2,0.2,1984MM05,61.4
61612,A4,342400,61612,1.2,0.1,1984MM06,61.4
61613,A4,342400,61613,1.2,0.3,1984MM07,61.6
61614,A4,342400,61614,0.8,0.4,1984MM08,61.9
61615,A4,342400,61615,2.1,0.4,1984MM09,62.1
61616,A4,342400,61616,2.4,0.3,1984MM10,62.3
61617,A4,342400,61617,2.9,0.1,1984MM11,62.4
61618,A4,342400,61618,1.9,0.1,1984MM12,62.4
61620,A4,342400,61620,2.8,0.9,1985MM01,63.0
61621,A4,342400,61621,2.9,-0.2,1985MM02,62.9
61622,A4,342400,61622,2.8,0.1,1985MM03,62.9
61623,A4,342400,61623,3.2,0.4,1985MM04,63.2
61624,A4,342400,61624,3.0,0.1,1985MM05,63.2
61625,A4,342400,61625,3.0,0.1,1985MM06,63.3
61626,A4,342400,61626,2.7,0.0,1985MM07,63.3
61627,A4,342400,61627,2.2,0.0,1985MM08,63.2
61628,A4,342400,61628,1.8,0.0,1985MM09,63.2
61629,A4,342400,61629,1.5,0.0,1985MM10,63.2
61630,A4,342400,61630,1.5,0.1,1985MM11,63.3
61631,A4,342400,61631,1.4,0.0,1985MM12,63.3
61633,A4,342400,61633,0.4,-0.1,1986MM01,63.2
61634,A4,342400,61634,2.7,2.1,1986MM02,64.5
61635,A4,342400,61635,1.7,-0.8,1986MM03,64.0
61636,A4,342400,61636,1.8,0.4,1986MM04,64.3
61637,A4,342400,61637,2.0,0.3,1986MM05,64.5
61638,A4,342400,61638,1.9,0.0,1986MM06,64.4
61639,A4,342400,61639,1.9,0.0,1986MM07,64.4
61640,A4,342400,61640,1.9,0.0,1986MM08,64.5
61641,A4,342400,61641,2.1,0.2,1986MM09,64.6
61642,A4,342400,61642,2.2,0.1,1986MM10,64.6
61643,A4,342400,61643,2.2,0.1,1986MM11,64.7
61644,A4,342400,61644,2.1,-0.1,1986MM12,64.6
61646,A4,342400,61646,2.2,0.0,1987MM01,64.6
61647,A4,342400,61647,0.2,0.1,1987MM02,64.6
61648,A4,342400,61648,1.3,0.3,1987MM03,64.8
61649,A4,342400,61649,0.8,-0.1,1987MM04,64.8
61650,A4,342400,61650,0.6,0.0,1987MM05,64.8
61651,A4,342400,61651,0.6,0.0,1987MM06,64.8
61652,A4,342400,61652,0.7,0.1,1987MM07,64.9
61653,A4,342400,61653,0.6,-0.1,1987MM08,64.9
61654,A4,342400,61654,0.4,0.0,1987MM09,64.9
61655,A4,342400,61655,0.6,0.3,1987MM10,65.0
61656,A4,342400,61656,0.6,0.0,1987MM11,65.0
61657,A4,342400,61657,0.7,0.0,1987MM12,65.1
61659,A4,342400,61659,0.4,-0.3,1988MM01,64.8
61660,A4,342400,61660,0.4,0.1,1988MM02,64.9
61661,A4,342400,61661,0.1,0.0,1988MM03,64.9
61662,A4,342400,61662,1.4,1.2,1988MM04,65.7
61663,A4,342400,61663,0.8,-0.6,1988MM05,65.3
61664,A4,342400,61664,0.8,0.0,1988MM06,65.3
61665,A4,342400,61665,0.8,0.2,1988MM07,65.4
61666,A4,342400,61666,1.0,0.1,1988MM08,65.5
61667,A4,342400,61667,1.0,0.0,1988MM09,65.5
61668,A4,342400,61668,0.6,-0.1,1988MM10,65.4
61669,A4,342400,61669,0.9,0.3,1988MM11,65.6
61670,A4,342400,61670,0.7,-0.1,1988MM12,65.5
61672,A4,342400,61672,1.0,-0.1,1989MM01,65.5
61673,A4,342400,61673,0.9,0.0,1989MM02,65.5
61674,A4,342400,61674,0.8,0.0,1989MM03,65.5
61675,A4,342400,61675,-0.3,0.1,1989MM04,65.5
61676,A4,342400,61676,1.0,0.7,1989MM05,66.0
61677,A4,342400,61677,0.4,-0.6,1989MM06,65.6
61678,A4,342400,61678,0.5,0.3,1989MM07,65.7
61679,A4,342400,61679,0.7,0.3,1989MM08,65.9
61680,A4,342400,61680,1.4,0.7,1989MM09,66.4
61681,A4,342400,61681,1.9,0.4,1989MM10,66.7
61682,A4,342400,61682,2.1,0.5,1989MM11,67.0
61683,A4,342400,61683,2.7,0.5,1989MM12,67.3
61685,A4,342400,61685,3.3,0.5,1990MM01,67.7
61686,A4,342400,61686,2.6,-0.8,1990MM02,67.2
61687,A4,342400,61687,3.5,0.9,1990MM03,67.8
61688,A4,342400,61688,3.9,0.4,1990MM04,68.0
61689,A4,342400,61689,3.4,0.2,1990MM05,68.2
61690,A4,342400,61690,4.2,0.2,1990MM06,68.3
61691,A4,342400,61691,4.1,0.1,1990MM07,68.4
61692,A4,342400,61692,4.5,0.7,1990MM08,68.9
61693,A4,342400,61693,4.0,0.2,1990MM09,69.1
61694,A4,342400,61694,3.6,0.0,1990MM10,69.1
61695,A4,342400,61695,3.9,0.7,1990MM11,69.6
61696,A4,342400,61696,3.3,0.0,1990MM12,69.5
61698,A4,342400,61698,3.0,0.2,1991MM01,69.7
61699,A4,342400,61699,5.2,1.4,1991MM02,70.6
61700,A4,342400,61700,3.6,-0.6,1991MM03,70.2
61701,A4,342400,61701,3.2,0.0,1991MM04,70.2
61702,A4,342400,61702,2.9,0.0,1991MM05,70.2
61703,A4,342400,61703,2.4,-0.3,1991MM06,70.0
61704,A4,342400,61704,2.2,0.0,1991MM07,70.0
61705,A4,342400,61705,1.3,-0.2,1991MM08,69.8
61706,A4,342400,61706,1.2,0.2,1991MM09,69.9
61707,A4,342400,61707,1.4,0.2,1991MM10,70.0
61708,A4,342400,61708,1.5,0.8,1991MM11,70.6
61709,A4,342400,61709,2.4,0.8,1991MM12,71.2
61711,A4,342400,61711,2.3,0.1,1992MM01,71.3
61712,A4,342400,61712,1.4,0.5,1992MM02,71.6
61713,A4,342400,61713,2.2,0.2,1992MM03,71.8
61714,A4,342400,61714,2.2,0.0,1992MM04,71.8
61715,A4,342400,61715,2.2,0.0,1992MM05,71.8
61716,A4,342400,61716,2.5,-0.1,1992MM06,71.7
61717,A4,342400,61717,2.7,0.2,1992MM07,71.8
61718,A4,342400,61718,2.4,-0.5,1992MM08,71.5
61719,A4,342400,61719,1.9,-0.3,1992MM09,71.3
61720,A4,342400,61720,2.3,0.5,1992MM10,71.7
61721,A4,342400,61721,1.7,0.2,1992MM11,71.8
61722,A4,342400,61722,1.0,0.2,1992MM12,71.9
61724,A4,342400,61724,1.0,0.1,1993MM01,72.0
61725,A4,342400,61725,0.6,0.1,1993MM02,72.0
61726,A4,342400,61726,0.4,0.0,1993MM03,72.1
61727,A4,342400,61727,2.0,1.6,1993MM04,73.2
61728,A4,342400,61728,1.1,-0.9,1993MM05,72.5
61729,A4,342400,61729,1.1,0.0,1993MM06,72.5
61730,A4,342400,61730,1.0,0.0,1993MM07,72.5
61731,A4,342400,61731,1.3,-0.1,1993MM08,72.4
61732,A4,342400,61732,1.6,0.0,1993MM09,72.4
61733,A4,342400,61733,1.1,0.1,1993MM10,72.4
61734,A4,342400,61734,1.7,0.8,1993MM11,73.0
61735,A4,342400,61735,2.6,1.0,1993MM12,73.8
61737,A4,342400,61737,3.0,0.6,1994MM01,74.2
61738,A4,342400,61738,3.5,0.5,1994MM02,74.6
61739,A4,342400,61739,3.5,0.1,1994MM03,74.6
61740,A4,342400,61740,2.2,0.3,1994MM04,74.8
61741,A4,342400,61741,2.6,-0.6,1994MM05,74.4
61742,A4,342400,61742,2.6,0.0,1994MM06,74.4
61743,A4,342400,61743,2.9,0.3,1994MM07,74.6
61744,A4,342400,61744,3.0,0.0,1994MM08,74.6
61745,A4,342400,61745,2.6,-0.5,1994MM09,74.3
61746,A4,342400,61746,1.9,-0.6,1994MM10,73.8
61747,A4,342400,61747,0.7,-0.4,1994MM11,73.5
61748,A4,342400,61748,-0.9,-0.6,1994MM12,73.1
61750,A4,342400,61750,-1.0,0.5,1995MM01,73.5
61751,A4,342400,61751,-1.5,0.0,1995MM02,73.4
61752,A4,342400,61752,0.0,1.6,1995MM03,74.6
61753,A4,342400,61753,-0.7,-0.4,1995MM04,74.3
61754,A4,342400,61754,-0.3,-0.2,1995MM05,74.2
61755,A4,342400,61755,-1.0,-0.6,1995MM06,73.7
61756,A4,342400,61756,-1.1,0.1,1995MM07,73.8
61757,A4,342400,61757,-1.8,-0.7,1995MM08,73.3
61758,A4,342400,61758,-0.8,0.5,1995MM09,73.7
61759,A4,342400,61759,-0.2,-0.1,1995MM10,73.6
61760,A4,342400,61760,0.8,0.6,1995MM11,74.1
61761,A4,342400,61761,6.5,5.0,1995MM12,77.8
61763,A4,342400,61763,16.5,10.0,1996MM01,85.6
61764,A4,342400,61764,15.1,-1.2,1996MM02,84.5
61765,A4,342400,61765,12.3,-0.8,1996MM03,83.8
61766,A4,342400,61766,9.2,-3.1,1996MM04,81.2
61767,A4,342400,61767,7.5,-1.8,1996MM05,79.7
61768,A4,342400,61768,7.6,-0.4,1996MM06,79.4
61769,A4,342400,61769,7.4,-0.1,1996MM07,79.3
61770,A4,342400,61770,7.3,-0.8,1996MM08,78.7
61771,A4,342400,61771,6.1,-0.6,1996MM09,78.2
61772,A4,342400,61772,6.4,0.2,1996MM10,78.4
61773,A4,342400,61773,6.0,0.2,1996MM11,78.5
61774,A4,342400,61774,1.0,0.0,1996MM12,78.5
61776,A4,342400,61776,-7.4,0.9,1997MM01,79.2
61777,A4,342400,61777,-6.7,-0.5,1997MM02,78.8
61778,A4,342400,61778,-6.0,-0.1,1997MM03,78.7
61779,A4,342400,61779,-2.4,0.6,1997MM04,79.2
61780,A4,342400,61780,-0.3,0.4,1997MM05,79.5
61781,A4,342400,61781,0.3,0.1,1997MM06,79.6
61782,A4,342400,61782,0.2,-0.1,1997MM07,79.4
61783,A4,342400,61783,0.5,-0.5,1997MM08,79.1
61784,A4,342400,61784,0.7,-0.4,1997MM09,78.8
61785,A4,342400,61785,2.4,1.9,1997MM10,80.2
61786,A4,342400,61786,2.9,0.6,1997MM11,80.8
61787,A4,342400,61787,2.9,0.0,1997MM12,80.8
61789,A4,342400,61789,3.0,1.0,1998MM01,81.6
61790,A4,342400,61790,3.3,-0.2,1998MM02,81.4
61791,A4,342400,61791,3.0,-0.4,1998MM03,81.1
61792,A4,342400,61792,2.6,0.2,1998MM04,81.3
61793,A4,342400,61793,2.0,-0.3,1998MM05,81.0
61794,A4,342400,61794,1.7,-0.2,1998MM06,80.9
61795,A4,342400,61795,1.9,0.1,1998MM07,81.0
61796,A4,342400,61796,1.8,-0.6,1998MM08,80.5
61797,A4,342400,61797,3.3,1.0,1998MM09,81.3
61798,A4,342400,61798,2.8,1.4,1998MM10,82.5
61799,A4,342400,61799,3.8,1.6,1998MM11,83.8
61800,A4,342400,61800,4.7,0.9,1998MM12,84.6
61802,A4,342400,61802,3.9,0.3,1999MM01,84.8
61803,A4,342400,61803,3.6,-0.6,1999MM02,84.3
61804,A4,342400,61804,4.2,0.3,1999MM03,84.6
61805,A4,342400,61805,4.4,0.3,1999MM04,84.8
61806,A4,342400,61806,4.7,0.0,1999MM05,84.9
61807,A4,342400,61807,5.8,0.9,1999MM06,85.6
61808,A4,342400,61808,5.6,-0.1,1999MM07,85.5
61809,A4,342400,61809,5.3,-0.9,1999MM08,84.7
61810,A4,342400,61810,1.9,-2.2,1999MM09,82.8
61811,A4,342400,61811,0.7,0.3,1999MM10,83.1
61812,A4,342400,61812,-0.7,0.2,1999MM11,83.2
61813,A4,342400,61813,-2.3,-0.7,1999MM12,82.7
61815,A4,342400,61815,-2.8,-0.2,2000MM01,82.5
61816,A4,342400,61816,-2.0,0.2,2000MM02,82.7
61817,A4,342400,61817,-2.3,-0.1,2000MM03,82.6
61818,A4,342400,61818,-2.2,0.4,2000MM04,83.0
61819,A4,342400,61819,-2.4,-0.1,2000MM05,82.9
61820,A4,342400,61820,-2.5,0.7,2000MM06,83.4
61821,A4,342400,61821,-1.9,0.6,2000MM07,83.9
61822,A4,342400,61822,-0.3,0.6,2000MM08,84.4
61823,A4,342400,61823,1.7,-0.2,2000MM09,84.3
61824,A4,342400,61824,2.3,0.9,2000MM10,85.0
61825,A4,342400,61825,2.3,0.2,2000MM11,85.1
61826,A4,342400,61826,2.6,-0.3,2000MM12,84.9
61828,A4,342400,61828,4.4,1.5,2001MM01,86.1
61829,A4,342400,61829,4.3,0.1,2001MM02,86.2
61830,A4,342400,61830,4.3,0.0,2001MM03,86.2
61831,A4,342400,61831,4.3,0.4,2001MM04,86.5
61832,A4,342400,61832,4.5,0.1,2001MM05,86.6
61833,A4,342400,61833,3.7,-0.1,2001MM06,86.5
61834,A4,342400,61834,3.0,-0.1,2001MM07,86.4
61835,A4,342400,61835,2.2,-0.2,2001MM08,86.3
61836,A4,342400,61836,2.7,0.2,2001MM09,86.5
61837,A4,342400,61837,1.6,-0.2,2001MM10,86.3
61838,A4,342400,61838,1.3,-0.1,2001MM11,86.3
61839,A4,342400,61839,1.4,-0.3,2001MM12,86.0
61841,A4,342400,61841,0.6,0.7,2002MM01,86.6
61842,A4,342400,61842,0.4,-0.1,2002MM02,86.5
61843,A4,342400,61843,0.5,0.1,2002MM03,86.7
61844,A4,342400,61844,0.8,0.6,2002MM04,87.2
61845,A4,342400,61845,0.8,0.0,2002MM05,87.2
61846,A4,342400,61846,0.7,-0.1,2002MM06,87.1
61847,A4,342400,61847,1.1,0.4,2002MM07,87.4
61848,A4,342400,61848,1.3,0.0,2002MM08,87.5
61849,A4,342400,61849,1.1,0.0,2002MM09,87.5
61850,A4,342400,61850,1.6,0.3,2002MM10,87.7
61851,A4,342400,61851,1.6,0.0,2002MM11,87.7
61852,A4,342400,61852,1.9,0.0,2002MM12,87.7
61854,A4,342400,61854,2.7,1.5,2003MM01,88.9
61855,A4,342400,61855,2.9,0.1,2003MM02,89.0
61856,A4,342400,61856,2.7,0.0,2003MM03,89.0
61857,A4,342400,61857,2.3,0.2,2003MM04,89.2
61858,A4,342400,61858,2.1,-0.1,2003MM05,89.1
61859,A4,342400,61859,2.4,0.1,2003MM06,89.2
61860,A4,342400,61860,1.2,-0.8,2003MM07,88.5
61861,A4,342400,61861,1.1,-0.1,2003MM08,88.4
61862,A4,342400,61862,1.1,0.1,2003MM09,88.5
61863,A4,342400,61863,0.7,-0.1,2003MM10,88.4
61864,A4,342400,61864,0.8,0.0,2003MM11,88.4
61865,A4,342400,61865,0.7,-0.1,2003MM12,88.3
61867,A4,342400,61867,0.1,0.8,2004MM01,89.0
61868,A4,342400,61868,-0.1,-0.1,2004MM02,88.9
61869,A4,342400,61869,0.1,0.2,2004MM03,89.1
61870,A4,342400,61870,0.3,0.5,2004MM04,89.5
61871,A4,342400,61871,0.4,-0.1,2004MM05,89.4
61872,A4,342400,61872,0.1,-0.2,2004MM06,89.3
61873,A4,342400,61873,1.6,0.7,2004MM07,89.9
61874,A4,342400,61874,1.7,0.0,2004MM08,89.9
61875,A4,342400,61875,1.7,0.1,2004MM09,90.0
61876,A4,342400,61876,1.8,0.1,2004MM10,90.0
61877,A4,342400,61877,1.9,0.0,2004MM11,90.0
61878,A4,342400,61878,1.9,0.0,2004MM12,90.0
61880,A4,342400,61880,1.81538461538,-0.1,2005MM01,91.5
61881,A4,342400,61881,1.73076923077,-0.2,2005MM02,91.3
61882,A4,342400,61882,1.64615384615,0.2,2005MM03,91.5
61883,A4,342400,61883,1.56153846154,0.3,2005MM04,91.8
61884,A4,342400,61884,1.47692307692,0.2,2005MM05,92.0
61885,A4,342400,61885,1.39230769231,0.3,2005MM06,92.3
61886,A4,342400,61886,1.30769230769,0.4,2005MM07,92.7
61887,A4,342400,61887,1.22307692308,0.0,2005MM08,92.7
61888,A4,342400,61888,1.13846153846,-0.2,2005MM09,92.5
61889,A4,342400,61889,1.05384615385,-0.2,2005MM10,92.3
61890,A4,342400,61890,0.969230769231,-0.3,2005MM11,92.0
61891,A4,342400,61891,0.884615384615,-0.2,2005MM12,91.9
61893,A4,342400,61893,0.8,0.4,2006MM01,92.3
61894,A4,342400,61894,0.8,-0.3,2006MM02,92.0
61895,A4,342400,61895,0.4,-0.2,2006MM03,91.9
61896,A4,342400,61896,0.2,0.1,2006MM04,92.0
61897,A4,342400,61897,0.2,0.2,2006MM05,92.2
61898,A4,342400,61898,0.5,0.6,2006MM06,92.8
61899,A4,342400,61899,0.5,0.4,2006MM07,93.2
61900,A4,342400,61900,0.5,0.0,2006MM08,93.2
61901,A4,342400,61901,0.7,0.0,2006MM09,93.1
61902,A4,342400,61902,1.1,0.2,2006MM10,93.3
61903,A4,342400,61903,1.5,0.1,2006MM11,93.4
61904,A4,342400,61904,1.8,0.1,2006MM12,93.5
61906,A4,342400,61906,2.9,1.5,2007MM01,94.9
61907,A4,342400,61907,3.5,0.3,2007MM02,95.2
61908,A4,342400,61908,3.9,0.2,2007MM03,95.5
61909,A4,342400,61909,4.7,0.9,2007MM04,96.3
61910,A4,342400,61910,5.1,0.5,2007MM05,96.8
61911,A4,342400,61911,4.8,0.4,2007MM06,97.2
61912,A4,342400,61912,4.6,0.2,2007MM07,97.5
61913,A4,342400,61913,4.5,-0.1,2007MM08,97.4
61914,A4,342400,61914,4.8,0.3,2007MM09,97.6
61915,A4,342400,61915,4.9,0.2,2007MM10,97.9
61916,A4,342400,61916,4.8,0.0,2007MM11,97.9
61917,A4,342400,61917,4.6,-0.1,2007MM12,97.8
61919,A4,342400,61919,4.2,1.2,2008MM01,98.9
61920,A4,342400,61920,3.9,0.0,2008MM02,98.9
61921,A4,342400,61921,3.7,0.0,2008MM03,99.0
61922,A4,342400,61922,3.3,0.6,2008MM04,99.5
61923,A4,342400,61923,2.8,0.1,2008MM05,99.6
61924,A4,342400,61924,2.8,0.3,2008MM06,99.9
61925,A4,342400,61925,3.1,0.6,2008MM07,100.5
61926,A4,342400,61926,3.0,-0.1,2008MM08,100.3
61927,A4,342400,61927,3.0,0.2,2008MM09,100.5
61928,A4,342400,61928,2.7,0.0,2008MM10,100.5
61929,A4,342400,61929,2.3,-0.4,2008MM11,100.1
61930,A4,342400,61930,2.0,-0.4,2008MM12,99.7
61932,A4,342400,61932,1.4,0.6,2009MM01,100.3
61933,A4,342400,61933,1.3,0.0,2009MM02,100.2
61934,A4,342400,61934,1.3,0.0,2009MM03,100.3
61935,A4,342400,61935,0.4,-0.3,2009MM04,99.9
61936,A4,342400,61936,0.4,0.0,2009MM05,100.0
61937,A4,342400,61937,0.1,0.0,2009MM06,100.0
61938,A4,342400,61938,-0.6,-0.1,2009MM07,99.9
61939,A4,342400,61939,-0.5,-0.1,2009MM08,99.8
61940,A4,342400,61940,-0.8,-0.1,2009MM09,99.7
61941,A4,342400,61941,-1.2,-0.4,2009MM10,99.3
61942,A4,342400,61942,-1.3,-0.5,2009MM11,98.8
61943,A4,342400,61943,-1.0,-0.1,2009MM12,98.7
61945,A4,342400,61945,-1.2,0.4,2010MM01,99.1
61946,A4,342400,61946,-1.1,0.0,2010MM02,99.1
61947,A4,342400,61947,-0.9,0.3,2010MM03,99.4
61948,A4,342400,61948,-0.3,0.2,2010MM04,99.6
61949,A4,342400,61949,-0.1,0.2,2010MM05,99.9
61950,A4,342400,61950,0.1,0.2,2010MM06,100.0
61951,A4,342400,61951,0.4,0.3,2010MM07,100.3
61952,A4,342400,61952,0.6,0.1,2010MM08,100.4
61953,A4,342400,61953,0.8,0.1,2010MM09,100.5
61954,A4,342400,61954,1.2,0.0,2010MM10,100.5
61955,A4,342400,61955,1.7,0.0,2010MM11,100.5
61956,A4,342400,61956,2.0,0.2,2010MM12,100.7
61958,A4,342400,61958,3.1,1.5,2011MM01,102.2
61959,A4,342400,61959,3.3,0.2,2011MM02,102.3
61960,A4,342400,61960,3.3,0.4,2011MM03,102.7
61961,A4,342400,61961,3.9,0.8,2011MM04,103.5
61962,A4,342400,61962,3.8,0.2,2011MM05,103.7
61963,A4,342400,61963,3.4,-0.2,2011MM06,103.5
61964,A4,342400,61964,3.5,0.3,2011MM07,103.8
61965,A4,342400,61965,3.3,-0.1,2011MM08,103.7
61966,A4,342400,61966,3.4,0.2,2011MM09,103.9
61967,A4,342400,61967,3.7,0.3,2011MM10,104.2
61968,A4,342400,61968,3.7,0.0,2011MM11,104.3
61969,A4,342400,61969,3.4,-0.1,2011MM12,104.1
61971,A4,342400,61971,2.5,0.6,2012MM01,104.8
61972,A4,342400,61972,2.6,0.2,2012MM02,105.0
61973,A4,342400,61973,2.6,0.3,2012MM03,105.3
61974,A4,342400,61974,2.3,0.5,2012MM04,105.9
61975,A4,342400,61975,2.3,0.2,2012MM05,106.1
61976,A4,342400,61976,2.6,0.1,2012MM06,106.1
61977,A4,342400,61977,2.4,0.2,2012MM07,106.3
61978,A4,342400,61978,2.6,0.1,2012MM08,106.4
61979,A4,342400,61979,2.7,0.3,2012MM09,106.7
61980,A4,342400,61980,2.7,0.3,2012MM10,107.1
61981,A4,342400,61981,2.8,0.1,2012MM11,107.1
61982,A4,342400,61982,2.5,-0.4,2012MM12,106.7
61984,A4,342400,61984,2.5,0.6,2013MM01,107.4
61985,A4,342400,61985,2.4,0.2,2013MM02,107.6
61986,A4,342400,61986,2.4,0.3,2013MM03,107.8
61987,A4,342400,61987,1.8,-0.1,2013MM04,107.7
61988,A4,342400,61988,1.5,-0.1,2013MM05,107.7
61989,A4,342400,61989,1.4,0.0,2013MM06,107.7
61990,A4,342400,61990,1.3,0.0,2013MM07,107.7
61991,A4,342400,61991,1.0,-0.2,2013MM08,107.4
61992,A4,342400,61992,0.6,0.0,2013MM09,107.4
61993,A4,342400,61993,-0.1,-0.4,2013MM10,107.0
61994,A4,342400,61994,-0.4,-0.3,2013MM11,106.7
61995,A4,342400,61995,-0.3,-0.3,2013MM12,106.4
61997,A4,342400,61997,-1.3,-0.3,2014MM01,106.0
61998,A4,342400,61998,-1.4,0.0,2014MM02,106.0
61999,A4,342400,61999,-1.6,0.0,2014MM03,106.1
62000,A4,342400,62000,-1.4,0.2,2014MM04,106.3
62001,A4,342400,62001,-1.3,0.0,2014MM05,106.3
62002,A4,342400,62002,-1.4,-0.1,2014MM06,106.2
62003,A4,342400,62003,-1.3,0.1,2014MM07,106.3
62004,A4,342400,62004,-1.3,-0.2,2014MM08,106.1
62005,A4,342400,62005,-1.4,-0.1,2014MM09,106.0
62006,A4,342400,62006,-0.9,0.1,2014MM10,106.0
62007,A4,342400,62007,-0.8,-0.2,2014MM11,105.8
62008,A4,342400,62008,-0.9,-0.4,2014MM12,105.4
62010,A4,342400,62010,-0.8,-0.2,2015MM01,105.2
62011,A4,342400,62011,-0.8,0.0,2015MM02,105.2
62012,A4,342400,62012,-0.7,0.1,2015MM03,105.3
62013,A4,342400,62013,-0.3,0.5,2015MM04,105.9
62014,A4,342400,62014,-0.3,0.0,2015MM05,105.9
62015,A4,342400,62015,-0.3,0.0,2015MM06,105.9
62016,A4,342400,62016,-0.4,0.0,2015MM07,105.9
62017,A4,342400,62017,-0.2,0.0,2015MM08,105.9
62018,A4,342400,62018,-0.2,-0.1,2015MM09,105.8
62019,A4,342400,62019,-0.5,-0.2,2015MM10,105.5
62020,A4,342400,62020,-0.4,-0.1,2015MM11,105.4
62021,A4,342400,62021,-0.1,0.0,2015MM12,105.4
62023,A4,342400,62023,0.4,0.3,2016MM01,105.7
62024,A4,342400,62024,0.5,0.1,2016MM02,105.7
62025,A4,342400,62025,0.3,0.0,2016MM03,105.7
62026,A4,342400,62026,0.1,0.3,2016MM04,106.0
62027,A4,342400,62027,0.2,0.1,2016MM05,106.2
62028,A4,342400,62028,0.4,0.1,2016MM06,106.3
62029,A4,342400,62029,0.2,-0.2,2016MM07,106.1
62030,A4,342400,62030,0.1,-0.1,2016MM08,106.0
62031,A4,342400,62031,0.2,0.0,2016MM09,106.0
62032,A4,342400,62032,0.0,-0.5,2016MM10,105.5
62033,A4,342400,62033,0.0,0.0,2016MM11,105.5
62034,A4,342400,62034,0.1,0.0,2016MM12,105.5
62036,A4,342400,62036,0.2,0.4,2017MM01,105.9
62037,A4,342400,62037,0.3,0.1,2017MM02,106.1
62038,A4,342400,62038,0.3,-0.1,2017MM03,106.0
62039,A4,342400,62039,0.3,0.3,2017MM04,106.3
62040,A4,342400,62040,0.2,0.1,2017MM05,106.4
62041,A4,342400,62041,0.1,0.1,2017MM06,106.5
62042,A4,342400,62042,0.3,-0.1,2017MM07,106.3
62043,A4,342400,62043,0.4,0.0,2017MM08,106.4
62044,A4,342400,62044,0.6,0.2,2017MM09,106.6
62045,A4,342400,62045,0.9,-0.2,2017MM10,106.4
62046,A4,342400,62046,0.9,0.0,2017MM11,106.5
62047,A4,342400,62047,1.0,0.1,2017MM12,106.6
