,Afzet,BedrijfstakkenBranchesSBI2008,ID,OntwikkelingTOV1JaarEerder_2,OntwikkelingTOV1MaandEerder_3,Perioden,ProducentenprijsindexPPI_1
94276,A5,344400,94276,-2.1,-0.2,1981MM01,117.3
94277,A5,344400,94277,-2.1,-0.2,1981MM02,117.3
94278,A5,344400,94278,-2.1,-0.2,1981MM03,117.3
94279,A5,344400,94279,-2.1,-0.2,1981MM04,117.3
94280,A5,344400,94280,-2.1,-0.2,1981MM05,117.3
94281,A5,344400,94281,-2.1,-0.2,1981MM06,117.3
94282,A5,344400,94282,-2.1,-0.2,1981MM07,117.3
94283,A5,344400,94283,-2.1,-0.2,1981MM08,117.3
94284,A5,344400,94284,-2.1,-0.2,1981MM09,117.3
94285,A5,344400,94285,-2.1,-0.2,1981MM10,117.3
94286,A5,344400,94286,-2.1,-0.2,1981MM11,117.3
94287,A5,344400,94287,-2.1,-0.2,1981MM12,117.3
94289,A5,344400,94289,-2.1,-0.2,1982MM01,117.3
94290,A5,344400,94290,-2.1,-0.2,1982MM02,117.3
94291,A5,344400,94291,-2.1,-0.2,1982MM03,117.3
94292,A5,344400,94292,-2.1,-0.2,1982MM04,117.3
94293,A5,344400,94293,-2.1,-0.2,1982MM05,117.3
94294,A5,344400,94294,-2.1,-0.2,1982MM06,117.3
94295,A5,344400,94295,-2.1,-0.2,1982MM07,117.3
94296,A5,344400,94296,-2.1,-0.2,1982MM08,117.3
94297,A5,344400,94297,-2.1,-0.2,1982MM09,117.3
94298,A5,344400,94298,-2.1,-0.2,1982MM10,117.3
94299,A5,344400,94299,-2.1,-0.2,1982MM11,117.3
94300,A5,344400,94300,-2.1,-0.2,1982MM12,117.3
94302,A5,344400,94302,-2.1,-0.2,1983MM01,117.3
94303,A5,344400,94303,-2.1,-0.2,1983MM02,117.3
94304,A5,344400,94304,-2.1,-0.2,1983MM03,117.3
94305,A5,344400,94305,-2.1,-0.2,1983MM04,117.3
94306,A5,344400,94306,-2.1,-0.2,1983MM05,117.3
94307,A5,344400,94307,-2.1,-0.2,1983MM06,117.3
94308,A5,344400,94308,-2.1,-0.2,1983MM07,117.3
94309,A5,344400,94309,-2.1,-0.2,1983MM08,117.3
94310,A5,344400,94310,-2.1,-0.2,1983MM09,117.3
94311,A5,344400,94311,-2.1,-0.2,1983MM10,117.3
94312,A5,344400,94312,-2.1,-0.2,1983MM11,117.3
94313,A5,344400,94313,-2.1,-0.2,1983MM12,117.3
94315,A5,344400,94315,-2.1,-0.2,1984MM01,117.3
94316,A5,344400,94316,-2.1,-0.2,1984MM02,117.3
94317,A5,344400,94317,-2.1,-0.2,1984MM03,117.3
94318,A5,344400,94318,-2.1,-0.2,1984MM04,117.3
94319,A5,344400,94319,-2.1,-0.2,1984MM05,117.3
94320,A5,344400,94320,-2.1,-0.2,1984MM06,117.3
94321,A5,344400,94321,-2.1,-0.2,1984MM07,117.3
94322,A5,344400,94322,-2.1,-0.2,1984MM08,117.3
94323,A5,344400,94323,-2.1,-0.2,1984MM09,117.3
94324,A5,344400,94324,-2.1,-0.2,1984MM10,117.3
94325,A5,344400,94325,-2.1,-0.2,1984MM11,117.3
94326,A5,344400,94326,-2.1,-0.2,1984MM12,117.3
94328,A5,344400,94328,-2.1,-0.2,1985MM01,117.3
94329,A5,344400,94329,-2.1,-0.2,1985MM02,117.3
94330,A5,344400,94330,-2.1,-0.2,1985MM03,117.3
94331,A5,344400,94331,-2.1,-0.2,1985MM04,117.3
94332,A5,344400,94332,-2.1,-0.2,1985MM05,117.3
94333,A5,344400,94333,-2.1,-0.2,1985MM06,117.3
94334,A5,344400,94334,-2.1,-0.2,1985MM07,117.3
94335,A5,344400,94335,-2.1,-0.2,1985MM08,117.3
94336,A5,344400,94336,-2.1,-0.2,1985MM09,117.3
94337,A5,344400,94337,-2.1,-0.2,1985MM10,117.3
94338,A5,344400,94338,-2.1,-0.2,1985MM11,117.3
94339,A5,344400,94339,-2.1,-0.2,1985MM12,117.3
94341,A5,344400,94341,-2.1,-0.2,1986MM01,117.3
94342,A5,344400,94342,-2.1,-0.2,1986MM02,117.3
94343,A5,344400,94343,-2.1,-0.2,1986MM03,117.3
94344,A5,344400,94344,-2.1,-0.2,1986MM04,117.3
94345,A5,344400,94345,-2.1,-0.2,1986MM05,117.3
94346,A5,344400,94346,-2.1,-0.2,1986MM06,117.3
94347,A5,344400,94347,-2.1,-0.2,1986MM07,117.3
94348,A5,344400,94348,-2.1,-0.2,1986MM08,117.3
94349,A5,344400,94349,-2.1,-0.2,1986MM09,117.3
94350,A5,344400,94350,-2.1,-0.2,1986MM10,117.3
94351,A5,344400,94351,-2.1,-0.2,1986MM11,117.3
94352,A5,344400,94352,-2.1,-0.2,1986MM12,117.3
94354,A5,344400,94354,-2.1,-0.2,1987MM01,117.3
94355,A5,344400,94355,-2.1,-0.2,1987MM02,117.3
94356,A5,344400,94356,-2.1,-0.2,1987MM03,117.3
94357,A5,344400,94357,-2.1,-0.2,1987MM04,117.3
94358,A5,344400,94358,-2.1,-0.2,1987MM05,117.3
94359,A5,344400,94359,-2.1,-0.2,1987MM06,117.3
94360,A5,344400,94360,-2.1,-0.2,1987MM07,117.3
94361,A5,344400,94361,-2.1,-0.2,1987MM08,117.3
94362,A5,344400,94362,-2.1,-0.2,1987MM09,117.3
94363,A5,344400,94363,-2.1,-0.2,1987MM10,117.3
94364,A5,344400,94364,-2.1,-0.2,1987MM11,117.3
94365,A5,344400,94365,-2.1,-0.2,1987MM12,117.3
94367,A5,344400,94367,-2.1,-0.2,1988MM01,117.3
94368,A5,344400,94368,-2.1,-0.2,1988MM02,117.3
94369,A5,344400,94369,-2.1,-0.2,1988MM03,117.3
94370,A5,344400,94370,-2.1,-0.2,1988MM04,117.3
94371,A5,344400,94371,-2.1,-0.2,1988MM05,117.3
94372,A5,344400,94372,-2.1,-0.2,1988MM06,117.3
94373,A5,344400,94373,-2.1,-0.2,1988MM07,117.3
94374,A5,344400,94374,-2.1,-0.2,1988MM08,117.3
94375,A5,344400,94375,-2.1,-0.2,1988MM09,117.3
94376,A5,344400,94376,-2.1,-0.2,1988MM10,117.3
94377,A5,344400,94377,-2.1,-0.2,1988MM11,117.3
94378,A5,344400,94378,-2.1,-0.2,1988MM12,117.3
94380,A5,344400,94380,-2.1,-0.2,1989MM01,117.3
94381,A5,344400,94381,-2.1,-0.2,1989MM02,117.3
94382,A5,344400,94382,-2.1,-0.2,1989MM03,117.3
94383,A5,344400,94383,-2.1,-0.2,1989MM04,117.3
94384,A5,344400,94384,-2.1,-0.2,1989MM05,117.3
94385,A5,344400,94385,-2.1,-0.2,1989MM06,117.3
94386,A5,344400,94386,-2.1,-0.2,1989MM07,117.3
94387,A5,344400,94387,-2.1,-0.2,1989MM08,117.3
94388,A5,344400,94388,-2.1,-0.2,1989MM09,117.3
94389,A5,344400,94389,-2.1,-0.2,1989MM10,117.3
94390,A5,344400,94390,-2.1,-0.2,1989MM11,117.3
94391,A5,344400,94391,-2.1,-0.2,1989MM12,117.3
94393,A5,344400,94393,-2.1,-0.2,1990MM01,117.3
94394,A5,344400,94394,-2.1,-0.2,1990MM02,117.3
94395,A5,344400,94395,-2.1,-0.2,1990MM03,117.3
94396,A5,344400,94396,-2.1,-0.2,1990MM04,117.3
94397,A5,344400,94397,-2.1,-0.2,1990MM05,117.3
94398,A5,344400,94398,-2.1,-0.2,1990MM06,117.3
94399,A5,344400,94399,-2.1,-0.2,1990MM07,117.3
94400,A5,344400,94400,-2.1,-0.2,1990MM08,117.3
94401,A5,344400,94401,-2.1,-0.2,1990MM09,117.3
94402,A5,344400,94402,-2.1,-0.2,1990MM10,117.3
94403,A5,344400,94403,-2.1,-0.2,1990MM11,117.3
94404,A5,344400,94404,-2.1,-0.2,1990MM12,117.3
94406,A5,344400,94406,-2.1,-0.2,1991MM01,117.3
94407,A5,344400,94407,-2.1,-0.2,1991MM02,117.3
94408,A5,344400,94408,-2.1,-0.2,1991MM03,117.3
94409,A5,344400,94409,-2.1,-0.2,1991MM04,117.3
94410,A5,344400,94410,-2.1,-0.2,1991MM05,117.3
94411,A5,344400,94411,-2.1,-0.2,1991MM06,117.3
94412,A5,344400,94412,-2.1,-0.2,1991MM07,117.3
94413,A5,344400,94413,-2.1,-0.2,1991MM08,117.3
94414,A5,344400,94414,-2.1,-0.2,1991MM09,117.3
94415,A5,344400,94415,-2.1,-0.2,1991MM10,117.3
94416,A5,344400,94416,-2.1,-0.2,1991MM11,117.3
94417,A5,344400,94417,-2.1,-0.2,1991MM12,117.3
94419,A5,344400,94419,-2.1,-0.2,1992MM01,117.3
94420,A5,344400,94420,-2.1,-0.2,1992MM02,117.3
94421,A5,344400,94421,-2.1,-0.2,1992MM03,117.3
94422,A5,344400,94422,-2.1,-0.2,1992MM04,117.3
94423,A5,344400,94423,-2.1,-0.2,1992MM05,117.3
94424,A5,344400,94424,-2.1,-0.2,1992MM06,117.3
94425,A5,344400,94425,-2.1,-0.2,1992MM07,117.3
94426,A5,344400,94426,-2.1,-0.2,1992MM08,117.3
94427,A5,344400,94427,-2.1,-0.2,1992MM09,117.3
94428,A5,344400,94428,-2.1,-0.2,1992MM10,117.3
94429,A5,344400,94429,-2.1,-0.2,1992MM11,117.3
94430,A5,344400,94430,-2.1,-0.2,1992MM12,117.3
94432,A5,344400,94432,-2.1,-0.2,1993MM01,117.3
94433,A5,344400,94433,-2.1,-0.2,1993MM02,117.3
94434,A5,344400,94434,-2.1,-0.2,1993MM03,117.3
94435,A5,344400,94435,-2.1,-0.2,1993MM04,117.3
94436,A5,344400,94436,-2.1,-0.2,1993MM05,117.3
94437,A5,344400,94437,-2.1,-0.2,1993MM06,117.3
94438,A5,344400,94438,-2.1,-0.2,1993MM07,117.3
94439,A5,344400,94439,-2.1,-0.2,1993MM08,117.3
94440,A5,344400,94440,-2.1,-0.2,1993MM09,117.3
94441,A5,344400,94441,-2.1,-0.2,1993MM10,117.3
94442,A5,344400,94442,-2.1,-0.2,1993MM11,117.3
94443,A5,344400,94443,-2.1,-0.2,1993MM12,117.3
94445,A5,344400,94445,-2.1,-0.2,1994MM01,117.3
94446,A5,344400,94446,-2.1,-0.2,1994MM02,117.3
94447,A5,344400,94447,-2.1,-0.2,1994MM03,117.3
94448,A5,344400,94448,-2.1,-0.2,1994MM04,117.3
94449,A5,344400,94449,-2.1,-0.2,1994MM05,117.3
94450,A5,344400,94450,-2.1,-0.2,1994MM06,117.3
94451,A5,344400,94451,-2.1,-0.2,1994MM07,117.3
94452,A5,344400,94452,-2.1,-0.2,1994MM08,117.3
94453,A5,344400,94453,-2.1,-0.2,1994MM09,117.3
94454,A5,344400,94454,-2.1,-0.2,1994MM10,117.3
94455,A5,344400,94455,-2.1,-0.2,1994MM11,117.3
94456,A5,344400,94456,-2.1,-0.2,1994MM12,117.3
94458,A5,344400,94458,-2.1,-0.2,1995MM01,117.3
94459,A5,344400,94459,-2.1,-0.2,1995MM02,117.3
94460,A5,344400,94460,-2.1,-0.2,1995MM03,117.3
94461,A5,344400,94461,-2.1,-0.2,1995MM04,117.3
94462,A5,344400,94462,-2.1,-0.2,1995MM05,117.3
94463,A5,344400,94463,-2.1,-0.2,1995MM06,117.3
94464,A5,344400,94464,-2.1,-0.2,1995MM07,117.3
94465,A5,344400,94465,-2.1,-0.2,1995MM08,117.3
94466,A5,344400,94466,-2.1,-0.2,1995MM09,117.3
94467,A5,344400,94467,-2.1,-0.2,1995MM10,117.3
94468,A5,344400,94468,-2.1,-0.2,1995MM11,117.3
94469,A5,344400,94469,-2.1,-0.2,1995MM12,117.3
94471,A5,344400,94471,-2.1,-0.2,1996MM01,117.3
94472,A5,344400,94472,-2.1,-0.2,1996MM02,117.3
94473,A5,344400,94473,-2.1,-0.2,1996MM03,117.3
94474,A5,344400,94474,-2.1,-0.2,1996MM04,117.3
94475,A5,344400,94475,-2.1,-0.2,1996MM05,117.3
94476,A5,344400,94476,-2.1,-0.2,1996MM06,117.3
94477,A5,344400,94477,-2.1,-0.2,1996MM07,117.3
94478,A5,344400,94478,-2.1,-0.2,1996MM08,117.3
94479,A5,344400,94479,-2.1,-0.2,1996MM09,117.3
94480,A5,344400,94480,-2.1,-0.2,1996MM10,117.3
94481,A5,344400,94481,-2.1,-0.2,1996MM11,117.3
94482,A5,344400,94482,-2.1,-0.2,1996MM12,117.3
94484,A5,344400,94484,-2.1,-0.2,1997MM01,117.3
94485,A5,344400,94485,-2.1,-0.2,1997MM02,117.3
94486,A5,344400,94486,-2.1,-0.2,1997MM03,117.3
94487,A5,344400,94487,-2.1,-0.2,1997MM04,117.3
94488,A5,344400,94488,-2.1,-0.2,1997MM05,117.3
94489,A5,344400,94489,-2.1,-0.2,1997MM06,117.3
94490,A5,344400,94490,-2.1,-0.2,1997MM07,117.3
94491,A5,344400,94491,-2.1,-0.2,1997MM08,117.3
94492,A5,344400,94492,-2.1,-0.2,1997MM09,117.3
94493,A5,344400,94493,-2.1,-0.2,1997MM10,117.3
94494,A5,344400,94494,-2.1,-0.2,1997MM11,117.3
94495,A5,344400,94495,-2.1,-0.2,1997MM12,117.3
94497,A5,344400,94497,-2.1,-0.2,1998MM01,117.3
94498,A5,344400,94498,-2.1,-0.2,1998MM02,117.3
94499,A5,344400,94499,-2.1,-0.2,1998MM03,117.3
94500,A5,344400,94500,-2.1,-0.2,1998MM04,117.3
94501,A5,344400,94501,-2.1,-0.2,1998MM05,117.3
94502,A5,344400,94502,-2.1,-0.2,1998MM06,117.3
94503,A5,344400,94503,-2.1,-0.2,1998MM07,117.3
94504,A5,344400,94504,-2.1,-0.2,1998MM08,117.3
94505,A5,344400,94505,-2.1,-0.2,1998MM09,117.3
94506,A5,344400,94506,-2.1,-0.2,1998MM10,117.3
94507,A5,344400,94507,-2.1,-0.2,1998MM11,117.3
94508,A5,344400,94508,-2.1,-0.2,1998MM12,117.3
94510,A5,344400,94510,-2.1,-0.2,1999MM01,117.3
94511,A5,344400,94511,-2.1,-0.2,1999MM02,117.3
94512,A5,344400,94512,-2.1,-0.2,1999MM03,117.3
94513,A5,344400,94513,-2.1,-0.2,1999MM04,117.3
94514,A5,344400,94514,-2.1,-0.2,1999MM05,117.3
94515,A5,344400,94515,-2.1,-0.2,1999MM06,117.3
94516,A5,344400,94516,-2.1,-0.2,1999MM07,117.3
94517,A5,344400,94517,-2.1,-0.2,1999MM08,117.3
94518,A5,344400,94518,-2.1,-0.2,1999MM09,117.3
94519,A5,344400,94519,-2.1,-0.2,1999MM10,117.3
94520,A5,344400,94520,-2.1,-0.2,1999MM11,117.3
94521,A5,344400,94521,-2.1,-0.2,1999MM12,117.3
94523,A5,344400,94523,-2.1,-0.2,2000MM01,117.3
94524,A5,344400,94524,-2.1,-0.2,2000MM02,117.3
94525,A5,344400,94525,-2.1,-0.2,2000MM03,117.3
94526,A5,344400,94526,-2.1,-0.2,2000MM04,117.3
94527,A5,344400,94527,-2.1,-0.2,2000MM05,117.3
94528,A5,344400,94528,-2.1,-0.2,2000MM06,117.3
94529,A5,344400,94529,-2.1,-0.2,2000MM07,117.3
94530,A5,344400,94530,-2.1,-0.2,2000MM08,117.3
94531,A5,344400,94531,-2.1,-0.2,2000MM09,117.3
94532,A5,344400,94532,-2.1,-0.2,2000MM10,117.3
94533,A5,344400,94533,-2.1,-0.2,2000MM11,117.3
94534,A5,344400,94534,-2.1,-0.2,2000MM12,117.3
94536,A5,344400,94536,-2.1,-0.2,2001MM01,117.3
94537,A5,344400,94537,-2.1,-0.2,2001MM02,117.3
94538,A5,344400,94538,-2.1,-0.2,2001MM03,117.3
94539,A5,344400,94539,-2.1,-0.2,2001MM04,117.3
94540,A5,344400,94540,-2.1,-0.2,2001MM05,117.3
94541,A5,344400,94541,-2.1,-0.2,2001MM06,117.3
94542,A5,344400,94542,-2.1,-0.2,2001MM07,117.3
94543,A5,344400,94543,-2.1,-0.2,2001MM08,117.3
94544,A5,344400,94544,-2.1,-0.2,2001MM09,117.3
94545,A5,344400,94545,-2.1,-0.2,2001MM10,117.3
94546,A5,344400,94546,-2.1,-0.2,2001MM11,117.3
94547,A5,344400,94547,-2.1,-0.2,2001MM12,117.3
94549,A5,344400,94549,-2.1,-0.2,2002MM01,117.3
94550,A5,344400,94550,-2.1,-0.2,2002MM02,117.3
94551,A5,344400,94551,-2.1,-0.2,2002MM03,117.3
94552,A5,344400,94552,-2.1,-0.2,2002MM04,117.3
94553,A5,344400,94553,-2.1,-0.2,2002MM05,117.3
94554,A5,344400,94554,-2.1,-0.2,2002MM06,117.3
94555,A5,344400,94555,-2.1,-0.2,2002MM07,117.3
94556,A5,344400,94556,-2.1,-0.2,2002MM08,117.3
94557,A5,344400,94557,-2.1,-0.2,2002MM09,117.3
94558,A5,344400,94558,-2.1,-0.2,2002MM10,117.3
94559,A5,344400,94559,-2.1,-0.2,2002MM11,117.3
94560,A5,344400,94560,-2.1,-0.2,2002MM12,117.3
94562,A5,344400,94562,-2.1,-0.2,2003MM01,117.3
94563,A5,344400,94563,-2.1,-0.2,2003MM02,117.3
94564,A5,344400,94564,-2.1,-0.2,2003MM03,117.3
94565,A5,344400,94565,-2.1,-0.2,2003MM04,117.3
94566,A5,344400,94566,-2.1,-0.2,2003MM05,117.3
94567,A5,344400,94567,-2.1,-0.2,2003MM06,117.3
94568,A5,344400,94568,-2.1,-0.2,2003MM07,117.3
94569,A5,344400,94569,-2.1,-0.2,2003MM08,117.3
94570,A5,344400,94570,-2.1,-0.2,2003MM09,117.3
94571,A5,344400,94571,-2.1,-0.2,2003MM10,117.3
94572,A5,344400,94572,-2.1,-0.2,2003MM11,117.3
94573,A5,344400,94573,-2.1,-0.2,2003MM12,117.3
94575,A5,344400,94575,-2.1,-0.2,2004MM01,117.3
94576,A5,344400,94576,-2.1,-0.2,2004MM02,117.3
94577,A5,344400,94577,-2.1,-0.2,2004MM03,117.3
94578,A5,344400,94578,-2.1,-0.2,2004MM04,117.3
94579,A5,344400,94579,-2.1,-0.2,2004MM05,117.3
94580,A5,344400,94580,-2.1,-0.2,2004MM06,117.3
94581,A5,344400,94581,-2.1,-0.2,2004MM07,117.3
94582,A5,344400,94582,-2.1,-0.2,2004MM08,117.3
94583,A5,344400,94583,-2.1,-0.2,2004MM09,117.3
94584,A5,344400,94584,-2.1,-0.2,2004MM10,117.3
94585,A5,344400,94585,-2.1,-0.2,2004MM11,117.3
94586,A5,344400,94586,-2.1,-0.2,2004MM12,117.3
94588,A5,344400,94588,-2.1,-0.2,2005MM01,117.3
94589,A5,344400,94589,-2.1,-0.2,2005MM02,117.3
94590,A5,344400,94590,-2.1,-0.2,2005MM03,117.3
94591,A5,344400,94591,-2.1,-0.2,2005MM04,117.3
94592,A5,344400,94592,-2.1,-0.2,2005MM05,117.3
94593,A5,344400,94593,-2.1,-0.2,2005MM06,117.3
94594,A5,344400,94594,-2.1,-0.2,2005MM07,117.3
94595,A5,344400,94595,-2.1,-0.2,2005MM08,117.3
94596,A5,344400,94596,-2.1,-0.2,2005MM09,117.3
94597,A5,344400,94597,-2.1,-0.2,2005MM10,117.3
94598,A5,344400,94598,-2.1,-0.2,2005MM11,117.3
94599,A5,344400,94599,-2.1,-0.2,2005MM12,117.3
94601,A5,344400,94601,-2.1,-0.2,2006MM01,117.3
94602,A5,344400,94602,-2.1,-0.2,2006MM02,117.3
94603,A5,344400,94603,-2.1,-0.2,2006MM03,117.3
94604,A5,344400,94604,-2.1,-0.2,2006MM04,117.3
94605,A5,344400,94605,-2.1,-0.2,2006MM05,117.3
94606,A5,344400,94606,-2.1,-0.2,2006MM06,117.3
94607,A5,344400,94607,-2.1,-0.2,2006MM07,117.3
94608,A5,344400,94608,-2.1,-0.2,2006MM08,117.3
94609,A5,344400,94609,-2.1,-0.2,2006MM09,117.3
94610,A5,344400,94610,-2.1,-0.2,2006MM10,117.3
94611,A5,344400,94611,-2.1,-0.2,2006MM11,117.3
94612,A5,344400,94612,-2.1,-0.2,2006MM12,117.3
94614,A5,344400,94614,-2.1,-0.2,2007MM01,117.3
94615,A5,344400,94615,-2.1,-0.2,2007MM02,117.3
94616,A5,344400,94616,-2.1,-0.2,2007MM03,117.3
94617,A5,344400,94617,-2.1,-0.2,2007MM04,117.3
94618,A5,344400,94618,-2.1,-0.2,2007MM05,117.3
94619,A5,344400,94619,-2.1,-0.2,2007MM06,117.3
94620,A5,344400,94620,-2.1,-0.2,2007MM07,117.3
94621,A5,344400,94621,-2.1,-0.2,2007MM08,117.3
94622,A5,344400,94622,-2.1,-0.2,2007MM09,117.3
94623,A5,344400,94623,-2.1,-0.2,2007MM10,117.3
94624,A5,344400,94624,-2.1,-0.2,2007MM11,117.3
94625,A5,344400,94625,-2.1,-0.2,2007MM12,117.3
94627,A5,344400,94627,-2.1,-0.2,2008MM01,117.3
94628,A5,344400,94628,-2.1,-0.2,2008MM02,117.3
94629,A5,344400,94629,-2.1,-0.2,2008MM03,117.3
94630,A5,344400,94630,-2.1,-0.2,2008MM04,117.3
94631,A5,344400,94631,-2.1,-0.2,2008MM05,117.3
94632,A5,344400,94632,-2.1,-0.2,2008MM06,117.3
94633,A5,344400,94633,-2.1,-0.2,2008MM07,117.3
94634,A5,344400,94634,-2.1,-0.2,2008MM08,117.3
94635,A5,344400,94635,-2.1,-0.2,2008MM09,117.3
94636,A5,344400,94636,-2.1,-0.2,2008MM10,117.3
94637,A5,344400,94637,-2.1,-0.2,2008MM11,117.3
94638,A5,344400,94638,-2.1,-0.2,2008MM12,117.3
94640,A5,344400,94640,-2.1,-0.2,2009MM01,117.3
94641,A5,344400,94641,-2.1,-0.2,2009MM02,117.3
94642,A5,344400,94642,-2.1,-0.2,2009MM03,117.3
94643,A5,344400,94643,-2.1,-0.2,2009MM04,117.3
94644,A5,344400,94644,-2.1,-0.2,2009MM05,117.3
94645,A5,344400,94645,-2.1,-0.2,2009MM06,117.3
94646,A5,344400,94646,-2.1,-0.2,2009MM07,117.3
94647,A5,344400,94647,-2.1,-0.2,2009MM08,117.3
94648,A5,344400,94648,-2.1,-0.2,2009MM09,117.3
94649,A5,344400,94649,-2.1,-0.2,2009MM10,117.3
94650,A5,344400,94650,-2.1,-0.2,2009MM11,117.3
94651,A5,344400,94651,-2.1,-0.2,2009MM12,117.3
94653,A5,344400,94653,-2.1,-0.2,2010MM01,117.3
94654,A5,344400,94654,-2.1,-0.2,2010MM02,117.3
94655,A5,344400,94655,-2.1,-0.2,2010MM03,117.3
94656,A5,344400,94656,-2.1,-0.2,2010MM04,117.3
94657,A5,344400,94657,-2.1,-0.2,2010MM05,117.3
94658,A5,344400,94658,-2.1,-0.2,2010MM06,117.3
94659,A5,344400,94659,-2.1,-0.2,2010MM07,117.3
94660,A5,344400,94660,-2.1,-0.2,2010MM08,117.3
94661,A5,344400,94661,-2.1,-0.2,2010MM09,117.3
94662,A5,344400,94662,-2.1,-0.2,2010MM10,117.3
94663,A5,344400,94663,-2.1,-0.2,2010MM11,117.3
94664,A5,344400,94664,-2.1,-0.2,2010MM12,117.3
94666,A5,344400,94666,-2.1,-0.2,2011MM01,117.3
94667,A5,344400,94667,-2.1,-0.2,2011MM02,117.3
94668,A5,344400,94668,-2.1,-0.2,2011MM03,117.3
94669,A5,344400,94669,-2.1,-0.2,2011MM04,117.3
94670,A5,344400,94670,-2.1,-0.2,2011MM05,117.3
94671,A5,344400,94671,-2.1,-0.2,2011MM06,117.3
94672,A5,344400,94672,-2.1,-0.2,2011MM07,117.3
94673,A5,344400,94673,-2.1,-0.2,2011MM08,117.3
94674,A5,344400,94674,-2.1,-0.2,2011MM09,117.3
94675,A5,344400,94675,-2.1,-0.2,2011MM10,117.3
94676,A5,344400,94676,-2.1,-0.2,2011MM11,117.3
94677,A5,344400,94677,-2.1,-0.2,2011MM12,117.3
94679,A5,344400,94679,-2.1,-0.2,2012MM01,117.3
94680,A5,344400,94680,-2.1,-0.2,2012MM02,117.3
94681,A5,344400,94681,-2.1,-0.2,2012MM03,117.3
94682,A5,344400,94682,-2.1,-0.2,2012MM04,117.3
94683,A5,344400,94683,-2.1,-0.2,2012MM05,117.3
94684,A5,344400,94684,-2.1,-0.2,2012MM06,117.3
94685,A5,344400,94685,-2.1,-0.2,2012MM07,117.3
94686,A5,344400,94686,-2.1,-0.2,2012MM08,117.3
94687,A5,344400,94687,-2.1,-0.2,2012MM09,117.3
94688,A5,344400,94688,-2.1,-0.2,2012MM10,117.3
94689,A5,344400,94689,-2.1,-0.2,2012MM11,117.3
94690,A5,344400,94690,-2.1,-0.2,2012MM12,117.3
94692,A5,344400,94692,-2.1,-0.2,2013MM01,117.3
94693,A5,344400,94693,-2.1,-0.2,2013MM02,117.3
94694,A5,344400,94694,-2.1,-0.2,2013MM03,117.3
94695,A5,344400,94695,-2.1,-0.2,2013MM04,117.3
94696,A5,344400,94696,-2.1,-0.2,2013MM05,117.3
94697,A5,344400,94697,-2.1,-0.2,2013MM06,117.3
94698,A5,344400,94698,-2.1,-0.2,2013MM07,117.3
94699,A5,344400,94699,-2.1,-0.2,2013MM08,117.3
94700,A5,344400,94700,-2.1,-0.2,2013MM09,117.3
94701,A5,344400,94701,-2.1,-0.2,2013MM10,117.3
94702,A5,344400,94702,-2.1,-0.2,2013MM11,117.3
94703,A5,344400,94703,-2.1,-0.2,2013MM12,117.3
94705,A5,344400,94705,-2.1,-0.2,2014MM01,117.3
94706,A5,344400,94706,-2.1,-0.2,2014MM02,117.3
94707,A5,344400,94707,-2.1,-0.2,2014MM03,117.3
94708,A5,344400,94708,-2.1,-0.2,2014MM04,117.3
94709,A5,344400,94709,-2.1,-0.2,2014MM05,117.3
94710,A5,344400,94710,-2.1,-0.2,2014MM06,117.3
94711,A5,344400,94711,-2.1,-0.2,2014MM07,117.3
94712,A5,344400,94712,-2.1,-0.2,2014MM08,117.3
94713,A5,344400,94713,-2.1,-0.2,2014MM09,117.3
94714,A5,344400,94714,-2.1,-0.2,2014MM10,117.3
94715,A5,344400,94715,-2.1,-0.2,2014MM11,117.3
94716,A5,344400,94716,-2.1,-0.2,2014MM12,117.3
94718,A5,344400,94718,-2.1,-0.2,2015MM01,117.3
94719,A5,344400,94719,-2.1,-0.2,2015MM02,117.3
94720,A5,344400,94720,-2.1,-0.2,2015MM03,117.3
94721,A5,344400,94721,-2.1,-0.2,2015MM04,117.3
94722,A5,344400,94722,-2.1,-0.2,2015MM05,117.3
94723,A5,344400,94723,-2.1,-0.2,2015MM06,117.3
94724,A5,344400,94724,-2.1,-0.2,2015MM07,117.3
94725,A5,344400,94725,-2.1,-0.2,2015MM08,117.3
94726,A5,344400,94726,-2.1,-0.2,2015MM09,117.3
94727,A5,344400,94727,-2.1,-0.2,2015MM10,117.3
94728,A5,344400,94728,-2.1,-0.2,2015MM11,117.3
94729,A5,344400,94729,-2.1,-0.2,2015MM12,117.3
94731,A5,344400,94731,-2.1,-0.2,2016MM01,117.3
94732,A5,344400,94732,-2.1,-0.2,2016MM02,117.3
94733,A5,344400,94733,-2.1,-0.2,2016MM03,117.3
94734,A5,344400,94734,-2.1,-0.2,2016MM04,117.3
94735,A5,344400,94735,-2.1,-0.2,2016MM05,117.3
94736,A5,344400,94736,-2.1,-0.2,2016MM06,117.3
94737,A5,344400,94737,-2.1,-0.2,2016MM07,117.3
94738,A5,344400,94738,-2.1,-0.2,2016MM08,117.3
94739,A5,344400,94739,-2.1,-0.2,2016MM09,117.3
94740,A5,344400,94740,-2.1,-0.2,2016MM10,117.3
94741,A5,344400,94741,-2.1,-0.2,2016MM11,117.3
94742,A5,344400,94742,-2.1,-0.2,2016MM12,117.3
94744,A5,344400,94744,-2.1,-0.2,2017MM01,117.3
94745,A5,344400,94745,-2.1,-0.2,2017MM02,117.3
94746,A5,344400,94746,-2.1,-0.2,2017MM03,117.3
94747,A5,344400,94747,-2.1,-0.2,2017MM04,117.3
94748,A5,344400,94748,-2.1,-0.2,2017MM05,117.3
94749,A5,344400,94749,-2.1,-0.2,2017MM06,117.3
94750,A5,344400,94750,-2.1,-0.2,2017MM07,117.3
94751,A5,344400,94751,-2.1,-0.2,2017MM08,117.3
94752,A5,344400,94752,-2.1,-0.2,2017MM09,117.3
94753,A5,344400,94753,-2.1,-0.2,2017MM10,117.3
94754,A5,344400,94754,-2.1,-0.2,2017MM11,117.3
94755,A5,344400,94755,-2.1,-0.2,2017MM12,117.3
