,Afzet,BedrijfstakkenBranchesSBI2008,ID,OntwikkelingTOV1JaarEerder_2,OntwikkelingTOV1MaandEerder_3,Perioden,ProducentenprijsindexPPI_1
30199,A6,344400,30199,,,2010MM01,100.2
30200,A6,344400,30200,,0.0,2010MM02,100.2
30201,A6,344400,30201,,0.1,2010MM03,100.3
30202,A6,344400,30202,,-0.8,2010MM04,99.5
30203,A6,344400,30203,,0.0,2010MM05,99.5
30204,A6,344400,30204,,0.0,2010MM06,99.5
30205,A6,344400,30205,,0.2,2010MM07,99.7
30206,A6,344400,30206,,0.0,2010MM08,99.7
30207,A6,344400,30207,,0.0,2010MM09,99.7
30208,A6,344400,30208,,0.7,2010MM10,100.5
30209,A6,344400,30209,,0.0,2010MM11,100.5
30210,A6,344400,30210,,0.0,2010MM12,100.5
30212,A6,344400,30212,2.0,1.8,2011MM01,102.2
30213,A6,344400,30213,2.3,0.3,2011MM02,102.6
30214,A6,344400,30214,2.2,0.0,2011MM03,102.6
30215,A6,344400,30215,2.9,-0.1,2011MM04,102.5
30216,A6,344400,30216,2.9,0.0,2011MM05,102.5
30217,A6,344400,30217,2.9,0.0,2011MM06,102.5
30218,A6,344400,30218,2.8,0.1,2011MM07,102.5
30219,A6,344400,30219,2.8,0.0,2011MM08,102.5
30220,A6,344400,30220,2.9,0.1,2011MM09,102.7
30221,A6,344400,30221,2.7,0.5,2011MM10,103.2
30222,A6,344400,30222,2.7,0.0,2011MM11,103.2
30223,A6,344400,30223,2.7,0.0,2011MM12,103.2
30225,A6,344400,30225,2.4,1.5,2012MM01,104.7
30226,A6,344400,30226,2.1,0.0,2012MM02,104.7
30227,A6,344400,30227,2.2,0.1,2012MM03,104.8
30228,A6,344400,30228,2.2,-0.1,2012MM04,104.8
30229,A6,344400,30229,2.2,0.0,2012MM05,104.8
30230,A6,344400,30230,2.2,0.0,2012MM06,104.8
30231,A6,344400,30231,2.3,0.1,2012MM07,104.9
30232,A6,344400,30232,2.3,0.1,2012MM08,104.9
30233,A6,344400,30233,2.2,0.0,2012MM09,104.9
30234,A6,344400,30234,1.7,0.0,2012MM10,104.9
30235,A6,344400,30235,1.7,0.0,2012MM11,104.9
30236,A6,344400,30236,1.7,0.0,2012MM12,104.9
30238,A6,344400,30238,0.5,0.3,2013MM01,105.2
30239,A6,344400,30239,0.7,0.2,2013MM02,105.5
30240,A6,344400,30240,0.5,-0.1,2013MM03,105.4
30241,A6,344400,30241,0.8,0.2,2013MM04,105.6
30242,A6,344400,30242,0.8,0.0,2013MM05,105.6
30243,A6,344400,30243,0.8,0.0,2013MM06,105.6
30244,A6,344400,30244,0.8,0.1,2013MM07,105.8
30245,A6,344400,30245,0.8,0.0,2013MM08,105.8
30246,A6,344400,30246,0.8,0.0,2013MM09,105.8
30247,A6,344400,30247,0.9,0.1,2013MM10,105.9
30248,A6,344400,30248,0.9,0.0,2013MM11,105.9
30249,A6,344400,30249,0.9,0.0,2013MM12,105.9
30251,A6,344400,30251,1.2,0.6,2014MM01,106.5
30252,A6,344400,30252,1.6,0.7,2014MM02,107.2
30253,A6,344400,30253,1.5,-0.3,2014MM03,106.9
30254,A6,344400,30254,3.3,2.1,2014MM04,109.1
30255,A6,344400,30255,3.5,0.2,2014MM05,109.3
30256,A6,344400,30256,3.7,0.3,2014MM06,109.6
30257,A6,344400,30257,3.8,0.2,2014MM07,109.8
30258,A6,344400,30258,4.2,0.5,2014MM08,110.3
30259,A6,344400,30259,5.2,0.8,2014MM09,111.2
30260,A6,344400,30260,5.8,0.7,2014MM10,112.0
30261,A6,344400,30261,6.4,0.6,2014MM11,112.7
30262,A6,344400,30262,6.9,0.4,2014MM12,113.2
30264,A6,344400,30264,8.3,1.9,2015MM01,115.4
30265,A6,344400,30265,8.3,0.7,2015MM02,116.2
30266,A6,344400,30266,10.2,1.4,2015MM03,117.8
30267,A6,344400,30267,8.1,0.1,2015MM04,118.0
30268,A6,344400,30268,6.8,-1.1,2015MM05,116.8
30269,A6,344400,30269,6.4,-0.2,2015MM06,116.6
30270,A6,344400,30270,6.9,0.7,2015MM07,117.3
30271,A6,344400,30271,5.9,-0.5,2015MM08,116.8
30272,A6,344400,30272,4.7,-0.3,2015MM09,116.4
30273,A6,344400,30273,3.9,0.0,2015MM10,116.4
30274,A6,344400,30274,5.1,1.8,2015MM11,118.5
30275,A6,344400,30275,4.2,-0.5,2015MM12,117.9
30277,A6,344400,30277,3.1,0.9,2016MM01,118.9
30278,A6,344400,30278,1.8,-0.5,2016MM02,118.3
30279,A6,344400,30279,0.4,0.0,2016MM03,118.3
30280,A6,344400,30280,-0.1,-0.4,2016MM04,117.9
30281,A6,344400,30281,1.0,0.1,2016MM05,117.9
30282,A6,344400,30282,1.4,0.2,2016MM06,118.2
30283,A6,344400,30283,1.1,0.4,2016MM07,118.6
30284,A6,344400,30284,1.2,-0.3,2016MM08,118.2
30285,A6,344400,30285,1.5,0.0,2016MM09,118.2
30286,A6,344400,30286,1.8,0.3,2016MM10,118.5
30287,A6,344400,30287,0.6,0.5,2016MM11,119.2
30288,A6,344400,30288,1.7,0.6,2016MM12,119.9
30290,A6,344400,30290,1.1,0.3,2017MM01,120.3
30291,A6,344400,30291,1.6,-0.1,2017MM02,120.2
30292,A6,344400,30292,1.5,-0.1,2017MM03,120.1
30293,A6,344400,30293,1.8,-0.1,2017MM04,120.0
30294,A6,344400,30294,1.0,-0.7,2017MM05,119.1
30295,A6,344400,30295,0.5,-0.3,2017MM06,118.7
30296,A6,344400,30296,-0.4,-0.5,2017MM07,118.1
30297,A6,344400,30297,-0.6,-0.5,2017MM08,117.4
30298,A6,344400,30298,-0.8,-0.2,2017MM09,117.2
30299,A6,344400,30299,-0.9,0.2,2017MM10,117.5
30300,A6,344400,30300,-1.4,0.0,2017MM11,117.5
30301,A6,344400,30301,-2.1,-0.2,2017MM12,117.3
