,Afzet,BedrijfstakkenBranchesSBI2008,ID,OntwikkelingTOV1JaarEerder_2,OntwikkelingTOV1MaandEerder_3,Perioden,ProducentenprijsindexPPI_1
62049,A4,344400,62049,-2.08864265928,-0.199428571429,1981MM01,117.251002865
62050,A4,344400,62050,-2.07728531856,-0.198857142857,1981MM02,117.202005731
62051,A4,344400,62051,-2.06592797784,-0.198285714286,1981MM03,117.153008596
62052,A4,344400,62052,-2.05457063712,-0.197714285714,1981MM04,117.104011461
62053,A4,344400,62053,-2.0432132964,-0.197142857143,1981MM05,117.055014327
62054,A4,344400,62054,-2.03185595568,-0.196571428571,1981MM06,117.006017192
62055,A4,344400,62055,-2.02049861496,-0.196,1981MM07,116.957020057
62056,A4,344400,62056,-2.00914127424,-0.195428571429,1981MM08,116.908022923
62057,A4,344400,62057,-1.99778393352,-0.194857142857,1981MM09,116.859025788
62058,A4,344400,62058,-1.9864265928,-0.194285714286,1981MM10,116.810028653
62059,A4,344400,62059,-1.97506925208,-0.193714285714,1981MM11,116.761031519
62060,A4,344400,62060,-1.96371191136,-0.193142857143,1981MM12,116.712034384
62062,A4,344400,62062,-1.95235457064,-0.192571428571,1982MM01,116.663037249
62063,A4,344400,62063,-1.94099722992,-0.192,1982MM02,116.614040115
62064,A4,344400,62064,-1.9296398892,-0.191428571429,1982MM03,116.56504298
62065,A4,344400,62065,-1.91828254848,-0.190857142857,1982MM04,116.516045845
62066,A4,344400,62066,-1.90692520776,-0.190285714286,1982MM05,116.467048711
62067,A4,344400,62067,-1.89556786704,-0.189714285714,1982MM06,116.418051576
62068,A4,344400,62068,-1.88421052632,-0.189142857143,1982MM07,116.369054441
62069,A4,344400,62069,-1.8728531856,-0.188571428571,1982MM08,116.320057307
62070,A4,344400,62070,-1.86149584488,-0.188,1982MM09,116.271060172
62071,A4,344400,62071,-1.85013850416,-0.187428571429,1982MM10,116.222063037
62072,A4,344400,62072,-1.83878116343,-0.186857142857,1982MM11,116.173065903
62073,A4,344400,62073,-1.82742382271,-0.186285714286,1982MM12,116.124068768
62075,A4,344400,62075,-1.81606648199,-0.185714285714,1983MM01,116.075071633
62076,A4,344400,62076,-1.80470914127,-0.185142857143,1983MM02,116.026074499
62077,A4,344400,62077,-1.79335180055,-0.184571428571,1983MM03,115.977077364
62078,A4,344400,62078,-1.78199445983,-0.184,1983MM04,115.928080229
62079,A4,344400,62079,-1.77063711911,-0.183428571429,1983MM05,115.879083095
62080,A4,344400,62080,-1.75927977839,-0.182857142857,1983MM06,115.83008596
62081,A4,344400,62081,-1.74792243767,-0.182285714286,1983MM07,115.781088825
62082,A4,344400,62082,-1.73656509695,-0.181714285714,1983MM08,115.732091691
62083,A4,344400,62083,-1.72520775623,-0.181142857143,1983MM09,115.683094556
62084,A4,344400,62084,-1.71385041551,-0.180571428571,1983MM10,115.634097421
62085,A4,344400,62085,-1.70249307479,-0.18,1983MM11,115.585100287
62086,A4,344400,62086,-1.69113573407,-0.179428571429,1983MM12,115.536103152
62088,A4,344400,62088,-1.67977839335,-0.178857142857,1984MM01,115.487106017
62089,A4,344400,62089,-1.66842105263,-0.178285714286,1984MM02,115.438108883
62090,A4,344400,62090,-1.65706371191,-0.177714285714,1984MM03,115.389111748
62091,A4,344400,62091,-1.64570637119,-0.177142857143,1984MM04,115.340114613
62092,A4,344400,62092,-1.63434903047,-0.176571428571,1984MM05,115.291117479
62093,A4,344400,62093,-1.62299168975,-0.176,1984MM06,115.242120344
62094,A4,344400,62094,-1.61163434903,-0.175428571429,1984MM07,115.193123209
62095,A4,344400,62095,-1.60027700831,-0.174857142857,1984MM08,115.144126074
62096,A4,344400,62096,-1.58891966759,-0.174285714286,1984MM09,115.09512894
62097,A4,344400,62097,-1.57756232687,-0.173714285714,1984MM10,115.046131805
62098,A4,344400,62098,-1.56620498615,-0.173142857143,1984MM11,114.99713467
62099,A4,344400,62099,-1.55484764543,-0.172571428571,1984MM12,114.948137536
62101,A4,344400,62101,-1.54349030471,-0.172,1985MM01,114.899140401
62102,A4,344400,62102,-1.53213296399,-0.171428571429,1985MM02,114.850143266
62103,A4,344400,62103,-1.52077562327,-0.170857142857,1985MM03,114.801146132
62104,A4,344400,62104,-1.50941828255,-0.170285714286,1985MM04,114.752148997
62105,A4,344400,62105,-1.49806094183,-0.169714285714,1985MM05,114.703151862
62106,A4,344400,62106,-1.48670360111,-0.169142857143,1985MM06,114.654154728
62107,A4,344400,62107,-1.47534626039,-0.168571428571,1985MM07,114.605157593
62108,A4,344400,62108,-1.46398891967,-0.168,1985MM08,114.556160458
62109,A4,344400,62109,-1.45263157895,-0.167428571429,1985MM09,114.507163324
62110,A4,344400,62110,-1.44127423823,-0.166857142857,1985MM10,114.458166189
62111,A4,344400,62111,-1.42991689751,-0.166285714286,1985MM11,114.409169054
62112,A4,344400,62112,-1.41855955679,-0.165714285714,1985MM12,114.36017192
62114,A4,344400,62114,-1.40720221607,-0.165142857143,1986MM01,114.311174785
62115,A4,344400,62115,-1.39584487535,-0.164571428571,1986MM02,114.26217765
62116,A4,344400,62116,-1.38448753463,-0.164,1986MM03,114.213180516
62117,A4,344400,62117,-1.37313019391,-0.163428571429,1986MM04,114.164183381
62118,A4,344400,62118,-1.36177285319,-0.162857142857,1986MM05,114.115186246
62119,A4,344400,62119,-1.35041551247,-0.162285714286,1986MM06,114.066189112
62120,A4,344400,62120,-1.33905817175,-0.161714285714,1986MM07,114.017191977
62121,A4,344400,62121,-1.32770083102,-0.161142857143,1986MM08,113.968194842
62122,A4,344400,62122,-1.3163434903,-0.160571428571,1986MM09,113.919197708
62123,A4,344400,62123,-1.30498614958,-0.16,1986MM10,113.870200573
62124,A4,344400,62124,-1.29362880886,-0.159428571429,1986MM11,113.821203438
62125,A4,344400,62125,-1.28227146814,-0.158857142857,1986MM12,113.772206304
62127,A4,344400,62127,-1.27091412742,-0.158285714286,1987MM01,113.723209169
62128,A4,344400,62128,-1.2595567867,-0.157714285714,1987MM02,113.674212034
62129,A4,344400,62129,-1.24819944598,-0.157142857143,1987MM03,113.6252149
62130,A4,344400,62130,-1.23684210526,-0.156571428571,1987MM04,113.576217765
62131,A4,344400,62131,-1.22548476454,-0.156,1987MM05,113.52722063
62132,A4,344400,62132,-1.21412742382,-0.155428571429,1987MM06,113.478223496
62133,A4,344400,62133,-1.2027700831,-0.154857142857,1987MM07,113.429226361
62134,A4,344400,62134,-1.19141274238,-0.154285714286,1987MM08,113.380229226
62135,A4,344400,62135,-1.18005540166,-0.153714285714,1987MM09,113.331232092
62136,A4,344400,62136,-1.16869806094,-0.153142857143,1987MM10,113.282234957
62137,A4,344400,62137,-1.15734072022,-0.152571428571,1987MM11,113.233237822
62138,A4,344400,62138,-1.1459833795,-0.152,1987MM12,113.184240688
62140,A4,344400,62140,-1.13462603878,-0.151428571429,1988MM01,113.135243553
62141,A4,344400,62141,-1.12326869806,-0.150857142857,1988MM02,113.086246418
62142,A4,344400,62142,-1.11191135734,-0.150285714286,1988MM03,113.037249284
62143,A4,344400,62143,-1.10055401662,-0.149714285714,1988MM04,112.988252149
62144,A4,344400,62144,-1.0891966759,-0.149142857143,1988MM05,112.939255014
62145,A4,344400,62145,-1.07783933518,-0.148571428571,1988MM06,112.89025788
62146,A4,344400,62146,-1.06648199446,-0.148,1988MM07,112.841260745
62147,A4,344400,62147,-1.05512465374,-0.147428571429,1988MM08,112.79226361
62148,A4,344400,62148,-1.04376731302,-0.146857142857,1988MM09,112.743266476
62149,A4,344400,62149,-1.0324099723,-0.146285714286,1988MM10,112.694269341
62150,A4,344400,62150,-1.02105263158,-0.145714285714,1988MM11,112.645272206
62151,A4,344400,62151,-1.00969529086,-0.145142857143,1988MM12,112.596275072
62153,A4,344400,62153,-0.998337950139,-0.144571428571,1989MM01,112.547277937
62154,A4,344400,62154,-0.986980609418,-0.144,1989MM02,112.498280802
62155,A4,344400,62155,-0.975623268698,-0.143428571429,1989MM03,112.449283668
62156,A4,344400,62156,-0.964265927978,-0.142857142857,1989MM04,112.400286533
62157,A4,344400,62157,-0.952908587258,-0.142285714286,1989MM05,112.351289398
62158,A4,344400,62158,-0.941551246537,-0.141714285714,1989MM06,112.302292264
62159,A4,344400,62159,-0.930193905817,-0.141142857143,1989MM07,112.253295129
62160,A4,344400,62160,-0.918836565097,-0.140571428571,1989MM08,112.204297994
62161,A4,344400,62161,-0.907479224377,-0.14,1989MM09,112.15530086
62162,A4,344400,62162,-0.896121883657,-0.139428571429,1989MM10,112.106303725
62163,A4,344400,62163,-0.884764542936,-0.138857142857,1989MM11,112.05730659
62164,A4,344400,62164,-0.873407202216,-0.138285714286,1989MM12,112.008309456
62166,A4,344400,62166,-0.862049861496,-0.137714285714,1990MM01,111.959312321
62167,A4,344400,62167,-0.850692520776,-0.137142857143,1990MM02,111.910315186
62168,A4,344400,62168,-0.839335180055,-0.136571428571,1990MM03,111.861318052
62169,A4,344400,62169,-0.827977839335,-0.136,1990MM04,111.812320917
62170,A4,344400,62170,-0.816620498615,-0.135428571429,1990MM05,111.763323782
62171,A4,344400,62171,-0.805263157895,-0.134857142857,1990MM06,111.714326648
62172,A4,344400,62172,-0.793905817175,-0.134285714286,1990MM07,111.665329513
62173,A4,344400,62173,-0.782548476454,-0.133714285714,1990MM08,111.616332378
62174,A4,344400,62174,-0.771191135734,-0.133142857143,1990MM09,111.567335244
62175,A4,344400,62175,-0.759833795014,-0.132571428571,1990MM10,111.518338109
62176,A4,344400,62176,-0.748476454294,-0.132,1990MM11,111.469340974
62177,A4,344400,62177,-0.737119113573,-0.131428571429,1990MM12,111.42034384
62179,A4,344400,62179,-0.725761772853,-0.130857142857,1991MM01,111.371346705
62180,A4,344400,62180,-0.714404432133,-0.130285714286,1991MM02,111.32234957
62181,A4,344400,62181,-0.703047091413,-0.129714285714,1991MM03,111.273352436
62182,A4,344400,62182,-0.691689750693,-0.129142857143,1991MM04,111.224355301
62183,A4,344400,62183,-0.680332409972,-0.128571428571,1991MM05,111.175358166
62184,A4,344400,62184,-0.668975069252,-0.128,1991MM06,111.126361032
62185,A4,344400,62185,-0.657617728532,-0.127428571429,1991MM07,111.077363897
62186,A4,344400,62186,-0.646260387812,-0.126857142857,1991MM08,111.028366762
62187,A4,344400,62187,-0.634903047091,-0.126285714286,1991MM09,110.979369628
62188,A4,344400,62188,-0.623545706371,-0.125714285714,1991MM10,110.930372493
62189,A4,344400,62189,-0.612188365651,-0.125142857143,1991MM11,110.881375358
62190,A4,344400,62190,-0.600831024931,-0.124571428571,1991MM12,110.832378223
62192,A4,344400,62192,-0.589473684211,-0.124,1992MM01,110.783381089
62193,A4,344400,62193,-0.57811634349,-0.123428571429,1992MM02,110.734383954
62194,A4,344400,62194,-0.56675900277,-0.122857142857,1992MM03,110.685386819
62195,A4,344400,62195,-0.55540166205,-0.122285714286,1992MM04,110.636389685
62196,A4,344400,62196,-0.54404432133,-0.121714285714,1992MM05,110.58739255
62197,A4,344400,62197,-0.532686980609,-0.121142857143,1992MM06,110.538395415
62198,A4,344400,62198,-0.521329639889,-0.120571428571,1992MM07,110.489398281
62199,A4,344400,62199,-0.509972299169,-0.12,1992MM08,110.440401146
62200,A4,344400,62200,-0.498614958449,-0.119428571429,1992MM09,110.391404011
62201,A4,344400,62201,-0.487257617729,-0.118857142857,1992MM10,110.342406877
62202,A4,344400,62202,-0.475900277008,-0.118285714286,1992MM11,110.293409742
62203,A4,344400,62203,-0.464542936288,-0.117714285714,1992MM12,110.244412607
62205,A4,344400,62205,-0.453185595568,-0.117142857143,1993MM01,110.195415473
62206,A4,344400,62206,-0.441828254848,-0.116571428571,1993MM02,110.146418338
62207,A4,344400,62207,-0.430470914127,-0.116,1993MM03,110.097421203
62208,A4,344400,62208,-0.419113573407,-0.115428571429,1993MM04,110.048424069
62209,A4,344400,62209,-0.407756232687,-0.114857142857,1993MM05,109.999426934
62210,A4,344400,62210,-0.396398891967,-0.114285714286,1993MM06,109.950429799
62211,A4,344400,62211,-0.385041551247,-0.113714285714,1993MM07,109.901432665
62212,A4,344400,62212,-0.373684210526,-0.113142857143,1993MM08,109.85243553
62213,A4,344400,62213,-0.362326869806,-0.112571428571,1993MM09,109.803438395
62214,A4,344400,62214,-0.350969529086,-0.112,1993MM10,109.754441261
62215,A4,344400,62215,-0.339612188366,-0.111428571429,1993MM11,109.705444126
62216,A4,344400,62216,-0.328254847645,-0.110857142857,1993MM12,109.656446991
62218,A4,344400,62218,-0.316897506925,-0.110285714286,1994MM01,109.607449857
62219,A4,344400,62219,-0.305540166205,-0.109714285714,1994MM02,109.558452722
62220,A4,344400,62220,-0.294182825485,-0.109142857143,1994MM03,109.509455587
62221,A4,344400,62221,-0.282825484765,-0.108571428571,1994MM04,109.460458453
62222,A4,344400,62222,-0.271468144044,-0.108,1994MM05,109.411461318
62223,A4,344400,62223,-0.260110803324,-0.107428571429,1994MM06,109.362464183
62224,A4,344400,62224,-0.248753462604,-0.106857142857,1994MM07,109.313467049
62225,A4,344400,62225,-0.237396121884,-0.106285714286,1994MM08,109.264469914
62226,A4,344400,62226,-0.226038781163,-0.105714285714,1994MM09,109.215472779
62227,A4,344400,62227,-0.214681440443,-0.105142857143,1994MM10,109.166475645
62228,A4,344400,62228,-0.203324099723,-0.104571428571,1994MM11,109.11747851
62229,A4,344400,62229,-0.191966759003,-0.104,1994MM12,109.068481375
62231,A4,344400,62231,-0.180609418283,-0.103428571429,1995MM01,109.019484241
62232,A4,344400,62232,-0.169252077562,-0.102857142857,1995MM02,108.970487106
62233,A4,344400,62233,-0.157894736842,-0.102285714286,1995MM03,108.921489971
62234,A4,344400,62234,-0.146537396122,-0.101714285714,1995MM04,108.872492837
62235,A4,344400,62235,-0.135180055402,-0.101142857143,1995MM05,108.823495702
62236,A4,344400,62236,-0.123822714681,-0.100571428571,1995MM06,108.774498567
62237,A4,344400,62237,-0.112465373961,-0.1,1995MM07,108.725501433
62238,A4,344400,62238,-0.101108033241,-0.0994285714286,1995MM08,108.676504298
62239,A4,344400,62239,-0.0897506925208,-0.0988571428571,1995MM09,108.627507163
62240,A4,344400,62240,-0.0783933518006,-0.0982857142857,1995MM10,108.578510029
62241,A4,344400,62241,-0.0670360110803,-0.0977142857143,1995MM11,108.529512894
62242,A4,344400,62242,-0.0556786703601,-0.0971428571429,1995MM12,108.480515759
62244,A4,344400,62244,-0.0443213296399,-0.0965714285714,1996MM01,108.431518625
62245,A4,344400,62245,-0.0329639889197,-0.096,1996MM02,108.38252149
62246,A4,344400,62246,-0.0216066481994,-0.0954285714286,1996MM03,108.333524355
62247,A4,344400,62247,-0.0102493074792,-0.0948571428571,1996MM04,108.284527221
62248,A4,344400,62248,0.001108033241,-0.0942857142857,1996MM05,108.235530086
62249,A4,344400,62249,0.0124653739612,-0.0937142857143,1996MM06,108.186532951
62250,A4,344400,62250,0.0238227146814,-0.0931428571429,1996MM07,108.137535817
62251,A4,344400,62251,0.0351800554017,-0.0925714285714,1996MM08,108.088538682
62252,A4,344400,62252,0.0465373961219,-0.092,1996MM09,108.039541547
62253,A4,344400,62253,0.0578947368421,-0.0914285714286,1996MM10,107.990544413
62254,A4,344400,62254,0.0692520775623,-0.0908571428571,1996MM11,107.941547278
62255,A4,344400,62255,0.0806094182825,-0.0902857142857,1996MM12,107.892550143
62257,A4,344400,62257,0.0919667590028,-0.0897142857143,1997MM01,107.843553009
62258,A4,344400,62258,0.103324099723,-0.0891428571429,1997MM02,107.794555874
62259,A4,344400,62259,0.114681440443,-0.0885714285714,1997MM03,107.745558739
62260,A4,344400,62260,0.126038781163,-0.088,1997MM04,107.696561605
62261,A4,344400,62261,0.137396121884,-0.0874285714286,1997MM05,107.64756447
62262,A4,344400,62262,0.148753462604,-0.0868571428571,1997MM06,107.598567335
62263,A4,344400,62263,0.160110803324,-0.0862857142857,1997MM07,107.549570201
62264,A4,344400,62264,0.171468144044,-0.0857142857143,1997MM08,107.500573066
62265,A4,344400,62265,0.182825484765,-0.0851428571429,1997MM09,107.451575931
62266,A4,344400,62266,0.194182825485,-0.0845714285714,1997MM10,107.402578797
62267,A4,344400,62267,0.205540166205,-0.084,1997MM11,107.353581662
62268,A4,344400,62268,0.216897506925,-0.0834285714286,1997MM12,107.304584527
62270,A4,344400,62270,0.228254847645,-0.0828571428571,1998MM01,107.255587393
62271,A4,344400,62271,0.239612188366,-0.0822857142857,1998MM02,107.206590258
62272,A4,344400,62272,0.250969529086,-0.0817142857143,1998MM03,107.157593123
62273,A4,344400,62273,0.262326869806,-0.0811428571429,1998MM04,107.108595989
62274,A4,344400,62274,0.273684210526,-0.0805714285714,1998MM05,107.059598854
62275,A4,344400,62275,0.285041551247,-0.08,1998MM06,107.010601719
62276,A4,344400,62276,0.296398891967,-0.0794285714286,1998MM07,106.961604585
62277,A4,344400,62277,0.307756232687,-0.0788571428571,1998MM08,106.91260745
62278,A4,344400,62278,0.319113573407,-0.0782857142857,1998MM09,106.863610315
62279,A4,344400,62279,0.330470914127,-0.0777142857143,1998MM10,106.814613181
62280,A4,344400,62280,0.341828254848,-0.0771428571429,1998MM11,106.765616046
62281,A4,344400,62281,0.353185595568,-0.0765714285714,1998MM12,106.716618911
62283,A4,344400,62283,0.364542936288,-0.076,1999MM01,106.667621777
62284,A4,344400,62284,0.375900277008,-0.0754285714286,1999MM02,106.618624642
62285,A4,344400,62285,0.387257617729,-0.0748571428571,1999MM03,106.569627507
62286,A4,344400,62286,0.398614958449,-0.0742857142857,1999MM04,106.520630372
62287,A4,344400,62287,0.409972299169,-0.0737142857143,1999MM05,106.471633238
62288,A4,344400,62288,0.421329639889,-0.0731428571429,1999MM06,106.422636103
62289,A4,344400,62289,0.432686980609,-0.0725714285714,1999MM07,106.373638968
62290,A4,344400,62290,0.44404432133,-0.072,1999MM08,106.324641834
62291,A4,344400,62291,0.45540166205,-0.0714285714286,1999MM09,106.275644699
62292,A4,344400,62292,0.46675900277,-0.0708571428571,1999MM10,106.226647564
62293,A4,344400,62293,0.47811634349,-0.0702857142857,1999MM11,106.17765043
62294,A4,344400,62294,0.489473684211,-0.0697142857143,1999MM12,106.128653295
62296,A4,344400,62296,0.500831024931,-0.0691428571429,2000MM01,106.07965616
62297,A4,344400,62297,0.512188365651,-0.0685714285714,2000MM02,106.030659026
62298,A4,344400,62298,0.523545706371,-0.068,2000MM03,105.981661891
62299,A4,344400,62299,0.534903047091,-0.0674285714286,2000MM04,105.932664756
62300,A4,344400,62300,0.546260387812,-0.0668571428571,2000MM05,105.883667622
62301,A4,344400,62301,0.557617728532,-0.0662857142857,2000MM06,105.834670487
62302,A4,344400,62302,0.568975069252,-0.0657142857143,2000MM07,105.785673352
62303,A4,344400,62303,0.580332409972,-0.0651428571429,2000MM08,105.736676218
62304,A4,344400,62304,0.591689750693,-0.0645714285714,2000MM09,105.687679083
62305,A4,344400,62305,0.603047091413,-0.064,2000MM10,105.638681948
62306,A4,344400,62306,0.614404432133,-0.0634285714286,2000MM11,105.589684814
62307,A4,344400,62307,0.625761772853,-0.0628571428571,2000MM12,105.540687679
62309,A4,344400,62309,0.637119113573,-0.0622857142857,2001MM01,105.491690544
62310,A4,344400,62310,0.648476454294,-0.0617142857143,2001MM02,105.44269341
62311,A4,344400,62311,0.659833795014,-0.0611428571429,2001MM03,105.393696275
62312,A4,344400,62312,0.671191135734,-0.0605714285714,2001MM04,105.34469914
62313,A4,344400,62313,0.682548476454,-0.06,2001MM05,105.295702006
62314,A4,344400,62314,0.693905817175,-0.0594285714286,2001MM06,105.246704871
62315,A4,344400,62315,0.705263157895,-0.0588571428571,2001MM07,105.197707736
62316,A4,344400,62316,0.716620498615,-0.0582857142857,2001MM08,105.148710602
62317,A4,344400,62317,0.727977839335,-0.0577142857143,2001MM09,105.099713467
62318,A4,344400,62318,0.739335180055,-0.0571428571429,2001MM10,105.050716332
62319,A4,344400,62319,0.750692520776,-0.0565714285714,2001MM11,105.001719198
62320,A4,344400,62320,0.762049861496,-0.056,2001MM12,104.952722063
62322,A4,344400,62322,0.773407202216,-0.0554285714286,2002MM01,104.903724928
62323,A4,344400,62323,0.784764542936,-0.0548571428571,2002MM02,104.854727794
62324,A4,344400,62324,0.796121883657,-0.0542857142857,2002MM03,104.805730659
62325,A4,344400,62325,0.807479224377,-0.0537142857143,2002MM04,104.756733524
62326,A4,344400,62326,0.818836565097,-0.0531428571429,2002MM05,104.70773639
62327,A4,344400,62327,0.830193905817,-0.0525714285714,2002MM06,104.658739255
62328,A4,344400,62328,0.841551246537,-0.052,2002MM07,104.60974212
62329,A4,344400,62329,0.852908587258,-0.0514285714286,2002MM08,104.560744986
62330,A4,344400,62330,0.864265927978,-0.0508571428571,2002MM09,104.511747851
62331,A4,344400,62331,0.875623268698,-0.0502857142857,2002MM10,104.462750716
62332,A4,344400,62332,0.886980609418,-0.0497142857143,2002MM11,104.413753582
62333,A4,344400,62333,0.898337950139,-0.0491428571429,2002MM12,104.364756447
62335,A4,344400,62335,0.909695290859,-0.0485714285714,2003MM01,104.315759312
62336,A4,344400,62336,0.921052631579,-0.048,2003MM02,104.266762178
62337,A4,344400,62337,0.932409972299,-0.0474285714286,2003MM03,104.217765043
62338,A4,344400,62338,0.943767313019,-0.0468571428571,2003MM04,104.168767908
62339,A4,344400,62339,0.95512465374,-0.0462857142857,2003MM05,104.119770774
62340,A4,344400,62340,0.96648199446,-0.0457142857143,2003MM06,104.070773639
62341,A4,344400,62341,0.97783933518,-0.0451428571429,2003MM07,104.021776504
62342,A4,344400,62342,0.9891966759,-0.0445714285714,2003MM08,103.97277937
62343,A4,344400,62343,1.00055401662,-0.044,2003MM09,103.923782235
62344,A4,344400,62344,1.01191135734,-0.0434285714286,2003MM10,103.8747851
62345,A4,344400,62345,1.02326869806,-0.0428571428571,2003MM11,103.825787966
62346,A4,344400,62346,1.03462603878,-0.0422857142857,2003MM12,103.776790831
62348,A4,344400,62348,1.0459833795,-0.0417142857143,2004MM01,103.727793696
62349,A4,344400,62349,1.05734072022,-0.0411428571429,2004MM02,103.678796562
62350,A4,344400,62350,1.06869806094,-0.0405714285714,2004MM03,103.629799427
62351,A4,344400,62351,1.08005540166,-0.04,2004MM04,103.580802292
62352,A4,344400,62352,1.09141274238,-0.0394285714286,2004MM05,103.531805158
62353,A4,344400,62353,1.1027700831,-0.0388571428571,2004MM06,103.482808023
62354,A4,344400,62354,1.11412742382,-0.0382857142857,2004MM07,103.433810888
62355,A4,344400,62355,1.12548476454,-0.0377142857143,2004MM08,103.384813754
62356,A4,344400,62356,1.13684210526,-0.0371428571429,2004MM09,103.335816619
62357,A4,344400,62357,1.14819944598,-0.0365714285714,2004MM10,103.286819484
62358,A4,344400,62358,1.1595567867,-0.036,2004MM11,103.23782235
62359,A4,344400,62359,1.17091412742,-0.0354285714286,2004MM12,103.188825215
62361,A4,344400,62361,1.18227146814,-0.0348571428571,2005MM01,103.13982808
62362,A4,344400,62362,1.19362880886,-0.0342857142857,2005MM02,103.090830946
62363,A4,344400,62363,1.20498614958,-0.0337142857143,2005MM03,103.041833811
62364,A4,344400,62364,1.2163434903,-0.0331428571429,2005MM04,102.992836676
62365,A4,344400,62365,1.22770083102,-0.0325714285714,2005MM05,102.943839542
62366,A4,344400,62366,1.23905817175,-0.032,2005MM06,102.894842407
62367,A4,344400,62367,1.25041551247,-0.0314285714286,2005MM07,102.845845272
62368,A4,344400,62368,1.26177285319,-0.0308571428571,2005MM08,102.796848138
62369,A4,344400,62369,1.27313019391,-0.0302857142857,2005MM09,102.747851003
62370,A4,344400,62370,1.28448753463,-0.0297142857143,2005MM10,102.698853868
62371,A4,344400,62371,1.29584487535,-0.0291428571429,2005MM11,102.649856734
62372,A4,344400,62372,1.30720221607,-0.0285714285714,2005MM12,102.600859599
62374,A4,344400,62374,1.31855955679,-0.028,2006MM01,102.551862464
62375,A4,344400,62375,1.32991689751,-0.0274285714286,2006MM02,102.50286533
62376,A4,344400,62376,1.34127423823,-0.0268571428571,2006MM03,102.453868195
62377,A4,344400,62377,1.35263157895,-0.0262857142857,2006MM04,102.40487106
62378,A4,344400,62378,1.36398891967,-0.0257142857143,2006MM05,102.355873926
62379,A4,344400,62379,1.37534626039,-0.0251428571429,2006MM06,102.306876791
62380,A4,344400,62380,1.38670360111,-0.0245714285714,2006MM07,102.257879656
62381,A4,344400,62381,1.39806094183,-0.024,2006MM08,102.208882521
62382,A4,344400,62382,1.40941828255,-0.0234285714286,2006MM09,102.159885387
62383,A4,344400,62383,1.42077562327,-0.0228571428571,2006MM10,102.110888252
62384,A4,344400,62384,1.43213296399,-0.0222857142857,2006MM11,102.061891117
62385,A4,344400,62385,1.44349030471,-0.0217142857143,2006MM12,102.012893983
62387,A4,344400,62387,1.45484764543,-0.0211428571429,2007MM01,101.963896848
62388,A4,344400,62388,1.46620498615,-0.0205714285714,2007MM02,101.914899713
62389,A4,344400,62389,1.47756232687,-0.02,2007MM03,101.865902579
62390,A4,344400,62390,1.48891966759,-0.0194285714286,2007MM04,101.816905444
62391,A4,344400,62391,1.50027700831,-0.0188571428571,2007MM05,101.767908309
62392,A4,344400,62392,1.51163434903,-0.0182857142857,2007MM06,101.718911175
62393,A4,344400,62393,1.52299168975,-0.0177142857143,2007MM07,101.66991404
62394,A4,344400,62394,1.53434903047,-0.0171428571429,2007MM08,101.620916905
62395,A4,344400,62395,1.54570637119,-0.0165714285714,2007MM09,101.571919771
62396,A4,344400,62396,1.55706371191,-0.016,2007MM10,101.522922636
62397,A4,344400,62397,1.56842105263,-0.0154285714286,2007MM11,101.473925501
62398,A4,344400,62398,1.57977839335,-0.0148571428571,2007MM12,101.424928367
62400,A4,344400,62400,1.59113573407,-0.0142857142857,2008MM01,101.375931232
62401,A4,344400,62401,1.60249307479,-0.0137142857143,2008MM02,101.326934097
62402,A4,344400,62402,1.61385041551,-0.0131428571429,2008MM03,101.277936963
62403,A4,344400,62403,1.62520775623,-0.0125714285714,2008MM04,101.228939828
62404,A4,344400,62404,1.63656509695,-0.012,2008MM05,101.179942693
62405,A4,344400,62405,1.64792243767,-0.0114285714286,2008MM06,101.130945559
62406,A4,344400,62406,1.65927977839,-0.0108571428571,2008MM07,101.081948424
62407,A4,344400,62407,1.67063711911,-0.0102857142857,2008MM08,101.032951289
62408,A4,344400,62408,1.68199445983,-0.00971428571429,2008MM09,100.983954155
62409,A4,344400,62409,1.69335180055,-0.00914285714286,2008MM10,100.93495702
62410,A4,344400,62410,1.70470914127,-0.00857142857143,2008MM11,100.885959885
62411,A4,344400,62411,1.71606648199,-0.008,2008MM12,100.836962751
62413,A4,344400,62413,1.72742382271,-0.00742857142857,2009MM01,100.787965616
62414,A4,344400,62414,1.73878116343,-0.00685714285714,2009MM02,100.738968481
62415,A4,344400,62415,1.75013850416,-0.00628571428571,2009MM03,100.689971347
62416,A4,344400,62416,1.76149584488,-0.00571428571429,2009MM04,100.640974212
62417,A4,344400,62417,1.7728531856,-0.00514285714286,2009MM05,100.591977077
62418,A4,344400,62418,1.78421052632,-0.00457142857143,2009MM06,100.542979943
62419,A4,344400,62419,1.79556786704,-0.004,2009MM07,100.493982808
62420,A4,344400,62420,1.80692520776,-0.00342857142857,2009MM08,100.444985673
62421,A4,344400,62421,1.81828254848,-0.00285714285714,2009MM09,100.395988539
62422,A4,344400,62422,1.8296398892,-0.00228571428571,2009MM10,100.346991404
62423,A4,344400,62423,1.84099722992,-0.00171428571429,2009MM11,100.297994269
62424,A4,344400,62424,1.85235457064,-0.00114285714286,2009MM12,100.248997135
62426,A4,344400,62426,1.86371191136,-0.000571428571429,2010MM01,100.2
62427,A4,344400,62427,1.87506925208,0.0,2010MM02,100.2
62428,A4,344400,62428,1.8864265928,0.1,2010MM03,100.3
62429,A4,344400,62429,1.89778393352,-0.8,2010MM04,99.5
62430,A4,344400,62430,1.90914127424,0.0,2010MM05,99.5
62431,A4,344400,62431,1.92049861496,0.0,2010MM06,99.5
62432,A4,344400,62432,1.93185595568,0.2,2010MM07,99.7
62433,A4,344400,62433,1.9432132964,0.0,2010MM08,99.7
62434,A4,344400,62434,1.95457063712,0.0,2010MM09,99.7
62435,A4,344400,62435,1.96592797784,0.7,2010MM10,100.5
62436,A4,344400,62436,1.97728531856,0.0,2010MM11,100.5
62437,A4,344400,62437,1.98864265928,0.0,2010MM12,100.5
62439,A4,344400,62439,2.0,1.8,2011MM01,102.2
62440,A4,344400,62440,2.3,0.3,2011MM02,102.6
62441,A4,344400,62441,2.2,0.0,2011MM03,102.6
62442,A4,344400,62442,2.9,-0.1,2011MM04,102.5
62443,A4,344400,62443,2.9,0.0,2011MM05,102.5
62444,A4,344400,62444,2.9,0.0,2011MM06,102.5
62445,A4,344400,62445,2.8,0.1,2011MM07,102.5
62446,A4,344400,62446,2.8,0.0,2011MM08,102.5
62447,A4,344400,62447,2.9,0.1,2011MM09,102.7
62448,A4,344400,62448,2.7,0.5,2011MM10,103.2
62449,A4,344400,62449,2.7,0.0,2011MM11,103.2
62450,A4,344400,62450,2.7,0.0,2011MM12,103.2
62452,A4,344400,62452,2.4,1.5,2012MM01,104.7
62453,A4,344400,62453,2.1,0.0,2012MM02,104.7
62454,A4,344400,62454,2.2,0.1,2012MM03,104.8
62455,A4,344400,62455,2.2,-0.1,2012MM04,104.8
62456,A4,344400,62456,2.2,0.0,2012MM05,104.8
62457,A4,344400,62457,2.2,0.0,2012MM06,104.8
62458,A4,344400,62458,2.3,0.1,2012MM07,104.9
62459,A4,344400,62459,2.3,0.1,2012MM08,104.9
62460,A4,344400,62460,2.2,0.0,2012MM09,104.9
62461,A4,344400,62461,1.7,0.0,2012MM10,104.9
62462,A4,344400,62462,1.7,0.0,2012MM11,104.9
62463,A4,344400,62463,1.7,0.0,2012MM12,104.9
62465,A4,344400,62465,0.5,0.3,2013MM01,105.2
62466,A4,344400,62466,0.7,0.2,2013MM02,105.5
62467,A4,344400,62467,0.5,-0.1,2013MM03,105.4
62468,A4,344400,62468,0.8,0.2,2013MM04,105.6
62469,A4,344400,62469,0.8,0.0,2013MM05,105.6
62470,A4,344400,62470,0.8,0.0,2013MM06,105.6
62471,A4,344400,62471,0.8,0.1,2013MM07,105.8
62472,A4,344400,62472,0.8,0.0,2013MM08,105.8
62473,A4,344400,62473,0.8,0.0,2013MM09,105.8
62474,A4,344400,62474,0.9,0.1,2013MM10,105.9
62475,A4,344400,62475,0.9,0.0,2013MM11,105.9
62476,A4,344400,62476,0.9,0.0,2013MM12,105.9
62478,A4,344400,62478,1.2,0.6,2014MM01,106.5
62479,A4,344400,62479,1.6,0.7,2014MM02,107.2
62480,A4,344400,62480,1.5,-0.3,2014MM03,106.9
62481,A4,344400,62481,3.3,2.1,2014MM04,109.1
62482,A4,344400,62482,3.5,0.2,2014MM05,109.3
62483,A4,344400,62483,3.7,0.3,2014MM06,109.6
62484,A4,344400,62484,3.8,0.2,2014MM07,109.8
62485,A4,344400,62485,4.2,0.5,2014MM08,110.3
62486,A4,344400,62486,5.2,0.8,2014MM09,111.2
62487,A4,344400,62487,5.8,0.7,2014MM10,112.0
62488,A4,344400,62488,6.4,0.6,2014MM11,112.7
62489,A4,344400,62489,6.9,0.4,2014MM12,113.2
62491,A4,344400,62491,8.3,1.9,2015MM01,115.4
62492,A4,344400,62492,8.3,0.7,2015MM02,116.2
62493,A4,344400,62493,10.2,1.4,2015MM03,117.8
62494,A4,344400,62494,8.1,0.1,2015MM04,118.0
62495,A4,344400,62495,6.8,-1.1,2015MM05,116.8
62496,A4,344400,62496,6.4,-0.2,2015MM06,116.6
62497,A4,344400,62497,6.9,0.7,2015MM07,117.3
62498,A4,344400,62498,5.9,-0.5,2015MM08,116.8
62499,A4,344400,62499,4.7,-0.3,2015MM09,116.4
62500,A4,344400,62500,3.9,0.0,2015MM10,116.4
62501,A4,344400,62501,5.1,1.8,2015MM11,118.5
62502,A4,344400,62502,4.2,-0.5,2015MM12,117.9
62504,A4,344400,62504,3.1,0.9,2016MM01,118.9
62505,A4,344400,62505,1.8,-0.5,2016MM02,118.3
62506,A4,344400,62506,0.4,0.0,2016MM03,118.3
62507,A4,344400,62507,-0.1,-0.4,2016MM04,117.9
62508,A4,344400,62508,1.0,0.1,2016MM05,117.9
62509,A4,344400,62509,1.4,0.2,2016MM06,118.2
62510,A4,344400,62510,1.1,0.4,2016MM07,118.6
62511,A4,344400,62511,1.2,-0.3,2016MM08,118.2
62512,A4,344400,62512,1.5,0.0,2016MM09,118.2
62513,A4,344400,62513,1.8,0.3,2016MM10,118.5
62514,A4,344400,62514,0.6,0.5,2016MM11,119.2
62515,A4,344400,62515,1.7,0.6,2016MM12,119.9
62517,A4,344400,62517,1.1,0.3,2017MM01,120.3
62518,A4,344400,62518,1.6,-0.1,2017MM02,120.2
62519,A4,344400,62519,1.5,-0.1,2017MM03,120.1
62520,A4,344400,62520,1.8,-0.1,2017MM04,120.0
62521,A4,344400,62521,1.0,-0.7,2017MM05,119.1
62522,A4,344400,62522,0.5,-0.3,2017MM06,118.7
62523,A4,344400,62523,-0.4,-0.5,2017MM07,118.1
62524,A4,344400,62524,-0.6,-0.5,2017MM08,117.4
62525,A4,344400,62525,-0.8,-0.2,2017MM09,117.2
62526,A4,344400,62526,-0.9,0.2,2017MM10,117.5
62527,A4,344400,62527,-1.4,0.0,2017MM11,117.5
62528,A4,344400,62528,-2.1,-0.2,2017MM12,117.3
