,Afzet,BedrijfstakkenBranchesSBI2008,ID,OntwikkelingTOV1JaarEerder_2,OntwikkelingTOV1MaandEerder_3,Perioden,ProducentenprijsindexPPI_1
30303,A6,346600,30303,,,1981MM01,81.6
30304,A6,346600,30304,,1.9,1981MM02,83.1
30305,A6,346600,30305,,1.9,1981MM03,84.7
30306,A6,346600,30306,,2.4,1981MM04,86.7
30307,A6,346600,30307,,2.6,1981MM05,89.0
30308,A6,346600,30308,,1.0,1981MM06,89.9
30309,A6,346600,30309,,2.7,1981MM07,92.3
30310,A6,346600,30310,,1.3,1981MM08,93.5
30311,A6,346600,30311,,1.4,1981MM09,94.7
30312,A6,346600,30312,,0.4,1981MM10,95.1
30313,A6,346600,30313,,1.1,1981MM11,96.2
30314,A6,346600,30314,,-0.3,1981MM12,95.9
30316,A6,346600,30316,18.1,0.5,1982MM01,96.3
30317,A6,346600,30317,16.2,0.3,1982MM02,96.6
30318,A6,346600,30318,13.6,-0.4,1982MM03,96.2
30319,A6,346600,30319,9.9,-1.0,1982MM04,95.3
30320,A6,346600,30320,6.8,-0.3,1982MM05,95.0
30321,A6,346600,30321,6.2,0.5,1982MM06,95.5
30322,A6,346600,30322,2.9,-0.5,1982MM07,95.0
30323,A6,346600,30323,1.5,-0.2,1982MM08,94.8
30324,A6,346600,30324,0.3,0.2,1982MM09,95.0
30325,A6,346600,30325,-1.5,-1.3,1982MM10,93.7
30326,A6,346600,30326,-2.2,0.4,1982MM11,94.1
30327,A6,346600,30327,-2.1,-0.2,1982MM12,93.9
30329,A6,346600,30329,-1.7,0.8,1983MM01,94.7
30330,A6,346600,30330,-2.6,-0.7,1983MM02,94.1
30331,A6,346600,30331,-2.1,0.2,1983MM03,94.2
30332,A6,346600,30332,-1.9,-0.8,1983MM04,93.5
30333,A6,346600,30333,-1.3,0.3,1983MM05,93.7
30334,A6,346600,30334,-1.7,0.1,1983MM06,93.9
30335,A6,346600,30335,-2.2,-1.0,1983MM07,92.9
30336,A6,346600,30336,-2.8,-0.8,1983MM08,92.1
30337,A6,346600,30337,-3.9,-1.0,1983MM09,91.3
30338,A6,346600,30338,-1.7,1.0,1983MM10,92.1
30339,A6,346600,30339,-1.6,0.5,1983MM11,92.6
30340,A6,346600,30340,-1.8,-0.5,1983MM12,92.2
30342,A6,346600,30342,-2.6,0.1,1984MM01,92.3
30343,A6,346600,30343,-1.4,0.5,1984MM02,92.7
30344,A6,346600,30344,-1.8,-0.2,1984MM03,92.5
30345,A6,346600,30345,-0.7,0.4,1984MM04,92.8
30346,A6,346600,30346,-0.6,0.3,1984MM05,93.2
30347,A6,346600,30347,-0.9,-0.2,1984MM06,93.0
30348,A6,346600,30348,-0.1,-0.2,1984MM07,92.8
30349,A6,346600,30349,1.4,0.6,1984MM08,93.4
30350,A6,346600,30350,3.1,0.7,1984MM09,94.1
30351,A6,346600,30351,1.7,-0.5,1984MM10,93.7
30352,A6,346600,30352,1.4,0.3,1984MM11,93.9
30353,A6,346600,30353,2.7,0.8,1984MM12,94.7
30355,A6,346600,30355,4.0,1.4,1985MM01,96.0
30356,A6,346600,30356,3.6,0.1,1985MM02,96.0
30357,A6,346600,30357,4.3,0.4,1985MM03,96.5
30358,A6,346600,30358,4.3,0.4,1985MM04,96.8
30359,A6,346600,30359,4.7,0.8,1985MM05,97.6
30360,A6,346600,30360,5.3,0.3,1985MM06,97.9
30361,A6,346600,30361,4.2,-1.2,1985MM07,96.8
30362,A6,346600,30362,3.7,0.1,1985MM08,96.9
30363,A6,346600,30363,2.7,-0.3,1985MM09,96.7
30364,A6,346600,30364,0.3,-2.8,1985MM10,94.0
30365,A6,346600,30365,-1.9,-1.9,1985MM11,92.1
30366,A6,346600,30366,-3.1,-0.4,1985MM12,91.8
30368,A6,346600,30368,-8.7,-4.5,1986MM01,87.6
30369,A6,346600,30369,-10.2,-1.5,1986MM02,86.3
30370,A6,346600,30370,-11.9,-1.5,1986MM03,85.0
30371,A6,346600,30371,-13.8,-1.8,1986MM04,83.5
30372,A6,346600,30372,-17.0,-2.9,1986MM05,81.0
30373,A6,346600,30373,-17.7,-0.6,1986MM06,80.6
30374,A6,346600,30374,-21.2,-5.4,1986MM07,76.2
30375,A6,346600,30375,-23.1,-2.2,1986MM08,74.6
30376,A6,346600,30376,-24.5,-2.1,1986MM09,73.0
30377,A6,346600,30377,-25.4,-3.9,1986MM10,70.1
30378,A6,346600,30378,-25.7,-2.3,1986MM11,68.5
30379,A6,346600,30379,-26.2,-1.1,1986MM12,67.8
30381,A6,346600,30381,-22.7,-0.1,1987MM01,67.7
30382,A6,346600,30382,-21.1,0.5,1987MM02,68.0
30383,A6,346600,30383,-20.1,-0.2,1987MM03,67.9
30384,A6,346600,30384,-17.2,1.7,1987MM04,69.1
30385,A6,346600,30385,-13.2,1.9,1987MM05,70.3
30386,A6,346600,30386,-12.8,-0.1,1987MM06,70.3
30387,A6,346600,30387,-7.9,-0.1,1987MM07,70.2
30388,A6,346600,30388,-6.2,-0.4,1987MM08,69.9
30389,A6,346600,30389,-4.3,-0.1,1987MM09,69.9
30390,A6,346600,30390,-0.2,0.1,1987MM10,69.9
30391,A6,346600,30391,2.1,0.0,1987MM11,69.9
30392,A6,346600,30392,3.1,-0.1,1987MM12,69.8
30394,A6,346600,30394,2.7,-0.4,1988MM01,69.5
30395,A6,346600,30395,2.1,-0.1,1988MM02,69.5
30396,A6,346600,30396,1.8,-0.4,1988MM03,69.2
30397,A6,346600,30397,-1.7,-1.8,1988MM04,67.9
30398,A6,346600,30398,-3.7,-0.3,1988MM05,67.7
30399,A6,346600,30399,-3.3,0.3,1988MM06,67.9
30400,A6,346600,30400,-5.3,-2.1,1988MM07,66.5
30401,A6,346600,30401,-5.2,-0.2,1988MM08,66.3
30402,A6,346600,30402,-5.4,-0.3,1988MM09,66.1
30403,A6,346600,30403,-5.4,0.0,1988MM10,66.1
30404,A6,346600,30404,-5.6,-0.2,1988MM11,66.0
30405,A6,346600,30405,-5.3,0.1,1988MM12,66.1
30407,A6,346600,30407,-3.2,1.8,1989MM01,67.3
30408,A6,346600,30408,-2.9,0.2,1989MM02,67.5
30409,A6,346600,30409,-2.3,0.1,1989MM03,67.6
30410,A6,346600,30410,-1.4,-1.0,1989MM04,66.9
30411,A6,346600,30411,-1.7,-0.5,1989MM05,66.6
30412,A6,346600,30412,-2.1,-0.2,1989MM06,66.4
30413,A6,346600,30413,3.0,3.0,1989MM07,68.5
30414,A6,346600,30414,3.0,-0.3,1989MM08,68.3
30415,A6,346600,30415,3.1,-0.2,1989MM09,68.1
30416,A6,346600,30416,3.6,0.6,1989MM10,68.5
30417,A6,346600,30417,3.6,-0.2,1989MM11,68.4
30418,A6,346600,30418,2.7,-0.7,1989MM12,67.9
30420,A6,346600,30420,1.0,0.2,1990MM01,68.0
30421,A6,346600,30421,0.4,-0.4,1990MM02,67.8
30422,A6,346600,30422,-0.4,-0.7,1990MM03,67.3
30423,A6,346600,30423,0.1,-0.5,1990MM04,67.0
30424,A6,346600,30424,0.3,-0.3,1990MM05,66.7
30425,A6,346600,30425,0.0,-0.5,1990MM06,66.4
30426,A6,346600,30426,-3.0,0.0,1990MM07,66.4
30427,A6,346600,30427,-2.9,-0.2,1990MM08,66.3
30428,A6,346600,30428,-2.9,-0.1,1990MM09,66.2
30429,A6,346600,30429,-4.6,-1.3,1990MM10,65.4
30430,A6,346600,30430,-4.5,-0.1,1990MM11,65.3
30431,A6,346600,30431,-3.7,0.1,1990MM12,65.3
30433,A6,346600,30433,1.1,5.2,1991MM01,68.8
30434,A6,346600,30434,1.7,0.3,1991MM02,68.9
30435,A6,346600,30435,2.9,0.5,1991MM03,69.3
30436,A6,346600,30436,4.2,0.8,1991MM04,69.8
30437,A6,346600,30437,4.9,0.3,1991MM05,70.0
30438,A6,346600,30438,5.5,0.1,1991MM06,70.1
30439,A6,346600,30439,6.7,1.1,1991MM07,70.9
30440,A6,346600,30440,6.9,0.0,1991MM08,70.9
30441,A6,346600,30441,7.1,0.0,1991MM09,70.9
30442,A6,346600,30442,7.1,-1.3,1991MM10,70.0
30443,A6,346600,30443,6.8,-0.3,1991MM11,69.7
30444,A6,346600,30444,6.6,-0.1,1991MM12,69.7
30446,A6,346600,30446,-1.4,-2.7,1992MM01,67.8
30447,A6,346600,30447,-1.7,0.0,1992MM02,67.8
30448,A6,346600,30448,-2.1,0.0,1992MM03,67.8
30449,A6,346600,30449,-3.4,-0.5,1992MM04,67.4
30450,A6,346600,30450,-3.8,-0.1,1992MM05,67.3
30451,A6,346600,30451,-3.9,0.0,1992MM06,67.3
30452,A6,346600,30452,-3.2,1.9,1992MM07,68.6
30453,A6,346600,30453,-3.2,0.0,1992MM08,68.7
30454,A6,346600,30454,-3.2,0.0,1992MM09,68.7
30455,A6,346600,30455,-2.3,-0.5,1992MM10,68.3
30456,A6,346600,30456,-2.0,0.0,1992MM11,68.3
30457,A6,346600,30457,-1.9,0.0,1992MM12,68.3
30459,A6,346600,30459,-2.6,-3.3,1993MM01,66.1
30460,A6,346600,30460,-2.5,0.0,1993MM02,66.1
30461,A6,346600,30461,-2.5,0.0,1993MM03,66.1
30462,A6,346600,30462,-2.1,-0.1,1993MM04,66.0
30463,A6,346600,30463,-1.9,0.1,1993MM05,66.1
30464,A6,346600,30464,-2.0,-0.1,1993MM06,66.0
30465,A6,346600,30465,-4.3,-0.5,1993MM07,65.7
30466,A6,346600,30466,-4.4,0.0,1993MM08,65.7
30467,A6,346600,30467,-4.4,-0.1,1993MM09,65.6
30468,A6,346600,30468,-3.5,0.5,1993MM10,65.9
30469,A6,346600,30469,-3.2,0.3,1993MM11,66.1
30470,A6,346600,30470,-3.2,0.1,1993MM12,66.2
30472,A6,346600,30472,2.2,2.0,1994MM01,67.5
30473,A6,346600,30473,2.1,0.0,1994MM02,67.5
30474,A6,346600,30474,2.1,-0.1,1994MM03,67.5
30475,A6,346600,30475,1.0,-1.2,1994MM04,66.6
30476,A6,346600,30476,0.6,-0.2,1994MM05,66.5
30477,A6,346600,30477,0.8,0.0,1994MM06,66.5
30478,A6,346600,30478,0.1,-1.1,1994MM07,65.8
30479,A6,346600,30479,0.2,0.1,1994MM08,65.8
30480,A6,346600,30480,0.4,0.1,1994MM09,65.9
30481,A6,346600,30481,1.3,1.4,1994MM10,66.8
30482,A6,346600,30482,1.3,0.4,1994MM11,67.0
30483,A6,346600,30483,1.4,0.1,1994MM12,67.1
30485,A6,346600,30485,2.0,2.6,1995MM01,68.8
30486,A6,346600,30486,2.1,0.1,1995MM02,68.9
30487,A6,346600,30487,2.3,0.1,1995MM03,69.0
30488,A6,346600,30488,3.8,0.2,1995MM04,69.2
30489,A6,346600,30489,4.1,0.1,1995MM05,69.2
30490,A6,346600,30490,4.2,0.1,1995MM06,69.3
30491,A6,346600,30491,2.5,-2.7,1995MM07,67.4
30492,A6,346600,30492,2.4,0.0,1995MM08,67.4
30493,A6,346600,30493,2.4,0.0,1995MM09,67.4
30494,A6,346600,30494,1.1,0.1,1995MM10,67.5
30495,A6,346600,30495,0.7,0.0,1995MM11,67.5
30496,A6,346600,30496,0.5,0.0,1995MM12,67.5
30498,A6,346600,30498,-1.6,0.4,1996MM01,67.7
30499,A6,346600,30499,-1.8,0.0,1996MM02,67.7
30500,A6,346600,30500,-2.0,-0.1,1996MM03,67.6
30501,A6,346600,30501,-2.3,-0.1,1996MM04,67.5
30502,A6,346600,30502,-2.5,-0.1,1996MM05,67.5
30503,A6,346600,30503,-2.6,0.0,1996MM06,67.5
30504,A6,346600,30504,4.1,4.0,1996MM07,70.2
30505,A6,346600,30505,4.0,0.0,1996MM08,70.1
30506,A6,346600,30506,4.1,0.1,1996MM09,70.2
30507,A6,346600,30507,4.0,0.0,1996MM10,70.2
30508,A6,346600,30508,4.0,0.0,1996MM11,70.2
30509,A6,346600,30509,4.0,0.0,1996MM12,70.2
30511,A6,346600,30511,8.8,5.0,1997MM01,73.7
30512,A6,346600,30512,8.8,0.0,1997MM02,73.7
30513,A6,346600,30513,9.0,0.0,1997MM03,73.7
30514,A6,346600,30514,9.5,0.4,1997MM04,74.0
30515,A6,346600,30515,9.7,0.1,1997MM05,74.0
30516,A6,346600,30516,9.7,0.0,1997MM06,74.1
30517,A6,346600,30517,8.8,3.0,1997MM07,76.3
30518,A6,346600,30518,8.9,0.0,1997MM08,76.3
30519,A6,346600,30519,8.9,0.1,1997MM09,76.4
30520,A6,346600,30520,9.0,0.1,1997MM10,76.5
30521,A6,346600,30521,9.0,0.0,1997MM11,76.5
30522,A6,346600,30522,9.1,0.1,1997MM12,76.6
30524,A6,346600,30524,2.0,-1.8,1998MM01,75.2
30525,A6,346600,30525,2.1,0.0,1998MM02,75.2
30526,A6,346600,30526,2.1,0.0,1998MM03,75.2
30527,A6,346600,30527,1.6,-0.1,1998MM04,75.2
30528,A6,346600,30528,1.5,0.0,1998MM05,75.1
30529,A6,346600,30529,1.4,-0.1,1998MM06,75.1
30530,A6,346600,30530,-6.3,-4.7,1998MM07,71.5
30531,A6,346600,30531,-6.5,-0.1,1998MM08,71.4
30532,A6,346600,30532,-6.7,-0.2,1998MM09,71.3
30533,A6,346600,30533,-7.0,-0.3,1998MM10,71.1
30534,A6,346600,30534,-7.3,-0.2,1998MM11,70.9
30535,A6,346600,30535,-7.6,-0.3,1998MM12,70.7
30537,A6,346600,30537,-10.8,-5.3,1999MM01,67.0
30538,A6,346600,30538,-11.0,-0.2,1999MM02,66.9
30539,A6,346600,30539,-11.1,0.0,1999MM03,66.9
30540,A6,346600,30540,-11.1,-0.1,1999MM04,66.8
30541,A6,346600,30541,-10.9,0.2,1999MM05,66.9
30542,A6,346600,30542,-10.5,0.3,1999MM06,67.1
30543,A6,346600,30543,-9.3,-3.4,1999MM07,64.9
30544,A6,346600,30544,-8.7,0.5,1999MM08,65.2
30545,A6,346600,30545,-8.0,0.6,1999MM09,65.6
30546,A6,346600,30546,-6.9,0.9,1999MM10,66.2
30547,A6,346600,30547,-5.8,0.9,1999MM11,66.8
30548,A6,346600,30548,-4.7,1.0,1999MM12,67.4
30550,A6,346600,30550,8.1,7.4,2000MM01,72.4
30551,A6,346600,30551,5.6,-2.5,2000MM02,70.7
30552,A6,346600,30552,2.7,-2.9,2000MM03,68.6
30553,A6,346600,30553,5.3,2.5,2000MM04,70.3
30554,A6,346600,30554,12.4,7.0,2000MM05,75.2
30555,A6,346600,30555,3.4,-7.8,2000MM06,69.4
30556,A6,346600,30556,5.4,-1.5,2000MM07,68.4
30557,A6,346600,30557,15.4,10.0,2000MM08,75.2
30558,A6,346600,30558,6.9,-6.8,2000MM09,70.1
30559,A6,346600,30559,8.5,2.4,2000MM10,71.8
30560,A6,346600,30560,9.2,1.5,2000MM11,72.9
30561,A6,346600,30561,11.0,2.7,2000MM12,74.8
30563,A6,346600,30563,-1.7,-4.9,2001MM01,71.2
30564,A6,346600,30564,-3.0,-3.7,2001MM02,68.5
30565,A6,346600,30565,-0.6,-0.5,2001MM03,68.2
30566,A6,346600,30566,-6.0,-3.1,2001MM04,66.1
30567,A6,346600,30567,-10.9,1.4,2001MM05,67.1
30568,A6,346600,30568,0.1,3.6,2001MM06,69.5
30569,A6,346600,30569,7.6,5.9,2001MM07,73.6
30570,A6,346600,30570,-9.8,-7.8,2001MM08,67.8
30571,A6,346600,30571,0.5,3.8,2001MM09,70.4
30572,A6,346600,30572,-7.6,-5.7,2001MM10,66.4
30573,A6,346600,30573,-4.5,4.9,2001MM11,69.7
30574,A6,346600,30574,1.1,8.6,2001MM12,75.6
30576,A6,346600,30576,-5.1,-10.7,2002MM01,67.6
30577,A6,346600,30577,-4.3,-2.9,2002MM02,65.6
30578,A6,346600,30578,-6.1,-2.4,2002MM03,64.1
30579,A6,346600,30579,-2.2,1.0,2002MM04,64.7
30580,A6,346600,30580,-6.0,-2.5,2002MM05,63.0
30581,A6,346600,30581,-1.6,8.4,2002MM06,68.3
30582,A6,346600,30582,-13.9,-7.3,2002MM07,63.3
30583,A6,346600,30583,0.0,7.1,2002MM08,67.8
30584,A6,346600,30584,-0.6,3.2,2002MM09,70.0
30585,A6,346600,30585,6.7,1.2,2002MM10,70.9
30586,A6,346600,30586,0.4,-1.3,2002MM11,69.9
30587,A6,346600,30587,-12.5,-5.3,2002MM12,66.2
30589,A6,346600,30589,9.3,11.5,2003MM01,73.8
30590,A6,346600,30590,5.9,-5.8,2003MM02,69.5
30591,A6,346600,30591,4.6,-3.6,2003MM03,67.0
30592,A6,346600,30592,0.6,-2.9,2003MM04,65.1
30593,A6,346600,30593,4.3,1.0,2003MM05,65.7
30594,A6,346600,30594,8.0,12.3,2003MM06,73.8
30595,A6,346600,30595,8.6,-6.8,2003MM07,68.8
30596,A6,346600,30596,15.8,14.2,2003MM08,78.6
30597,A6,346600,30597,-1.7,-12.4,2003MM09,68.8
30598,A6,346600,30598,5.6,8.7,2003MM10,74.8
30599,A6,346600,30599,9.5,2.3,2003MM11,76.5
30600,A6,346600,30600,7.0,-7.4,2003MM12,70.8
30602,A6,346600,30602,-7.5,-3.6,2004MM01,68.3
30603,A6,346600,30603,-0.6,1.2,2004MM02,69.1
30604,A6,346600,30604,3.7,0.6,2004MM03,69.5
30605,A6,346600,30605,-0.1,-6.4,2004MM04,65.1
30606,A6,346600,30606,1.0,2.1,2004MM05,66.4
30607,A6,346600,30607,-9.2,0.9,2004MM06,67.0
30608,A6,346600,30608,-1.3,1.3,2004MM07,67.9
30609,A6,346600,30609,-12.8,0.9,2004MM08,68.5
30610,A6,346600,30610,0.5,1.0,2004MM09,69.2
30611,A6,346600,30611,-8.4,-1.0,2004MM10,68.5
30612,A6,346600,30612,-6.2,4.8,2004MM11,71.8
30613,A6,346600,30613,-2.1,-3.3,2004MM12,69.4
30615,A6,346600,30615,1.76923076923,0.65,2005MM01,68.7
30616,A6,346600,30616,5.63846153846,4.6,2005MM02,71.8
30617,A6,346600,30617,9.50769230769,6.1,2005MM03,76.3
30618,A6,346600,30618,13.3769230769,-4.6,2005MM04,72.7
30619,A6,346600,30619,17.2461538462,-2.5,2005MM05,70.9
30620,A6,346600,30620,21.1153846154,6.3,2005MM06,75.4
30621,A6,346600,30621,24.9846153846,0.1,2005MM07,75.5
30622,A6,346600,30622,28.8538461538,-1.0,2005MM08,74.7
30623,A6,346600,30623,32.7230769231,8.6,2005MM09,81.2
30624,A6,346600,30624,36.5923076923,4.4,2005MM10,84.7
30625,A6,346600,30625,40.4615384615,6.8,2005MM11,90.5
30626,A6,346600,30626,44.3307692308,0.9,2005MM12,91.3
30628,A6,346600,30628,48.2,11.5,2006MM01,101.8
30629,A6,346600,30629,49.4,5.5,2006MM02,107.3
30630,A6,346600,30630,36.3,-3.2,2006MM03,103.9
30631,A6,346600,30631,30.0,-9.0,2006MM04,94.6
30632,A6,346600,30632,27.0,-4.8,2006MM05,90.1
30633,A6,346600,30633,23.8,3.7,2006MM06,93.4
30634,A6,346600,30634,48.3,19.9,2006MM07,112.0
30635,A6,346600,30635,27.4,-15.0,2006MM08,95.2
30636,A6,346600,30636,21.0,3.2,2006MM09,98.2
30637,A6,346600,30637,18.1,1.9,2006MM10,100.1
30638,A6,346600,30638,12.9,2.1,2006MM11,102.2
30639,A6,346600,30639,4.6,-6.6,2006MM12,95.5
30641,A6,346600,30641,-1.7,4.7,2007MM01,100.0
30642,A6,346600,30642,-8.1,-1.3,2007MM02,98.6
30643,A6,346600,30643,-7.7,-2.7,2007MM03,96.0
30644,A6,346600,30644,3.2,1.7,2007MM04,97.6
30645,A6,346600,30645,10.6,2.1,2007MM05,99.6
30646,A6,346600,30646,5.2,-1.4,2007MM06,98.3
30647,A6,346600,30647,-15.8,-4.1,2007MM07,94.3
30648,A6,346600,30648,-0.6,0.3,2007MM08,94.6
30649,A6,346600,30649,-1.7,2.1,2007MM09,96.5
30650,A6,346600,30650,12.3,16.4,2007MM10,112.4
30651,A6,346600,30651,14.0,3.7,2007MM11,116.5
30652,A6,346600,30652,20.9,-0.9,2007MM12,115.4
30654,A6,346600,30654,10.8,-4.1,2008MM01,110.7
30655,A6,346600,30655,12.8,0.5,2008MM02,111.2
30656,A6,346600,30656,14.8,-1.0,2008MM03,110.2
30657,A6,346600,30657,17.1,3.7,2008MM04,114.3
30658,A6,346600,30658,10.4,-3.7,2008MM05,110.0
30659,A6,346600,30659,18.5,5.8,2008MM06,116.4
30660,A6,346600,30660,23.5,0.0,2008MM07,116.4
30661,A6,346600,30661,18.2,-4.0,2008MM08,111.8
30662,A6,346600,30662,28.7,11.1,2008MM09,124.2
30663,A6,346600,30663,12.7,2.0,2008MM10,126.6
30664,A6,346600,30664,-0.3,-8.2,2008MM11,116.2
30665,A6,346600,30665,-2.1,-2.7,2008MM12,113.1
30667,A6,346600,30667,8.1,5.9,2009MM01,119.7
30668,A6,346600,30668,1.2,-6.0,2009MM02,112.6
30669,A6,346600,30669,-5.9,-7.9,2009MM03,103.7
30670,A6,346600,30670,-14.7,-6.0,2009MM04,97.4
30671,A6,346600,30671,-12.9,-1.6,2009MM05,95.9
30672,A6,346600,30672,-15.6,2.5,2009MM06,98.3
30673,A6,346600,30673,-14.3,1.5,2009MM07,99.7
30674,A6,346600,30674,-11.4,-0.7,2009MM08,99.0
30675,A6,346600,30675,-18.1,2.8,2009MM09,101.7
30676,A6,346600,30676,-16.3,4.2,2009MM10,106.0
30677,A6,346600,30677,-12.7,-4.4,2009MM11,101.4
30678,A6,346600,30678,-10.2,0.1,2009MM12,101.5
30680,A6,346600,30680,-18.5,-3.9,2010MM01,97.5
30681,A6,346600,30681,-12.1,1.5,2010MM02,99.0
30682,A6,346600,30682,-5.8,-1.3,2010MM03,97.7
30683,A6,346600,30683,-1.8,-2.0,2010MM04,95.7
30684,A6,346600,30684,-0.1,0.0,2010MM05,95.7
30685,A6,346600,30685,1.2,3.9,2010MM06,99.5
30686,A6,346600,30686,1.6,1.8,2010MM07,101.3
30687,A6,346600,30687,-1.2,-3.5,2010MM08,97.8
30688,A6,346600,30688,-0.2,3.8,2010MM09,101.5
30689,A6,346600,30689,-2.5,1.9,2010MM10,103.4
30690,A6,346600,30690,1.2,-0.8,2010MM11,102.6
30691,A6,346600,30691,6.7,5.5,2010MM12,108.3
30693,A6,346600,30693,4.9,-5.5,2011MM01,102.3
30694,A6,346600,30694,3.3,-0.1,2011MM02,102.3
30695,A6,346600,30695,5.2,0.5,2011MM03,102.7
30696,A6,346600,30696,6.3,-1.0,2011MM04,101.7
30697,A6,346600,30697,8.8,2.4,2011MM05,104.1
30698,A6,346600,30698,2.8,-1.8,2011MM06,102.3
30699,A6,346600,30699,-2.6,-3.5,2011MM07,98.7
30700,A6,346600,30700,1.4,0.4,2011MM08,99.2
30701,A6,346600,30701,0.7,3.1,2011MM09,102.2
30702,A6,346600,30702,-0.6,0.5,2011MM10,102.7
30703,A6,346600,30703,3.6,3.4,2011MM11,106.3
30704,A6,346600,30704,-7.4,-5.7,2011MM12,100.2
30706,A6,346600,30706,0.4,2.5,2012MM01,102.8
30707,A6,346600,30707,3.4,2.9,2012MM02,105.8
30708,A6,346600,30708,0.7,-2.2,2012MM03,103.4
30709,A6,346600,30709,-1.1,-2.7,2012MM04,100.6
30710,A6,346600,30710,-4.4,-1.1,2012MM05,99.5
30711,A6,346600,30711,-2.9,-0.2,2012MM06,99.3
30712,A6,346600,30712,0.0,-0.6,2012MM07,98.7
30713,A6,346600,30713,0.2,0.7,2012MM08,99.4
30714,A6,346600,30714,-1.3,1.6,2012MM09,100.9
30715,A6,346600,30715,0.5,2.3,2012MM10,103.2
30716,A6,346600,30716,-1.1,1.8,2012MM11,105.1
30717,A6,346600,30717,4.3,-0.5,2012MM12,104.5
30719,A6,346600,30719,-2.0,-3.7,2013MM01,100.7
30720,A6,346600,30720,-5.3,-0.6,2013MM02,100.1
30721,A6,346600,30721,-1.4,1.9,2013MM03,102.0
30722,A6,346600,30722,-0.4,-1.7,2013MM04,100.2
30723,A6,346600,30723,-0.9,-1.6,2013MM05,98.6
30724,A6,346600,30724,-2.3,-1.6,2013MM06,97.0
30725,A6,346600,30725,-2.9,-1.2,2013MM07,95.8
30726,A6,346600,30726,-3.7,-0.2,2013MM08,95.7
30727,A6,346600,30727,-3.4,1.9,2013MM09,97.5
30728,A6,346600,30728,-5.4,0.1,2013MM10,97.6
30729,A6,346600,30729,-4.8,2.4,2013MM11,100.0
30730,A6,346600,30730,-4.8,-0.5,2013MM12,99.5
30732,A6,346600,30732,-2.6,-1.5,2014MM01,98.0
30733,A6,346600,30733,-3.3,-1.3,2014MM02,96.8
30734,A6,346600,30734,-9.8,-5.0,2014MM03,92.0
30735,A6,346600,30735,-10.0,-2.0,2014MM04,90.2
30736,A6,346600,30736,-9.4,-1.0,2014MM05,89.3
30737,A6,346600,30737,-8.4,-0.5,2014MM06,88.8
30738,A6,346600,30738,-9.1,-1.9,2014MM07,87.1
30739,A6,346600,30739,-8.2,0.8,2014MM08,87.8
30740,A6,346600,30740,-5.8,4.6,2014MM09,91.8
30741,A6,346600,30741,-5.5,0.5,2014MM10,92.3
30742,A6,346600,30742,-5.9,2.0,2014MM11,94.1
30743,A6,346600,30743,-6.2,-0.8,2014MM12,93.3
30745,A6,346600,30745,-12.8,-8.5,2015MM01,85.5
30746,A6,346600,30746,-8.6,3.5,2015MM02,88.4
30747,A6,346600,30747,-5.7,-1.9,2015MM03,86.8
30748,A6,346600,30748,-5.0,-1.3,2015MM04,85.6
30749,A6,346600,30749,-6.7,-2.6,2015MM05,83.4
30750,A6,346600,30750,-4.5,1.7,2015MM06,84.8
30751,A6,346600,30751,-1.1,1.6,2015MM07,86.2
30752,A6,346600,30752,-5.8,-4.1,2015MM08,82.7
30753,A6,346600,30753,-7.7,2.5,2015MM09,84.7
30754,A6,346600,30754,-8.5,-0.4,2015MM10,84.4
30755,A6,346600,30755,-13.7,-3.7,2015MM11,81.2
30756,A6,346600,30756,-18.5,-6.4,2015MM12,76.1
30758,A6,346600,30758,-17.5054054054,-6.08076923077,2016MM01,76.42
30759,A6,346600,30759,-16.5108108108,-5.76153846154,2016MM02,76.74
30760,A6,346600,30760,-15.5162162162,-5.44230769231,2016MM03,77.06
30761,A6,346600,30761,-14.5216216216,-5.12307692308,2016MM04,77.38
30762,A6,346600,30762,-13.527027027,-4.80384615385,2016MM05,77.7
30763,A6,346600,30763,-12.5324324324,-4.48461538462,2016MM06,78.02
30764,A6,346600,30764,-11.5378378378,-4.16538461538,2016MM07,78.34
30765,A6,346600,30765,-10.5432432432,-3.84615384615,2016MM08,78.66
30766,A6,346600,30766,-9.54864864865,-3.52692307692,2016MM09,78.98
30767,A6,346600,30767,-8.55405405405,-3.20769230769,2016MM10,79.3
30768,A6,346600,30768,-7.55945945946,-2.88846153846,2016MM11,79.62
30769,A6,346600,30769,-6.56486486486,-2.56923076923,2016MM12,79.94
30771,A6,346600,30771,-5.57027027027,-2.25,2017MM01,80.26
30772,A6,346600,30772,-4.57567567568,-1.93076923077,2017MM02,80.58
30773,A6,346600,30773,-3.58108108108,-1.61153846154,2017MM03,80.9
30774,A6,346600,30774,-2.58648648649,-1.29230769231,2017MM04,81.22
30775,A6,346600,30775,-1.59189189189,-0.973076923077,2017MM05,81.54
30776,A6,346600,30776,-0.597297297297,-0.653846153846,2017MM06,81.86
30777,A6,346600,30777,0.397297297297,-0.334615384615,2017MM07,82.18
30778,A6,346600,30778,1.39189189189,-0.0153846153846,2017MM08,82.5
30779,A6,346600,30779,2.38648648649,0.303846153846,2017MM09,82.82
30780,A6,346600,30780,3.38108108108,0.623076923077,2017MM10,83.14
30781,A6,346600,30781,4.37567567568,0.942307692308,2017MM11,83.46
30782,A6,346600,30782,5.37027027027,1.26153846154,2017MM12,83.78
