,Afzet,BedrijfstakkenBranchesSBI2008,ID,OntwikkelingTOV1JaarEerder_2,OntwikkelingTOV1MaandEerder_3,Perioden,ProducentenprijsindexPPI_1
62530,A4,346600,62530,6.36486486486,1.58076923077,1981MM01,84.1
62531,A4,346600,62531,7.35945945946,1.9,1981MM02,85.7
62532,A4,346600,62532,8.35405405405,1.9,1981MM03,87.3
62533,A4,346600,62533,9.34864864865,2.4,1981MM04,89.4
62534,A4,346600,62534,10.3432432432,2.6,1981MM05,91.8
62535,A4,346600,62535,11.3378378378,1.1,1981MM06,92.8
62536,A4,346600,62536,12.3324324324,2.7,1981MM07,95.3
62537,A4,346600,62537,13.327027027,1.3,1981MM08,96.5
62538,A4,346600,62538,14.3216216216,1.4,1981MM09,97.8
62539,A4,346600,62539,15.3162162162,0.4,1981MM10,98.2
62540,A4,346600,62540,16.3108108108,1.1,1981MM11,99.3
62541,A4,346600,62541,17.3054054054,-0.3,1981MM12,99.0
62543,A4,346600,62543,18.3,0.5,1982MM01,99.5
62544,A4,346600,62544,16.4,0.3,1982MM02,99.8
62545,A4,346600,62545,13.8,-0.4,1982MM03,99.4
62546,A4,346600,62546,10.0,-1.0,1982MM04,98.4
62547,A4,346600,62547,6.8,-0.3,1982MM05,98.1
62548,A4,346600,62548,6.3,0.5,1982MM06,98.6
62549,A4,346600,62549,2.9,-0.5,1982MM07,98.1
62550,A4,346600,62550,1.5,-0.2,1982MM08,97.9
62551,A4,346600,62551,0.3,0.2,1982MM09,98.1
62552,A4,346600,62552,-1.5,-1.3,1982MM10,96.8
62553,A4,346600,62553,-2.2,0.4,1982MM11,97.2
62554,A4,346600,62554,-2.1,-0.2,1982MM12,96.9
62556,A4,346600,62556,-1.7,0.9,1983MM01,97.8
62557,A4,346600,62557,-2.6,-0.7,1983MM02,97.1
62558,A4,346600,62558,-2.1,0.2,1983MM03,97.3
62559,A4,346600,62559,-1.9,-0.8,1983MM04,96.5
62560,A4,346600,62560,-1.3,0.3,1983MM05,96.8
62561,A4,346600,62561,-1.7,0.1,1983MM06,96.9
62562,A4,346600,62562,-2.2,-1.0,1983MM07,95.9
62563,A4,346600,62563,-2.8,-0.8,1983MM08,95.1
62564,A4,346600,62564,-3.9,-0.9,1983MM09,94.2
62565,A4,346600,62565,-1.7,1.0,1983MM10,95.1
62566,A4,346600,62566,-1.5,0.6,1983MM11,95.7
62567,A4,346600,62567,-1.8,-0.5,1983MM12,95.2
62569,A4,346600,62569,-2.5,0.1,1984MM01,95.3
62570,A4,346600,62570,-1.3,0.5,1984MM02,95.8
62571,A4,346600,62571,-1.7,-0.2,1984MM03,95.6
62572,A4,346600,62572,-0.6,0.4,1984MM04,95.9
62573,A4,346600,62573,-0.5,0.3,1984MM05,96.3
62574,A4,346600,62574,-0.8,-0.2,1984MM06,96.1
62575,A4,346600,62575,0.0,-0.2,1984MM07,95.9
62576,A4,346600,62576,1.4,0.6,1984MM08,96.5
62577,A4,346600,62577,3.1,0.7,1984MM09,97.1
62578,A4,346600,62578,1.6,-0.5,1984MM10,96.6
62579,A4,346600,62579,1.2,0.2,1984MM11,96.9
62580,A4,346600,62580,2.5,0.8,1984MM12,97.6
62582,A4,346600,62582,3.7,1.3,1985MM01,98.9
62583,A4,346600,62583,3.2,0.1,1985MM02,98.9
62584,A4,346600,62584,3.5,0.0,1985MM03,98.9
62585,A4,346600,62585,3.5,0.4,1985MM04,99.3
62586,A4,346600,62586,3.5,0.3,1985MM05,99.6
62587,A4,346600,62587,4.5,0.7,1985MM06,100.4
62588,A4,346600,62588,5.0,0.3,1985MM07,100.7
62589,A4,346600,62589,3.2,-1.2,1985MM08,99.5
62590,A4,346600,62590,2.6,0.1,1985MM09,99.7
62591,A4,346600,62591,2.9,-0.3,1985MM10,99.4
62592,A4,346600,62592,-0.2,-2.8,1985MM11,96.6
62593,A4,346600,62593,-2.9,-1.9,1985MM12,94.8
62595,A4,346600,62595,-4.5,-0.4,1986MM01,94.4
62596,A4,346600,62596,-19.1,-15.2,1986MM02,80.0
62597,A4,346600,62597,-8.9,12.7,1986MM03,90.2
62598,A4,346600,62598,-10.6,-1.5,1986MM04,88.8
62599,A4,346600,62599,-12.2,-1.5,1986MM05,87.5
62600,A4,346600,62600,-14.4,-1.8,1986MM06,85.9
62601,A4,346600,62601,-17.2,-2.9,1986MM07,83.4
62602,A4,346600,62602,-16.7,-0.6,1986MM08,82.9
62603,A4,346600,62603,-21.3,-5.4,1986MM09,78.5
62604,A4,346600,62604,-22.8,-2.2,1986MM10,76.8
62605,A4,346600,62605,-22.3,-2.1,1986MM11,75.1
62606,A4,346600,62606,-23.9,-4.0,1986MM12,72.1
62608,A4,346600,62608,-25.3,-2.3,1987MM01,70.5
62609,A4,346600,62609,-12.9,-1.1,1987MM02,69.7
62610,A4,346600,62610,-20.7,2.5,1987MM03,71.5
62611,A4,346600,62611,-21.6,-2.5,1987MM04,69.7
62612,A4,346600,62612,-20.0,0.5,1987MM05,70.0
62613,A4,346600,62613,-18.7,-0.2,1987MM06,69.8
62614,A4,346600,62614,-14.9,1.7,1987MM07,71.0
62615,A4,346600,62615,-12.8,1.8,1987MM08,72.3
62616,A4,346600,62616,-8.0,-0.1,1987MM09,72.2
62617,A4,346600,62617,-6.0,-0.1,1987MM10,72.1
62618,A4,346600,62618,-4.3,-0.4,1987MM11,71.9
62619,A4,346600,62619,-0.5,-0.1,1987MM12,71.8
62621,A4,346600,62621,1.9,0.1,1988MM01,71.8
62622,A4,346600,62622,3.0,0.0,1988MM02,71.8
62623,A4,346600,62623,0.4,-0.1,1988MM03,71.8
62624,A4,346600,62624,-0.7,-3.7,1988MM04,69.1
62625,A4,346600,62625,2.2,3.5,1988MM05,71.5
62626,A4,346600,62626,2.4,0.0,1988MM06,71.5
62627,A4,346600,62627,0.4,-0.3,1988MM07,71.3
62628,A4,346600,62628,-3.1,-1.7,1988MM08,70.0
62629,A4,346600,62629,-3.1,-0.2,1988MM09,69.9
62630,A4,346600,62630,-2.7,0.4,1988MM10,70.2
62631,A4,346600,62631,-4.3,-2.0,1988MM11,68.8
62632,A4,346600,62632,-4.3,-0.2,1988MM12,68.6
62634,A4,346600,62634,-4.6,-0.2,1989MM01,68.5
62635,A4,346600,62635,-4.6,0.0,1989MM02,68.5
62636,A4,346600,62636,-4.8,-0.3,1989MM03,68.3
62637,A4,346600,62637,-1.2,-0.1,1989MM04,68.3
62638,A4,346600,62638,-1.8,2.9,1989MM05,70.3
62639,A4,346600,62639,-3.4,-1.6,1989MM06,69.1
62640,A4,346600,62640,-3.3,-0.2,1989MM07,69.0
62641,A4,346600,62641,-1.9,-0.3,1989MM08,68.7
62642,A4,346600,62642,-3.1,-1.4,1989MM09,67.7
62643,A4,346600,62643,-4.5,-1.0,1989MM10,67.1
62644,A4,346600,62644,-3.1,-0.7,1989MM11,66.6
62645,A4,346600,62645,-0.5,2.5,1989MM12,68.3
62647,A4,346600,62647,-1.1,-0.8,1990MM01,67.8
62648,A4,346600,62648,-2.4,-1.3,1990MM02,66.9
62649,A4,346600,62649,-2.4,-0.3,1990MM03,66.7
62650,A4,346600,62650,-2.9,-0.6,1990MM04,66.3
62651,A4,346600,62651,-6.0,-0.4,1990MM05,66.0
62652,A4,346600,62652,-4.7,-0.3,1990MM06,65.8
62653,A4,346600,62653,-4.9,-0.4,1990MM07,65.6
62654,A4,346600,62654,-4.5,0.1,1990MM08,65.6
62655,A4,346600,62655,-3.2,-0.1,1990MM09,65.6
62656,A4,346600,62656,-2.2,0.0,1990MM10,65.5
62657,A4,346600,62657,-2.7,-1.2,1990MM11,64.8
62658,A4,346600,62658,-5.1,0.0,1990MM12,64.8
62660,A4,346600,62660,-4.2,0.2,1991MM01,64.9
62661,A4,346600,62661,3.1,6.2,1991MM02,68.9
62662,A4,346600,62662,2.6,-0.7,1991MM03,68.4
62663,A4,346600,62663,3.4,0.2,1991MM04,68.6
62664,A4,346600,62664,4.3,0.4,1991MM05,68.8
62665,A4,346600,62665,5.4,0.8,1991MM06,69.4
62666,A4,346600,62666,6.0,0.2,1991MM07,69.5
62667,A4,346600,62667,6.0,0.1,1991MM08,69.6
62668,A4,346600,62668,7.2,1.1,1991MM09,70.3
62669,A4,346600,62669,7.2,0.0,1991MM10,70.3
62670,A4,346600,62670,8.5,0.0,1991MM11,70.3
62671,A4,346600,62671,6.9,-1.4,1991MM12,69.3
62673,A4,346600,62673,6.3,-0.4,1992MM01,69.0
62674,A4,346600,62674,0.0,-0.1,1992MM02,68.9
62675,A4,346600,62675,-1.4,-2.2,1992MM03,67.4
62676,A4,346600,62676,-2.2,-0.5,1992MM04,67.1
62677,A4,346600,62677,-2.6,0.0,1992MM05,67.1
62678,A4,346600,62678,-3.3,0.0,1992MM06,67.1
62679,A4,346600,62679,-4.0,-0.5,1992MM07,66.7
62680,A4,346600,62680,-4.1,-0.1,1992MM08,66.7
62681,A4,346600,62681,-5.1,0.0,1992MM09,66.7
62682,A4,346600,62682,-3.2,2.0,1992MM10,68.0
62683,A4,346600,62683,-3.1,0.1,1992MM11,68.1
62684,A4,346600,62684,-1.7,0.0,1992MM12,68.1
62686,A4,346600,62686,-1.7,-0.4,1993MM01,67.8
62687,A4,346600,62687,-1.6,0.0,1993MM02,67.8
62688,A4,346600,62688,0.6,0.1,1993MM03,67.9
62689,A4,346600,62689,-2.4,-3.5,1993MM04,65.5
62690,A4,346600,62690,-2.2,0.2,1993MM05,65.6
62691,A4,346600,62691,-2.2,0.0,1993MM06,65.6
62692,A4,346600,62692,-1.8,-0.1,1993MM07,65.5
62693,A4,346600,62693,-1.9,-0.2,1993MM08,65.4
62694,A4,346600,62694,-2.0,0.0,1993MM09,65.4
62695,A4,346600,62695,-4.1,-0.2,1993MM10,65.3
62696,A4,346600,62696,-4.7,-0.6,1993MM11,64.9
62697,A4,346600,62697,-4.9,-0.2,1993MM12,64.8
62699,A4,346600,62699,-4.7,-0.2,1994MM01,64.6
62700,A4,346600,62700,-4.3,0.4,1994MM02,64.9
62701,A4,346600,62701,-4.1,0.3,1994MM03,65.1
62702,A4,346600,62702,-0.4,0.1,1994MM04,65.2
62703,A4,346600,62703,0.2,0.8,1994MM05,65.7
62704,A4,346600,62704,1.7,1.5,1994MM06,66.7
62705,A4,346600,62705,2.0,0.2,1994MM07,66.8
62706,A4,346600,62706,2.4,0.2,1994MM08,67.0
62707,A4,346600,62707,1.5,-0.9,1994MM09,66.4
62708,A4,346600,62708,1.9,0.1,1994MM10,66.5
62709,A4,346600,62709,2.9,0.4,1994MM11,66.8
62710,A4,346600,62710,2.4,-0.7,1994MM12,66.3
62712,A4,346600,62712,3.2,0.6,1995MM01,66.7
62713,A4,346600,62713,3.3,0.5,1995MM02,67.0
62714,A4,346600,62714,3.4,0.5,1995MM03,67.3
62715,A4,346600,62715,3.9,0.6,1995MM04,67.7
62716,A4,346600,62716,3.5,0.4,1995MM05,68.0
62717,A4,346600,62717,2.2,0.3,1995MM06,68.1
62718,A4,346600,62718,-0.4,-2.3,1995MM07,66.6
62719,A4,346600,62719,-0.5,0.1,1995MM08,66.6
62720,A4,346600,62720,0.5,0.1,1995MM09,66.7
62721,A4,346600,62721,0.5,0.1,1995MM10,66.8
62722,A4,346600,62722,0.0,0.0,1995MM11,66.8
62723,A4,346600,62723,0.6,-0.1,1995MM12,66.7
62725,A4,346600,62725,0.5,0.4,1996MM01,67.0
62726,A4,346600,62726,-0.1,-0.1,1996MM02,66.9
62727,A4,346600,62727,-0.8,-0.2,1996MM03,66.8
62728,A4,346600,62728,-1.6,-0.3,1996MM04,66.6
62729,A4,346600,62729,-2.2,-0.2,1996MM05,66.5
62730,A4,346600,62730,-2.6,-0.1,1996MM06,66.4
62731,A4,346600,62731,3.1,3.4,1996MM07,68.6
62732,A4,346600,62732,2.9,-0.1,1996MM08,68.6
62733,A4,346600,62733,3.0,0.1,1996MM09,68.7
62734,A4,346600,62734,2.8,0.0,1996MM10,68.7
62735,A4,346600,62735,2.9,0.0,1996MM11,68.7
62736,A4,346600,62736,2.9,0.0,1996MM12,68.7
62738,A4,346600,62738,7.2,4.5,1997MM01,71.8
62739,A4,346600,62739,7.3,0.0,1997MM02,71.8
62740,A4,346600,62740,7.6,0.0,1997MM03,71.9
62741,A4,346600,62741,8.6,0.6,1997MM04,72.3
62742,A4,346600,62742,9.0,0.2,1997MM05,72.4
62743,A4,346600,62743,9.2,0.1,1997MM06,72.5
62744,A4,346600,62744,8.1,2.4,1997MM07,74.2
62745,A4,346600,62745,8.3,0.1,1997MM08,74.3
62746,A4,346600,62746,8.3,0.1,1997MM09,74.3
62747,A4,346600,62747,8.4,0.2,1997MM10,74.5
62748,A4,346600,62748,8.4,0.0,1997MM11,74.5
62749,A4,346600,62749,8.5,0.1,1997MM12,74.5
62751,A4,346600,62751,2.2,-1.5,1998MM01,73.4
62752,A4,346600,62752,2.2,0.0,1998MM02,73.4
62753,A4,346600,62753,2.2,0.0,1998MM03,73.4
62754,A4,346600,62754,1.5,-0.1,1998MM04,73.4
62755,A4,346600,62755,1.2,-0.1,1998MM05,73.3
62756,A4,346600,62756,1.1,-0.1,1998MM06,73.3
62757,A4,346600,62757,-5.3,-4.1,1998MM07,70.3
62758,A4,346600,62758,-5.5,-0.2,1998MM08,70.1
62759,A4,346600,62759,-5.8,-0.2,1998MM09,70.0
62760,A4,346600,62760,-6.0,-0.1,1998MM10,70.0
62761,A4,346600,62761,-6.3,-0.3,1998MM11,69.8
62762,A4,346600,62762,-6.7,-0.3,1998MM12,69.6
62764,A4,346600,62764,-9.7,-4.8,1999MM01,66.3
62765,A4,346600,62765,-10.0,-0.2,1999MM02,66.1
62766,A4,346600,62766,-10.0,0.0,1999MM03,66.1
62767,A4,346600,62767,-10.1,-0.2,1999MM04,66.0
62768,A4,346600,62768,-9.9,0.2,1999MM05,66.1
62769,A4,346600,62769,-9.4,0.4,1999MM06,66.3
62770,A4,346600,62770,-8.1,-2.7,1999MM07,64.6
62771,A4,346600,62771,-7.4,0.6,1999MM08,64.9
62772,A4,346600,62772,-6.6,0.6,1999MM09,65.4
62773,A4,346600,62773,-5.5,1.1,1999MM10,66.1
62774,A4,346600,62774,-4.3,1.0,1999MM11,66.8
62775,A4,346600,62775,-3.0,1.1,1999MM12,67.5
62777,A4,346600,62777,8.2,6.3,2000MM01,71.7
62778,A4,346600,62778,3.8,-4.4,2000MM02,68.6
62779,A4,346600,62779,0.7,-3.0,2000MM03,66.5
62780,A4,346600,62780,3.5,2.6,2000MM04,68.3
62781,A4,346600,62781,10.6,7.0,2000MM05,73.1
62782,A4,346600,62782,1.4,-7.9,2000MM06,67.3
62783,A4,346600,62783,5.7,1.4,2000MM07,68.2
62784,A4,346600,62784,15.7,10.2,2000MM08,75.2
62785,A4,346600,62785,5.5,-8.2,2000MM09,69.0
62786,A4,346600,62786,8.0,3.4,2000MM10,71.3
62787,A4,346600,62787,8.5,1.6,2000MM11,72.5
62788,A4,346600,62788,10.4,2.8,2000MM12,74.6
62790,A4,346600,62790,-1.1,-4.8,2001MM01,71.0
62791,A4,346600,62791,0.1,-3.2,2001MM02,68.7
62792,A4,346600,62792,2.8,-0.4,2001MM03,68.4
62793,A4,346600,62793,-3.1,-3.2,2001MM04,66.2
62794,A4,346600,62794,-8.1,1.5,2001MM05,67.1
62795,A4,346600,62795,2.9,3.2,2001MM06,69.3
62796,A4,346600,62796,5.9,4.3,2001MM07,72.3
62797,A4,346600,62797,-9.8,-6.2,2001MM08,67.8
62798,A4,346600,62798,2.0,3.8,2001MM09,70.4
62799,A4,346600,62799,-7.1,-5.7,2001MM10,66.3
62800,A4,346600,62800,-3.9,5.1,2001MM11,69.7
62801,A4,346600,62801,1.0,8.1,2001MM12,75.3
62803,A4,346600,62803,-5.5,-10.9,2002MM01,67.1
62804,A4,346600,62804,-5.1,-2.8,2002MM02,65.2
62805,A4,346600,62805,-6.8,-2.2,2002MM03,63.7
62806,A4,346600,62806,-2.9,0.8,2002MM04,64.3
62807,A4,346600,62807,-6.6,-2.4,2002MM05,62.7
62808,A4,346600,62808,-2.9,7.3,2002MM06,67.3
62809,A4,346600,62809,-12.7,-6.2,2002MM07,63.1
62810,A4,346600,62810,-0.1,7.3,2002MM08,67.7
62811,A4,346600,62811,-1.1,2.8,2002MM09,69.6
62812,A4,346600,62812,5.8,0.8,2002MM10,70.1
62813,A4,346600,62813,-0.6,-1.2,2002MM11,69.3
62814,A4,346600,62814,-12.6,-5.0,2002MM12,65.9
62816,A4,346600,62816,9.4,11.5,2003MM01,73.4
62817,A4,346600,62817,6.0,-5.9,2003MM02,69.1
62818,A4,346600,62818,4.8,-3.3,2003MM03,66.8
62819,A4,346600,62819,0.4,-3.4,2003MM04,64.5
62820,A4,346600,62820,3.8,0.9,2003MM05,65.1
62821,A4,346600,62821,6.5,10.1,2003MM06,71.6
62822,A4,346600,62822,6.4,-6.3,2003MM07,67.1
62823,A4,346600,62823,13.0,13.9,2003MM08,76.5
62824,A4,346600,62824,-2.5,-11.3,2003MM09,67.8
62825,A4,346600,62825,5.4,9.0,2003MM10,73.9
62826,A4,346600,62826,9.3,2.4,2003MM11,75.7
62827,A4,346600,62827,6.5,-7.4,2003MM12,70.1
62829,A4,346600,62829,-8.1,-3.8,2004MM01,67.5
62830,A4,346600,62830,-1.2,1.1,2004MM02,68.2
62831,A4,346600,62831,2.5,0.3,2004MM03,68.5
62832,A4,346600,62832,-0.3,-6.1,2004MM04,64.3
62833,A4,346600,62833,0.8,2.1,2004MM05,65.6
62834,A4,346600,62834,-7.5,0.9,2004MM06,66.2
62835,A4,346600,62835,0.3,1.7,2004MM07,67.4
62836,A4,346600,62836,-11.0,1.0,2004MM08,68.1
62837,A4,346600,62837,1.3,1.0,2004MM09,68.7
62838,A4,346600,62838,-7.4,-0.5,2004MM10,68.4
62839,A4,346600,62839,-5.0,5.1,2004MM11,71.9
62840,A4,346600,62840,-0.3,-2.8,2004MM12,69.9
62842,A4,346600,62842,3.19230769231,0.1,2005MM01,69.7
62843,A4,346600,62843,6.68461538462,3.0,2005MM02,71.8
62844,A4,346600,62844,10.1769230769,3.0,2005MM03,74.0
62845,A4,346600,62845,13.6692307692,-2.7,2005MM04,71.9
62846,A4,346600,62846,17.1615384615,-1.1,2005MM05,71.1
62847,A4,346600,62847,20.6538461538,3.7,2005MM06,73.8
62848,A4,346600,62848,24.1461538462,0.9,2005MM07,74.4
62849,A4,346600,62849,27.6384615385,0.8,2005MM08,75.0
62850,A4,346600,62850,31.1307692308,5.7,2005MM09,79.3
62851,A4,346600,62851,34.6230769231,3.4,2005MM10,82.0
62852,A4,346600,62852,38.1153846154,4.4,2005MM11,85.6
62853,A4,346600,62853,41.6076923077,0.8,2005MM12,86.3
62855,A4,346600,62855,45.1,17.2,2006MM01,101.2
62856,A4,346600,62856,47.1,4.4,2006MM02,105.6
62857,A4,346600,62857,37.7,-3.6,2006MM03,101.9
62858,A4,346600,62858,31.3,-7.3,2006MM04,94.5
62859,A4,346600,62859,27.7,-3.8,2006MM05,90.9
62860,A4,346600,62860,26.8,3.0,2006MM06,93.5
62861,A4,346600,62861,36.0,8.2,2006MM07,101.3
62862,A4,346600,62862,25.4,-7.1,2006MM08,94.1
62863,A4,346600,62863,22.6,3.3,2006MM09,97.2
62864,A4,346600,62864,21.8,2.8,2006MM10,99.9
62865,A4,346600,62865,19.0,1.9,2006MM11,101.9
62866,A4,346600,62866,12.4,-4.7,2006MM12,97.1
62868,A4,346600,62868,1.4,5.6,2007MM01,102.5
62869,A4,346600,62869,-5.1,-2.2,2007MM02,100.2
62870,A4,346600,62870,-3.9,-2.3,2007MM03,97.9
62871,A4,346600,62871,5.2,1.5,2007MM04,99.4
62872,A4,346600,62872,12.4,2.8,2007MM05,102.1
62873,A4,346600,62873,6.8,-2.2,2007MM06,99.9
62874,A4,346600,62874,-4.9,-3.6,2007MM07,96.3
62875,A4,346600,62875,2.9,0.5,2007MM08,96.8
62876,A4,346600,62876,1.5,1.9,2007MM09,98.7
62877,A4,346600,62877,11.0,12.4,2007MM10,110.9
62878,A4,346600,62878,12.8,3.6,2007MM11,114.9
62879,A4,346600,62879,14.9,-2.9,2007MM12,111.5
62881,A4,346600,62881,8.6,-0.1,2008MM01,111.4
62882,A4,346600,62882,10.3,-0.8,2008MM02,110.5
62883,A4,346600,62883,11.7,-1.0,2008MM03,109.4
62884,A4,346600,62884,12.8,2.5,2008MM04,112.1
62885,A4,346600,62885,6.5,-3.0,2008MM05,108.7
62886,A4,346600,62886,13.4,4.3,2008MM06,113.4
62887,A4,346600,62887,18.4,0.6,2008MM07,114.0
62888,A4,346600,62888,15.0,-2.4,2008MM08,111.3
62889,A4,346600,62889,22.0,8.2,2008MM09,120.5
62890,A4,346600,62890,11.0,2.2,2008MM10,123.1
62891,A4,346600,62891,0.1,-6.6,2008MM11,115.0
62892,A4,346600,62892,1.5,-1.6,2008MM12,113.2
62894,A4,346600,62894,6.8,5.1,2009MM01,119.0
62895,A4,346600,62895,2.4,-4.9,2009MM02,113.1
62896,A4,346600,62896,-4.0,-7.1,2009MM03,105.1
62897,A4,346600,62897,-11.8,-5.9,2009MM04,98.9
62898,A4,346600,62898,-10.4,-1.5,2009MM05,97.4
62899,A4,346600,62899,-12.1,2.4,2009MM06,99.7
62900,A4,346600,62900,-11.4,1.4,2009MM07,101.1
62901,A4,346600,62901,-9.8,-0.6,2009MM08,100.5
62902,A4,346600,62902,-14.9,2.0,2009MM09,102.5
62903,A4,346600,62903,-14.2,3.1,2009MM10,105.7
62904,A4,346600,62904,-10.8,-3.0,2009MM11,102.5
62905,A4,346600,62905,-9.2,0.2,2009MM12,102.7
62907,A4,346600,62907,-18.3,-5.3,2010MM01,97.3
62908,A4,346600,62908,-12.5,1.8,2010MM02,99.0
62909,A4,346600,62909,-6.6,-0.9,2010MM03,98.1
62910,A4,346600,62910,-2.8,-2.0,2010MM04,96.2
62911,A4,346600,62911,-1.0,0.2,2010MM05,96.4
62912,A4,346600,62912,-0.1,3.3,2010MM06,99.6
62913,A4,346600,62913,-0.1,1.4,2010MM07,101.0
62914,A4,346600,62914,-2.3,-2.8,2010MM08,98.1
62915,A4,346600,62915,-1.0,3.4,2010MM09,101.4
62916,A4,346600,62916,-2.6,1.4,2010MM10,102.9
62917,A4,346600,62917,0.2,-0.1,2010MM11,102.8
62918,A4,346600,62918,4.6,4.5,2010MM12,107.4
62920,A4,346600,62920,3.8,-6.0,2011MM01,101.0
62921,A4,346600,62921,2.3,0.3,2011MM02,101.2
62922,A4,346600,62922,3.0,-0.2,2011MM03,101.0
62923,A4,346600,62923,4.5,-0.6,2011MM04,100.4
62924,A4,346600,62924,6.4,2.1,2011MM05,102.6
62925,A4,346600,62925,1.4,-1.6,2011MM06,100.9
62926,A4,346600,62926,-3.0,-3.0,2011MM07,98.0
62927,A4,346600,62927,-0.3,-0.1,2011MM08,97.8
62928,A4,346600,62928,-0.4,3.3,2011MM09,101.0
62929,A4,346600,62929,-1.4,0.5,2011MM10,101.5
62930,A4,346600,62930,2.2,3.4,2011MM11,105.0
62931,A4,346600,62931,-7.5,-5.3,2011MM12,99.4
62933,A4,346600,62933,0.8,2.4,2012MM01,101.8
62934,A4,346600,62934,2.5,2.0,2012MM02,103.8
62935,A4,346600,62935,1.7,-1.1,2012MM03,102.7
62936,A4,346600,62936,-0.7,-2.8,2012MM04,99.8
62937,A4,346600,62937,-3.4,-0.6,2012MM05,99.1
62938,A4,346600,62938,-1.9,-0.1,2012MM06,99.0
62939,A4,346600,62939,0.4,-0.7,2012MM07,98.3
62940,A4,346600,62940,0.8,0.3,2012MM08,98.6
62941,A4,346600,62941,-1.5,0.9,2012MM09,99.5
62942,A4,346600,62942,0.9,2.8,2012MM10,102.3
62943,A4,346600,62943,-0.7,1.8,2012MM11,104.2
62944,A4,346600,62944,4.3,-0.5,2012MM12,103.7
62946,A4,346600,62946,-2.1,-3.8,2013MM01,99.7
62947,A4,346600,62947,-4.5,-0.6,2013MM02,99.1
62948,A4,346600,62948,-1.8,1.7,2013MM03,100.8
62949,A4,346600,62949,-0.7,-1.7,2013MM04,99.1
62950,A4,346600,62950,-1.4,-1.4,2013MM05,97.7
62951,A4,346600,62951,-2.8,-1.5,2013MM06,96.3
62952,A4,346600,62952,-3.2,-1.2,2013MM07,95.2
62953,A4,346600,62953,-3.5,0.0,2013MM08,95.2
62954,A4,346600,62954,-2.5,2.0,2013MM09,97.1
62955,A4,346600,62955,-5.3,-0.1,2013MM10,97.0
62956,A4,346600,62956,-4.5,2.6,2013MM11,99.5
62957,A4,346600,62957,-4.5,-0.6,2013MM12,98.9
62959,A4,346600,62959,-1.6,-0.9,2014MM01,98.0
62960,A4,346600,62960,-2.2,-1.2,2014MM02,96.9
62961,A4,346600,62961,-8.7,-5.0,2014MM03,92.1
62962,A4,346600,62962,-8.8,-1.8,2014MM04,90.4
62963,A4,346600,62963,-8.3,-0.8,2014MM05,89.6
62964,A4,346600,62964,-7.7,-0.8,2014MM06,88.9
62965,A4,346600,62965,-8.4,-2.0,2014MM07,87.1
62966,A4,346600,62966,-7.5,1.0,2014MM08,88.0
62967,A4,346600,62967,-5.2,4.5,2014MM09,92.0
62968,A4,346600,62968,-4.9,0.2,2014MM10,92.2
62969,A4,346600,62969,-5.4,2.2,2014MM11,94.2
62970,A4,346600,62970,-5.7,-0.9,2014MM12,93.3
62972,A4,346600,62972,-13.0,-8.6,2015MM01,85.3
62973,A4,346600,62973,-8.7,3.7,2015MM02,88.5
62974,A4,346600,62974,-6.0,-2.2,2015MM03,86.5
62975,A4,346600,62975,-5.2,-1.0,2015MM04,85.7
62976,A4,346600,62976,-7.0,-2.7,2015MM05,83.4
62977,A4,346600,62977,-4.4,1.9,2015MM06,85.0
62978,A4,346600,62978,-0.9,1.6,2015MM07,86.4
62979,A4,346600,62979,-5.9,-4.1,2015MM08,82.8
62980,A4,346600,62980,-7.7,2.5,2015MM09,84.9
62981,A4,346600,62981,-8.6,-0.7,2015MM10,84.3
62982,A4,346600,62982,-14.0,-3.9,2015MM11,81.0
62983,A4,346600,62983,-19.1,-6.7,2015MM12,75.5
62985,A4,346600,62985,-12.2,-0.8,2016MM01,74.9
62986,A4,346600,62986,-18.9,-4.2,2016MM02,71.8
62987,A4,346600,62987,-17.5,-0.5,2016MM03,71.4
62988,A4,346600,62988,-17.7,-1.3,2016MM04,70.5
62989,A4,346600,62989,-14.2,1.4,2016MM05,71.5
62990,A4,346600,62990,-11.0,5.7,2016MM06,75.6
62991,A4,346600,62991,-13.5,-1.2,2016MM07,74.7
62992,A4,346600,62992,-12.2,-2.7,2016MM08,72.7
62993,A4,346600,62993,-11.8,3.0,2016MM09,74.9
62994,A4,346600,62994,-8.7,2.8,2016MM10,77.0
62995,A4,346600,62995,-1.8,3.3,2016MM11,79.5
62996,A4,346600,62996,5.5,0.1,2016MM12,79.6
62998,A4,346600,62998,6.8,0.5,2017MM01,80.0
62999,A4,346600,62999,6.8,-4.2,2017MM02,76.6
63000,A4,346600,63000,1.8,-5.1,2017MM03,72.7
63001,A4,346600,63001,2.2,-0.8,2017MM04,72.1
63002,A4,346600,63002,3.0,2.2,2017MM05,73.7
63003,A4,346600,63003,-4.0,-1.4,2017MM06,72.6
63004,A4,346600,63004,-3.0,-0.2,2017MM07,72.5
63005,A4,346600,63005,-1.8,-1.5,2017MM08,71.4
63006,A4,346600,63006,-0.8,4.1,2017MM09,74.3
63007,A4,346600,63007,-3.1,0.4,2017MM10,74.6
63008,A4,346600,63008,-1.7,4.8,2017MM11,78.2
63009,A4,346600,63009,-1.57857142857,3.2,2017MM12,73.1
