,Afzet,BedrijfstakkenBranchesSBI2008,ID,OntwikkelingTOV1JaarEerder_2,OntwikkelingTOV1MaandEerder_3,Perioden,ProducentenprijsindexPPI_1
94757,A5,346600,94757,-1.45714285714,1.6,1981MM01,68.0
94758,A5,346600,94758,-1.33571428571,0.0,1981MM02,68.0
94759,A5,346600,94759,-1.21428571429,0.0,1981MM03,68.0
94760,A5,346600,94760,-1.09285714286,0.0,1981MM04,68.0
94761,A5,346600,94761,-0.971428571429,0.0,1981MM05,68.0
94762,A5,346600,94762,-0.85,0.0,1981MM06,68.0
94763,A5,346600,94763,-0.728571428571,0.0,1981MM07,68.0
94764,A5,346600,94764,-0.607142857143,0.0,1981MM08,68.0
94765,A5,346600,94765,-0.485714285714,0.0,1981MM09,68.0
94766,A5,346600,94766,-0.364285714286,0.0,1981MM10,68.0
94767,A5,346600,94767,-0.242857142857,0.0,1981MM11,68.0
94768,A5,346600,94768,-0.121428571429,0.0,1981MM12,68.0
94770,A5,346600,94770,0.0,0.0,1982MM01,68.0
94771,A5,346600,94771,0.0,0.0,1982MM02,68.0
94772,A5,346600,94772,0.0,0.0,1982MM03,68.0
94773,A5,346600,94773,0.0,0.0,1982MM04,68.0
94774,A5,346600,94774,0.0,0.0,1982MM05,68.0
94775,A5,346600,94775,0.0,0.0,1982MM06,68.0
94776,A5,346600,94776,0.0,0.0,1982MM07,68.0
94777,A5,346600,94777,0.0,0.0,1982MM08,68.0
94778,A5,346600,94778,0.0,0.0,1982MM09,68.0
94779,A5,346600,94779,0.0,0.0,1982MM10,68.0
94780,A5,346600,94780,0.0,0.0,1982MM11,68.0
94781,A5,346600,94781,0.0,0.0,1982MM12,68.0
94783,A5,346600,94783,0.0,0.0,1983MM01,68.0
94784,A5,346600,94784,0.0,0.0,1983MM02,68.0
94785,A5,346600,94785,0.0,0.0,1983MM03,68.0
94786,A5,346600,94786,0.0,0.0,1983MM04,68.0
94787,A5,346600,94787,0.0,0.0,1983MM05,68.0
94788,A5,346600,94788,0.0,0.0,1983MM06,68.0
94789,A5,346600,94789,0.0,0.0,1983MM07,68.0
94790,A5,346600,94790,0.0,0.0,1983MM08,68.0
94791,A5,346600,94791,0.0,0.0,1983MM09,68.0
94792,A5,346600,94792,0.0,0.0,1983MM10,68.0
94793,A5,346600,94793,0.0,0.0,1983MM11,68.0
94794,A5,346600,94794,0.0,0.0,1983MM12,68.0
94796,A5,346600,94796,0.0,0.0,1984MM01,68.0
94797,A5,346600,94797,0.0,0.0,1984MM02,68.0
94798,A5,346600,94798,0.0,0.0,1984MM03,68.0
94799,A5,346600,94799,0.0,0.0,1984MM04,68.0
94800,A5,346600,94800,0.0,0.0,1984MM05,68.0
94801,A5,346600,94801,0.0,0.0,1984MM06,68.0
94802,A5,346600,94802,0.0,0.0,1984MM07,68.0
94803,A5,346600,94803,0.0,0.0,1984MM08,68.0
94804,A5,346600,94804,0.0,0.0,1984MM09,68.0
94805,A5,346600,94805,0.0,0.0,1984MM10,68.0
94806,A5,346600,94806,0.0,0.0,1984MM11,68.0
94807,A5,346600,94807,0.0,0.0,1984MM12,68.0
94809,A5,346600,94809,0.0,0.0,1985MM01,68.0
94810,A5,346600,94810,0.0,0.0,1985MM02,68.0
94811,A5,346600,94811,0.0,0.0,1985MM03,68.0
94812,A5,346600,94812,0.0,0.0,1985MM04,68.0
94813,A5,346600,94813,0.0,0.0,1985MM05,68.0
94814,A5,346600,94814,0.0,0.0,1985MM06,68.0
94815,A5,346600,94815,0.0,0.0,1985MM07,68.0
94816,A5,346600,94816,0.0,0.0,1985MM08,68.0
94817,A5,346600,94817,0.0,0.0,1985MM09,68.1
94818,A5,346600,94818,0.0,0.0,1985MM10,68.1
94819,A5,346600,94819,0.0,0.0,1985MM11,68.1
94820,A5,346600,94820,0.1,0.0,1985MM12,68.1
94822,A5,346600,94822,0.1,0.0,1986MM01,68.1
94823,A5,346600,94823,0.1,0.0,1986MM02,68.1
94824,A5,346600,94824,0.1,0.0,1986MM03,68.1
94825,A5,346600,94825,0.1,0.0,1986MM04,68.1
94826,A5,346600,94826,0.1,0.0,1986MM05,68.1
94827,A5,346600,94827,0.1,0.0,1986MM06,68.1
94828,A5,346600,94828,0.0,0.0,1986MM07,68.1
94829,A5,346600,94829,0.0,0.0,1986MM08,68.0
94830,A5,346600,94830,-0.1,0.0,1986MM09,68.0
94831,A5,346600,94831,-0.1,0.0,1986MM10,68.0
94832,A5,346600,94832,-0.2,-0.1,1986MM11,68.0
94833,A5,346600,94833,-0.2,-0.1,1986MM12,67.9
94835,A5,346600,94835,-0.3,-0.1,1987MM01,67.9
94836,A5,346600,94836,-0.4,0.0,1987MM02,67.8
94837,A5,346600,94837,-0.4,0.0,1987MM03,67.8
94838,A5,346600,94838,-0.4,0.0,1987MM04,67.8
94839,A5,346600,94839,-0.3,0.0,1987MM05,67.9
94840,A5,346600,94840,-0.2,0.1,1987MM06,67.9
94841,A5,346600,94841,-0.1,0.1,1987MM07,68.0
94842,A5,346600,94842,0.0,0.1,1987MM08,68.1
94843,A5,346600,94843,0.2,0.1,1987MM09,68.1
94844,A5,346600,94844,0.4,0.2,1987MM10,68.3
94845,A5,346600,94845,0.6,0.2,1987MM11,68.4
94846,A5,346600,94846,0.9,0.2,1987MM12,68.5
94848,A5,346600,94848,1.2,0.2,1988MM01,68.7
94849,A5,346600,94849,1.4,0.1,1988MM02,68.8
94850,A5,346600,94850,1.5,0.0,1988MM03,68.8
94851,A5,346600,94851,1.4,0.0,1988MM04,68.8
94852,A5,346600,94852,1.2,-0.1,1988MM05,68.7
94853,A5,346600,94853,0.9,-0.2,1988MM06,68.5
94854,A5,346600,94854,0.5,-0.3,1988MM07,68.3
94855,A5,346600,94855,0.0,-0.4,1988MM08,68.0
94856,A5,346600,94856,-0.7,-0.5,1988MM09,67.7
94857,A5,346600,94857,-1.5,-0.6,1988MM10,67.2
94858,A5,346600,94858,-2.4,-0.7,1988MM11,66.7
94859,A5,346600,94859,-3.5,-0.8,1988MM12,66.2
94861,A5,346600,94861,-4.6,-0.9,1989MM01,65.5
94862,A5,346600,94862,-5.3,-0.6,1989MM02,65.2
94863,A5,346600,94863,-5.5,-0.2,1989MM03,65.0
94864,A5,346600,94864,-5.3,0.2,1989MM04,65.2
94865,A5,346600,94865,-4.6,0.6,1989MM05,65.5
94866,A5,346600,94866,-3.5,0.9,1989MM06,66.2
94867,A5,346600,94867,-1.9,1.3,1989MM07,67.0
94868,A5,346600,94868,0.2,1.7,1989MM08,68.1
94869,A5,346600,94869,2.7,2.0,1989MM09,69.5
94870,A5,346600,94870,5.8,2.3,1989MM10,71.1
94871,A5,346600,94871,9.4,2.6,1989MM11,73.0
94872,A5,346600,94872,13.5,2.9,1989MM12,75.1
94874,A5,346600,94874,18.2,3.1,1990MM01,77.5
94875,A5,346600,94875,22.1,2.7,1990MM02,79.6
94876,A5,346600,94876,25.2,2.3,1990MM03,81.5
94877,A5,346600,94877,27.5,2.0,1990MM04,83.1
94878,A5,346600,94878,28.9,1.6,1990MM05,84.5
94879,A5,346600,94879,29.3,1.3,1990MM06,85.6
94880,A5,346600,94880,29.0,1.0,1990MM07,86.4
94881,A5,346600,94881,27.8,0.7,1990MM08,87.1
94882,A5,346600,94882,25.8,0.4,1990MM09,87.4
94883,A5,346600,94883,23.1,0.1,1990MM10,87.6
94884,A5,346600,94884,19.8,-0.1,1990MM11,87.4
94885,A5,346600,94885,15.9,-0.4,1990MM12,87.0
94887,A5,346600,94887,11.5,-0.7,1991MM01,86.4
94888,A5,346600,94888,7.9,-0.6,1991MM02,85.9
94889,A5,346600,94889,4.8,-0.6,1991MM03,85.4
94890,A5,346600,94890,2.2,-0.5,1991MM04,84.9
94891,A5,346600,94891,0.1,-0.4,1991MM05,84.6
94892,A5,346600,94892,-1.5,-0.4,1991MM06,84.3
94893,A5,346600,94893,-2.8,-0.3,1991MM07,84.1
94894,A5,346600,94894,-3.6,-0.2,1991MM08,83.9
94895,A5,346600,94895,-4.2,-0.1,1991MM09,83.8
94896,A5,346600,94896,-4.3,0.0,1991MM10,83.8
94897,A5,346600,94897,-4.2,0.0,1991MM11,83.8
94898,A5,346600,94898,-3.6,0.1,1991MM12,83.9
94900,A5,346600,94900,-2.7,0.2,1992MM01,84.1
94901,A5,346600,94901,-1.9,0.2,1992MM02,84.2
94902,A5,346600,94902,-1.2,0.2,1992MM03,84.3
94903,A5,346600,94903,-0.6,0.1,1992MM04,84.4
94904,A5,346600,94904,0.0,0.1,1992MM05,84.5
94905,A5,346600,94905,0.4,0.1,1992MM06,84.6
94906,A5,346600,94906,0.8,0.1,1992MM07,84.7
94907,A5,346600,94907,1.0,0.1,1992MM08,84.7
94908,A5,346600,94908,1.2,0.0,1992MM09,84.8
94909,A5,346600,94909,1.2,0.0,1992MM10,84.8
94910,A5,346600,94910,1.1,0.0,1992MM11,84.8
94911,A5,346600,94911,1.0,0.0,1992MM12,84.7
94913,A5,346600,94913,0.7,-0.1,1993MM01,84.7
94914,A5,346600,94914,0.5,0.0,1993MM02,84.6
94915,A5,346600,94915,0.3,0.0,1993MM03,84.6
94916,A5,346600,94916,0.2,0.0,1993MM04,84.6
94917,A5,346600,94917,0.0,0.0,1993MM05,84.6
94918,A5,346600,94918,-0.1,0.0,1993MM06,84.5
94919,A5,346600,94919,-0.2,0.0,1993MM07,84.5
94920,A5,346600,94920,-0.3,0.0,1993MM08,84.5
94921,A5,346600,94921,-0.3,0.0,1993MM09,84.5
94922,A5,346600,94922,-0.3,0.0,1993MM10,84.5
94923,A5,346600,94923,-0.3,0.0,1993MM11,84.5
94924,A5,346600,94924,-0.3,0.0,1993MM12,84.5
94926,A5,346600,94926,-0.2,0.0,1994MM01,84.5
94927,A5,346600,94927,-0.1,0.0,1994MM02,84.5
94928,A5,346600,94928,-0.1,0.0,1994MM03,84.5
94929,A5,346600,94929,0.0,0.0,1994MM04,84.6
94930,A5,346600,94930,0.0,0.0,1994MM05,84.6
94931,A5,346600,94931,0.0,0.0,1994MM06,84.6
94932,A5,346600,94932,0.1,0.0,1994MM07,84.6
94933,A5,346600,94933,0.1,0.0,1994MM08,84.6
94934,A5,346600,94934,0.1,0.0,1994MM09,84.6
94935,A5,346600,94935,0.1,0.0,1994MM10,84.6
94936,A5,346600,94936,0.1,0.0,1994MM11,84.6
94937,A5,346600,94937,0.0,0.0,1994MM12,84.5
94939,A5,346600,94939,0.0,0.0,1995MM01,84.5
94940,A5,346600,94940,0.0,0.0,1995MM02,84.5
94941,A5,346600,94941,-0.2,-0.2,1995MM03,84.4
94942,A5,346600,94942,0.1,0.4,1995MM04,84.7
94943,A5,346600,94943,-0.1,-0.2,1995MM05,84.5
94944,A5,346600,94944,0.1,0.2,1995MM06,84.6
94945,A5,346600,94945,0.1,0.0,1995MM07,84.6
94946,A5,346600,94946,0.1,0.0,1995MM08,84.6
94947,A5,346600,94947,0.0,0.0,1995MM09,84.6
94948,A5,346600,94948,-0.2,-0.2,1995MM10,84.4
94949,A5,346600,94949,0.0,0.2,1995MM11,84.6
94950,A5,346600,94950,0.0,0.0,1995MM12,84.6
94952,A5,346600,94952,0.0,0.0,1996MM01,84.5
94953,A5,346600,94953,0.0,0.0,1996MM02,84.5
94954,A5,346600,94954,0.2,0.0,1996MM03,84.5
94955,A5,346600,94955,-0.3,-0.2,1996MM04,84.4
94956,A5,346600,94956,-0.1,0.0,1996MM05,84.4
94957,A5,346600,94957,-0.1,0.2,1996MM06,84.6
94958,A5,346600,94958,0.0,0.0,1996MM07,84.6
94959,A5,346600,94959,-0.2,-0.1,1996MM08,84.5
94960,A5,346600,94960,-0.1,0.1,1996MM09,84.5
94961,A5,346600,94961,0.4,0.2,1996MM10,84.7
94962,A5,346600,94962,0.1,-0.1,1996MM11,84.6
94963,A5,346600,94963,0.2,0.1,1996MM12,84.7
94965,A5,346600,94965,0.5,0.3,1997MM01,84.9
94966,A5,346600,94966,0.4,-0.1,1997MM02,84.8
94967,A5,346600,94967,0.6,0.2,1997MM03,85.0
94968,A5,346600,94968,0.7,0.0,1997MM04,85.0
94969,A5,346600,94969,0.6,-0.1,1997MM05,84.9
94970,A5,346600,94970,0.3,-0.1,1997MM06,84.9
94971,A5,346600,94971,0.2,-0.1,1997MM07,84.8
94972,A5,346600,94972,0.2,-0.2,1997MM08,84.6
94973,A5,346600,94973,0.1,0.0,1997MM09,84.6
94974,A5,346600,94974,-0.4,-0.2,1997MM10,84.4
94975,A5,346600,94975,-0.5,-0.3,1997MM11,84.2
94976,A5,346600,94976,-0.9,-0.3,1997MM12,83.9
94978,A5,346600,94978,-1.5,-0.3,1998MM01,83.6
94979,A5,346600,94979,-1.6,-0.2,1998MM02,83.5
94980,A5,346600,94980,-1.9,-0.1,1998MM03,83.4
94981,A5,346600,94981,-1.8,0.1,1998MM04,83.5
94982,A5,346600,94982,-1.5,0.2,1998MM05,83.6
94983,A5,346600,94983,-1.1,0.3,1998MM06,83.9
94984,A5,346600,94984,-0.5,0.5,1998MM07,84.3
94985,A5,346600,94985,0.3,0.6,1998MM08,84.8
94986,A5,346600,94986,1.0,0.7,1998MM09,85.5
94987,A5,346600,94987,2.1,0.9,1998MM10,86.2
94988,A5,346600,94988,3.4,1.0,1998MM11,87.1
94989,A5,346600,94989,4.9,1.1,1998MM12,88.1
94991,A5,346600,94991,6.6,1.2,1999MM01,89.2
94992,A5,346600,94992,7.6,0.7,1999MM02,89.8
94993,A5,346600,94993,8.0,0.2,1999MM03,90.0
94994,A5,346600,94994,7.6,-0.2,1999MM04,89.8
94995,A5,346600,94995,6.6,-0.7,1999MM05,89.2
94996,A5,346600,94996,5.0,-1.2,1999MM06,88.1
94997,A5,346600,94997,2.7,-1.7,1999MM07,86.6
94998,A5,346600,94998,-0.3,-2.3,1999MM08,84.6
94999,A5,346600,94999,-3.8,-2.8,1999MM09,82.2
95000,A5,346600,95000,-7.9,-3.4,1999MM10,79.4
95001,A5,346600,95001,-12.6,-4.1,1999MM11,76.1
95002,A5,346600,95002,-17.7,-4.9,1999MM12,72.4
95004,A5,346600,95004,-23.4,-5.7,2000MM01,68.3
95005,A5,346600,95005,31.0,72.2,2000MM02,117.6
95006,A5,346600,95006,30.6,0.0,2000MM03,117.6
95007,A5,346600,95007,30.9,0.0,2000MM04,117.6
95008,A5,346600,95008,41.4,7.2,2000MM05,126.1
95009,A5,346600,95009,34.6,-6.0,2000MM06,118.5
95010,A5,346600,95010,-44.5,-59.4,2000MM07,48.1
95011,A5,346600,95011,-44.6,-2.5,2000MM08,46.9
95012,A5,346600,95012,0.1,75.6,2000MM09,82.3
95013,A5,346600,95013,-26.8,-29.4,2000MM10,58.1
95014,A5,346600,95014,-22.2,1.9,2000MM11,59.2
95015,A5,346600,95015,-21.1,-3.4,2000MM12,57.2
95017,A5,346600,95017,-27.5,-13.4,2001MM01,49.5
95018,A5,346600,95018,-68.8,-26.0,2001MM02,36.7
95019,A5,346600,95019,-68.5,1.1,2001MM03,37.1
95020,A5,346600,95020,-66.8,5.2,2001MM04,39.0
95021,A5,346600,95021,-70.2,-3.7,2001MM05,37.6
95022,A5,346600,95022,-57.8,33.2,2001MM06,50.0
95023,A5,346600,95023,92.4,84.9,2001MM07,92.5
95024,A5,346600,95024,-8.7,-53.8,2001MM08,42.8
95025,A5,346600,95025,-45.2,5.5,2001MM09,45.1
95026,A5,346600,95026,-26.0,-4.8,2001MM10,43.0
95027,A5,346600,95027,-30.7,-4.5,2001MM11,41.0
95028,A5,346600,95028,0.5,40.0,2001MM12,57.5
95030,A5,346600,95030,14.4,-1.4,2002MM01,56.7
95031,A5,346600,95031,46.0,-5.6,2002MM02,53.5
95032,A5,346600,95032,38.8,-3.8,2002MM03,51.5
95033,A5,346600,95033,34.8,2.2,2002MM04,52.6
95034,A5,346600,95034,27.4,-8.9,2002MM05,47.9
95035,A5,346600,95035,58.0,65.0,2002MM06,79.0
95036,A5,346600,95036,-49.6,-41.0,2002MM07,46.7
95037,A5,346600,95037,9.8,0.7,2002MM08,47.0
95038,A5,346600,95038,24.4,19.6,2002MM09,56.2
95039,A5,346600,95039,64.6,26.0,2002MM10,70.7
95040,A5,346600,95040,64.4,-4.6,2002MM11,67.5
95041,A5,346600,95041,-2.5,-16.9,2002MM12,56.0
95043,A5,346600,95043,13.9,15.1,2003MM01,64.5
95044,A5,346600,95044,19.7,-0.8,2003MM02,64.0
95045,A5,346600,95045,1.6,-18.3,2003MM03,52.3
95046,A5,346600,95046,24.9,25.6,2003MM04,65.6
95047,A5,346600,95047,40.7,2.6,2003MM05,67.4
95048,A5,346600,95048,62.0,90.0,2003MM06,128.0
95049,A5,346600,95049,122.3,-19.0,2003MM07,103.7
95050,A5,346600,95050,170.4,22.4,2003MM08,127.0
95051,A5,346600,95051,34.4,-40.6,2003MM09,75.4
95052,A5,346600,95052,5.6,-0.9,2003MM10,74.7
95053,A5,346600,95053,2.7,-7.2,2003MM11,69.3
95054,A5,346600,95054,4.7,-15.3,2003MM12,58.7
95056,A5,346600,95056,-7.8,1.4,2004MM01,59.5
95057,A5,346600,95057,-7.3,-0.3,2004MM02,59.3
95058,A5,346600,95058,24.8,10.0,2004MM03,65.2
95059,A5,346600,95059,-17.7,-17.2,2004MM04,54.0
95060,A5,346600,95060,-18.9,1.1,2004MM05,54.6
95061,A5,346600,95061,-52.4,11.6,2004MM06,60.9
95062,A5,346600,95062,-47.5,-10.7,2004MM07,54.4
95063,A5,346600,95063,-54.3,6.8,2004MM08,58.1
95064,A5,346600,95064,-13.5,12.3,2004MM09,65.2
95065,A5,346600,95065,-19.9,-8.3,2004MM10,59.8
95066,A5,346600,95066,-7.2,7.5,2004MM11,64.3
95067,A5,346600,95067,1.9,-7.0,2004MM12,59.8
95069,A5,346600,95069,10.2615384615,15.6,2005MM01,52.8
95070,A5,346600,95070,18.6230769231,38.2,2005MM02,73.0
95071,A5,346600,95071,26.9846153846,53.5,2005MM03,112.0
95072,A5,346600,95072,35.3461538462,-23.9,2005MM04,85.2
95073,A5,346600,95073,43.7076923077,-20.5,2005MM05,67.7
95074,A5,346600,95074,52.0692307692,49.2,2005MM06,101.1
95075,A5,346600,95075,60.4307692308,-9.4,2005MM07,91.6
95076,A5,346600,95076,68.7923076923,-23.0,2005MM08,70.6
95077,A5,346600,95077,77.1538461538,55.6,2005MM09,109.8
95078,A5,346600,95078,85.5153846154,15.2,2005MM10,126.6
95079,A5,346600,95079,93.8769230769,31.4,2005MM11,166.3
95080,A5,346600,95080,102.238461538,1.4,2005MM12,168.7
95082,A5,346600,95082,110.6,-34.1,2006MM01,111.2
95083,A5,346600,95083,83.8,20.6,2006MM02,134.1
95084,A5,346600,95084,21.8,1.7,2006MM03,136.5
95085,A5,346600,95085,13.2,-29.3,2006MM04,96.5
95086,A5,346600,95086,15.2,-19.2,2006MM05,78.0
95087,A5,346600,95087,-9.9,16.7,2006MM06,91.1
95088,A5,346600,95088,204.1,205.8,2006MM07,278.6
95089,A5,346600,95089,59.3,-59.6,2006MM08,112.5
95090,A5,346600,95090,3.8,1.4,2006MM09,114.0
95091,A5,346600,95091,-19.1,-10.1,2006MM10,102.5
95092,A5,346600,95092,-35.5,4.7,2006MM11,107.3
95093,A5,346600,95093,-57.9,-33.7,2006MM12,71.1
95095,A5,346600,95095,-45.8,-15.2,2007MM01,60.3
95096,A5,346600,95096,-44.9,22.5,2007MM02,73.8
95097,A5,346600,95097,-51.9,-11.1,2007MM03,65.7
95098,A5,346600,95098,-27.6,6.3,2007MM04,69.8
95099,A5,346600,95099,-22.1,-13.0,2007MM05,60.7
95100,A5,346600,95100,-20.4,19.3,2007MM06,72.5
95101,A5,346600,95101,-77.8,-14.5,2007MM07,62.0
95102,A5,346600,95102,-47.1,-4.0,2007MM08,59.5
95103,A5,346600,95103,-45.2,5.1,2007MM09,62.5
95104,A5,346600,95104,32.0,116.4,2007MM10,135.3
95105,A5,346600,95105,32.4,5.0,2007MM11,142.1
95106,A5,346600,95106,148.1,24.2,2007MM12,176.4
95108,A5,346600,95108,66.6,-43.1,2008MM01,100.4
95109,A5,346600,95109,65.7,21.8,2008MM02,122.4
95110,A5,346600,95110,85.4,-0.5,2008MM03,121.8
95111,A5,346600,95111,111.5,21.3,2008MM04,147.7
95112,A5,346600,95112,114.7,-11.7,2008MM05,130.4
95113,A5,346600,95113,126.7,25.9,2008MM06,164.2
95114,A5,346600,95114,147.1,-6.7,2008MM07,153.2
95115,A5,346600,95115,99.3,-22.6,2008MM08,118.5
95116,A5,346600,95116,192.2,54.1,2008MM09,182.7
95117,A5,346600,95117,34.5,-0.4,2008MM10,182.0
95118,A5,346600,95118,-4.9,-25.7,2008MM11,135.1
95119,A5,346600,95119,-37.1,-17.8,2008MM12,111.0
95121,A5,346600,95121,29.6,17.3,2009MM01,130.2
95122,A5,346600,95122,-15.3,-20.4,2009MM02,103.7
95123,A5,346600,95123,-32.3,-20.4,2009MM03,82.5
95124,A5,346600,95124,-49.5,-9.6,2009MM04,74.6
95125,A5,346600,95125,-44.5,-3.0,2009MM05,72.3
95126,A5,346600,95126,-53.5,5.5,2009MM06,76.3
95127,A5,346600,95127,-48.7,3.0,2009MM07,78.6
95128,A5,346600,95128,-36.0,-3.5,2009MM08,75.8
95129,A5,346600,95129,-50.5,19.2,2009MM09,90.4
95130,A5,346600,95130,-38.6,23.6,2009MM10,111.7
95131,A5,346600,95131,-38.2,-25.3,2009MM11,83.4
95132,A5,346600,95132,-25.3,-0.6,2009MM12,82.9
95134,A5,346600,95134,-22.0,22.4,2010MM01,101.5
95135,A5,346600,95135,-4.4,-2.4,2010MM02,99.1
95136,A5,346600,95136,10.7,-7.8,2010MM03,91.3
95137,A5,346600,95137,18.8,-2.9,2010MM04,88.6
95138,A5,346600,95138,18.2,-3.5,2010MM05,85.5
95139,A5,346600,95139,29.6,15.6,2010MM06,98.9
95140,A5,346600,95140,36.2,8.3,2010MM07,107.1
95141,A5,346600,95141,21.4,-14.0,2010MM08,92.1
95142,A5,346600,95142,13.4,11.3,2010MM09,102.5
95143,A5,346600,95143,0.0,9.0,2010MM10,111.7
95144,A5,346600,95144,20.2,-10.2,2010MM11,100.3
95145,A5,346600,95145,46.5,21.1,2010MM12,121.5
95147,A5,346600,95147,21.6,1.6,2011MM01,123.5
95148,A5,346600,95148,19.1,-4.4,2011MM02,118.0
95149,A5,346600,95149,42.3,10.1,2011MM03,129.9
95150,A5,346600,95150,36.6,-6.8,2011MM04,121.1
95151,A5,346600,95151,49.4,5.6,2011MM05,127.8
95152,A5,346600,95152,24.3,-3.8,2011MM06,122.9
95153,A5,346600,95153,3.6,-9.8,2011MM07,110.9
95154,A5,346600,95154,30.4,8.3,2011MM08,120.1
95155,A5,346600,95155,18.3,0.9,2011MM09,121.2
95156,A5,346600,95156,9.5,0.9,2011MM10,122.3
95157,A5,346600,95157,26.2,3.5,2011MM11,126.6
95158,A5,346600,95158,-6.6,-10.4,2011MM12,113.4
95160,A5,346600,95160,-4.5,3.9,2012MM01,117.9
95161,A5,346600,95161,15.5,15.6,2012MM02,136.3
95162,A5,346600,95162,-11.5,-15.6,2012MM03,115.0
95163,A5,346600,95163,-6.1,-1.2,2012MM04,113.6
95164,A5,346600,95164,-17.4,-7.1,2012MM05,105.6
95165,A5,346600,95165,-15.9,-2.2,2012MM06,103.3
95166,A5,346600,95166,-5.5,1.4,2012MM07,104.8
95167,A5,346600,95167,-7.6,6.0,2012MM08,111.0
95168,A5,346600,95168,1.1,10.4,2012MM09,122.6
95169,A5,346600,95169,-4.6,-4.8,2012MM10,116.7
95170,A5,346600,95170,-6.3,1.7,2012MM11,118.6
95171,A5,346600,95171,4.2,-0.3,2012MM12,118.2
95173,A5,346600,95173,-1.3,-1.6,2013MM01,116.4
95174,A5,346600,95174,-15.3,-0.8,2013MM02,115.5
95175,A5,346600,95175,4.6,4.2,2013MM03,120.3
95176,A5,346600,95176,3.3,-2.4,2013MM04,117.4
95177,A5,346600,95177,6.6,-4.1,2013MM05,112.6
95178,A5,346600,95178,5.0,-3.6,2013MM06,108.5
95179,A5,346600,95179,1.7,-1.8,2013MM07,106.6
95180,A5,346600,95180,-6.3,-2.3,2013MM08,104.1
95181,A5,346600,95181,-14.9,0.2,2013MM09,104.3
95182,A5,346600,95182,-7.5,3.4,2013MM10,107.9
95183,A5,346600,95183,-9.2,-0.2,2013MM11,107.7
95184,A5,346600,95184,-8.6,0.3,2013MM12,108.1
95186,A5,346600,95186,-15.9,-9.4,2014MM01,97.9
95187,A5,346600,95187,-17.4,-2.6,2014MM02,95.3
95188,A5,346600,95188,-24.3,-4.4,2014MM03,91.1
95189,A5,346600,95189,-25.6,-4.1,2014MM04,87.3
95190,A5,346600,95190,-25.0,-3.3,2014MM05,84.5
95191,A5,346600,95191,-18.9,4.2,2014MM06,88.0
95192,A5,346600,95192,-17.8666666667,2.67142857143,2014MM07,89.05
95193,A5,346600,95193,-16.8333333333,1.14285714286,2014MM08,90.1
95194,A5,346600,95194,-15.8,-0.385714285714,2014MM09,91.15
95195,A5,346600,95195,-14.7666666667,-1.91428571429,2014MM10,92.2
95196,A5,346600,95196,-13.7333333333,-3.44285714286,2014MM11,93.25
95197,A5,346600,95197,-12.7,-4.97142857143,2014MM12,94.3
95199,A5,346600,95199,-9.9,-6.5,2015MM01,88.2
95200,A5,346600,95200,-7.8,-0.4,2015MM02,87.8
95201,A5,346600,95201,-0.9,2.8,2015MM03,90.3
95202,A5,346600,95202,-3.0,-6.2,2015MM04,84.7
95203,A5,346600,95203,-1.3,-1.6,2015MM05,83.4
95204,A5,346600,95204,-6.5,-1.3,2015MM06,82.3
95205,A5,346600,95205,-7.03333333333,1.8,2015MM07,83.8
95206,A5,346600,95206,-7.56666666667,-2.7,2015MM08,81.5
95207,A5,346600,95207,-8.1,1.7,2015MM09,82.9
95208,A5,346600,95208,-8.63333333333,3.7,2015MM10,86.0
95209,A5,346600,95209,-9.16666666667,-0.4,2015MM11,85.7
95210,A5,346600,95210,-9.7,-0.6,2015MM12,85.2
95212,A5,346600,95212,-9.7,-0.6,2016MM01,85.2
95213,A5,346600,95213,-9.7,-0.6,2016MM02,85.2
95214,A5,346600,95214,-9.7,-0.6,2016MM03,85.2
95215,A5,346600,95215,-9.7,-0.6,2016MM04,85.2
95216,A5,346600,95216,-9.7,-0.6,2016MM05,85.2
95217,A5,346600,95217,-9.7,-0.6,2016MM06,85.2
95218,A5,346600,95218,-9.7,-0.6,2016MM07,85.2
95219,A5,346600,95219,-9.7,-0.6,2016MM08,85.2
95220,A5,346600,95220,-9.7,-0.6,2016MM09,85.2
95221,A5,346600,95221,-9.7,-0.6,2016MM10,85.2
95222,A5,346600,95222,-9.7,-0.6,2016MM11,85.2
95223,A5,346600,95223,-9.7,-0.6,2016MM12,85.2
95225,A5,346600,95225,-9.7,-0.6,2017MM01,85.2
95226,A5,346600,95226,-9.7,-0.6,2017MM02,85.2
95227,A5,346600,95227,-9.7,-0.6,2017MM03,85.2
95228,A5,346600,95228,-9.7,-0.6,2017MM04,85.2
95229,A5,346600,95229,-9.7,-0.6,2017MM05,85.2
95230,A5,346600,95230,-9.7,-0.6,2017MM06,85.2
95231,A5,346600,95231,-9.7,-0.6,2017MM07,85.2
95232,A5,346600,95232,-9.7,-0.6,2017MM08,85.2
95233,A5,346600,95233,-9.7,-0.6,2017MM09,85.2
95234,A5,346600,95234,-9.7,-0.6,2017MM10,85.2
95235,A5,346600,95235,-9.7,-0.6,2017MM11,85.2
95236,A5,346600,95236,-9.7,-0.6,2017MM12,85.2
