,Afzet,BedrijfstakkenBranchesSBI2008,ID,OntwikkelingTOV1JaarEerder_2,OntwikkelingTOV1MaandEerder_3,Perioden,ProducentenprijsindexPPI_1
30784,A6,346700,30784,,,1981MM01,81.5
30785,A6,346700,30785,,1.9,1981MM02,83.1
30786,A6,346700,30786,,1.9,1981MM03,84.7
30787,A6,346700,30787,,2.4,1981MM04,86.7
30788,A6,346700,30788,,2.6,1981MM05,88.9
30789,A6,346700,30789,,1.0,1981MM06,89.9
30790,A6,346700,30790,,2.7,1981MM07,92.3
30791,A6,346700,30791,,1.3,1981MM08,93.4
30792,A6,346700,30792,,1.4,1981MM09,94.7
30793,A6,346700,30793,,0.4,1981MM10,95.1
30794,A6,346700,30794,,1.1,1981MM11,96.2
30795,A6,346700,30795,,-0.3,1981MM12,95.9
30797,A6,346700,30797,18.1,0.5,1982MM01,96.3
30798,A6,346700,30798,16.2,0.3,1982MM02,96.6
30799,A6,346700,30799,13.6,-0.4,1982MM03,96.2
30800,A6,346700,30800,9.9,-1.0,1982MM04,95.2
30801,A6,346700,30801,6.8,-0.3,1982MM05,95.0
30802,A6,346700,30802,6.2,0.5,1982MM06,95.5
30803,A6,346700,30803,2.9,-0.5,1982MM07,95.0
30804,A6,346700,30804,1.5,-0.2,1982MM08,94.8
30805,A6,346700,30805,0.3,0.2,1982MM09,94.9
30806,A6,346700,30806,-1.5,-1.3,1982MM10,93.7
30807,A6,346700,30807,-2.2,0.4,1982MM11,94.1
30808,A6,346700,30808,-2.1,-0.2,1982MM12,93.9
30810,A6,346700,30810,-1.7,0.8,1983MM01,94.7
30811,A6,346700,30811,-2.6,-0.7,1983MM02,94.1
30812,A6,346700,30812,-2.1,0.2,1983MM03,94.2
30813,A6,346700,30813,-1.9,-0.8,1983MM04,93.5
30814,A6,346700,30814,-1.3,0.3,1983MM05,93.7
30815,A6,346700,30815,-1.7,0.1,1983MM06,93.8
30816,A6,346700,30816,-2.2,-1.0,1983MM07,92.9
30817,A6,346700,30817,-2.8,-0.8,1983MM08,92.1
30818,A6,346700,30818,-3.9,-1.0,1983MM09,91.2
30819,A6,346700,30819,-1.7,1.0,1983MM10,92.1
30820,A6,346700,30820,-1.6,0.5,1983MM11,92.6
30821,A6,346700,30821,-1.8,-0.5,1983MM12,92.2
30823,A6,346700,30823,-2.6,0.1,1984MM01,92.2
30824,A6,346700,30824,-1.4,0.5,1984MM02,92.7
30825,A6,346700,30825,-1.8,-0.2,1984MM03,92.5
30826,A6,346700,30826,-0.7,0.4,1984MM04,92.8
30827,A6,346700,30827,-0.6,0.3,1984MM05,93.1
30828,A6,346700,30828,-0.9,-0.2,1984MM06,93.0
30829,A6,346700,30829,-0.1,-0.2,1984MM07,92.8
30830,A6,346700,30830,1.4,0.6,1984MM08,93.4
30831,A6,346700,30831,3.1,0.7,1984MM09,94.1
30832,A6,346700,30832,1.7,-0.5,1984MM10,93.6
30833,A6,346700,30833,1.4,0.3,1984MM11,93.9
30834,A6,346700,30834,2.7,0.8,1984MM12,94.7
30836,A6,346700,30836,4.0,1.4,1985MM01,96.0
30837,A6,346700,30837,3.6,0.1,1985MM02,96.0
30838,A6,346700,30838,4.3,0.4,1985MM03,96.4
30839,A6,346700,30839,4.3,0.4,1985MM04,96.8
30840,A6,346700,30840,4.7,0.8,1985MM05,97.6
30841,A6,346700,30841,5.3,0.3,1985MM06,97.9
30842,A6,346700,30842,4.2,-1.2,1985MM07,96.8
30843,A6,346700,30843,3.7,0.1,1985MM08,96.9
30844,A6,346700,30844,2.7,-0.3,1985MM09,96.6
30845,A6,346700,30845,0.3,-2.8,1985MM10,93.9
30846,A6,346700,30846,-1.9,-1.9,1985MM11,92.1
30847,A6,346700,30847,-3.1,-0.4,1985MM12,91.7
30849,A6,346700,30849,-8.7,-4.5,1986MM01,87.6
30850,A6,346700,30850,-10.2,-1.5,1986MM02,86.3
30851,A6,346700,30851,-11.9,-1.5,1986MM03,85.0
30852,A6,346700,30852,-13.8,-1.8,1986MM04,83.4
30853,A6,346700,30853,-17.0,-2.9,1986MM05,81.0
30854,A6,346700,30854,-17.7,-0.6,1986MM06,80.5
30855,A6,346700,30855,-21.2,-5.4,1986MM07,76.2
30856,A6,346700,30856,-23.1,-2.2,1986MM08,74.5
30857,A6,346700,30857,-24.5,-2.1,1986MM09,73.0
30858,A6,346700,30858,-25.4,-3.9,1986MM10,70.1
30859,A6,346700,30859,-25.7,-2.3,1986MM11,68.5
30860,A6,346700,30860,-26.2,-1.1,1986MM12,67.7
30862,A6,346700,30862,-22.7,-0.1,1987MM01,67.7
30863,A6,346700,30863,-21.1,0.5,1987MM02,68.0
30864,A6,346700,30864,-20.1,-0.2,1987MM03,67.9
30865,A6,346700,30865,-17.2,1.7,1987MM04,69.0
30866,A6,346700,30866,-13.2,1.9,1987MM05,70.3
30867,A6,346700,30867,-12.8,-0.1,1987MM06,70.2
30868,A6,346700,30868,-7.9,-0.1,1987MM07,70.2
30869,A6,346700,30869,-6.2,-0.4,1987MM08,69.9
30870,A6,346700,30870,-4.3,-0.1,1987MM09,69.8
30871,A6,346700,30871,-0.2,0.1,1987MM10,69.9
30872,A6,346700,30872,2.1,0.0,1987MM11,69.9
30873,A6,346700,30873,3.1,-0.1,1987MM12,69.8
30875,A6,346700,30875,2.7,-0.4,1988MM01,69.5
30876,A6,346700,30876,2.1,-0.1,1988MM02,69.5
30877,A6,346700,30877,1.8,-0.4,1988MM03,69.2
30878,A6,346700,30878,-1.7,-1.8,1988MM04,67.9
30879,A6,346700,30879,-3.7,-0.3,1988MM05,67.7
30880,A6,346700,30880,-3.3,0.3,1988MM06,67.9
30881,A6,346700,30881,-5.3,-2.1,1988MM07,66.4
30882,A6,346700,30882,-5.2,-0.2,1988MM08,66.3
30883,A6,346700,30883,-5.4,-0.3,1988MM09,66.1
30884,A6,346700,30884,-5.4,0.0,1988MM10,66.1
30885,A6,346700,30885,-5.6,-0.2,1988MM11,66.0
30886,A6,346700,30886,-5.3,0.1,1988MM12,66.1
30888,A6,346700,30888,-3.2,1.8,1989MM01,67.3
30889,A6,346700,30889,-2.9,0.2,1989MM02,67.5
30890,A6,346700,30890,-2.3,0.1,1989MM03,67.6
30891,A6,346700,30891,-1.4,-1.0,1989MM04,66.9
30892,A6,346700,30892,-1.7,-0.5,1989MM05,66.5
30893,A6,346700,30893,-2.1,-0.2,1989MM06,66.4
30894,A6,346700,30894,3.0,3.0,1989MM07,68.4
30895,A6,346700,30895,3.0,-0.3,1989MM08,68.3
30896,A6,346700,30896,3.1,-0.2,1989MM09,68.1
30897,A6,346700,30897,3.6,0.6,1989MM10,68.5
30898,A6,346700,30898,3.6,-0.2,1989MM11,68.4
30899,A6,346700,30899,2.7,-0.7,1989MM12,67.9
30901,A6,346700,30901,1.0,0.2,1990MM01,68.0
30902,A6,346700,30902,0.4,-0.4,1990MM02,67.8
30903,A6,346700,30903,-0.4,-0.7,1990MM03,67.3
30904,A6,346700,30904,0.1,-0.5,1990MM04,67.0
30905,A6,346700,30905,0.3,-0.3,1990MM05,66.7
30906,A6,346700,30906,0.0,-0.5,1990MM06,66.4
30907,A6,346700,30907,-3.0,0.0,1990MM07,66.4
30908,A6,346700,30908,-2.9,-0.2,1990MM08,66.3
30909,A6,346700,30909,-2.8,-0.1,1990MM09,66.2
30910,A6,346700,30910,-4.6,-1.3,1990MM10,65.4
30911,A6,346700,30911,-4.5,-0.1,1990MM11,65.3
30912,A6,346700,30912,-3.7,0.1,1990MM12,65.3
30914,A6,346700,30914,1.1,5.2,1991MM01,68.8
30915,A6,346700,30915,1.7,0.3,1991MM02,68.9
30916,A6,346700,30916,2.9,0.5,1991MM03,69.3
30917,A6,346700,30917,4.2,0.8,1991MM04,69.8
30918,A6,346700,30918,4.9,0.3,1991MM05,70.0
30919,A6,346700,30919,5.5,0.1,1991MM06,70.1
30920,A6,346700,30920,6.7,1.1,1991MM07,70.9
30921,A6,346700,30921,6.9,0.0,1991MM08,70.9
30922,A6,346700,30922,7.1,0.0,1991MM09,70.9
30923,A6,346700,30923,7.0,-1.3,1991MM10,70.0
30924,A6,346700,30924,6.8,-0.3,1991MM11,69.7
30925,A6,346700,30925,6.6,-0.1,1991MM12,69.7
30927,A6,346700,30927,-1.4,-2.7,1992MM01,67.8
30928,A6,346700,30928,-1.7,0.0,1992MM02,67.8
30929,A6,346700,30929,-2.1,0.0,1992MM03,67.8
30930,A6,346700,30930,-3.4,-0.5,1992MM04,67.4
30931,A6,346700,30931,-3.8,-0.1,1992MM05,67.3
30932,A6,346700,30932,-3.9,0.0,1992MM06,67.3
30933,A6,346700,30933,-3.2,1.9,1992MM07,68.6
30934,A6,346700,30934,-3.2,0.0,1992MM08,68.6
30935,A6,346700,30935,-3.2,0.0,1992MM09,68.6
30936,A6,346700,30936,-2.3,-0.5,1992MM10,68.3
30937,A6,346700,30937,-2.0,0.0,1992MM11,68.3
30938,A6,346700,30938,-1.9,0.0,1992MM12,68.3
30940,A6,346700,30940,-2.6,-3.3,1993MM01,66.1
30941,A6,346700,30941,-2.5,0.0,1993MM02,66.1
30942,A6,346700,30942,-2.5,0.0,1993MM03,66.1
30943,A6,346700,30943,-2.1,-0.1,1993MM04,66.0
30944,A6,346700,30944,-1.9,0.1,1993MM05,66.1
30945,A6,346700,30945,-2.0,-0.1,1993MM06,66.0
30946,A6,346700,30946,-4.3,-0.5,1993MM07,65.7
30947,A6,346700,30947,-4.4,0.0,1993MM08,65.7
30948,A6,346700,30948,-4.4,-0.1,1993MM09,65.6
30949,A6,346700,30949,-3.5,0.5,1993MM10,65.9
30950,A6,346700,30950,-3.2,0.3,1993MM11,66.1
30951,A6,346700,30951,-3.2,0.1,1993MM12,66.2
30953,A6,346700,30953,2.2,2.0,1994MM01,67.5
30954,A6,346700,30954,2.1,0.0,1994MM02,67.5
30955,A6,346700,30955,2.1,-0.1,1994MM03,67.4
30956,A6,346700,30956,1.0,-1.2,1994MM04,66.6
30957,A6,346700,30957,0.6,-0.2,1994MM05,66.5
30958,A6,346700,30958,0.8,0.0,1994MM06,66.5
30959,A6,346700,30959,0.1,-1.1,1994MM07,65.8
30960,A6,346700,30960,0.2,0.1,1994MM08,65.8
30961,A6,346700,30961,0.4,0.1,1994MM09,65.9
30962,A6,346700,30962,1.3,1.4,1994MM10,66.7
30963,A6,346700,30963,1.3,0.4,1994MM11,67.0
30964,A6,346700,30964,1.4,0.1,1994MM12,67.1
30966,A6,346700,30966,2.0,2.6,1995MM01,68.8
30967,A6,346700,30967,2.1,0.1,1995MM02,68.9
30968,A6,346700,30968,2.3,0.1,1995MM03,69.0
30969,A6,346700,30969,3.8,0.2,1995MM04,69.2
30970,A6,346700,30970,4.1,0.1,1995MM05,69.2
30971,A6,346700,30971,4.2,0.1,1995MM06,69.3
30972,A6,346700,30972,2.5,-2.7,1995MM07,67.4
30973,A6,346700,30973,2.4,0.0,1995MM08,67.4
30974,A6,346700,30974,2.4,0.0,1995MM09,67.4
30975,A6,346700,30975,1.1,0.1,1995MM10,67.5
30976,A6,346700,30976,0.7,0.0,1995MM11,67.5
30977,A6,346700,30977,0.5,0.0,1995MM12,67.5
30979,A6,346700,30979,-1.6,0.4,1996MM01,67.7
30980,A6,346700,30980,-1.8,0.0,1996MM02,67.7
30981,A6,346700,30981,-2.0,-0.1,1996MM03,67.6
30982,A6,346700,30982,-2.3,-0.1,1996MM04,67.5
30983,A6,346700,30983,-2.5,-0.1,1996MM05,67.5
30984,A6,346700,30984,-2.6,0.0,1996MM06,67.5
30985,A6,346700,30985,4.1,4.0,1996MM07,70.2
30986,A6,346700,30986,4.0,0.0,1996MM08,70.1
30987,A6,346700,30987,4.1,0.1,1996MM09,70.2
30988,A6,346700,30988,4.0,0.0,1996MM10,70.2
30989,A6,346700,30989,4.0,0.0,1996MM11,70.2
30990,A6,346700,30990,4.0,0.0,1996MM12,70.2
30992,A6,346700,30992,8.8,5.0,1997MM01,73.7
30993,A6,346700,30993,8.8,0.0,1997MM02,73.7
30994,A6,346700,30994,9.0,0.0,1997MM03,73.7
30995,A6,346700,30995,9.5,0.4,1997MM04,74.0
30996,A6,346700,30996,9.7,0.1,1997MM05,74.0
30997,A6,346700,30997,9.7,0.0,1997MM06,74.1
30998,A6,346700,30998,8.8,3.0,1997MM07,76.3
30999,A6,346700,30999,8.9,0.0,1997MM08,76.3
31000,A6,346700,31000,8.9,0.1,1997MM09,76.4
31001,A6,346700,31001,9.0,0.1,1997MM10,76.5
31002,A6,346700,31002,9.0,0.0,1997MM11,76.5
31003,A6,346700,31003,9.1,0.1,1997MM12,76.6
31005,A6,346700,31005,2.0,-1.8,1998MM01,75.2
31006,A6,346700,31006,2.1,0.0,1998MM02,75.2
31007,A6,346700,31007,2.1,0.0,1998MM03,75.2
31008,A6,346700,31008,1.6,-0.1,1998MM04,75.2
31009,A6,346700,31009,1.5,0.0,1998MM05,75.1
31010,A6,346700,31010,1.4,-0.1,1998MM06,75.1
31011,A6,346700,31011,-6.3,-4.7,1998MM07,71.5
31012,A6,346700,31012,-6.5,-0.1,1998MM08,71.4
31013,A6,346700,31013,-6.7,-0.2,1998MM09,71.3
31014,A6,346700,31014,-7.0,-0.3,1998MM10,71.1
31015,A6,346700,31015,-7.3,-0.2,1998MM11,70.9
31016,A6,346700,31016,-7.6,-0.3,1998MM12,70.7
31018,A6,346700,31018,-10.8,-5.3,1999MM01,67.0
31019,A6,346700,31019,-11.0,-0.2,1999MM02,66.9
31020,A6,346700,31020,-11.1,0.0,1999MM03,66.9
31021,A6,346700,31021,-11.1,-0.1,1999MM04,66.8
31022,A6,346700,31022,-10.9,0.2,1999MM05,66.9
31023,A6,346700,31023,-10.5,0.3,1999MM06,67.1
31024,A6,346700,31024,-9.3,-3.4,1999MM07,64.9
31025,A6,346700,31025,-8.7,0.5,1999MM08,65.2
31026,A6,346700,31026,-8.0,0.6,1999MM09,65.6
31027,A6,346700,31027,-6.9,0.9,1999MM10,66.2
31028,A6,346700,31028,-5.9,0.9,1999MM11,66.8
31029,A6,346700,31029,-4.7,1.0,1999MM12,67.4
31031,A6,346700,31031,8.1,7.4,2000MM01,72.4
31032,A6,346700,31032,5.6,-2.4,2000MM02,70.7
31033,A6,346700,31033,2.6,-2.9,2000MM03,68.6
31034,A6,346700,31034,5.3,2.6,2000MM04,70.4
31035,A6,346700,31035,12.4,7.0,2000MM05,75.3
31036,A6,346700,31036,3.4,-7.8,2000MM06,69.4
31037,A6,346700,31037,5.4,-1.5,2000MM07,68.4
31038,A6,346700,31038,15.3,10.0,2000MM08,75.2
31039,A6,346700,31039,6.9,-6.8,2000MM09,70.1
31040,A6,346700,31040,8.5,2.4,2000MM10,71.8
31041,A6,346700,31041,9.2,1.6,2000MM11,72.9
31042,A6,346700,31042,11.0,2.7,2000MM12,74.9
31044,A6,346700,31044,-1.7,-4.9,2001MM01,71.2
31045,A6,346700,31045,-3.0,-3.7,2001MM02,68.6
31046,A6,346700,31046,-0.5,-0.5,2001MM03,68.2
31047,A6,346700,31047,-6.0,-3.1,2001MM04,66.1
31048,A6,346700,31048,-10.9,1.4,2001MM05,67.1
31049,A6,346700,31049,0.2,3.6,2001MM06,69.5
31050,A6,346700,31050,7.6,5.8,2001MM07,73.6
31051,A6,346700,31051,-9.8,-7.8,2001MM08,67.8
31052,A6,346700,31052,0.5,3.9,2001MM09,70.5
31053,A6,346700,31053,-7.5,-5.7,2001MM10,66.4
31054,A6,346700,31054,-4.4,4.9,2001MM11,69.7
31055,A6,346700,31055,1.1,8.6,2001MM12,75.7
31057,A6,346700,31057,-5.1,-10.7,2002MM01,67.5
31058,A6,346700,31058,-4.3,-2.9,2002MM02,65.6
31059,A6,346700,31059,-6.1,-2.3,2002MM03,64.1
31060,A6,346700,31060,-2.2,0.9,2002MM04,64.7
31061,A6,346700,31061,-6.0,-2.5,2002MM05,63.0
31062,A6,346700,31062,-1.7,8.4,2002MM06,68.3
31063,A6,346700,31063,-13.9,-7.3,2002MM07,63.3
31064,A6,346700,31064,0.1,7.2,2002MM08,67.9
31065,A6,346700,31065,-0.7,3.1,2002MM09,70.0
31066,A6,346700,31066,6.7,1.2,2002MM10,70.8
31067,A6,346700,31067,0.3,-1.3,2002MM11,69.9
31068,A6,346700,31068,-12.4,-5.2,2002MM12,66.3
31070,A6,346700,31070,9.3,11.4,2003MM01,73.8
31071,A6,346700,31071,6.0,-5.8,2003MM02,69.5
31072,A6,346700,31072,4.6,-3.6,2003MM03,67.0
31073,A6,346700,31073,0.7,-2.9,2003MM04,65.1
31074,A6,346700,31074,4.2,1.0,2003MM05,65.7
31075,A6,346700,31075,8.1,12.4,2003MM06,73.8
31076,A6,346700,31076,8.6,-6.8,2003MM07,68.8
31077,A6,346700,31077,15.8,14.2,2003MM08,78.6
31078,A6,346700,31078,-1.6,-12.4,2003MM09,68.8
31079,A6,346700,31079,5.7,8.8,2003MM10,74.8
31080,A6,346700,31080,9.5,2.2,2003MM11,76.5
31081,A6,346700,31081,6.9,-7.4,2003MM12,70.8
31083,A6,346700,31083,-7.5,-3.6,2004MM01,68.3
31084,A6,346700,31084,-0.6,1.2,2004MM02,69.1
31085,A6,346700,31085,3.8,0.6,2004MM03,69.5
31086,A6,346700,31086,-0.1,-6.4,2004MM04,65.1
31087,A6,346700,31087,1.1,2.1,2004MM05,66.4
31088,A6,346700,31088,-9.2,0.9,2004MM06,67.0
31089,A6,346700,31089,-1.3,1.3,2004MM07,67.9
31090,A6,346700,31090,-12.8,0.9,2004MM08,68.5
31091,A6,346700,31091,0.6,1.0,2004MM09,69.2
31092,A6,346700,31092,-8.5,-1.0,2004MM10,68.5
31093,A6,346700,31093,-6.2,4.8,2004MM11,71.8
31094,A6,346700,31094,-2.1,-3.3,2004MM12,69.4
31096,A6,346700,31096,1.76923076923,0.65,2005MM01,68.7
31097,A6,346700,31097,5.63846153846,4.6,2005MM02,71.8
31098,A6,346700,31098,9.50769230769,6.1,2005MM03,76.3
31099,A6,346700,31099,13.3769230769,-4.6,2005MM04,72.7
31100,A6,346700,31100,17.2461538462,-2.5,2005MM05,70.9
31101,A6,346700,31101,21.1153846154,6.3,2005MM06,75.4
31102,A6,346700,31102,24.9846153846,0.1,2005MM07,75.5
31103,A6,346700,31103,28.8538461538,-1.0,2005MM08,74.7
31104,A6,346700,31104,32.7230769231,8.6,2005MM09,81.2
31105,A6,346700,31105,36.5923076923,4.4,2005MM10,84.7
31106,A6,346700,31106,40.4615384615,6.8,2005MM11,90.5
31107,A6,346700,31107,44.3307692308,0.9,2005MM12,91.3
31109,A6,346700,31109,48.2,11.5,2006MM01,101.8
31110,A6,346700,31110,49.4,5.5,2006MM02,107.3
31111,A6,346700,31111,36.3,-3.2,2006MM03,103.9
31112,A6,346700,31112,30.0,-9.0,2006MM04,94.6
31113,A6,346700,31113,27.0,-4.8,2006MM05,90.1
31114,A6,346700,31114,23.8,3.7,2006MM06,93.4
31115,A6,346700,31115,48.3,19.9,2006MM07,112.0
31116,A6,346700,31116,27.4,-15.0,2006MM08,95.2
31117,A6,346700,31117,21.0,3.2,2006MM09,98.2
31118,A6,346700,31118,18.1,1.9,2006MM10,100.1
31119,A6,346700,31119,12.9,2.1,2006MM11,102.2
31120,A6,346700,31120,4.6,-6.6,2006MM12,95.5
31122,A6,346700,31122,-1.7,4.7,2007MM01,100.0
31123,A6,346700,31123,-8.1,-1.3,2007MM02,98.6
31124,A6,346700,31124,-7.7,-2.7,2007MM03,96.0
31125,A6,346700,31125,3.2,1.7,2007MM04,97.6
31126,A6,346700,31126,10.6,2.1,2007MM05,99.6
31127,A6,346700,31127,5.2,-1.4,2007MM06,98.3
31128,A6,346700,31128,-15.8,-4.1,2007MM07,94.3
31129,A6,346700,31129,-0.6,0.3,2007MM08,94.6
31130,A6,346700,31130,-1.7,2.1,2007MM09,96.5
31131,A6,346700,31131,12.3,16.4,2007MM10,112.4
31132,A6,346700,31132,14.0,3.7,2007MM11,116.5
31133,A6,346700,31133,20.9,-0.9,2007MM12,115.4
31135,A6,346700,31135,10.8,-4.1,2008MM01,110.7
31136,A6,346700,31136,12.8,0.5,2008MM02,111.2
31137,A6,346700,31137,14.8,-1.0,2008MM03,110.2
31138,A6,346700,31138,17.1,3.7,2008MM04,114.3
31139,A6,346700,31139,10.4,-3.7,2008MM05,110.0
31140,A6,346700,31140,18.5,5.8,2008MM06,116.4
31141,A6,346700,31141,23.5,0.0,2008MM07,116.4
31142,A6,346700,31142,18.2,-4.0,2008MM08,111.8
31143,A6,346700,31143,28.7,11.1,2008MM09,124.2
31144,A6,346700,31144,12.7,2.0,2008MM10,126.6
31145,A6,346700,31145,-0.3,-8.2,2008MM11,116.2
31146,A6,346700,31146,-2.1,-2.7,2008MM12,113.1
31148,A6,346700,31148,8.1,5.9,2009MM01,119.7
31149,A6,346700,31149,1.2,-6.0,2009MM02,112.6
31150,A6,346700,31150,-5.9,-7.9,2009MM03,103.7
31151,A6,346700,31151,-14.7,-6.0,2009MM04,97.4
31152,A6,346700,31152,-12.9,-1.6,2009MM05,95.9
31153,A6,346700,31153,-15.6,2.5,2009MM06,98.3
31154,A6,346700,31154,-14.3,1.5,2009MM07,99.7
31155,A6,346700,31155,-11.4,-0.7,2009MM08,99.0
31156,A6,346700,31156,-18.1,2.8,2009MM09,101.7
31157,A6,346700,31157,-16.3,4.2,2009MM10,106.0
31158,A6,346700,31158,-12.7,-4.4,2009MM11,101.4
31159,A6,346700,31159,-10.2,0.1,2009MM12,101.5
31161,A6,346700,31161,-18.5,-3.9,2010MM01,97.5
31162,A6,346700,31162,-12.1,1.5,2010MM02,99.0
31163,A6,346700,31163,-5.8,-1.3,2010MM03,97.7
31164,A6,346700,31164,-1.8,-2.0,2010MM04,95.7
31165,A6,346700,31165,-0.1,0.0,2010MM05,95.7
31166,A6,346700,31166,1.2,3.9,2010MM06,99.5
31167,A6,346700,31167,1.6,1.8,2010MM07,101.3
31168,A6,346700,31168,-1.2,-3.5,2010MM08,97.8
31169,A6,346700,31169,-0.2,3.8,2010MM09,101.5
31170,A6,346700,31170,-2.5,1.9,2010MM10,103.4
31171,A6,346700,31171,1.2,-0.8,2010MM11,102.6
31172,A6,346700,31172,6.7,5.5,2010MM12,108.3
31174,A6,346700,31174,4.9,-5.5,2011MM01,102.3
31175,A6,346700,31175,3.3,-0.1,2011MM02,102.3
31176,A6,346700,31176,5.2,0.5,2011MM03,102.7
31177,A6,346700,31177,6.3,-1.0,2011MM04,101.7
31178,A6,346700,31178,8.8,2.4,2011MM05,104.1
31179,A6,346700,31179,2.8,-1.8,2011MM06,102.3
31180,A6,346700,31180,-2.6,-3.5,2011MM07,98.7
31181,A6,346700,31181,1.4,0.4,2011MM08,99.2
31182,A6,346700,31182,0.7,3.1,2011MM09,102.2
31183,A6,346700,31183,-0.6,0.5,2011MM10,102.7
31184,A6,346700,31184,3.6,3.4,2011MM11,106.3
31185,A6,346700,31185,-7.4,-5.7,2011MM12,100.2
31187,A6,346700,31187,0.4,2.5,2012MM01,102.8
31188,A6,346700,31188,3.4,2.9,2012MM02,105.8
31189,A6,346700,31189,0.7,-2.2,2012MM03,103.4
31190,A6,346700,31190,-1.1,-2.7,2012MM04,100.6
31191,A6,346700,31191,-4.4,-1.1,2012MM05,99.5
31192,A6,346700,31192,-2.9,-0.2,2012MM06,99.3
31193,A6,346700,31193,0.0,-0.6,2012MM07,98.7
31194,A6,346700,31194,0.2,0.7,2012MM08,99.4
31195,A6,346700,31195,-1.3,1.6,2012MM09,100.9
31196,A6,346700,31196,0.5,2.3,2012MM10,103.2
31197,A6,346700,31197,-1.1,1.8,2012MM11,105.1
31198,A6,346700,31198,4.3,-0.5,2012MM12,104.5
31200,A6,346700,31200,-2.0,-3.7,2013MM01,100.7
31201,A6,346700,31201,-5.3,-0.6,2013MM02,100.1
31202,A6,346700,31202,-1.4,1.9,2013MM03,102.0
31203,A6,346700,31203,-0.4,-1.7,2013MM04,100.2
31204,A6,346700,31204,-0.9,-1.6,2013MM05,98.6
31205,A6,346700,31205,-2.3,-1.6,2013MM06,97.0
31206,A6,346700,31206,-2.9,-1.2,2013MM07,95.8
31207,A6,346700,31207,-3.7,-0.2,2013MM08,95.7
31208,A6,346700,31208,-3.4,1.9,2013MM09,97.5
31209,A6,346700,31209,-5.4,0.1,2013MM10,97.6
31210,A6,346700,31210,-4.8,2.4,2013MM11,100.0
31211,A6,346700,31211,-4.8,-0.5,2013MM12,99.5
31213,A6,346700,31213,-2.6,-1.5,2014MM01,98.0
31214,A6,346700,31214,-3.3,-1.3,2014MM02,96.8
31215,A6,346700,31215,-9.8,-5.0,2014MM03,92.0
31216,A6,346700,31216,-10.0,-2.0,2014MM04,90.2
31217,A6,346700,31217,-9.4,-1.0,2014MM05,89.3
31218,A6,346700,31218,-8.4,-0.5,2014MM06,88.8
31219,A6,346700,31219,-9.1,-1.9,2014MM07,87.1
31220,A6,346700,31220,-8.2,0.8,2014MM08,87.8
31221,A6,346700,31221,-5.8,4.6,2014MM09,91.8
31222,A6,346700,31222,-5.5,0.5,2014MM10,92.3
31223,A6,346700,31223,-5.9,2.0,2014MM11,94.1
31224,A6,346700,31224,-5.416,1.99743589744,2014MM12,93.8368421053
31226,A6,346700,31226,-4.932,1.99487179487,2015MM01,93.5736842105
31227,A6,346700,31227,-4.448,1.99230769231,2015MM02,93.3105263158
31228,A6,346700,31228,-3.964,1.98974358974,2015MM03,93.0473684211
31229,A6,346700,31229,-3.48,1.98717948718,2015MM04,92.7842105263
31230,A6,346700,31230,-2.996,1.98461538462,2015MM05,92.5210526316
31231,A6,346700,31231,-2.512,1.98205128205,2015MM06,92.2578947368
31232,A6,346700,31232,-2.028,1.97948717949,2015MM07,91.9947368421
31233,A6,346700,31233,-1.544,1.97692307692,2015MM08,91.7315789474
31234,A6,346700,31234,-1.06,1.97435897436,2015MM09,91.4684210526
31235,A6,346700,31235,-0.576,1.97179487179,2015MM10,91.2052631579
31236,A6,346700,31236,-0.092,1.96923076923,2015MM11,90.9421052632
31237,A6,346700,31237,0.392,1.96666666667,2015MM12,90.6789473684
31239,A6,346700,31239,0.876,1.9641025641,2016MM01,90.4157894737
31240,A6,346700,31240,1.36,1.96153846154,2016MM02,90.1526315789
31241,A6,346700,31241,1.844,1.95897435897,2016MM03,89.8894736842
31242,A6,346700,31242,2.328,1.95641025641,2016MM04,89.6263157895
31243,A6,346700,31243,2.812,1.95384615385,2016MM05,89.3631578947
31244,A6,346700,31244,3.296,1.95128205128,2016MM06,89.1
31245,A6,346700,31245,3.78,1.94871794872,2016MM07,88.8368421053
31246,A6,346700,31246,4.264,1.94615384615,2016MM08,88.5736842105
31247,A6,346700,31247,4.748,1.94358974359,2016MM09,88.3105263158
31248,A6,346700,31248,5.232,1.94102564103,2016MM10,88.0473684211
31249,A6,346700,31249,5.716,1.93846153846,2016MM11,87.7842105263
31250,A6,346700,31250,6.2,1.9358974359,2016MM12,87.5210526316
31252,A6,346700,31252,6.684,1.93333333333,2017MM01,87.2578947368
31253,A6,346700,31253,7.168,1.93076923077,2017MM02,86.9947368421
31254,A6,346700,31254,7.652,1.92820512821,2017MM03,86.7315789474
31255,A6,346700,31255,8.136,1.92564102564,2017MM04,86.4684210526
31256,A6,346700,31256,8.62,1.92307692308,2017MM05,86.2052631579
31257,A6,346700,31257,9.104,1.92051282051,2017MM06,85.9421052632
31258,A6,346700,31258,9.588,1.91794871795,2017MM07,85.6789473684
31259,A6,346700,31259,10.072,1.91538461538,2017MM08,85.4157894737
31260,A6,346700,31260,10.556,1.91282051282,2017MM09,85.1526315789
31261,A6,346700,31261,11.04,1.91025641026,2017MM10,84.8894736842
31262,A6,346700,31262,11.524,1.90769230769,2017MM11,84.6263157895
31263,A6,346700,31263,12.008,1.90512820513,2017MM12,84.3631578947
