,Afzet,BedrijfstakkenBranchesSBI2008,ID,OntwikkelingTOV1JaarEerder_2,OntwikkelingTOV1MaandEerder_3,Perioden,ProducentenprijsindexPPI_1
63011,A4,346700,63011,12.492,1.90256410256,1981MM01,84.1
63012,A4,346700,63012,12.976,1.9,1981MM02,85.7
63013,A4,346700,63013,13.46,1.9,1981MM03,87.4
63014,A4,346700,63014,13.944,2.4,1981MM04,89.5
63015,A4,346700,63015,14.428,2.6,1981MM05,91.8
63016,A4,346700,63016,14.912,1.1,1981MM06,92.8
63017,A4,346700,63017,15.396,2.7,1981MM07,95.3
63018,A4,346700,63018,15.88,1.3,1981MM08,96.5
63019,A4,346700,63019,16.364,1.4,1981MM09,97.8
63020,A4,346700,63020,16.848,0.4,1981MM10,98.3
63021,A4,346700,63021,17.332,1.1,1981MM11,99.4
63022,A4,346700,63022,17.816,-0.3,1981MM12,99.1
63024,A4,346700,63024,18.3,0.5,1982MM01,99.5
63025,A4,346700,63025,16.4,0.3,1982MM02,99.8
63026,A4,346700,63026,13.8,-0.4,1982MM03,99.4
63027,A4,346700,63027,10.0,-1.0,1982MM04,98.4
63028,A4,346700,63028,6.8,-0.3,1982MM05,98.1
63029,A4,346700,63029,6.3,0.5,1982MM06,98.6
63030,A4,346700,63030,2.9,-0.5,1982MM07,98.1
63031,A4,346700,63031,1.5,-0.2,1982MM08,97.9
63032,A4,346700,63032,0.3,0.2,1982MM09,98.1
63033,A4,346700,63033,-1.5,-1.3,1982MM10,96.8
63034,A4,346700,63034,-2.2,0.4,1982MM11,97.2
63035,A4,346700,63035,-2.1,-0.2,1982MM12,97.0
63037,A4,346700,63037,-1.7,0.9,1983MM01,97.8
63038,A4,346700,63038,-2.6,-0.7,1983MM02,97.1
63039,A4,346700,63039,-2.1,0.2,1983MM03,97.3
63040,A4,346700,63040,-1.9,-0.8,1983MM04,96.5
63041,A4,346700,63041,-1.3,0.3,1983MM05,96.8
63042,A4,346700,63042,-1.7,0.1,1983MM06,96.9
63043,A4,346700,63043,-2.2,-1.0,1983MM07,95.9
63044,A4,346700,63044,-2.8,-0.8,1983MM08,95.1
63045,A4,346700,63045,-3.9,-0.9,1983MM09,94.2
63046,A4,346700,63046,-1.7,1.0,1983MM10,95.2
63047,A4,346700,63047,-1.5,0.6,1983MM11,95.7
63048,A4,346700,63048,-1.8,-0.5,1983MM12,95.3
63050,A4,346700,63050,-2.5,0.1,1984MM01,95.3
63051,A4,346700,63051,-1.3,0.5,1984MM02,95.8
63052,A4,346700,63052,-1.7,-0.2,1984MM03,95.6
63053,A4,346700,63053,-0.6,0.4,1984MM04,96.0
63054,A4,346700,63054,-0.5,0.3,1984MM05,96.3
63055,A4,346700,63055,-0.8,-0.2,1984MM06,96.1
63056,A4,346700,63056,0.0,-0.2,1984MM07,95.9
63057,A4,346700,63057,1.4,0.6,1984MM08,96.5
63058,A4,346700,63058,3.1,0.7,1984MM09,97.2
63059,A4,346700,63059,1.6,-0.5,1984MM10,96.6
63060,A4,346700,63060,1.2,0.2,1984MM11,96.9
63061,A4,346700,63061,2.5,0.8,1984MM12,97.6
63063,A4,346700,63063,3.7,1.3,1985MM01,98.9
63064,A4,346700,63064,3.2,0.1,1985MM02,98.9
63065,A4,346700,63065,3.5,0.0,1985MM03,98.9
63066,A4,346700,63066,3.5,0.4,1985MM04,99.3
63067,A4,346700,63067,3.5,0.3,1985MM05,99.7
63068,A4,346700,63068,4.5,0.7,1985MM06,100.4
63069,A4,346700,63069,5.0,0.3,1985MM07,100.7
63070,A4,346700,63070,3.2,-1.2,1985MM08,99.5
63071,A4,346700,63071,2.6,0.1,1985MM09,99.7
63072,A4,346700,63072,2.9,-0.3,1985MM10,99.4
63073,A4,346700,63073,-0.2,-2.8,1985MM11,96.6
63074,A4,346700,63074,-2.9,-1.9,1985MM12,94.8
63076,A4,346700,63076,-4.5,-0.4,1986MM01,94.4
63077,A4,346700,63077,-19.1,-15.2,1986MM02,80.0
63078,A4,346700,63078,-8.9,12.7,1986MM03,90.2
63079,A4,346700,63079,-10.6,-1.5,1986MM04,88.8
63080,A4,346700,63080,-12.2,-1.5,1986MM05,87.5
63081,A4,346700,63081,-14.4,-1.8,1986MM06,85.9
63082,A4,346700,63082,-17.2,-2.9,1986MM07,83.4
63083,A4,346700,63083,-16.7,-0.6,1986MM08,82.9
63084,A4,346700,63084,-21.3,-5.4,1986MM09,78.5
63085,A4,346700,63085,-22.8,-2.2,1986MM10,76.8
63086,A4,346700,63086,-22.3,-2.1,1986MM11,75.1
63087,A4,346700,63087,-23.9,-4.0,1986MM12,72.1
63089,A4,346700,63089,-25.3,-2.3,1987MM01,70.5
63090,A4,346700,63090,-12.9,-1.1,1987MM02,69.7
63091,A4,346700,63091,-20.7,2.5,1987MM03,71.5
63092,A4,346700,63092,-21.6,-2.5,1987MM04,69.7
63093,A4,346700,63093,-20.0,0.5,1987MM05,70.0
63094,A4,346700,63094,-18.7,-0.2,1987MM06,69.9
63095,A4,346700,63095,-14.9,1.7,1987MM07,71.0
63096,A4,346700,63096,-12.8,1.8,1987MM08,72.3
63097,A4,346700,63097,-8.0,-0.1,1987MM09,72.2
63098,A4,346700,63098,-6.0,-0.1,1987MM10,72.1
63099,A4,346700,63099,-4.3,-0.4,1987MM11,71.9
63100,A4,346700,63100,-0.5,-0.1,1987MM12,71.8
63102,A4,346700,63102,1.9,0.1,1988MM01,71.8
63103,A4,346700,63103,3.0,0.0,1988MM02,71.8
63104,A4,346700,63104,0.4,-0.1,1988MM03,71.8
63105,A4,346700,63105,-0.7,-3.7,1988MM04,69.1
63106,A4,346700,63106,2.2,3.5,1988MM05,71.6
63107,A4,346700,63107,2.4,0.0,1988MM06,71.6
63108,A4,346700,63108,0.4,-0.3,1988MM07,71.3
63109,A4,346700,63109,-3.1,-1.7,1988MM08,70.1
63110,A4,346700,63110,-3.1,-0.2,1988MM09,69.9
63111,A4,346700,63111,-2.7,0.4,1988MM10,70.2
63112,A4,346700,63112,-4.3,-2.0,1988MM11,68.8
63113,A4,346700,63113,-4.3,-0.2,1988MM12,68.7
63115,A4,346700,63115,-4.6,-0.2,1989MM01,68.5
63116,A4,346700,63116,-4.6,0.0,1989MM02,68.6
63117,A4,346700,63117,-4.8,-0.3,1989MM03,68.4
63118,A4,346700,63118,-1.2,-0.1,1989MM04,68.3
63119,A4,346700,63119,-1.8,2.9,1989MM05,70.3
63120,A4,346700,63120,-3.4,-1.6,1989MM06,69.1
63121,A4,346700,63121,-3.3,-0.2,1989MM07,69.0
63122,A4,346700,63122,-1.9,-0.3,1989MM08,68.7
63123,A4,346700,63123,-3.1,-1.4,1989MM09,67.7
63124,A4,346700,63124,-4.5,-1.0,1989MM10,67.1
63125,A4,346700,63125,-3.1,-0.7,1989MM11,66.6
63126,A4,346700,63126,-0.5,2.5,1989MM12,68.3
63128,A4,346700,63128,-1.1,-0.8,1990MM01,67.8
63129,A4,346700,63129,-2.4,-1.3,1990MM02,66.9
63130,A4,346700,63130,-2.4,-0.3,1990MM03,66.7
63131,A4,346700,63131,-2.9,-0.6,1990MM04,66.3
63132,A4,346700,63132,-6.1,-0.4,1990MM05,66.0
63133,A4,346700,63133,-4.7,-0.3,1990MM06,65.8
63134,A4,346700,63134,-4.9,-0.4,1990MM07,65.6
63135,A4,346700,63135,-4.5,0.1,1990MM08,65.6
63136,A4,346700,63136,-3.2,-0.1,1990MM09,65.6
63137,A4,346700,63137,-2.3,0.0,1990MM10,65.5
63138,A4,346700,63138,-2.8,-1.2,1990MM11,64.8
63139,A4,346700,63139,-5.1,0.0,1990MM12,64.8
63141,A4,346700,63141,-4.2,0.2,1991MM01,64.9
63142,A4,346700,63142,3.0,6.2,1991MM02,68.9
63143,A4,346700,63143,2.6,-0.7,1991MM03,68.4
63144,A4,346700,63144,3.4,0.2,1991MM04,68.6
63145,A4,346700,63145,4.3,0.4,1991MM05,68.8
63146,A4,346700,63146,5.4,0.8,1991MM06,69.4
63147,A4,346700,63147,6.0,0.2,1991MM07,69.5
63148,A4,346700,63148,6.0,0.1,1991MM08,69.6
63149,A4,346700,63149,7.2,1.1,1991MM09,70.3
63150,A4,346700,63150,7.2,0.0,1991MM10,70.3
63151,A4,346700,63151,8.5,0.0,1991MM11,70.3
63152,A4,346700,63152,6.9,-1.4,1991MM12,69.3
63154,A4,346700,63154,6.3,-0.4,1992MM01,69.0
63155,A4,346700,63155,0.0,-0.1,1992MM02,68.9
63156,A4,346700,63156,-1.4,-2.2,1992MM03,67.4
63157,A4,346700,63157,-2.2,-0.5,1992MM04,67.1
63158,A4,346700,63158,-2.6,0.0,1992MM05,67.1
63159,A4,346700,63159,-3.3,0.0,1992MM06,67.1
63160,A4,346700,63160,-4.0,-0.5,1992MM07,66.7
63161,A4,346700,63161,-4.1,-0.1,1992MM08,66.7
63162,A4,346700,63162,-5.1,0.0,1992MM09,66.7
63163,A4,346700,63163,-3.2,2.0,1992MM10,68.0
63164,A4,346700,63164,-3.1,0.1,1992MM11,68.1
63165,A4,346700,63165,-1.7,0.0,1992MM12,68.1
63167,A4,346700,63167,-1.7,-0.4,1993MM01,67.8
63168,A4,346700,63168,-1.6,0.0,1993MM02,67.8
63169,A4,346700,63169,0.6,0.1,1993MM03,67.9
63170,A4,346700,63170,-2.4,-3.5,1993MM04,65.5
63171,A4,346700,63171,-2.2,0.2,1993MM05,65.6
63172,A4,346700,63172,-2.2,0.0,1993MM06,65.6
63173,A4,346700,63173,-1.8,-0.1,1993MM07,65.5
63174,A4,346700,63174,-1.9,-0.2,1993MM08,65.4
63175,A4,346700,63175,-2.0,0.0,1993MM09,65.4
63176,A4,346700,63176,-4.1,-0.2,1993MM10,65.3
63177,A4,346700,63177,-4.7,-0.6,1993MM11,64.9
63178,A4,346700,63178,-4.9,-0.2,1993MM12,64.8
63180,A4,346700,63180,-4.7,-0.2,1994MM01,64.6
63181,A4,346700,63181,-4.3,0.4,1994MM02,64.9
63182,A4,346700,63182,-4.1,0.3,1994MM03,65.1
63183,A4,346700,63183,-0.4,0.1,1994MM04,65.2
63184,A4,346700,63184,0.2,0.8,1994MM05,65.7
63185,A4,346700,63185,1.7,1.5,1994MM06,66.7
63186,A4,346700,63186,2.0,0.2,1994MM07,66.8
63187,A4,346700,63187,2.4,0.2,1994MM08,67.0
63188,A4,346700,63188,1.5,-0.9,1994MM09,66.4
63189,A4,346700,63189,1.9,0.1,1994MM10,66.5
63190,A4,346700,63190,2.9,0.4,1994MM11,66.8
63191,A4,346700,63191,2.4,-0.7,1994MM12,66.3
63193,A4,346700,63193,3.2,0.6,1995MM01,66.7
63194,A4,346700,63194,3.3,0.5,1995MM02,67.0
63195,A4,346700,63195,3.4,0.5,1995MM03,67.3
63196,A4,346700,63196,3.9,0.6,1995MM04,67.7
63197,A4,346700,63197,3.5,0.4,1995MM05,68.0
63198,A4,346700,63198,2.2,0.3,1995MM06,68.1
63199,A4,346700,63199,-0.4,-2.3,1995MM07,66.6
63200,A4,346700,63200,-0.5,0.1,1995MM08,66.6
63201,A4,346700,63201,0.5,0.1,1995MM09,66.7
63202,A4,346700,63202,0.5,0.1,1995MM10,66.8
63203,A4,346700,63203,0.0,0.0,1995MM11,66.8
63204,A4,346700,63204,0.6,-0.1,1995MM12,66.7
63206,A4,346700,63206,0.5,0.4,1996MM01,67.0
63207,A4,346700,63207,-0.1,-0.1,1996MM02,66.9
63208,A4,346700,63208,-0.8,-0.2,1996MM03,66.8
63209,A4,346700,63209,-1.6,-0.3,1996MM04,66.6
63210,A4,346700,63210,-2.2,-0.2,1996MM05,66.4
63211,A4,346700,63211,-2.6,-0.1,1996MM06,66.4
63212,A4,346700,63212,3.1,3.4,1996MM07,68.6
63213,A4,346700,63213,2.9,-0.1,1996MM08,68.6
63214,A4,346700,63214,3.0,0.1,1996MM09,68.7
63215,A4,346700,63215,2.8,0.0,1996MM10,68.7
63216,A4,346700,63216,2.9,0.0,1996MM11,68.7
63217,A4,346700,63217,2.9,0.0,1996MM12,68.7
63219,A4,346700,63219,7.2,4.5,1997MM01,71.8
63220,A4,346700,63220,7.3,0.0,1997MM02,71.8
63221,A4,346700,63221,7.6,0.0,1997MM03,71.9
63222,A4,346700,63222,8.6,0.6,1997MM04,72.3
63223,A4,346700,63223,9.0,0.2,1997MM05,72.4
63224,A4,346700,63224,9.2,0.1,1997MM06,72.5
63225,A4,346700,63225,8.1,2.4,1997MM07,74.2
63226,A4,346700,63226,8.3,0.1,1997MM08,74.3
63227,A4,346700,63227,8.3,0.1,1997MM09,74.3
63228,A4,346700,63228,8.4,0.2,1997MM10,74.5
63229,A4,346700,63229,8.4,0.0,1997MM11,74.5
63230,A4,346700,63230,8.5,0.1,1997MM12,74.5
63232,A4,346700,63232,2.2,-1.5,1998MM01,73.4
63233,A4,346700,63233,2.2,0.0,1998MM02,73.4
63234,A4,346700,63234,2.2,0.0,1998MM03,73.4
63235,A4,346700,63235,1.5,-0.1,1998MM04,73.4
63236,A4,346700,63236,1.2,-0.1,1998MM05,73.3
63237,A4,346700,63237,1.1,-0.1,1998MM06,73.3
63238,A4,346700,63238,-5.3,-4.1,1998MM07,70.2
63239,A4,346700,63239,-5.5,-0.2,1998MM08,70.1
63240,A4,346700,63240,-5.8,-0.2,1998MM09,70.0
63241,A4,346700,63241,-6.0,-0.1,1998MM10,70.0
63242,A4,346700,63242,-6.3,-0.3,1998MM11,69.8
63243,A4,346700,63243,-6.7,-0.3,1998MM12,69.6
63245,A4,346700,63245,-9.7,-4.8,1999MM01,66.3
63246,A4,346700,63246,-10.0,-0.2,1999MM02,66.1
63247,A4,346700,63247,-10.0,0.0,1999MM03,66.1
63248,A4,346700,63248,-10.1,-0.2,1999MM04,66.0
63249,A4,346700,63249,-9.9,0.2,1999MM05,66.1
63250,A4,346700,63250,-9.5,0.4,1999MM06,66.3
63251,A4,346700,63251,-8.1,-2.7,1999MM07,64.5
63252,A4,346700,63252,-7.4,0.6,1999MM08,64.9
63253,A4,346700,63253,-6.6,0.6,1999MM09,65.4
63254,A4,346700,63254,-5.5,1.1,1999MM10,66.1
63255,A4,346700,63255,-4.3,1.0,1999MM11,66.8
63256,A4,346700,63256,-3.0,1.1,1999MM12,67.5
63258,A4,346700,63258,8.3,6.3,2000MM01,71.7
63259,A4,346700,63259,3.8,-4.4,2000MM02,68.6
63260,A4,346700,63260,0.7,-3.1,2000MM03,66.5
63261,A4,346700,63261,3.6,2.7,2000MM04,68.3
63262,A4,346700,63262,10.5,6.9,2000MM05,73.1
63263,A4,346700,63263,1.5,-7.9,2000MM06,67.3
63264,A4,346700,63264,5.6,1.3,2000MM07,68.2
63265,A4,346700,63265,15.7,10.2,2000MM08,75.2
63266,A4,346700,63266,5.6,-8.2,2000MM09,69.0
63267,A4,346700,63267,8.0,3.4,2000MM10,71.4
63268,A4,346700,63268,8.5,1.6,2000MM11,72.5
63269,A4,346700,63269,10.4,2.8,2000MM12,74.5
63271,A4,346700,63271,-1.1,-4.8,2001MM01,71.0
63272,A4,346700,63272,0.1,-3.2,2001MM02,68.7
63273,A4,346700,63273,2.8,-0.5,2001MM03,68.4
63274,A4,346700,63274,-3.2,-3.2,2001MM04,66.2
63275,A4,346700,63275,-8.1,1.5,2001MM05,67.2
63276,A4,346700,63276,2.9,3.2,2001MM06,69.3
63277,A4,346700,63277,6.0,4.3,2001MM07,72.3
63278,A4,346700,63278,-9.9,-6.2,2001MM08,67.7
63279,A4,346700,63279,2.0,3.9,2001MM09,70.4
63280,A4,346700,63280,-7.1,-5.8,2001MM10,66.3
63281,A4,346700,63281,-3.9,5.1,2001MM11,69.7
63282,A4,346700,63282,1.0,8.1,2001MM12,75.3
63284,A4,346700,63284,-5.5,-10.9,2002MM01,67.1
63285,A4,346700,63285,-5.1,-2.8,2002MM02,65.2
63286,A4,346700,63286,-6.8,-2.3,2002MM03,63.7
63287,A4,346700,63287,-2.9,0.9,2002MM04,64.3
63288,A4,346700,63288,-6.6,-2.4,2002MM05,62.7
63289,A4,346700,63289,-2.9,7.2,2002MM06,67.3
63290,A4,346700,63290,-12.7,-6.2,2002MM07,63.1
63291,A4,346700,63291,-0.1,7.3,2002MM08,67.7
63292,A4,346700,63292,-1.1,2.8,2002MM09,69.6
63293,A4,346700,63293,5.7,0.7,2002MM10,70.1
63294,A4,346700,63294,-0.6,-1.2,2002MM11,69.3
63295,A4,346700,63295,-12.5,-4.9,2002MM12,65.9
63297,A4,346700,63297,9.4,11.4,2003MM01,73.4
63298,A4,346700,63298,5.9,-5.9,2003MM02,69.0
63299,A4,346700,63299,4.8,-3.2,2003MM03,66.8
63300,A4,346700,63300,0.3,-3.5,2003MM04,64.5
63301,A4,346700,63301,3.7,0.9,2003MM05,65.0
63302,A4,346700,63302,6.5,10.2,2003MM06,71.7
63303,A4,346700,63303,6.4,-6.3,2003MM07,67.2
63304,A4,346700,63304,12.9,13.8,2003MM08,76.4
63305,A4,346700,63305,-2.5,-11.3,2003MM09,67.8
63306,A4,346700,63306,5.4,8.9,2003MM10,73.9
63307,A4,346700,63307,9.3,2.4,2003MM11,75.7
63308,A4,346700,63308,6.4,-7.3,2003MM12,70.1
63310,A4,346700,63310,-8.1,-3.8,2004MM01,67.4
63311,A4,346700,63311,-1.2,1.1,2004MM02,68.2
63312,A4,346700,63312,2.5,0.4,2004MM03,68.4
63313,A4,346700,63313,-0.4,-6.2,2004MM04,64.2
63314,A4,346700,63314,1.0,2.2,2004MM05,65.7
63315,A4,346700,63315,-7.6,0.9,2004MM06,66.2
63316,A4,346700,63316,0.4,1.8,2004MM07,67.4
63317,A4,346700,63317,-10.9,1.0,2004MM08,68.1
63318,A4,346700,63318,1.4,1.0,2004MM09,68.8
63319,A4,346700,63319,-7.4,-0.4,2004MM10,68.5
63320,A4,346700,63320,-4.9,5.1,2004MM11,72.0
63321,A4,346700,63321,-0.3,-2.8,2004MM12,69.9
63323,A4,346700,63323,3.19230769231,0.1,2005MM01,69.7
63324,A4,346700,63324,6.68461538462,3.0,2005MM02,71.8
63325,A4,346700,63325,10.1769230769,3.0,2005MM03,74.0
63326,A4,346700,63326,13.6692307692,-2.7,2005MM04,71.9
63327,A4,346700,63327,17.1615384615,-1.1,2005MM05,71.1
63328,A4,346700,63328,20.6538461538,3.7,2005MM06,73.8
63329,A4,346700,63329,24.1461538462,0.9,2005MM07,74.4
63330,A4,346700,63330,27.6384615385,0.8,2005MM08,75.0
63331,A4,346700,63331,31.1307692308,5.7,2005MM09,79.3
63332,A4,346700,63332,34.6230769231,3.4,2005MM10,82.0
63333,A4,346700,63333,38.1153846154,4.4,2005MM11,85.6
63334,A4,346700,63334,41.6076923077,0.8,2005MM12,86.3
63336,A4,346700,63336,45.1,17.2,2006MM01,101.2
63337,A4,346700,63337,47.1,4.4,2006MM02,105.6
63338,A4,346700,63338,37.7,-3.6,2006MM03,101.9
63339,A4,346700,63339,31.3,-7.3,2006MM04,94.5
63340,A4,346700,63340,27.7,-3.8,2006MM05,90.9
63341,A4,346700,63341,26.8,3.0,2006MM06,93.5
63342,A4,346700,63342,36.0,8.2,2006MM07,101.3
63343,A4,346700,63343,25.4,-7.1,2006MM08,94.1
63344,A4,346700,63344,22.6,3.3,2006MM09,97.2
63345,A4,346700,63345,21.8,2.8,2006MM10,99.9
63346,A4,346700,63346,19.0,1.9,2006MM11,101.9
63347,A4,346700,63347,12.4,-4.7,2006MM12,97.1
63349,A4,346700,63349,1.4,5.6,2007MM01,102.5
63350,A4,346700,63350,-5.1,-2.2,2007MM02,100.2
63351,A4,346700,63351,-3.9,-2.3,2007MM03,97.9
63352,A4,346700,63352,5.2,1.5,2007MM04,99.4
63353,A4,346700,63353,12.4,2.8,2007MM05,102.1
63354,A4,346700,63354,6.8,-2.2,2007MM06,99.9
63355,A4,346700,63355,-4.9,-3.6,2007MM07,96.3
63356,A4,346700,63356,2.9,0.5,2007MM08,96.8
63357,A4,346700,63357,1.5,1.9,2007MM09,98.7
63358,A4,346700,63358,11.0,12.4,2007MM10,110.9
63359,A4,346700,63359,12.8,3.6,2007MM11,114.9
63360,A4,346700,63360,14.9,-2.9,2007MM12,111.5
63362,A4,346700,63362,8.6,-0.1,2008MM01,111.4
63363,A4,346700,63363,10.3,-0.8,2008MM02,110.5
63364,A4,346700,63364,11.7,-1.0,2008MM03,109.4
63365,A4,346700,63365,12.8,2.5,2008MM04,112.1
63366,A4,346700,63366,6.5,-3.0,2008MM05,108.7
63367,A4,346700,63367,13.4,4.3,2008MM06,113.4
63368,A4,346700,63368,18.4,0.6,2008MM07,114.0
63369,A4,346700,63369,15.0,-2.4,2008MM08,111.3
63370,A4,346700,63370,22.0,8.2,2008MM09,120.5
63371,A4,346700,63371,11.0,2.2,2008MM10,123.1
63372,A4,346700,63372,0.1,-6.6,2008MM11,115.0
63373,A4,346700,63373,1.5,-1.6,2008MM12,113.2
63375,A4,346700,63375,6.8,5.1,2009MM01,119.0
63376,A4,346700,63376,2.4,-4.9,2009MM02,113.1
63377,A4,346700,63377,-4.0,-7.1,2009MM03,105.1
63378,A4,346700,63378,-11.8,-5.9,2009MM04,98.9
63379,A4,346700,63379,-10.4,-1.5,2009MM05,97.4
63380,A4,346700,63380,-12.1,2.4,2009MM06,99.7
63381,A4,346700,63381,-11.4,1.4,2009MM07,101.1
63382,A4,346700,63382,-9.8,-0.6,2009MM08,100.5
63383,A4,346700,63383,-14.9,2.0,2009MM09,102.5
63384,A4,346700,63384,-14.2,3.1,2009MM10,105.7
63385,A4,346700,63385,-10.8,-3.0,2009MM11,102.5
63386,A4,346700,63386,-9.2,0.2,2009MM12,102.7
63388,A4,346700,63388,-18.3,-5.3,2010MM01,97.3
63389,A4,346700,63389,-12.5,1.8,2010MM02,99.0
63390,A4,346700,63390,-6.6,-0.9,2010MM03,98.1
63391,A4,346700,63391,-2.8,-2.0,2010MM04,96.2
63392,A4,346700,63392,-1.0,0.2,2010MM05,96.4
63393,A4,346700,63393,-0.1,3.3,2010MM06,99.6
63394,A4,346700,63394,-0.1,1.4,2010MM07,101.0
63395,A4,346700,63395,-2.3,-2.8,2010MM08,98.1
63396,A4,346700,63396,-1.0,3.4,2010MM09,101.4
63397,A4,346700,63397,-2.6,1.4,2010MM10,102.9
63398,A4,346700,63398,0.2,-0.1,2010MM11,102.8
63399,A4,346700,63399,4.6,4.5,2010MM12,107.4
63401,A4,346700,63401,3.8,-6.0,2011MM01,101.0
63402,A4,346700,63402,2.3,0.3,2011MM02,101.2
63403,A4,346700,63403,3.0,-0.2,2011MM03,101.0
63404,A4,346700,63404,4.5,-0.6,2011MM04,100.4
63405,A4,346700,63405,6.4,2.1,2011MM05,102.6
63406,A4,346700,63406,1.4,-1.6,2011MM06,100.9
63407,A4,346700,63407,-3.0,-3.0,2011MM07,98.0
63408,A4,346700,63408,-0.3,-0.1,2011MM08,97.8
63409,A4,346700,63409,-0.4,3.3,2011MM09,101.0
63410,A4,346700,63410,-1.4,0.5,2011MM10,101.5
63411,A4,346700,63411,2.2,3.4,2011MM11,105.0
63412,A4,346700,63412,-7.5,-5.3,2011MM12,99.4
63414,A4,346700,63414,0.8,2.4,2012MM01,101.8
63415,A4,346700,63415,2.5,2.0,2012MM02,103.8
63416,A4,346700,63416,1.7,-1.1,2012MM03,102.7
63417,A4,346700,63417,-0.7,-2.8,2012MM04,99.8
63418,A4,346700,63418,-3.4,-0.6,2012MM05,99.1
63419,A4,346700,63419,-1.9,-0.1,2012MM06,99.0
63420,A4,346700,63420,0.4,-0.7,2012MM07,98.3
63421,A4,346700,63421,0.8,0.3,2012MM08,98.6
63422,A4,346700,63422,-1.5,0.9,2012MM09,99.5
63423,A4,346700,63423,0.9,2.8,2012MM10,102.3
63424,A4,346700,63424,-0.7,1.8,2012MM11,104.2
63425,A4,346700,63425,4.3,-0.5,2012MM12,103.7
63427,A4,346700,63427,-2.1,-3.8,2013MM01,99.7
63428,A4,346700,63428,-4.5,-0.6,2013MM02,99.1
63429,A4,346700,63429,-1.8,1.7,2013MM03,100.8
63430,A4,346700,63430,-0.7,-1.7,2013MM04,99.1
63431,A4,346700,63431,-1.4,-1.4,2013MM05,97.7
63432,A4,346700,63432,-2.8,-1.5,2013MM06,96.3
63433,A4,346700,63433,-3.2,-1.2,2013MM07,95.2
63434,A4,346700,63434,-3.5,0.0,2013MM08,95.2
63435,A4,346700,63435,-2.5,2.0,2013MM09,97.1
63436,A4,346700,63436,-5.3,-0.1,2013MM10,97.0
63437,A4,346700,63437,-4.5,2.6,2013MM11,99.5
63438,A4,346700,63438,-4.5,-0.6,2013MM12,98.9
63440,A4,346700,63440,-1.6,-0.9,2014MM01,98.0
63441,A4,346700,63441,-2.2,-1.2,2014MM02,96.9
63442,A4,346700,63442,-8.7,-5.0,2014MM03,92.1
63443,A4,346700,63443,-8.8,-1.8,2014MM04,90.4
63444,A4,346700,63444,-8.3,-0.8,2014MM05,89.6
63445,A4,346700,63445,-7.7,-0.8,2014MM06,88.9
63446,A4,346700,63446,-8.4,-2.0,2014MM07,87.1
63447,A4,346700,63447,-7.5,1.0,2014MM08,88.0
63448,A4,346700,63448,-5.2,4.5,2014MM09,92.0
63449,A4,346700,63449,-4.9,0.2,2014MM10,92.2
63450,A4,346700,63450,-5.4,2.2,2014MM11,94.2
63451,A4,346700,63451,-5.7,-0.9,2014MM12,93.3
63453,A4,346700,63453,-13.0,-8.6,2015MM01,85.3
63454,A4,346700,63454,-8.7,3.7,2015MM02,88.5
63455,A4,346700,63455,-6.0,-2.2,2015MM03,86.5
63456,A4,346700,63456,-5.2,-1.0,2015MM04,85.7
63457,A4,346700,63457,-7.0,-2.7,2015MM05,83.4
63458,A4,346700,63458,-4.4,1.9,2015MM06,85.0
63459,A4,346700,63459,-0.9,1.6,2015MM07,86.4
63460,A4,346700,63460,-5.9,-4.1,2015MM08,82.8
63461,A4,346700,63461,-7.7,2.5,2015MM09,84.9
63462,A4,346700,63462,-8.6,-0.7,2015MM10,84.3
63463,A4,346700,63463,-14.0,-3.9,2015MM11,81.0
63464,A4,346700,63464,-19.1,-6.7,2015MM12,75.5
63466,A4,346700,63466,-12.2,-0.8,2016MM01,74.9
63467,A4,346700,63467,-18.9,-4.2,2016MM02,71.8
63468,A4,346700,63468,-17.5,-0.5,2016MM03,71.4
63469,A4,346700,63469,-17.7,-1.3,2016MM04,70.5
63470,A4,346700,63470,-14.2,1.4,2016MM05,71.5
63471,A4,346700,63471,-11.0,5.7,2016MM06,75.6
63472,A4,346700,63472,-13.5,-1.2,2016MM07,74.7
63473,A4,346700,63473,-12.2,-2.7,2016MM08,72.7
63474,A4,346700,63474,-11.8,3.0,2016MM09,74.9
63475,A4,346700,63475,-8.7,2.8,2016MM10,77.0
63476,A4,346700,63476,-1.8,3.3,2016MM11,79.5
63477,A4,346700,63477,5.5,0.1,2016MM12,79.6
63479,A4,346700,63479,6.8,0.5,2017MM01,80.0
63480,A4,346700,63480,6.8,-4.2,2017MM02,76.6
63481,A4,346700,63481,1.8,-5.1,2017MM03,72.7
63482,A4,346700,63482,2.2,-0.8,2017MM04,72.1
63483,A4,346700,63483,3.0,2.2,2017MM05,73.7
63484,A4,346700,63484,-4.0,-1.4,2017MM06,72.6
63485,A4,346700,63485,-3.0,-0.2,2017MM07,72.5
63486,A4,346700,63486,-1.8,-1.5,2017MM08,71.4
63487,A4,346700,63487,-0.8,4.1,2017MM09,74.3
63488,A4,346700,63488,-3.1,0.4,2017MM10,74.6
63489,A4,346700,63489,-1.7,4.8,2017MM11,78.2
63490,A4,346700,63490,-1.57857142857,3.2,2017MM12,73.15
