,Afzet,BedrijfstakkenBranchesSBI2008,ID,OntwikkelingTOV1JaarEerder_2,OntwikkelingTOV1MaandEerder_3,Perioden,ProducentenprijsindexPPI_1
95238,A5,346700,95238,-1.45714285714,1.6,1981MM01,68.1
95239,A5,346700,95239,-1.33571428571,0.0,1981MM02,68.1
95240,A5,346700,95240,-1.21428571429,0.0,1981MM03,68.1
95241,A5,346700,95241,-1.09285714286,0.0,1981MM04,68.1
95242,A5,346700,95242,-0.971428571429,0.0,1981MM05,68.1
95243,A5,346700,95243,-0.85,0.0,1981MM06,68.1
95244,A5,346700,95244,-0.728571428571,0.0,1981MM07,68.1
95245,A5,346700,95245,-0.607142857143,0.0,1981MM08,68.1
95246,A5,346700,95246,-0.485714285714,0.0,1981MM09,68.1
95247,A5,346700,95247,-0.364285714286,0.0,1981MM10,68.1
95248,A5,346700,95248,-0.242857142857,0.0,1981MM11,68.1
95249,A5,346700,95249,-0.121428571429,0.0,1981MM12,68.1
95251,A5,346700,95251,0.0,0.0,1982MM01,68.1
95252,A5,346700,95252,0.0,0.0,1982MM02,68.1
95253,A5,346700,95253,0.0,0.0,1982MM03,68.1
95254,A5,346700,95254,0.0,0.0,1982MM04,68.1
95255,A5,346700,95255,0.0,0.0,1982MM05,68.1
95256,A5,346700,95256,0.0,0.0,1982MM06,68.1
95257,A5,346700,95257,0.0,0.0,1982MM07,68.1
95258,A5,346700,95258,0.0,0.0,1982MM08,68.1
95259,A5,346700,95259,0.0,0.0,1982MM09,68.1
95260,A5,346700,95260,0.0,0.0,1982MM10,68.1
95261,A5,346700,95261,0.0,0.0,1982MM11,68.1
95262,A5,346700,95262,0.0,0.0,1982MM12,68.1
95264,A5,346700,95264,0.0,0.0,1983MM01,68.1
95265,A5,346700,95265,0.0,0.0,1983MM02,68.1
95266,A5,346700,95266,0.0,0.0,1983MM03,68.1
95267,A5,346700,95267,0.0,0.0,1983MM04,68.1
95268,A5,346700,95268,0.0,0.0,1983MM05,68.1
95269,A5,346700,95269,0.0,0.0,1983MM06,68.1
95270,A5,346700,95270,0.0,0.0,1983MM07,68.1
95271,A5,346700,95271,0.0,0.0,1983MM08,68.1
95272,A5,346700,95272,0.0,0.0,1983MM09,68.1
95273,A5,346700,95273,0.0,0.0,1983MM10,68.1
95274,A5,346700,95274,0.0,0.0,1983MM11,68.1
95275,A5,346700,95275,0.0,0.0,1983MM12,68.1
95277,A5,346700,95277,0.0,0.0,1984MM01,68.1
95278,A5,346700,95278,0.0,0.0,1984MM02,68.1
95279,A5,346700,95279,0.0,0.0,1984MM03,68.1
95280,A5,346700,95280,0.0,0.0,1984MM04,68.1
95281,A5,346700,95281,0.0,0.0,1984MM05,68.1
95282,A5,346700,95282,0.0,0.0,1984MM06,68.1
95283,A5,346700,95283,0.0,0.0,1984MM07,68.1
95284,A5,346700,95284,0.0,0.0,1984MM08,68.1
95285,A5,346700,95285,0.0,0.0,1984MM09,68.0
95286,A5,346700,95286,0.0,0.0,1984MM10,68.0
95287,A5,346700,95287,0.0,0.0,1984MM11,68.0
95288,A5,346700,95288,0.0,0.0,1984MM12,68.0
95290,A5,346700,95290,0.0,0.0,1985MM01,68.0
95291,A5,346700,95291,0.0,0.0,1985MM02,68.0
95292,A5,346700,95292,0.0,0.0,1985MM03,68.0
95293,A5,346700,95293,0.0,0.0,1985MM04,68.0
95294,A5,346700,95294,0.0,0.0,1985MM05,68.0
95295,A5,346700,95295,0.0,0.0,1985MM06,68.0
95296,A5,346700,95296,0.0,0.0,1985MM07,68.0
95297,A5,346700,95297,0.0,0.0,1985MM08,68.1
95298,A5,346700,95298,0.0,0.0,1985MM09,68.1
95299,A5,346700,95299,0.0,0.0,1985MM10,68.1
95300,A5,346700,95300,0.0,0.0,1985MM11,68.1
95301,A5,346700,95301,0.1,0.0,1985MM12,68.1
95303,A5,346700,95303,0.1,0.0,1986MM01,68.1
95304,A5,346700,95304,0.1,0.0,1986MM02,68.1
95305,A5,346700,95305,0.1,0.0,1986MM03,68.1
95306,A5,346700,95306,0.1,0.0,1986MM04,68.1
95307,A5,346700,95307,0.1,0.0,1986MM05,68.1
95308,A5,346700,95308,0.1,0.0,1986MM06,68.1
95309,A5,346700,95309,0.0,0.0,1986MM07,68.1
95310,A5,346700,95310,0.0,0.0,1986MM08,68.0
95311,A5,346700,95311,-0.1,0.0,1986MM09,68.0
95312,A5,346700,95312,-0.1,0.0,1986MM10,68.0
95313,A5,346700,95313,-0.2,-0.1,1986MM11,68.0
95314,A5,346700,95314,-0.2,-0.1,1986MM12,67.9
95316,A5,346700,95316,-0.3,-0.1,1987MM01,67.9
95317,A5,346700,95317,-0.4,0.0,1987MM02,67.9
95318,A5,346700,95318,-0.4,0.0,1987MM03,67.8
95319,A5,346700,95319,-0.4,0.0,1987MM04,67.8
95320,A5,346700,95320,-0.3,0.0,1987MM05,67.9
95321,A5,346700,95321,-0.2,0.1,1987MM06,67.9
95322,A5,346700,95322,-0.1,0.1,1987MM07,68.0
95323,A5,346700,95323,0.0,0.1,1987MM08,68.1
95324,A5,346700,95324,0.2,0.1,1987MM09,68.2
95325,A5,346700,95325,0.4,0.2,1987MM10,68.3
95326,A5,346700,95326,0.6,0.2,1987MM11,68.4
95327,A5,346700,95327,0.9,0.2,1987MM12,68.5
95329,A5,346700,95329,1.2,0.2,1988MM01,68.7
95330,A5,346700,95330,1.4,0.1,1988MM02,68.8
95331,A5,346700,95331,1.5,0.0,1988MM03,68.8
95332,A5,346700,95332,1.4,0.0,1988MM04,68.8
95333,A5,346700,95333,1.2,-0.1,1988MM05,68.7
95334,A5,346700,95334,0.9,-0.2,1988MM06,68.6
95335,A5,346700,95335,0.5,-0.3,1988MM07,68.3
95336,A5,346700,95336,0.0,-0.4,1988MM08,68.0
95337,A5,346700,95337,-0.7,-0.5,1988MM09,67.7
95338,A5,346700,95338,-1.5,-0.6,1988MM10,67.2
95339,A5,346700,95339,-2.4,-0.7,1988MM11,66.7
95340,A5,346700,95340,-3.5,-0.8,1988MM12,66.2
95342,A5,346700,95342,-4.6,-0.9,1989MM01,65.6
95343,A5,346700,95343,-5.3,-0.6,1989MM02,65.2
95344,A5,346700,95344,-5.5,-0.2,1989MM03,65.0
95345,A5,346700,95345,-5.3,0.2,1989MM04,65.2
95346,A5,346700,95346,-4.6,0.6,1989MM05,65.5
95347,A5,346700,95347,-3.5,0.9,1989MM06,66.2
95348,A5,346700,95348,-1.9,1.3,1989MM07,67.0
95349,A5,346700,95349,0.2,1.7,1989MM08,68.2
95350,A5,346700,95350,2.7,2.0,1989MM09,69.5
95351,A5,346700,95351,5.8,2.3,1989MM10,71.1
95352,A5,346700,95352,9.4,2.6,1989MM11,73.0
95353,A5,346700,95353,13.5,2.9,1989MM12,75.1
95355,A5,346700,95355,18.2,3.1,1990MM01,77.5
95356,A5,346700,95356,22.1,2.7,1990MM02,79.6
95357,A5,346700,95357,25.2,2.3,1990MM03,81.5
95358,A5,346700,95358,27.5,2.0,1990MM04,83.1
95359,A5,346700,95359,28.9,1.6,1990MM05,84.5
95360,A5,346700,95360,29.3,1.3,1990MM06,85.6
95361,A5,346700,95361,29.0,1.0,1990MM07,86.4
95362,A5,346700,95362,27.8,0.7,1990MM08,87.1
95363,A5,346700,95363,25.8,0.4,1990MM09,87.4
95364,A5,346700,95364,23.1,0.1,1990MM10,87.6
95365,A5,346700,95365,19.8,-0.1,1990MM11,87.4
95366,A5,346700,95366,15.9,-0.4,1990MM12,87.1
95368,A5,346700,95368,11.5,-0.7,1991MM01,86.4
95369,A5,346700,95369,7.9,-0.6,1991MM02,85.9
95370,A5,346700,95370,4.8,-0.6,1991MM03,85.4
95371,A5,346700,95371,2.2,-0.5,1991MM04,84.9
95372,A5,346700,95372,0.1,-0.4,1991MM05,84.6
95373,A5,346700,95373,-1.5,-0.4,1991MM06,84.3
95374,A5,346700,95374,-2.8,-0.3,1991MM07,84.1
95375,A5,346700,95375,-3.6,-0.2,1991MM08,83.9
95376,A5,346700,95376,-4.2,-0.1,1991MM09,83.8
95377,A5,346700,95377,-4.3,0.0,1991MM10,83.8
95378,A5,346700,95378,-4.2,0.0,1991MM11,83.8
95379,A5,346700,95379,-3.6,0.1,1991MM12,83.9
95381,A5,346700,95381,-2.7,0.2,1992MM01,84.1
95382,A5,346700,95382,-1.9,0.2,1992MM02,84.2
95383,A5,346700,95383,-1.2,0.2,1992MM03,84.3
95384,A5,346700,95384,-0.6,0.1,1992MM04,84.5
95385,A5,346700,95385,0.0,0.1,1992MM05,84.6
95386,A5,346700,95386,0.4,0.1,1992MM06,84.6
95387,A5,346700,95387,0.8,0.1,1992MM07,84.7
95388,A5,346700,95388,1.0,0.1,1992MM08,84.7
95389,A5,346700,95389,1.2,0.0,1992MM09,84.8
95390,A5,346700,95390,1.2,0.0,1992MM10,84.8
95391,A5,346700,95391,1.1,0.0,1992MM11,84.8
95392,A5,346700,95392,1.0,0.0,1992MM12,84.7
95394,A5,346700,95394,0.7,-0.1,1993MM01,84.7
95395,A5,346700,95395,0.5,0.0,1993MM02,84.6
95396,A5,346700,95396,0.3,0.0,1993MM03,84.6
95397,A5,346700,95397,0.2,0.0,1993MM04,84.6
95398,A5,346700,95398,0.0,0.0,1993MM05,84.6
95399,A5,346700,95399,-0.1,0.0,1993MM06,84.5
95400,A5,346700,95400,-0.2,0.0,1993MM07,84.5
95401,A5,346700,95401,-0.3,0.0,1993MM08,84.5
95402,A5,346700,95402,-0.3,0.0,1993MM09,84.5
95403,A5,346700,95403,-0.3,0.0,1993MM10,84.5
95404,A5,346700,95404,-0.3,0.0,1993MM11,84.5
95405,A5,346700,95405,-0.3,0.0,1993MM12,84.5
95407,A5,346700,95407,-0.2,0.0,1994MM01,84.5
95408,A5,346700,95408,-0.1,0.0,1994MM02,84.5
95409,A5,346700,95409,-0.1,0.0,1994MM03,84.6
95410,A5,346700,95410,0.0,0.0,1994MM04,84.6
95411,A5,346700,95411,0.0,0.0,1994MM05,84.6
95412,A5,346700,95412,0.0,0.0,1994MM06,84.6
95413,A5,346700,95413,0.1,0.0,1994MM07,84.6
95414,A5,346700,95414,0.1,0.0,1994MM08,84.6
95415,A5,346700,95415,0.1,0.0,1994MM09,84.6
95416,A5,346700,95416,0.1,0.0,1994MM10,84.6
95417,A5,346700,95417,0.1,0.0,1994MM11,84.6
95418,A5,346700,95418,0.0,0.0,1994MM12,84.6
95420,A5,346700,95420,0.0,0.0,1995MM01,84.5
95421,A5,346700,95421,0.0,0.0,1995MM02,84.5
95422,A5,346700,95422,-0.2,-0.2,1995MM03,84.4
95423,A5,346700,95423,0.1,0.4,1995MM04,84.7
95424,A5,346700,95424,-0.1,-0.2,1995MM05,84.5
95425,A5,346700,95425,0.1,0.2,1995MM06,84.6
95426,A5,346700,95426,0.1,0.0,1995MM07,84.6
95427,A5,346700,95427,0.1,0.0,1995MM08,84.6
95428,A5,346700,95428,0.0,0.0,1995MM09,84.6
95429,A5,346700,95429,-0.2,-0.2,1995MM10,84.4
95430,A5,346700,95430,0.0,0.2,1995MM11,84.6
95431,A5,346700,95431,0.0,0.0,1995MM12,84.6
95433,A5,346700,95433,0.0,0.0,1996MM01,84.5
95434,A5,346700,95434,0.0,0.0,1996MM02,84.5
95435,A5,346700,95435,0.2,0.0,1996MM03,84.5
95436,A5,346700,95436,-0.3,-0.2,1996MM04,84.4
95437,A5,346700,95437,-0.1,0.0,1996MM05,84.4
95438,A5,346700,95438,-0.1,0.2,1996MM06,84.6
95439,A5,346700,95439,0.0,0.0,1996MM07,84.6
95440,A5,346700,95440,-0.2,-0.1,1996MM08,84.5
95441,A5,346700,95441,-0.1,0.1,1996MM09,84.5
95442,A5,346700,95442,0.4,0.2,1996MM10,84.7
95443,A5,346700,95443,0.1,-0.1,1996MM11,84.6
95444,A5,346700,95444,0.2,0.1,1996MM12,84.7
95446,A5,346700,95446,0.5,0.3,1997MM01,84.9
95447,A5,346700,95447,0.4,-0.1,1997MM02,84.8
95448,A5,346700,95448,0.6,0.2,1997MM03,85.0
95449,A5,346700,95449,0.7,0.0,1997MM04,85.0
95450,A5,346700,95450,0.6,-0.1,1997MM05,84.9
95451,A5,346700,95451,0.3,-0.1,1997MM06,84.9
95452,A5,346700,95452,0.2,-0.1,1997MM07,84.8
95453,A5,346700,95453,0.2,-0.2,1997MM08,84.6
95454,A5,346700,95454,0.1,0.0,1997MM09,84.6
95455,A5,346700,95455,-0.4,-0.2,1997MM10,84.4
95456,A5,346700,95456,-0.5,-0.3,1997MM11,84.2
95457,A5,346700,95457,-0.9,-0.3,1997MM12,83.9
95459,A5,346700,95459,-1.5,-0.3,1998MM01,83.6
95460,A5,346700,95460,-1.6,-0.2,1998MM02,83.5
95461,A5,346700,95461,-1.9,-0.1,1998MM03,83.4
95462,A5,346700,95462,-1.8,0.1,1998MM04,83.5
95463,A5,346700,95463,-1.5,0.2,1998MM05,83.6
95464,A5,346700,95464,-1.1,0.3,1998MM06,83.9
95465,A5,346700,95465,-0.5,0.5,1998MM07,84.3
95466,A5,346700,95466,0.3,0.6,1998MM08,84.8
95467,A5,346700,95467,1.0,0.7,1998MM09,85.5
95468,A5,346700,95468,2.1,0.9,1998MM10,86.2
95469,A5,346700,95469,3.4,1.0,1998MM11,87.1
95470,A5,346700,95470,4.9,1.1,1998MM12,88.1
95472,A5,346700,95472,6.6,1.2,1999MM01,89.2
95473,A5,346700,95473,7.6,0.7,1999MM02,89.8
95474,A5,346700,95474,8.0,0.2,1999MM03,90.0
95475,A5,346700,95475,7.6,-0.2,1999MM04,89.8
95476,A5,346700,95476,6.6,-0.7,1999MM05,89.2
95477,A5,346700,95477,5.0,-1.2,1999MM06,88.1
95478,A5,346700,95478,2.7,-1.7,1999MM07,86.6
95479,A5,346700,95479,-0.3,-2.3,1999MM08,84.6
95480,A5,346700,95480,-3.8,-2.8,1999MM09,82.2
95481,A5,346700,95481,-7.9,-3.4,1999MM10,79.4
95482,A5,346700,95482,-12.6,-4.1,1999MM11,76.1
95483,A5,346700,95483,-17.7,-4.9,1999MM12,72.4
95485,A5,346700,95485,-23.4,-5.7,2000MM01,68.3
95486,A5,346700,95486,30.9,72.1,2000MM02,117.6
95487,A5,346700,95487,30.6,0.0,2000MM03,117.6
95488,A5,346700,95488,30.9,0.0,2000MM04,117.6
95489,A5,346700,95489,41.4,7.3,2000MM05,126.1
95490,A5,346700,95490,34.6,-6.0,2000MM06,118.6
95491,A5,346700,95491,-44.4,-59.4,2000MM07,48.1
95492,A5,346700,95492,-44.6,-2.5,2000MM08,46.9
95493,A5,346700,95493,0.1,75.6,2000MM09,82.3
95494,A5,346700,95494,-26.8,-29.4,2000MM10,58.1
95495,A5,346700,95495,-22.2,1.9,2000MM11,59.2
95496,A5,346700,95496,-21.1,-3.5,2000MM12,57.1
95498,A5,346700,95498,-27.4,-13.3,2001MM01,49.6
95499,A5,346700,95499,-68.8,-26.1,2001MM02,36.6
95500,A5,346700,95500,-68.5,1.1,2001MM03,37.0
95501,A5,346700,95501,-66.9,5.2,2001MM04,39.0
95502,A5,346700,95502,-70.2,-3.7,2001MM05,37.5
95503,A5,346700,95503,-57.8,33.4,2001MM06,50.1
95504,A5,346700,95504,92.3,84.8,2001MM07,92.5
95505,A5,346700,95505,-8.7,-53.7,2001MM08,42.8
95506,A5,346700,95506,-45.2,5.3,2001MM09,45.1
95507,A5,346700,95507,-26.0,-4.7,2001MM10,43.0
95508,A5,346700,95508,-30.7,-4.5,2001MM11,41.0
95509,A5,346700,95509,0.5,40.0,2001MM12,57.5
95511,A5,346700,95511,14.3,-1.4,2002MM01,56.7
95512,A5,346700,95512,46.0,-5.7,2002MM02,53.5
95513,A5,346700,95513,39.0,-3.7,2002MM03,51.5
95514,A5,346700,95514,35.0,2.1,2002MM04,52.6
95515,A5,346700,95515,27.7,-8.9,2002MM05,47.9
95516,A5,346700,95516,57.9,64.9,2002MM06,79.0
95517,A5,346700,95517,-49.5,-41.0,2002MM07,46.7
95518,A5,346700,95518,9.7,0.6,2002MM08,47.0
95519,A5,346700,95519,24.5,19.5,2002MM09,56.1
95520,A5,346700,95520,64.5,26.0,2002MM10,70.7
95521,A5,346700,95521,64.4,-4.6,2002MM11,67.5
95522,A5,346700,95522,-2.4,-17.0,2002MM12,56.1
95524,A5,346700,95524,13.8,15.0,2003MM01,64.5
95525,A5,346700,95525,19.6,-0.8,2003MM02,64.0
95526,A5,346700,95526,1.6,-18.2,2003MM03,52.3
95527,A5,346700,95527,24.9,25.6,2003MM04,65.7
95528,A5,346700,95528,40.6,2.6,2003MM05,67.4
95529,A5,346700,95529,62.0,90.1,2003MM06,128.1
95530,A5,346700,95530,122.4,-19.0,2003MM07,103.8
95531,A5,346700,95531,170.4,22.4,2003MM08,127.0
95532,A5,346700,95532,34.5,-40.5,2003MM09,75.5
95533,A5,346700,95533,5.6,-1.0,2003MM10,74.7
95534,A5,346700,95534,2.7,-7.2,2003MM11,69.3
95535,A5,346700,95535,4.8,-15.3,2003MM12,58.7
95537,A5,346700,95537,-7.7,1.3,2004MM01,59.5
95538,A5,346700,95538,-7.3,-0.3,2004MM02,59.3
95539,A5,346700,95539,24.8,10.0,2004MM03,65.2
95540,A5,346700,95540,-17.8,-17.3,2004MM04,54.0
95541,A5,346700,95541,-19.0,1.1,2004MM05,54.6
95542,A5,346700,95542,-52.4,11.7,2004MM06,60.9
95543,A5,346700,95543,-47.5,-10.6,2004MM07,54.5
95544,A5,346700,95544,-54.3,6.6,2004MM08,58.1
95545,A5,346700,95545,-13.5,12.4,2004MM09,65.3
95546,A5,346700,95546,-20.0,-8.4,2004MM10,59.8
95547,A5,346700,95547,-7.3,7.5,2004MM11,64.3
95548,A5,346700,95548,1.9,-6.9,2004MM12,59.8
95550,A5,346700,95550,10.2615384615,15.65,2005MM01,52.8
95551,A5,346700,95551,18.6230769231,38.2,2005MM02,73.0
95552,A5,346700,95552,26.9846153846,53.5,2005MM03,112.0
95553,A5,346700,95553,35.3461538462,-23.9,2005MM04,85.2
95554,A5,346700,95554,43.7076923077,-20.5,2005MM05,67.7
95555,A5,346700,95555,52.0692307692,49.2,2005MM06,101.1
95556,A5,346700,95556,60.4307692308,-9.4,2005MM07,91.6
95557,A5,346700,95557,68.7923076923,-23.0,2005MM08,70.6
95558,A5,346700,95558,77.1538461538,55.6,2005MM09,109.8
95559,A5,346700,95559,85.5153846154,15.2,2005MM10,126.6
95560,A5,346700,95560,93.8769230769,31.4,2005MM11,166.3
95561,A5,346700,95561,102.238461538,1.4,2005MM12,168.7
95563,A5,346700,95563,110.6,-34.1,2006MM01,111.2
95564,A5,346700,95564,83.8,20.6,2006MM02,134.1
95565,A5,346700,95565,21.8,1.7,2006MM03,136.5
95566,A5,346700,95566,13.2,-29.3,2006MM04,96.5
95567,A5,346700,95567,15.2,-19.2,2006MM05,78.0
95568,A5,346700,95568,-9.9,16.7,2006MM06,91.1
95569,A5,346700,95569,204.1,205.8,2006MM07,278.6
95570,A5,346700,95570,59.3,-59.6,2006MM08,112.5
95571,A5,346700,95571,3.8,1.4,2006MM09,114.0
95572,A5,346700,95572,-19.1,-10.1,2006MM10,102.5
95573,A5,346700,95573,-35.5,4.7,2006MM11,107.3
95574,A5,346700,95574,-57.9,-33.7,2006MM12,71.1
95576,A5,346700,95576,-45.8,-15.2,2007MM01,60.3
95577,A5,346700,95577,-44.9,22.5,2007MM02,73.8
95578,A5,346700,95578,-51.9,-11.1,2007MM03,65.7
95579,A5,346700,95579,-27.6,6.3,2007MM04,69.8
95580,A5,346700,95580,-22.1,-13.0,2007MM05,60.7
95581,A5,346700,95581,-20.4,19.3,2007MM06,72.5
95582,A5,346700,95582,-77.8,-14.5,2007MM07,62.0
95583,A5,346700,95583,-47.1,-4.0,2007MM08,59.5
95584,A5,346700,95584,-45.2,5.1,2007MM09,62.5
95585,A5,346700,95585,32.0,116.4,2007MM10,135.3
95586,A5,346700,95586,32.4,5.0,2007MM11,142.1
95587,A5,346700,95587,148.1,24.2,2007MM12,176.4
95589,A5,346700,95589,66.6,-43.1,2008MM01,100.4
95590,A5,346700,95590,65.7,21.8,2008MM02,122.4
95591,A5,346700,95591,85.4,-0.5,2008MM03,121.8
95592,A5,346700,95592,111.5,21.3,2008MM04,147.7
95593,A5,346700,95593,114.7,-11.7,2008MM05,130.4
95594,A5,346700,95594,126.7,25.9,2008MM06,164.2
95595,A5,346700,95595,147.1,-6.7,2008MM07,153.2
95596,A5,346700,95596,99.3,-22.6,2008MM08,118.5
95597,A5,346700,95597,192.2,54.1,2008MM09,182.7
95598,A5,346700,95598,34.5,-0.4,2008MM10,182.0
95599,A5,346700,95599,-4.9,-25.7,2008MM11,135.1
95600,A5,346700,95600,-37.1,-17.8,2008MM12,111.0
95602,A5,346700,95602,29.6,17.3,2009MM01,130.2
95603,A5,346700,95603,-15.3,-20.4,2009MM02,103.7
95604,A5,346700,95604,-32.3,-20.4,2009MM03,82.5
95605,A5,346700,95605,-49.5,-9.6,2009MM04,74.6
95606,A5,346700,95606,-44.5,-3.0,2009MM05,72.3
95607,A5,346700,95607,-53.5,5.5,2009MM06,76.3
95608,A5,346700,95608,-48.7,3.0,2009MM07,78.6
95609,A5,346700,95609,-36.0,-3.5,2009MM08,75.8
95610,A5,346700,95610,-50.5,19.2,2009MM09,90.4
95611,A5,346700,95611,-38.6,23.6,2009MM10,111.7
95612,A5,346700,95612,-38.2,-25.3,2009MM11,83.4
95613,A5,346700,95613,-25.3,-0.6,2009MM12,82.9
95615,A5,346700,95615,-22.0,22.4,2010MM01,101.5
95616,A5,346700,95616,-4.4,-2.4,2010MM02,99.1
95617,A5,346700,95617,10.7,-7.8,2010MM03,91.3
95618,A5,346700,95618,18.8,-2.9,2010MM04,88.6
95619,A5,346700,95619,18.2,-3.5,2010MM05,85.5
95620,A5,346700,95620,29.6,15.6,2010MM06,98.9
95621,A5,346700,95621,36.2,8.3,2010MM07,107.1
95622,A5,346700,95622,21.4,-14.0,2010MM08,92.1
95623,A5,346700,95623,13.4,11.3,2010MM09,102.5
95624,A5,346700,95624,0.0,9.0,2010MM10,111.7
95625,A5,346700,95625,20.2,-10.2,2010MM11,100.3
95626,A5,346700,95626,46.5,21.1,2010MM12,121.5
95628,A5,346700,95628,21.6,1.6,2011MM01,123.5
95629,A5,346700,95629,19.1,-4.4,2011MM02,118.0
95630,A5,346700,95630,42.3,10.1,2011MM03,129.9
95631,A5,346700,95631,36.6,-6.8,2011MM04,121.1
95632,A5,346700,95632,49.4,5.6,2011MM05,127.8
95633,A5,346700,95633,24.3,-3.8,2011MM06,122.9
95634,A5,346700,95634,3.6,-9.8,2011MM07,110.9
95635,A5,346700,95635,30.4,8.3,2011MM08,120.1
95636,A5,346700,95636,18.3,0.9,2011MM09,121.2
95637,A5,346700,95637,9.5,0.9,2011MM10,122.3
95638,A5,346700,95638,26.2,3.5,2011MM11,126.6
95639,A5,346700,95639,-6.6,-10.4,2011MM12,113.4
95641,A5,346700,95641,-4.5,3.9,2012MM01,117.9
95642,A5,346700,95642,15.5,15.6,2012MM02,136.3
95643,A5,346700,95643,-11.5,-15.6,2012MM03,115.0
95644,A5,346700,95644,-6.1,-1.2,2012MM04,113.6
95645,A5,346700,95645,-17.4,-7.1,2012MM05,105.6
95646,A5,346700,95646,-15.9,-2.2,2012MM06,103.3
95647,A5,346700,95647,-5.5,1.4,2012MM07,104.8
95648,A5,346700,95648,-7.6,6.0,2012MM08,111.0
95649,A5,346700,95649,1.1,10.4,2012MM09,122.6
95650,A5,346700,95650,-4.6,-4.8,2012MM10,116.7
95651,A5,346700,95651,-6.3,1.7,2012MM11,118.6
95652,A5,346700,95652,4.2,-0.3,2012MM12,118.2
95654,A5,346700,95654,-1.3,-1.6,2013MM01,116.4
95655,A5,346700,95655,-15.3,-0.8,2013MM02,115.5
95656,A5,346700,95656,4.6,4.2,2013MM03,120.3
95657,A5,346700,95657,3.3,-2.4,2013MM04,117.4
95658,A5,346700,95658,6.6,-4.1,2013MM05,112.6
95659,A5,346700,95659,5.0,-3.6,2013MM06,108.5
95660,A5,346700,95660,1.7,-1.8,2013MM07,106.6
95661,A5,346700,95661,-6.3,-2.3,2013MM08,104.1
95662,A5,346700,95662,-14.9,0.2,2013MM09,104.3
95663,A5,346700,95663,-7.5,3.4,2013MM10,107.9
95664,A5,346700,95664,-9.2,-0.2,2013MM11,107.7
95665,A5,346700,95665,-8.6,0.3,2013MM12,108.1
95667,A5,346700,95667,-15.9,-9.4,2014MM01,97.9
95668,A5,346700,95668,-17.4,-2.6,2014MM02,95.3
95669,A5,346700,95669,-24.3,-4.4,2014MM03,91.1
95670,A5,346700,95670,-25.6,-4.1,2014MM04,87.3
95671,A5,346700,95671,-25.0,-3.3,2014MM05,84.5
95672,A5,346700,95672,-18.9,4.2,2014MM06,88.0
95673,A5,346700,95673,-18.9,4.2,2014MM07,88.0
95674,A5,346700,95674,-18.9,4.2,2014MM08,88.0
95675,A5,346700,95675,-18.9,4.2,2014MM09,88.0
95676,A5,346700,95676,-18.9,4.2,2014MM10,88.0
95677,A5,346700,95677,-18.9,4.2,2014MM11,88.0
95678,A5,346700,95678,-18.9,4.2,2014MM12,88.0
95680,A5,346700,95680,-18.9,4.2,2015MM01,88.0
95681,A5,346700,95681,-18.9,4.2,2015MM02,88.0
95682,A5,346700,95682,-18.9,4.2,2015MM03,88.0
95683,A5,346700,95683,-18.9,4.2,2015MM04,88.0
95684,A5,346700,95684,-18.9,4.2,2015MM05,88.0
95685,A5,346700,95685,-18.9,4.2,2015MM06,88.0
95686,A5,346700,95686,-18.9,4.2,2015MM07,88.0
95687,A5,346700,95687,-18.9,4.2,2015MM08,88.0
95688,A5,346700,95688,-18.9,4.2,2015MM09,88.0
95689,A5,346700,95689,-18.9,4.2,2015MM10,88.0
95690,A5,346700,95690,-18.9,4.2,2015MM11,88.0
95691,A5,346700,95691,-18.9,4.2,2015MM12,88.0
95693,A5,346700,95693,-18.9,4.2,2016MM01,88.0
95694,A5,346700,95694,-18.9,4.2,2016MM02,88.0
95695,A5,346700,95695,-18.9,4.2,2016MM03,88.0
95696,A5,346700,95696,-18.9,4.2,2016MM04,88.0
95697,A5,346700,95697,-18.9,4.2,2016MM05,88.0
95698,A5,346700,95698,-18.9,4.2,2016MM06,88.0
95699,A5,346700,95699,-18.9,4.2,2016MM07,88.0
95700,A5,346700,95700,-18.9,4.2,2016MM08,88.0
95701,A5,346700,95701,-18.9,4.2,2016MM09,88.0
95702,A5,346700,95702,-18.9,4.2,2016MM10,88.0
95703,A5,346700,95703,-18.9,4.2,2016MM11,88.0
95704,A5,346700,95704,-18.9,4.2,2016MM12,88.0
95706,A5,346700,95706,-18.9,4.2,2017MM01,88.0
95707,A5,346700,95707,-18.9,4.2,2017MM02,88.0
95708,A5,346700,95708,-18.9,4.2,2017MM03,88.0
95709,A5,346700,95709,-18.9,4.2,2017MM04,88.0
95710,A5,346700,95710,-18.9,4.2,2017MM05,88.0
95711,A5,346700,95711,-18.9,4.2,2017MM06,88.0
95712,A5,346700,95712,-18.9,4.2,2017MM07,88.0
95713,A5,346700,95713,-18.9,4.2,2017MM08,88.0
95714,A5,346700,95714,-18.9,4.2,2017MM09,88.0
95715,A5,346700,95715,-18.9,4.2,2017MM10,88.0
95716,A5,346700,95716,-18.9,4.2,2017MM11,88.0
95717,A5,346700,95717,-18.9,4.2,2017MM12,88.0
