,Afzet,BedrijfstakkenBranchesSBI2008,ID,OntwikkelingTOV1JaarEerder_2,OntwikkelingTOV1MaandEerder_3,Perioden,ProducentenprijsindexPPI_1
31265,A6,348000,31265,,,1981MM01,49.8
31266,A6,348000,31266,,0.0,1981MM02,49.8
31267,A6,348000,31267,,0.0,1981MM03,49.8
31268,A6,348000,31268,,2.1,1981MM04,50.9
31269,A6,348000,31269,,0.0,1981MM05,50.9
31270,A6,348000,31270,,0.0,1981MM06,50.9
31271,A6,348000,31271,,2.3,1981MM07,52.0
31272,A6,348000,31272,,0.0,1981MM08,52.0
31273,A6,348000,31273,,0.0,1981MM09,52.0
31274,A6,348000,31274,,0.7,1981MM10,52.4
31275,A6,348000,31275,,0.0,1981MM11,52.4
31276,A6,348000,31276,,0.0,1981MM12,52.4
31278,A6,348000,31278,18.9,13.1,1982MM01,59.2
31279,A6,348000,31279,18.9,0.0,1982MM02,59.2
31280,A6,348000,31280,18.9,0.0,1982MM03,59.2
31281,A6,348000,31281,15.8,-0.6,1982MM04,58.9
31282,A6,348000,31282,15.8,0.0,1982MM05,58.9
31283,A6,348000,31283,15.8,0.0,1982MM06,58.9
31284,A6,348000,31284,13.2,0.0,1982MM07,58.9
31285,A6,348000,31285,13.2,0.0,1982MM08,58.9
31286,A6,348000,31286,13.2,0.0,1982MM09,58.9
31287,A6,348000,31287,12.4,-0.1,1982MM10,58.9
31288,A6,348000,31288,12.4,0.0,1982MM11,58.9
31289,A6,348000,31289,12.4,0.0,1982MM12,58.9
31291,A6,348000,31291,4.3,4.9,1983MM01,61.8
31292,A6,348000,31292,4.3,0.0,1983MM02,61.8
31293,A6,348000,31293,4.3,0.0,1983MM03,61.8
31294,A6,348000,31294,4.4,-0.5,1983MM04,61.5
31295,A6,348000,31295,4.4,0.0,1983MM05,61.5
31296,A6,348000,31296,4.4,0.0,1983MM06,61.5
31297,A6,348000,31297,3.9,-0.4,1983MM07,61.2
31298,A6,348000,31298,3.9,0.0,1983MM08,61.2
31299,A6,348000,31299,3.9,0.0,1983MM09,61.2
31300,A6,348000,31300,5.2,1.1,1983MM10,61.9
31301,A6,348000,31301,5.2,0.0,1983MM11,61.9
31302,A6,348000,31302,5.2,0.0,1983MM12,61.9
31304,A6,348000,31304,5.6,5.3,1984MM01,65.2
31305,A6,348000,31305,5.6,0.0,1984MM02,65.2
31306,A6,348000,31306,5.5,0.0,1984MM03,65.2
31307,A6,348000,31307,6.7,0.6,1984MM04,65.6
31308,A6,348000,31308,6.6,-0.1,1984MM05,65.5
31309,A6,348000,31309,6.7,0.1,1984MM06,65.6
31310,A6,348000,31310,7.6,0.5,1984MM07,65.9
31311,A6,348000,31311,7.6,0.0,1984MM08,65.9
31312,A6,348000,31312,7.6,0.0,1984MM09,65.9
31313,A6,348000,31313,6.7,0.2,1984MM10,66.1
31314,A6,348000,31314,6.7,0.0,1984MM11,66.1
31315,A6,348000,31315,6.7,0.0,1984MM12,66.1
31317,A6,348000,31317,5.9,4.5,1985MM01,69.0
31318,A6,348000,31318,5.9,0.0,1985MM02,69.0
31319,A6,348000,31319,5.9,0.0,1985MM03,69.1
31320,A6,348000,31320,6.5,1.1,1985MM04,69.8
31321,A6,348000,31321,6.6,0.0,1985MM05,69.8
31322,A6,348000,31322,6.5,0.0,1985MM06,69.8
31323,A6,348000,31323,5.3,-0.7,1985MM07,69.4
31324,A6,348000,31324,5.3,0.0,1985MM08,69.4
31325,A6,348000,31325,5.3,0.0,1985MM09,69.4
31326,A6,348000,31326,1.9,-3.0,1985MM10,67.3
31327,A6,348000,31327,1.9,0.0,1985MM11,67.3
31328,A6,348000,31328,1.9,0.0,1985MM12,67.3
31330,A6,348000,31330,-2.1,0.5,1986MM01,67.6
31331,A6,348000,31331,-2.1,0.0,1986MM02,67.6
31332,A6,348000,31332,-2.1,0.0,1986MM03,67.6
31333,A6,348000,31333,-5.4,-2.3,1986MM04,66.0
31334,A6,348000,31334,-5.4,0.0,1986MM05,66.0
31335,A6,348000,31335,-5.4,0.0,1986MM06,66.0
31336,A6,348000,31336,-16.3,-12.1,1986MM07,58.1
31337,A6,348000,31337,-16.3,0.0,1986MM08,58.1
31338,A6,348000,31338,-16.3,0.0,1986MM09,58.1
31339,A6,348000,31339,-15.6,-2.2,1986MM10,56.8
31340,A6,348000,31340,-15.6,0.0,1986MM11,56.8
31341,A6,348000,31341,-15.6,0.0,1986MM12,56.8
31343,A6,348000,31343,-31.1,-18.0,1987MM01,46.6
31344,A6,348000,31344,-31.1,0.0,1987MM02,46.6
31345,A6,348000,31345,-31.1,0.0,1987MM03,46.6
31346,A6,348000,31346,-28.1,1.9,1987MM04,47.5
31347,A6,348000,31347,-28.1,0.0,1987MM05,47.5
31348,A6,348000,31348,-28.1,0.0,1987MM06,47.5
31349,A6,348000,31349,-17.8,0.6,1987MM07,47.8
31350,A6,348000,31350,-17.8,0.0,1987MM08,47.8
31351,A6,348000,31351,-17.7,0.0,1987MM09,47.8
31352,A6,348000,31352,-16.0,-0.1,1987MM10,47.7
31353,A6,348000,31353,-16.0,0.0,1987MM11,47.7
31354,A6,348000,31354,-15.9,0.0,1987MM12,47.7
31356,A6,348000,31356,-0.3,-2.7,1988MM01,46.4
31357,A6,348000,31357,-0.3,0.0,1988MM02,46.4
31358,A6,348000,31358,-0.3,0.0,1988MM03,46.4
31359,A6,348000,31359,-3.5,-1.3,1988MM04,45.8
31360,A6,348000,31360,-3.5,0.0,1988MM05,45.8
31361,A6,348000,31361,-3.5,0.0,1988MM06,45.8
31362,A6,348000,31362,-5.6,-1.6,1988MM07,45.1
31363,A6,348000,31363,-5.7,-0.1,1988MM08,45.1
31364,A6,348000,31364,-5.7,0.0,1988MM09,45.0
31365,A6,348000,31365,-5.8,-0.1,1988MM10,45.0
31366,A6,348000,31366,-5.8,0.0,1988MM11,45.0
31367,A6,348000,31367,-5.9,-0.1,1988MM12,44.9
31369,A6,348000,31369,-7.4,-4.3,1989MM01,43.0
31370,A6,348000,31370,-7.5,0.0,1989MM02,43.0
31371,A6,348000,31371,-7.5,0.0,1989MM03,43.0
31372,A6,348000,31372,-5.4,0.9,1989MM04,43.4
31373,A6,348000,31373,-5.3,0.0,1989MM05,43.4
31374,A6,348000,31374,-5.2,0.1,1989MM06,43.4
31375,A6,348000,31375,2.0,5.9,1989MM07,46.0
31376,A6,348000,31376,2.2,0.1,1989MM08,46.0
31377,A6,348000,31377,2.4,0.2,1989MM09,46.1
31378,A6,348000,31378,2.9,0.4,1989MM10,46.3
31379,A6,348000,31379,3.1,0.2,1989MM11,46.4
31380,A6,348000,31380,3.5,0.3,1989MM12,46.5
31382,A6,348000,31382,16.2,7.4,1990MM01,49.9
31383,A6,348000,31383,16.5,0.2,1990MM02,50.1
31384,A6,348000,31384,17.0,0.4,1990MM03,50.3
31385,A6,348000,31385,16.1,0.2,1990MM04,50.3
31386,A6,348000,31386,15.9,-0.1,1990MM05,50.3
31387,A6,348000,31387,16.0,0.1,1990MM06,50.3
31388,A6,348000,31388,9.5,0.0,1990MM07,50.3
31389,A6,348000,31389,9.4,0.1,1990MM08,50.4
31390,A6,348000,31390,9.2,-0.1,1990MM09,50.3
31391,A6,348000,31391,8.8,0.0,1990MM10,50.3
31392,A6,348000,31392,8.6,0.1,1990MM11,50.4
31393,A6,348000,31393,8.3,0.0,1990MM12,50.4
31395,A6,348000,31395,3.6,2.8,1991MM01,51.8
31396,A6,348000,31396,3.2,-0.1,1991MM02,51.7
31397,A6,348000,31397,2.9,0.1,1991MM03,51.7
31398,A6,348000,31398,3.2,0.4,1991MM04,52.0
31399,A6,348000,31399,3.4,0.0,1991MM05,52.0
31400,A6,348000,31400,3.3,0.0,1991MM06,52.0
31401,A6,348000,31401,3.3,0.1,1991MM07,52.0
31402,A6,348000,31402,3.3,0.0,1991MM08,52.0
31403,A6,348000,31403,3.3,0.0,1991MM09,52.0
31404,A6,348000,31404,3.2,-0.1,1991MM10,52.0
31405,A6,348000,31405,3.2,0.1,1991MM11,52.0
31406,A6,348000,31406,3.3,0.0,1991MM12,52.0
31408,A6,348000,31408,7.0,6.5,1992MM01,55.4
31409,A6,348000,31409,7.1,0.0,1992MM02,55.4
31410,A6,348000,31410,7.0,0.0,1992MM03,55.4
31411,A6,348000,31411,6.7,0.1,1992MM04,55.5
31412,A6,348000,31412,6.9,0.2,1992MM05,55.6
31413,A6,348000,31413,6.9,0.0,1992MM06,55.6
31414,A6,348000,31414,7.1,0.3,1992MM07,55.7
31415,A6,348000,31415,7.2,0.1,1992MM08,55.8
31416,A6,348000,31416,7.2,0.0,1992MM09,55.7
31417,A6,348000,31417,7.4,0.1,1992MM10,55.8
31418,A6,348000,31418,7.3,0.0,1992MM11,55.8
31419,A6,348000,31419,7.3,0.0,1992MM12,55.8
31421,A6,348000,31421,9.1,8.3,1993MM01,60.4
31422,A6,348000,31422,9.1,0.0,1993MM02,60.4
31423,A6,348000,31423,9.2,0.1,1993MM03,60.5
31424,A6,348000,31424,9.1,0.0,1993MM04,60.5
31425,A6,348000,31425,8.8,-0.1,1993MM05,60.4
31426,A6,348000,31426,8.8,0.0,1993MM06,60.4
31427,A6,348000,31427,8.7,0.2,1993MM07,60.6
31428,A6,348000,31428,8.6,0.0,1993MM08,60.6
31429,A6,348000,31429,8.7,0.0,1993MM09,60.6
31430,A6,348000,31430,8.6,0.0,1993MM10,60.6
31431,A6,348000,31431,8.6,0.0,1993MM11,60.6
31432,A6,348000,31432,8.6,0.0,1993MM12,60.6
31434,A6,348000,31434,4.9,4.6,1994MM01,63.4
31435,A6,348000,31435,5.3,0.4,1994MM02,63.6
31436,A6,348000,31436,5.9,0.6,1994MM03,64.0
31437,A6,348000,31437,5.9,0.0,1994MM04,64.0
31438,A6,348000,31438,5.9,0.0,1994MM05,64.0
31439,A6,348000,31439,5.9,0.0,1994MM06,64.0
31440,A6,348000,31440,5.8,0.1,1994MM07,64.1
31441,A6,348000,31441,5.7,0.0,1994MM08,64.1
31442,A6,348000,31442,5.7,0.0,1994MM09,64.1
31443,A6,348000,31443,5.7,0.0,1994MM10,64.1
31444,A6,348000,31444,5.7,0.0,1994MM11,64.0
31445,A6,348000,31445,5.7,0.0,1994MM12,64.0
31447,A6,348000,31447,20.7,19.5,1995MM01,76.5
31448,A6,348000,31448,20.1,-0.2,1995MM02,76.4
31449,A6,348000,31449,19.4,0.0,1995MM03,76.4
31450,A6,348000,31450,19.3,0.0,1995MM04,76.4
31451,A6,348000,31451,19.3,0.0,1995MM05,76.4
31452,A6,348000,31452,19.3,0.0,1995MM06,76.4
31453,A6,348000,31453,20.2,0.8,1995MM07,77.0
31454,A6,348000,31454,20.2,0.0,1995MM08,77.0
31455,A6,348000,31455,20.2,0.0,1995MM09,77.0
31456,A6,348000,31456,20.2,0.0,1995MM10,77.0
31457,A6,348000,31457,20.2,0.0,1995MM11,77.0
31458,A6,348000,31458,20.2,0.0,1995MM12,77.0
31460,A6,348000,31460,4.6,4.0,1996MM01,80.1
31461,A6,348000,31461,4.8,0.0,1996MM02,80.1
31462,A6,348000,31462,4.8,0.0,1996MM03,80.1
31463,A6,348000,31463,5.0,0.2,1996MM04,80.2
31464,A6,348000,31464,5.0,0.0,1996MM05,80.2
31465,A6,348000,31465,5.0,0.0,1996MM06,80.2
31466,A6,348000,31466,4.3,0.1,1996MM07,80.3
31467,A6,348000,31467,4.3,0.0,1996MM08,80.3
31468,A6,348000,31468,4.3,0.0,1996MM09,80.3
31469,A6,348000,31469,4.3,0.1,1996MM10,80.3
31470,A6,348000,31470,4.3,0.0,1996MM11,80.3
31471,A6,348000,31471,4.3,0.0,1996MM12,80.3
31473,A6,348000,31473,3.5,3.1,1997MM01,82.9
31474,A6,348000,31474,3.5,0.0,1997MM02,82.9
31475,A6,348000,31475,3.5,0.0,1997MM03,82.9
31476,A6,348000,31476,3.3,0.0,1997MM04,82.9
31477,A6,348000,31477,3.3,0.0,1997MM05,82.9
31478,A6,348000,31478,3.3,0.0,1997MM06,82.9
31479,A6,348000,31479,3.3,0.1,1997MM07,82.9
31480,A6,348000,31480,3.3,0.0,1997MM08,82.9
31481,A6,348000,31481,3.3,0.0,1997MM09,82.9
31482,A6,348000,31482,3.2,0.0,1997MM10,82.9
31483,A6,348000,31483,3.2,0.0,1997MM11,82.9
31484,A6,348000,31484,3.2,0.0,1997MM12,82.9
31486,A6,348000,31486,3.8,3.7,1998MM01,86.0
31487,A6,348000,31487,3.8,0.0,1998MM02,86.0
31488,A6,348000,31488,3.8,0.0,1998MM03,86.0
31489,A6,348000,31489,3.8,0.0,1998MM04,86.0
31490,A6,348000,31490,3.8,0.0,1998MM05,86.0
31491,A6,348000,31491,3.8,0.0,1998MM06,86.0
31492,A6,348000,31492,4.2,0.5,1998MM07,86.4
31493,A6,348000,31493,4.2,0.0,1998MM08,86.4
31494,A6,348000,31494,4.2,0.0,1998MM09,86.4
31495,A6,348000,31495,4.2,0.0,1998MM10,86.4
31496,A6,348000,31496,4.2,0.0,1998MM11,86.4
31497,A6,348000,31497,4.3,0.0,1998MM12,86.4
31499,A6,348000,31499,3.3,2.8,1999MM01,88.9
31500,A6,348000,31500,3.3,0.0,1999MM02,88.9
31501,A6,348000,31501,3.3,0.0,1999MM03,88.9
31502,A6,348000,31502,3.3,0.0,1999MM04,88.9
31503,A6,348000,31503,3.3,0.0,1999MM05,88.9
31504,A6,348000,31504,3.3,0.0,1999MM06,88.9
31505,A6,348000,31505,2.7,-0.1,1999MM07,88.8
31506,A6,348000,31506,2.7,0.0,1999MM08,88.8
31507,A6,348000,31507,2.7,0.0,1999MM09,88.8
31508,A6,348000,31508,2.7,0.0,1999MM10,88.8
31509,A6,348000,31509,2.7,0.0,1999MM11,88.8
31510,A6,348000,31510,2.7,0.0,1999MM12,88.8
31512,A6,348000,31512,2.0,2.1,2000MM01,90.7
31513,A6,348000,31513,2.0,0.0,2000MM02,90.7
31514,A6,348000,31514,2.0,0.0,2000MM03,90.7
31515,A6,348000,31515,2.0,0.0,2000MM04,90.7
31516,A6,348000,31516,2.0,0.0,2000MM05,90.7
31517,A6,348000,31517,2.0,0.0,2000MM06,90.7
31518,A6,348000,31518,2.1,0.0,2000MM07,90.7
31519,A6,348000,31519,2.1,0.0,2000MM08,90.7
31520,A6,348000,31520,2.1,0.0,2000MM09,90.7
31521,A6,348000,31521,2.1,0.0,2000MM10,90.7
31522,A6,348000,31522,2.1,0.0,2000MM11,90.7
31523,A6,348000,31523,2.1,0.0,2000MM12,90.7
31525,A6,348000,31525,0.4,0.4,2001MM01,91.1
31526,A6,348000,31526,0.4,0.0,2001MM02,91.1
31527,A6,348000,31527,0.4,0.0,2001MM03,91.1
31528,A6,348000,31528,0.4,0.0,2001MM04,91.1
31529,A6,348000,31529,0.4,0.0,2001MM05,91.1
31530,A6,348000,31530,0.4,0.0,2001MM06,91.1
31531,A6,348000,31531,0.4,0.0,2001MM07,91.1
31532,A6,348000,31532,0.4,0.0,2001MM08,91.1
31533,A6,348000,31533,0.4,0.0,2001MM09,91.1
31534,A6,348000,31534,0.4,0.0,2001MM10,91.1
31535,A6,348000,31535,0.4,0.0,2001MM11,91.1
31536,A6,348000,31536,0.4,0.0,2001MM12,91.1
31538,A6,348000,31538,1.6,1.6,2002MM01,92.5
31539,A6,348000,31539,1.6,0.0,2002MM02,92.5
31540,A6,348000,31540,1.6,0.0,2002MM03,92.5
31541,A6,348000,31541,1.6,0.0,2002MM04,92.5
31542,A6,348000,31542,1.6,0.0,2002MM05,92.5
31543,A6,348000,31543,1.6,0.0,2002MM06,92.5
31544,A6,348000,31544,1.6,0.0,2002MM07,92.5
31545,A6,348000,31545,1.6,0.0,2002MM08,92.5
31546,A6,348000,31546,1.6,0.0,2002MM09,92.5
31547,A6,348000,31547,1.6,0.0,2002MM10,92.5
31548,A6,348000,31548,1.6,0.0,2002MM11,92.5
31549,A6,348000,31549,1.6,0.0,2002MM12,92.5
31551,A6,348000,31551,4.5,4.5,2003MM01,96.7
31552,A6,348000,31552,4.5,0.0,2003MM02,96.7
31553,A6,348000,31553,4.5,0.0,2003MM03,96.7
31554,A6,348000,31554,4.5,0.0,2003MM04,96.7
31555,A6,348000,31555,4.5,0.0,2003MM05,96.7
31556,A6,348000,31556,4.5,0.0,2003MM06,96.7
31557,A6,348000,31557,4.5,0.0,2003MM07,96.7
31558,A6,348000,31558,4.5,0.0,2003MM08,96.7
31559,A6,348000,31559,4.5,0.0,2003MM09,96.7
31560,A6,348000,31560,4.5,0.0,2003MM10,96.7
31561,A6,348000,31561,4.5,0.0,2003MM11,96.7
31562,A6,348000,31562,4.5,0.0,2003MM12,96.7
31564,A6,348000,31564,1.1,1.1,2004MM01,97.7
31565,A6,348000,31565,1.1,0.0,2004MM02,97.7
31566,A6,348000,31566,1.1,0.0,2004MM03,97.7
31567,A6,348000,31567,1.1,0.0,2004MM04,97.7
31568,A6,348000,31568,1.1,0.0,2004MM05,97.7
31569,A6,348000,31569,1.1,0.0,2004MM06,97.7
31570,A6,348000,31570,-0.4,-1.5,2004MM07,96.3
31571,A6,348000,31571,-0.4,0.0,2004MM08,96.3
31572,A6,348000,31572,-0.4,0.0,2004MM09,96.3
31573,A6,348000,31573,-0.4,0.0,2004MM10,96.2
31574,A6,348000,31574,-0.4,0.0,2004MM11,96.2
31575,A6,348000,31575,4.4,4.8,2004MM12,100.9
31577,A6,348000,31577,4.06153846154,2.4,2005MM01,101.3
31578,A6,348000,31578,3.72307692308,0.0,2005MM02,101.3
31579,A6,348000,31579,3.38461538462,0.0,2005MM03,101.3
31580,A6,348000,31580,3.04615384615,0.0,2005MM04,101.3
31581,A6,348000,31581,2.70769230769,0.0,2005MM05,101.3
31582,A6,348000,31582,2.36923076923,0.0,2005MM06,101.3
31583,A6,348000,31583,2.03076923077,0.0,2005MM07,101.3
31584,A6,348000,31584,1.69230769231,0.0,2005MM08,101.3
31585,A6,348000,31585,1.35384615385,0.0,2005MM09,101.3
31586,A6,348000,31586,1.01538461538,0.2,2005MM10,101.5
31587,A6,348000,31587,0.676923076923,0.0,2005MM11,101.5
31588,A6,348000,31588,0.338461538462,0.0,2005MM12,101.5
31590,A6,348000,31590,0.0,-0.2,2006MM01,101.3
31591,A6,348000,31591,0.0,0.0,2006MM02,101.3
31592,A6,348000,31592,0.0,0.0,2006MM03,101.3
31593,A6,348000,31593,0.0,0.0,2006MM04,101.3
31594,A6,348000,31594,0.0,0.0,2006MM05,101.3
31595,A6,348000,31595,0.0,0.0,2006MM06,101.3
31596,A6,348000,31596,-0.1,-0.1,2006MM07,101.2
31597,A6,348000,31597,-0.1,0.0,2006MM08,101.2
31598,A6,348000,31598,-0.1,0.0,2006MM09,101.2
31599,A6,348000,31599,-0.3,0.0,2006MM10,101.2
31600,A6,348000,31600,-0.3,0.0,2006MM11,101.2
31601,A6,348000,31601,-0.3,0.0,2006MM12,101.2
31603,A6,348000,31603,-1.0,-0.9,2007MM01,100.3
31604,A6,348000,31604,-1.0,0.0,2007MM02,100.3
31605,A6,348000,31605,-1.0,0.0,2007MM03,100.3
31606,A6,348000,31606,-1.0,0.0,2007MM04,100.3
31607,A6,348000,31607,-1.0,0.0,2007MM05,100.3
31608,A6,348000,31608,-1.0,0.0,2007MM06,100.3
31609,A6,348000,31609,-0.9,0.0,2007MM07,100.3
31610,A6,348000,31610,-0.9,0.0,2007MM08,100.3
31611,A6,348000,31611,-0.9,0.0,2007MM09,100.3
31612,A6,348000,31612,-0.9,0.0,2007MM10,100.3
31613,A6,348000,31613,-0.9,0.0,2007MM11,100.3
31614,A6,348000,31614,-0.9,0.0,2007MM12,100.3
31616,A6,348000,31616,-0.4,-0.4,2008MM01,99.9
31617,A6,348000,31617,-0.4,0.0,2008MM02,99.9
31618,A6,348000,31618,-0.4,0.0,2008MM03,99.9
31619,A6,348000,31619,-0.4,0.0,2008MM04,99.9
31620,A6,348000,31620,-0.4,0.0,2008MM05,99.9
31621,A6,348000,31621,-0.4,0.0,2008MM06,99.9
31622,A6,348000,31622,-0.4,0.0,2008MM07,99.9
31623,A6,348000,31623,-0.4,0.0,2008MM08,99.9
31624,A6,348000,31624,-0.4,0.0,2008MM09,99.9
31625,A6,348000,31625,-0.4,0.0,2008MM10,99.9
31626,A6,348000,31626,-0.4,0.0,2008MM11,99.9
31627,A6,348000,31627,-0.4,0.0,2008MM12,99.9
31629,A6,348000,31629,0.0,0.0,2009MM01,99.9
31630,A6,348000,31630,0.0,0.0,2009MM02,99.9
31631,A6,348000,31631,0.0,0.0,2009MM03,99.9
31632,A6,348000,31632,0.1,0.1,2009MM04,100.0
31633,A6,348000,31633,0.1,0.0,2009MM05,100.0
31634,A6,348000,31634,0.1,0.0,2009MM06,100.0
31635,A6,348000,31635,0.1,0.0,2009MM07,100.0
31636,A6,348000,31636,0.1,0.0,2009MM08,100.0
31637,A6,348000,31637,0.1,0.0,2009MM09,100.0
31638,A6,348000,31638,0.1,0.0,2009MM10,100.0
31639,A6,348000,31639,0.1,0.0,2009MM11,100.0
31640,A6,348000,31640,0.1,0.0,2009MM12,100.0
31642,A6,348000,31642,0.1,0.0,2010MM01,100.0
31643,A6,348000,31643,0.1,0.0,2010MM02,100.0
31644,A6,348000,31644,0.1,0.0,2010MM03,100.0
31645,A6,348000,31645,0.0,0.0,2010MM04,100.0
31646,A6,348000,31646,0.0,0.0,2010MM05,100.0
31647,A6,348000,31647,0.0,0.0,2010MM06,100.0
31648,A6,348000,31648,0.0,0.0,2010MM07,100.0
31649,A6,348000,31649,0.0,0.0,2010MM08,100.0
31650,A6,348000,31650,0.0,0.0,2010MM09,100.0
31651,A6,348000,31651,0.0,0.0,2010MM10,100.0
31652,A6,348000,31652,0.0,0.0,2010MM11,100.0
31653,A6,348000,31653,0.0,0.0,2010MM12,100.0
31655,A6,348000,31655,0.5,0.5,2011MM01,100.5
31656,A6,348000,31656,0.5,0.0,2011MM02,100.5
31657,A6,348000,31657,0.5,0.0,2011MM03,100.5
31658,A6,348000,31658,0.5,0.0,2011MM04,100.5
31659,A6,348000,31659,0.5,0.0,2011MM05,100.5
31660,A6,348000,31660,0.5,0.0,2011MM06,100.5
31661,A6,348000,31661,0.5,0.0,2011MM07,100.5
31662,A6,348000,31662,0.5,0.0,2011MM08,100.5
31663,A6,348000,31663,0.5,0.0,2011MM09,100.5
31664,A6,348000,31664,0.5,0.0,2011MM10,100.5
31665,A6,348000,31665,0.5,0.0,2011MM11,100.5
31666,A6,348000,31666,0.5,0.0,2011MM12,100.5
31668,A6,348000,31668,-10.0,-10.0,2012MM01,90.4
31669,A6,348000,31669,-10.0,0.0,2012MM02,90.4
31670,A6,348000,31670,-10.0,0.0,2012MM03,90.4
31671,A6,348000,31671,-10.0,0.0,2012MM04,90.4
31672,A6,348000,31672,-10.0,0.0,2012MM05,90.4
31673,A6,348000,31673,-10.0,0.0,2012MM06,90.4
31674,A6,348000,31674,-10.0,0.0,2012MM07,90.4
31675,A6,348000,31675,-10.0,0.0,2012MM08,90.4
31676,A6,348000,31676,-11.7,-1.8,2012MM09,88.7
31677,A6,348000,31677,-11.7,0.0,2012MM10,88.7
31678,A6,348000,31678,-11.7,0.0,2012MM11,88.7
31679,A6,348000,31679,-11.7,0.0,2012MM12,88.7
31681,A6,348000,31681,-0.6,1.2,2013MM01,89.8
31682,A6,348000,31682,-0.6,0.0,2013MM02,89.8
31683,A6,348000,31683,-0.6,0.0,2013MM03,89.8
31684,A6,348000,31684,-0.6,0.0,2013MM04,89.8
31685,A6,348000,31685,-0.6,0.0,2013MM05,89.8
31686,A6,348000,31686,-0.6,0.0,2013MM06,89.8
31687,A6,348000,31687,-0.6,0.0,2013MM07,89.8
31688,A6,348000,31688,-0.6,0.0,2013MM08,89.8
31689,A6,348000,31689,1.2,0.0,2013MM09,89.8
31690,A6,348000,31690,1.2,0.0,2013MM10,89.8
31691,A6,348000,31691,1.2,0.0,2013MM11,89.8
31692,A6,348000,31692,1.2,0.0,2013MM12,89.8
31694,A6,348000,31694,0.8,0.8,2014MM01,90.6
31695,A6,348000,31695,0.8,0.0,2014MM02,90.6
31696,A6,348000,31696,0.8,0.0,2014MM03,90.6
31697,A6,348000,31697,0.8,0.0,2014MM04,90.6
31698,A6,348000,31698,0.8,0.0,2014MM05,90.6
31699,A6,348000,31699,0.8,0.0,2014MM06,90.6
31700,A6,348000,31700,0.8,0.0,2014MM07,90.6
31701,A6,348000,31701,0.8,0.0,2014MM08,90.6
31702,A6,348000,31702,0.8,0.0,2014MM09,90.6
31703,A6,348000,31703,0.8,0.0,2014MM10,90.6
31704,A6,348000,31704,0.9,0.1,2014MM11,90.7
31705,A6,348000,31705,0.9,0.0,2014MM12,90.7
31707,A6,348000,31707,-0.1,-0.2,2015MM01,90.5
31708,A6,348000,31708,-0.1,0.0,2015MM02,90.5
31709,A6,348000,31709,-0.1,0.0,2015MM03,90.5
31710,A6,348000,31710,-0.1,0.0,2015MM04,90.5
31711,A6,348000,31711,-0.1,0.0,2015MM05,90.5
31712,A6,348000,31712,-0.1,0.0,2015MM06,90.5
31713,A6,348000,31713,-0.1,0.0,2015MM07,90.5
31714,A6,348000,31714,-0.1,0.0,2015MM08,90.5
31715,A6,348000,31715,-0.1,0.0,2015MM09,90.5
31716,A6,348000,31716,-0.1,0.0,2015MM10,90.5
31717,A6,348000,31717,-0.2,0.0,2015MM11,90.5
31718,A6,348000,31718,-0.2,0.0,2015MM12,90.5
31720,A6,348000,31720,-0.4,-0.4,2016MM01,90.1
31721,A6,348000,31721,-0.4,0.0,2016MM02,90.1
31722,A6,348000,31722,-0.7,-0.3,2016MM03,89.9
31723,A6,348000,31723,-0.7,0.0,2016MM04,89.9
31724,A6,348000,31724,-0.7,0.0,2016MM05,89.9
31725,A6,348000,31725,-0.7,0.0,2016MM06,89.9
31726,A6,348000,31726,-0.7,0.0,2016MM07,89.9
31727,A6,348000,31727,-0.7,0.0,2016MM08,89.9
31728,A6,348000,31728,-0.7,0.0,2016MM09,89.9
31729,A6,348000,31729,-0.7,0.0,2016MM10,89.9
31730,A6,348000,31730,-0.7,0.0,2016MM11,89.9
31731,A6,348000,31731,-0.7,0.0,2016MM12,89.9
31733,A6,348000,31733,-0.2,0.1,2017MM01,90.0
31734,A6,348000,31734,-0.2,0.0,2017MM02,90.0
31735,A6,348000,31735,0.1,0.0,2017MM03,90.0
31736,A6,348000,31736,0.1,0.0,2017MM04,90.0
31737,A6,348000,31737,0.1,0.0,2017MM05,90.0
31738,A6,348000,31738,0.1,0.0,2017MM06,90.0
31739,A6,348000,31739,0.1,0.0,2017MM07,90.0
31740,A6,348000,31740,0.1,0.0,2017MM08,90.0
31741,A6,348000,31741,0.1,0.0,2017MM09,90.0
31742,A6,348000,31742,0.1,0.0,2017MM10,90.0
31743,A6,348000,31743,0.1,0.0,2017MM11,90.0
31744,A6,348000,31744,0.1,0.0,2017MM12,90.0
