,Afzet,BedrijfstakkenBranchesSBI2008,ID,OntwikkelingTOV1JaarEerder_2,OntwikkelingTOV1MaandEerder_3,Perioden,ProducentenprijsindexPPI_1
63492,A4,348000,63492,1.54615384615,0.0,1981MM01,62.1
63493,A4,348000,63493,2.99230769231,0.0,1981MM02,62.1
63494,A4,348000,63494,4.43846153846,0.0,1981MM03,62.1
63495,A4,348000,63495,5.88461538462,2.1,1981MM04,63.4
63496,A4,348000,63496,7.33076923077,0.0,1981MM05,63.4
63497,A4,348000,63497,8.77692307692,0.0,1981MM06,63.4
63498,A4,348000,63498,10.2230769231,2.3,1981MM07,64.8
63499,A4,348000,63499,11.6692307692,0.0,1981MM08,64.8
63500,A4,348000,63500,13.1153846154,0.0,1981MM09,64.8
63501,A4,348000,63501,14.5615384615,0.7,1981MM10,65.3
63502,A4,348000,63502,16.0076923077,0.0,1981MM11,65.3
63503,A4,348000,63503,17.4538461538,0.0,1981MM12,65.3
63505,A4,348000,63505,18.9,13.1,1982MM01,73.8
63506,A4,348000,63506,18.9,0.0,1982MM02,73.8
63507,A4,348000,63507,18.9,0.0,1982MM03,73.8
63508,A4,348000,63508,15.8,-0.6,1982MM04,73.4
63509,A4,348000,63509,15.8,0.0,1982MM05,73.4
63510,A4,348000,63510,15.8,0.0,1982MM06,73.4
63511,A4,348000,63511,13.2,0.0,1982MM07,73.4
63512,A4,348000,63512,13.2,0.0,1982MM08,73.4
63513,A4,348000,63513,13.2,0.0,1982MM09,73.4
63514,A4,348000,63514,12.4,-0.1,1982MM10,73.4
63515,A4,348000,63515,12.4,0.0,1982MM11,73.4
63516,A4,348000,63516,12.4,0.0,1982MM12,73.3
63518,A4,348000,63518,4.3,4.9,1983MM01,77.0
63519,A4,348000,63519,4.3,0.0,1983MM02,77.0
63520,A4,348000,63520,4.3,0.0,1983MM03,77.0
63521,A4,348000,63521,4.3,-0.5,1983MM04,76.6
63522,A4,348000,63522,4.3,0.0,1983MM05,76.6
63523,A4,348000,63523,4.3,0.0,1983MM06,76.6
63524,A4,348000,63524,3.9,-0.4,1983MM07,76.3
63525,A4,348000,63525,3.9,0.0,1983MM08,76.3
63526,A4,348000,63526,3.9,0.0,1983MM09,76.3
63527,A4,348000,63527,5.2,1.1,1983MM10,77.2
63528,A4,348000,63528,5.2,0.0,1983MM11,77.2
63529,A4,348000,63529,5.2,0.0,1983MM12,77.2
63531,A4,348000,63531,5.7,5.4,1984MM01,81.3
63532,A4,348000,63532,5.7,0.0,1984MM02,81.3
63533,A4,348000,63533,5.7,0.0,1984MM03,81.3
63534,A4,348000,63534,6.8,0.6,1984MM04,81.8
63535,A4,348000,63535,6.7,-0.1,1984MM05,81.7
63536,A4,348000,63536,6.8,0.1,1984MM06,81.8
63537,A4,348000,63537,7.7,0.4,1984MM07,82.1
63538,A4,348000,63538,7.6,0.0,1984MM08,82.1
63539,A4,348000,63539,7.6,0.0,1984MM09,82.1
63540,A4,348000,63540,6.6,0.2,1984MM10,82.2
63541,A4,348000,63541,6.5,0.0,1984MM11,82.2
63542,A4,348000,63542,6.4,-0.1,1984MM12,82.2
63544,A4,348000,63544,5.5,4.5,1985MM01,85.8
63545,A4,348000,63545,5.7,0.2,1985MM02,86.0
63546,A4,348000,63546,5.7,0.0,1985MM03,85.9
63547,A4,348000,63547,5.1,0.0,1985MM04,85.9
63548,A4,348000,63548,6.3,1.1,1985MM05,86.9
63549,A4,348000,63549,6.2,0.0,1985MM06,86.8
63550,A4,348000,63550,5.7,0.0,1985MM07,86.8
63551,A4,348000,63551,5.0,-0.7,1985MM08,86.2
63552,A4,348000,63552,5.0,0.0,1985MM09,86.2
63553,A4,348000,63553,4.8,0.0,1985MM10,86.2
63554,A4,348000,63554,1.7,-3.0,1985MM11,83.6
63555,A4,348000,63555,1.8,0.0,1985MM12,83.6
63557,A4,348000,63557,-2.6,0.0,1986MM01,83.6
63558,A4,348000,63558,-10.2,-7.6,1986MM02,77.2
63559,A4,348000,63559,-2.2,8.8,1986MM03,84.0
63560,A4,348000,63560,-2.2,0.0,1986MM04,84.1
63561,A4,348000,63561,-3.2,0.0,1986MM05,84.1
63562,A4,348000,63562,-5.4,-2.3,1986MM06,82.1
63563,A4,348000,63563,-5.4,0.0,1986MM07,82.1
63564,A4,348000,63564,-4.7,0.0,1986MM08,82.1
63565,A4,348000,63565,-16.2,-12.0,1986MM09,72.3
63566,A4,348000,63566,-16.2,0.0,1986MM10,72.3
63567,A4,348000,63567,-13.6,0.0,1986MM11,72.3
63568,A4,348000,63568,-15.5,-2.2,1986MM12,70.7
63570,A4,348000,63570,-15.5,0.0,1987MM01,70.7
63571,A4,348000,63571,-8.5,0.0,1987MM02,70.7
63572,A4,348000,63572,-29.8,-16.6,1987MM03,59.0
63573,A4,348000,63573,-31.0,-1.7,1987MM04,58.0
63574,A4,348000,63574,-31.0,0.0,1987MM05,58.0
63575,A4,348000,63575,-29.4,0.0,1987MM06,58.0
63576,A4,348000,63576,-28.1,1.9,1987MM07,59.1
63577,A4,348000,63577,-28.1,0.0,1987MM08,59.0
63578,A4,348000,63578,-18.3,0.0,1987MM09,59.0
63579,A4,348000,63579,-17.9,0.6,1987MM10,59.4
63580,A4,348000,63580,-17.9,0.0,1987MM11,59.3
63581,A4,348000,63581,-16.1,0.0,1987MM12,59.3
63583,A4,348000,63583,-16.3,-0.2,1988MM01,59.2
63584,A4,348000,63584,-16.3,0.0,1988MM02,59.2
63585,A4,348000,63585,0.3,0.0,1988MM03,59.2
63586,A4,348000,63586,-2.6,-4.5,1988MM04,56.5
63587,A4,348000,63587,-0.7,1.9,1988MM05,57.6
63588,A4,348000,63588,-0.6,0.1,1988MM06,57.6
63589,A4,348000,63589,-2.4,0.1,1988MM07,57.7
63590,A4,348000,63590,-3.5,-1.2,1988MM08,57.0
63591,A4,348000,63591,-3.4,0.1,1988MM09,57.0
63592,A4,348000,63592,-3.8,0.1,1988MM10,57.1
63593,A4,348000,63593,-5.1,-1.4,1988MM11,56.3
63594,A4,348000,63594,-4.9,0.2,1988MM12,56.4
63596,A4,348000,63596,-4.5,0.2,1989MM01,56.5
63597,A4,348000,63597,-4.5,0.0,1989MM02,56.5
63598,A4,348000,63598,-4.4,0.1,1989MM03,56.6
63599,A4,348000,63599,0.0,0.0,1989MM04,56.5
63600,A4,348000,63600,-2.7,-0.9,1989MM05,56.1
63601,A4,348000,63601,-6.4,-3.7,1989MM06,54.0
63602,A4,348000,63602,-6.7,-0.3,1989MM07,53.8
63603,A4,348000,63603,-5.9,-0.4,1989MM08,53.6
63604,A4,348000,63604,-5.6,0.4,1989MM09,53.8
63605,A4,348000,63605,-6.2,-0.5,1989MM10,53.5
63606,A4,348000,63606,-5.5,-0.6,1989MM11,53.2
63607,A4,348000,63607,-0.9,5.1,1989MM12,55.9
63609,A4,348000,63609,-1.9,-0.8,1990MM01,55.4
63610,A4,348000,63610,-2.5,-0.6,1990MM02,55.1
63611,A4,348000,63611,-3.2,-0.6,1990MM03,54.7
63612,A4,348000,63612,-3.6,-0.4,1990MM04,54.5
63613,A4,348000,63613,-3.2,-0.5,1990MM05,54.3
63614,A4,348000,63614,-0.1,-0.7,1990MM06,53.9
63615,A4,348000,63615,-0.1,-0.3,1990MM07,53.7
63616,A4,348000,63616,-0.1,-0.3,1990MM08,53.6
63617,A4,348000,63617,-0.6,-0.1,1990MM09,53.5
63618,A4,348000,63618,-0.2,-0.2,1990MM10,53.4
63619,A4,348000,63619,0.4,0.0,1990MM11,53.4
63620,A4,348000,63620,-4.2,0.3,1990MM12,53.6
63622,A4,348000,63622,-3.1,0.2,1991MM01,53.7
63623,A4,348000,63623,0.9,3.6,1991MM02,55.6
63624,A4,348000,63624,1.2,-0.4,1991MM03,55.4
63625,A4,348000,63625,1.7,0.1,1991MM04,55.5
63626,A4,348000,63626,2.5,0.3,1991MM05,55.6
63627,A4,348000,63627,3.8,0.6,1991MM06,55.9
63628,A4,348000,63628,4.3,0.1,1991MM07,56.0
63629,A4,348000,63629,4.7,0.1,1991MM08,56.1
63630,A4,348000,63630,4.9,0.1,1991MM09,56.1
63631,A4,348000,63631,5.1,0.0,1991MM10,56.1
63632,A4,348000,63632,5.0,0.0,1991MM11,56.1
63633,A4,348000,63633,4.6,-0.1,1991MM12,56.0
63635,A4,348000,63635,4.4,0.0,1992MM01,56.0
63636,A4,348000,63636,0.7,-0.1,1992MM02,56.0
63637,A4,348000,63637,7.9,6.8,1992MM03,59.8
63638,A4,348000,63638,7.4,-0.4,1992MM04,59.6
63639,A4,348000,63639,7.0,0.0,1992MM05,59.5
63640,A4,348000,63640,6.4,0.0,1992MM06,59.5
63641,A4,348000,63641,6.4,0.1,1992MM07,59.6
63642,A4,348000,63642,6.5,0.2,1992MM08,59.7
63643,A4,348000,63643,6.5,0.1,1992MM09,59.8
63644,A4,348000,63644,6.9,0.4,1992MM10,60.0
63645,A4,348000,63645,7.1,0.1,1992MM11,60.1
63646,A4,348000,63646,7.3,0.1,1992MM12,60.1
63648,A4,348000,63648,7.5,0.2,1993MM01,60.3
63649,A4,348000,63649,7.7,0.1,1993MM02,60.3
63650,A4,348000,63650,0.9,0.0,1993MM03,60.3
63651,A4,348000,63651,9.9,8.5,1993MM04,65.4
63652,A4,348000,63652,9.7,-0.2,1993MM05,65.3
63653,A4,348000,63653,9.6,-0.1,1993MM06,65.2
63654,A4,348000,63654,9.4,-0.1,1993MM07,65.2
63655,A4,348000,63655,8.9,-0.2,1993MM08,65.1
63656,A4,348000,63656,8.6,-0.3,1993MM09,64.9
63657,A4,348000,63657,7.9,-0.3,1993MM10,64.7
63658,A4,348000,63658,7.6,-0.1,1993MM11,64.6
63659,A4,348000,63659,7.1,-0.4,1993MM12,64.4
63661,A4,348000,63661,6.4,-0.4,1994MM01,64.1
63662,A4,348000,63662,6.0,-0.3,1994MM02,63.9
63663,A4,348000,63663,5.9,-0.1,1994MM03,63.9
63664,A4,348000,63664,-2.3,0.1,1994MM04,63.9
63665,A4,348000,63665,3.6,5.8,1994MM05,67.6
63666,A4,348000,63666,3.2,-0.5,1994MM06,67.3
63667,A4,348000,63667,4.2,1.0,1994MM07,68.0
63668,A4,348000,63668,5.8,1.3,1994MM08,68.9
63669,A4,348000,63669,7.1,0.9,1994MM09,69.5
63670,A4,348000,63670,8.6,1.1,1994MM10,70.2
63671,A4,348000,63671,10.0,1.2,1994MM11,71.1
63672,A4,348000,63672,12.0,1.5,1994MM12,72.1
63674,A4,348000,63674,14.2,1.5,1995MM01,73.2
63675,A4,348000,63675,15.9,1.2,1995MM02,74.1
63676,A4,348000,63676,17.4,1.2,1995MM03,75.0
63677,A4,348000,63677,18.4,1.0,1995MM04,75.7
63678,A4,348000,63678,12.9,0.8,1995MM05,76.3
63679,A4,348000,63679,14.2,0.7,1995MM06,76.9
63680,A4,348000,63680,14.6,1.3,1995MM07,77.9
63681,A4,348000,63681,13.5,0.4,1995MM08,78.2
63682,A4,348000,63682,12.7,0.2,1995MM09,78.3
63683,A4,348000,63683,11.6,0.1,1995MM10,78.4
63684,A4,348000,63684,10.2,-0.1,1995MM11,78.3
63685,A4,348000,63685,8.4,-0.2,1995MM12,78.2
63687,A4,348000,63687,10.6,3.6,1996MM01,81.0
63688,A4,348000,63688,8.9,-0.3,1996MM02,80.7
63689,A4,348000,63689,7.4,-0.3,1996MM03,80.5
63690,A4,348000,63690,6.2,-0.1,1996MM04,80.4
63691,A4,348000,63691,5.1,-0.2,1996MM05,80.2
63692,A4,348000,63692,4.2,-0.2,1996MM06,80.1
63693,A4,348000,63693,2.8,-0.1,1996MM07,80.0
63694,A4,348000,63694,2.3,-0.1,1996MM08,80.0
63695,A4,348000,63695,2.0,-0.1,1996MM09,79.9
63696,A4,348000,63696,2.0,0.1,1996MM10,79.9
63697,A4,348000,63697,2.1,0.0,1996MM11,80.0
63698,A4,348000,63698,2.4,0.1,1996MM12,80.0
63700,A4,348000,63700,2.0,3.3,1997MM01,82.6
63701,A4,348000,63701,2.4,0.1,1997MM02,82.7
63702,A4,348000,63702,2.8,0.1,1997MM03,82.8
63703,A4,348000,63703,3.0,0.1,1997MM04,82.8
63704,A4,348000,63704,3.3,0.1,1997MM05,82.9
63705,A4,348000,63705,3.5,0.0,1997MM06,82.9
63706,A4,348000,63706,3.7,0.1,1997MM07,83.0
63707,A4,348000,63707,3.8,0.0,1997MM08,83.0
63708,A4,348000,63708,3.9,0.0,1997MM09,83.0
63709,A4,348000,63709,3.9,0.0,1997MM10,83.0
63710,A4,348000,63710,3.8,0.0,1997MM11,83.0
63711,A4,348000,63711,3.7,0.0,1997MM12,83.0
63713,A4,348000,63713,4.2,3.7,1998MM01,86.1
63714,A4,348000,63714,4.1,0.0,1998MM02,86.1
63715,A4,348000,63715,4.0,0.0,1998MM03,86.0
63716,A4,348000,63716,3.9,0.0,1998MM04,86.1
63717,A4,348000,63717,3.8,0.0,1998MM05,86.0
63718,A4,348000,63718,3.8,0.0,1998MM06,86.0
63719,A4,348000,63719,4.1,0.5,1998MM07,86.4
63720,A4,348000,63720,4.1,0.0,1998MM08,86.4
63721,A4,348000,63721,4.1,0.0,1998MM09,86.4
63722,A4,348000,63722,4.1,0.0,1998MM10,86.4
63723,A4,348000,63723,4.1,0.0,1998MM11,86.4
63724,A4,348000,63724,4.1,0.0,1998MM12,86.4
63726,A4,348000,63726,3.2,2.8,1999MM01,88.8
63727,A4,348000,63727,3.3,0.0,1999MM02,88.9
63728,A4,348000,63728,3.3,0.0,1999MM03,88.9
63729,A4,348000,63729,3.3,0.0,1999MM04,88.9
63730,A4,348000,63730,3.3,0.0,1999MM05,88.9
63731,A4,348000,63731,3.3,0.0,1999MM06,88.9
63732,A4,348000,63732,2.8,-0.1,1999MM07,88.8
63733,A4,348000,63733,2.8,0.0,1999MM08,88.8
63734,A4,348000,63734,2.8,0.0,1999MM09,88.8
63735,A4,348000,63735,2.8,0.0,1999MM10,88.8
63736,A4,348000,63736,2.7,0.0,1999MM11,88.8
63737,A4,348000,63737,2.7,0.0,1999MM12,88.8
63739,A4,348000,63739,2.1,2.1,2000MM01,90.7
63740,A4,348000,63740,2.0,0.0,2000MM02,90.7
63741,A4,348000,63741,2.0,0.0,2000MM03,90.7
63742,A4,348000,63742,2.0,0.0,2000MM04,90.7
63743,A4,348000,63743,2.0,0.0,2000MM05,90.7
63744,A4,348000,63744,2.0,0.0,2000MM06,90.7
63745,A4,348000,63745,2.1,0.0,2000MM07,90.7
63746,A4,348000,63746,2.1,0.0,2000MM08,90.7
63747,A4,348000,63747,2.1,0.0,2000MM09,90.7
63748,A4,348000,63748,2.1,0.0,2000MM10,90.7
63749,A4,348000,63749,2.1,0.0,2000MM11,90.7
63750,A4,348000,63750,2.1,0.0,2000MM12,90.7
63752,A4,348000,63752,0.4,0.4,2001MM01,91.1
63753,A4,348000,63753,0.4,0.0,2001MM02,91.1
63754,A4,348000,63754,0.4,0.0,2001MM03,91.1
63755,A4,348000,63755,0.4,0.0,2001MM04,91.1
63756,A4,348000,63756,0.4,0.0,2001MM05,91.1
63757,A4,348000,63757,0.4,0.0,2001MM06,91.1
63758,A4,348000,63758,0.4,0.0,2001MM07,91.1
63759,A4,348000,63759,0.4,0.0,2001MM08,91.1
63760,A4,348000,63760,0.4,0.0,2001MM09,91.1
63761,A4,348000,63761,0.4,0.0,2001MM10,91.1
63762,A4,348000,63762,0.4,0.0,2001MM11,91.1
63763,A4,348000,63763,0.4,0.0,2001MM12,91.1
63765,A4,348000,63765,1.6,1.6,2002MM01,92.5
63766,A4,348000,63766,1.6,0.0,2002MM02,92.5
63767,A4,348000,63767,1.6,0.0,2002MM03,92.5
63768,A4,348000,63768,1.6,0.0,2002MM04,92.5
63769,A4,348000,63769,1.6,0.0,2002MM05,92.5
63770,A4,348000,63770,1.6,0.0,2002MM06,92.5
63771,A4,348000,63771,1.6,0.0,2002MM07,92.5
63772,A4,348000,63772,1.6,0.0,2002MM08,92.5
63773,A4,348000,63773,1.6,0.0,2002MM09,92.5
63774,A4,348000,63774,1.6,0.0,2002MM10,92.5
63775,A4,348000,63775,1.6,0.0,2002MM11,92.5
63776,A4,348000,63776,1.6,0.0,2002MM12,92.5
63778,A4,348000,63778,4.5,4.5,2003MM01,96.7
63779,A4,348000,63779,4.5,0.0,2003MM02,96.7
63780,A4,348000,63780,4.5,0.0,2003MM03,96.7
63781,A4,348000,63781,4.5,0.0,2003MM04,96.7
63782,A4,348000,63782,4.5,0.0,2003MM05,96.7
63783,A4,348000,63783,4.5,0.0,2003MM06,96.7
63784,A4,348000,63784,4.5,0.0,2003MM07,96.7
63785,A4,348000,63785,4.5,0.0,2003MM08,96.7
63786,A4,348000,63786,4.5,0.0,2003MM09,96.7
63787,A4,348000,63787,4.5,0.0,2003MM10,96.7
63788,A4,348000,63788,4.5,0.0,2003MM11,96.7
63789,A4,348000,63789,4.5,0.0,2003MM12,96.7
63791,A4,348000,63791,1.1,1.1,2004MM01,97.7
63792,A4,348000,63792,1.1,0.0,2004MM02,97.7
63793,A4,348000,63793,1.1,0.0,2004MM03,97.7
63794,A4,348000,63794,1.1,0.0,2004MM04,97.7
63795,A4,348000,63795,1.1,0.0,2004MM05,97.7
63796,A4,348000,63796,1.1,0.0,2004MM06,97.7
63797,A4,348000,63797,-0.4,-1.5,2004MM07,96.3
63798,A4,348000,63798,-0.4,0.0,2004MM08,96.3
63799,A4,348000,63799,-0.4,0.0,2004MM09,96.3
63800,A4,348000,63800,-0.4,0.0,2004MM10,96.2
63801,A4,348000,63801,-0.4,0.0,2004MM11,96.2
63802,A4,348000,63802,4.4,4.8,2004MM12,100.9
63804,A4,348000,63804,4.06153846154,2.4,2005MM01,101.3
63805,A4,348000,63805,3.72307692308,0.0,2005MM02,101.3
63806,A4,348000,63806,3.38461538462,0.0,2005MM03,101.3
63807,A4,348000,63807,3.04615384615,0.0,2005MM04,101.3
63808,A4,348000,63808,2.70769230769,0.0,2005MM05,101.3
63809,A4,348000,63809,2.36923076923,0.0,2005MM06,101.3
63810,A4,348000,63810,2.03076923077,0.0,2005MM07,101.3
63811,A4,348000,63811,1.69230769231,0.0,2005MM08,101.3
63812,A4,348000,63812,1.35384615385,0.0,2005MM09,101.3
63813,A4,348000,63813,1.01538461538,0.2,2005MM10,101.5
63814,A4,348000,63814,0.676923076923,0.0,2005MM11,101.5
63815,A4,348000,63815,0.338461538462,0.0,2005MM12,101.5
63817,A4,348000,63817,0.0,-0.2,2006MM01,101.3
63818,A4,348000,63818,0.0,0.0,2006MM02,101.3
63819,A4,348000,63819,0.0,0.0,2006MM03,101.3
63820,A4,348000,63820,0.0,0.0,2006MM04,101.3
63821,A4,348000,63821,0.0,0.0,2006MM05,101.3
63822,A4,348000,63822,0.0,0.0,2006MM06,101.3
63823,A4,348000,63823,-0.1,-0.1,2006MM07,101.2
63824,A4,348000,63824,-0.1,0.0,2006MM08,101.2
63825,A4,348000,63825,-0.1,0.0,2006MM09,101.2
63826,A4,348000,63826,-0.3,0.0,2006MM10,101.2
63827,A4,348000,63827,-0.3,0.0,2006MM11,101.2
63828,A4,348000,63828,-0.3,0.0,2006MM12,101.2
63830,A4,348000,63830,-1.0,-0.9,2007MM01,100.3
63831,A4,348000,63831,-1.0,0.0,2007MM02,100.3
63832,A4,348000,63832,-1.0,0.0,2007MM03,100.3
63833,A4,348000,63833,-1.0,0.0,2007MM04,100.3
63834,A4,348000,63834,-1.0,0.0,2007MM05,100.3
63835,A4,348000,63835,-1.0,0.0,2007MM06,100.3
63836,A4,348000,63836,-0.9,0.0,2007MM07,100.3
63837,A4,348000,63837,-0.9,0.0,2007MM08,100.3
63838,A4,348000,63838,-0.9,0.0,2007MM09,100.3
63839,A4,348000,63839,-0.9,0.0,2007MM10,100.3
63840,A4,348000,63840,-0.9,0.0,2007MM11,100.3
63841,A4,348000,63841,-0.9,0.0,2007MM12,100.3
63843,A4,348000,63843,-0.4,-0.4,2008MM01,99.9
63844,A4,348000,63844,-0.4,0.0,2008MM02,99.9
63845,A4,348000,63845,-0.4,0.0,2008MM03,99.9
63846,A4,348000,63846,-0.4,0.0,2008MM04,99.9
63847,A4,348000,63847,-0.4,0.0,2008MM05,99.9
63848,A4,348000,63848,-0.4,0.0,2008MM06,99.9
63849,A4,348000,63849,-0.4,0.0,2008MM07,99.9
63850,A4,348000,63850,-0.4,0.0,2008MM08,99.9
63851,A4,348000,63851,-0.4,0.0,2008MM09,99.9
63852,A4,348000,63852,-0.4,0.0,2008MM10,99.9
63853,A4,348000,63853,-0.4,0.0,2008MM11,99.9
63854,A4,348000,63854,-0.4,0.0,2008MM12,99.9
63856,A4,348000,63856,0.0,0.0,2009MM01,99.9
63857,A4,348000,63857,0.0,0.0,2009MM02,99.9
63858,A4,348000,63858,0.0,0.0,2009MM03,99.9
63859,A4,348000,63859,0.1,0.1,2009MM04,100.0
63860,A4,348000,63860,0.1,0.0,2009MM05,100.0
63861,A4,348000,63861,0.1,0.0,2009MM06,100.0
63862,A4,348000,63862,0.1,0.0,2009MM07,100.0
63863,A4,348000,63863,0.1,0.0,2009MM08,100.0
63864,A4,348000,63864,0.1,0.0,2009MM09,100.0
63865,A4,348000,63865,0.1,0.0,2009MM10,100.0
63866,A4,348000,63866,0.1,0.0,2009MM11,100.0
63867,A4,348000,63867,0.1,0.0,2009MM12,100.0
63869,A4,348000,63869,0.1,0.0,2010MM01,100.0
63870,A4,348000,63870,0.1,0.0,2010MM02,100.0
63871,A4,348000,63871,0.1,0.0,2010MM03,100.0
63872,A4,348000,63872,0.0,0.0,2010MM04,100.0
63873,A4,348000,63873,0.0,0.0,2010MM05,100.0
63874,A4,348000,63874,0.0,0.0,2010MM06,100.0
63875,A4,348000,63875,0.0,0.0,2010MM07,100.0
63876,A4,348000,63876,0.0,0.0,2010MM08,100.0
63877,A4,348000,63877,0.0,0.0,2010MM09,100.0
63878,A4,348000,63878,0.0,0.0,2010MM10,100.0
63879,A4,348000,63879,0.0,0.0,2010MM11,100.0
63880,A4,348000,63880,0.0,0.0,2010MM12,100.0
63882,A4,348000,63882,0.5,0.5,2011MM01,100.5
63883,A4,348000,63883,0.5,0.0,2011MM02,100.5
63884,A4,348000,63884,0.5,0.0,2011MM03,100.5
63885,A4,348000,63885,0.5,0.0,2011MM04,100.5
63886,A4,348000,63886,0.5,0.0,2011MM05,100.5
63887,A4,348000,63887,0.5,0.0,2011MM06,100.5
63888,A4,348000,63888,0.5,0.0,2011MM07,100.5
63889,A4,348000,63889,0.5,0.0,2011MM08,100.5
63890,A4,348000,63890,0.5,0.0,2011MM09,100.5
63891,A4,348000,63891,0.5,0.0,2011MM10,100.5
63892,A4,348000,63892,0.5,0.0,2011MM11,100.5
63893,A4,348000,63893,0.5,0.0,2011MM12,100.5
63895,A4,348000,63895,-10.0,-10.0,2012MM01,90.4
63896,A4,348000,63896,-10.0,0.0,2012MM02,90.4
63897,A4,348000,63897,-10.0,0.0,2012MM03,90.4
63898,A4,348000,63898,-10.0,0.0,2012MM04,90.4
63899,A4,348000,63899,-10.0,0.0,2012MM05,90.4
63900,A4,348000,63900,-10.0,0.0,2012MM06,90.4
63901,A4,348000,63901,-10.0,0.0,2012MM07,90.4
63902,A4,348000,63902,-10.0,0.0,2012MM08,90.4
63903,A4,348000,63903,-11.7,-1.8,2012MM09,88.7
63904,A4,348000,63904,-11.7,0.0,2012MM10,88.7
63905,A4,348000,63905,-11.7,0.0,2012MM11,88.7
63906,A4,348000,63906,-11.7,0.0,2012MM12,88.7
63908,A4,348000,63908,-0.6,1.2,2013MM01,89.8
63909,A4,348000,63909,-0.6,0.0,2013MM02,89.8
63910,A4,348000,63910,-0.6,0.0,2013MM03,89.8
63911,A4,348000,63911,-0.6,0.0,2013MM04,89.8
63912,A4,348000,63912,-0.6,0.0,2013MM05,89.8
63913,A4,348000,63913,-0.6,0.0,2013MM06,89.8
63914,A4,348000,63914,-0.6,0.0,2013MM07,89.8
63915,A4,348000,63915,-0.6,0.0,2013MM08,89.8
63916,A4,348000,63916,1.2,0.0,2013MM09,89.8
63917,A4,348000,63917,1.2,0.0,2013MM10,89.8
63918,A4,348000,63918,1.2,0.0,2013MM11,89.8
63919,A4,348000,63919,1.2,0.0,2013MM12,89.8
63921,A4,348000,63921,0.8,0.8,2014MM01,90.6
63922,A4,348000,63922,0.8,0.0,2014MM02,90.6
63923,A4,348000,63923,0.8,0.0,2014MM03,90.6
63924,A4,348000,63924,0.8,0.0,2014MM04,90.6
63925,A4,348000,63925,0.8,0.0,2014MM05,90.6
63926,A4,348000,63926,0.8,0.0,2014MM06,90.6
63927,A4,348000,63927,0.8,0.0,2014MM07,90.6
63928,A4,348000,63928,0.8,0.0,2014MM08,90.6
63929,A4,348000,63929,0.8,0.0,2014MM09,90.6
63930,A4,348000,63930,0.8,0.0,2014MM10,90.6
63931,A4,348000,63931,0.9,0.1,2014MM11,90.7
63932,A4,348000,63932,0.9,0.0,2014MM12,90.7
63934,A4,348000,63934,-0.1,-0.2,2015MM01,90.5
63935,A4,348000,63935,-0.1,0.0,2015MM02,90.5
63936,A4,348000,63936,-0.1,0.0,2015MM03,90.5
63937,A4,348000,63937,-0.1,0.0,2015MM04,90.5
63938,A4,348000,63938,-0.1,0.0,2015MM05,90.5
63939,A4,348000,63939,-0.1,0.0,2015MM06,90.5
63940,A4,348000,63940,-0.1,0.0,2015MM07,90.5
63941,A4,348000,63941,-0.1,0.0,2015MM08,90.5
63942,A4,348000,63942,-0.1,0.0,2015MM09,90.5
63943,A4,348000,63943,-0.1,0.0,2015MM10,90.5
63944,A4,348000,63944,-0.2,0.0,2015MM11,90.5
63945,A4,348000,63945,-0.2,0.0,2015MM12,90.5
63947,A4,348000,63947,-0.4,-0.4,2016MM01,90.1
63948,A4,348000,63948,-0.4,0.0,2016MM02,90.1
63949,A4,348000,63949,-0.7,-0.3,2016MM03,89.9
63950,A4,348000,63950,-0.7,0.0,2016MM04,89.9
63951,A4,348000,63951,-0.7,0.0,2016MM05,89.9
63952,A4,348000,63952,-0.7,0.0,2016MM06,89.9
63953,A4,348000,63953,-0.7,0.0,2016MM07,89.9
63954,A4,348000,63954,-0.7,0.0,2016MM08,89.9
63955,A4,348000,63955,-0.7,0.0,2016MM09,89.9
63956,A4,348000,63956,-0.7,0.0,2016MM10,89.9
63957,A4,348000,63957,-0.7,0.0,2016MM11,89.9
63958,A4,348000,63958,-0.7,0.0,2016MM12,89.9
63960,A4,348000,63960,-0.2,0.1,2017MM01,90.0
63961,A4,348000,63961,-0.2,0.0,2017MM02,90.0
63962,A4,348000,63962,0.1,0.0,2017MM03,90.0
63963,A4,348000,63963,0.1,0.0,2017MM04,90.0
63964,A4,348000,63964,0.1,0.0,2017MM05,90.0
63965,A4,348000,63965,0.1,0.0,2017MM06,90.0
63966,A4,348000,63966,0.1,0.0,2017MM07,90.0
63967,A4,348000,63967,0.1,0.0,2017MM08,90.0
63968,A4,348000,63968,0.1,0.0,2017MM09,90.0
63969,A4,348000,63969,0.1,0.0,2017MM10,90.0
63970,A4,348000,63970,0.1,0.0,2017MM11,90.0
63971,A4,348000,63971,0.1,0.0,2017MM12,90.0
