,Afzet,BedrijfstakkenBranchesSBI2008,ID,OntwikkelingTOV1JaarEerder_2,OntwikkelingTOV1MaandEerder_3,Perioden,ProducentenprijsindexPPI_1
95719,A5,348000,95719,0.1,0.0,1981MM01,90.0
95720,A5,348000,95720,0.1,0.0,1981MM02,90.0
95721,A5,348000,95721,0.1,0.0,1981MM03,90.0
95722,A5,348000,95722,0.1,0.0,1981MM04,90.0
95723,A5,348000,95723,0.1,0.0,1981MM05,90.0
95724,A5,348000,95724,0.1,0.0,1981MM06,90.0
95725,A5,348000,95725,0.1,0.0,1981MM07,90.0
95726,A5,348000,95726,0.1,0.0,1981MM08,90.0
95727,A5,348000,95727,0.1,0.0,1981MM09,90.0
95728,A5,348000,95728,0.1,0.0,1981MM10,90.0
95729,A5,348000,95729,0.1,0.0,1981MM11,90.0
95730,A5,348000,95730,0.1,0.0,1981MM12,90.0
95732,A5,348000,95732,0.1,0.0,1982MM01,90.0
95733,A5,348000,95733,0.1,0.0,1982MM02,90.0
95734,A5,348000,95734,0.1,0.0,1982MM03,90.0
95735,A5,348000,95735,0.1,0.0,1982MM04,90.0
95736,A5,348000,95736,0.1,0.0,1982MM05,90.0
95737,A5,348000,95737,0.1,0.0,1982MM06,90.0
95738,A5,348000,95738,0.1,0.0,1982MM07,90.0
95739,A5,348000,95739,0.1,0.0,1982MM08,90.0
95740,A5,348000,95740,0.1,0.0,1982MM09,90.0
95741,A5,348000,95741,0.1,0.0,1982MM10,90.0
95742,A5,348000,95742,0.1,0.0,1982MM11,90.0
95743,A5,348000,95743,0.1,0.0,1982MM12,90.0
95745,A5,348000,95745,0.1,0.0,1983MM01,90.0
95746,A5,348000,95746,0.1,0.0,1983MM02,90.0
95747,A5,348000,95747,0.1,0.0,1983MM03,90.0
95748,A5,348000,95748,0.1,0.0,1983MM04,90.0
95749,A5,348000,95749,0.1,0.0,1983MM05,90.0
95750,A5,348000,95750,0.1,0.0,1983MM06,90.0
95751,A5,348000,95751,0.1,0.0,1983MM07,90.0
95752,A5,348000,95752,0.1,0.0,1983MM08,90.0
95753,A5,348000,95753,0.1,0.0,1983MM09,90.0
95754,A5,348000,95754,0.1,0.0,1983MM10,90.0
95755,A5,348000,95755,0.1,0.0,1983MM11,90.0
95756,A5,348000,95756,0.1,0.0,1983MM12,90.0
95758,A5,348000,95758,0.1,0.0,1984MM01,90.0
95759,A5,348000,95759,0.1,0.0,1984MM02,90.0
95760,A5,348000,95760,0.1,0.0,1984MM03,90.0
95761,A5,348000,95761,0.1,0.0,1984MM04,90.0
95762,A5,348000,95762,0.1,0.0,1984MM05,90.0
95763,A5,348000,95763,0.1,0.0,1984MM06,90.0
95764,A5,348000,95764,0.1,0.0,1984MM07,90.0
95765,A5,348000,95765,0.1,0.0,1984MM08,90.0
95766,A5,348000,95766,0.1,0.0,1984MM09,90.0
95767,A5,348000,95767,0.1,0.0,1984MM10,90.0
95768,A5,348000,95768,0.1,0.0,1984MM11,90.0
95769,A5,348000,95769,0.1,0.0,1984MM12,90.0
95771,A5,348000,95771,0.1,0.0,1985MM01,90.0
95772,A5,348000,95772,0.1,0.0,1985MM02,90.0
95773,A5,348000,95773,0.1,0.0,1985MM03,90.0
95774,A5,348000,95774,0.1,0.0,1985MM04,90.0
95775,A5,348000,95775,0.1,0.0,1985MM05,90.0
95776,A5,348000,95776,0.1,0.0,1985MM06,90.0
95777,A5,348000,95777,0.1,0.0,1985MM07,90.0
95778,A5,348000,95778,0.1,0.0,1985MM08,90.0
95779,A5,348000,95779,0.1,0.0,1985MM09,90.0
95780,A5,348000,95780,0.1,0.0,1985MM10,90.0
95781,A5,348000,95781,0.1,0.0,1985MM11,90.0
95782,A5,348000,95782,0.1,0.0,1985MM12,90.0
95784,A5,348000,95784,0.1,0.0,1986MM01,90.0
95785,A5,348000,95785,0.1,0.0,1986MM02,90.0
95786,A5,348000,95786,0.1,0.0,1986MM03,90.0
95787,A5,348000,95787,0.1,0.0,1986MM04,90.0
95788,A5,348000,95788,0.1,0.0,1986MM05,90.0
95789,A5,348000,95789,0.1,0.0,1986MM06,90.0
95790,A5,348000,95790,0.1,0.0,1986MM07,90.0
95791,A5,348000,95791,0.1,0.0,1986MM08,90.0
95792,A5,348000,95792,0.1,0.0,1986MM09,90.0
95793,A5,348000,95793,0.1,0.0,1986MM10,90.0
95794,A5,348000,95794,0.1,0.0,1986MM11,90.0
95795,A5,348000,95795,0.1,0.0,1986MM12,90.0
95797,A5,348000,95797,0.1,0.0,1987MM01,90.0
95798,A5,348000,95798,0.1,0.0,1987MM02,90.0
95799,A5,348000,95799,0.1,0.0,1987MM03,90.0
95800,A5,348000,95800,0.1,0.0,1987MM04,90.0
95801,A5,348000,95801,0.1,0.0,1987MM05,90.0
95802,A5,348000,95802,0.1,0.0,1987MM06,90.0
95803,A5,348000,95803,0.1,0.0,1987MM07,90.0
95804,A5,348000,95804,0.1,0.0,1987MM08,90.0
95805,A5,348000,95805,0.1,0.0,1987MM09,90.0
95806,A5,348000,95806,0.1,0.0,1987MM10,90.0
95807,A5,348000,95807,0.1,0.0,1987MM11,90.0
95808,A5,348000,95808,0.1,0.0,1987MM12,90.0
95810,A5,348000,95810,0.1,0.0,1988MM01,90.0
95811,A5,348000,95811,0.1,0.0,1988MM02,90.0
95812,A5,348000,95812,0.1,0.0,1988MM03,90.0
95813,A5,348000,95813,0.1,0.0,1988MM04,90.0
95814,A5,348000,95814,0.1,0.0,1988MM05,90.0
95815,A5,348000,95815,0.1,0.0,1988MM06,90.0
95816,A5,348000,95816,0.1,0.0,1988MM07,90.0
95817,A5,348000,95817,0.1,0.0,1988MM08,90.0
95818,A5,348000,95818,0.1,0.0,1988MM09,90.0
95819,A5,348000,95819,0.1,0.0,1988MM10,90.0
95820,A5,348000,95820,0.1,0.0,1988MM11,90.0
95821,A5,348000,95821,0.1,0.0,1988MM12,90.0
95823,A5,348000,95823,0.1,0.0,1989MM01,90.0
95824,A5,348000,95824,0.1,0.0,1989MM02,90.0
95825,A5,348000,95825,0.1,0.0,1989MM03,90.0
95826,A5,348000,95826,0.1,0.0,1989MM04,90.0
95827,A5,348000,95827,0.1,0.0,1989MM05,90.0
95828,A5,348000,95828,0.1,0.0,1989MM06,90.0
95829,A5,348000,95829,0.1,0.0,1989MM07,90.0
95830,A5,348000,95830,0.1,0.0,1989MM08,90.0
95831,A5,348000,95831,0.1,0.0,1989MM09,90.0
95832,A5,348000,95832,0.1,0.0,1989MM10,90.0
95833,A5,348000,95833,0.1,0.0,1989MM11,90.0
95834,A5,348000,95834,0.1,0.0,1989MM12,90.0
95836,A5,348000,95836,0.1,0.0,1990MM01,90.0
95837,A5,348000,95837,0.1,0.0,1990MM02,90.0
95838,A5,348000,95838,0.1,0.0,1990MM03,90.0
95839,A5,348000,95839,0.1,0.0,1990MM04,90.0
95840,A5,348000,95840,0.1,0.0,1990MM05,90.0
95841,A5,348000,95841,0.1,0.0,1990MM06,90.0
95842,A5,348000,95842,0.1,0.0,1990MM07,90.0
95843,A5,348000,95843,0.1,0.0,1990MM08,90.0
95844,A5,348000,95844,0.1,0.0,1990MM09,90.0
95845,A5,348000,95845,0.1,0.0,1990MM10,90.0
95846,A5,348000,95846,0.1,0.0,1990MM11,90.0
95847,A5,348000,95847,0.1,0.0,1990MM12,90.0
95849,A5,348000,95849,0.1,0.0,1991MM01,90.0
95850,A5,348000,95850,0.1,0.0,1991MM02,90.0
95851,A5,348000,95851,0.1,0.0,1991MM03,90.0
95852,A5,348000,95852,0.1,0.0,1991MM04,90.0
95853,A5,348000,95853,0.1,0.0,1991MM05,90.0
95854,A5,348000,95854,0.1,0.0,1991MM06,90.0
95855,A5,348000,95855,0.1,0.0,1991MM07,90.0
95856,A5,348000,95856,0.1,0.0,1991MM08,90.0
95857,A5,348000,95857,0.1,0.0,1991MM09,90.0
95858,A5,348000,95858,0.1,0.0,1991MM10,90.0
95859,A5,348000,95859,0.1,0.0,1991MM11,90.0
95860,A5,348000,95860,0.1,0.0,1991MM12,90.0
95862,A5,348000,95862,0.1,0.0,1992MM01,90.0
95863,A5,348000,95863,0.1,0.0,1992MM02,90.0
95864,A5,348000,95864,0.1,0.0,1992MM03,90.0
95865,A5,348000,95865,0.1,0.0,1992MM04,90.0
95866,A5,348000,95866,0.1,0.0,1992MM05,90.0
95867,A5,348000,95867,0.1,0.0,1992MM06,90.0
95868,A5,348000,95868,0.1,0.0,1992MM07,90.0
95869,A5,348000,95869,0.1,0.0,1992MM08,90.0
95870,A5,348000,95870,0.1,0.0,1992MM09,90.0
95871,A5,348000,95871,0.1,0.0,1992MM10,90.0
95872,A5,348000,95872,0.1,0.0,1992MM11,90.0
95873,A5,348000,95873,0.1,0.0,1992MM12,90.0
95875,A5,348000,95875,0.1,0.0,1993MM01,90.0
95876,A5,348000,95876,0.1,0.0,1993MM02,90.0
95877,A5,348000,95877,0.1,0.0,1993MM03,90.0
95878,A5,348000,95878,0.1,0.0,1993MM04,90.0
95879,A5,348000,95879,0.1,0.0,1993MM05,90.0
95880,A5,348000,95880,0.1,0.0,1993MM06,90.0
95881,A5,348000,95881,0.1,0.0,1993MM07,90.0
95882,A5,348000,95882,0.1,0.0,1993MM08,90.0
95883,A5,348000,95883,0.1,0.0,1993MM09,90.0
95884,A5,348000,95884,0.1,0.0,1993MM10,90.0
95885,A5,348000,95885,0.1,0.0,1993MM11,90.0
95886,A5,348000,95886,0.1,0.0,1993MM12,90.0
95888,A5,348000,95888,0.1,0.0,1994MM01,90.0
95889,A5,348000,95889,0.1,0.0,1994MM02,90.0
95890,A5,348000,95890,0.1,0.0,1994MM03,90.0
95891,A5,348000,95891,0.1,0.0,1994MM04,90.0
95892,A5,348000,95892,0.1,0.0,1994MM05,90.0
95893,A5,348000,95893,0.1,0.0,1994MM06,90.0
95894,A5,348000,95894,0.1,0.0,1994MM07,90.0
95895,A5,348000,95895,0.1,0.0,1994MM08,90.0
95896,A5,348000,95896,0.1,0.0,1994MM09,90.0
95897,A5,348000,95897,0.1,0.0,1994MM10,90.0
95898,A5,348000,95898,0.1,0.0,1994MM11,90.0
95899,A5,348000,95899,0.1,0.0,1994MM12,90.0
95901,A5,348000,95901,0.1,0.0,1995MM01,90.0
95902,A5,348000,95902,0.1,0.0,1995MM02,90.0
95903,A5,348000,95903,0.1,0.0,1995MM03,90.0
95904,A5,348000,95904,0.1,0.0,1995MM04,90.0
95905,A5,348000,95905,0.1,0.0,1995MM05,90.0
95906,A5,348000,95906,0.1,0.0,1995MM06,90.0
95907,A5,348000,95907,0.1,0.0,1995MM07,90.0
95908,A5,348000,95908,0.1,0.0,1995MM08,90.0
95909,A5,348000,95909,0.1,0.0,1995MM09,90.0
95910,A5,348000,95910,0.1,0.0,1995MM10,90.0
95911,A5,348000,95911,0.1,0.0,1995MM11,90.0
95912,A5,348000,95912,0.1,0.0,1995MM12,90.0
95914,A5,348000,95914,0.1,0.0,1996MM01,90.0
95915,A5,348000,95915,0.1,0.0,1996MM02,90.0
95916,A5,348000,95916,0.1,0.0,1996MM03,90.0
95917,A5,348000,95917,0.1,0.0,1996MM04,90.0
95918,A5,348000,95918,0.1,0.0,1996MM05,90.0
95919,A5,348000,95919,0.1,0.0,1996MM06,90.0
95920,A5,348000,95920,0.1,0.0,1996MM07,90.0
95921,A5,348000,95921,0.1,0.0,1996MM08,90.0
95922,A5,348000,95922,0.1,0.0,1996MM09,90.0
95923,A5,348000,95923,0.1,0.0,1996MM10,90.0
95924,A5,348000,95924,0.1,0.0,1996MM11,90.0
95925,A5,348000,95925,0.1,0.0,1996MM12,90.0
95927,A5,348000,95927,0.1,0.0,1997MM01,90.0
95928,A5,348000,95928,0.1,0.0,1997MM02,90.0
95929,A5,348000,95929,0.1,0.0,1997MM03,90.0
95930,A5,348000,95930,0.1,0.0,1997MM04,90.0
95931,A5,348000,95931,0.1,0.0,1997MM05,90.0
95932,A5,348000,95932,0.1,0.0,1997MM06,90.0
95933,A5,348000,95933,0.1,0.0,1997MM07,90.0
95934,A5,348000,95934,0.1,0.0,1997MM08,90.0
95935,A5,348000,95935,0.1,0.0,1997MM09,90.0
95936,A5,348000,95936,0.1,0.0,1997MM10,90.0
95937,A5,348000,95937,0.1,0.0,1997MM11,90.0
95938,A5,348000,95938,0.1,0.0,1997MM12,90.0
95940,A5,348000,95940,0.1,0.0,1998MM01,90.0
95941,A5,348000,95941,0.1,0.0,1998MM02,90.0
95942,A5,348000,95942,0.1,0.0,1998MM03,90.0
95943,A5,348000,95943,0.1,0.0,1998MM04,90.0
95944,A5,348000,95944,0.1,0.0,1998MM05,90.0
95945,A5,348000,95945,0.1,0.0,1998MM06,90.0
95946,A5,348000,95946,0.1,0.0,1998MM07,90.0
95947,A5,348000,95947,0.1,0.0,1998MM08,90.0
95948,A5,348000,95948,0.1,0.0,1998MM09,90.0
95949,A5,348000,95949,0.1,0.0,1998MM10,90.0
95950,A5,348000,95950,0.1,0.0,1998MM11,90.0
95951,A5,348000,95951,0.1,0.0,1998MM12,90.0
95953,A5,348000,95953,0.1,0.0,1999MM01,90.0
95954,A5,348000,95954,0.1,0.0,1999MM02,90.0
95955,A5,348000,95955,0.1,0.0,1999MM03,90.0
95956,A5,348000,95956,0.1,0.0,1999MM04,90.0
95957,A5,348000,95957,0.1,0.0,1999MM05,90.0
95958,A5,348000,95958,0.1,0.0,1999MM06,90.0
95959,A5,348000,95959,0.1,0.0,1999MM07,90.0
95960,A5,348000,95960,0.1,0.0,1999MM08,90.0
95961,A5,348000,95961,0.1,0.0,1999MM09,90.0
95962,A5,348000,95962,0.1,0.0,1999MM10,90.0
95963,A5,348000,95963,0.1,0.0,1999MM11,90.0
95964,A5,348000,95964,0.1,0.0,1999MM12,90.0
95966,A5,348000,95966,0.1,0.0,2000MM01,90.0
95967,A5,348000,95967,0.1,0.0,2000MM02,90.0
95968,A5,348000,95968,0.1,0.0,2000MM03,90.0
95969,A5,348000,95969,0.1,0.0,2000MM04,90.0
95970,A5,348000,95970,0.1,0.0,2000MM05,90.0
95971,A5,348000,95971,0.1,0.0,2000MM06,90.0
95972,A5,348000,95972,0.1,0.0,2000MM07,90.0
95973,A5,348000,95973,0.1,0.0,2000MM08,90.0
95974,A5,348000,95974,0.1,0.0,2000MM09,90.0
95975,A5,348000,95975,0.1,0.0,2000MM10,90.0
95976,A5,348000,95976,0.1,0.0,2000MM11,90.0
95977,A5,348000,95977,0.1,0.0,2000MM12,90.0
95979,A5,348000,95979,0.1,0.0,2001MM01,90.0
95980,A5,348000,95980,0.1,0.0,2001MM02,90.0
95981,A5,348000,95981,0.1,0.0,2001MM03,90.0
95982,A5,348000,95982,0.1,0.0,2001MM04,90.0
95983,A5,348000,95983,0.1,0.0,2001MM05,90.0
95984,A5,348000,95984,0.1,0.0,2001MM06,90.0
95985,A5,348000,95985,0.1,0.0,2001MM07,90.0
95986,A5,348000,95986,0.1,0.0,2001MM08,90.0
95987,A5,348000,95987,0.1,0.0,2001MM09,90.0
95988,A5,348000,95988,0.1,0.0,2001MM10,90.0
95989,A5,348000,95989,0.1,0.0,2001MM11,90.0
95990,A5,348000,95990,0.1,0.0,2001MM12,90.0
95992,A5,348000,95992,0.1,0.0,2002MM01,90.0
95993,A5,348000,95993,0.1,0.0,2002MM02,90.0
95994,A5,348000,95994,0.1,0.0,2002MM03,90.0
95995,A5,348000,95995,0.1,0.0,2002MM04,90.0
95996,A5,348000,95996,0.1,0.0,2002MM05,90.0
95997,A5,348000,95997,0.1,0.0,2002MM06,90.0
95998,A5,348000,95998,0.1,0.0,2002MM07,90.0
95999,A5,348000,95999,0.1,0.0,2002MM08,90.0
96000,A5,348000,96000,0.1,0.0,2002MM09,90.0
96001,A5,348000,96001,0.1,0.0,2002MM10,90.0
96002,A5,348000,96002,0.1,0.0,2002MM11,90.0
96003,A5,348000,96003,0.1,0.0,2002MM12,90.0
96005,A5,348000,96005,0.1,0.0,2003MM01,90.0
96006,A5,348000,96006,0.1,0.0,2003MM02,90.0
96007,A5,348000,96007,0.1,0.0,2003MM03,90.0
96008,A5,348000,96008,0.1,0.0,2003MM04,90.0
96009,A5,348000,96009,0.1,0.0,2003MM05,90.0
96010,A5,348000,96010,0.1,0.0,2003MM06,90.0
96011,A5,348000,96011,0.1,0.0,2003MM07,90.0
96012,A5,348000,96012,0.1,0.0,2003MM08,90.0
96013,A5,348000,96013,0.1,0.0,2003MM09,90.0
96014,A5,348000,96014,0.1,0.0,2003MM10,90.0
96015,A5,348000,96015,0.1,0.0,2003MM11,90.0
96016,A5,348000,96016,0.1,0.0,2003MM12,90.0
96018,A5,348000,96018,0.1,0.0,2004MM01,90.0
96019,A5,348000,96019,0.1,0.0,2004MM02,90.0
96020,A5,348000,96020,0.1,0.0,2004MM03,90.0
96021,A5,348000,96021,0.1,0.0,2004MM04,90.0
96022,A5,348000,96022,0.1,0.0,2004MM05,90.0
96023,A5,348000,96023,0.1,0.0,2004MM06,90.0
96024,A5,348000,96024,0.1,0.0,2004MM07,90.0
96025,A5,348000,96025,0.1,0.0,2004MM08,90.0
96026,A5,348000,96026,0.1,0.0,2004MM09,90.0
96027,A5,348000,96027,0.1,0.0,2004MM10,90.0
96028,A5,348000,96028,0.1,0.0,2004MM11,90.0
96029,A5,348000,96029,0.1,0.0,2004MM12,90.0
96031,A5,348000,96031,0.1,0.0,2005MM01,90.0
96032,A5,348000,96032,0.1,0.0,2005MM02,90.0
96033,A5,348000,96033,0.1,0.0,2005MM03,90.0
96034,A5,348000,96034,0.1,0.0,2005MM04,90.0
96035,A5,348000,96035,0.1,0.0,2005MM05,90.0
96036,A5,348000,96036,0.1,0.0,2005MM06,90.0
96037,A5,348000,96037,0.1,0.0,2005MM07,90.0
96038,A5,348000,96038,0.1,0.0,2005MM08,90.0
96039,A5,348000,96039,0.1,0.0,2005MM09,90.0
96040,A5,348000,96040,0.1,0.0,2005MM10,90.0
96041,A5,348000,96041,0.1,0.0,2005MM11,90.0
96042,A5,348000,96042,0.1,0.0,2005MM12,90.0
96044,A5,348000,96044,0.1,0.0,2006MM01,90.0
96045,A5,348000,96045,0.1,0.0,2006MM02,90.0
96046,A5,348000,96046,0.1,0.0,2006MM03,90.0
96047,A5,348000,96047,0.1,0.0,2006MM04,90.0
96048,A5,348000,96048,0.1,0.0,2006MM05,90.0
96049,A5,348000,96049,0.1,0.0,2006MM06,90.0
96050,A5,348000,96050,0.1,0.0,2006MM07,90.0
96051,A5,348000,96051,0.1,0.0,2006MM08,90.0
96052,A5,348000,96052,0.1,0.0,2006MM09,90.0
96053,A5,348000,96053,0.1,0.0,2006MM10,90.0
96054,A5,348000,96054,0.1,0.0,2006MM11,90.0
96055,A5,348000,96055,0.1,0.0,2006MM12,90.0
96057,A5,348000,96057,0.1,0.0,2007MM01,90.0
96058,A5,348000,96058,0.1,0.0,2007MM02,90.0
96059,A5,348000,96059,0.1,0.0,2007MM03,90.0
96060,A5,348000,96060,0.1,0.0,2007MM04,90.0
96061,A5,348000,96061,0.1,0.0,2007MM05,90.0
96062,A5,348000,96062,0.1,0.0,2007MM06,90.0
96063,A5,348000,96063,0.1,0.0,2007MM07,90.0
96064,A5,348000,96064,0.1,0.0,2007MM08,90.0
96065,A5,348000,96065,0.1,0.0,2007MM09,90.0
96066,A5,348000,96066,0.1,0.0,2007MM10,90.0
96067,A5,348000,96067,0.1,0.0,2007MM11,90.0
96068,A5,348000,96068,0.1,0.0,2007MM12,90.0
96070,A5,348000,96070,0.1,0.0,2008MM01,90.0
96071,A5,348000,96071,0.1,0.0,2008MM02,90.0
96072,A5,348000,96072,0.1,0.0,2008MM03,90.0
96073,A5,348000,96073,0.1,0.0,2008MM04,90.0
96074,A5,348000,96074,0.1,0.0,2008MM05,90.0
96075,A5,348000,96075,0.1,0.0,2008MM06,90.0
96076,A5,348000,96076,0.1,0.0,2008MM07,90.0
96077,A5,348000,96077,0.1,0.0,2008MM08,90.0
96078,A5,348000,96078,0.1,0.0,2008MM09,90.0
96079,A5,348000,96079,0.1,0.0,2008MM10,90.0
96080,A5,348000,96080,0.1,0.0,2008MM11,90.0
96081,A5,348000,96081,0.1,0.0,2008MM12,90.0
96083,A5,348000,96083,0.1,0.0,2009MM01,90.0
96084,A5,348000,96084,0.1,0.0,2009MM02,90.0
96085,A5,348000,96085,0.1,0.0,2009MM03,90.0
96086,A5,348000,96086,0.1,0.0,2009MM04,90.0
96087,A5,348000,96087,0.1,0.0,2009MM05,90.0
96088,A5,348000,96088,0.1,0.0,2009MM06,90.0
96089,A5,348000,96089,0.1,0.0,2009MM07,90.0
96090,A5,348000,96090,0.1,0.0,2009MM08,90.0
96091,A5,348000,96091,0.1,0.0,2009MM09,90.0
96092,A5,348000,96092,0.1,0.0,2009MM10,90.0
96093,A5,348000,96093,0.1,0.0,2009MM11,90.0
96094,A5,348000,96094,0.1,0.0,2009MM12,90.0
96096,A5,348000,96096,0.1,0.0,2010MM01,90.0
96097,A5,348000,96097,0.1,0.0,2010MM02,90.0
96098,A5,348000,96098,0.1,0.0,2010MM03,90.0
96099,A5,348000,96099,0.1,0.0,2010MM04,90.0
96100,A5,348000,96100,0.1,0.0,2010MM05,90.0
96101,A5,348000,96101,0.1,0.0,2010MM06,90.0
96102,A5,348000,96102,0.1,0.0,2010MM07,90.0
96103,A5,348000,96103,0.1,0.0,2010MM08,90.0
96104,A5,348000,96104,0.1,0.0,2010MM09,90.0
96105,A5,348000,96105,0.1,0.0,2010MM10,90.0
96106,A5,348000,96106,0.1,0.0,2010MM11,90.0
96107,A5,348000,96107,0.1,0.0,2010MM12,90.0
96109,A5,348000,96109,0.1,0.0,2011MM01,90.0
96110,A5,348000,96110,0.1,0.0,2011MM02,90.0
96111,A5,348000,96111,0.1,0.0,2011MM03,90.0
96112,A5,348000,96112,0.1,0.0,2011MM04,90.0
96113,A5,348000,96113,0.1,0.0,2011MM05,90.0
96114,A5,348000,96114,0.1,0.0,2011MM06,90.0
96115,A5,348000,96115,0.1,0.0,2011MM07,90.0
96116,A5,348000,96116,0.1,0.0,2011MM08,90.0
96117,A5,348000,96117,0.1,0.0,2011MM09,90.0
96118,A5,348000,96118,0.1,0.0,2011MM10,90.0
96119,A5,348000,96119,0.1,0.0,2011MM11,90.0
96120,A5,348000,96120,0.1,0.0,2011MM12,90.0
96122,A5,348000,96122,0.1,0.0,2012MM01,90.0
96123,A5,348000,96123,0.1,0.0,2012MM02,90.0
96124,A5,348000,96124,0.1,0.0,2012MM03,90.0
96125,A5,348000,96125,0.1,0.0,2012MM04,90.0
96126,A5,348000,96126,0.1,0.0,2012MM05,90.0
96127,A5,348000,96127,0.1,0.0,2012MM06,90.0
96128,A5,348000,96128,0.1,0.0,2012MM07,90.0
96129,A5,348000,96129,0.1,0.0,2012MM08,90.0
96130,A5,348000,96130,0.1,0.0,2012MM09,90.0
96131,A5,348000,96131,0.1,0.0,2012MM10,90.0
96132,A5,348000,96132,0.1,0.0,2012MM11,90.0
96133,A5,348000,96133,0.1,0.0,2012MM12,90.0
96135,A5,348000,96135,0.1,0.0,2013MM01,90.0
96136,A5,348000,96136,0.1,0.0,2013MM02,90.0
96137,A5,348000,96137,0.1,0.0,2013MM03,90.0
96138,A5,348000,96138,0.1,0.0,2013MM04,90.0
96139,A5,348000,96139,0.1,0.0,2013MM05,90.0
96140,A5,348000,96140,0.1,0.0,2013MM06,90.0
96141,A5,348000,96141,0.1,0.0,2013MM07,90.0
96142,A5,348000,96142,0.1,0.0,2013MM08,90.0
96143,A5,348000,96143,0.1,0.0,2013MM09,90.0
96144,A5,348000,96144,0.1,0.0,2013MM10,90.0
96145,A5,348000,96145,0.1,0.0,2013MM11,90.0
96146,A5,348000,96146,0.1,0.0,2013MM12,90.0
96148,A5,348000,96148,0.1,0.0,2014MM01,90.0
96149,A5,348000,96149,0.1,0.0,2014MM02,90.0
96150,A5,348000,96150,0.1,0.0,2014MM03,90.0
96151,A5,348000,96151,0.1,0.0,2014MM04,90.0
96152,A5,348000,96152,0.1,0.0,2014MM05,90.0
96153,A5,348000,96153,0.1,0.0,2014MM06,90.0
96154,A5,348000,96154,0.1,0.0,2014MM07,90.0
96155,A5,348000,96155,0.1,0.0,2014MM08,90.0
96156,A5,348000,96156,0.1,0.0,2014MM09,90.0
96157,A5,348000,96157,0.1,0.0,2014MM10,90.0
96158,A5,348000,96158,0.1,0.0,2014MM11,90.0
96159,A5,348000,96159,0.1,0.0,2014MM12,90.0
96161,A5,348000,96161,0.1,0.0,2015MM01,90.0
96162,A5,348000,96162,0.1,0.0,2015MM02,90.0
96163,A5,348000,96163,0.1,0.0,2015MM03,90.0
96164,A5,348000,96164,0.1,0.0,2015MM04,90.0
96165,A5,348000,96165,0.1,0.0,2015MM05,90.0
96166,A5,348000,96166,0.1,0.0,2015MM06,90.0
96167,A5,348000,96167,0.1,0.0,2015MM07,90.0
96168,A5,348000,96168,0.1,0.0,2015MM08,90.0
96169,A5,348000,96169,0.1,0.0,2015MM09,90.0
96170,A5,348000,96170,0.1,0.0,2015MM10,90.0
96171,A5,348000,96171,0.1,0.0,2015MM11,90.0
96172,A5,348000,96172,0.1,0.0,2015MM12,90.0
96174,A5,348000,96174,0.1,0.0,2016MM01,90.0
96175,A5,348000,96175,0.1,0.0,2016MM02,90.0
96176,A5,348000,96176,0.1,0.0,2016MM03,90.0
96177,A5,348000,96177,0.1,0.0,2016MM04,90.0
96178,A5,348000,96178,0.1,0.0,2016MM05,90.0
96179,A5,348000,96179,0.1,0.0,2016MM06,90.0
96180,A5,348000,96180,0.1,0.0,2016MM07,90.0
96181,A5,348000,96181,0.1,0.0,2016MM08,90.0
96182,A5,348000,96182,0.1,0.0,2016MM09,90.0
96183,A5,348000,96183,0.1,0.0,2016MM10,90.0
96184,A5,348000,96184,0.1,0.0,2016MM11,90.0
96185,A5,348000,96185,0.1,0.0,2016MM12,90.0
96187,A5,348000,96187,0.1,0.0,2017MM01,90.0
96188,A5,348000,96188,0.1,0.0,2017MM02,90.0
96189,A5,348000,96189,0.1,0.0,2017MM03,90.0
96190,A5,348000,96190,0.1,0.0,2017MM04,90.0
96191,A5,348000,96191,0.1,0.0,2017MM05,90.0
96192,A5,348000,96192,0.1,0.0,2017MM06,90.0
96193,A5,348000,96193,0.1,0.0,2017MM07,90.0
96194,A5,348000,96194,0.1,0.0,2017MM08,90.0
96195,A5,348000,96195,0.1,0.0,2017MM09,90.0
96196,A5,348000,96196,0.1,0.0,2017MM10,90.0
96197,A5,348000,96197,0.1,0.0,2017MM11,90.0
96198,A5,348000,96198,0.1,0.0,2017MM12,90.0
