,Afzet,BedrijfstakkenBranchesSBI2008,ID,OntwikkelingTOV1JaarEerder_2,OntwikkelingTOV1MaandEerder_3,Perioden,ProducentenprijsindexPPI_1
96200,A5,348100,96200,0.1,0.0,1981MM01,90.0
96201,A5,348100,96201,0.1,0.0,1981MM02,90.0
96202,A5,348100,96202,0.1,0.0,1981MM03,90.0
96203,A5,348100,96203,0.1,0.0,1981MM04,90.0
96204,A5,348100,96204,0.1,0.0,1981MM05,90.0
96205,A5,348100,96205,0.1,0.0,1981MM06,90.0
96206,A5,348100,96206,0.1,0.0,1981MM07,90.0
96207,A5,348100,96207,0.1,0.0,1981MM08,90.0
96208,A5,348100,96208,0.1,0.0,1981MM09,90.0
96209,A5,348100,96209,0.1,0.0,1981MM10,90.0
96210,A5,348100,96210,0.1,0.0,1981MM11,90.0
96211,A5,348100,96211,0.1,0.0,1981MM12,90.0
96213,A5,348100,96213,0.1,0.0,1982MM01,90.0
96214,A5,348100,96214,0.1,0.0,1982MM02,90.0
96215,A5,348100,96215,0.1,0.0,1982MM03,90.0
96216,A5,348100,96216,0.1,0.0,1982MM04,90.0
96217,A5,348100,96217,0.1,0.0,1982MM05,90.0
96218,A5,348100,96218,0.1,0.0,1982MM06,90.0
96219,A5,348100,96219,0.1,0.0,1982MM07,90.0
96220,A5,348100,96220,0.1,0.0,1982MM08,90.0
96221,A5,348100,96221,0.1,0.0,1982MM09,90.0
96222,A5,348100,96222,0.1,0.0,1982MM10,90.0
96223,A5,348100,96223,0.1,0.0,1982MM11,90.0
96224,A5,348100,96224,0.1,0.0,1982MM12,90.0
96226,A5,348100,96226,0.1,0.0,1983MM01,90.0
96227,A5,348100,96227,0.1,0.0,1983MM02,90.0
96228,A5,348100,96228,0.1,0.0,1983MM03,90.0
96229,A5,348100,96229,0.1,0.0,1983MM04,90.0
96230,A5,348100,96230,0.1,0.0,1983MM05,90.0
96231,A5,348100,96231,0.1,0.0,1983MM06,90.0
96232,A5,348100,96232,0.1,0.0,1983MM07,90.0
96233,A5,348100,96233,0.1,0.0,1983MM08,90.0
96234,A5,348100,96234,0.1,0.0,1983MM09,90.0
96235,A5,348100,96235,0.1,0.0,1983MM10,90.0
96236,A5,348100,96236,0.1,0.0,1983MM11,90.0
96237,A5,348100,96237,0.1,0.0,1983MM12,90.0
96239,A5,348100,96239,0.1,0.0,1984MM01,90.0
96240,A5,348100,96240,0.1,0.0,1984MM02,90.0
96241,A5,348100,96241,0.1,0.0,1984MM03,90.0
96242,A5,348100,96242,0.1,0.0,1984MM04,90.0
96243,A5,348100,96243,0.1,0.0,1984MM05,90.0
96244,A5,348100,96244,0.1,0.0,1984MM06,90.0
96245,A5,348100,96245,0.1,0.0,1984MM07,90.0
96246,A5,348100,96246,0.1,0.0,1984MM08,90.0
96247,A5,348100,96247,0.1,0.0,1984MM09,90.0
96248,A5,348100,96248,0.1,0.0,1984MM10,90.0
96249,A5,348100,96249,0.1,0.0,1984MM11,90.0
96250,A5,348100,96250,0.1,0.0,1984MM12,90.0
96252,A5,348100,96252,0.1,0.0,1985MM01,90.0
96253,A5,348100,96253,0.1,0.0,1985MM02,90.0
96254,A5,348100,96254,0.1,0.0,1985MM03,90.0
96255,A5,348100,96255,0.1,0.0,1985MM04,90.0
96256,A5,348100,96256,0.1,0.0,1985MM05,90.0
96257,A5,348100,96257,0.1,0.0,1985MM06,90.0
96258,A5,348100,96258,0.1,0.0,1985MM07,90.0
96259,A5,348100,96259,0.1,0.0,1985MM08,90.0
96260,A5,348100,96260,0.1,0.0,1985MM09,90.0
96261,A5,348100,96261,0.1,0.0,1985MM10,90.0
96262,A5,348100,96262,0.1,0.0,1985MM11,90.0
96263,A5,348100,96263,0.1,0.0,1985MM12,90.0
96265,A5,348100,96265,0.1,0.0,1986MM01,90.0
96266,A5,348100,96266,0.1,0.0,1986MM02,90.0
96267,A5,348100,96267,0.1,0.0,1986MM03,90.0
96268,A5,348100,96268,0.1,0.0,1986MM04,90.0
96269,A5,348100,96269,0.1,0.0,1986MM05,90.0
96270,A5,348100,96270,0.1,0.0,1986MM06,90.0
96271,A5,348100,96271,0.1,0.0,1986MM07,90.0
96272,A5,348100,96272,0.1,0.0,1986MM08,90.0
96273,A5,348100,96273,0.1,0.0,1986MM09,90.0
96274,A5,348100,96274,0.1,0.0,1986MM10,90.0
96275,A5,348100,96275,0.1,0.0,1986MM11,90.0
96276,A5,348100,96276,0.1,0.0,1986MM12,90.0
96278,A5,348100,96278,0.1,0.0,1987MM01,90.0
96279,A5,348100,96279,0.1,0.0,1987MM02,90.0
96280,A5,348100,96280,0.1,0.0,1987MM03,90.0
96281,A5,348100,96281,0.1,0.0,1987MM04,90.0
96282,A5,348100,96282,0.1,0.0,1987MM05,90.0
96283,A5,348100,96283,0.1,0.0,1987MM06,90.0
96284,A5,348100,96284,0.1,0.0,1987MM07,90.0
96285,A5,348100,96285,0.1,0.0,1987MM08,90.0
96286,A5,348100,96286,0.1,0.0,1987MM09,90.0
96287,A5,348100,96287,0.1,0.0,1987MM10,90.0
96288,A5,348100,96288,0.1,0.0,1987MM11,90.0
96289,A5,348100,96289,0.1,0.0,1987MM12,90.0
96291,A5,348100,96291,0.1,0.0,1988MM01,90.0
96292,A5,348100,96292,0.1,0.0,1988MM02,90.0
96293,A5,348100,96293,0.1,0.0,1988MM03,90.0
96294,A5,348100,96294,0.1,0.0,1988MM04,90.0
96295,A5,348100,96295,0.1,0.0,1988MM05,90.0
96296,A5,348100,96296,0.1,0.0,1988MM06,90.0
96297,A5,348100,96297,0.1,0.0,1988MM07,90.0
96298,A5,348100,96298,0.1,0.0,1988MM08,90.0
96299,A5,348100,96299,0.1,0.0,1988MM09,90.0
96300,A5,348100,96300,0.1,0.0,1988MM10,90.0
96301,A5,348100,96301,0.1,0.0,1988MM11,90.0
96302,A5,348100,96302,0.1,0.0,1988MM12,90.0
96304,A5,348100,96304,0.1,0.0,1989MM01,90.0
96305,A5,348100,96305,0.1,0.0,1989MM02,90.0
96306,A5,348100,96306,0.1,0.0,1989MM03,90.0
96307,A5,348100,96307,0.1,0.0,1989MM04,90.0
96308,A5,348100,96308,0.1,0.0,1989MM05,90.0
96309,A5,348100,96309,0.1,0.0,1989MM06,90.0
96310,A5,348100,96310,0.1,0.0,1989MM07,90.0
96311,A5,348100,96311,0.1,0.0,1989MM08,90.0
96312,A5,348100,96312,0.1,0.0,1989MM09,90.0
96313,A5,348100,96313,0.1,0.0,1989MM10,90.0
96314,A5,348100,96314,0.1,0.0,1989MM11,90.0
96315,A5,348100,96315,0.1,0.0,1989MM12,90.0
96317,A5,348100,96317,0.1,0.0,1990MM01,90.0
96318,A5,348100,96318,0.1,0.0,1990MM02,90.0
96319,A5,348100,96319,0.1,0.0,1990MM03,90.0
96320,A5,348100,96320,0.1,0.0,1990MM04,90.0
96321,A5,348100,96321,0.1,0.0,1990MM05,90.0
96322,A5,348100,96322,0.1,0.0,1990MM06,90.0
96323,A5,348100,96323,0.1,0.0,1990MM07,90.0
96324,A5,348100,96324,0.1,0.0,1990MM08,90.0
96325,A5,348100,96325,0.1,0.0,1990MM09,90.0
96326,A5,348100,96326,0.1,0.0,1990MM10,90.0
96327,A5,348100,96327,0.1,0.0,1990MM11,90.0
96328,A5,348100,96328,0.1,0.0,1990MM12,90.0
96330,A5,348100,96330,0.1,0.0,1991MM01,90.0
96331,A5,348100,96331,0.1,0.0,1991MM02,90.0
96332,A5,348100,96332,0.1,0.0,1991MM03,90.0
96333,A5,348100,96333,0.1,0.0,1991MM04,90.0
96334,A5,348100,96334,0.1,0.0,1991MM05,90.0
96335,A5,348100,96335,0.1,0.0,1991MM06,90.0
96336,A5,348100,96336,0.1,0.0,1991MM07,90.0
96337,A5,348100,96337,0.1,0.0,1991MM08,90.0
96338,A5,348100,96338,0.1,0.0,1991MM09,90.0
96339,A5,348100,96339,0.1,0.0,1991MM10,90.0
96340,A5,348100,96340,0.1,0.0,1991MM11,90.0
96341,A5,348100,96341,0.1,0.0,1991MM12,90.0
96343,A5,348100,96343,0.1,0.0,1992MM01,90.0
96344,A5,348100,96344,0.1,0.0,1992MM02,90.0
96345,A5,348100,96345,0.1,0.0,1992MM03,90.0
96346,A5,348100,96346,0.1,0.0,1992MM04,90.0
96347,A5,348100,96347,0.1,0.0,1992MM05,90.0
96348,A5,348100,96348,0.1,0.0,1992MM06,90.0
96349,A5,348100,96349,0.1,0.0,1992MM07,90.0
96350,A5,348100,96350,0.1,0.0,1992MM08,90.0
96351,A5,348100,96351,0.1,0.0,1992MM09,90.0
96352,A5,348100,96352,0.1,0.0,1992MM10,90.0
96353,A5,348100,96353,0.1,0.0,1992MM11,90.0
96354,A5,348100,96354,0.1,0.0,1992MM12,90.0
96356,A5,348100,96356,0.1,0.0,1993MM01,90.0
96357,A5,348100,96357,0.1,0.0,1993MM02,90.0
96358,A5,348100,96358,0.1,0.0,1993MM03,90.0
96359,A5,348100,96359,0.1,0.0,1993MM04,90.0
96360,A5,348100,96360,0.1,0.0,1993MM05,90.0
96361,A5,348100,96361,0.1,0.0,1993MM06,90.0
96362,A5,348100,96362,0.1,0.0,1993MM07,90.0
96363,A5,348100,96363,0.1,0.0,1993MM08,90.0
96364,A5,348100,96364,0.1,0.0,1993MM09,90.0
96365,A5,348100,96365,0.1,0.0,1993MM10,90.0
96366,A5,348100,96366,0.1,0.0,1993MM11,90.0
96367,A5,348100,96367,0.1,0.0,1993MM12,90.0
96369,A5,348100,96369,0.1,0.0,1994MM01,90.0
96370,A5,348100,96370,0.1,0.0,1994MM02,90.0
96371,A5,348100,96371,0.1,0.0,1994MM03,90.0
96372,A5,348100,96372,0.1,0.0,1994MM04,90.0
96373,A5,348100,96373,0.1,0.0,1994MM05,90.0
96374,A5,348100,96374,0.1,0.0,1994MM06,90.0
96375,A5,348100,96375,0.1,0.0,1994MM07,90.0
96376,A5,348100,96376,0.1,0.0,1994MM08,90.0
96377,A5,348100,96377,0.1,0.0,1994MM09,90.0
96378,A5,348100,96378,0.1,0.0,1994MM10,90.0
96379,A5,348100,96379,0.1,0.0,1994MM11,90.0
96380,A5,348100,96380,0.1,0.0,1994MM12,90.0
96382,A5,348100,96382,0.1,0.0,1995MM01,90.0
96383,A5,348100,96383,0.1,0.0,1995MM02,90.0
96384,A5,348100,96384,0.1,0.0,1995MM03,90.0
96385,A5,348100,96385,0.1,0.0,1995MM04,90.0
96386,A5,348100,96386,0.1,0.0,1995MM05,90.0
96387,A5,348100,96387,0.1,0.0,1995MM06,90.0
96388,A5,348100,96388,0.1,0.0,1995MM07,90.0
96389,A5,348100,96389,0.1,0.0,1995MM08,90.0
96390,A5,348100,96390,0.1,0.0,1995MM09,90.0
96391,A5,348100,96391,0.1,0.0,1995MM10,90.0
96392,A5,348100,96392,0.1,0.0,1995MM11,90.0
96393,A5,348100,96393,0.1,0.0,1995MM12,90.0
96395,A5,348100,96395,0.1,0.0,1996MM01,90.0
96396,A5,348100,96396,0.1,0.0,1996MM02,90.0
96397,A5,348100,96397,0.1,0.0,1996MM03,90.0
96398,A5,348100,96398,0.1,0.0,1996MM04,90.0
96399,A5,348100,96399,0.1,0.0,1996MM05,90.0
96400,A5,348100,96400,0.1,0.0,1996MM06,90.0
96401,A5,348100,96401,0.1,0.0,1996MM07,90.0
96402,A5,348100,96402,0.1,0.0,1996MM08,90.0
96403,A5,348100,96403,0.1,0.0,1996MM09,90.0
96404,A5,348100,96404,0.1,0.0,1996MM10,90.0
96405,A5,348100,96405,0.1,0.0,1996MM11,90.0
96406,A5,348100,96406,0.1,0.0,1996MM12,90.0
96408,A5,348100,96408,0.1,0.0,1997MM01,90.0
96409,A5,348100,96409,0.1,0.0,1997MM02,90.0
96410,A5,348100,96410,0.1,0.0,1997MM03,90.0
96411,A5,348100,96411,0.1,0.0,1997MM04,90.0
96412,A5,348100,96412,0.1,0.0,1997MM05,90.0
96413,A5,348100,96413,0.1,0.0,1997MM06,90.0
96414,A5,348100,96414,0.1,0.0,1997MM07,90.0
96415,A5,348100,96415,0.1,0.0,1997MM08,90.0
96416,A5,348100,96416,0.1,0.0,1997MM09,90.0
96417,A5,348100,96417,0.1,0.0,1997MM10,90.0
96418,A5,348100,96418,0.1,0.0,1997MM11,90.0
96419,A5,348100,96419,0.1,0.0,1997MM12,90.0
96421,A5,348100,96421,0.1,0.0,1998MM01,90.0
96422,A5,348100,96422,0.1,0.0,1998MM02,90.0
96423,A5,348100,96423,0.1,0.0,1998MM03,90.0
96424,A5,348100,96424,0.1,0.0,1998MM04,90.0
96425,A5,348100,96425,0.1,0.0,1998MM05,90.0
96426,A5,348100,96426,0.1,0.0,1998MM06,90.0
96427,A5,348100,96427,0.1,0.0,1998MM07,90.0
96428,A5,348100,96428,0.1,0.0,1998MM08,90.0
96429,A5,348100,96429,0.1,0.0,1998MM09,90.0
96430,A5,348100,96430,0.1,0.0,1998MM10,90.0
96431,A5,348100,96431,0.1,0.0,1998MM11,90.0
96432,A5,348100,96432,0.1,0.0,1998MM12,90.0
96434,A5,348100,96434,0.1,0.0,1999MM01,90.0
96435,A5,348100,96435,0.1,0.0,1999MM02,90.0
96436,A5,348100,96436,0.1,0.0,1999MM03,90.0
96437,A5,348100,96437,0.1,0.0,1999MM04,90.0
96438,A5,348100,96438,0.1,0.0,1999MM05,90.0
96439,A5,348100,96439,0.1,0.0,1999MM06,90.0
96440,A5,348100,96440,0.1,0.0,1999MM07,90.0
96441,A5,348100,96441,0.1,0.0,1999MM08,90.0
96442,A5,348100,96442,0.1,0.0,1999MM09,90.0
96443,A5,348100,96443,0.1,0.0,1999MM10,90.0
96444,A5,348100,96444,0.1,0.0,1999MM11,90.0
96445,A5,348100,96445,0.1,0.0,1999MM12,90.0
96447,A5,348100,96447,0.1,0.0,2000MM01,90.0
96448,A5,348100,96448,0.1,0.0,2000MM02,90.0
96449,A5,348100,96449,0.1,0.0,2000MM03,90.0
96450,A5,348100,96450,0.1,0.0,2000MM04,90.0
96451,A5,348100,96451,0.1,0.0,2000MM05,90.0
96452,A5,348100,96452,0.1,0.0,2000MM06,90.0
96453,A5,348100,96453,0.1,0.0,2000MM07,90.0
96454,A5,348100,96454,0.1,0.0,2000MM08,90.0
96455,A5,348100,96455,0.1,0.0,2000MM09,90.0
96456,A5,348100,96456,0.1,0.0,2000MM10,90.0
96457,A5,348100,96457,0.1,0.0,2000MM11,90.0
96458,A5,348100,96458,0.1,0.0,2000MM12,90.0
96460,A5,348100,96460,0.1,0.0,2001MM01,90.0
96461,A5,348100,96461,0.1,0.0,2001MM02,90.0
96462,A5,348100,96462,0.1,0.0,2001MM03,90.0
96463,A5,348100,96463,0.1,0.0,2001MM04,90.0
96464,A5,348100,96464,0.1,0.0,2001MM05,90.0
96465,A5,348100,96465,0.1,0.0,2001MM06,90.0
96466,A5,348100,96466,0.1,0.0,2001MM07,90.0
96467,A5,348100,96467,0.1,0.0,2001MM08,90.0
96468,A5,348100,96468,0.1,0.0,2001MM09,90.0
96469,A5,348100,96469,0.1,0.0,2001MM10,90.0
96470,A5,348100,96470,0.1,0.0,2001MM11,90.0
96471,A5,348100,96471,0.1,0.0,2001MM12,90.0
96473,A5,348100,96473,0.1,0.0,2002MM01,90.0
96474,A5,348100,96474,0.1,0.0,2002MM02,90.0
96475,A5,348100,96475,0.1,0.0,2002MM03,90.0
96476,A5,348100,96476,0.1,0.0,2002MM04,90.0
96477,A5,348100,96477,0.1,0.0,2002MM05,90.0
96478,A5,348100,96478,0.1,0.0,2002MM06,90.0
96479,A5,348100,96479,0.1,0.0,2002MM07,90.0
96480,A5,348100,96480,0.1,0.0,2002MM08,90.0
96481,A5,348100,96481,0.1,0.0,2002MM09,90.0
96482,A5,348100,96482,0.1,0.0,2002MM10,90.0
96483,A5,348100,96483,0.1,0.0,2002MM11,90.0
96484,A5,348100,96484,0.1,0.0,2002MM12,90.0
96486,A5,348100,96486,0.1,0.0,2003MM01,90.0
96487,A5,348100,96487,0.1,0.0,2003MM02,90.0
96488,A5,348100,96488,0.1,0.0,2003MM03,90.0
96489,A5,348100,96489,0.1,0.0,2003MM04,90.0
96490,A5,348100,96490,0.1,0.0,2003MM05,90.0
96491,A5,348100,96491,0.1,0.0,2003MM06,90.0
96492,A5,348100,96492,0.1,0.0,2003MM07,90.0
96493,A5,348100,96493,0.1,0.0,2003MM08,90.0
96494,A5,348100,96494,0.1,0.0,2003MM09,90.0
96495,A5,348100,96495,0.1,0.0,2003MM10,90.0
96496,A5,348100,96496,0.1,0.0,2003MM11,90.0
96497,A5,348100,96497,0.1,0.0,2003MM12,90.0
96499,A5,348100,96499,0.1,0.0,2004MM01,90.0
96500,A5,348100,96500,0.1,0.0,2004MM02,90.0
96501,A5,348100,96501,0.1,0.0,2004MM03,90.0
96502,A5,348100,96502,0.1,0.0,2004MM04,90.0
96503,A5,348100,96503,0.1,0.0,2004MM05,90.0
96504,A5,348100,96504,0.1,0.0,2004MM06,90.0
96505,A5,348100,96505,0.1,0.0,2004MM07,90.0
96506,A5,348100,96506,0.1,0.0,2004MM08,90.0
96507,A5,348100,96507,0.1,0.0,2004MM09,90.0
96508,A5,348100,96508,0.1,0.0,2004MM10,90.0
96509,A5,348100,96509,0.1,0.0,2004MM11,90.0
96510,A5,348100,96510,0.1,0.0,2004MM12,90.0
96512,A5,348100,96512,0.1,0.0,2005MM01,90.0
96513,A5,348100,96513,0.1,0.0,2005MM02,90.0
96514,A5,348100,96514,0.1,0.0,2005MM03,90.0
96515,A5,348100,96515,0.1,0.0,2005MM04,90.0
96516,A5,348100,96516,0.1,0.0,2005MM05,90.0
96517,A5,348100,96517,0.1,0.0,2005MM06,90.0
96518,A5,348100,96518,0.1,0.0,2005MM07,90.0
96519,A5,348100,96519,0.1,0.0,2005MM08,90.0
96520,A5,348100,96520,0.1,0.0,2005MM09,90.0
96521,A5,348100,96521,0.1,0.0,2005MM10,90.0
96522,A5,348100,96522,0.1,0.0,2005MM11,90.0
96523,A5,348100,96523,0.1,0.0,2005MM12,90.0
96525,A5,348100,96525,0.1,0.0,2006MM01,90.0
96526,A5,348100,96526,0.1,0.0,2006MM02,90.0
96527,A5,348100,96527,0.1,0.0,2006MM03,90.0
96528,A5,348100,96528,0.1,0.0,2006MM04,90.0
96529,A5,348100,96529,0.1,0.0,2006MM05,90.0
96530,A5,348100,96530,0.1,0.0,2006MM06,90.0
96531,A5,348100,96531,0.1,0.0,2006MM07,90.0
96532,A5,348100,96532,0.1,0.0,2006MM08,90.0
96533,A5,348100,96533,0.1,0.0,2006MM09,90.0
96534,A5,348100,96534,0.1,0.0,2006MM10,90.0
96535,A5,348100,96535,0.1,0.0,2006MM11,90.0
96536,A5,348100,96536,0.1,0.0,2006MM12,90.0
96538,A5,348100,96538,0.1,0.0,2007MM01,90.0
96539,A5,348100,96539,0.1,0.0,2007MM02,90.0
96540,A5,348100,96540,0.1,0.0,2007MM03,90.0
96541,A5,348100,96541,0.1,0.0,2007MM04,90.0
96542,A5,348100,96542,0.1,0.0,2007MM05,90.0
96543,A5,348100,96543,0.1,0.0,2007MM06,90.0
96544,A5,348100,96544,0.1,0.0,2007MM07,90.0
96545,A5,348100,96545,0.1,0.0,2007MM08,90.0
96546,A5,348100,96546,0.1,0.0,2007MM09,90.0
96547,A5,348100,96547,0.1,0.0,2007MM10,90.0
96548,A5,348100,96548,0.1,0.0,2007MM11,90.0
96549,A5,348100,96549,0.1,0.0,2007MM12,90.0
96551,A5,348100,96551,0.1,0.0,2008MM01,90.0
96552,A5,348100,96552,0.1,0.0,2008MM02,90.0
96553,A5,348100,96553,0.1,0.0,2008MM03,90.0
96554,A5,348100,96554,0.1,0.0,2008MM04,90.0
96555,A5,348100,96555,0.1,0.0,2008MM05,90.0
96556,A5,348100,96556,0.1,0.0,2008MM06,90.0
96557,A5,348100,96557,0.1,0.0,2008MM07,90.0
96558,A5,348100,96558,0.1,0.0,2008MM08,90.0
96559,A5,348100,96559,0.1,0.0,2008MM09,90.0
96560,A5,348100,96560,0.1,0.0,2008MM10,90.0
96561,A5,348100,96561,0.1,0.0,2008MM11,90.0
96562,A5,348100,96562,0.1,0.0,2008MM12,90.0
96564,A5,348100,96564,0.1,0.0,2009MM01,90.0
96565,A5,348100,96565,0.1,0.0,2009MM02,90.0
96566,A5,348100,96566,0.1,0.0,2009MM03,90.0
96567,A5,348100,96567,0.1,0.0,2009MM04,90.0
96568,A5,348100,96568,0.1,0.0,2009MM05,90.0
96569,A5,348100,96569,0.1,0.0,2009MM06,90.0
96570,A5,348100,96570,0.1,0.0,2009MM07,90.0
96571,A5,348100,96571,0.1,0.0,2009MM08,90.0
96572,A5,348100,96572,0.1,0.0,2009MM09,90.0
96573,A5,348100,96573,0.1,0.0,2009MM10,90.0
96574,A5,348100,96574,0.1,0.0,2009MM11,90.0
96575,A5,348100,96575,0.1,0.0,2009MM12,90.0
96577,A5,348100,96577,0.1,0.0,2010MM01,90.0
96578,A5,348100,96578,0.1,0.0,2010MM02,90.0
96579,A5,348100,96579,0.1,0.0,2010MM03,90.0
96580,A5,348100,96580,0.1,0.0,2010MM04,90.0
96581,A5,348100,96581,0.1,0.0,2010MM05,90.0
96582,A5,348100,96582,0.1,0.0,2010MM06,90.0
96583,A5,348100,96583,0.1,0.0,2010MM07,90.0
96584,A5,348100,96584,0.1,0.0,2010MM08,90.0
96585,A5,348100,96585,0.1,0.0,2010MM09,90.0
96586,A5,348100,96586,0.1,0.0,2010MM10,90.0
96587,A5,348100,96587,0.1,0.0,2010MM11,90.0
96588,A5,348100,96588,0.1,0.0,2010MM12,90.0
96590,A5,348100,96590,0.1,0.0,2011MM01,90.0
96591,A5,348100,96591,0.1,0.0,2011MM02,90.0
96592,A5,348100,96592,0.1,0.0,2011MM03,90.0
96593,A5,348100,96593,0.1,0.0,2011MM04,90.0
96594,A5,348100,96594,0.1,0.0,2011MM05,90.0
96595,A5,348100,96595,0.1,0.0,2011MM06,90.0
96596,A5,348100,96596,0.1,0.0,2011MM07,90.0
96597,A5,348100,96597,0.1,0.0,2011MM08,90.0
96598,A5,348100,96598,0.1,0.0,2011MM09,90.0
96599,A5,348100,96599,0.1,0.0,2011MM10,90.0
96600,A5,348100,96600,0.1,0.0,2011MM11,90.0
96601,A5,348100,96601,0.1,0.0,2011MM12,90.0
96603,A5,348100,96603,0.1,0.0,2012MM01,90.0
96604,A5,348100,96604,0.1,0.0,2012MM02,90.0
96605,A5,348100,96605,0.1,0.0,2012MM03,90.0
96606,A5,348100,96606,0.1,0.0,2012MM04,90.0
96607,A5,348100,96607,0.1,0.0,2012MM05,90.0
96608,A5,348100,96608,0.1,0.0,2012MM06,90.0
96609,A5,348100,96609,0.1,0.0,2012MM07,90.0
96610,A5,348100,96610,0.1,0.0,2012MM08,90.0
96611,A5,348100,96611,0.1,0.0,2012MM09,90.0
96612,A5,348100,96612,0.1,0.0,2012MM10,90.0
96613,A5,348100,96613,0.1,0.0,2012MM11,90.0
96614,A5,348100,96614,0.1,0.0,2012MM12,90.0
96616,A5,348100,96616,0.1,0.0,2013MM01,90.0
96617,A5,348100,96617,0.1,0.0,2013MM02,90.0
96618,A5,348100,96618,0.1,0.0,2013MM03,90.0
96619,A5,348100,96619,0.1,0.0,2013MM04,90.0
96620,A5,348100,96620,0.1,0.0,2013MM05,90.0
96621,A5,348100,96621,0.1,0.0,2013MM06,90.0
96622,A5,348100,96622,0.1,0.0,2013MM07,90.0
96623,A5,348100,96623,0.1,0.0,2013MM08,90.0
96624,A5,348100,96624,0.1,0.0,2013MM09,90.0
96625,A5,348100,96625,0.1,0.0,2013MM10,90.0
96626,A5,348100,96626,0.1,0.0,2013MM11,90.0
96627,A5,348100,96627,0.1,0.0,2013MM12,90.0
96629,A5,348100,96629,0.1,0.0,2014MM01,90.0
96630,A5,348100,96630,0.1,0.0,2014MM02,90.0
96631,A5,348100,96631,0.1,0.0,2014MM03,90.0
96632,A5,348100,96632,0.1,0.0,2014MM04,90.0
96633,A5,348100,96633,0.1,0.0,2014MM05,90.0
96634,A5,348100,96634,0.1,0.0,2014MM06,90.0
96635,A5,348100,96635,0.1,0.0,2014MM07,90.0
96636,A5,348100,96636,0.1,0.0,2014MM08,90.0
96637,A5,348100,96637,0.1,0.0,2014MM09,90.0
96638,A5,348100,96638,0.1,0.0,2014MM10,90.0
96639,A5,348100,96639,0.1,0.0,2014MM11,90.0
96640,A5,348100,96640,0.1,0.0,2014MM12,90.0
96642,A5,348100,96642,0.1,0.0,2015MM01,90.0
96643,A5,348100,96643,0.1,0.0,2015MM02,90.0
96644,A5,348100,96644,0.1,0.0,2015MM03,90.0
96645,A5,348100,96645,0.1,0.0,2015MM04,90.0
96646,A5,348100,96646,0.1,0.0,2015MM05,90.0
96647,A5,348100,96647,0.1,0.0,2015MM06,90.0
96648,A5,348100,96648,0.1,0.0,2015MM07,90.0
96649,A5,348100,96649,0.1,0.0,2015MM08,90.0
96650,A5,348100,96650,0.1,0.0,2015MM09,90.0
96651,A5,348100,96651,0.1,0.0,2015MM10,90.0
96652,A5,348100,96652,0.1,0.0,2015MM11,90.0
96653,A5,348100,96653,0.1,0.0,2015MM12,90.0
96655,A5,348100,96655,0.1,0.0,2016MM01,90.0
96656,A5,348100,96656,0.1,0.0,2016MM02,90.0
96657,A5,348100,96657,0.1,0.0,2016MM03,90.0
96658,A5,348100,96658,0.1,0.0,2016MM04,90.0
96659,A5,348100,96659,0.1,0.0,2016MM05,90.0
96660,A5,348100,96660,0.1,0.0,2016MM06,90.0
96661,A5,348100,96661,0.1,0.0,2016MM07,90.0
96662,A5,348100,96662,0.1,0.0,2016MM08,90.0
96663,A5,348100,96663,0.1,0.0,2016MM09,90.0
96664,A5,348100,96664,0.1,0.0,2016MM10,90.0
96665,A5,348100,96665,0.1,0.0,2016MM11,90.0
96666,A5,348100,96666,0.1,0.0,2016MM12,90.0
96668,A5,348100,96668,0.1,0.0,2017MM01,90.0
96669,A5,348100,96669,0.1,0.0,2017MM02,90.0
96670,A5,348100,96670,0.1,0.0,2017MM03,90.0
96671,A5,348100,96671,0.1,0.0,2017MM04,90.0
96672,A5,348100,96672,0.1,0.0,2017MM05,90.0
96673,A5,348100,96673,0.1,0.0,2017MM06,90.0
96674,A5,348100,96674,0.1,0.0,2017MM07,90.0
96675,A5,348100,96675,0.1,0.0,2017MM08,90.0
96676,A5,348100,96676,0.1,0.0,2017MM09,90.0
96677,A5,348100,96677,0.1,0.0,2017MM10,90.0
96678,A5,348100,96678,0.1,0.0,2017MM11,90.0
96679,A5,348100,96679,0.1,0.0,2017MM12,90.0
