,Afzet,BedrijfstakkenBranchesSBI2008,ID,OntwikkelingTOV1JaarEerder_2,OntwikkelingTOV1MaandEerder_3,Perioden,ProducentenprijsindexPPI_1
31746,A6,348100,31746,,,1981MM01,49.8
31747,A6,348100,31747,,0.0,1981MM02,49.8
31748,A6,348100,31748,,0.0,1981MM03,49.8
31749,A6,348100,31749,,2.1,1981MM04,50.8
31750,A6,348100,31750,,0.0,1981MM05,50.9
31751,A6,348100,31751,,0.0,1981MM06,50.9
31752,A6,348100,31752,,2.3,1981MM07,52.0
31753,A6,348100,31753,,0.0,1981MM08,52.0
31754,A6,348100,31754,,0.0,1981MM09,52.0
31755,A6,348100,31755,,0.7,1981MM10,52.4
31756,A6,348100,31756,,0.0,1981MM11,52.4
31757,A6,348100,31757,,0.0,1981MM12,52.4
31759,A6,348100,31759,18.9,13.1,1982MM01,59.2
31760,A6,348100,31760,18.9,0.0,1982MM02,59.2
31761,A6,348100,31761,18.9,0.0,1982MM03,59.2
31762,A6,348100,31762,15.8,-0.6,1982MM04,58.9
31763,A6,348100,31763,15.8,0.0,1982MM05,58.9
31764,A6,348100,31764,15.8,0.0,1982MM06,58.9
31765,A6,348100,31765,13.2,0.0,1982MM07,58.9
31766,A6,348100,31766,13.2,0.0,1982MM08,58.9
31767,A6,348100,31767,13.2,0.0,1982MM09,58.9
31768,A6,348100,31768,12.4,-0.1,1982MM10,58.9
31769,A6,348100,31769,12.4,0.0,1982MM11,58.9
31770,A6,348100,31770,12.4,0.0,1982MM12,58.9
31772,A6,348100,31772,4.3,4.9,1983MM01,61.8
31773,A6,348100,31773,4.3,0.0,1983MM02,61.8
31774,A6,348100,31774,4.3,0.0,1983MM03,61.8
31775,A6,348100,31775,4.4,-0.5,1983MM04,61.4
31776,A6,348100,31776,4.4,0.0,1983MM05,61.4
31777,A6,348100,31777,4.4,0.0,1983MM06,61.4
31778,A6,348100,31778,3.9,-0.4,1983MM07,61.2
31779,A6,348100,31779,3.9,0.0,1983MM08,61.2
31780,A6,348100,31780,3.9,0.0,1983MM09,61.2
31781,A6,348100,31781,5.2,1.1,1983MM10,61.9
31782,A6,348100,31782,5.2,0.0,1983MM11,61.9
31783,A6,348100,31783,5.2,0.0,1983MM12,61.9
31785,A6,348100,31785,5.6,5.3,1984MM01,65.2
31786,A6,348100,31786,5.6,0.0,1984MM02,65.2
31787,A6,348100,31787,5.5,0.0,1984MM03,65.2
31788,A6,348100,31788,6.7,0.6,1984MM04,65.5
31789,A6,348100,31789,6.6,-0.1,1984MM05,65.5
31790,A6,348100,31790,6.7,0.1,1984MM06,65.6
31791,A6,348100,31791,7.6,0.5,1984MM07,65.9
31792,A6,348100,31792,7.6,0.0,1984MM08,65.9
31793,A6,348100,31793,7.6,0.0,1984MM09,65.9
31794,A6,348100,31794,6.7,0.2,1984MM10,66.0
31795,A6,348100,31795,6.7,0.0,1984MM11,66.0
31796,A6,348100,31796,6.7,0.0,1984MM12,66.0
31798,A6,348100,31798,5.9,4.5,1985MM01,69.0
31799,A6,348100,31799,5.9,0.0,1985MM02,69.0
31800,A6,348100,31800,5.9,0.0,1985MM03,69.0
31801,A6,348100,31801,6.5,1.1,1985MM04,69.8
31802,A6,348100,31802,6.6,0.0,1985MM05,69.8
31803,A6,348100,31803,6.5,0.0,1985MM06,69.8
31804,A6,348100,31804,5.3,-0.7,1985MM07,69.4
31805,A6,348100,31805,5.3,0.0,1985MM08,69.4
31806,A6,348100,31806,5.3,0.0,1985MM09,69.4
31807,A6,348100,31807,1.9,-3.0,1985MM10,67.3
31808,A6,348100,31808,1.9,0.0,1985MM11,67.3
31809,A6,348100,31809,1.9,0.0,1985MM12,67.3
31811,A6,348100,31811,-2.1,0.5,1986MM01,67.6
31812,A6,348100,31812,-2.1,0.0,1986MM02,67.6
31813,A6,348100,31813,-2.1,0.0,1986MM03,67.6
31814,A6,348100,31814,-5.4,-2.3,1986MM04,66.0
31815,A6,348100,31815,-5.4,0.0,1986MM05,66.0
31816,A6,348100,31816,-5.4,0.0,1986MM06,66.0
31817,A6,348100,31817,-16.3,-12.1,1986MM07,58.1
31818,A6,348100,31818,-16.3,0.0,1986MM08,58.1
31819,A6,348100,31819,-16.3,0.0,1986MM09,58.1
31820,A6,348100,31820,-15.6,-2.2,1986MM10,56.8
31821,A6,348100,31821,-15.6,0.0,1986MM11,56.8
31822,A6,348100,31822,-15.6,0.0,1986MM12,56.8
31824,A6,348100,31824,-31.1,-18.0,1987MM01,46.6
31825,A6,348100,31825,-31.1,0.0,1987MM02,46.6
31826,A6,348100,31826,-31.1,0.0,1987MM03,46.6
31827,A6,348100,31827,-28.1,1.9,1987MM04,47.5
31828,A6,348100,31828,-28.1,0.0,1987MM05,47.5
31829,A6,348100,31829,-28.1,0.0,1987MM06,47.5
31830,A6,348100,31830,-17.8,0.6,1987MM07,47.7
31831,A6,348100,31831,-17.8,0.0,1987MM08,47.8
31832,A6,348100,31832,-17.7,0.0,1987MM09,47.8
31833,A6,348100,31833,-16.0,-0.1,1987MM10,47.7
31834,A6,348100,31834,-16.0,0.0,1987MM11,47.7
31835,A6,348100,31835,-15.9,0.0,1987MM12,47.7
31837,A6,348100,31837,-0.3,-2.7,1988MM01,46.4
31838,A6,348100,31838,-0.3,0.0,1988MM02,46.4
31839,A6,348100,31839,-0.3,0.0,1988MM03,46.4
31840,A6,348100,31840,-3.5,-1.3,1988MM04,45.8
31841,A6,348100,31841,-3.5,0.0,1988MM05,45.8
31842,A6,348100,31842,-3.5,0.0,1988MM06,45.8
31843,A6,348100,31843,-5.6,-1.6,1988MM07,45.1
31844,A6,348100,31844,-5.7,-0.1,1988MM08,45.0
31845,A6,348100,31845,-5.7,0.0,1988MM09,45.0
31846,A6,348100,31846,-5.7,-0.1,1988MM10,45.0
31847,A6,348100,31847,-5.8,0.0,1988MM11,45.0
31848,A6,348100,31848,-5.9,-0.1,1988MM12,44.9
31850,A6,348100,31850,-7.4,-4.3,1989MM01,43.0
31851,A6,348100,31851,-7.5,0.0,1989MM02,43.0
31852,A6,348100,31852,-7.5,0.0,1989MM03,43.0
31853,A6,348100,31853,-5.4,0.9,1989MM04,43.3
31854,A6,348100,31854,-5.3,0.0,1989MM05,43.4
31855,A6,348100,31855,-5.2,0.1,1989MM06,43.4
31856,A6,348100,31856,2.0,5.9,1989MM07,46.0
31857,A6,348100,31857,2.2,0.1,1989MM08,46.0
31858,A6,348100,31858,2.4,0.2,1989MM09,46.1
31859,A6,348100,31859,2.9,0.4,1989MM10,46.3
31860,A6,348100,31860,3.1,0.2,1989MM11,46.4
31861,A6,348100,31861,3.5,0.3,1989MM12,46.5
31863,A6,348100,31863,16.2,7.4,1990MM01,49.9
31864,A6,348100,31864,16.5,0.2,1990MM02,50.0
31865,A6,348100,31865,16.9,0.4,1990MM03,50.2
31866,A6,348100,31866,16.1,0.2,1990MM04,50.3
31867,A6,348100,31867,15.9,-0.1,1990MM05,50.3
31868,A6,348100,31868,16.0,0.1,1990MM06,50.3
31869,A6,348100,31869,9.4,0.0,1990MM07,50.3
31870,A6,348100,31870,9.4,0.1,1990MM08,50.3
31871,A6,348100,31871,9.1,-0.1,1990MM09,50.3
31872,A6,348100,31872,8.7,0.0,1990MM10,50.3
31873,A6,348100,31873,8.6,0.1,1990MM11,50.4
31874,A6,348100,31874,8.3,0.0,1990MM12,50.3
31876,A6,348100,31876,3.6,2.8,1991MM01,51.7
31877,A6,348100,31877,3.2,-0.1,1991MM02,51.7
31878,A6,348100,31878,2.9,0.1,1991MM03,51.7
31879,A6,348100,31879,3.2,0.4,1991MM04,51.9
31880,A6,348100,31880,3.4,0.0,1991MM05,51.9
31881,A6,348100,31881,3.3,0.0,1991MM06,52.0
31882,A6,348100,31882,3.3,0.1,1991MM07,52.0
31883,A6,348100,31883,3.3,0.0,1991MM08,52.0
31884,A6,348100,31884,3.3,0.0,1991MM09,52.0
31885,A6,348100,31885,3.2,-0.1,1991MM10,51.9
31886,A6,348100,31886,3.2,0.1,1991MM11,52.0
31887,A6,348100,31887,3.3,0.0,1991MM12,52.0
31889,A6,348100,31889,7.0,6.5,1992MM01,55.3
31890,A6,348100,31890,7.1,0.0,1992MM02,55.4
31891,A6,348100,31891,7.0,0.0,1992MM03,55.4
31892,A6,348100,31892,6.7,0.1,1992MM04,55.4
31893,A6,348100,31893,6.9,0.2,1992MM05,55.5
31894,A6,348100,31894,6.9,0.0,1992MM06,55.5
31895,A6,348100,31895,7.1,0.3,1992MM07,55.7
31896,A6,348100,31896,7.2,0.1,1992MM08,55.7
31897,A6,348100,31897,7.2,0.0,1992MM09,55.7
31898,A6,348100,31898,7.4,0.1,1992MM10,55.8
31899,A6,348100,31899,7.3,0.0,1992MM11,55.8
31900,A6,348100,31900,7.3,0.0,1992MM12,55.8
31902,A6,348100,31902,9.1,8.3,1993MM01,60.4
31903,A6,348100,31903,9.1,0.0,1993MM02,60.4
31904,A6,348100,31904,9.2,0.1,1993MM03,60.4
31905,A6,348100,31905,9.1,0.0,1993MM04,60.4
31906,A6,348100,31906,8.8,-0.1,1993MM05,60.4
31907,A6,348100,31907,8.8,0.0,1993MM06,60.4
31908,A6,348100,31908,8.7,0.2,1993MM07,60.5
31909,A6,348100,31909,8.6,0.0,1993MM08,60.5
31910,A6,348100,31910,8.7,0.0,1993MM09,60.5
31911,A6,348100,31911,8.6,0.0,1993MM10,60.5
31912,A6,348100,31912,8.6,0.0,1993MM11,60.5
31913,A6,348100,31913,8.6,0.0,1993MM12,60.5
31915,A6,348100,31915,4.9,4.6,1994MM01,63.4
31916,A6,348100,31916,5.3,0.4,1994MM02,63.6
31917,A6,348100,31917,5.9,0.6,1994MM03,64.0
31918,A6,348100,31918,5.9,0.0,1994MM04,64.0
31919,A6,348100,31919,5.9,0.0,1994MM05,64.0
31920,A6,348100,31920,5.9,0.0,1994MM06,64.0
31921,A6,348100,31921,5.8,0.1,1994MM07,64.0
31922,A6,348100,31922,5.7,0.0,1994MM08,64.0
31923,A6,348100,31923,5.7,0.0,1994MM09,64.0
31924,A6,348100,31924,5.7,0.0,1994MM10,64.0
31925,A6,348100,31925,5.7,0.0,1994MM11,64.0
31926,A6,348100,31926,5.7,0.0,1994MM12,64.0
31928,A6,348100,31928,20.7,19.5,1995MM01,76.5
31929,A6,348100,31929,20.1,-0.2,1995MM02,76.4
31930,A6,348100,31930,19.4,0.0,1995MM03,76.4
31931,A6,348100,31931,19.3,0.0,1995MM04,76.4
31932,A6,348100,31932,19.3,0.0,1995MM05,76.4
31933,A6,348100,31933,19.3,0.0,1995MM06,76.4
31934,A6,348100,31934,20.2,0.8,1995MM07,77.0
31935,A6,348100,31935,20.2,0.0,1995MM08,77.0
31936,A6,348100,31936,20.2,0.0,1995MM09,77.0
31937,A6,348100,31937,20.2,0.0,1995MM10,77.0
31938,A6,348100,31938,20.2,0.0,1995MM11,77.0
31939,A6,348100,31939,20.2,0.0,1995MM12,77.0
31941,A6,348100,31941,4.6,4.0,1996MM01,80.0
31942,A6,348100,31942,4.8,0.0,1996MM02,80.0
31943,A6,348100,31943,4.8,0.0,1996MM03,80.0
31944,A6,348100,31944,5.0,0.2,1996MM04,80.2
31945,A6,348100,31945,5.0,0.0,1996MM05,80.2
31946,A6,348100,31946,5.0,0.0,1996MM06,80.2
31947,A6,348100,31947,4.3,0.1,1996MM07,80.2
31948,A6,348100,31948,4.3,0.0,1996MM08,80.2
31949,A6,348100,31949,4.3,0.0,1996MM09,80.2
31950,A6,348100,31950,4.3,0.1,1996MM10,80.3
31951,A6,348100,31951,4.3,0.0,1996MM11,80.3
31952,A6,348100,31952,4.3,0.0,1996MM12,80.3
31954,A6,348100,31954,3.5,3.1,1997MM01,82.8
31955,A6,348100,31955,3.5,0.0,1997MM02,82.8
31956,A6,348100,31956,3.5,0.0,1997MM03,82.8
31957,A6,348100,31957,3.3,0.0,1997MM04,82.8
31958,A6,348100,31958,3.3,0.0,1997MM05,82.8
31959,A6,348100,31959,3.3,0.0,1997MM06,82.8
31960,A6,348100,31960,3.3,0.1,1997MM07,82.9
31961,A6,348100,31961,3.3,0.0,1997MM08,82.9
31962,A6,348100,31962,3.3,0.0,1997MM09,82.9
31963,A6,348100,31963,3.2,0.0,1997MM10,82.9
31964,A6,348100,31964,3.2,0.0,1997MM11,82.9
31965,A6,348100,31965,3.2,0.0,1997MM12,82.9
31967,A6,348100,31967,3.8,3.7,1998MM01,86.0
31968,A6,348100,31968,3.8,0.0,1998MM02,86.0
31969,A6,348100,31969,3.8,0.0,1998MM03,86.0
31970,A6,348100,31970,3.8,0.0,1998MM04,86.0
31971,A6,348100,31971,3.8,0.0,1998MM05,86.0
31972,A6,348100,31972,3.8,0.0,1998MM06,86.0
31973,A6,348100,31973,4.2,0.5,1998MM07,86.4
31974,A6,348100,31974,4.2,0.0,1998MM08,86.4
31975,A6,348100,31975,4.2,0.0,1998MM09,86.4
31976,A6,348100,31976,4.2,0.0,1998MM10,86.4
31977,A6,348100,31977,4.2,0.0,1998MM11,86.4
31978,A6,348100,31978,4.2,0.0,1998MM12,86.4
31980,A6,348100,31980,3.3,2.8,1999MM01,88.8
31981,A6,348100,31981,3.3,0.0,1999MM02,88.8
31982,A6,348100,31982,3.3,0.0,1999MM03,88.8
31983,A6,348100,31983,3.3,0.0,1999MM04,88.8
31984,A6,348100,31984,3.3,0.0,1999MM05,88.8
31985,A6,348100,31985,3.3,0.0,1999MM06,88.8
31986,A6,348100,31986,2.7,-0.1,1999MM07,88.8
31987,A6,348100,31987,2.7,0.0,1999MM08,88.8
31988,A6,348100,31988,2.7,0.0,1999MM09,88.8
31989,A6,348100,31989,2.7,0.0,1999MM10,88.8
31990,A6,348100,31990,2.7,0.0,1999MM11,88.8
31991,A6,348100,31991,2.7,0.0,1999MM12,88.7
31993,A6,348100,31993,2.0,2.1,2000MM01,90.6
31994,A6,348100,31994,2.0,0.0,2000MM02,90.6
31995,A6,348100,31995,2.0,0.0,2000MM03,90.6
31996,A6,348100,31996,2.0,0.0,2000MM04,90.6
31997,A6,348100,31997,2.0,0.0,2000MM05,90.6
31998,A6,348100,31998,2.0,0.0,2000MM06,90.6
31999,A6,348100,31999,2.1,0.0,2000MM07,90.6
32000,A6,348100,32000,2.1,0.0,2000MM08,90.6
32001,A6,348100,32001,2.1,0.0,2000MM09,90.6
32002,A6,348100,32002,2.1,0.0,2000MM10,90.6
32003,A6,348100,32003,2.1,0.0,2000MM11,90.6
32004,A6,348100,32004,2.1,0.0,2000MM12,90.6
32006,A6,348100,32006,0.5,0.5,2001MM01,91.1
32007,A6,348100,32007,0.5,0.0,2001MM02,91.1
32008,A6,348100,32008,0.5,0.0,2001MM03,91.1
32009,A6,348100,32009,0.5,0.0,2001MM04,91.1
32010,A6,348100,32010,0.5,0.0,2001MM05,91.1
32011,A6,348100,32011,0.5,0.0,2001MM06,91.1
32012,A6,348100,32012,0.5,0.0,2001MM07,91.1
32013,A6,348100,32013,0.5,0.0,2001MM08,91.1
32014,A6,348100,32014,0.5,0.0,2001MM09,91.1
32015,A6,348100,32015,0.5,0.0,2001MM10,91.1
32016,A6,348100,32016,0.5,0.0,2001MM11,91.1
32017,A6,348100,32017,0.5,0.0,2001MM12,91.1
32019,A6,348100,32019,1.5,1.5,2002MM01,92.5
32020,A6,348100,32020,1.5,0.0,2002MM02,92.5
32021,A6,348100,32021,1.5,0.0,2002MM03,92.5
32022,A6,348100,32022,1.5,0.0,2002MM04,92.5
32023,A6,348100,32023,1.5,0.0,2002MM05,92.5
32024,A6,348100,32024,1.5,0.0,2002MM06,92.5
32025,A6,348100,32025,1.5,0.0,2002MM07,92.5
32026,A6,348100,32026,1.5,0.0,2002MM08,92.5
32027,A6,348100,32027,1.5,0.0,2002MM09,92.5
32028,A6,348100,32028,1.5,0.0,2002MM10,92.5
32029,A6,348100,32029,1.5,0.0,2002MM11,92.5
32030,A6,348100,32030,1.5,0.0,2002MM12,92.5
32032,A6,348100,32032,4.5,4.5,2003MM01,96.7
32033,A6,348100,32033,4.5,0.0,2003MM02,96.7
32034,A6,348100,32034,4.5,0.0,2003MM03,96.7
32035,A6,348100,32035,4.5,0.0,2003MM04,96.6
32036,A6,348100,32036,4.5,0.0,2003MM05,96.7
32037,A6,348100,32037,4.5,0.0,2003MM06,96.7
32038,A6,348100,32038,4.5,0.0,2003MM07,96.7
32039,A6,348100,32039,4.5,0.0,2003MM08,96.7
32040,A6,348100,32040,4.5,0.0,2003MM09,96.7
32041,A6,348100,32041,4.5,0.0,2003MM10,96.7
32042,A6,348100,32042,4.5,0.0,2003MM11,96.7
32043,A6,348100,32043,4.5,0.0,2003MM12,96.7
32045,A6,348100,32045,1.1,1.1,2004MM01,97.7
32046,A6,348100,32046,1.1,0.0,2004MM02,97.7
32047,A6,348100,32047,1.1,0.0,2004MM03,97.7
32048,A6,348100,32048,1.1,0.0,2004MM04,97.7
32049,A6,348100,32049,1.1,0.0,2004MM05,97.7
32050,A6,348100,32050,1.1,0.0,2004MM06,97.7
32051,A6,348100,32051,-0.4,-1.5,2004MM07,96.3
32052,A6,348100,32052,-0.4,0.0,2004MM08,96.3
32053,A6,348100,32053,-0.4,0.0,2004MM09,96.3
32054,A6,348100,32054,-0.4,0.0,2004MM10,96.2
32055,A6,348100,32055,-0.4,0.0,2004MM11,96.2
32056,A6,348100,32056,4.4,4.8,2004MM12,100.9
32058,A6,348100,32058,4.06153846154,2.4,2005MM01,101.3
32059,A6,348100,32059,3.72307692308,0.0,2005MM02,101.3
32060,A6,348100,32060,3.38461538462,0.0,2005MM03,101.3
32061,A6,348100,32061,3.04615384615,0.0,2005MM04,101.3
32062,A6,348100,32062,2.70769230769,0.0,2005MM05,101.3
32063,A6,348100,32063,2.36923076923,0.0,2005MM06,101.3
32064,A6,348100,32064,2.03076923077,0.0,2005MM07,101.3
32065,A6,348100,32065,1.69230769231,0.0,2005MM08,101.3
32066,A6,348100,32066,1.35384615385,0.0,2005MM09,101.3
32067,A6,348100,32067,1.01538461538,0.2,2005MM10,101.5
32068,A6,348100,32068,0.676923076923,0.0,2005MM11,101.5
32069,A6,348100,32069,0.338461538462,0.0,2005MM12,101.5
32071,A6,348100,32071,0.0,-0.2,2006MM01,101.3
32072,A6,348100,32072,0.0,0.0,2006MM02,101.3
32073,A6,348100,32073,0.0,0.0,2006MM03,101.3
32074,A6,348100,32074,0.0,0.0,2006MM04,101.3
32075,A6,348100,32075,0.0,0.0,2006MM05,101.3
32076,A6,348100,32076,0.0,0.0,2006MM06,101.3
32077,A6,348100,32077,-0.1,-0.1,2006MM07,101.2
32078,A6,348100,32078,-0.1,0.0,2006MM08,101.2
32079,A6,348100,32079,-0.1,0.0,2006MM09,101.2
32080,A6,348100,32080,-0.3,0.0,2006MM10,101.2
32081,A6,348100,32081,-0.3,0.0,2006MM11,101.2
32082,A6,348100,32082,-0.3,0.0,2006MM12,101.2
32084,A6,348100,32084,-1.0,-0.9,2007MM01,100.3
32085,A6,348100,32085,-1.0,0.0,2007MM02,100.3
32086,A6,348100,32086,-1.0,0.0,2007MM03,100.3
32087,A6,348100,32087,-1.0,0.0,2007MM04,100.3
32088,A6,348100,32088,-1.0,0.0,2007MM05,100.3
32089,A6,348100,32089,-1.0,0.0,2007MM06,100.3
32090,A6,348100,32090,-0.9,0.0,2007MM07,100.3
32091,A6,348100,32091,-0.9,0.0,2007MM08,100.3
32092,A6,348100,32092,-0.9,0.0,2007MM09,100.3
32093,A6,348100,32093,-0.9,0.0,2007MM10,100.3
32094,A6,348100,32094,-0.9,0.0,2007MM11,100.3
32095,A6,348100,32095,-0.9,0.0,2007MM12,100.3
32097,A6,348100,32097,-0.4,-0.4,2008MM01,99.9
32098,A6,348100,32098,-0.4,0.0,2008MM02,99.9
32099,A6,348100,32099,-0.4,0.0,2008MM03,99.9
32100,A6,348100,32100,-0.4,0.0,2008MM04,99.9
32101,A6,348100,32101,-0.4,0.0,2008MM05,99.9
32102,A6,348100,32102,-0.4,0.0,2008MM06,99.9
32103,A6,348100,32103,-0.4,0.0,2008MM07,99.9
32104,A6,348100,32104,-0.4,0.0,2008MM08,99.9
32105,A6,348100,32105,-0.4,0.0,2008MM09,99.9
32106,A6,348100,32106,-0.4,0.0,2008MM10,99.9
32107,A6,348100,32107,-0.4,0.0,2008MM11,99.9
32108,A6,348100,32108,-0.4,0.0,2008MM12,99.9
32110,A6,348100,32110,0.0,0.0,2009MM01,99.9
32111,A6,348100,32111,0.0,0.0,2009MM02,99.9
32112,A6,348100,32112,0.0,0.0,2009MM03,99.9
32113,A6,348100,32113,0.1,0.1,2009MM04,100.0
32114,A6,348100,32114,0.1,0.0,2009MM05,100.0
32115,A6,348100,32115,0.1,0.0,2009MM06,100.0
32116,A6,348100,32116,0.1,0.0,2009MM07,100.0
32117,A6,348100,32117,0.1,0.0,2009MM08,100.0
32118,A6,348100,32118,0.1,0.0,2009MM09,100.0
32119,A6,348100,32119,0.1,0.0,2009MM10,100.0
32120,A6,348100,32120,0.1,0.0,2009MM11,100.0
32121,A6,348100,32121,0.1,0.0,2009MM12,100.0
32123,A6,348100,32123,0.1,0.0,2010MM01,100.0
32124,A6,348100,32124,0.1,0.0,2010MM02,100.0
32125,A6,348100,32125,0.1,0.0,2010MM03,100.0
32126,A6,348100,32126,0.0,0.0,2010MM04,100.0
32127,A6,348100,32127,0.0,0.0,2010MM05,100.0
32128,A6,348100,32128,0.0,0.0,2010MM06,100.0
32129,A6,348100,32129,0.0,0.0,2010MM07,100.0
32130,A6,348100,32130,0.0,0.0,2010MM08,100.0
32131,A6,348100,32131,0.0,0.0,2010MM09,100.0
32132,A6,348100,32132,0.0,0.0,2010MM10,100.0
32133,A6,348100,32133,0.0,0.0,2010MM11,100.0
32134,A6,348100,32134,0.0,0.0,2010MM12,100.0
32136,A6,348100,32136,0.5,0.5,2011MM01,100.5
32137,A6,348100,32137,0.5,0.0,2011MM02,100.5
32138,A6,348100,32138,0.5,0.0,2011MM03,100.5
32139,A6,348100,32139,0.5,0.0,2011MM04,100.5
32140,A6,348100,32140,0.5,0.0,2011MM05,100.5
32141,A6,348100,32141,0.5,0.0,2011MM06,100.5
32142,A6,348100,32142,0.5,0.0,2011MM07,100.5
32143,A6,348100,32143,0.5,0.0,2011MM08,100.5
32144,A6,348100,32144,0.5,0.0,2011MM09,100.5
32145,A6,348100,32145,0.5,0.0,2011MM10,100.5
32146,A6,348100,32146,0.5,0.0,2011MM11,100.5
32147,A6,348100,32147,0.5,0.0,2011MM12,100.5
32149,A6,348100,32149,-10.0,-10.0,2012MM01,90.4
32150,A6,348100,32150,-10.0,0.0,2012MM02,90.4
32151,A6,348100,32151,-10.0,0.0,2012MM03,90.4
32152,A6,348100,32152,-10.0,0.0,2012MM04,90.4
32153,A6,348100,32153,-10.0,0.0,2012MM05,90.4
32154,A6,348100,32154,-10.0,0.0,2012MM06,90.4
32155,A6,348100,32155,-10.0,0.0,2012MM07,90.4
32156,A6,348100,32156,-10.0,0.0,2012MM08,90.4
32157,A6,348100,32157,-11.7,-1.8,2012MM09,88.7
32158,A6,348100,32158,-11.7,0.0,2012MM10,88.7
32159,A6,348100,32159,-11.7,0.0,2012MM11,88.7
32160,A6,348100,32160,-11.7,0.0,2012MM12,88.7
32162,A6,348100,32162,-0.6,1.2,2013MM01,89.8
32163,A6,348100,32163,-0.6,0.0,2013MM02,89.8
32164,A6,348100,32164,-0.6,0.0,2013MM03,89.8
32165,A6,348100,32165,-0.6,0.0,2013MM04,89.8
32166,A6,348100,32166,-0.6,0.0,2013MM05,89.8
32167,A6,348100,32167,-0.6,0.0,2013MM06,89.8
32168,A6,348100,32168,-0.6,0.0,2013MM07,89.8
32169,A6,348100,32169,-0.6,0.0,2013MM08,89.8
32170,A6,348100,32170,1.2,0.0,2013MM09,89.8
32171,A6,348100,32171,1.2,0.0,2013MM10,89.8
32172,A6,348100,32172,1.2,0.0,2013MM11,89.8
32173,A6,348100,32173,1.2,0.0,2013MM12,89.8
32175,A6,348100,32175,0.8,0.8,2014MM01,90.6
32176,A6,348100,32176,0.8,0.0,2014MM02,90.6
32177,A6,348100,32177,0.8,0.0,2014MM03,90.6
32178,A6,348100,32178,0.8,0.0,2014MM04,90.6
32179,A6,348100,32179,0.8,0.0,2014MM05,90.6
32180,A6,348100,32180,0.8,0.0,2014MM06,90.6
32181,A6,348100,32181,0.8,0.0,2014MM07,90.6
32182,A6,348100,32182,0.8,0.0,2014MM08,90.6
32183,A6,348100,32183,0.8,0.0,2014MM09,90.6
32184,A6,348100,32184,0.8,0.0,2014MM10,90.6
32185,A6,348100,32185,0.9,0.1,2014MM11,90.7
32186,A6,348100,32186,0.9,0.0,2014MM12,90.7
32188,A6,348100,32188,-0.1,-0.2,2015MM01,90.5
32189,A6,348100,32189,-0.1,0.0,2015MM02,90.5
32190,A6,348100,32190,-0.1,0.0,2015MM03,90.5
32191,A6,348100,32191,-0.1,0.0,2015MM04,90.5
32192,A6,348100,32192,-0.1,0.0,2015MM05,90.5
32193,A6,348100,32193,-0.1,0.0,2015MM06,90.5
32194,A6,348100,32194,-0.1,0.0,2015MM07,90.5
32195,A6,348100,32195,-0.1,0.0,2015MM08,90.5
32196,A6,348100,32196,-0.1,0.0,2015MM09,90.5
32197,A6,348100,32197,-0.1,0.0,2015MM10,90.5
32198,A6,348100,32198,-0.2,0.0,2015MM11,90.5
32199,A6,348100,32199,-0.2,0.0,2015MM12,90.5
32201,A6,348100,32201,-0.4,-0.4,2016MM01,90.1
32202,A6,348100,32202,-0.4,0.0,2016MM02,90.1
32203,A6,348100,32203,-0.7,-0.3,2016MM03,89.9
32204,A6,348100,32204,-0.7,0.0,2016MM04,89.9
32205,A6,348100,32205,-0.7,0.0,2016MM05,89.9
32206,A6,348100,32206,-0.7,0.0,2016MM06,89.9
32207,A6,348100,32207,-0.7,0.0,2016MM07,89.9
32208,A6,348100,32208,-0.7,0.0,2016MM08,89.9
32209,A6,348100,32209,-0.7,0.0,2016MM09,89.9
32210,A6,348100,32210,-0.7,0.0,2016MM10,89.9
32211,A6,348100,32211,-0.7,0.0,2016MM11,89.9
32212,A6,348100,32212,-0.7,0.0,2016MM12,89.9
32214,A6,348100,32214,-0.2,0.1,2017MM01,90.0
32215,A6,348100,32215,-0.2,0.0,2017MM02,90.0
32216,A6,348100,32216,0.1,0.0,2017MM03,90.0
32217,A6,348100,32217,0.1,0.0,2017MM04,90.0
32218,A6,348100,32218,0.1,0.0,2017MM05,90.0
32219,A6,348100,32219,0.1,0.0,2017MM06,90.0
32220,A6,348100,32220,0.1,0.0,2017MM07,90.0
32221,A6,348100,32221,0.1,0.0,2017MM08,90.0
32222,A6,348100,32222,0.1,0.0,2017MM09,90.0
32223,A6,348100,32223,0.1,0.0,2017MM10,90.0
32224,A6,348100,32224,0.1,0.0,2017MM11,90.0
32225,A6,348100,32225,0.1,0.0,2017MM12,90.0
