,Afzet,BedrijfstakkenBranchesSBI2008,ID,OntwikkelingTOV1JaarEerder_2,OntwikkelingTOV1MaandEerder_3,Perioden,ProducentenprijsindexPPI_1
63973,A4,348100,63973,1.54615384615,0.0,1981MM01,62.1
63974,A4,348100,63974,2.99230769231,0.0,1981MM02,62.1
63975,A4,348100,63975,4.43846153846,0.0,1981MM03,62.1
63976,A4,348100,63976,5.88461538462,2.1,1981MM04,63.3
63977,A4,348100,63977,7.33076923077,0.0,1981MM05,63.3
63978,A4,348100,63978,8.77692307692,0.0,1981MM06,63.3
63979,A4,348100,63979,10.2230769231,2.3,1981MM07,64.8
63980,A4,348100,63980,11.6692307692,0.0,1981MM08,64.8
63981,A4,348100,63981,13.1153846154,0.0,1981MM09,64.8
63982,A4,348100,63982,14.5615384615,0.7,1981MM10,65.2
63983,A4,348100,63983,16.0076923077,0.0,1981MM11,65.2
63984,A4,348100,63984,17.4538461538,0.0,1981MM12,65.2
63986,A4,348100,63986,18.9,13.1,1982MM01,73.8
63987,A4,348100,63987,18.9,0.0,1982MM02,73.8
63988,A4,348100,63988,18.9,0.0,1982MM03,73.8
63989,A4,348100,63989,15.8,-0.6,1982MM04,73.3
63990,A4,348100,63990,15.8,0.0,1982MM05,73.3
63991,A4,348100,63991,15.8,0.0,1982MM06,73.3
63992,A4,348100,63992,13.2,0.0,1982MM07,73.4
63993,A4,348100,63993,13.2,0.0,1982MM08,73.4
63994,A4,348100,63994,13.2,0.0,1982MM09,73.4
63995,A4,348100,63995,12.4,-0.1,1982MM10,73.3
63996,A4,348100,63996,12.4,0.0,1982MM11,73.3
63997,A4,348100,63997,12.4,0.0,1982MM12,73.3
63999,A4,348100,63999,4.3,4.9,1983MM01,76.9
64000,A4,348100,64000,4.3,0.0,1983MM02,76.9
64001,A4,348100,64001,4.3,0.0,1983MM03,76.9
64002,A4,348100,64002,4.3,-0.5,1983MM04,76.5
64003,A4,348100,64003,4.3,0.0,1983MM05,76.5
64004,A4,348100,64004,4.3,0.0,1983MM06,76.5
64005,A4,348100,64005,3.9,-0.4,1983MM07,76.2
64006,A4,348100,64006,3.9,0.0,1983MM08,76.2
64007,A4,348100,64007,3.9,0.0,1983MM09,76.2
64008,A4,348100,64008,5.2,1.1,1983MM10,77.1
64009,A4,348100,64009,5.2,0.0,1983MM11,77.1
64010,A4,348100,64010,5.2,0.0,1983MM12,77.1
64012,A4,348100,64012,5.7,5.4,1984MM01,81.3
64013,A4,348100,64013,5.7,0.0,1984MM02,81.3
64014,A4,348100,64014,5.7,0.0,1984MM03,81.3
64015,A4,348100,64015,6.8,0.6,1984MM04,81.7
64016,A4,348100,64016,6.7,-0.1,1984MM05,81.7
64017,A4,348100,64017,6.8,0.1,1984MM06,81.7
64018,A4,348100,64018,7.7,0.4,1984MM07,82.1
64019,A4,348100,64019,7.6,0.0,1984MM08,82.0
64020,A4,348100,64020,7.6,0.0,1984MM09,82.0
64021,A4,348100,64021,6.6,0.2,1984MM10,82.2
64022,A4,348100,64022,6.5,0.0,1984MM11,82.2
64023,A4,348100,64023,6.4,-0.1,1984MM12,82.1
64025,A4,348100,64025,5.5,4.5,1985MM01,85.8
64026,A4,348100,64026,5.7,0.2,1985MM02,85.9
64027,A4,348100,64027,5.7,0.0,1985MM03,85.9
64028,A4,348100,64028,5.1,0.0,1985MM04,85.9
64029,A4,348100,64029,6.3,1.1,1985MM05,86.8
64030,A4,348100,64030,6.2,0.0,1985MM06,86.8
64031,A4,348100,64031,5.7,0.0,1985MM07,86.8
64032,A4,348100,64032,5.0,-0.7,1985MM08,86.2
64033,A4,348100,64033,5.0,0.0,1985MM09,86.2
64034,A4,348100,64034,4.8,0.0,1985MM10,86.2
64035,A4,348100,64035,1.7,-3.0,1985MM11,83.6
64036,A4,348100,64036,1.8,0.0,1985MM12,83.6
64038,A4,348100,64038,-2.6,0.0,1986MM01,83.6
64039,A4,348100,64039,-10.2,-7.6,1986MM02,77.2
64040,A4,348100,64040,-2.2,8.8,1986MM03,84.0
64041,A4,348100,64041,-2.2,0.0,1986MM04,84.0
64042,A4,348100,64042,-3.2,0.0,1986MM05,84.0
64043,A4,348100,64043,-5.4,-2.3,1986MM06,82.1
64044,A4,348100,64044,-5.4,0.0,1986MM07,82.1
64045,A4,348100,64045,-4.7,0.0,1986MM08,82.1
64046,A4,348100,64046,-16.2,-12.0,1986MM09,72.2
64047,A4,348100,64047,-16.2,0.0,1986MM10,72.2
64048,A4,348100,64048,-13.6,0.0,1986MM11,72.2
64049,A4,348100,64049,-15.5,-2.2,1986MM12,70.6
64051,A4,348100,64051,-15.5,0.0,1987MM01,70.7
64052,A4,348100,64052,-8.5,0.0,1987MM02,70.7
64053,A4,348100,64053,-29.8,-16.6,1987MM03,58.9
64054,A4,348100,64054,-31.0,-1.7,1987MM04,58.0
64055,A4,348100,64055,-31.0,0.0,1987MM05,58.0
64056,A4,348100,64056,-29.4,0.0,1987MM06,57.9
64057,A4,348100,64057,-28.1,1.9,1987MM07,59.0
64058,A4,348100,64058,-28.1,0.0,1987MM08,59.0
64059,A4,348100,64059,-18.3,0.0,1987MM09,59.0
64060,A4,348100,64060,-17.9,0.6,1987MM10,59.3
64061,A4,348100,64061,-17.9,0.0,1987MM11,59.3
64062,A4,348100,64062,-16.1,0.0,1987MM12,59.3
64064,A4,348100,64064,-16.3,-0.2,1988MM01,59.2
64065,A4,348100,64065,-16.3,0.0,1988MM02,59.1
64066,A4,348100,64066,0.3,0.0,1988MM03,59.1
64067,A4,348100,64067,-2.6,-4.5,1988MM04,56.5
64068,A4,348100,64068,-0.7,1.9,1988MM05,57.6
64069,A4,348100,64069,-0.6,0.1,1988MM06,57.6
64070,A4,348100,64070,-2.4,0.1,1988MM07,57.6
64071,A4,348100,64071,-3.5,-1.2,1988MM08,56.9
64072,A4,348100,64072,-3.4,0.1,1988MM09,57.0
64073,A4,348100,64073,-3.8,0.1,1988MM10,57.1
64074,A4,348100,64074,-5.1,-1.4,1988MM11,56.3
64075,A4,348100,64075,-4.9,0.2,1988MM12,56.4
64077,A4,348100,64077,-4.5,0.2,1989MM01,56.5
64078,A4,348100,64078,-4.5,0.0,1989MM02,56.5
64079,A4,348100,64079,-4.4,0.1,1989MM03,56.5
64080,A4,348100,64080,0.0,0.0,1989MM04,56.5
64081,A4,348100,64081,-2.7,-0.9,1989MM05,56.0
64082,A4,348100,64082,-6.4,-3.7,1989MM06,53.9
64083,A4,348100,64083,-6.7,-0.3,1989MM07,53.8
64084,A4,348100,64084,-5.9,-0.4,1989MM08,53.6
64085,A4,348100,64085,-5.6,0.4,1989MM09,53.8
64086,A4,348100,64086,-6.2,-0.5,1989MM10,53.5
64087,A4,348100,64087,-5.5,-0.6,1989MM11,53.2
64088,A4,348100,64088,-0.9,5.1,1989MM12,55.9
64090,A4,348100,64090,-1.9,-0.8,1990MM01,55.4
64091,A4,348100,64091,-2.6,-0.6,1990MM02,55.1
64092,A4,348100,64092,-3.2,-0.6,1990MM03,54.7
64093,A4,348100,64093,-3.6,-0.4,1990MM04,54.5
64094,A4,348100,64094,-3.2,-0.5,1990MM05,54.2
64095,A4,348100,64095,-0.1,-0.7,1990MM06,53.9
64096,A4,348100,64096,-0.1,-0.3,1990MM07,53.7
64097,A4,348100,64097,-0.1,-0.3,1990MM08,53.5
64098,A4,348100,64098,-0.6,-0.1,1990MM09,53.5
64099,A4,348100,64099,-0.2,-0.2,1990MM10,53.4
64100,A4,348100,64100,0.4,0.0,1990MM11,53.4
64101,A4,348100,64101,-4.2,0.3,1990MM12,53.5
64103,A4,348100,64103,-3.1,0.2,1991MM01,53.7
64104,A4,348100,64104,0.9,3.6,1991MM02,55.6
64105,A4,348100,64105,1.2,-0.4,1991MM03,55.4
64106,A4,348100,64106,1.7,0.1,1991MM04,55.4
64107,A4,348100,64107,2.5,0.3,1991MM05,55.6
64108,A4,348100,64108,3.8,0.6,1991MM06,55.9
64109,A4,348100,64109,4.3,0.1,1991MM07,56.0
64110,A4,348100,64110,4.7,0.1,1991MM08,56.0
64111,A4,348100,64111,4.9,0.1,1991MM09,56.1
64112,A4,348100,64112,5.1,0.0,1991MM10,56.1
64113,A4,348100,64113,5.0,0.0,1991MM11,56.1
64114,A4,348100,64114,4.6,-0.1,1991MM12,56.0
64116,A4,348100,64116,4.4,0.0,1992MM01,56.0
64117,A4,348100,64117,0.7,-0.1,1992MM02,56.0
64118,A4,348100,64118,7.9,6.8,1992MM03,59.8
64119,A4,348100,64119,7.4,-0.4,1992MM04,59.5
64120,A4,348100,64120,7.0,0.0,1992MM05,59.5
64121,A4,348100,64121,6.4,0.0,1992MM06,59.5
64122,A4,348100,64122,6.4,0.1,1992MM07,59.6
64123,A4,348100,64123,6.5,0.2,1992MM08,59.7
64124,A4,348100,64124,6.5,0.1,1992MM09,59.7
64125,A4,348100,64125,6.9,0.4,1992MM10,59.9
64126,A4,348100,64126,7.1,0.1,1992MM11,60.0
64127,A4,348100,64127,7.3,0.1,1992MM12,60.1
64129,A4,348100,64129,7.5,0.2,1993MM01,60.2
64130,A4,348100,64130,7.7,0.1,1993MM02,60.3
64131,A4,348100,64131,0.9,0.0,1993MM03,60.3
64132,A4,348100,64132,9.9,8.5,1993MM04,65.4
64133,A4,348100,64133,9.7,-0.2,1993MM05,65.3
64134,A4,348100,64134,9.6,-0.1,1993MM06,65.2
64135,A4,348100,64135,9.4,-0.1,1993MM07,65.1
64136,A4,348100,64136,8.9,-0.2,1993MM08,65.0
64137,A4,348100,64137,8.6,-0.3,1993MM09,64.8
64138,A4,348100,64138,7.9,-0.3,1993MM10,64.7
64139,A4,348100,64139,7.6,-0.1,1993MM11,64.6
64140,A4,348100,64140,7.1,-0.4,1993MM12,64.3
64142,A4,348100,64142,6.4,-0.4,1994MM01,64.1
64143,A4,348100,64143,6.0,-0.3,1994MM02,63.9
64144,A4,348100,64144,5.9,-0.1,1994MM03,63.8
64145,A4,348100,64145,-2.3,0.1,1994MM04,63.9
64146,A4,348100,64146,3.6,5.8,1994MM05,67.6
64147,A4,348100,64147,3.2,-0.5,1994MM06,67.3
64148,A4,348100,64148,4.2,1.0,1994MM07,67.9
64149,A4,348100,64149,5.8,1.3,1994MM08,68.8
64150,A4,348100,64150,7.1,0.9,1994MM09,69.4
64151,A4,348100,64151,8.6,1.1,1994MM10,70.2
64152,A4,348100,64152,10.0,1.2,1994MM11,71.1
64153,A4,348100,64153,12.0,1.5,1994MM12,72.1
64155,A4,348100,64155,14.2,1.5,1995MM01,73.2
64156,A4,348100,64156,15.9,1.2,1995MM02,74.0
64157,A4,348100,64157,17.4,1.2,1995MM03,74.9
64158,A4,348100,64158,18.4,1.0,1995MM04,75.7
64159,A4,348100,64159,12.9,0.8,1995MM05,76.3
64160,A4,348100,64160,14.2,0.7,1995MM06,76.8
64161,A4,348100,64161,14.6,1.3,1995MM07,77.8
64162,A4,348100,64162,13.5,0.4,1995MM08,78.1
64163,A4,348100,64163,12.7,0.2,1995MM09,78.3
64164,A4,348100,64164,11.6,0.1,1995MM10,78.3
64165,A4,348100,64165,10.2,-0.1,1995MM11,78.3
64166,A4,348100,64166,8.4,-0.2,1995MM12,78.1
64168,A4,348100,64168,10.6,3.6,1996MM01,80.9
64169,A4,348100,64169,8.9,-0.3,1996MM02,80.7
64170,A4,348100,64170,7.4,-0.3,1996MM03,80.4
64171,A4,348100,64171,6.2,-0.1,1996MM04,80.3
64172,A4,348100,64172,5.1,-0.2,1996MM05,80.2
64173,A4,348100,64173,4.2,-0.2,1996MM06,80.0
64174,A4,348100,64174,2.8,-0.1,1996MM07,80.0
64175,A4,348100,64175,2.3,-0.1,1996MM08,79.9
64176,A4,348100,64176,2.0,-0.1,1996MM09,79.8
64177,A4,348100,64177,2.0,0.1,1996MM10,79.9
64178,A4,348100,64178,2.1,0.0,1996MM11,79.9
64179,A4,348100,64179,2.4,0.1,1996MM12,80.0
64181,A4,348100,64181,2.0,3.3,1997MM01,82.6
64182,A4,348100,64182,2.4,0.1,1997MM02,82.6
64183,A4,348100,64183,2.8,0.1,1997MM03,82.7
64184,A4,348100,64184,3.0,0.1,1997MM04,82.8
64185,A4,348100,64185,3.3,0.1,1997MM05,82.8
64186,A4,348100,64186,3.5,0.0,1997MM06,82.9
64187,A4,348100,64187,3.7,0.1,1997MM07,82.9
64188,A4,348100,64188,3.8,0.0,1997MM08,83.0
64189,A4,348100,64189,3.9,0.0,1997MM09,83.0
64190,A4,348100,64190,3.9,0.0,1997MM10,83.0
64191,A4,348100,64191,3.8,0.0,1997MM11,83.0
64192,A4,348100,64192,3.7,0.0,1997MM12,83.0
64194,A4,348100,64194,4.2,3.7,1998MM01,86.0
64195,A4,348100,64195,4.1,0.0,1998MM02,86.0
64196,A4,348100,64196,4.0,0.0,1998MM03,86.0
64197,A4,348100,64197,3.9,0.0,1998MM04,86.0
64198,A4,348100,64198,3.8,0.0,1998MM05,86.0
64199,A4,348100,64199,3.8,0.0,1998MM06,86.0
64200,A4,348100,64200,4.1,0.5,1998MM07,86.4
64201,A4,348100,64201,4.1,0.0,1998MM08,86.4
64202,A4,348100,64202,4.1,0.0,1998MM09,86.4
64203,A4,348100,64203,4.1,0.0,1998MM10,86.4
64204,A4,348100,64204,4.1,0.0,1998MM11,86.4
64205,A4,348100,64205,4.1,0.0,1998MM12,86.4
64207,A4,348100,64207,3.2,2.8,1999MM01,88.8
64208,A4,348100,64208,3.3,0.0,1999MM02,88.8
64209,A4,348100,64209,3.3,0.0,1999MM03,88.8
64210,A4,348100,64210,3.3,0.0,1999MM04,88.8
64211,A4,348100,64211,3.3,0.0,1999MM05,88.8
64212,A4,348100,64212,3.3,0.0,1999MM06,88.8
64213,A4,348100,64213,2.8,-0.1,1999MM07,88.7
64214,A4,348100,64214,2.8,0.0,1999MM08,88.7
64215,A4,348100,64215,2.8,0.0,1999MM09,88.7
64216,A4,348100,64216,2.8,0.0,1999MM10,88.7
64217,A4,348100,64217,2.8,0.0,1999MM11,88.7
64218,A4,348100,64218,2.7,0.0,1999MM12,88.7
64220,A4,348100,64220,2.1,2.1,2000MM01,90.6
64221,A4,348100,64221,2.1,0.0,2000MM02,90.6
64222,A4,348100,64222,2.1,0.0,2000MM03,90.6
64223,A4,348100,64223,2.0,0.0,2000MM04,90.6
64224,A4,348100,64224,2.0,0.0,2000MM05,90.6
64225,A4,348100,64225,2.0,0.0,2000MM06,90.6
64226,A4,348100,64226,2.1,0.0,2000MM07,90.6
64227,A4,348100,64227,2.1,0.0,2000MM08,90.6
64228,A4,348100,64228,2.1,0.0,2000MM09,90.6
64229,A4,348100,64229,2.1,0.0,2000MM10,90.6
64230,A4,348100,64230,2.1,0.0,2000MM11,90.6
64231,A4,348100,64231,2.1,0.0,2000MM12,90.6
64233,A4,348100,64233,0.5,0.5,2001MM01,91.1
64234,A4,348100,64234,0.5,0.0,2001MM02,91.1
64235,A4,348100,64235,0.5,0.0,2001MM03,91.1
64236,A4,348100,64236,0.5,0.0,2001MM04,91.1
64237,A4,348100,64237,0.5,0.0,2001MM05,91.1
64238,A4,348100,64238,0.5,0.0,2001MM06,91.1
64239,A4,348100,64239,0.5,0.0,2001MM07,91.1
64240,A4,348100,64240,0.5,0.0,2001MM08,91.1
64241,A4,348100,64241,0.5,0.0,2001MM09,91.1
64242,A4,348100,64242,0.5,0.0,2001MM10,91.1
64243,A4,348100,64243,0.5,0.0,2001MM11,91.1
64244,A4,348100,64244,0.5,0.0,2001MM12,91.1
64246,A4,348100,64246,1.5,1.5,2002MM01,92.5
64247,A4,348100,64247,1.5,0.0,2002MM02,92.5
64248,A4,348100,64248,1.5,0.0,2002MM03,92.5
64249,A4,348100,64249,1.5,0.0,2002MM04,92.5
64250,A4,348100,64250,1.5,0.0,2002MM05,92.5
64251,A4,348100,64251,1.5,0.0,2002MM06,92.5
64252,A4,348100,64252,1.5,0.0,2002MM07,92.5
64253,A4,348100,64253,1.5,0.0,2002MM08,92.5
64254,A4,348100,64254,1.5,0.0,2002MM09,92.5
64255,A4,348100,64255,1.5,0.0,2002MM10,92.5
64256,A4,348100,64256,1.5,0.0,2002MM11,92.5
64257,A4,348100,64257,1.5,0.0,2002MM12,92.5
64259,A4,348100,64259,4.5,4.5,2003MM01,96.6
64260,A4,348100,64260,4.5,0.0,2003MM02,96.6
64261,A4,348100,64261,4.5,0.0,2003MM03,96.6
64262,A4,348100,64262,4.5,0.0,2003MM04,96.6
64263,A4,348100,64263,4.5,0.0,2003MM05,96.6
64264,A4,348100,64264,4.5,0.0,2003MM06,96.6
64265,A4,348100,64265,4.5,0.0,2003MM07,96.6
64266,A4,348100,64266,4.5,0.0,2003MM08,96.6
64267,A4,348100,64267,4.5,0.0,2003MM09,96.6
64268,A4,348100,64268,4.5,0.0,2003MM10,96.6
64269,A4,348100,64269,4.5,0.0,2003MM11,96.6
64270,A4,348100,64270,4.5,0.0,2003MM12,96.6
64272,A4,348100,64272,1.0,1.0,2004MM01,97.6
64273,A4,348100,64273,1.0,0.0,2004MM02,97.6
64274,A4,348100,64274,1.0,0.0,2004MM03,97.6
64275,A4,348100,64275,1.0,0.0,2004MM04,97.6
64276,A4,348100,64276,1.0,0.0,2004MM05,97.6
64277,A4,348100,64277,1.0,0.0,2004MM06,97.6
64278,A4,348100,64278,-0.4,-1.4,2004MM07,96.2
64279,A4,348100,64279,-0.4,0.0,2004MM08,96.2
64280,A4,348100,64280,-0.4,0.0,2004MM09,96.2
64281,A4,348100,64281,-0.5,0.0,2004MM10,96.2
64282,A4,348100,64282,-0.5,0.0,2004MM11,96.2
64283,A4,348100,64283,4.4,4.9,2004MM12,100.9
64285,A4,348100,64285,4.06153846154,2.45,2005MM01,101.3
64286,A4,348100,64286,3.72307692308,0.0,2005MM02,101.3
64287,A4,348100,64287,3.38461538462,0.0,2005MM03,101.3
64288,A4,348100,64288,3.04615384615,0.0,2005MM04,101.3
64289,A4,348100,64289,2.70769230769,0.0,2005MM05,101.3
64290,A4,348100,64290,2.36923076923,0.0,2005MM06,101.3
64291,A4,348100,64291,2.03076923077,0.0,2005MM07,101.3
64292,A4,348100,64292,1.69230769231,0.0,2005MM08,101.3
64293,A4,348100,64293,1.35384615385,0.0,2005MM09,101.3
64294,A4,348100,64294,1.01538461538,0.2,2005MM10,101.5
64295,A4,348100,64295,0.676923076923,0.0,2005MM11,101.5
64296,A4,348100,64296,0.338461538462,0.0,2005MM12,101.5
64298,A4,348100,64298,0.0,-0.2,2006MM01,101.3
64299,A4,348100,64299,0.0,0.0,2006MM02,101.3
64300,A4,348100,64300,0.0,0.0,2006MM03,101.3
64301,A4,348100,64301,0.0,0.0,2006MM04,101.3
64302,A4,348100,64302,0.0,0.0,2006MM05,101.3
64303,A4,348100,64303,0.0,0.0,2006MM06,101.3
64304,A4,348100,64304,-0.1,-0.1,2006MM07,101.2
64305,A4,348100,64305,-0.1,0.0,2006MM08,101.2
64306,A4,348100,64306,-0.1,0.0,2006MM09,101.2
64307,A4,348100,64307,-0.3,0.0,2006MM10,101.2
64308,A4,348100,64308,-0.3,0.0,2006MM11,101.2
64309,A4,348100,64309,-0.3,0.0,2006MM12,101.2
64311,A4,348100,64311,-1.0,-0.9,2007MM01,100.3
64312,A4,348100,64312,-1.0,0.0,2007MM02,100.3
64313,A4,348100,64313,-1.0,0.0,2007MM03,100.3
64314,A4,348100,64314,-1.0,0.0,2007MM04,100.3
64315,A4,348100,64315,-1.0,0.0,2007MM05,100.3
64316,A4,348100,64316,-1.0,0.0,2007MM06,100.3
64317,A4,348100,64317,-0.9,0.0,2007MM07,100.3
64318,A4,348100,64318,-0.9,0.0,2007MM08,100.3
64319,A4,348100,64319,-0.9,0.0,2007MM09,100.3
64320,A4,348100,64320,-0.9,0.0,2007MM10,100.3
64321,A4,348100,64321,-0.9,0.0,2007MM11,100.3
64322,A4,348100,64322,-0.9,0.0,2007MM12,100.3
64324,A4,348100,64324,-0.4,-0.4,2008MM01,99.9
64325,A4,348100,64325,-0.4,0.0,2008MM02,99.9
64326,A4,348100,64326,-0.4,0.0,2008MM03,99.9
64327,A4,348100,64327,-0.4,0.0,2008MM04,99.9
64328,A4,348100,64328,-0.4,0.0,2008MM05,99.9
64329,A4,348100,64329,-0.4,0.0,2008MM06,99.9
64330,A4,348100,64330,-0.4,0.0,2008MM07,99.9
64331,A4,348100,64331,-0.4,0.0,2008MM08,99.9
64332,A4,348100,64332,-0.4,0.0,2008MM09,99.9
64333,A4,348100,64333,-0.4,0.0,2008MM10,99.9
64334,A4,348100,64334,-0.4,0.0,2008MM11,99.9
64335,A4,348100,64335,-0.4,0.0,2008MM12,99.9
64337,A4,348100,64337,0.0,0.0,2009MM01,99.9
64338,A4,348100,64338,0.0,0.0,2009MM02,99.9
64339,A4,348100,64339,0.0,0.0,2009MM03,99.9
64340,A4,348100,64340,0.1,0.1,2009MM04,100.0
64341,A4,348100,64341,0.1,0.0,2009MM05,100.0
64342,A4,348100,64342,0.1,0.0,2009MM06,100.0
64343,A4,348100,64343,0.1,0.0,2009MM07,100.0
64344,A4,348100,64344,0.1,0.0,2009MM08,100.0
64345,A4,348100,64345,0.1,0.0,2009MM09,100.0
64346,A4,348100,64346,0.1,0.0,2009MM10,100.0
64347,A4,348100,64347,0.1,0.0,2009MM11,100.0
64348,A4,348100,64348,0.1,0.0,2009MM12,100.0
64350,A4,348100,64350,0.1,0.0,2010MM01,100.0
64351,A4,348100,64351,0.1,0.0,2010MM02,100.0
64352,A4,348100,64352,0.1,0.0,2010MM03,100.0
64353,A4,348100,64353,0.0,0.0,2010MM04,100.0
64354,A4,348100,64354,0.0,0.0,2010MM05,100.0
64355,A4,348100,64355,0.0,0.0,2010MM06,100.0
64356,A4,348100,64356,0.0,0.0,2010MM07,100.0
64357,A4,348100,64357,0.0,0.0,2010MM08,100.0
64358,A4,348100,64358,0.0,0.0,2010MM09,100.0
64359,A4,348100,64359,0.0,0.0,2010MM10,100.0
64360,A4,348100,64360,0.0,0.0,2010MM11,100.0
64361,A4,348100,64361,0.0,0.0,2010MM12,100.0
64363,A4,348100,64363,0.5,0.5,2011MM01,100.5
64364,A4,348100,64364,0.5,0.0,2011MM02,100.5
64365,A4,348100,64365,0.5,0.0,2011MM03,100.5
64366,A4,348100,64366,0.5,0.0,2011MM04,100.5
64367,A4,348100,64367,0.5,0.0,2011MM05,100.5
64368,A4,348100,64368,0.5,0.0,2011MM06,100.5
64369,A4,348100,64369,0.5,0.0,2011MM07,100.5
64370,A4,348100,64370,0.5,0.0,2011MM08,100.5
64371,A4,348100,64371,0.5,0.0,2011MM09,100.5
64372,A4,348100,64372,0.5,0.0,2011MM10,100.5
64373,A4,348100,64373,0.5,0.0,2011MM11,100.5
64374,A4,348100,64374,0.5,0.0,2011MM12,100.5
64376,A4,348100,64376,-10.0,-10.0,2012MM01,90.4
64377,A4,348100,64377,-10.0,0.0,2012MM02,90.4
64378,A4,348100,64378,-10.0,0.0,2012MM03,90.4
64379,A4,348100,64379,-10.0,0.0,2012MM04,90.4
64380,A4,348100,64380,-10.0,0.0,2012MM05,90.4
64381,A4,348100,64381,-10.0,0.0,2012MM06,90.4
64382,A4,348100,64382,-10.0,0.0,2012MM07,90.4
64383,A4,348100,64383,-10.0,0.0,2012MM08,90.4
64384,A4,348100,64384,-11.7,-1.8,2012MM09,88.7
64385,A4,348100,64385,-11.7,0.0,2012MM10,88.7
64386,A4,348100,64386,-11.7,0.0,2012MM11,88.7
64387,A4,348100,64387,-11.7,0.0,2012MM12,88.7
64389,A4,348100,64389,-0.6,1.2,2013MM01,89.8
64390,A4,348100,64390,-0.6,0.0,2013MM02,89.8
64391,A4,348100,64391,-0.6,0.0,2013MM03,89.8
64392,A4,348100,64392,-0.6,0.0,2013MM04,89.8
64393,A4,348100,64393,-0.6,0.0,2013MM05,89.8
64394,A4,348100,64394,-0.6,0.0,2013MM06,89.8
64395,A4,348100,64395,-0.6,0.0,2013MM07,89.8
64396,A4,348100,64396,-0.6,0.0,2013MM08,89.8
64397,A4,348100,64397,1.2,0.0,2013MM09,89.8
64398,A4,348100,64398,1.2,0.0,2013MM10,89.8
64399,A4,348100,64399,1.2,0.0,2013MM11,89.8
64400,A4,348100,64400,1.2,0.0,2013MM12,89.8
64402,A4,348100,64402,0.8,0.8,2014MM01,90.6
64403,A4,348100,64403,0.8,0.0,2014MM02,90.6
64404,A4,348100,64404,0.8,0.0,2014MM03,90.6
64405,A4,348100,64405,0.8,0.0,2014MM04,90.6
64406,A4,348100,64406,0.8,0.0,2014MM05,90.6
64407,A4,348100,64407,0.8,0.0,2014MM06,90.6
64408,A4,348100,64408,0.8,0.0,2014MM07,90.6
64409,A4,348100,64409,0.8,0.0,2014MM08,90.6
64410,A4,348100,64410,0.8,0.0,2014MM09,90.6
64411,A4,348100,64411,0.8,0.0,2014MM10,90.6
64412,A4,348100,64412,0.9,0.1,2014MM11,90.7
64413,A4,348100,64413,0.9,0.0,2014MM12,90.7
64415,A4,348100,64415,-0.1,-0.2,2015MM01,90.5
64416,A4,348100,64416,-0.1,0.0,2015MM02,90.5
64417,A4,348100,64417,-0.1,0.0,2015MM03,90.5
64418,A4,348100,64418,-0.1,0.0,2015MM04,90.5
64419,A4,348100,64419,-0.1,0.0,2015MM05,90.5
64420,A4,348100,64420,-0.1,0.0,2015MM06,90.5
64421,A4,348100,64421,-0.1,0.0,2015MM07,90.5
64422,A4,348100,64422,-0.1,0.0,2015MM08,90.5
64423,A4,348100,64423,-0.1,0.0,2015MM09,90.5
64424,A4,348100,64424,-0.1,0.0,2015MM10,90.5
64425,A4,348100,64425,-0.2,0.0,2015MM11,90.5
64426,A4,348100,64426,-0.2,0.0,2015MM12,90.5
64428,A4,348100,64428,-0.4,-0.4,2016MM01,90.1
64429,A4,348100,64429,-0.4,0.0,2016MM02,90.1
64430,A4,348100,64430,-0.7,-0.3,2016MM03,89.9
64431,A4,348100,64431,-0.7,0.0,2016MM04,89.9
64432,A4,348100,64432,-0.7,0.0,2016MM05,89.9
64433,A4,348100,64433,-0.7,0.0,2016MM06,89.9
64434,A4,348100,64434,-0.7,0.0,2016MM07,89.9
64435,A4,348100,64435,-0.7,0.0,2016MM08,89.9
64436,A4,348100,64436,-0.7,0.0,2016MM09,89.9
64437,A4,348100,64437,-0.7,0.0,2016MM10,89.9
64438,A4,348100,64438,-0.7,0.0,2016MM11,89.9
64439,A4,348100,64439,-0.7,0.0,2016MM12,89.9
64441,A4,348100,64441,-0.2,0.1,2017MM01,90.0
64442,A4,348100,64442,-0.2,0.0,2017MM02,90.0
64443,A4,348100,64443,0.1,0.0,2017MM03,90.0
64444,A4,348100,64444,0.1,0.0,2017MM04,90.0
64445,A4,348100,64445,0.1,0.0,2017MM05,90.0
64446,A4,348100,64446,0.1,0.0,2017MM06,90.0
64447,A4,348100,64447,0.1,0.0,2017MM07,90.0
64448,A4,348100,64448,0.1,0.0,2017MM08,90.0
64449,A4,348100,64449,0.1,0.0,2017MM09,90.0
64450,A4,348100,64450,0.1,0.0,2017MM10,90.0
64451,A4,348100,64451,0.1,0.0,2017MM11,90.0
64452,A4,348100,64452,0.1,0.0,2017MM12,90.0
