,Afzet,BedrijfstakkenBranchesSBI2008,ID,OntwikkelingTOV1JaarEerder_2,OntwikkelingTOV1MaandEerder_3,Perioden,ProducentenprijsindexPPI_1
87542,A5,800002,87542,3.19634551495,0.101379310345,1981MM01,109.244290657
87543,A5,800002,87543,3.1926910299,0.10275862069,1981MM02,109.188581315
87544,A5,800002,87544,3.18903654485,0.104137931034,1981MM03,109.132871972
87545,A5,800002,87545,3.1853820598,0.105517241379,1981MM04,109.07716263
87546,A5,800002,87546,3.18172757475,0.106896551724,1981MM05,109.021453287
87547,A5,800002,87547,3.1780730897,0.108275862069,1981MM06,108.965743945
87548,A5,800002,87548,3.17441860465,0.109655172414,1981MM07,108.910034602
87549,A5,800002,87549,3.1707641196,0.111034482759,1981MM08,108.85432526
87550,A5,800002,87550,3.16710963455,0.112413793103,1981MM09,108.798615917
87551,A5,800002,87551,3.1634551495,0.113793103448,1981MM10,108.742906574
87552,A5,800002,87552,3.15980066445,0.115172413793,1981MM11,108.687197232
87553,A5,800002,87553,3.1561461794,0.116551724138,1981MM12,108.631487889
87555,A5,800002,87555,3.15249169435,0.117931034483,1982MM01,108.575778547
87556,A5,800002,87556,3.1488372093,0.119310344828,1982MM02,108.520069204
87557,A5,800002,87557,3.14518272425,0.120689655172,1982MM03,108.464359862
87558,A5,800002,87558,3.1415282392,0.122068965517,1982MM04,108.408650519
87559,A5,800002,87559,3.13787375415,0.123448275862,1982MM05,108.352941176
87560,A5,800002,87560,3.1342192691,0.124827586207,1982MM06,108.297231834
87561,A5,800002,87561,3.13056478405,0.126206896552,1982MM07,108.241522491
87562,A5,800002,87562,3.126910299,0.127586206897,1982MM08,108.185813149
87563,A5,800002,87563,3.12325581395,0.128965517241,1982MM09,108.130103806
87564,A5,800002,87564,3.1196013289,0.130344827586,1982MM10,108.074394464
87565,A5,800002,87565,3.11594684385,0.131724137931,1982MM11,108.018685121
87566,A5,800002,87566,3.1122923588,0.133103448276,1982MM12,107.962975779
87568,A5,800002,87568,3.10863787375,0.134482758621,1983MM01,107.907266436
87569,A5,800002,87569,3.1049833887,0.135862068966,1983MM02,107.851557093
87570,A5,800002,87570,3.10132890365,0.13724137931,1983MM03,107.795847751
87571,A5,800002,87571,3.0976744186,0.138620689655,1983MM04,107.740138408
87572,A5,800002,87572,3.09401993355,0.14,1983MM05,107.684429066
87573,A5,800002,87573,3.0903654485,0.141379310345,1983MM06,107.628719723
87574,A5,800002,87574,3.08671096346,0.14275862069,1983MM07,107.573010381
87575,A5,800002,87575,3.08305647841,0.144137931034,1983MM08,107.517301038
87576,A5,800002,87576,3.07940199336,0.145517241379,1983MM09,107.461591696
87577,A5,800002,87577,3.07574750831,0.146896551724,1983MM10,107.405882353
87578,A5,800002,87578,3.07209302326,0.148275862069,1983MM11,107.35017301
87579,A5,800002,87579,3.06843853821,0.149655172414,1983MM12,107.294463668
87581,A5,800002,87581,3.06478405316,0.151034482759,1984MM01,107.238754325
87582,A5,800002,87582,3.06112956811,0.152413793103,1984MM02,107.183044983
87583,A5,800002,87583,3.05747508306,0.153793103448,1984MM03,107.12733564
87584,A5,800002,87584,3.05382059801,0.155172413793,1984MM04,107.071626298
87585,A5,800002,87585,3.05016611296,0.156551724138,1984MM05,107.015916955
87586,A5,800002,87586,3.04651162791,0.157931034483,1984MM06,106.960207612
87587,A5,800002,87587,3.04285714286,0.159310344828,1984MM07,106.90449827
87588,A5,800002,87588,3.03920265781,0.160689655172,1984MM08,106.848788927
87589,A5,800002,87589,3.03554817276,0.162068965517,1984MM09,106.793079585
87590,A5,800002,87590,3.03189368771,0.163448275862,1984MM10,106.737370242
87591,A5,800002,87591,3.02823920266,0.164827586207,1984MM11,106.6816609
87592,A5,800002,87592,3.02458471761,0.166206896552,1984MM12,106.625951557
87594,A5,800002,87594,3.02093023256,0.167586206897,1985MM01,106.570242215
87595,A5,800002,87595,3.01727574751,0.168965517241,1985MM02,106.514532872
87596,A5,800002,87596,3.01362126246,0.170344827586,1985MM03,106.458823529
87597,A5,800002,87597,3.00996677741,0.171724137931,1985MM04,106.403114187
87598,A5,800002,87598,3.00631229236,0.173103448276,1985MM05,106.347404844
87599,A5,800002,87599,3.00265780731,0.174482758621,1985MM06,106.291695502
87600,A5,800002,87600,2.99900332226,0.175862068966,1985MM07,106.235986159
87601,A5,800002,87601,2.99534883721,0.17724137931,1985MM08,106.180276817
87602,A5,800002,87602,2.99169435216,0.178620689655,1985MM09,106.124567474
87603,A5,800002,87603,2.98803986711,0.18,1985MM10,106.068858131
87604,A5,800002,87604,2.98438538206,0.181379310345,1985MM11,106.013148789
87605,A5,800002,87605,2.98073089701,0.18275862069,1985MM12,105.957439446
87607,A5,800002,87607,2.97707641196,0.184137931034,1986MM01,105.901730104
87608,A5,800002,87608,2.97342192691,0.185517241379,1986MM02,105.846020761
87609,A5,800002,87609,2.96976744186,0.186896551724,1986MM03,105.790311419
87610,A5,800002,87610,2.96611295681,0.188275862069,1986MM04,105.734602076
87611,A5,800002,87611,2.96245847176,0.189655172414,1986MM05,105.678892734
87612,A5,800002,87612,2.95880398671,0.191034482759,1986MM06,105.623183391
87613,A5,800002,87613,2.95514950166,0.192413793103,1986MM07,105.567474048
87614,A5,800002,87614,2.95149501661,0.193793103448,1986MM08,105.511764706
87615,A5,800002,87615,2.94784053156,0.195172413793,1986MM09,105.456055363
87616,A5,800002,87616,2.94418604651,0.196551724138,1986MM10,105.400346021
87617,A5,800002,87617,2.94053156146,0.197931034483,1986MM11,105.344636678
87618,A5,800002,87618,2.93687707641,0.199310344828,1986MM12,105.288927336
87620,A5,800002,87620,2.93322259136,0.200689655172,1987MM01,105.233217993
87621,A5,800002,87621,2.92956810631,0.202068965517,1987MM02,105.177508651
87622,A5,800002,87622,2.92591362126,0.203448275862,1987MM03,105.121799308
87623,A5,800002,87623,2.92225913621,0.204827586207,1987MM04,105.066089965
87624,A5,800002,87624,2.91860465116,0.206206896552,1987MM05,105.010380623
87625,A5,800002,87625,2.91495016611,0.207586206897,1987MM06,104.95467128
87626,A5,800002,87626,2.91129568106,0.208965517241,1987MM07,104.898961938
87627,A5,800002,87627,2.90764119601,0.210344827586,1987MM08,104.843252595
87628,A5,800002,87628,2.90398671096,0.211724137931,1987MM09,104.787543253
87629,A5,800002,87629,2.90033222591,0.213103448276,1987MM10,104.73183391
87630,A5,800002,87630,2.89667774086,0.214482758621,1987MM11,104.676124567
87631,A5,800002,87631,2.89302325581,0.215862068966,1987MM12,104.620415225
87633,A5,800002,87633,2.88936877076,0.21724137931,1988MM01,104.564705882
87634,A5,800002,87634,2.88571428571,0.218620689655,1988MM02,104.50899654
87635,A5,800002,87635,2.88205980066,0.22,1988MM03,104.453287197
87636,A5,800002,87636,2.87840531561,0.221379310345,1988MM04,104.397577855
87637,A5,800002,87637,2.87475083056,0.22275862069,1988MM05,104.341868512
87638,A5,800002,87638,2.87109634551,0.224137931034,1988MM06,104.28615917
87639,A5,800002,87639,2.86744186047,0.225517241379,1988MM07,104.230449827
87640,A5,800002,87640,2.86378737542,0.226896551724,1988MM08,104.174740484
87641,A5,800002,87641,2.86013289037,0.228275862069,1988MM09,104.119031142
87642,A5,800002,87642,2.85647840532,0.229655172414,1988MM10,104.063321799
87643,A5,800002,87643,2.85282392027,0.231034482759,1988MM11,104.007612457
87644,A5,800002,87644,2.84916943522,0.232413793103,1988MM12,103.951903114
87646,A5,800002,87646,2.84551495017,0.233793103448,1989MM01,103.896193772
87647,A5,800002,87647,2.84186046512,0.235172413793,1989MM02,103.840484429
87648,A5,800002,87648,2.83820598007,0.236551724138,1989MM03,103.784775087
87649,A5,800002,87649,2.83455149502,0.237931034483,1989MM04,103.729065744
87650,A5,800002,87650,2.83089700997,0.239310344828,1989MM05,103.673356401
87651,A5,800002,87651,2.82724252492,0.240689655172,1989MM06,103.617647059
87652,A5,800002,87652,2.82358803987,0.242068965517,1989MM07,103.561937716
87653,A5,800002,87653,2.81993355482,0.243448275862,1989MM08,103.506228374
87654,A5,800002,87654,2.81627906977,0.244827586207,1989MM09,103.450519031
87655,A5,800002,87655,2.81262458472,0.246206896552,1989MM10,103.394809689
87656,A5,800002,87656,2.80897009967,0.247586206897,1989MM11,103.339100346
87657,A5,800002,87657,2.80531561462,0.248965517241,1989MM12,103.283391003
87659,A5,800002,87659,2.80166112957,0.250344827586,1990MM01,103.227681661
87660,A5,800002,87660,2.79800664452,0.251724137931,1990MM02,103.171972318
87661,A5,800002,87661,2.79435215947,0.253103448276,1990MM03,103.116262976
87662,A5,800002,87662,2.79069767442,0.254482758621,1990MM04,103.060553633
87663,A5,800002,87663,2.78704318937,0.255862068966,1990MM05,103.004844291
87664,A5,800002,87664,2.78338870432,0.25724137931,1990MM06,102.949134948
87665,A5,800002,87665,2.77973421927,0.258620689655,1990MM07,102.893425606
87666,A5,800002,87666,2.77607973422,0.26,1990MM08,102.837716263
87667,A5,800002,87667,2.77242524917,0.261379310345,1990MM09,102.78200692
87668,A5,800002,87668,2.76877076412,0.26275862069,1990MM10,102.726297578
87669,A5,800002,87669,2.76511627907,0.264137931034,1990MM11,102.670588235
87670,A5,800002,87670,2.76146179402,0.265517241379,1990MM12,102.614878893
87672,A5,800002,87672,2.75780730897,0.266896551724,1991MM01,102.55916955
87673,A5,800002,87673,2.75415282392,0.268275862069,1991MM02,102.503460208
87674,A5,800002,87674,2.75049833887,0.269655172414,1991MM03,102.447750865
87675,A5,800002,87675,2.74684385382,0.271034482759,1991MM04,102.392041522
87676,A5,800002,87676,2.74318936877,0.272413793103,1991MM05,102.33633218
87677,A5,800002,87677,2.73953488372,0.273793103448,1991MM06,102.280622837
87678,A5,800002,87678,2.73588039867,0.275172413793,1991MM07,102.224913495
87679,A5,800002,87679,2.73222591362,0.276551724138,1991MM08,102.169204152
87680,A5,800002,87680,2.72857142857,0.277931034483,1991MM09,102.11349481
87681,A5,800002,87681,2.72491694352,0.279310344828,1991MM10,102.057785467
87682,A5,800002,87682,2.72126245847,0.280689655172,1991MM11,102.002076125
87683,A5,800002,87683,2.71760797342,0.282068965517,1991MM12,101.946366782
87685,A5,800002,87685,2.71395348837,0.283448275862,1992MM01,101.890657439
87686,A5,800002,87686,2.71029900332,0.284827586207,1992MM02,101.834948097
87687,A5,800002,87687,2.70664451827,0.286206896552,1992MM03,101.779238754
87688,A5,800002,87688,2.70299003322,0.287586206897,1992MM04,101.723529412
87689,A5,800002,87689,2.69933554817,0.288965517241,1992MM05,101.667820069
87690,A5,800002,87690,2.69568106312,0.290344827586,1992MM06,101.612110727
87691,A5,800002,87691,2.69202657807,0.291724137931,1992MM07,101.556401384
87692,A5,800002,87692,2.68837209302,0.293103448276,1992MM08,101.500692042
87693,A5,800002,87693,2.68471760797,0.294482758621,1992MM09,101.444982699
87694,A5,800002,87694,2.68106312292,0.295862068966,1992MM10,101.389273356
87695,A5,800002,87695,2.67740863787,0.29724137931,1992MM11,101.333564014
87696,A5,800002,87696,2.67375415282,0.298620689655,1992MM12,101.277854671
87698,A5,800002,87698,2.67009966777,0.3,1993MM01,101.222145329
87699,A5,800002,87699,2.66644518272,0.301379310345,1993MM02,101.166435986
87700,A5,800002,87700,2.66279069767,0.30275862069,1993MM03,101.110726644
87701,A5,800002,87701,2.65913621262,0.304137931034,1993MM04,101.055017301
87702,A5,800002,87702,2.65548172757,0.305517241379,1993MM05,100.999307958
87703,A5,800002,87703,2.65182724252,0.306896551724,1993MM06,100.943598616
87704,A5,800002,87704,2.64817275748,0.308275862069,1993MM07,100.887889273
87705,A5,800002,87705,2.64451827243,0.309655172414,1993MM08,100.832179931
87706,A5,800002,87706,2.64086378738,0.311034482759,1993MM09,100.776470588
87707,A5,800002,87707,2.63720930233,0.312413793103,1993MM10,100.720761246
87708,A5,800002,87708,2.63355481728,0.313793103448,1993MM11,100.665051903
87709,A5,800002,87709,2.62990033223,0.315172413793,1993MM12,100.609342561
87711,A5,800002,87711,2.62624584718,0.316551724138,1994MM01,100.553633218
87712,A5,800002,87712,2.62259136213,0.317931034483,1994MM02,100.497923875
87713,A5,800002,87713,2.61893687708,0.319310344828,1994MM03,100.442214533
87714,A5,800002,87714,2.61528239203,0.320689655172,1994MM04,100.38650519
87715,A5,800002,87715,2.61162790698,0.322068965517,1994MM05,100.330795848
87716,A5,800002,87716,2.60797342193,0.323448275862,1994MM06,100.275086505
87717,A5,800002,87717,2.60431893688,0.324827586207,1994MM07,100.219377163
87718,A5,800002,87718,2.60066445183,0.326206896552,1994MM08,100.16366782
87719,A5,800002,87719,2.59700996678,0.327586206897,1994MM09,100.107958478
87720,A5,800002,87720,2.59335548173,0.328965517241,1994MM10,100.052249135
87721,A5,800002,87721,2.58970099668,0.330344827586,1994MM11,99.9965397924
87722,A5,800002,87722,2.58604651163,0.331724137931,1994MM12,99.9408304498
87724,A5,800002,87724,2.58239202658,0.333103448276,1995MM01,99.8851211073
87725,A5,800002,87725,2.57873754153,0.334482758621,1995MM02,99.8294117647
87726,A5,800002,87726,2.57508305648,0.335862068966,1995MM03,99.7737024221
87727,A5,800002,87727,2.57142857143,0.33724137931,1995MM04,99.7179930796
87728,A5,800002,87728,2.56777408638,0.338620689655,1995MM05,99.662283737
87729,A5,800002,87729,2.56411960133,0.34,1995MM06,99.6065743945
87730,A5,800002,87730,2.56046511628,0.341379310345,1995MM07,99.5508650519
87731,A5,800002,87731,2.55681063123,0.34275862069,1995MM08,99.4951557093
87732,A5,800002,87732,2.55315614618,0.344137931034,1995MM09,99.4394463668
87733,A5,800002,87733,2.54950166113,0.345517241379,1995MM10,99.3837370242
87734,A5,800002,87734,2.54584717608,0.346896551724,1995MM11,99.3280276817
87735,A5,800002,87735,2.54219269103,0.348275862069,1995MM12,99.2723183391
87737,A5,800002,87737,2.53853820598,0.349655172414,1996MM01,99.2166089965
87738,A5,800002,87738,2.53488372093,0.351034482759,1996MM02,99.160899654
87739,A5,800002,87739,2.53122923588,0.352413793103,1996MM03,99.1051903114
87740,A5,800002,87740,2.52757475083,0.353793103448,1996MM04,99.0494809689
87741,A5,800002,87741,2.52392026578,0.355172413793,1996MM05,98.9937716263
87742,A5,800002,87742,2.52026578073,0.356551724138,1996MM06,98.9380622837
87743,A5,800002,87743,2.51661129568,0.357931034483,1996MM07,98.8823529412
87744,A5,800002,87744,2.51295681063,0.359310344828,1996MM08,98.8266435986
87745,A5,800002,87745,2.50930232558,0.360689655172,1996MM09,98.7709342561
87746,A5,800002,87746,2.50564784053,0.362068965517,1996MM10,98.7152249135
87747,A5,800002,87747,2.50199335548,0.363448275862,1996MM11,98.6595155709
87748,A5,800002,87748,2.49833887043,0.364827586207,1996MM12,98.6038062284
87750,A5,800002,87750,2.49468438538,0.366206896552,1997MM01,98.5480968858
87751,A5,800002,87751,2.49102990033,0.367586206897,1997MM02,98.4923875433
87752,A5,800002,87752,2.48737541528,0.368965517241,1997MM03,98.4366782007
87753,A5,800002,87753,2.48372093023,0.370344827586,1997MM04,98.3809688581
87754,A5,800002,87754,2.48006644518,0.371724137931,1997MM05,98.3252595156
87755,A5,800002,87755,2.47641196013,0.373103448276,1997MM06,98.269550173
87756,A5,800002,87756,2.47275747508,0.374482758621,1997MM07,98.2138408304
87757,A5,800002,87757,2.46910299003,0.375862068966,1997MM08,98.1581314879
87758,A5,800002,87758,2.46544850498,0.37724137931,1997MM09,98.1024221453
87759,A5,800002,87759,2.46179401993,0.378620689655,1997MM10,98.0467128028
87760,A5,800002,87760,2.45813953488,0.38,1997MM11,97.9910034602
87761,A5,800002,87761,2.45448504983,0.381379310345,1997MM12,97.9352941176
87763,A5,800002,87763,2.45083056478,0.38275862069,1998MM01,97.8795847751
87764,A5,800002,87764,2.44717607973,0.384137931034,1998MM02,97.8238754325
87765,A5,800002,87765,2.44352159468,0.385517241379,1998MM03,97.76816609
87766,A5,800002,87766,2.43986710963,0.386896551724,1998MM04,97.7124567474
87767,A5,800002,87767,2.43621262458,0.388275862069,1998MM05,97.6567474048
87768,A5,800002,87768,2.43255813953,0.389655172414,1998MM06,97.6010380623
87769,A5,800002,87769,2.42890365449,0.391034482759,1998MM07,97.5453287197
87770,A5,800002,87770,2.42524916944,0.392413793103,1998MM08,97.4896193772
87771,A5,800002,87771,2.42159468439,0.393793103448,1998MM09,97.4339100346
87772,A5,800002,87772,2.41794019934,0.395172413793,1998MM10,97.378200692
87773,A5,800002,87773,2.41428571429,0.396551724138,1998MM11,97.3224913495
87774,A5,800002,87774,2.41063122924,0.397931034483,1998MM12,97.2667820069
87776,A5,800002,87776,2.40697674419,0.399310344828,1999MM01,97.2110726644
87777,A5,800002,87777,2.40332225914,0.400689655172,1999MM02,97.1553633218
87778,A5,800002,87778,2.39966777409,0.402068965517,1999MM03,97.0996539792
87779,A5,800002,87779,2.39601328904,0.403448275862,1999MM04,97.0439446367
87780,A5,800002,87780,2.39235880399,0.404827586207,1999MM05,96.9882352941
87781,A5,800002,87781,2.38870431894,0.406206896552,1999MM06,96.9325259516
87782,A5,800002,87782,2.38504983389,0.407586206897,1999MM07,96.876816609
87783,A5,800002,87783,2.38139534884,0.408965517241,1999MM08,96.8211072664
87784,A5,800002,87784,2.37774086379,0.410344827586,1999MM09,96.7653979239
87785,A5,800002,87785,2.37408637874,0.411724137931,1999MM10,96.7096885813
87786,A5,800002,87786,2.37043189369,0.413103448276,1999MM11,96.6539792388
87787,A5,800002,87787,2.36677740864,0.414482758621,1999MM12,96.5982698962
87789,A5,800002,87789,2.36312292359,0.415862068966,2000MM01,96.5425605536
87790,A5,800002,87790,2.35946843854,0.41724137931,2000MM02,96.4868512111
87791,A5,800002,87791,2.35581395349,0.418620689655,2000MM03,96.4311418685
87792,A5,800002,87792,2.35215946844,0.42,2000MM04,96.375432526
87793,A5,800002,87793,2.34850498339,0.421379310345,2000MM05,96.3197231834
87794,A5,800002,87794,2.34485049834,0.42275862069,2000MM06,96.2640138408
87795,A5,800002,87795,2.34119601329,0.424137931034,2000MM07,96.2083044983
87796,A5,800002,87796,2.33754152824,0.425517241379,2000MM08,96.1525951557
87797,A5,800002,87797,2.33388704319,0.426896551724,2000MM09,96.0968858131
87798,A5,800002,87798,2.33023255814,0.428275862069,2000MM10,96.0411764706
87799,A5,800002,87799,2.32657807309,0.429655172414,2000MM11,95.985467128
87800,A5,800002,87800,2.32292358804,0.431034482759,2000MM12,95.9297577855
87802,A5,800002,87802,2.31926910299,0.432413793103,2001MM01,95.8740484429
87803,A5,800002,87803,2.31561461794,0.433793103448,2001MM02,95.8183391003
87804,A5,800002,87804,2.31196013289,0.435172413793,2001MM03,95.7626297578
87805,A5,800002,87805,2.30830564784,0.436551724138,2001MM04,95.7069204152
87806,A5,800002,87806,2.30465116279,0.437931034483,2001MM05,95.6512110727
87807,A5,800002,87807,2.30099667774,0.439310344828,2001MM06,95.5955017301
87808,A5,800002,87808,2.29734219269,0.440689655172,2001MM07,95.5397923875
87809,A5,800002,87809,2.29368770764,0.442068965517,2001MM08,95.484083045
87810,A5,800002,87810,2.29003322259,0.443448275862,2001MM09,95.4283737024
87811,A5,800002,87811,2.28637873754,0.444827586207,2001MM10,95.3726643599
87812,A5,800002,87812,2.28272425249,0.446206896552,2001MM11,95.3169550173
87813,A5,800002,87813,2.27906976744,0.447586206897,2001MM12,95.2612456747
87815,A5,800002,87815,2.27541528239,0.448965517241,2002MM01,95.2055363322
87816,A5,800002,87816,2.27176079734,0.450344827586,2002MM02,95.1498269896
87817,A5,800002,87817,2.26810631229,0.451724137931,2002MM03,95.0941176471
87818,A5,800002,87818,2.26445182724,0.453103448276,2002MM04,95.0384083045
87819,A5,800002,87819,2.26079734219,0.454482758621,2002MM05,94.9826989619
87820,A5,800002,87820,2.25714285714,0.455862068966,2002MM06,94.9269896194
87821,A5,800002,87821,2.25348837209,0.45724137931,2002MM07,94.8712802768
87822,A5,800002,87822,2.24983388704,0.458620689655,2002MM08,94.8155709343
87823,A5,800002,87823,2.24617940199,0.46,2002MM09,94.7598615917
87824,A5,800002,87824,2.24252491694,0.461379310345,2002MM10,94.7041522491
87825,A5,800002,87825,2.23887043189,0.46275862069,2002MM11,94.6484429066
87826,A5,800002,87826,2.23521594684,0.464137931034,2002MM12,94.592733564
87828,A5,800002,87828,2.23156146179,0.465517241379,2003MM01,94.5370242215
87829,A5,800002,87829,2.22790697674,0.466896551724,2003MM02,94.4813148789
87830,A5,800002,87830,2.22425249169,0.468275862069,2003MM03,94.4256055363
87831,A5,800002,87831,2.22059800664,0.469655172414,2003MM04,94.3698961938
87832,A5,800002,87832,2.21694352159,0.471034482759,2003MM05,94.3141868512
87833,A5,800002,87833,2.21328903654,0.472413793103,2003MM06,94.2584775087
87834,A5,800002,87834,2.2096345515,0.473793103448,2003MM07,94.2027681661
87835,A5,800002,87835,2.20598006645,0.475172413793,2003MM08,94.1470588235
87836,A5,800002,87836,2.2023255814,0.476551724138,2003MM09,94.091349481
87837,A5,800002,87837,2.19867109635,0.477931034483,2003MM10,94.0356401384
87838,A5,800002,87838,2.1950166113,0.479310344828,2003MM11,93.9799307958
87839,A5,800002,87839,2.19136212625,0.480689655172,2003MM12,93.9242214533
87841,A5,800002,87841,2.1877076412,0.482068965517,2004MM01,93.8685121107
87842,A5,800002,87842,2.18405315615,0.483448275862,2004MM02,93.8128027682
87843,A5,800002,87843,2.1803986711,0.484827586207,2004MM03,93.7570934256
87844,A5,800002,87844,2.17674418605,0.486206896552,2004MM04,93.701384083
87845,A5,800002,87845,2.173089701,0.487586206897,2004MM05,93.6456747405
87846,A5,800002,87846,2.16943521595,0.488965517241,2004MM06,93.5899653979
87847,A5,800002,87847,2.1657807309,0.490344827586,2004MM07,93.5342560554
87848,A5,800002,87848,2.16212624585,0.491724137931,2004MM08,93.4785467128
87849,A5,800002,87849,2.1584717608,0.493103448276,2004MM09,93.4228373702
87850,A5,800002,87850,2.15481727575,0.494482758621,2004MM10,93.3671280277
87851,A5,800002,87851,2.1511627907,0.495862068966,2004MM11,93.3114186851
87852,A5,800002,87852,2.14750830565,0.49724137931,2004MM12,93.2557093426
87854,A5,800002,87854,2.1438538206,0.498620689655,2005MM01,93.2
87855,A5,800002,87855,2.14019933555,0.5,2005MM02,93.7
87856,A5,800002,87856,2.1365448505,0.0,2005MM03,93.7
87857,A5,800002,87857,2.13289036545,0.1,2005MM04,93.8
87858,A5,800002,87858,2.1292358804,0.3,2005MM05,94.1
87859,A5,800002,87859,2.12558139535,0.3,2005MM06,94.4
87860,A5,800002,87860,2.1219269103,-0.3,2005MM07,94.1
87861,A5,800002,87861,2.11827242525,-0.3,2005MM08,93.7
87862,A5,800002,87862,2.1146179402,0.2,2005MM09,93.9
87863,A5,800002,87863,2.11096345515,0.7,2005MM10,94.5
87864,A5,800002,87864,2.1073089701,0.3,2005MM11,94.8
87865,A5,800002,87865,2.10365448505,0.1,2005MM12,94.9
87867,A5,800002,87867,2.1,0.3,2006MM01,95.2
87868,A5,800002,87868,1.9,0.3,2006MM02,95.5
87869,A5,800002,87869,2.1,0.2,2006MM03,95.6
87870,A5,800002,87870,2.9,0.9,2006MM04,96.5
87871,A5,800002,87871,2.5,-0.1,2006MM05,96.5
87872,A5,800002,87872,2.7,0.4,2006MM06,96.9
87873,A5,800002,87873,3.9,0.9,2006MM07,97.8
87874,A5,800002,87874,4.4,0.2,2006MM08,97.9
87875,A5,800002,87875,4.3,0.0,2006MM09,98.0
87876,A5,800002,87876,4.4,0.7,2006MM10,98.6
87877,A5,800002,87877,3.6,-0.4,2006MM11,98.2
87878,A5,800002,87878,3.0,-0.4,2006MM12,97.8
87880,A5,800002,87880,3.6,0.8,2007MM01,98.6
87881,A5,800002,87881,2.8,-0.5,2007MM02,98.1
87882,A5,800002,87882,2.7,0.1,2007MM03,98.2
87883,A5,800002,87883,2.5,0.8,2007MM04,99.0
87884,A5,800002,87884,3.1,0.5,2007MM05,99.5
87885,A5,800002,87885,2.6,0.0,2007MM06,99.4
87886,A5,800002,87886,1.5,-0.2,2007MM07,99.2
87887,A5,800002,87887,1.2,-0.1,2007MM08,99.1
87888,A5,800002,87888,0.7,-0.4,2007MM09,98.7
87889,A5,800002,87889,-0.2,-0.2,2007MM10,98.5
87890,A5,800002,87890,-0.4,-0.7,2007MM11,97.8
87891,A5,800002,87891,0.1,0.0,2007MM12,97.8
87893,A5,800002,87893,-1.3,-0.5,2008MM01,97.3
87894,A5,800002,87894,-0.4,0.4,2008MM02,97.7
87895,A5,800002,87895,-0.6,-0.1,2008MM03,97.6
87896,A5,800002,87896,-0.3,1.1,2008MM04,98.7
87897,A5,800002,87897,0.7,1.5,2008MM05,100.2
87898,A5,800002,87898,1.9,1.1,2008MM06,101.3
87899,A5,800002,87899,3.5,1.4,2008MM07,102.7
87900,A5,800002,87900,4.7,1.0,2008MM08,103.7
87901,A5,800002,87901,4.8,-0.3,2008MM09,103.4
87902,A5,800002,87902,4.8,-0.2,2008MM10,103.2
87903,A5,800002,87903,3.9,-1.5,2008MM11,101.6
87904,A5,800002,87904,1.0,-2.8,2008MM12,98.8
87906,A5,800002,87906,1.6,0.0,2009MM01,98.9
87907,A5,800002,87907,0.7,-0.5,2009MM02,98.4
87908,A5,800002,87908,0.4,-0.3,2009MM03,98.1
87909,A5,800002,87909,-1.4,-0.8,2009MM04,97.3
87910,A5,800002,87910,-3.4,-0.5,2009MM05,96.8
87911,A5,800002,87911,-4.6,-0.2,2009MM06,96.6
87912,A5,800002,87912,-6.3,-0.4,2009MM07,96.2
87913,A5,800002,87913,-7.3,-0.1,2009MM08,96.2
87914,A5,800002,87914,-7.0,0.0,2009MM09,96.1
87915,A5,800002,87915,-6.8,0.1,2009MM10,96.2
87916,A5,800002,87916,-5.6,-0.2,2009MM11,96.0
87917,A5,800002,87917,-2.5,0.4,2009MM12,96.4
87919,A5,800002,87919,-2.2,0.4,2010MM01,96.7
87920,A5,800002,87920,-1.1,0.6,2010MM02,97.3
87921,A5,800002,87921,-0.2,0.6,2010MM03,97.9
87922,A5,800002,87922,2.6,1.9,2010MM04,99.8
87923,A5,800002,87923,4.9,1.7,2010MM05,101.5
87924,A5,800002,87924,5.5,0.4,2010MM06,101.9
87925,A5,800002,87925,4.7,-1.1,2010MM07,100.8
87926,A5,800002,87926,4.9,0.1,2010MM08,100.8
87927,A5,800002,87927,5.0,0.1,2010MM09,101.0
87928,A5,800002,87928,4.3,-0.6,2010MM10,100.4
87929,A5,800002,87929,5.0,0.4,2010MM11,100.8
87930,A5,800002,87930,4.9,0.3,2010MM12,101.1
87932,A5,800002,87932,5.5,0.9,2011MM01,102.0
87933,A5,800002,87933,5.3,0.5,2011MM02,102.5
87934,A5,800002,87934,5.2,0.6,2011MM03,103.1
87935,A5,800002,87935,3.3,0.1,2011MM04,103.1
87936,A5,800002,87936,1.6,0.0,2011MM05,103.1
87937,A5,800002,87937,1.0,-0.2,2011MM06,102.9
87938,A5,800002,87938,2.2,0.0,2011MM07,103.0
87939,A5,800002,87939,2.1,0.0,2011MM08,102.9
87940,A5,800002,87940,1.8,-0.1,2011MM09,102.8
87941,A5,800002,87941,2.2,-0.2,2011MM10,102.6
87942,A5,800002,87942,1.6,-0.2,2011MM11,102.4
87943,A5,800002,87943,1.1,-0.3,2011MM12,102.1
87945,A5,800002,87945,1.0,0.9,2012MM01,103.0
87946,A5,800002,87946,0.6,0.0,2012MM02,103.0
87947,A5,800002,87947,0.0,0.0,2012MM03,103.0
87948,A5,800002,87948,-0.3,-0.2,2012MM04,102.8
87949,A5,800002,87949,-0.6,-0.3,2012MM05,102.6
87950,A5,800002,87950,-0.6,-0.2,2012MM06,102.4
87951,A5,800002,87951,-0.5,0.1,2012MM07,102.5
87952,A5,800002,87952,-0.9,-0.5,2012MM08,101.9
87953,A5,800002,87953,-0.9,-0.1,2012MM09,101.9
87954,A5,800002,87954,-0.9,-0.2,2012MM10,101.7
87955,A5,800002,87955,-0.8,-0.1,2012MM11,101.6
87956,A5,800002,87956,-0.3,0.2,2012MM12,101.8
87958,A5,800002,87958,1.1,2.2,2013MM01,104.1
87959,A5,800002,87959,1.2,0.2,2013MM02,104.3
87960,A5,800002,87960,1.3,0.0,2013MM03,104.3
87961,A5,800002,87961,1.0,-0.4,2013MM04,103.9
87962,A5,800002,87962,1.0,-0.3,2013MM05,103.6
87963,A5,800002,87963,0.9,-0.3,2013MM06,103.3
87964,A5,800002,87964,0.5,-0.3,2013MM07,103.0
87965,A5,800002,87965,1.0,0.0,2013MM08,103.0
87966,A5,800002,87966,1.2,0.2,2013MM09,103.2
87967,A5,800002,87967,1.3,-0.1,2013MM10,103.0
87968,A5,800002,87968,1.3,-0.1,2013MM11,102.9
87969,A5,800002,87969,1.0,-0.1,2013MM12,102.9
87971,A5,800002,87971,-1.6,-0.4,2014MM01,102.5
87972,A5,800002,87972,-1.8,-0.1,2014MM02,102.4
87973,A5,800002,87973,-2.0,-0.1,2014MM03,102.3
87974,A5,800002,87974,-1.5,0.1,2014MM04,102.4
87975,A5,800002,87975,-1.1,0.1,2014MM05,102.5
87976,A5,800002,87976,-0.6,0.2,2014MM06,102.7
87977,A5,800002,87977,-0.5,-0.2,2014MM07,102.5
87978,A5,800002,87978,-0.5,0.0,2014MM08,102.5
87979,A5,800002,87979,-0.4,0.3,2014MM09,102.8
87980,A5,800002,87980,-0.1,0.1,2014MM10,102.9
87981,A5,800002,87981,-0.1,0.0,2014MM11,102.9
87982,A5,800002,87982,0.0,0.0,2014MM12,102.8
87984,A5,800002,87984,0.6,0.3,2015MM01,103.1
87985,A5,800002,87985,0.8,0.1,2015MM02,103.2
87986,A5,800002,87986,1.3,0.4,2015MM03,103.6
87987,A5,800002,87987,3.2,2.0,2015MM04,105.6
87988,A5,800002,87988,2.9,-0.2,2015MM05,105.4
87989,A5,800002,87989,2.5,-0.2,2015MM06,105.2
87990,A5,800002,87990,2.7,0.1,2015MM07,105.2
87991,A5,800002,87991,2.5,-0.2,2015MM08,105.0
87992,A5,800002,87992,2.1,-0.1,2015MM09,104.9
87993,A5,800002,87993,1.1,-0.8,2015MM10,104.0
87994,A5,800002,87994,1.1,0.0,2015MM11,104.0
87995,A5,800002,87995,0.6,-0.5,2015MM12,103.5
87997,A5,800002,87997,0.0,-0.3,2016MM01,103.2
87998,A5,800002,87998,-0.3,-0.2,2016MM02,103.0
87999,A5,800002,87999,-0.8,-0.2,2016MM03,102.8
88000,A5,800002,88000,-2.7,0.0,2016MM04,102.8
88001,A5,800002,88001,-2.2,0.3,2016MM05,103.1
88002,A5,800002,88002,-1.8,0.2,2016MM06,103.3
88003,A5,800002,88003,-1.6,0.3,2016MM07,103.6
88004,A5,800002,88004,-1.2,0.2,2016MM08,103.8
88005,A5,800002,88005,-1.1,0.0,2016MM09,103.8
88006,A5,800002,88006,-2.8,-2.6,2016MM10,101.1
88007,A5,800002,88007,-2.7,0.2,2016MM11,101.3
88008,A5,800002,88008,-1.6,0.5,2016MM12,101.8
88010,A5,800002,88010,-0.9,0.4,2017MM01,102.2
88011,A5,800002,88011,0.0,0.7,2017MM02,102.9
88012,A5,800002,88012,0.7,0.5,2017MM03,103.5
88013,A5,800002,88013,0.6,-0.1,2017MM04,103.4
88014,A5,800002,88014,0.1,-0.1,2017MM05,103.2
88015,A5,800002,88015,-0.3,-0.2,2017MM06,103.0
88016,A5,800002,88016,-0.9,-0.3,2017MM07,102.7
88017,A5,800002,88017,-1.0,0.1,2017MM08,102.8
88018,A5,800002,88018,-0.8,0.2,2017MM09,102.9
88019,A5,800002,88019,2.0,0.2,2017MM10,103.1
88020,A5,800002,88020,2.0,0.2,2017MM11,103.3
88021,A5,800002,88021,1.2,-0.3,2017MM12,103.0
