,Afzet,BedrijfstakkenBranchesSBI2008,ID,OntwikkelingTOV1JaarEerder_2,OntwikkelingTOV1MaandEerder_3,Perioden,ProducentenprijsindexPPI_1
55315,A4,800002,55315,2.09634551495,-0.198965517241,1981MM01,105.64532872
55316,A4,800002,55316,2.0926910299,-0.197931034483,1981MM02,105.590657439
55317,A4,800002,55317,2.08903654485,-0.196896551724,1981MM03,105.535986159
55318,A4,800002,55318,2.0853820598,-0.195862068966,1981MM04,105.481314879
55319,A4,800002,55319,2.08172757475,-0.194827586207,1981MM05,105.426643599
55320,A4,800002,55320,2.0780730897,-0.193793103448,1981MM06,105.371972318
55321,A4,800002,55321,2.07441860465,-0.19275862069,1981MM07,105.317301038
55322,A4,800002,55322,2.0707641196,-0.191724137931,1981MM08,105.262629758
55323,A4,800002,55323,2.06710963455,-0.190689655172,1981MM09,105.207958478
55324,A4,800002,55324,2.0634551495,-0.189655172414,1981MM10,105.153287197
55325,A4,800002,55325,2.05980066445,-0.188620689655,1981MM11,105.098615917
55326,A4,800002,55326,2.0561461794,-0.187586206897,1981MM12,105.043944637
55328,A4,800002,55328,2.05249169435,-0.186551724138,1982MM01,104.989273356
55329,A4,800002,55329,2.0488372093,-0.185517241379,1982MM02,104.934602076
55330,A4,800002,55330,2.04518272425,-0.184482758621,1982MM03,104.879930796
55331,A4,800002,55331,2.0415282392,-0.183448275862,1982MM04,104.825259516
55332,A4,800002,55332,2.03787375415,-0.182413793103,1982MM05,104.770588235
55333,A4,800002,55333,2.0342192691,-0.181379310345,1982MM06,104.715916955
55334,A4,800002,55334,2.03056478405,-0.180344827586,1982MM07,104.661245675
55335,A4,800002,55335,2.026910299,-0.179310344828,1982MM08,104.606574394
55336,A4,800002,55336,2.02325581395,-0.178275862069,1982MM09,104.551903114
55337,A4,800002,55337,2.0196013289,-0.17724137931,1982MM10,104.497231834
55338,A4,800002,55338,2.01594684385,-0.176206896552,1982MM11,104.442560554
55339,A4,800002,55339,2.0122923588,-0.175172413793,1982MM12,104.387889273
55341,A4,800002,55341,2.00863787375,-0.174137931034,1983MM01,104.333217993
55342,A4,800002,55342,2.0049833887,-0.173103448276,1983MM02,104.278546713
55343,A4,800002,55343,2.00132890365,-0.172068965517,1983MM03,104.223875433
55344,A4,800002,55344,1.9976744186,-0.171034482759,1983MM04,104.169204152
55345,A4,800002,55345,1.99401993355,-0.17,1983MM05,104.114532872
55346,A4,800002,55346,1.9903654485,-0.168965517241,1983MM06,104.059861592
55347,A4,800002,55347,1.98671096346,-0.167931034483,1983MM07,104.005190311
55348,A4,800002,55348,1.98305647841,-0.166896551724,1983MM08,103.950519031
55349,A4,800002,55349,1.97940199336,-0.165862068966,1983MM09,103.895847751
55350,A4,800002,55350,1.97574750831,-0.164827586207,1983MM10,103.841176471
55351,A4,800002,55351,1.97209302326,-0.163793103448,1983MM11,103.78650519
55352,A4,800002,55352,1.96843853821,-0.16275862069,1983MM12,103.73183391
55354,A4,800002,55354,1.96478405316,-0.161724137931,1984MM01,103.67716263
55355,A4,800002,55355,1.96112956811,-0.160689655172,1984MM02,103.622491349
55356,A4,800002,55356,1.95747508306,-0.159655172414,1984MM03,103.567820069
55357,A4,800002,55357,1.95382059801,-0.158620689655,1984MM04,103.513148789
55358,A4,800002,55358,1.95016611296,-0.157586206897,1984MM05,103.458477509
55359,A4,800002,55359,1.94651162791,-0.156551724138,1984MM06,103.403806228
55360,A4,800002,55360,1.94285714286,-0.155517241379,1984MM07,103.349134948
55361,A4,800002,55361,1.93920265781,-0.154482758621,1984MM08,103.294463668
55362,A4,800002,55362,1.93554817276,-0.153448275862,1984MM09,103.239792388
55363,A4,800002,55363,1.93189368771,-0.152413793103,1984MM10,103.185121107
55364,A4,800002,55364,1.92823920266,-0.151379310345,1984MM11,103.130449827
55365,A4,800002,55365,1.92458471761,-0.150344827586,1984MM12,103.075778547
55367,A4,800002,55367,1.92093023256,-0.149310344828,1985MM01,103.021107266
55368,A4,800002,55368,1.91727574751,-0.148275862069,1985MM02,102.966435986
55369,A4,800002,55369,1.91362126246,-0.14724137931,1985MM03,102.911764706
55370,A4,800002,55370,1.90996677741,-0.146206896552,1985MM04,102.857093426
55371,A4,800002,55371,1.90631229236,-0.145172413793,1985MM05,102.802422145
55372,A4,800002,55372,1.90265780731,-0.144137931034,1985MM06,102.747750865
55373,A4,800002,55373,1.89900332226,-0.143103448276,1985MM07,102.693079585
55374,A4,800002,55374,1.89534883721,-0.142068965517,1985MM08,102.638408304
55375,A4,800002,55375,1.89169435216,-0.141034482759,1985MM09,102.583737024
55376,A4,800002,55376,1.88803986711,-0.14,1985MM10,102.529065744
55377,A4,800002,55377,1.88438538206,-0.138965517241,1985MM11,102.474394464
55378,A4,800002,55378,1.88073089701,-0.137931034483,1985MM12,102.419723183
55380,A4,800002,55380,1.87707641196,-0.136896551724,1986MM01,102.365051903
55381,A4,800002,55381,1.87342192691,-0.135862068966,1986MM02,102.310380623
55382,A4,800002,55382,1.86976744186,-0.134827586207,1986MM03,102.255709343
55383,A4,800002,55383,1.86611295681,-0.133793103448,1986MM04,102.201038062
55384,A4,800002,55384,1.86245847176,-0.13275862069,1986MM05,102.146366782
55385,A4,800002,55385,1.85880398671,-0.131724137931,1986MM06,102.091695502
55386,A4,800002,55386,1.85514950166,-0.130689655172,1986MM07,102.037024221
55387,A4,800002,55387,1.85149501661,-0.129655172414,1986MM08,101.982352941
55388,A4,800002,55388,1.84784053156,-0.128620689655,1986MM09,101.927681661
55389,A4,800002,55389,1.84418604651,-0.127586206897,1986MM10,101.873010381
55390,A4,800002,55390,1.84053156146,-0.126551724138,1986MM11,101.8183391
55391,A4,800002,55391,1.83687707641,-0.125517241379,1986MM12,101.76366782
55393,A4,800002,55393,1.83322259136,-0.124482758621,1987MM01,101.70899654
55394,A4,800002,55394,1.82956810631,-0.123448275862,1987MM02,101.65432526
55395,A4,800002,55395,1.82591362126,-0.122413793103,1987MM03,101.599653979
55396,A4,800002,55396,1.82225913621,-0.121379310345,1987MM04,101.544982699
55397,A4,800002,55397,1.81860465116,-0.120344827586,1987MM05,101.490311419
55398,A4,800002,55398,1.81495016611,-0.119310344828,1987MM06,101.435640138
55399,A4,800002,55399,1.81129568106,-0.118275862069,1987MM07,101.380968858
55400,A4,800002,55400,1.80764119601,-0.11724137931,1987MM08,101.326297578
55401,A4,800002,55401,1.80398671096,-0.116206896552,1987MM09,101.271626298
55402,A4,800002,55402,1.80033222591,-0.115172413793,1987MM10,101.216955017
55403,A4,800002,55403,1.79667774086,-0.114137931034,1987MM11,101.162283737
55404,A4,800002,55404,1.79302325581,-0.113103448276,1987MM12,101.107612457
55406,A4,800002,55406,1.78936877076,-0.112068965517,1988MM01,101.052941176
55407,A4,800002,55407,1.78571428571,-0.111034482759,1988MM02,100.998269896
55408,A4,800002,55408,1.78205980066,-0.11,1988MM03,100.943598616
55409,A4,800002,55409,1.77840531561,-0.108965517241,1988MM04,100.888927336
55410,A4,800002,55410,1.77475083056,-0.107931034483,1988MM05,100.834256055
55411,A4,800002,55411,1.77109634551,-0.106896551724,1988MM06,100.779584775
55412,A4,800002,55412,1.76744186047,-0.105862068966,1988MM07,100.724913495
55413,A4,800002,55413,1.76378737542,-0.104827586207,1988MM08,100.670242215
55414,A4,800002,55414,1.76013289037,-0.103793103448,1988MM09,100.615570934
55415,A4,800002,55415,1.75647840532,-0.10275862069,1988MM10,100.560899654
55416,A4,800002,55416,1.75282392027,-0.101724137931,1988MM11,100.506228374
55417,A4,800002,55417,1.74916943522,-0.100689655172,1988MM12,100.451557093
55419,A4,800002,55419,1.74551495017,-0.0996551724138,1989MM01,100.396885813
55420,A4,800002,55420,1.74186046512,-0.0986206896552,1989MM02,100.342214533
55421,A4,800002,55421,1.73820598007,-0.0975862068966,1989MM03,100.287543253
55422,A4,800002,55422,1.73455149502,-0.0965517241379,1989MM04,100.232871972
55423,A4,800002,55423,1.73089700997,-0.0955172413793,1989MM05,100.178200692
55424,A4,800002,55424,1.72724252492,-0.0944827586207,1989MM06,100.123529412
55425,A4,800002,55425,1.72358803987,-0.0934482758621,1989MM07,100.068858131
55426,A4,800002,55426,1.71993355482,-0.0924137931034,1989MM08,100.014186851
55427,A4,800002,55427,1.71627906977,-0.0913793103448,1989MM09,99.9595155709
55428,A4,800002,55428,1.71262458472,-0.0903448275862,1989MM10,99.9048442907
55429,A4,800002,55429,1.70897009967,-0.0893103448276,1989MM11,99.8501730104
55430,A4,800002,55430,1.70531561462,-0.088275862069,1989MM12,99.7955017301
55432,A4,800002,55432,1.70166112957,-0.0872413793103,1990MM01,99.7408304498
55433,A4,800002,55433,1.69800664452,-0.0862068965517,1990MM02,99.6861591696
55434,A4,800002,55434,1.69435215947,-0.0851724137931,1990MM03,99.6314878893
55435,A4,800002,55435,1.69069767442,-0.0841379310345,1990MM04,99.576816609
55436,A4,800002,55436,1.68704318937,-0.0831034482759,1990MM05,99.5221453287
55437,A4,800002,55437,1.68338870432,-0.0820689655172,1990MM06,99.4674740484
55438,A4,800002,55438,1.67973421927,-0.0810344827586,1990MM07,99.4128027682
55439,A4,800002,55439,1.67607973422,-0.08,1990MM08,99.3581314879
55440,A4,800002,55440,1.67242524917,-0.0789655172414,1990MM09,99.3034602076
55441,A4,800002,55441,1.66877076412,-0.0779310344828,1990MM10,99.2487889273
55442,A4,800002,55442,1.66511627907,-0.0768965517241,1990MM11,99.1941176471
55443,A4,800002,55443,1.66146179402,-0.0758620689655,1990MM12,99.1394463668
55445,A4,800002,55445,1.65780730897,-0.0748275862069,1991MM01,99.0847750865
55446,A4,800002,55446,1.65415282392,-0.0737931034483,1991MM02,99.0301038062
55447,A4,800002,55447,1.65049833887,-0.0727586206897,1991MM03,98.975432526
55448,A4,800002,55448,1.64684385382,-0.071724137931,1991MM04,98.9207612457
55449,A4,800002,55449,1.64318936877,-0.0706896551724,1991MM05,98.8660899654
55450,A4,800002,55450,1.63953488372,-0.0696551724138,1991MM06,98.8114186851
55451,A4,800002,55451,1.63588039867,-0.0686206896552,1991MM07,98.7567474048
55452,A4,800002,55452,1.63222591362,-0.0675862068966,1991MM08,98.7020761246
55453,A4,800002,55453,1.62857142857,-0.0665517241379,1991MM09,98.6474048443
55454,A4,800002,55454,1.62491694352,-0.0655172413793,1991MM10,98.592733564
55455,A4,800002,55455,1.62126245847,-0.0644827586207,1991MM11,98.5380622837
55456,A4,800002,55456,1.61760797342,-0.0634482758621,1991MM12,98.4833910035
55458,A4,800002,55458,1.61395348837,-0.0624137931034,1992MM01,98.4287197232
55459,A4,800002,55459,1.61029900332,-0.0613793103448,1992MM02,98.3740484429
55460,A4,800002,55460,1.60664451827,-0.0603448275862,1992MM03,98.3193771626
55461,A4,800002,55461,1.60299003322,-0.0593103448276,1992MM04,98.2647058824
55462,A4,800002,55462,1.59933554817,-0.058275862069,1992MM05,98.2100346021
55463,A4,800002,55463,1.59568106312,-0.0572413793103,1992MM06,98.1553633218
55464,A4,800002,55464,1.59202657807,-0.0562068965517,1992MM07,98.1006920415
55465,A4,800002,55465,1.58837209302,-0.0551724137931,1992MM08,98.0460207612
55466,A4,800002,55466,1.58471760797,-0.0541379310345,1992MM09,97.991349481
55467,A4,800002,55467,1.58106312292,-0.0531034482759,1992MM10,97.9366782007
55468,A4,800002,55468,1.57740863787,-0.0520689655172,1992MM11,97.8820069204
55469,A4,800002,55469,1.57375415282,-0.0510344827586,1992MM12,97.8273356401
55471,A4,800002,55471,1.57009966777,-0.05,1993MM01,97.7726643599
55472,A4,800002,55472,1.56644518272,-0.0489655172414,1993MM02,97.7179930796
55473,A4,800002,55473,1.56279069767,-0.0479310344828,1993MM03,97.6633217993
55474,A4,800002,55474,1.55913621262,-0.0468965517241,1993MM04,97.608650519
55475,A4,800002,55475,1.55548172757,-0.0458620689655,1993MM05,97.5539792388
55476,A4,800002,55476,1.55182724252,-0.0448275862069,1993MM06,97.4993079585
55477,A4,800002,55477,1.54817275748,-0.0437931034483,1993MM07,97.4446366782
55478,A4,800002,55478,1.54451827243,-0.0427586206897,1993MM08,97.3899653979
55479,A4,800002,55479,1.54086378738,-0.041724137931,1993MM09,97.3352941176
55480,A4,800002,55480,1.53720930233,-0.0406896551724,1993MM10,97.2806228374
55481,A4,800002,55481,1.53355481728,-0.0396551724138,1993MM11,97.2259515571
55482,A4,800002,55482,1.52990033223,-0.0386206896552,1993MM12,97.1712802768
55484,A4,800002,55484,1.52624584718,-0.0375862068966,1994MM01,97.1166089965
55485,A4,800002,55485,1.52259136213,-0.0365517241379,1994MM02,97.0619377163
55486,A4,800002,55486,1.51893687708,-0.0355172413793,1994MM03,97.007266436
55487,A4,800002,55487,1.51528239203,-0.0344827586207,1994MM04,96.9525951557
55488,A4,800002,55488,1.51162790698,-0.0334482758621,1994MM05,96.8979238754
55489,A4,800002,55489,1.50797342193,-0.0324137931034,1994MM06,96.8432525952
55490,A4,800002,55490,1.50431893688,-0.0313793103448,1994MM07,96.7885813149
55491,A4,800002,55491,1.50066445183,-0.0303448275862,1994MM08,96.7339100346
55492,A4,800002,55492,1.49700996678,-0.0293103448276,1994MM09,96.6792387543
55493,A4,800002,55493,1.49335548173,-0.028275862069,1994MM10,96.624567474
55494,A4,800002,55494,1.48970099668,-0.0272413793103,1994MM11,96.5698961938
55495,A4,800002,55495,1.48604651163,-0.0262068965517,1994MM12,96.5152249135
55497,A4,800002,55497,1.48239202658,-0.0251724137931,1995MM01,96.4605536332
55498,A4,800002,55498,1.47873754153,-0.0241379310345,1995MM02,96.4058823529
55499,A4,800002,55499,1.47508305648,-0.0231034482759,1995MM03,96.3512110727
55500,A4,800002,55500,1.47142857143,-0.0220689655172,1995MM04,96.2965397924
55501,A4,800002,55501,1.46777408638,-0.0210344827586,1995MM05,96.2418685121
55502,A4,800002,55502,1.46411960133,-0.02,1995MM06,96.1871972318
55503,A4,800002,55503,1.46046511628,-0.0189655172414,1995MM07,96.1325259516
55504,A4,800002,55504,1.45681063123,-0.0179310344828,1995MM08,96.0778546713
55505,A4,800002,55505,1.45315614618,-0.0168965517241,1995MM09,96.023183391
55506,A4,800002,55506,1.44950166113,-0.0158620689655,1995MM10,95.9685121107
55507,A4,800002,55507,1.44584717608,-0.0148275862069,1995MM11,95.9138408304
55508,A4,800002,55508,1.44219269103,-0.0137931034483,1995MM12,95.8591695502
55510,A4,800002,55510,1.43853820598,-0.0127586206897,1996MM01,95.8044982699
55511,A4,800002,55511,1.43488372093,-0.011724137931,1996MM02,95.7498269896
55512,A4,800002,55512,1.43122923588,-0.0106896551724,1996MM03,95.6951557093
55513,A4,800002,55513,1.42757475083,-0.00965517241379,1996MM04,95.6404844291
55514,A4,800002,55514,1.42392026578,-0.00862068965517,1996MM05,95.5858131488
55515,A4,800002,55515,1.42026578073,-0.00758620689655,1996MM06,95.5311418685
55516,A4,800002,55516,1.41661129568,-0.00655172413793,1996MM07,95.4764705882
55517,A4,800002,55517,1.41295681063,-0.00551724137931,1996MM08,95.421799308
55518,A4,800002,55518,1.40930232558,-0.00448275862069,1996MM09,95.3671280277
55519,A4,800002,55519,1.40564784053,-0.00344827586207,1996MM10,95.3124567474
55520,A4,800002,55520,1.40199335548,-0.00241379310345,1996MM11,95.2577854671
55521,A4,800002,55521,1.39833887043,-0.00137931034483,1996MM12,95.2031141869
55523,A4,800002,55523,1.39468438538,-0.000344827586207,1997MM01,95.1484429066
55524,A4,800002,55524,1.39102990033,0.000689655172414,1997MM02,95.0937716263
55525,A4,800002,55525,1.38737541528,0.00172413793103,1997MM03,95.039100346
55526,A4,800002,55526,1.38372093023,0.00275862068966,1997MM04,94.9844290657
55527,A4,800002,55527,1.38006644518,0.00379310344828,1997MM05,94.9297577855
55528,A4,800002,55528,1.37641196013,0.0048275862069,1997MM06,94.8750865052
55529,A4,800002,55529,1.37275747508,0.00586206896552,1997MM07,94.8204152249
55530,A4,800002,55530,1.36910299003,0.00689655172414,1997MM08,94.7657439446
55531,A4,800002,55531,1.36544850498,0.00793103448276,1997MM09,94.7110726644
55532,A4,800002,55532,1.36179401993,0.00896551724138,1997MM10,94.6564013841
55533,A4,800002,55533,1.35813953488,0.01,1997MM11,94.6017301038
55534,A4,800002,55534,1.35448504983,0.0110344827586,1997MM12,94.5470588235
55536,A4,800002,55536,1.35083056478,0.0120689655172,1998MM01,94.4923875433
55537,A4,800002,55537,1.34717607973,0.0131034482759,1998MM02,94.437716263
55538,A4,800002,55538,1.34352159468,0.0141379310345,1998MM03,94.3830449827
55539,A4,800002,55539,1.33986710963,0.0151724137931,1998MM04,94.3283737024
55540,A4,800002,55540,1.33621262458,0.0162068965517,1998MM05,94.2737024221
55541,A4,800002,55541,1.33255813953,0.0172413793103,1998MM06,94.2190311419
55542,A4,800002,55542,1.32890365449,0.018275862069,1998MM07,94.1643598616
55543,A4,800002,55543,1.32524916944,0.0193103448276,1998MM08,94.1096885813
55544,A4,800002,55544,1.32159468439,0.0203448275862,1998MM09,94.055017301
55545,A4,800002,55545,1.31794019934,0.0213793103448,1998MM10,94.0003460208
55546,A4,800002,55546,1.31428571429,0.0224137931034,1998MM11,93.9456747405
55547,A4,800002,55547,1.31063122924,0.0234482758621,1998MM12,93.8910034602
55549,A4,800002,55549,1.30697674419,0.0244827586207,1999MM01,93.8363321799
55550,A4,800002,55550,1.30332225914,0.0255172413793,1999MM02,93.7816608997
55551,A4,800002,55551,1.29966777409,0.0265517241379,1999MM03,93.7269896194
55552,A4,800002,55552,1.29601328904,0.0275862068966,1999MM04,93.6723183391
55553,A4,800002,55553,1.29235880399,0.0286206896552,1999MM05,93.6176470588
55554,A4,800002,55554,1.28870431894,0.0296551724138,1999MM06,93.5629757785
55555,A4,800002,55555,1.28504983389,0.0306896551724,1999MM07,93.5083044983
55556,A4,800002,55556,1.28139534884,0.031724137931,1999MM08,93.453633218
55557,A4,800002,55557,1.27774086379,0.0327586206897,1999MM09,93.3989619377
55558,A4,800002,55558,1.27408637874,0.0337931034483,1999MM10,93.3442906574
55559,A4,800002,55559,1.27043189369,0.0348275862069,1999MM11,93.2896193772
55560,A4,800002,55560,1.26677740864,0.0358620689655,1999MM12,93.2349480969
55562,A4,800002,55562,1.26312292359,0.0368965517241,2000MM01,93.1802768166
55563,A4,800002,55563,1.25946843854,0.0379310344828,2000MM02,93.1256055363
55564,A4,800002,55564,1.25581395349,0.0389655172414,2000MM03,93.0709342561
55565,A4,800002,55565,1.25215946844,0.04,2000MM04,93.0162629758
55566,A4,800002,55566,1.24850498339,0.0410344827586,2000MM05,92.9615916955
55567,A4,800002,55567,1.24485049834,0.0420689655172,2000MM06,92.9069204152
55568,A4,800002,55568,1.24119601329,0.0431034482759,2000MM07,92.8522491349
55569,A4,800002,55569,1.23754152824,0.0441379310345,2000MM08,92.7975778547
55570,A4,800002,55570,1.23388704319,0.0451724137931,2000MM09,92.7429065744
55571,A4,800002,55571,1.23023255814,0.0462068965517,2000MM10,92.6882352941
55572,A4,800002,55572,1.22657807309,0.0472413793103,2000MM11,92.6335640138
55573,A4,800002,55573,1.22292358804,0.048275862069,2000MM12,92.5788927336
55575,A4,800002,55575,1.21926910299,0.0493103448276,2001MM01,92.5242214533
55576,A4,800002,55576,1.21561461794,0.0503448275862,2001MM02,92.469550173
55577,A4,800002,55577,1.21196013289,0.0513793103448,2001MM03,92.4148788927
55578,A4,800002,55578,1.20830564784,0.0524137931034,2001MM04,92.3602076125
55579,A4,800002,55579,1.20465116279,0.0534482758621,2001MM05,92.3055363322
55580,A4,800002,55580,1.20099667774,0.0544827586207,2001MM06,92.2508650519
55581,A4,800002,55581,1.19734219269,0.0555172413793,2001MM07,92.1961937716
55582,A4,800002,55582,1.19368770764,0.0565517241379,2001MM08,92.1415224913
55583,A4,800002,55583,1.19003322259,0.0575862068966,2001MM09,92.0868512111
55584,A4,800002,55584,1.18637873754,0.0586206896552,2001MM10,92.0321799308
55585,A4,800002,55585,1.18272425249,0.0596551724138,2001MM11,91.9775086505
55586,A4,800002,55586,1.17906976744,0.0606896551724,2001MM12,91.9228373702
55588,A4,800002,55588,1.17541528239,0.061724137931,2002MM01,91.86816609
55589,A4,800002,55589,1.17176079734,0.0627586206897,2002MM02,91.8134948097
55590,A4,800002,55590,1.16810631229,0.0637931034483,2002MM03,91.7588235294
55591,A4,800002,55591,1.16445182724,0.0648275862069,2002MM04,91.7041522491
55592,A4,800002,55592,1.16079734219,0.0658620689655,2002MM05,91.6494809689
55593,A4,800002,55593,1.15714285714,0.0668965517241,2002MM06,91.5948096886
55594,A4,800002,55594,1.15348837209,0.0679310344828,2002MM07,91.5401384083
55595,A4,800002,55595,1.14983388704,0.0689655172414,2002MM08,91.485467128
55596,A4,800002,55596,1.14617940199,0.07,2002MM09,91.4307958478
55597,A4,800002,55597,1.14252491694,0.0710344827586,2002MM10,91.3761245675
55598,A4,800002,55598,1.13887043189,0.0720689655172,2002MM11,91.3214532872
55599,A4,800002,55599,1.13521594684,0.0731034482759,2002MM12,91.2667820069
55601,A4,800002,55601,1.13156146179,0.0741379310345,2003MM01,91.2121107266
55602,A4,800002,55602,1.12790697674,0.0751724137931,2003MM02,91.1574394464
55603,A4,800002,55603,1.12425249169,0.0762068965517,2003MM03,91.1027681661
55604,A4,800002,55604,1.12059800664,0.0772413793103,2003MM04,91.0480968858
55605,A4,800002,55605,1.11694352159,0.078275862069,2003MM05,90.9934256055
55606,A4,800002,55606,1.11328903654,0.0793103448276,2003MM06,90.9387543253
55607,A4,800002,55607,1.1096345515,0.0803448275862,2003MM07,90.884083045
55608,A4,800002,55608,1.10598006645,0.0813793103448,2003MM08,90.8294117647
55609,A4,800002,55609,1.1023255814,0.0824137931034,2003MM09,90.7747404844
55610,A4,800002,55610,1.09867109635,0.0834482758621,2003MM10,90.7200692042
55611,A4,800002,55611,1.0950166113,0.0844827586207,2003MM11,90.6653979239
55612,A4,800002,55612,1.09136212625,0.0855172413793,2003MM12,90.6107266436
55614,A4,800002,55614,1.0877076412,0.0865517241379,2004MM01,90.5560553633
55615,A4,800002,55615,1.08405315615,0.0875862068966,2004MM02,90.501384083
55616,A4,800002,55616,1.0803986711,0.0886206896552,2004MM03,90.4467128028
55617,A4,800002,55617,1.07674418605,0.0896551724138,2004MM04,90.3920415225
55618,A4,800002,55618,1.073089701,0.0906896551724,2004MM05,90.3373702422
55619,A4,800002,55619,1.06943521595,0.091724137931,2004MM06,90.2826989619
55620,A4,800002,55620,1.0657807309,0.0927586206897,2004MM07,90.2280276817
55621,A4,800002,55621,1.06212624585,0.0937931034483,2004MM08,90.1733564014
55622,A4,800002,55622,1.0584717608,0.0948275862069,2004MM09,90.1186851211
55623,A4,800002,55623,1.05481727575,0.0958620689655,2004MM10,90.0640138408
55624,A4,800002,55624,1.0511627907,0.0968965517241,2004MM11,90.0093425606
55625,A4,800002,55625,1.04750830565,0.0979310344828,2004MM12,89.9546712803
55627,A4,800002,55627,1.0438538206,0.0989655172414,2005MM01,89.9
55628,A4,800002,55628,1.04019933555,0.1,2005MM02,90.0
55629,A4,800002,55629,1.0365448505,0.1,2005MM03,90.1
55630,A4,800002,55630,1.03289036545,-0.2,2005MM04,89.8
55631,A4,800002,55631,1.0292358804,0.0,2005MM05,89.8
55632,A4,800002,55632,1.02558139535,0.1,2005MM06,89.9
55633,A4,800002,55633,1.0219269103,-0.1,2005MM07,89.9
55634,A4,800002,55634,1.01827242525,0.1,2005MM08,89.9
55635,A4,800002,55635,1.0146179402,-0.2,2005MM09,89.7
55636,A4,800002,55636,1.01096345515,0.0,2005MM10,89.7
55637,A4,800002,55637,1.0073089701,0.0,2005MM11,89.8
55638,A4,800002,55638,1.00365448505,0.2,2005MM12,89.9
55640,A4,800002,55640,1.0,1.0,2006MM01,90.8
55641,A4,800002,55641,0.8,-0.1,2006MM02,90.7
55642,A4,800002,55642,0.8,0.1,2006MM03,90.8
55643,A4,800002,55643,1.4,0.3,2006MM04,91.1
55644,A4,800002,55644,1.5,0.1,2006MM05,91.2
55645,A4,800002,55645,1.5,0.1,2006MM06,91.3
55646,A4,800002,55646,3.3,1.8,2006MM07,92.9
55647,A4,800002,55647,3.5,0.2,2006MM08,93.0
55648,A4,800002,55648,3.8,0.2,2006MM09,93.2
55649,A4,800002,55649,4.6,0.8,2006MM10,93.9
55650,A4,800002,55650,4.7,0.2,2006MM11,94.0
55651,A4,800002,55651,4.6,0.0,2006MM12,94.1
55653,A4,800002,55653,5.5,1.8,2007MM01,95.8
55654,A4,800002,55654,5.5,0.0,2007MM02,95.7
55655,A4,800002,55655,5.4,0.0,2007MM03,95.7
55656,A4,800002,55656,6.1,1.0,2007MM04,96.7
55657,A4,800002,55657,6.1,0.0,2007MM05,96.7
55658,A4,800002,55658,5.9,0.0,2007MM06,96.7
55659,A4,800002,55659,4.6,0.5,2007MM07,97.2
55660,A4,800002,55660,4.4,0.0,2007MM08,97.2
55661,A4,800002,55661,4.5,0.2,2007MM09,97.4
55662,A4,800002,55662,4.7,0.9,2007MM10,98.3
55663,A4,800002,55663,4.4,-0.1,2007MM11,98.2
55664,A4,800002,55664,4.3,0.0,2007MM12,98.2
55666,A4,800002,55666,3.7,1.2,2008MM01,99.4
55667,A4,800002,55667,3.9,0.1,2008MM02,99.4
55668,A4,800002,55668,4.1,0.2,2008MM03,99.6
55669,A4,800002,55669,3.6,0.6,2008MM04,100.2
55670,A4,800002,55670,3.6,0.0,2008MM05,100.2
55671,A4,800002,55671,3.7,0.1,2008MM06,100.3
55672,A4,800002,55672,5.0,1.8,2008MM07,102.1
55673,A4,800002,55673,5.4,0.4,2008MM08,102.4
55674,A4,800002,55674,5.1,-0.1,2008MM09,102.3
55675,A4,800002,55675,3.9,-0.2,2008MM10,102.1
55676,A4,800002,55676,3.7,-0.2,2008MM11,101.8
55677,A4,800002,55677,3.6,-0.1,2008MM12,101.7
55679,A4,800002,55679,1.1,-1.3,2009MM01,100.5
55680,A4,800002,55680,0.8,-0.2,2009MM02,100.2
55681,A4,800002,55681,0.5,-0.2,2009MM03,100.0
55682,A4,800002,55682,-1.6,-1.5,2009MM04,98.6
55683,A4,800002,55683,-1.8,-0.1,2009MM05,98.5
55684,A4,800002,55684,-1.9,0.0,2009MM06,98.4
55685,A4,800002,55685,-4.0,-0.4,2009MM07,98.0
55686,A4,800002,55686,-4.2,0.2,2009MM08,98.2
55687,A4,800002,55687,-4.0,0.1,2009MM09,98.2
55688,A4,800002,55688,-3.7,0.1,2009MM10,98.3
55689,A4,800002,55689,-3.6,-0.1,2009MM11,98.2
55690,A4,800002,55690,-3.5,0.0,2009MM12,98.2
55692,A4,800002,55692,-2.1,0.1,2010MM01,98.3
55693,A4,800002,55693,-1.9,-0.1,2010MM02,98.3
55694,A4,800002,55694,-1.6,0.1,2010MM03,98.4
55695,A4,800002,55695,1.2,1.4,2010MM04,99.8
55696,A4,800002,55696,1.5,0.2,2010MM05,99.9
55697,A4,800002,55697,1.6,0.1,2010MM06,100.0
55698,A4,800002,55698,2.8,0.7,2010MM07,100.7
55699,A4,800002,55699,2.7,0.1,2010MM08,100.8
55700,A4,800002,55700,2.7,0.1,2010MM09,100.9
55701,A4,800002,55701,2.6,0.0,2010MM10,100.9
55702,A4,800002,55702,2.8,0.0,2010MM11,100.9
55703,A4,800002,55703,2.9,0.2,2010MM12,101.1
55705,A4,800002,55705,4.1,1.2,2011MM01,102.3
55706,A4,800002,55706,4.3,0.2,2011MM02,102.6
55707,A4,800002,55707,4.2,0.0,2011MM03,102.5
55708,A4,800002,55708,3.5,0.7,2011MM04,103.3
55709,A4,800002,55709,3.5,0.1,2011MM05,103.4
55710,A4,800002,55710,3.4,0.0,2011MM06,103.4
55711,A4,800002,55711,2.8,0.2,2011MM07,103.6
55712,A4,800002,55712,2.7,-0.1,2011MM08,103.5
55713,A4,800002,55713,2.6,0.0,2011MM09,103.5
55714,A4,800002,55714,2.6,0.0,2011MM10,103.5
55715,A4,800002,55715,2.5,-0.1,2011MM11,103.4
55716,A4,800002,55716,2.2,-0.1,2011MM12,103.3
55718,A4,800002,55718,1.1,0.1,2012MM01,103.4
55719,A4,800002,55719,1.0,0.1,2012MM02,103.6
55720,A4,800002,55720,1.0,0.0,2012MM03,103.5
55721,A4,800002,55721,0.3,0.0,2012MM04,103.5
55722,A4,800002,55722,0.2,0.0,2012MM05,103.6
55723,A4,800002,55723,0.1,0.0,2012MM06,103.5
55724,A4,800002,55724,0.0,0.1,2012MM07,103.6
55725,A4,800002,55725,0.1,0.0,2012MM08,103.6
55726,A4,800002,55726,0.2,0.1,2012MM09,103.7
55727,A4,800002,55727,0.2,0.0,2012MM10,103.7
55728,A4,800002,55728,0.2,0.0,2012MM11,103.6
55729,A4,800002,55729,0.2,0.0,2012MM12,103.6
55731,A4,800002,55731,0.4,0.2,2013MM01,103.8
55732,A4,800002,55732,0.3,0.0,2013MM02,103.9
55733,A4,800002,55733,0.3,0.0,2013MM03,103.8
55734,A4,800002,55734,0.0,-0.3,2013MM04,103.5
55735,A4,800002,55735,-0.2,-0.2,2013MM05,103.3
55736,A4,800002,55736,-0.2,-0.1,2013MM06,103.3
55737,A4,800002,55737,-0.6,-0.3,2013MM07,103.0
55738,A4,800002,55738,-0.5,0.1,2013MM08,103.1
55739,A4,800002,55739,-0.6,-0.1,2013MM09,103.0
55740,A4,800002,55740,-0.5,0.1,2013MM10,103.1
55741,A4,800002,55741,-0.4,0.0,2013MM11,103.2
55742,A4,800002,55742,-0.3,0.1,2013MM12,103.2
55744,A4,800002,55744,-0.3,0.3,2014MM01,103.5
55745,A4,800002,55745,-0.4,-0.1,2014MM02,103.4
55746,A4,800002,55746,-0.5,-0.1,2014MM03,103.3
55747,A4,800002,55747,-0.2,0.0,2014MM04,103.3
55748,A4,800002,55748,-0.1,0.0,2014MM05,103.2
55749,A4,800002,55749,0.0,0.0,2014MM06,103.3
55750,A4,800002,55750,0.3,0.0,2014MM07,103.3
55751,A4,800002,55751,0.2,0.0,2014MM08,103.3
55752,A4,800002,55752,0.2,-0.1,2014MM09,103.2
55753,A4,800002,55753,0.3,0.2,2014MM10,103.5
55754,A4,800002,55754,0.3,0.0,2014MM11,103.4
55755,A4,800002,55755,0.2,0.0,2014MM12,103.4
55757,A4,800002,55757,0.3,0.4,2015MM01,103.8
55758,A4,800002,55758,0.3,0.0,2015MM02,103.7
55759,A4,800002,55759,0.4,0.0,2015MM03,103.7
55760,A4,800002,55760,1.0,0.5,2015MM04,104.3
55761,A4,800002,55761,1.1,0.0,2015MM05,104.3
55762,A4,800002,55762,1.0,-0.1,2015MM06,104.3
55763,A4,800002,55763,0.8,-0.1,2015MM07,104.1
55764,A4,800002,55764,0.5,-0.2,2015MM08,103.9
55765,A4,800002,55765,0.6,-0.1,2015MM09,103.8
55766,A4,800002,55766,0.3,-0.1,2015MM10,103.8
55767,A4,800002,55767,0.2,-0.2,2015MM11,103.6
55768,A4,800002,55768,-0.2,-0.4,2015MM12,103.2
55770,A4,800002,55770,0.0,0.5,2016MM01,103.7
55771,A4,800002,55771,-0.2,-0.1,2016MM02,103.6
55772,A4,800002,55772,-0.2,-0.1,2016MM03,103.5
55773,A4,800002,55773,-0.3,0.5,2016MM04,104.0
55774,A4,800002,55774,-0.2,0.1,2016MM05,104.1
55775,A4,800002,55775,0.2,0.3,2016MM06,104.4
55776,A4,800002,55776,1.0,0.7,2016MM07,105.1
55777,A4,800002,55777,1.4,0.2,2016MM08,105.4
55778,A4,800002,55778,1.6,0.1,2016MM09,105.4
55779,A4,800002,55779,1.4,-0.1,2016MM10,105.3
55780,A4,800002,55780,2.0,0.4,2016MM11,105.7
55781,A4,800002,55781,2.6,0.2,2016MM12,105.9
55783,A4,800002,55783,3.4,1.2,2017MM01,107.2
55784,A4,800002,55784,3.9,0.4,2017MM02,107.7
55785,A4,800002,55785,4.0,0.0,2017MM03,107.7
55786,A4,800002,55786,3.7,0.2,2017MM04,107.9
55787,A4,800002,55787,3.7,0.1,2017MM05,108.0
55788,A4,800002,55788,3.5,0.2,2017MM06,108.1
55789,A4,800002,55789,3.3,0.4,2017MM07,108.6
55790,A4,800002,55790,3.3,0.2,2017MM08,108.8
55791,A4,800002,55791,3.4,0.2,2017MM09,109.0
55792,A4,800002,55792,3.6,0.1,2017MM10,109.1
55793,A4,800002,55793,3.4,0.1,2017MM11,109.3
55794,A4,800002,55794,3.2,0.1,2017MM12,109.3
