,Afzet,BedrijfstakkenBranchesSBI2008,ID,OntwikkelingTOV1JaarEerder_2,OntwikkelingTOV1MaandEerder_3,Perioden,ProducentenprijsindexPPI_1
23400,A6,800002,23400,,,2005MM01,91.8
23401,A6,800002,23401,,0.3,2005MM02,92.0
23402,A6,800002,23402,,0.0,2005MM03,92.1
23403,A6,800002,23403,,0.0,2005MM04,92.1
23404,A6,800002,23404,,0.2,2005MM05,92.2
23405,A6,800002,23405,,0.2,2005MM06,92.4
23406,A6,800002,23406,,-0.2,2005MM07,92.2
23407,A6,800002,23407,,-0.2,2005MM08,92.1
23408,A6,800002,23408,,0.0,2005MM09,92.1
23409,A6,800002,23409,,0.4,2005MM10,92.4
23410,A6,800002,23410,,0.2,2005MM11,92.6
23411,A6,800002,23411,,0.1,2005MM12,92.7
23413,A6,800002,23413,1.6,0.6,2006MM01,93.3
23414,A6,800002,23414,1.5,0.1,2006MM02,93.4
23415,A6,800002,23415,1.6,0.1,2006MM03,93.5
23416,A6,800002,23416,2.3,0.7,2006MM04,94.2
23417,A6,800002,23417,2.1,0.0,2006MM05,94.2
23418,A6,800002,23418,2.2,0.3,2006MM06,94.4
23419,A6,800002,23419,3.7,1.3,2006MM07,95.6
23420,A6,800002,23420,4.0,0.2,2006MM08,95.8
23421,A6,800002,23421,4.1,0.1,2006MM09,95.9
23422,A6,800002,23422,4.5,0.7,2006MM10,96.6
23423,A6,800002,23423,4.1,-0.2,2006MM11,96.4
23424,A6,800002,23424,3.7,-0.2,2006MM12,96.2
23426,A6,800002,23426,4.4,1.2,2007MM01,97.4
23427,A6,800002,23427,3.9,-0.3,2007MM02,97.1
23428,A6,800002,23428,3.8,0.0,2007MM03,97.1
23429,A6,800002,23429,4.1,0.9,2007MM04,98.0
23430,A6,800002,23430,4.3,0.3,2007MM05,98.3
23431,A6,800002,23431,4.0,0.0,2007MM06,98.2
23432,A6,800002,23432,2.8,0.1,2007MM07,98.3
23433,A6,800002,23433,2.6,-0.1,2007MM08,98.2
23434,A6,800002,23434,2.4,-0.1,2007MM09,98.1
23435,A6,800002,23435,1.9,0.3,2007MM10,98.4
23436,A6,800002,23436,1.6,-0.4,2007MM11,98.0
23437,A6,800002,23437,1.9,0.0,2007MM12,98.0
23439,A6,800002,23439,0.9,0.2,2008MM01,98.2
23440,A6,800002,23440,1.5,0.3,2008MM02,98.5
23441,A6,800002,23441,1.4,0.0,2008MM03,98.5
23442,A6,800002,23442,1.4,0.9,2008MM04,99.3
23443,A6,800002,23443,2.0,0.9,2008MM05,100.2
23444,A6,800002,23444,2.7,0.7,2008MM06,100.8
23445,A6,800002,23445,4.2,1.6,2008MM07,102.4
23446,A6,800002,23446,5.0,0.7,2008MM08,103.2
23447,A6,800002,23447,4.9,-0.2,2008MM09,102.9
23448,A6,800002,23448,4.4,-0.2,2008MM10,102.7
23449,A6,800002,23449,3.8,-1.0,2008MM11,101.7
23450,A6,800002,23450,2.2,-1.6,2008MM12,100.1
23452,A6,800002,23452,1.4,-0.5,2009MM01,99.6
23453,A6,800002,23453,0.7,-0.4,2009MM02,99.2
23454,A6,800002,23454,0.4,-0.3,2009MM03,98.9
23455,A6,800002,23455,-1.5,-1.1,2009MM04,97.9
23456,A6,800002,23456,-2.7,-0.4,2009MM05,97.5
23457,A6,800002,23457,-3.4,-0.1,2009MM06,97.4
23458,A6,800002,23458,-5.3,-0.4,2009MM07,97.0
23459,A6,800002,23459,-5.9,0.0,2009MM08,97.0
23460,A6,800002,23460,-5.7,0.0,2009MM09,97.0
23461,A6,800002,23461,-5.4,0.1,2009MM10,97.1
23462,A6,800002,23462,-4.7,-0.2,2009MM11,97.0
23463,A6,800002,23463,-2.9,0.2,2009MM12,97.2
23465,A6,800002,23465,-2.1,0.3,2010MM01,97.4
23466,A6,800002,23466,-1.5,0.3,2010MM02,97.7
23467,A6,800002,23467,-0.8,0.4,2010MM03,98.1
23468,A6,800002,23468,2.0,1.7,2010MM04,99.8
23469,A6,800002,23469,3.4,1.1,2010MM05,100.8
23470,A6,800002,23470,3.8,0.2,2010MM06,101.1
23471,A6,800002,23471,3.9,-0.3,2010MM07,100.7
23472,A6,800002,23472,3.9,0.1,2010MM08,100.8
23473,A6,800002,23473,4.0,0.1,2010MM09,100.9
23474,A6,800002,23474,3.6,-0.3,2010MM10,100.6
23475,A6,800002,23475,4.0,0.2,2010MM11,100.8
23476,A6,800002,23476,4.0,0.3,2010MM12,101.1
23478,A6,800002,23478,4.8,1.1,2011MM01,102.1
23479,A6,800002,23479,4.9,0.4,2011MM02,102.5
23480,A6,800002,23480,4.8,0.3,2011MM03,102.8
23481,A6,800002,23481,3.4,0.3,2011MM04,103.2
23482,A6,800002,23482,2.4,0.1,2011MM05,103.3
23483,A6,800002,23483,2.0,-0.1,2011MM06,103.1
23484,A6,800002,23484,2.5,0.1,2011MM07,103.2
23485,A6,800002,23485,2.3,-0.1,2011MM08,103.2
23486,A6,800002,23486,2.2,-0.1,2011MM09,103.1
23487,A6,800002,23487,2.3,-0.1,2011MM10,103.0
23488,A6,800002,23488,2.0,-0.1,2011MM11,102.8
23489,A6,800002,23489,1.6,-0.2,2011MM12,102.7
23491,A6,800002,23491,1.0,0.5,2012MM01,103.2
23492,A6,800002,23492,0.7,0.1,2012MM02,103.3
23493,A6,800002,23493,0.4,0.0,2012MM03,103.2
23494,A6,800002,23494,0.0,-0.1,2012MM04,103.1
23495,A6,800002,23495,-0.3,-0.1,2012MM05,103.0
23496,A6,800002,23496,-0.3,-0.1,2012MM06,102.9
23497,A6,800002,23497,-0.3,0.1,2012MM07,103.0
23498,A6,800002,23498,-0.5,-0.3,2012MM08,102.7
23499,A6,800002,23499,-0.4,0.0,2012MM09,102.7
23500,A6,800002,23500,-0.4,-0.1,2012MM10,102.5
23501,A6,800002,23501,-0.3,-0.1,2012MM11,102.5
23502,A6,800002,23502,-0.1,0.1,2012MM12,102.6
23504,A6,800002,23504,0.8,1.3,2013MM01,104.0
23505,A6,800002,23505,0.8,0.1,2013MM02,104.1
23506,A6,800002,23506,0.8,0.0,2013MM03,104.1
23507,A6,800002,23507,0.6,-0.4,2013MM04,103.7
23508,A6,800002,23508,0.5,-0.2,2013MM05,103.5
23509,A6,800002,23509,0.4,-0.2,2013MM06,103.3
23510,A6,800002,23510,0.0,-0.3,2013MM07,103.0
23511,A6,800002,23511,0.4,0.0,2013MM08,103.0
23512,A6,800002,23512,0.4,0.0,2013MM09,103.1
23513,A6,800002,23513,0.5,0.0,2013MM10,103.1
23514,A6,800002,23514,0.5,0.0,2013MM11,103.0
23515,A6,800002,23515,0.4,0.0,2013MM12,103.0
23517,A6,800002,23517,-1.0,-0.1,2014MM01,102.9
23518,A6,800002,23518,-1.2,-0.1,2014MM02,102.8
23519,A6,800002,23519,-1.3,-0.1,2014MM03,102.7
23520,A6,800002,23520,-0.9,0.0,2014MM04,102.8
23521,A6,800002,23521,-0.7,0.0,2014MM05,102.8
23522,A6,800002,23522,-0.4,0.1,2014MM06,102.9
23523,A6,800002,23523,-0.2,-0.1,2014MM07,102.8
23524,A6,800002,23524,-0.2,0.0,2014MM08,102.8
23525,A6,800002,23525,-0.1,0.1,2014MM09,103.0
23526,A6,800002,23526,0.1,0.1,2014MM10,103.1
23527,A6,800002,23527,0.1,0.0,2014MM11,103.1
23528,A6,800002,23528,0.1,0.0,2014MM12,103.1
23530,A6,800002,23530,0.4,0.3,2015MM01,103.4
23531,A6,800002,23531,0.6,0.0,2015MM02,103.4
23532,A6,800002,23532,0.9,0.2,2015MM03,103.6
23533,A6,800002,23533,2.2,1.3,2015MM04,105.0
23534,A6,800002,23534,2.1,-0.1,2015MM05,104.9
23535,A6,800002,23535,1.8,-0.2,2015MM06,104.8
23536,A6,800002,23536,1.9,0.0,2015MM07,104.7
23537,A6,800002,23537,1.6,-0.2,2015MM08,104.5
23538,A6,800002,23538,1.4,-0.1,2015MM09,104.4
23539,A6,800002,23539,0.7,-0.5,2015MM10,103.9
23540,A6,800002,23540,0.7,-0.1,2015MM11,103.9
23541,A6,800002,23541,0.3,-0.5,2015MM12,103.4
23543,A6,800002,23543,0.0,0.0,2016MM01,103.4
23544,A6,800002,23544,-0.2,-0.2,2016MM02,103.2
23545,A6,800002,23545,-0.6,-0.1,2016MM03,103.1
23546,A6,800002,23546,-1.6,0.2,2016MM04,103.3
23547,A6,800002,23547,-1.3,0.2,2016MM05,103.5
23548,A6,800002,23548,-0.9,0.3,2016MM06,103.8
23549,A6,800002,23549,-0.5,0.4,2016MM07,104.2
23550,A6,800002,23550,-0.1,0.2,2016MM08,104.5
23551,A6,800002,23551,0.1,0.0,2016MM09,104.5
23552,A6,800002,23552,-1.0,-1.5,2016MM10,102.9
23553,A6,800002,23553,-0.6,0.3,2016MM11,103.2
23554,A6,800002,23554,0.2,0.4,2016MM12,103.6
23556,A6,800002,23556,1.0,0.8,2017MM01,104.4
23557,A6,800002,23557,1.7,0.6,2017MM02,105.0
23558,A6,800002,23558,2.2,0.3,2017MM03,105.3
23559,A6,800002,23559,2.0,0.0,2017MM04,105.4
23560,A6,800002,23560,1.7,-0.1,2017MM05,105.3
23561,A6,800002,23561,1.4,0.0,2017MM06,105.3
23562,A6,800002,23562,1.0,0.0,2017MM07,105.3
23563,A6,800002,23563,0.9,0.2,2017MM08,105.4
23564,A6,800002,23564,1.1,0.2,2017MM09,105.6
23565,A6,800002,23565,2.7,0.1,2017MM10,105.7
23566,A6,800002,23566,2.6,0.2,2017MM11,105.9
23567,A6,800002,23567,2.1,-0.2,2017MM12,105.7
